                                                        [38;2;222;82;57m██[38;2;222;82;57m██[38;2;222;82;57m██[38;2;222;82;57m██[38;2;222;82;57m██              
                                                    [38;2;139;41;0m██[38;2;222;82;57m██[38;2;255;148;65m██[38;2;255;148;65m██[38;2;255;148;65m██[38;2;255;148;65m██[38;2;255;148;65m██[38;2;222;82;57m██[38;2;222;82;57m██          
                                                  [38;2;139;41;0m██[38;2;222;82;57m██[38;2;255;148;65m██[38;2;255;148;65m██[38;2;255;148;65m██[38;2;255;148;65m██[38;2;255;148;65m██[38;2;255;148;65m██[38;2;255;148;65m██[38;2;255;148;65m██[38;2;222;82;57m██        
                                                [38;2;139;41;0m██[38;2;222;82;57m██[38;2;255;148;65m██[38;2;255;148;65m██[38;2;255;148;65m██[38;2;255;148;65m██[38;2;255;148;65m██[38;2;255;148;65m██[38;2;255;148;65m██[38;2;255;148;65m██[38;2;255;148;65m██[38;2;255;148;65m██[38;2;222;82;57m██      
                                                [38;2;139;41;0m██[38;2;222;82;57m██[38;2;255;148;65m██[38;2;255;148;65m██[38;2;255;148;65m██[38;2;255;148;65m██[38;2;255;148;65m██[38;2;255;148;65m██[38;2;255;148;65m██[38;2;255;148;65m██[38;2;255;148;65m██[38;2;255;148;65m██[38;2;222;82;57m██      
                                              [38;2;139;41;0m██[38;2;222;82;57m██[38;2;222;82;57m██[38;2;222;82;57m██[38;2;255;148;65m██[38;2;255;148;65m██[38;2;255;148;65m██[38;2;255;148;65m██[38;2;255;148;65m██[38;2;255;148;65m██[38;2;222;82;57m██[38;2;222;82;57m██[38;2;222;82;57m██[38;2;255;148;65m██[38;2;139;41;0m██    
              [38;2;230;57;0m██                              [38;2;139;41;0m██[38;2;222;82;57m██[38;2;222;82;57m██[38;2;222;82;57m██[38;2;222;82;57m██[38;2;222;82;57m██[38;2;222;82;57m██[38;2;222;82;57m██[38;2;222;82;57m██[38;2;222;82;57m██[38;2;222;82;57m██[38;2;222;82;57m██[38;2;222;82;57m██[38;2;16;16;16m██[38;2;139;41;0m██    
        [38;2;230;57;0m██    [38;2;230;57;0m██[38;2;230;57;0m██                            [38;2;139;41;0m██[38;2;222;82;57m██[38;2;222;82;57m██[38;2;222;82;57m██[38;2;222;82;57m██[38;2;222;82;57m██[38;2;222;82;57m██[38;2;222;82;57m██[38;2;222;82;57m██[38;2;222;82;57m██[38;2;222;82;57m██[38;2;222;82;57m██[38;2;139;41;0m██[38;2;255;255;255m██[38;2;139;41;0m██    
        [38;2;230;57;0m██[38;2;230;57;0m██  [38;2;230;57;0m██[38;2;230;57;0m██                          [38;2;139;41;0m██[38;2;222;82;57m██[38;2;222;82;57m██[38;2;222;82;57m██[38;2;222;82;57m██[38;2;222;82;57m██[38;2;222;82;57m██[38;2;222;82;57m██[38;2;222;82;57m██[38;2;222;82;57m██[38;2;222;82;57m██[38;2;222;82;57m██[38;2;222;82;57m██[38;2;139;41;0m██[38;2;49;172;238m██[38;2;139;41;0m██    
      [38;2;230;57;0m██[38;2;230;57;0m██  [38;2;230;57;0m██[38;2;230;57;0m██[38;2;230;57;0m██                          [38;2;16;16;16m██[38;2;222;82;57m██[38;2;222;82;57m██[38;2;222;82;57m██[38;2;222;82;57m██[38;2;222;82;57m██[38;2;222;82;57m██[38;2;222;82;57m██[38;2;222;82;57m██[38;2;222;82;57m██[38;2;222;82;57m██[38;2;222;82;57m██[38;2;222;82;57m██[38;2;139;41;0m██[38;2;8;57;139m██[38;2;255;148;65m██[38;2;139;41;0m██  
      [38;2;230;57;0m██[38;2;230;57;0m██[38;2;230;57;0m██[38;2;230;57;0m██[38;2;246;164;0m██[38;2;230;57;0m██[38;2;230;57;0m██                        [38;2;16;16;16m██[38;2;222;82;57m██[38;2;222;82;57m██[38;2;222;82;57m██[38;2;222;82;57m██[38;2;222;82;57m██[38;2;222;82;57m██[38;2;222;82;57m██[38;2;222;82;57m██[38;2;222;82;57m██[38;2;222;82;57m██[38;2;222;82;57m██[38;2;222;82;57m██[38;2;222;82;57m██[38;2;16;16;16m██[38;2;255;148;65m██[38;2;139;41;0m██  
      [38;2;230;57;0m██[38;2;246;164;0m██[38;2;230;57;0m██[38;2;230;57;0m██[38;2;255;213;8m██[38;2;246;164;0m██[38;2;230;57;0m██                        [38;2;16;16;16m██[38;2;222;82;57m██[38;2;222;82;57m██[38;2;222;82;57m██[38;2;222;82;57m██[38;2;222;82;57m██[38;2;222;82;57m██[38;2;222;82;57m██[38;2;222;82;57m██[38;2;222;82;57m██[38;2;222;82;57m██[38;2;222;82;57m██[38;2;222;82;57m██[38;2;222;82;57m██[38;2;222;82;57m██[38;2;222;82;57m██[38;2;255;148;65m██[38;2;139;41;0m██
        [38;2;246;164;0m██[38;2;246;164;0m██[38;2;246;164;0m██[38;2;255;213;8m██[38;2;255;213;8m██[38;2;230;57;0m██                        [38;2;16;16;16m██[38;2;222;82;57m██[38;2;222;82;57m██[38;2;222;82;57m██[38;2;222;82;57m██[38;2;222;82;57m██[38;2;222;82;57m██[38;2;222;82;57m██[38;2;222;82;57m██[38;2;222;82;57m██[38;2;222;82;57m██[38;2;222;82;57m██[38;2;222;82;57m██[38;2;222;82;57m██[38;2;222;82;57m██[38;2;222;82;57m██[38;2;255;148;65m██[38;2;16;16;16m██
      [38;2;230;57;0m██[38;2;246;164;0m██[38;2;246;164;0m██[38;2;255;213;8m██[38;2;255;213;8m██[38;2;255;213;8m██[38;2;246;164;0m██[38;2;230;57;0m██                        [38;2;139;41;0m██[38;2;222;82;57m██[38;2;222;82;57m██[38;2;222;82;57m██[38;2;222;82;57m██[38;2;222;82;57m██[38;2;222;82;57m██[38;2;222;82;57m██[38;2;222;82;57m██[38;2;222;82;57m██[38;2;222;82;57m██[38;2;139;41;0m██[38;2;222;82;57m██[38;2;222;82;57m██[38;2;222;82;57m██[38;2;222;82;57m██[38;2;139;41;0m██
      [38;2;230;57;0m██[38;2;255;213;8m██[38;2;255;213;8m██[38;2;255;213;8m██[38;2;255;213;8m██[38;2;255;213;8m██[38;2;246;164;0m██[38;2;230;57;0m██                        [38;2;16;16;16m██[38;2;222;82;57m██[38;2;222;82;57m██[38;2;222;82;57m██[38;2;222;82;57m██[38;2;222;82;57m██[38;2;222;82;57m██[38;2;222;82;57m██[38;2;222;82;57m██[38;2;222;82;57m██[38;2;222;82;57m██[38;2;16;16;16m██[38;2;16;16;16m██[38;2;255;255;255m██[38;2;222;82;57m██[38;2;222;82;57m██[38;2;139;41;0m██
    [38;2;230;57;0m██[38;2;246;164;0m██[38;2;255;213;8m██[38;2;246;164;0m██[38;2;255;213;8m██[38;2;255;213;8m██[38;2;246;164;0m██[38;2;230;57;0m██[38;2;230;57;0m██                        [38;2;16;16;16m██[38;2;222;82;57m██[38;2;222;82;57m██[38;2;222;82;57m██[38;2;222;82;57m██[38;2;222;82;57m██[38;2;222;82;57m██[38;2;222;82;57m██[38;2;222;82;57m██[38;2;222;82;57m██[38;2;222;82;57m██[38;2;222;82;57m██[38;2;16;16;16m██[38;2;16;16;16m██[38;2;16;16;16m██[38;2;16;16;16m██  
    [38;2;230;57;0m██[38;2;246;164;0m██[38;2;246;164;0m██[38;2;246;164;0m██[38;2;255;213;8m██[38;2;255;213;8m██[38;2;246;164;0m██[38;2;230;57;0m██[38;2;230;57;0m██                      [38;2;139;41;0m██[38;2;222;82;57m██[38;2;222;82;57m██[38;2;222;82;57m██[38;2;222;82;57m██[38;2;222;82;57m██[38;2;222;82;57m██[38;2;222;82;57m██[38;2;222;82;57m██[38;2;222;82;57m██[38;2;222;82;57m██[38;2;222;82;57m██[38;2;222;82;57m██[38;2;222;82;57m██[38;2;139;41;0m██      
      [38;2;230;57;0m██[38;2;139;41;0m██[38;2;139;41;0m██[38;2;246;164;0m██[38;2;255;213;8m██[38;2;230;57;0m██[38;2;230;57;0m██                        [38;2;139;41;0m██[38;2;255;148;65m██[38;2;255;148;65m██[38;2;222;82;57m██[38;2;222;82;57m██[38;2;222;82;57m██[38;2;222;82;57m██[38;2;222;82;57m██[38;2;222;82;57m██[38;2;139;41;0m██[38;2;222;82;57m██[38;2;222;82;57m██[38;2;16;16;16m██[38;2;16;16;16m██        
      [38;2;139;41;0m██[38;2;255;148;65m██[38;2;16;16;16m██[38;2;246;164;0m██[38;2;246;164;0m██[38;2;230;57;0m██                        [38;2;222;82;57m██[38;2;255;148;65m██[38;2;255;148;65m██[38;2;255;148;65m██[38;2;255;148;65m██[38;2;222;82;57m██[38;2;222;82;57m██[38;2;222;82;57m██[38;2;222;82;57m██[38;2;222;82;57m██[38;2;222;82;57m██[38;2;139;41;0m██[38;2;139;41;0m██            
    [38;2;139;41;0m██[38;2;255;148;65m██[38;2;16;16;16m██[38;2;230;57;0m██[38;2;230;57;0m██                          [38;2;222;82;57m██[38;2;255;148;65m██[38;2;255;148;65m██[38;2;255;148;65m██[38;2;255;148;65m██[38;2;255;148;65m██[38;2;255;148;65m██[38;2;222;82;57m██[38;2;222;82;57m██[38;2;222;82;57m██[38;2;222;82;57m██[38;2;222;82;57m██[38;2;222;82;57m██[38;2;139;41;0m██[38;2;139;41;0m██  [38;2;139;41;0m██[38;2;139;41;0m██    
  [38;2;139;41;0m██[38;2;255;148;65m██[38;2;222;82;57m██[38;2;16;16;16m██                            [38;2;222;82;57m██[38;2;255;148;65m██[38;2;255;148;65m██[38;2;255;148;65m██[38;2;255;148;65m██[38;2;255;148;65m██[38;2;255;148;65m██[38;2;255;148;65m██[38;2;222;82;57m██[38;2;222;82;57m██[38;2;222;82;57m██[38;2;222;82;57m██[38;2;222;82;57m██[38;2;222;82;57m██[38;2;222;82;57m██[38;2;222;82;57m██[38;2;139;41;0m██[38;2;255;148;65m██[38;2;255;148;65m██[38;2;139;41;0m██  
  [38;2;139;41;0m██[38;2;255;148;65m██[38;2;16;16;16m██                            [38;2;139;41;0m██[38;2;255;148;65m██[38;2;255;148;65m██[38;2;255;148;65m██[38;2;255;148;65m██[38;2;255;148;65m██[38;2;255;148;65m██[38;2;255;148;65m██[38;2;255;148;65m██[38;2;222;82;57m██[38;2;222;82;57m██[38;2;222;82;57m██[38;2;222;82;57m██[38;2;222;82;57m██[38;2;222;82;57m██[38;2;222;82;57m██[38;2;255;148;65m██[38;2;255;148;65m██[38;2;255;148;65m██[38;2;139;41;0m██[38;2;16;16;16m██  
[38;2;139;41;0m██[38;2;255;148;65m██[38;2;255;148;65m██[38;2;16;16;16m██                            [38;2;139;41;0m██[38;2;255;148;65m██[38;2;255;148;65m██[38;2;255;148;65m██[38;2;255;148;65m██[38;2;255;148;65m██[38;2;255;148;65m██[38;2;255;148;65m██[38;2;222;82;57m██[38;2;222;82;57m██[38;2;222;82;57m██[38;2;139;41;0m██[38;2;222;82;57m██[38;2;222;82;57m██[38;2;222;82;57m██[38;2;222;82;57m██[38;2;255;148;65m██[38;2;255;148;65m██[38;2;255;148;65m██[38;2;222;82;57m██[38;2;16;16;16m██  
[38;2;139;41;0m██[38;2;255;148;65m██[38;2;255;148;65m██[38;2;139;41;0m██                          [38;2;139;41;0m██[38;2;255;148;65m██[38;2;255;148;65m██[38;2;255;148;65m██[38;2;255;148;65m██[38;2;255;148;65m██[38;2;255;148;65m██[38;2;255;148;65m██[38;2;255;148;65m██[38;2;222;82;57m██[38;2;222;82;57m██[38;2;222;82;57m██[38;2;222;82;57m██[38;2;16;16;16m██[38;2;16;16;16m██[38;2;222;82;57m██[38;2;222;82;57m██[38;2;222;82;57m██[38;2;222;82;57m██[38;2;16;16;16m██[38;2;16;16;16m██    
[38;2;16;16;16m██[38;2;222;82;57m██[38;2;255;148;65m██[38;2;222;82;57m██[38;2;139;41;0m██                        [38;2;139;41;0m██[38;2;255;148;65m██[38;2;255;148;65m██[38;2;255;148;65m██[38;2;255;148;65m██[38;2;255;148;65m██[38;2;255;148;65m██[38;2;255;148;65m██[38;2;222;82;57m██[38;2;222;82;57m██[38;2;222;82;57m██[38;2;222;82;57m██[38;2;222;82;57m██[38;2;255;213;123m██[38;2;255;213;123m██[38;2;16;16;16m██[38;2;16;16;16m██[38;2;16;16;16m██[38;2;16;16;16m██        
[38;2;16;16;16m██[38;2;222;82;57m██[38;2;222;82;57m██[38;2;222;82;57m██[38;2;16;16;16m██                      [38;2;16;16;16m██[38;2;222;82;57m██[38;2;222;82;57m██[38;2;255;148;65m██[38;2;255;148;65m██[38;2;255;148;65m██[38;2;255;148;65m██[38;2;222;82;57m██[38;2;222;82;57m██[38;2;222;82;57m██[38;2;222;82;57m██[38;2;222;82;57m██[38;2;222;82;57m██[38;2;255;148;65m██[38;2;255;213;123m██[38;2;255;213;123m██[38;2;139;41;0m██              
[38;2;16;16;16m██[38;2;222;82;57m██[38;2;222;82;57m██[38;2;222;82;57m██[38;2;222;82;57m██[38;2;16;16;16m██                    [38;2;16;16;16m██[38;2;222;82;57m██[38;2;222;82;57m██[38;2;222;82;57m██[38;2;222;82;57m██[38;2;222;82;57m██[38;2;222;82;57m██[38;2;222;82;57m██[38;2;222;82;57m██[38;2;222;82;57m██[38;2;222;82;57m██[38;2;222;82;57m██[38;2;222;82;57m██[38;2;255;213;123m██[38;2;255;213;123m██[38;2;230;172;90m██[38;2;139;41;0m██              
  [38;2;16;16;16m██[38;2;222;82;57m██[38;2;222;82;57m██[38;2;222;82;57m██[38;2;222;82;57m██[38;2;139;41;0m██                  [38;2;16;16;16m██[38;2;222;82;57m██[38;2;222;82;57m██[38;2;222;82;57m██[38;2;222;82;57m██[38;2;222;82;57m██[38;2;222;82;57m██[38;2;222;82;57m██[38;2;222;82;57m██[38;2;222;82;57m██[38;2;222;82;57m██[38;2;222;82;57m██[38;2;222;82;57m██[38;2;230;172;90m██[38;2;230;172;90m██[38;2;230;172;90m██[38;2;139;41;0m██              
  [38;2;16;16;16m██[38;2;255;148;65m██[38;2;222;82;57m██[38;2;222;82;57m██[38;2;222;82;57m██[38;2;222;82;57m██[38;2;16;16;16m██[38;2;16;16;16m██          [38;2;16;16;16m██[38;2;16;16;16m██[38;2;222;82;57m██[38;2;222;82;57m██[38;2;222;82;57m██[38;2;222;82;57m██[38;2;222;82;57m██[38;2;222;82;57m██[38;2;222;82;57m██[38;2;222;82;57m██[38;2;222;82;57m██[38;2;222;82;57m██[38;2;222;82;57m██[38;2;222;82;57m██[38;2;222;82;57m██[38;2;230;172;90m██[38;2;230;172;90m██[38;2;16;16;16m██                
    [38;2;16;16;16m██[38;2;255;148;65m██[38;2;222;82;57m██[38;2;222;82;57m██[38;2;222;82;57m██[38;2;222;82;57m██[38;2;222;82;57m██[38;2;16;16;16m██[38;2;16;16;16m██[38;2;16;16;16m██[38;2;16;16;16m██[38;2;16;16;16m██[38;2;222;82;57m██[38;2;222;82;57m██[38;2;222;82;57m██[38;2;222;82;57m██[38;2;222;82;57m██[38;2;222;82;57m██[38;2;222;82;57m██[38;2;222;82;57m██[38;2;222;82;57m██[38;2;222;82;57m██[38;2;222;82;57m██[38;2;222;82;57m██[38;2;222;82;57m██[38;2;222;82;57m██[38;2;222;82;57m██[38;2;139;41;0m██[38;2;230;172;90m██[38;2;16;16;16m██                
    [38;2;16;16;16m██[38;2;230;172;90m██[38;2;255;148;65m██[38;2;222;82;57m██[38;2;222;82;57m██[38;2;222;82;57m██[38;2;222;82;57m██[38;2;222;82;57m██[38;2;222;82;57m██[38;2;222;82;57m██[38;2;222;82;57m██[38;2;222;82;57m██[38;2;222;82;57m██[38;2;222;82;57m██[38;2;222;82;57m██[38;2;222;82;57m██[38;2;222;82;57m██[38;2;222;82;57m██[38;2;222;82;57m██[38;2;222;82;57m██[38;2;222;82;57m██[38;2;222;82;57m██[38;2;222;82;57m██[38;2;222;82;57m██[38;2;222;82;57m██[38;2;222;82;57m██[38;2;222;82;57m██[38;2;222;82;57m██[38;2;139;41;0m██                  
      [38;2;16;16;16m██[38;2;230;172;90m██[38;2;255;148;65m██[38;2;222;82;57m██[38;2;222;82;57m██[38;2;222;82;57m██[38;2;222;82;57m██[38;2;222;82;57m██[38;2;222;82;57m██[38;2;222;82;57m██[38;2;222;82;57m██[38;2;222;82;57m██[38;2;222;82;57m██[38;2;222;82;57m██[38;2;222;82;57m██[38;2;222;82;57m██[38;2;222;82;57m██[38;2;222;82;57m██[38;2;222;82;57m██[38;2;222;82;57m██[38;2;222;82;57m██[38;2;222;82;57m██[38;2;222;82;57m██[38;2;222;82;57m██[38;2;222;82;57m██[38;2;222;82;57m██[38;2;222;82;57m██[38;2;222;82;57m██[38;2;139;41;0m██                
        [38;2;16;16;16m██[38;2;230;172;90m██[38;2;230;172;90m██[38;2;255;148;65m██[38;2;222;82;57m██[38;2;222;82;57m██[38;2;222;82;57m██[38;2;222;82;57m██[38;2;222;82;57m██[38;2;222;82;57m██[38;2;222;82;57m██[38;2;222;82;57m██[38;2;222;82;57m██[38;2;222;82;57m██[38;2;222;82;57m██[38;2;222;82;57m██[38;2;222;82;57m██[38;2;222;82;57m██[38;2;222;82;57m██[38;2;222;82;57m██[38;2;222;82;57m██[38;2;222;82;57m██[38;2;222;82;57m██[38;2;222;82;57m██[38;2;222;82;57m██[38;2;222;82;57m██[38;2;222;82;57m██[38;2;139;41;0m██                
          [38;2;16;16;16m██[38;2;230;172;90m██[38;2;230;172;90m██[38;2;230;172;90m██[38;2;230;172;90m██[38;2;255;148;65m██[38;2;222;82;57m██[38;2;222;82;57m██[38;2;222;82;57m██[38;2;222;82;57m██[38;2;222;82;57m██[38;2;222;82;57m██[38;2;222;82;57m██[38;2;222;82;57m██[38;2;222;82;57m██[38;2;222;82;57m██[38;2;222;82;57m██[38;2;222;82;57m██[38;2;222;82;57m██[38;2;222;82;57m██[38;2;222;82;57m██[38;2;222;82;57m██[38;2;222;82;57m██[38;2;222;82;57m██[38;2;222;82;57m██[38;2;222;82;57m██[38;2;222;82;57m██[38;2;139;41;0m██              
            [38;2;16;16;16m██[38;2;16;16;16m██[38;2;230;172;90m██[38;2;230;172;90m██[38;2;230;172;90m██[38;2;230;172;90m██[38;2;230;172;90m██[38;2;230;172;90m██[38;2;230;172;90m██[38;2;255;148;65m██[38;2;222;82;57m██[38;2;222;82;57m██[38;2;222;82;57m██[38;2;222;82;57m██[38;2;222;82;57m██[38;2;222;82;57m██[38;2;222;82;57m██[38;2;222;82;57m██[38;2;222;82;57m██[38;2;222;82;57m██[38;2;222;82;57m██[38;2;222;82;57m██[38;2;222;82;57m██[38;2;222;82;57m██[38;2;222;82;57m██[38;2;222;82;57m██[38;2;16;16;16m██              
                [38;2;16;16;16m██[38;2;16;16;16m██[38;2;222;82;57m██[38;2;230;172;90m██[38;2;230;172;90m██[38;2;230;172;90m██[38;2;230;172;90m██[38;2;230;172;90m██[38;2;230;172;90m██[38;2;230;172;90m██[38;2;230;172;90m██[38;2;230;172;90m██[38;2;230;172;90m██[38;2;255;148;65m██[38;2;139;41;0m██[38;2;222;82;57m██[38;2;222;82;57m██[38;2;222;82;57m██[38;2;222;82;57m██[38;2;222;82;57m██[38;2;222;82;57m██[38;2;222;82;57m██[38;2;222;82;57m██[38;2;222;82;57m██[38;2;16;16;16m██              
                    [38;2;16;16;16m██[38;2;16;16;16m██[38;2;16;16;16m██[38;2;222;82;57m██[38;2;230;172;90m██[38;2;230;172;90m██[38;2;230;172;90m██[38;2;230;172;90m██[38;2;230;172;90m██[38;2;222;82;57m██[38;2;139;41;0m██[38;2;16;16;16m██[38;2;16;16;16m██[38;2;16;16;16m██[38;2;139;41;0m██[38;2;222;82;57m██[38;2;222;82;57m██[38;2;222;82;57m██[38;2;222;82;57m██[38;2;222;82;57m██[38;2;222;82;57m██[38;2;16;16;16m██                
                          [38;2;16;16;16m██[38;2;16;16;16m██[38;2;16;16;16m██[38;2;16;16;16m██[38;2;16;16;16m██[38;2;16;16;16m██[38;2;16;16;16m██[38;2;16;16;16m██      [38;2;16;16;16m██[38;2;222;82;57m██[38;2;222;82;57m██[38;2;222;82;57m██[38;2;222;82;57m██[38;2;222;82;57m██[38;2;222;82;57m██[38;2;16;16;16m██                
                            [38;2;16;16;16m██[38;2;222;82;57m██[38;2;222;82;57m██[38;2;222;82;57m██[38;2;222;82;57m██[38;2;139;41;0m██          [38;2;16;16;16m██[38;2;222;82;57m██[38;2;222;82;57m██[38;2;222;82;57m██[38;2;222;82;57m██[38;2;222;82;57m██[38;2;16;16;16m██                
                              [38;2;16;16;16m██[38;2;139;41;0m██[38;2;139;41;0m██[38;2;139;41;0m██            [38;2;16;16;16m██[38;2;139;41;0m██[38;2;222;82;57m██[38;2;222;82;57m██[38;2;222;82;57m██[38;2;139;41;0m██[38;2;180;180;180m██[38;2;16;16;16m██              
                                                    [38;2;16;16;16m██[38;2;16;16;16m██[38;2;16;16;16m██[38;2;16;16;16m██[38;2;16;16;16m██[38;2;16;16;16m██                
