                        [38;2;50;56;50m██[38;2;50;56;50m██                              [38;2;50;56;50m██[38;2;50;56;50m██            
                        [38;2;50;56;50m██[38;2;100;108;96m██[38;2;50;56;50m██                          [38;2;50;56;50m██[38;2;100;108;96m██[38;2;50;56;50m██            
                        [38;2;50;56;50m██[38;2;100;108;96m██[38;2;50;56;50m██                          [38;2;50;56;50m██[38;2;100;108;96m██[38;2;50;56;50m██[38;2;50;56;50m██[38;2;50;56;50m██        
                    [38;2;50;56;50m██[38;2;50;56;50m██[38;2;100;108;96m██[38;2;100;108;96m██[38;2;100;108;96m██[38;2;13;13;13m██                    [38;2;13;13;13m██[38;2;50;56;50m██[38;2;100;108;96m██[38;2;100;108;96m██[38;2;100;108;96m██[38;2;100;108;96m██[38;2;13;13;13m██        
                    [38;2;50;56;50m██[38;2;74;79;72m██[38;2;74;79;72m██[38;2;74;79;72m██[38;2;100;108;96m██[38;2;100;108;96m██[38;2;13;13;13m██    [38;2;50;56;50m██[38;2;50;56;50m██[38;2;50;56;50m██[38;2;50;56;50m██[38;2;50;56;50m██  [38;2;13;13;13m██[38;2;100;108;96m██[38;2;100;108;96m██[38;2;100;108;96m██[38;2;74;79;72m██[38;2;74;79;72m██[38;2;74;79;72m██[38;2;13;13;13m██        
                      [38;2;50;56;50m██[38;2;74;79;72m██[38;2;74;79;72m██[38;2;74;79;72m██[38;2;74;79;72m██[38;2;13;13;13m██[38;2;50;56;50m██[38;2;50;56;50m██[38;2;100;108;96m██[38;2;100;108;96m██[38;2;100;108;96m██[38;2;100;108;96m██[38;2;100;108;96m██[38;2;50;56;50m██[38;2;13;13;13m██[38;2;100;108;96m██[38;2;74;79;72m██[38;2;74;79;72m██[38;2;74;79;72m██[38;2;74;79;72m██[38;2;74;79;72m██[38;2;13;13;13m██        
    [38;2;50;56;50m██[38;2;50;56;50m██              [38;2;13;13;13m██[38;2;74;79;72m██[38;2;74;79;72m██[38;2;74;79;72m██[38;2;74;79;72m██[38;2;50;56;50m██[38;2;100;108;96m██[38;2;100;108;96m██[38;2;100;108;96m██[38;2;100;108;96m██[38;2;100;108;96m██[38;2;100;108;96m██[38;2;100;108;96m██[38;2;50;56;50m██[38;2;74;79;72m██[38;2;74;79;72m██[38;2;74;79;72m██[38;2;74;79;72m██[38;2;74;79;72m██[38;2;74;79;72m██[38;2;50;56;50m██          
    [38;2;50;56;50m██[38;2;100;108;96m██[38;2;50;56;50m██    [38;2;50;56;50m██[38;2;50;56;50m██[38;2;50;56;50m██  [38;2;13;13;13m██[38;2;74;79;72m██[38;2;74;79;72m██[38;2;74;79;72m██[38;2;50;56;50m██[38;2;100;108;96m██[38;2;100;108;96m██[38;2;100;108;96m██[38;2;100;108;96m██[38;2;100;108;96m██[38;2;100;108;96m██[38;2;100;108;96m██[38;2;74;79;72m██[38;2;50;56;50m██[38;2;74;79;72m██[38;2;74;79;72m██[38;2;74;79;72m██[38;2;74;79;72m██[38;2;74;79;72m██[38;2;74;79;72m██[38;2;13;13;13m██          
    [38;2;50;56;50m██[38;2;100;108;96m██[38;2;100;108;96m██[38;2;50;56;50m██[38;2;50;56;50m██[38;2;100;108;96m██[38;2;100;108;96m██[38;2;50;56;50m██  [38;2;13;13;13m██[38;2;74;79;72m██[38;2;74;79;72m██[38;2;74;79;72m██[38;2;50;56;50m██[38;2;74;79;72m██[38;2;100;108;96m██[38;2;100;108;96m██[38;2;100;108;96m██[38;2;100;108;96m██[38;2;74;79;72m██[38;2;74;79;72m██[38;2;74;79;72m██[38;2;74;79;72m██[38;2;74;79;72m██[38;2;74;79;72m██[38;2;74;79;72m██[38;2;74;79;72m██[38;2;74;79;72m██[38;2;74;79;72m██[38;2;13;13;13m██          
    [38;2;50;56;50m██[38;2;100;108;96m██[38;2;100;108;96m██[38;2;50;56;50m██[38;2;100;108;96m██[38;2;100;108;96m██[38;2;50;56;50m██    [38;2;13;13;13m██[38;2;74;79;72m██[38;2;74;79;72m██[38;2;13;13;13m██[38;2;74;79;72m██[38;2;74;79;72m██[38;2;74;79;72m██[38;2;74;79;72m██[38;2;74;79;72m██[38;2;74;79;72m██[38;2;74;79;72m██[38;2;74;79;72m██[38;2;74;79;72m██[38;2;74;79;72m██[38;2;74;79;72m██[38;2;74;79;72m██[38;2;74;79;72m██[38;2;74;79;72m██[38;2;74;79;72m██[38;2;74;79;72m██[38;2;13;13;13m██          
  [38;2;50;56;50m██[38;2;74;79;72m██[38;2;100;108;96m██[38;2;100;108;96m██[38;2;74;79;72m██[38;2;100;108;96m██[38;2;50;56;50m██        [38;2;13;13;13m██[38;2;74;79;72m██[38;2;13;13;13m██[38;2;74;79;72m██[38;2;74;79;72m██[38;2;74;79;72m██[38;2;74;79;72m██[38;2;74;79;72m██[38;2;74;79;72m██[38;2;74;79;72m██[38;2;74;79;72m██[38;2;74;79;72m██[38;2;74;79;72m██[38;2;74;79;72m██[38;2;74;79;72m██[38;2;74;79;72m██[38;2;74;79;72m██[38;2;74;79;72m██[38;2;74;79;72m██[38;2;13;13;13m██          
  [38;2;50;56;50m██[38;2;100;108;96m██[38;2;100;108;96m██[38;2;100;108;96m██[38;2;100;108;96m██[38;2;100;108;96m██[38;2;100;108;96m██[38;2;50;56;50m██      [38;2;13;13;13m██[38;2;74;79;72m██[38;2;13;13;13m██[38;2;74;79;72m██[38;2;74;79;72m██[38;2;74;79;72m██[38;2;74;79;72m██[38;2;74;79;72m██[38;2;74;79;72m██[38;2;74;79;72m██[38;2;74;79;72m██[38;2;74;79;72m██[38;2;74;79;72m██[38;2;74;79;72m██[38;2;74;79;72m██[38;2;74;79;72m██[38;2;74;79;72m██[38;2;74;79;72m██[38;2;13;13;13m██[38;2;100;108;96m██[38;2;50;56;50m██        
[38;2;50;56;50m██[38;2;100;108;96m██[38;2;100;108;96m██[38;2;100;108;96m██[38;2;100;108;96m██[38;2;100;108;96m██[38;2;100;108;96m██[38;2;100;108;96m██[38;2;50;56;50m██        [38;2;13;13;13m██[38;2;13;13;13m██[38;2;74;79;72m██[38;2;74;79;72m██[38;2;74;79;72m██[38;2;74;79;72m██[38;2;74;79;72m██[38;2;74;79;72m██[38;2;74;79;72m██[38;2;74;79;72m██[38;2;74;79;72m██[38;2;74;79;72m██[38;2;74;79;72m██[38;2;74;79;72m██[38;2;74;79;72m██[38;2;13;13;13m██[38;2;13;13;13m██[38;2;74;79;72m██[38;2;100;108;96m██[38;2;100;108;96m██[38;2;50;56;50m██      
[38;2;50;56;50m██[38;2;100;108;96m██[38;2;100;108;96m██[38;2;100;108;96m██[38;2;74;79;72m██[38;2;100;108;96m██[38;2;100;108;96m██[38;2;100;108;96m██[38;2;100;108;96m██[38;2;50;56;50m██        [38;2;13;13;13m██[38;2;74;79;72m██[38;2;74;79;72m██[38;2;74;79;72m██[38;2;74;79;72m██[38;2;74;79;72m██[38;2;74;79;72m██[38;2;74;79;72m██[38;2;74;79;72m██[38;2;74;79;72m██[38;2;74;79;72m██[38;2;74;79;72m██[38;2;74;79;72m██[38;2;74;79;72m██[38;2;74;79;72m██[38;2;74;79;72m██[38;2;74;79;72m██[38;2;74;79;72m██[38;2;74;79;72m██[38;2;50;56;50m██      
[38;2;50;56;50m██[38;2;100;108;96m██[38;2;100;108;96m██[38;2;50;56;50m██[38;2;100;108;96m██[38;2;74;79;72m██[38;2;100;108;96m██[38;2;100;108;96m██[38;2;100;108;96m██[38;2;50;56;50m██          [38;2;13;13;13m██[38;2;74;79;72m██[38;2;74;79;72m██[38;2;74;79;72m██[38;2;74;79;72m██[38;2;74;79;72m██[38;2;74;79;72m██[38;2;74;79;72m██[38;2;74;79;72m██[38;2;74;79;72m██[38;2;74;79;72m██[38;2;74;79;72m██[38;2;74;79;72m██[38;2;134;105;79m██[38;2;191;155;123m██[38;2;191;155;123m██[38;2;134;105;79m██[38;2;13;13;13m██[38;2;13;13;13m██      
[38;2;13;13;13m██[38;2;100;108;96m██[38;2;100;108;96m██[38;2;50;56;50m██[38;2;100;108;96m██[38;2;100;108;96m██[38;2;100;108;96m██[38;2;100;108;96m██[38;2;100;108;96m██[38;2;50;56;50m██          [38;2;13;13;13m██[38;2;74;79;72m██[38;2;74;79;72m██[38;2;74;79;72m██[38;2;74;79;72m██[38;2;74;79;72m██[38;2;74;79;72m██[38;2;74;79;72m██[38;2;74;79;72m██[38;2;74;79;72m██[38;2;74;79;72m██[38;2;134;105;79m██[38;2;191;155;123m██[38;2;191;155;123m██[38;2;191;155;123m██[38;2;191;155;123m██[38;2;50;56;50m██[38;2;74;79;72m██[38;2;74;79;72m██[38;2;13;13;13m██[38;2;13;13;13m██  
[38;2;13;13;13m██[38;2;100;108;96m██[38;2;100;108;96m██[38;2;13;13;13m██[38;2;100;108;96m██[38;2;100;108;96m██[38;2;100;108;96m██[38;2;100;108;96m██[38;2;100;108;96m██[38;2;50;56;50m██            [38;2;13;13;13m██[38;2;74;79;72m██[38;2;74;79;72m██[38;2;74;79;72m██[38;2;74;79;72m██[38;2;74;79;72m██[38;2;74;79;72m██[38;2;74;79;72m██[38;2;74;79;72m██[38;2;50;56;50m██[38;2;191;155;123m██[38;2;191;155;123m██[38;2;191;155;123m██[38;2;191;155;123m██[38;2;13;13;13m██[38;2;13;13;13m██[38;2;13;13;13m██[38;2;74;79;72m██[38;2;74;79;72m██[38;2;74;79;72m██[38;2;13;13;13m██
[38;2;13;13;13m██[38;2;74;79;72m██[38;2;100;108;96m██[38;2;74;79;72m██[38;2;13;13;13m██[38;2;100;108;96m██[38;2;100;108;96m██[38;2;100;108;96m██[38;2;50;56;50m██                [38;2;13;13;13m██[38;2;74;79;72m██[38;2;74;79;72m██[38;2;74;79;72m██[38;2;74;79;72m██[38;2;74;79;72m██[38;2;74;79;72m██[38;2;74;79;72m██[38;2;50;56;50m██[38;2;191;155;123m██[38;2;191;155;123m██[38;2;13;13;13m██[38;2;13;13;13m██      [38;2;13;13;13m██[38;2;13;13;13m██[38;2;13;13;13m██[38;2;13;13;13m██
[38;2;13;13;13m██[38;2;74;79;72m██[38;2;100;108;96m██[38;2;100;108;96m██[38;2;50;56;50m██[38;2;13;13;13m██[38;2;13;13;13m██[38;2;13;13;13m██                  [38;2;13;13;13m██[38;2;74;79;72m██[38;2;74;79;72m██[38;2;74;79;72m██[38;2;74;79;72m██[38;2;74;79;72m██[38;2;74;79;72m██[38;2;74;79;72m██[38;2;74;79;72m██[38;2;13;13;13m██[38;2;13;13;13m██                  
  [38;2;50;56;50m██[38;2;100;108;96m██[38;2;100;108;96m██[38;2;50;56;50m██                      [38;2;13;13;13m██[38;2;74;79;72m██[38;2;74;79;72m██[38;2;74;79;72m██[38;2;74;79;72m██[38;2;74;79;72m██[38;2;74;79;72m██[38;2;74;79;72m██[38;2;74;79;72m██[38;2;50;56;50m██[38;2;50;56;50m██                    
  [38;2;13;13;13m██[38;2;74;79;72m██[38;2;100;108;96m██[38;2;50;56;50m██                    [38;2;13;13;13m██[38;2;50;56;50m██[38;2;74;79;72m██[38;2;74;79;72m██[38;2;74;79;72m██[38;2;74;79;72m██[38;2;74;79;72m██[38;2;74;79;72m██[38;2;74;79;72m██[38;2;74;79;72m██[38;2;74;79;72m██[38;2;74;79;72m██[38;2;50;56;50m██                  
  [38;2;13;13;13m██[38;2;74;79;72m██[38;2;100;108;96m██[38;2;50;56;50m██                  [38;2;50;56;50m██[38;2;74;79;72m██[38;2;50;56;50m██[38;2;74;79;72m██[38;2;74;79;72m██[38;2;74;79;72m██[38;2;74;79;72m██[38;2;74;79;72m██[38;2;74;79;72m██[38;2;74;79;72m██[38;2;74;79;72m██[38;2;74;79;72m██[38;2;74;79;72m██[38;2;74;79;72m██[38;2;50;56;50m██                
    [38;2;50;56;50m██[38;2;74;79;72m██[38;2;74;79;72m██[38;2;50;56;50m██              [38;2;50;56;50m██[38;2;74;79;72m██[38;2;74;79;72m██[38;2;74;79;72m██[38;2;74;79;72m██[38;2;74;79;72m██[38;2;74;79;72m██[38;2;74;79;72m██[38;2;74;79;72m██[38;2;74;79;72m██[38;2;74;79;72m██[38;2;50;56;50m██[38;2;74;79;72m██[38;2;74;79;72m██[38;2;74;79;72m██[38;2;100;108;96m██[38;2;50;56;50m██              
    [38;2;13;13;13m██[38;2;74;79;72m██[38;2;74;79;72m██[38;2;50;56;50m██              [38;2;50;56;50m██[38;2;74;79;72m██[38;2;74;79;72m██[38;2;74;79;72m██[38;2;74;79;72m██[38;2;74;79;72m██[38;2;74;79;72m██[38;2;74;79;72m██[38;2;74;79;72m██[38;2;74;79;72m██[38;2;74;79;72m██[38;2;74;79;72m██[38;2;13;13;13m██[38;2;74;79;72m██[38;2;74;79;72m██[38;2;100;108;96m██[38;2;100;108;96m██[38;2;50;56;50m██[38;2;50;56;50m██[38;2;50;56;50m██        
    [38;2;13;13;13m██[38;2;74;79;72m██[38;2;74;79;72m██[38;2;50;56;50m██            [38;2;13;13;13m██[38;2;74;79;72m██[38;2;74;79;72m██[38;2;74;79;72m██[38;2;74;79;72m██[38;2;74;79;72m██[38;2;74;79;72m██[38;2;74;79;72m██[38;2;74;79;72m██[38;2;74;79;72m██[38;2;74;79;72m██[38;2;74;79;72m██[38;2;74;79;72m██[38;2;74;79;72m██[38;2;13;13;13m██[38;2;13;13;13m██[38;2;74;79;72m██[38;2;100;108;96m██[38;2;100;108;96m██[38;2;100;108;96m██[38;2;100;108;96m██[38;2;134;105;79m██[38;2;134;105;79m██    
      [38;2;50;56;50m██[38;2;74;79;72m██[38;2;74;79;72m██[38;2;50;56;50m██          [38;2;13;13;13m██[38;2;74;79;72m██[38;2;74;79;72m██[38;2;74;79;72m██[38;2;50;56;50m██[38;2;74;79;72m██[38;2;74;79;72m██[38;2;74;79;72m██[38;2;74;79;72m██[38;2;74;79;72m██[38;2;74;79;72m██[38;2;74;79;72m██[38;2;74;79;72m██[38;2;74;79;72m██[38;2;220;200;163m██[38;2;134;105;79m██[38;2;13;13;13m██[38;2;13;13;13m██[38;2;13;13;13m██[38;2;74;79;72m██[38;2;191;155;123m██[38;2;220;200;163m██[38;2;220;200;163m██[38;2;134;105;79m██  
      [38;2;13;13;13m██[38;2;74;79;72m██[38;2;74;79;72m██[38;2;50;56;50m██            [38;2;13;13;13m██[38;2;13;13;13m██[38;2;191;155;123m██[38;2;13;13;13m██[38;2;74;79;72m██[38;2;74;79;72m██[38;2;74;79;72m██[38;2;74;79;72m██[38;2;74;79;72m██[38;2;74;79;72m██[38;2;74;79;72m██[38;2;74;79;72m██[38;2;74;79;72m██[38;2;220;200;163m██[38;2;134;105;79m██      [38;2;13;13;13m██[38;2;191;155;123m██[38;2;13;13;13m██[38;2;13;13;13m██[38;2;13;13;13m██  
        [38;2;13;13;13m██[38;2;74;79;72m██[38;2;74;79;72m██[38;2;50;56;50m██              [38;2;13;13;13m██[38;2;13;13;13m██[38;2;74;79;72m██[38;2;74;79;72m██[38;2;74;79;72m██[38;2;74;79;72m██[38;2;74;79;72m██[38;2;74;79;72m██[38;2;74;79;72m██[38;2;74;79;72m██[38;2;74;79;72m██[38;2;191;155;123m██[38;2;13;13;13m██      [38;2;13;13;13m██[38;2;13;13;13m██        
          [38;2;13;13;13m██[38;2;74;79;72m██[38;2;74;79;72m██[38;2;50;56;50m██[38;2;13;13;13m██            [38;2;13;13;13m██[38;2;74;79;72m██[38;2;100;108;96m██[38;2;100;108;96m██[38;2;100;108;96m██[38;2;100;108;96m██[38;2;74;79;72m██[38;2;74;79;72m██[38;2;74;79;72m██[38;2;74;79;72m██[38;2;191;155;123m██[38;2;13;13;13m██                  
            [38;2;13;13;13m██[38;2;74;79;72m██[38;2;74;79;72m██[38;2;74;79;72m██[38;2;50;56;50m██[38;2;13;13;13m██      [38;2;13;13;13m██[38;2;74;79;72m██[38;2;100;108;96m██[38;2;100;108;96m██[38;2;100;108;96m██[38;2;100;108;96m██[38;2;100;108;96m██[38;2;100;108;96m██[38;2;74;79;72m██[38;2;74;79;72m██[38;2;74;79;72m██[38;2;50;56;50m██[38;2;50;56;50m██                  
              [38;2;13;13;13m██[38;2;50;56;50m██[38;2;74;79;72m██[38;2;74;79;72m██[38;2;74;79;72m██[38;2;50;56;50m██[38;2;13;13;13m██[38;2;13;13;13m██[38;2;13;13;13m██[38;2;74;79;72m██[38;2;100;108;96m██[38;2;100;108;96m██[38;2;100;108;96m██[38;2;100;108;96m██[38;2;74;79;72m██[38;2;74;79;72m██[38;2;74;79;72m██[38;2;74;79;72m██[38;2;74;79;72m██[38;2;74;79;72m██[38;2;100;108;96m██[38;2;50;56;50m██                
                  [38;2;50;56;50m██[38;2;13;13;13m██[38;2;74;79;72m██[38;2;74;79;72m██[38;2;74;79;72m██[38;2;74;79;72m██[38;2;13;13;13m██[38;2;13;13;13m██[38;2;13;13;13m██[38;2;13;13;13m██[38;2;74;79;72m██[38;2;74;79;72m██[38;2;74;79;72m██[38;2;74;79;72m██[38;2;74;79;72m██[38;2;74;79;72m██[38;2;74;79;72m██[38;2;74;79;72m██[38;2;100;108;96m██[38;2;100;108;96m██[38;2;50;56;50m██              
                      [38;2;13;13;13m██[38;2;13;13;13m██[38;2;13;13;13m██[38;2;74;79;72m██[38;2;74;79;72m██[38;2;74;79;72m██[38;2;74;79;72m██[38;2;74;79;72m██[38;2;74;79;72m██[38;2;74;79;72m██[38;2;74;79;72m██[38;2;74;79;72m██[38;2;74;79;72m██[38;2;74;79;72m██[38;2;74;79;72m██[38;2;74;79;72m██[38;2;74;79;72m██[38;2;100;108;96m██[38;2;74;79;72m██              
                            [38;2;13;13;13m██[38;2;13;13;13m██[38;2;13;13;13m██[38;2;74;79;72m██[38;2;74;79;72m██[38;2;74;79;72m██[38;2;74;79;72m██[38;2;74;79;72m██[38;2;74;79;72m██[38;2;50;56;50m██[38;2;74;79;72m██[38;2;74;79;72m██[38;2;74;79;72m██[38;2;74;79;72m██[38;2;74;79;72m██[38;2;100;108;96m██[38;2;50;56;50m██            
                            [38;2;13;13;13m██[38;2;74;79;72m██[38;2;74;79;72m██[38;2;74;79;72m██[38;2;74;79;72m██[38;2;74;79;72m██[38;2;74;79;72m██[38;2;74;79;72m██[38;2;74;79;72m██[38;2;13;13;13m██[38;2;74;79;72m██[38;2;74;79;72m██[38;2;74;79;72m██[38;2;74;79;72m██[38;2;74;79;72m██[38;2;74;79;72m██[38;2;13;13;13m██            
                            [38;2;13;13;13m██[38;2;74;79;72m██[38;2;74;79;72m██[38;2;74;79;72m██[38;2;13;13;13m██[38;2;13;13;13m██[38;2;13;13;13m██[38;2;13;13;13m██[38;2;13;13;13m██[38;2;13;13;13m██[38;2;13;13;13m██[38;2;74;79;72m██[38;2;74;79;72m██[38;2;74;79;72m██[38;2;74;79;72m██[38;2;74;79;72m██[38;2;13;13;13m██            
                          [38;2;134;105;79m██[38;2;134;105;79m██[38;2;74;79;72m██[38;2;74;79;72m██[38;2;74;79;72m██[38;2;74;79;72m██[38;2;13;13;13m██          [38;2;13;13;13m██[38;2;74;79;72m██[38;2;74;79;72m██[38;2;74;79;72m██[38;2;50;56;50m██[38;2;50;56;50m██            
                        [38;2;134;105;79m██[38;2;191;155;123m██[38;2;191;155;123m██[38;2;74;79;72m██[38;2;74;79;72m██[38;2;13;13;13m██[38;2;13;13;13m██              [38;2;13;13;13m██[38;2;74;79;72m██[38;2;74;79;72m██[38;2;74;79;72m██[38;2;191;155;123m██[38;2;134;105;79m██[38;2;134;105;79m██        
                          [38;2;13;13;13m██[38;2;13;13;13m██[38;2;13;13;13m██[38;2;13;13;13m██                  [38;2;13;13;13m██[38;2;74;79;72m██[38;2;74;79;72m██[38;2;191;155;123m██[38;2;191;155;123m██[38;2;191;155;123m██[38;2;191;155;123m██[38;2;134;105;79m██      
                                                      [38;2;13;13;13m██[38;2;13;13;13m██[38;2;13;13;13m██[38;2;13;13;13m██[38;2;13;13;13m██[38;2;13;13;13m██        
