                [38;2;106;74;50m██                                                      
              [38;2;106;74;50m██[38;2;224;187;130m██      [38;2;106;74;50m██[38;2;0;0;0m██                                            
              [38;2;106;74;50m██[38;2;224;187;130m██[38;2;0;0;0m██  [38;2;106;74;50m██[38;2;243;214;171m██[38;2;0;0;0m██                                            
        [38;2;106;74;50m██  [38;2;106;74;50m██[38;2;243;214;171m██[38;2;224;187;130m██[38;2;0;0;0m██[38;2;106;74;50m██[38;2;243;214;171m██[38;2;224;187;130m██[38;2;0;0;0m██                                            
      [38;2;106;74;50m██[38;2;224;187;130m██  [38;2;106;74;50m██[38;2;243;214;171m██[38;2;224;187;130m██[38;2;106;74;50m██[38;2;243;214;171m██[38;2;243;214;171m██[38;2;106;74;50m██    [38;2;106;74;50m██[38;2;106;74;50m██                                      
      [38;2;106;74;50m██[38;2;224;187;130m██[38;2;106;74;50m██[38;2;243;214;171m██[38;2;243;214;171m██[38;2;224;187;130m██[38;2;243;214;171m██[38;2;243;214;171m██[38;2;224;187;130m██[38;2;106;74;50m██[38;2;106;74;50m██[38;2;106;74;50m██[38;2;224;187;130m██[38;2;0;0;0m██                                      
    [38;2;106;74;50m██[38;2;224;187;130m██[38;2;224;187;130m██[38;2;243;214;171m██[38;2;243;214;171m██[38;2;243;214;171m██[38;2;243;214;171m██[38;2;243;214;171m██[38;2;224;187;130m██[38;2;106;74;50m██[38;2;106;74;50m██[38;2;224;187;130m██[38;2;224;187;130m██[38;2;0;0;0m██                                        
  [38;2;106;74;50m██[38;2;106;74;50m██[38;2;243;214;171m██[38;2;243;214;171m██[38;2;243;214;171m██[38;2;243;214;171m██[38;2;243;214;171m██[38;2;224;187;130m██[38;2;224;187;130m██[38;2;224;187;130m██[38;2;224;187;130m██[38;2;224;187;130m██[38;2;201;146;63m██[38;2;201;146;63m██[38;2;201;146;63m██[38;2;0;0;0m██                                      
[38;2;0;0;0m██[38;2;224;187;130m██[38;2;224;187;130m██[38;2;224;187;130m██[38;2;243;214;171m██[38;2;243;214;171m██[38;2;224;187;130m██[38;2;224;187;130m██[38;2;224;187;130m██[38;2;224;187;130m██[38;2;201;146;63m██[38;2;201;146;63m██[38;2;201;146;63m██[38;2;201;146;63m██[38;2;201;146;63m██[38;2;0;0;0m██                                        
[38;2;0;0;0m██[38;2;201;146;63m██[38;2;224;187;130m██[38;2;224;187;130m██[38;2;224;187;130m██[38;2;224;187;130m██[38;2;224;187;130m██[38;2;201;146;63m██[38;2;106;74;50m██[38;2;106;74;50m██[38;2;106;74;50m██[38;2;201;146;63m██[38;2;201;146;63m██[38;2;201;146;63m██[38;2;106;74;50m██[38;2;106;74;50m██[38;2;106;74;50m██                                      
[38;2;0;0;0m██[38;2;0;0;0m██[38;2;201;146;63m██[38;2;73;71;68m██[38;2;73;71;68m██[38;2;201;146;63m██[38;2;201;146;63m██[38;2;106;74;50m██[38;2;197;180;156m██[38;2;197;180;156m██[38;2;201;146;63m██[38;2;201;146;63m██[38;2;201;146;63m██[38;2;201;146;63m██[38;2;201;146;63m██[38;2;201;146;63m██[38;2;201;146;63m██[38;2;106;74;50m██[38;2;106;74;50m██                                  
  [38;2;0;0;0m██[38;2;0;0;0m██[38;2;170;163;156m██[38;2;170;163;156m██[38;2;73;71;68m██[38;2;106;74;50m██[38;2;249;249;249m██[38;2;0;0;0m██[38;2;249;249;249m██[38;2;106;74;50m██[38;2;201;146;63m██[38;2;201;146;63m██[38;2;201;146;63m██[38;2;201;146;63m██[38;2;201;146;63m██[38;2;201;146;63m██[38;2;201;146;63m██[38;2;201;146;63m██[38;2;106;74;50m██                                
  [38;2;73;71;68m██[38;2;132;122;113m██[38;2;170;163;156m██[38;2;170;163;156m██[38;2;132;122;113m██[38;2;73;71;68m██[38;2;0;0;0m██[38;2;0;0;0m██[38;2;249;249;249m██[38;2;106;74;50m██[38;2;201;146;63m██[38;2;201;146;63m██[38;2;201;146;63m██[38;2;201;146;63m██[38;2;201;146;63m██[38;2;106;74;50m██[38;2;0;0;0m██[38;2;0;0;0m██          [38;2;42;29;15m██[38;2;42;29;15m██[38;2;42;29;15m██[38;2;42;29;15m██                
[38;2;73;71;68m██[38;2;182;176;170m██[38;2;170;163;156m██[38;2;170;163;156m██[38;2;132;122;113m██[38;2;132;122;113m██[38;2;132;122;113m██[38;2;73;71;68m██[38;2;201;146;63m██[38;2;201;146;63m██[38;2;201;146;63m██[38;2;201;146;63m██[38;2;201;146;63m██[38;2;201;146;63m██[38;2;106;74;50m██[38;2;0;0;0m██[38;2;0;0;0m██      [38;2;42;29;15m██[38;2;42;29;15m██[38;2;42;29;15m██[38;2;71;54;24m██[38;2;154;108;72m██[38;2;154;108;72m██[38;2;154;108;72m██[38;2;106;74;50m██[38;2;42;29;15m██[38;2;42;29;15m██[38;2;42;29;15m██[38;2;42;29;15m██        
[38;2;73;71;68m██[38;2;170;163;156m██[38;2;170;163;156m██[38;2;132;122;113m██[38;2;0;0;0m██[38;2;0;0;0m██[38;2;132;122;113m██[38;2;73;71;68m██[38;2;201;146;63m██[38;2;201;146;63m██[38;2;201;146;63m██[38;2;201;146;63m██[38;2;201;146;63m██[38;2;201;146;63m██[38;2;201;146;63m██[38;2;106;74;50m██  [38;2;42;29;15m██[38;2;42;29;15m██[38;2;71;54;24m██[38;2;99;87;88m██[38;2;106;74;50m██[38;2;154;108;72m██[38;2;154;108;72m██[38;2;154;108;72m██[38;2;154;108;72m██[38;2;71;54;24m██[38;2;71;54;24m██[38;2;71;54;24m██[38;2;154;108;72m██[38;2;154;108;72m██[38;2;106;74;50m██[38;2;0;0;0m██      
  [38;2;73;71;68m██[38;2;132;122;113m██[38;2;0;0;0m██[38;2;0;0;0m██[38;2;0;0;0m██[38;2;0;0;0m██[38;2;201;146;63m██[38;2;201;146;63m██[38;2;201;146;63m██[38;2;201;146;63m██[38;2;201;146;63m██[38;2;201;146;63m██[38;2;201;146;63m██[38;2;201;146;63m██[38;2;201;146;63m██[38;2;106;74;50m██[38;2;99;87;88m██[38;2;99;87;88m██[38;2;99;87;88m██[38;2;99;87;88m██[38;2;99;87;88m██[38;2;154;108;72m██[38;2;154;108;72m██[38;2;71;54;24m██[38;2;106;74;50m██[38;2;154;108;72m██[38;2;154;108;72m██[38;2;154;108;72m██[38;2;154;108;72m██[38;2;106;74;50m██[38;2;71;54;24m██[38;2;0;0;0m██      
    [38;2;0;0;0m██  [38;2;73;71;68m██[38;2;132;122;113m██[38;2;73;71;68m██[38;2;201;146;63m██[38;2;201;146;63m██[38;2;201;146;63m██[38;2;201;146;63m██[38;2;201;146;63m██[38;2;201;146;63m██[38;2;201;146;63m██[38;2;201;146;63m██[38;2;0;0;0m██[38;2;0;0;0m██[38;2;99;87;88m██[38;2;99;87;88m██[38;2;99;87;88m██[38;2;99;87;88m██[38;2;99;87;88m██[38;2;71;54;24m██[38;2;71;54;24m██[38;2;154;108;72m██[38;2;154;108;72m██[38;2;154;108;72m██[38;2;154;108;72m██[38;2;154;108;72m██[38;2;106;74;50m██[38;2;71;54;24m██[38;2;0;0;0m██        
      [38;2;73;71;68m██[38;2;132;122;113m██[38;2;132;122;113m██[38;2;73;71;68m██[38;2;201;146;63m██[38;2;201;146;63m██[38;2;201;146;63m██[38;2;201;146;63m██[38;2;201;146;63m██[38;2;201;146;63m██[38;2;201;146;63m██[38;2;106;74;50m██[38;2;30;26;25m██[38;2;99;87;88m██[38;2;99;87;88m██[38;2;99;87;88m██[38;2;99;87;88m██[38;2;99;87;88m██[38;2;99;87;88m██[38;2;99;87;88m██[38;2;106;74;50m██[38;2;154;108;72m██[38;2;154;108;72m██[38;2;154;108;72m██[38;2;154;108;72m██[38;2;71;54;24m██[38;2;71;54;24m██[38;2;106;74;50m██[38;2;0;0;0m██        
      [38;2;0;0;0m██[38;2;0;0;0m██[38;2;0;0;0m██[38;2;201;146;63m██[38;2;201;146;63m██[38;2;201;146;63m██[38;2;201;146;63m██[38;2;201;146;63m██[38;2;201;146;63m██[38;2;201;146;63m██[38;2;201;146;63m██[38;2;201;146;63m██[38;2;106;74;50m██[38;2;99;87;88m██[38;2;99;87;88m██[38;2;99;87;88m██[38;2;99;87;88m██[38;2;99;87;88m██[38;2;99;87;88m██[38;2;99;87;88m██[38;2;99;87;88m██[38;2;106;74;50m██[38;2;154;108;72m██[38;2;71;54;24m██[38;2;71;54;24m██[38;2;154;108;72m██[38;2;106;74;50m██[38;2;0;0;0m██          
    [38;2;106;74;50m██[38;2;201;146;63m██[38;2;106;74;50m██[38;2;224;187;130m██[38;2;224;187;130m██[38;2;201;146;63m██[38;2;201;146;63m██[38;2;201;146;63m██[38;2;201;146;63m██[38;2;201;146;63m██[38;2;201;146;63m██[38;2;201;146;63m██[38;2;0;0;0m██[38;2;0;0;0m██[38;2;99;87;88m██[38;2;99;87;88m██[38;2;99;87;88m██[38;2;99;87;88m██[38;2;99;87;88m██[38;2;99;87;88m██[38;2;99;87;88m██[38;2;99;87;88m██[38;2;71;54;24m██[38;2;71;54;24m██[38;2;154;108;72m██[38;2;154;108;72m██[38;2;106;74;50m██[38;2;0;0;0m██            
  [38;2;106;74;50m██[38;2;224;187;130m██[38;2;201;146;63m██[38;2;224;187;130m██[38;2;224;187;130m██[38;2;224;187;130m██[38;2;224;187;130m██[38;2;224;187;130m██[38;2;201;146;63m██[38;2;201;146;63m██[38;2;201;146;63m██[38;2;201;146;63m██[38;2;106;74;50m██[38;2;30;26;25m██[38;2;30;26;25m██[38;2;99;87;88m██[38;2;99;87;88m██[38;2;99;87;88m██[38;2;99;87;88m██[38;2;99;87;88m██[38;2;99;87;88m██[38;2;99;87;88m██[38;2;99;87;88m██[38;2;99;87;88m██[38;2;154;108;72m██[38;2;154;108;72m██[38;2;71;54;24m██[38;2;71;54;24m██[38;2;0;0;0m██            
    [38;2;106;74;50m██[38;2;106;74;50m██[38;2;224;187;130m██[38;2;224;187;130m██[38;2;224;187;130m██[38;2;224;187;130m██[38;2;224;187;130m██[38;2;224;187;130m██[38;2;224;187;130m██[38;2;201;146;63m██[38;2;201;146;63m██[38;2;0;0;0m██[38;2;30;26;25m██[38;2;30;26;25m██[38;2;30;26;25m██[38;2;99;87;88m██[38;2;99;87;88m██[38;2;99;87;88m██[38;2;99;87;88m██[38;2;99;87;88m██[38;2;99;87;88m██[38;2;99;87;88m██[38;2;99;87;88m██[38;2;106;74;50m██[38;2;71;54;24m██[38;2;106;74;50m██[38;2;0;0;0m██      [38;2;107;77;49m██[38;2;107;77;49m██[38;2;107;77;49m██  
      [38;2;106;74;50m██[38;2;224;187;130m██[38;2;0;0;0m██[38;2;224;187;130m██[38;2;224;187;130m██[38;2;106;74;50m██[38;2;224;187;130m██[38;2;224;187;130m██[38;2;106;74;50m██[38;2;201;146;63m██[38;2;0;0;0m██[38;2;30;26;25m██[38;2;30;26;25m██[38;2;30;26;25m██[38;2;99;87;88m██[38;2;99;87;88m██[38;2;99;87;88m██[38;2;99;87;88m██[38;2;99;87;88m██[38;2;99;87;88m██[38;2;99;87;88m██[38;2;30;26;25m██[38;2;30;26;25m██[38;2;106;74;50m██[38;2;0;0;0m██  [38;2;107;77;49m██[38;2;107;77;49m██[38;2;107;77;49m██[38;2;224;187;130m██[38;2;224;187;130m██[38;2;224;187;130m██[38;2;107;77;49m██
      [38;2;106;74;50m██[38;2;0;0;0m██[38;2;106;74;50m██[38;2;224;187;130m██[38;2;0;0;0m██[38;2;106;74;50m██[38;2;224;187;130m██[38;2;224;187;130m██[38;2;106;74;50m██[38;2;0;0;0m██[38;2;0;0;0m██[38;2;0;0;0m██[38;2;30;26;25m██[38;2;30;26;25m██[38;2;30;26;25m██[38;2;30;26;25m██[38;2;99;87;88m██[38;2;99;87;88m██[38;2;99;87;88m██[38;2;30;26;25m██[38;2;30;26;25m██[38;2;30;26;25m██[38;2;30;26;25m██[38;2;0;0;0m██[38;2;107;77;49m██[38;2;107;77;49m██[38;2;224;187;130m██[38;2;224;187;130m██[38;2;224;187;130m██[38;2;224;187;130m██[38;2;224;187;130m██[38;2;224;187;130m██[38;2;107;77;49m██
        [38;2;0;0;0m██[38;2;106;74;50m██[38;2;224;187;130m██[38;2;0;0;0m██[38;2;132;122;113m██[38;2;106;74;50m██[38;2;224;187;130m██[38;2;0;0;0m██[38;2;132;122;113m██[38;2;132;122;113m██[38;2;0;0;0m██[38;2;30;26;25m██[38;2;30;26;25m██[38;2;30;26;25m██[38;2;30;26;25m██[38;2;30;26;25m██[38;2;30;26;25m██[38;2;30;26;25m██[38;2;30;26;25m██[38;2;30;26;25m██[38;2;30;26;25m██[38;2;0;0;0m██[38;2;0;0;0m██[38;2;201;146;63m██[38;2;201;146;63m██[38;2;201;146;63m██[38;2;201;146;63m██[38;2;201;146;63m██[38;2;201;146;63m██[38;2;201;146;63m██[38;2;0;0;0m██  
        [38;2;0;0;0m██[38;2;44;40;44m██[38;2;0;0;0m██[38;2;0;0;0m██[38;2;132;122;113m██[38;2;106;74;50m██[38;2;224;187;130m██[38;2;0;0;0m██[38;2;170;163;156m██[38;2;170;163;156m██[38;2;170;163;156m██[38;2;0;0;0m██[38;2;30;26;25m██[38;2;30;26;25m██[38;2;30;26;25m██[38;2;30;26;25m██[38;2;30;26;25m██[38;2;30;26;25m██[38;2;30;26;25m██[38;2;30;26;25m██[38;2;0;0;0m██[38;2;0;0;0m██[38;2;201;146;63m██[38;2;201;146;63m██[38;2;201;146;63m██[38;2;201;146;63m██[38;2;0;0;0m██[38;2;0;0;0m██[38;2;0;0;0m██[38;2;0;0;0m██    
          [38;2;44;40;44m██[38;2;0;0;0m██[38;2;132;122;113m██[38;2;132;122;113m██[38;2;132;122;113m██[38;2;0;0;0m██[38;2;132;122;113m██[38;2;170;163;156m██[38;2;170;163;156m██[38;2;44;40;44m██[38;2;170;163;156m██[38;2;0;0;0m██[38;2;0;0;0m██[38;2;30;26;25m██[38;2;30;26;25m██[38;2;30;26;25m██[38;2;30;26;25m██[38;2;0;0;0m██[38;2;0;0;0m██[38;2;132;122;113m██[38;2;0;0;0m██[38;2;0;0;0m██[38;2;0;0;0m██[38;2;0;0;0m██[38;2;0;0;0m██            
          [38;2;0;0;0m██[38;2;44;40;44m██[38;2;0;0;0m██[38;2;132;122;113m██[38;2;132;122;113m██[38;2;132;122;113m██[38;2;132;122;113m██[38;2;44;40;44m██[38;2;44;40;44m██[38;2;170;163;156m██[38;2;170;163;156m██[38;2;170;163;156m██[38;2;132;122;113m██[38;2;0;0;0m██[38;2;0;0;0m██[38;2;0;0;0m██[38;2;0;0;0m██[38;2;132;122;113m██[38;2;132;122;113m██[38;2;0;0;0m██[38;2;0;0;0m██[38;2;201;146;63m██[38;2;201;146;63m██[38;2;201;146;63m██[38;2;201;146;63m██[38;2;107;77;49m██[38;2;0;0;0m██[38;2;0;0;0m██      
            [38;2;0;0;0m██[38;2;44;40;44m██[38;2;0;0;0m██[38;2;44;40;44m██[38;2;44;40;44m██[38;2;44;40;44m██[38;2;132;122;113m██[38;2;132;122;113m██[38;2;132;122;113m██[38;2;132;122;113m██[38;2;132;122;113m██[38;2;132;122;113m██[38;2;132;122;113m██[38;2;44;40;44m██[38;2;132;122;113m██[38;2;132;122;113m██[38;2;132;122;113m██[38;2;132;122;113m██[38;2;0;0;0m██  [38;2;0;0;0m██[38;2;0;0;0m██[38;2;201;146;63m██[38;2;201;146;63m██[38;2;201;146;63m██[38;2;201;146;63m██[38;2;201;146;63m██[38;2;0;0;0m██    
              [38;2;0;0;0m██[38;2;0;0;0m██[38;2;0;0;0m██[38;2;44;40;44m██[38;2;132;122;113m██[38;2;132;122;113m██[38;2;132;122;113m██[38;2;132;122;113m██[38;2;132;122;113m██[38;2;132;122;113m██[38;2;44;40;44m██[38;2;44;40;44m██[38;2;132;122;113m██[38;2;132;122;113m██[38;2;0;0;0m██[38;2;132;122;113m██[38;2;0;0;0m██        [38;2;0;0;0m██[38;2;0;0;0m██[38;2;201;146;63m██[38;2;201;146;63m██[38;2;0;0;0m██      
                [38;2;0;0;0m██[38;2;132;122;113m██[38;2;132;122;113m██[38;2;0;0;0m██[38;2;0;0;0m██[38;2;132;122;113m██[38;2;132;122;113m██[38;2;44;40;44m██[38;2;44;40;44m██[38;2;132;122;113m██[38;2;132;122;113m██[38;2;132;122;113m██[38;2;132;122;113m██[38;2;0;0;0m██[38;2;0;0;0m██              [38;2;0;0;0m██[38;2;0;0;0m██        
                  [38;2;0;0;0m██[38;2;132;122;113m██[38;2;132;122;113m██[38;2;44;40;44m██[38;2;0;0;0m██[38;2;0;0;0m██[38;2;0;0;0m██[38;2;0;0;0m██[38;2;132;122;113m██[38;2;132;122;113m██[38;2;170;163;156m██[38;2;170;163;156m██[38;2;0;0;0m██                            
                    [38;2;0;0;0m██[38;2;200;114;0m██[38;2;0;0;0m██        [38;2;0;0;0m██[38;2;170;163;156m██[38;2;170;163;156m██[38;2;0;0;0m██                              
          [38;2;0;0;0m██[38;2;0;0;0m██[38;2;0;0;0m██  [38;2;126;73;0m██[38;2;200;114;0m██[38;2;126;73;0m██            [38;2;0;0;0m██[38;2;240;136;0m██[38;2;126;73;0m██                              
        [38;2;98;82;74m██[38;2;249;249;249m██[38;2;200;114;0m██[38;2;200;114;0m██[38;2;126;73;0m██[38;2;126;73;0m██[38;2;200;114;0m██[38;2;126;73;0m██[38;2;0;0;0m██          [38;2;0;0;0m██[38;2;126;73;0m██[38;2;240;136;0m██[38;2;0;0;0m██                            
        [38;2;98;82;74m██[38;2;197;180;156m██[38;2;126;73;0m██[38;2;126;73;0m██[38;2;240;136;0m██[38;2;240;136;0m██[38;2;200;114;0m██[38;2;200;114;0m██[38;2;197;180;156m██[38;2;0;0;0m██          [38;2;0;0;0m██[38;2;240;136;0m██[38;2;126;73;0m██[38;2;0;0;0m██                          
          [38;2;98;82;74m██[38;2;249;249;249m██[38;2;240;136;0m██[38;2;200;114;0m██[38;2;0;0;0m██[38;2;0;0;0m██[38;2;0;0;0m██[38;2;0;0;0m██[38;2;0;0;0m██        [38;2;98;82;74m██[38;2;240;136;0m██[38;2;200;114;0m██[38;2;200;114;0m██[38;2;240;136;0m██[38;2;0;0;0m██[38;2;98;82;74m██                      
          [38;2;98;82;74m██[38;2;249;249;249m██[38;2;98;82;74m██[38;2;0;0;0m██                [38;2;98;82;74m██[38;2;249;249;249m██[38;2;200;114;0m██[38;2;0;0;0m██[38;2;0;0;0m██[38;2;200;114;0m██[38;2;240;136;0m██[38;2;249;249;249m██[38;2;98;82;74m██                    
          [38;2;0;0;0m██[38;2;0;0;0m██                    [38;2;98;82;74m██[38;2;249;249;249m██[38;2;0;0;0m██    [38;2;0;0;0m██[38;2;0;0;0m██[38;2;249;249;249m██[38;2;98;82;74m██                    
                                  [38;2;0;0;0m██[38;2;0;0;0m██          [38;2;0;0;0m██                      
