                                [38;2;90;148;180m██[38;2;90;148;180m██[38;2;90;148;180m██                  [38;2;90;148;180m██[38;2;90;148;180m██[38;2;90;148;180m██                                    
                                [38;2;90;148;180m██[38;2;197;230;238m██[38;2;197;230;238m██[38;2;90;148;180m██[38;2;90;148;180m██        [38;2;90;148;180m██[38;2;90;148;180m██  [38;2;57;90;98m██[38;2;139;197;205m██[38;2;197;230;238m██[38;2;90;148;180m██      [38;2;90;148;180m██[38;2;90;148;180m██                        
                                  [38;2;57;90;98m██[38;2;197;230;238m██[38;2;197;230;238m██[38;2;197;230;238m██[38;2;90;148;180m██      [38;2;57;90;98m██[38;2;197;230;238m██[38;2;90;148;180m██[38;2;57;90;98m██[38;2;139;197;205m██[38;2;197;230;238m██[38;2;197;230;238m██[38;2;90;148;180m██    [38;2;90;148;180m██[38;2;197;230;238m██[38;2;90;148;180m██                      
                                    [38;2;57;90;98m██[38;2;197;230;238m██[38;2;197;230;238m██[38;2;197;230;238m██[38;2;90;148;180m██[38;2;57;90;98m██  [38;2;57;90;98m██[38;2;197;230;238m██[38;2;197;230;238m██[38;2;90;148;180m██[38;2;57;90;98m██[38;2;139;197;205m██[38;2;197;230;238m██[38;2;197;230;238m██[38;2;90;148;180m██  [38;2;57;90;98m██[38;2;197;230;238m██[38;2;197;230;238m██[38;2;90;148;180m██                    
                                    [38;2;57;90;98m██[38;2;197;230;238m██[38;2;197;230;238m██[38;2;197;230;238m██[38;2;197;230;238m██[38;2;197;230;238m██[38;2;57;90;98m██[38;2;57;90;98m██[38;2;197;230;238m██[38;2;197;230;238m██[38;2;197;230;238m██[38;2;57;90;98m██[38;2;139;197;205m██[38;2;197;230;238m██[38;2;197;230;238m██[38;2;197;230;238m██[38;2;90;148;180m██[38;2;57;90;98m██[38;2;197;230;238m██[38;2;197;230;238m██[38;2;90;148;180m██                    
                            [38;2;90;148;180m██[38;2;90;148;180m██[38;2;90;148;180m██[38;2;90;148;180m██[38;2;197;230;238m██[38;2;197;230;238m██[38;2;197;230;238m██[38;2;197;230;238m██[38;2;197;230;238m██[38;2;197;230;238m██[38;2;197;230;238m██[38;2;197;230;238m██[38;2;197;230;238m██[38;2;197;230;238m██[38;2;197;230;238m██[38;2;57;90;98m██[38;2;139;197;205m██[38;2;139;197;205m██[38;2;197;230;238m██[38;2;197;230;238m██[38;2;197;230;238m██[38;2;197;230;238m██[38;2;90;148;180m██[38;2;197;230;238m██[38;2;197;230;238m██[38;2;90;148;180m██                  
                            [38;2;90;148;180m██[38;2;139;197;205m██[38;2;197;230;238m██[38;2;197;230;238m██[38;2;139;197;205m██[38;2;139;197;205m██[38;2;139;197;205m██[38;2;139;197;205m██[38;2;197;230;238m██[38;2;197;230;238m██[38;2;197;230;238m██[38;2;197;230;238m██[38;2;197;230;238m██[38;2;57;90;98m██[38;2;57;90;98m██[38;2;139;197;205m██[38;2;139;197;205m██[38;2;139;197;205m██[38;2;16;98;180m██[38;2;24;57;115m██[38;2;24;57;115m██[38;2;139;197;205m██[38;2;197;230;238m██[38;2;197;230;238m██[38;2;197;230;238m██[38;2;90;148;180m██                  
                              [38;2;90;148;180m██[38;2;139;197;205m██[38;2;139;197;205m██[38;2;139;197;205m██[38;2;139;197;205m██[38;2;139;197;205m██[38;2;139;197;205m██[38;2;139;197;205m██[38;2;139;197;205m██[38;2;197;230;238m██[38;2;57;90;98m██[38;2;57;90;98m██[38;2;57;90;98m██[38;2;139;197;205m██[38;2;139;197;205m██[38;2;16;98;180m██[38;2;24;57;115m██[38;2;24;57;115m██[38;2;24;57;115m██[38;2;24;57;115m██[38;2;24;57;115m██[38;2;16;98;180m██[38;2;197;230;238m██[38;2;197;230;238m██[38;2;197;230;238m██[38;2;90;148;180m██                
                                [38;2;57;90;98m██[38;2;139;197;205m██[38;2;139;197;205m██[38;2;139;197;205m██[38;2;139;197;205m██[38;2;139;197;205m██[38;2;139;197;205m██[38;2;139;197;205m██[38;2;57;90;98m██[38;2;139;197;205m██[38;2;139;197;205m██[38;2;139;197;205m██[38;2;139;197;205m██[38;2;139;197;205m██[38;2;24;57;115m██[38;2;24;57;115m██[38;2;24;57;115m██[38;2;24;57;115m██[38;2;24;57;115m██[38;2;24;57;115m██[38;2;24;57;115m██[38;2;139;197;205m██[38;2;197;230;238m██[38;2;197;230;238m██[38;2;90;148;180m██                
                                [38;2;57;90;98m██[38;2;139;197;205m██[38;2;139;197;205m██[38;2;139;197;205m██[38;2;139;197;205m██[38;2;139;197;205m██[38;2;139;197;205m██[38;2;139;197;205m██[38;2;57;90;98m██[38;2;57;90;98m██[38;2;139;197;205m██[38;2;139;197;205m██[38;2;139;197;205m██[38;2;16;98;180m██[38;2;24;57;115m██[38;2;24;57;115m██[38;2;24;57;115m██[38;2;74;131;246m██[38;2;74;131;246m██[38;2;24;57;115m██[38;2;24;57;115m██[38;2;16;98;180m██[38;2;197;230;238m██[38;2;197;230;238m██[38;2;57;90;98m██                
                                [38;2;57;90;98m██[38;2;139;197;205m██[38;2;139;197;205m██[38;2;139;197;205m██[38;2;139;197;205m██[38;2;139;197;205m██[38;2;139;197;205m██[38;2;139;197;205m██[38;2;139;197;205m██[38;2;139;197;205m██[38;2;16;16;16m██[38;2;90;148;180m██[38;2;139;197;205m██[38;2;16;98;180m██[38;2;24;57;115m██[38;2;24;57;115m██[38;2;74;131;246m██[38;2;74;131;246m██[38;2;74;131;246m██[38;2;74;131;246m██[38;2;24;57;115m██[38;2;24;57;115m██[38;2;139;197;205m██[38;2;197;230;238m██[38;2;57;90;98m██                
                                  [38;2;57;90;98m██[38;2;139;197;205m██[38;2;139;197;205m██[38;2;139;197;205m██[38;2;139;197;205m██[38;2;139;197;205m██[38;2;139;197;205m██[38;2;139;197;205m██[38;2;139;197;205m██[38;2;139;197;205m██[38;2;16;16;16m██[38;2;139;197;205m██[38;2;16;98;180m██[38;2;24;57;115m██[38;2;24;57;115m██[38;2;74;131;246m██[38;2;74;131;246m██[38;2;74;131;246m██[38;2;74;131;246m██[38;2;24;57;115m██[38;2;24;57;115m██[38;2;139;197;205m██[38;2;197;230;238m██[38;2;57;90;98m██                
                                  [38;2;57;90;98m██[38;2;139;197;205m██[38;2;139;197;205m██[38;2;139;197;205m██[38;2;139;197;205m██[38;2;139;197;205m██[38;2;139;197;205m██[38;2;139;197;205m██[38;2;139;197;205m██[38;2;139;197;205m██[38;2;16;16;16m██[38;2;139;197;205m██[38;2;16;98;180m██[38;2;24;57;115m██[38;2;24;57;115m██[38;2;74;131;246m██[38;2;74;131;246m██[38;2;74;131;246m██[38;2;74;131;246m██[38;2;16;98;180m██[38;2;24;57;115m██[38;2;139;197;205m██[38;2;139;197;205m██[38;2;57;90;98m██                
                              [38;2;57;90;98m██[38;2;57;90;98m██  [38;2;57;90;98m██[38;2;139;197;205m██[38;2;139;197;205m██[38;2;139;197;205m██[38;2;139;197;205m██[38;2;139;197;205m██[38;2;57;90;98m██[38;2;57;90;98m██[38;2;139;197;205m██[38;2;16;16;16m██[38;2;139;197;205m██[38;2;139;197;205m██[38;2;16;98;180m██[38;2;24;57;115m██[38;2;16;98;180m██[38;2;74;131;246m██[38;2;74;131;246m██[38;2;74;131;246m██[38;2;16;98;180m██[38;2;24;57;115m██[38;2;139;197;205m██[38;2;90;148;180m██[38;2;139;197;205m██[38;2;90;148;180m██[38;2;90;148;180m██            
                            [38;2;57;90;98m██[38;2;197;230;238m██[38;2;197;230;238m██[38;2;57;90;98m██[38;2;57;90;98m██[38;2;57;90;98m██[38;2;139;197;205m██[38;2;139;197;205m██[38;2;139;197;205m██[38;2;57;90;98m██[38;2;197;230;238m██[38;2;197;230;238m██[38;2;57;90;98m██[38;2;57;90;98m██[38;2;16;16;16m██[38;2;139;197;205m██[38;2;139;197;205m██[38;2;24;57;115m██[38;2;24;57;115m██[38;2;74;131;246m██[38;2;74;131;246m██[38;2;74;131;246m██[38;2;74;131;246m██[38;2;57;90;98m██[38;2;139;197;205m██[38;2;90;148;180m██[38;2;139;197;205m██[38;2;197;230;238m██[38;2;197;230;238m██[38;2;90;148;180m██          
                            [38;2;57;90;98m██[38;2;197;230;238m██[38;2;197;230;238m██[38;2;139;197;205m██[38;2;139;197;205m██[38;2;57;90;98m██[38;2;57;90;98m██[38;2;139;197;205m██[38;2;139;197;205m██[38;2;57;90;98m██[38;2;197;230;238m██[38;2;197;230;238m██[38;2;57;90;98m██[38;2;139;197;205m██[38;2;16;16;16m██[38;2;90;148;180m██[38;2;139;197;205m██[38;2;16;98;180m██[38;2;24;57;115m██[38;2;16;98;180m██[38;2;74;131;246m██[38;2;74;131;246m██[38;2;57;90;98m██[38;2;139;197;205m██[38;2;139;197;205m██[38;2;139;197;205m██[38;2;139;197;205m██[38;2;139;197;205m██[38;2;197;230;238m██[38;2;197;230;238m██[38;2;90;148;180m██        
                              [38;2;57;90;98m██[38;2;139;197;205m██[38;2;139;197;205m██[38;2;139;197;205m██[38;2;139;197;205m██[38;2;57;90;98m██[38;2;57;90;98m██[38;2;90;148;180m██[38;2;57;90;98m██[38;2;197;230;238m██[38;2;139;197;205m██[38;2;139;197;205m██[38;2;57;90;98m██[38;2;139;197;205m██[38;2;16;16;16m██[38;2;90;148;180m██[38;2;90;148;180m██[38;2;16;98;180m██[38;2;24;57;115m██[38;2;74;131;246m██[38;2;74;131;246m██[38;2;139;197;205m██[38;2;139;197;205m██[38;2;139;197;205m██[38;2;139;197;205m██[38;2;139;197;205m██[38;2;139;197;205m██[38;2;139;197;205m██[38;2;90;148;180m██[38;2;90;148;180m██        
                              [38;2;57;90;98m██[38;2;139;197;205m██[38;2;139;197;205m██[38;2;139;197;205m██[38;2;57;90;98m██[38;2;57;90;98m██[38;2;90;148;180m██[38;2;57;90;98m██[38;2;90;148;180m██[38;2;139;197;205m██[38;2;139;197;205m██[38;2;139;197;205m██[38;2;57;90;98m██[38;2;139;197;205m██[38;2;139;197;205m██[38;2;16;16;16m██[38;2;57;90;98m██[38;2;90;148;180m██[38;2;90;148;180m██[38;2;139;197;205m██[38;2;139;197;205m██[38;2;139;197;205m██[38;2;139;197;205m██[38;2;139;197;205m██[38;2;139;197;205m██[38;2;139;197;205m██[38;2;139;197;205m██[38;2;139;197;205m██[38;2;197;230;238m██[38;2;90;148;180m██        
                                [38;2;57;90;98m██[38;2;139;197;205m██[38;2;57;90;98m██[38;2;139;197;205m██[38;2;90;148;180m██[38;2;197;230;238m██[38;2;57;90;98m██[38;2;139;197;205m██[38;2;139;197;205m██[38;2;139;197;205m██[38;2;139;197;205m██[38;2;139;197;205m██[38;2;57;90;98m██[38;2;139;197;205m██[38;2;139;197;205m██[38;2;139;197;205m██[38;2;16;16;16m██[38;2;57;90;98m██[38;2;139;197;205m██[38;2;139;197;205m██[38;2;139;197;205m██[38;2;139;197;205m██[38;2;139;197;205m██[38;2;139;197;205m██[38;2;139;197;205m██[38;2;139;197;205m██[38;2;57;90;98m██[38;2;197;230;238m██[38;2;197;230;238m██[38;2;57;90;98m██      
                    [38;2;57;90;98m██[38;2;57;90;98m██        [38;2;16;16;16m██[38;2;139;197;205m██[38;2;139;197;205m██[38;2;197;230;238m██[38;2;197;230;238m██[38;2;197;230;238m██[38;2;90;148;180m██[38;2;139;197;205m██[38;2;139;197;205m██[38;2;139;197;205m██[38;2;139;197;205m██[38;2;139;197;205m██[38;2;90;148;180m██[38;2;139;197;205m██[38;2;139;197;205m██[38;2;139;197;205m██[38;2;139;197;205m██[38;2;139;197;205m██[38;2;139;197;205m██[38;2;139;197;205m██[38;2;139;197;205m██[38;2;139;197;205m██[38;2;139;197;205m██[38;2;139;197;205m██[38;2;139;197;205m██[38;2;90;148;180m██[38;2;255;255;255m██[38;2;16;16;16m██[38;2;197;230;238m██[38;2;57;90;98m██      
                  [38;2;57;90;98m██[38;2;197;230;238m██[38;2;197;230;238m██[38;2;57;90;98m██    [38;2;16;16;16m██[38;2;57;90;98m██[38;2;57;90;98m██[38;2;139;197;205m██[38;2;197;230;238m██[38;2;197;230;238m██[38;2;57;90;98m██[38;2;139;197;205m██[38;2;139;197;205m██[38;2;139;197;205m██[38;2;139;197;205m██[38;2;139;197;205m██[38;2;90;148;180m██[38;2;139;197;205m██[38;2;139;197;205m██[38;2;139;197;205m██[38;2;139;197;205m██[38;2;139;197;205m██[38;2;139;197;205m██[38;2;139;197;205m██[38;2;139;197;205m██[38;2;139;197;205m██[38;2;139;197;205m██[38;2;139;197;205m██[38;2;139;197;205m██[38;2;139;197;205m██[38;2;255;255;255m██[38;2;255;255;255m██[38;2;197;32;16m██[38;2;16;16;16m██        
                  [38;2;16;16;16m██[38;2;197;230;238m██[38;2;139;197;205m██[38;2;139;197;205m██[38;2;57;90;98m██[38;2;16;16;16m██[38;2;90;148;180m██[38;2;197;230;238m██[38;2;197;230;238m██[38;2;57;90;98m██[38;2;139;197;205m██[38;2;139;197;205m██[38;2;57;90;98m██[38;2;139;197;205m██[38;2;139;197;205m██[38;2;139;197;205m██[38;2;139;197;205m██[38;2;90;148;180m██[38;2;139;197;205m██[38;2;139;197;205m██[38;2;139;197;205m██[38;2;139;197;205m██[38;2;139;197;205m██[38;2;139;197;205m██[38;2;139;197;205m██[38;2;139;197;205m██[38;2;139;197;205m██[38;2;139;197;205m██[38;2;139;197;205m██[38;2;139;197;205m██[38;2;139;197;205m██[38;2;139;197;205m██[38;2;90;148;180m██[38;2;197;230;238m██[38;2;255;156;139m██[38;2;16;16;16m██        
  [38;2;90;148;180m██[38;2;90;148;180m██              [38;2;57;90;98m██[38;2;139;197;205m██[38;2;139;197;205m██[38;2;139;197;205m██[38;2;16;16;16m██[38;2;90;148;180m██[38;2;197;230;238m██[38;2;139;197;205m██[38;2;139;197;205m██[38;2;57;90;98m██[38;2;139;197;205m██[38;2;139;197;205m██[38;2;57;90;98m██[38;2;90;148;180m██[38;2;139;197;205m██[38;2;139;197;205m██[38;2;139;197;205m██[38;2;139;197;205m██[38;2;139;197;205m██[38;2;139;197;205m██[38;2;139;197;205m██[38;2;139;197;205m██[38;2;139;197;205m██[38;2;139;197;205m██[38;2;139;197;205m██[38;2;139;197;205m██[38;2;139;197;205m██[38;2;139;197;205m██[38;2;139;197;205m██[38;2;139;197;205m██[38;2;139;197;205m██[38;2;139;197;205m██[38;2;139;197;205m██[38;2;238;74;57m██[38;2;238;74;57m██[38;2;57;90;98m██      
[38;2;57;90;98m██[38;2;139;197;205m██[38;2;139;197;205m██[38;2;90;148;180m██[38;2;90;148;180m██          [38;2;16;16;16m██[38;2;90;148;180m██[38;2;139;197;205m██[38;2;57;90;98m██[38;2;90;148;180m██[38;2;16;16;16m██[38;2;90;148;180m██[38;2;139;197;205m██[38;2;139;197;205m██[38;2;139;197;205m██[38;2;57;90;98m██[38;2;139;197;205m██[38;2;139;197;205m██[38;2;139;197;205m██[38;2;139;197;205m██[38;2;139;197;205m██[38;2;90;148;180m██[38;2;57;90;98m██[38;2;57;90;98m██[38;2;90;148;180m██[38;2;139;197;205m██[38;2;139;197;205m██[38;2;139;197;205m██[38;2;90;148;180m██[38;2;57;90;98m██[38;2;57;90;98m██[38;2;90;148;180m██[38;2;139;197;205m██[38;2;139;197;205m██[38;2;139;197;205m██[38;2;139;197;205m██[38;2;139;197;205m██[38;2;139;197;205m██[38;2;139;197;205m██[38;2;197;230;238m██[38;2;197;230;238m██[38;2;90;148;180m██    
[38;2;57;90;98m██[38;2;139;197;205m██[38;2;139;197;205m██[38;2;139;197;205m██[38;2;90;148;180m██[38;2;57;90;98m██[38;2;57;90;98m██      [38;2;57;90;98m██[38;2;16;16;16m██[38;2;16;16;16m██[38;2;90;148;180m██[38;2;139;197;205m██[38;2;16;16;16m██[38;2;90;148;180m██[38;2;139;197;205m██[38;2;139;197;205m██[38;2;90;148;180m██[38;2;139;197;205m██[38;2;139;197;205m██[38;2;139;197;205m██[38;2;139;197;205m██[38;2;90;148;180m██[38;2;57;90;98m██[38;2;57;90;98m██[38;2;57;90;98m██[38;2;90;148;180m██[38;2;139;197;205m██[38;2;139;197;205m██[38;2;139;197;205m██[38;2;139;197;205m██[38;2;139;197;205m██[38;2;139;197;205m██[38;2;139;197;205m██[38;2;57;90;98m██[38;2;16;16;16m██[38;2;139;197;205m██[38;2;57;90;98m██[38;2;57;90;98m██[38;2;90;148;180m██[38;2;139;197;205m██[38;2;139;197;205m██[38;2;139;197;205m██[38;2;197;230;238m██[38;2;90;148;180m██    
[38;2;16;16;16m██[38;2;90;148;180m██[38;2;139;197;205m██[38;2;139;197;205m██[38;2;139;197;205m██[38;2;139;197;205m██[38;2;139;197;205m██[38;2;57;90;98m██[38;2;16;16;16m██[38;2;16;16;16m██[38;2;57;90;98m██[38;2;139;197;205m██[38;2;139;197;205m██[38;2;139;197;205m██[38;2;139;197;205m██[38;2;139;197;205m██[38;2;57;90;98m██[38;2;90;148;180m██[38;2;139;197;205m██[38;2;139;197;205m██[38;2;139;197;205m██[38;2;139;197;205m██[38;2;139;197;205m██[38;2;139;197;205m██[38;2;139;197;205m██[38;2;90;148;180m██[38;2;57;90;98m██[38;2;139;197;205m██[38;2;139;197;205m██[38;2;139;197;205m██[38;2;139;197;205m██[38;2;139;197;205m██[38;2;139;197;205m██[38;2;139;197;205m██[38;2;139;197;205m██[38;2;197;230;238m██[38;2;197;230;238m██[38;2;139;197;205m██[38;2;16;16;16m██[38;2;197;32;16m██[38;2;255;255;255m██[38;2;16;16;16m██[38;2;16;16;16m██[38;2;139;197;205m██[38;2;139;197;205m██[38;2;57;90;98m██      
  [38;2;16;16;16m██[38;2;90;148;180m██[38;2;139;197;205m██[38;2;139;197;205m██[38;2;139;197;205m██[38;2;139;197;205m██[38;2;139;197;205m██[38;2;139;197;205m██[38;2;139;197;205m██[38;2;16;16;16m██[38;2;16;16;16m██[38;2;57;90;98m██[38;2;90;148;180m██[38;2;139;197;205m██[38;2;139;197;205m██[38;2;139;197;205m██[38;2;139;197;205m██[38;2;139;197;205m██[38;2;139;197;205m██[38;2;139;197;205m██[38;2;139;197;205m██[38;2;139;197;205m██[38;2;139;197;205m██[38;2;139;197;205m██[38;2;139;197;205m██[38;2;139;197;205m██[38;2;139;197;205m██[38;2;139;197;205m██[38;2;139;197;205m██[38;2;139;197;205m██[38;2;139;197;205m██[38;2;139;197;205m██[38;2;139;197;205m██[38;2;197;230;238m██[38;2;197;230;238m██[38;2;197;230;238m██[38;2;197;230;238m██[38;2;139;197;205m██[38;2;16;16;16m██[38;2;16;16;16m██[38;2;197;32;16m██[38;2;197;32;16m██[38;2;57;90;98m██[38;2;57;90;98m██[38;2;16;16;16m██      
  [38;2;16;16;16m██[38;2;90;148;180m██[38;2;90;148;180m██[38;2;139;197;205m██[38;2;139;197;205m██[38;2;139;197;205m██[38;2;139;197;205m██[38;2;139;197;205m██[38;2;139;197;205m██[38;2;139;197;205m██[38;2;139;197;205m██[38;2;139;197;205m██[38;2;139;197;205m██[38;2;90;148;180m██[38;2;90;148;180m██[38;2;139;197;205m██[38;2;139;197;205m██[38;2;139;197;205m██[38;2;139;197;205m██[38;2;139;197;205m██[38;2;139;197;205m██[38;2;139;197;205m██[38;2;139;197;205m██[38;2;139;197;205m██[38;2;139;197;205m██[38;2;90;148;180m██[38;2;90;148;180m██[38;2;139;197;205m██[38;2;139;197;205m██[38;2;139;197;205m██[38;2;90;148;180m██[38;2;139;197;205m██[38;2;139;197;205m██[38;2;139;197;205m██[38;2;197;230;238m██[38;2;197;230;238m██[38;2;139;197;205m██[38;2;90;148;180m██[38;2;90;148;180m██[38;2;57;90;98m██[38;2;16;16;16m██[38;2;238;74;57m██[38;2;197;32;16m██[38;2;16;16;16m██        
    [38;2;16;16;16m██[38;2;90;148;180m██[38;2;90;148;180m██[38;2;139;197;205m██[38;2;139;197;205m██[38;2;139;197;205m██[38;2;139;197;205m██[38;2;139;197;205m██[38;2;139;197;205m██[38;2;139;197;205m██[38;2;139;197;205m██[38;2;139;197;205m██[38;2;139;197;205m██[38;2;139;197;205m██[38;2;90;148;180m██[38;2;139;197;205m██[38;2;139;197;205m██[38;2;139;197;205m██[38;2;139;197;205m██[38;2;90;148;180m██[38;2;139;197;205m██[38;2;90;148;180m██[38;2;90;148;180m██[38;2;139;197;205m██[38;2;139;197;205m██[38;2;139;197;205m██[38;2;57;90;98m██[38;2;139;197;205m██[38;2;139;197;205m██[38;2;57;90;98m██[38;2;139;197;205m██[38;2;139;197;205m██[38;2;139;197;205m██[38;2;139;197;205m██[38;2;139;197;205m██[38;2;90;148;180m██[38;2;139;197;205m██[38;2;197;230;238m██[38;2;197;230;238m██[38;2;139;197;205m██[38;2;57;90;98m██[38;2;57;90;98m██          
      [38;2;16;16;16m██[38;2;90;148;180m██[38;2;90;148;180m██[38;2;139;197;205m██[38;2;139;197;205m██[38;2;139;197;205m██[38;2;139;197;205m██[38;2;139;197;205m██[38;2;139;197;205m██[38;2;139;197;205m██[38;2;139;197;205m██[38;2;139;197;205m██[38;2;139;197;205m██[38;2;139;197;205m██[38;2;139;197;205m██[38;2;139;197;205m██[38;2;90;148;180m██[38;2;90;148;180m██[38;2;139;197;205m██[38;2;139;197;205m██[38;2;90;148;180m██[38;2;57;90;98m██[38;2;57;90;98m██[38;2;90;148;180m██[38;2;139;197;205m██[38;2;139;197;205m██[38;2;57;90;98m██[38;2;139;197;205m██[38;2;139;197;205m██[38;2;57;90;98m██[38;2;90;148;180m██[38;2;139;197;205m██[38;2;139;197;205m██[38;2;57;90;98m██[38;2;139;197;205m██[38;2;139;197;205m██[38;2;197;230;238m██[38;2;197;230;238m██[38;2;197;230;238m██[38;2;197;230;238m██[38;2;90;148;180m██[38;2;57;90;98m██        
        [38;2;16;16;16m██[38;2;90;148;180m██[38;2;90;148;180m██[38;2;90;148;180m██[38;2;139;197;205m██[38;2;139;197;205m██[38;2;139;197;205m██[38;2;139;197;205m██[38;2;139;197;205m██[38;2;139;197;205m██[38;2;139;197;205m██[38;2;139;197;205m██[38;2;139;197;205m██[38;2;139;197;205m██[38;2;90;148;180m██[38;2;90;148;180m██[38;2;57;90;98m██[38;2;139;197;205m██[38;2;139;197;205m██[38;2;90;148;180m██[38;2;57;90;98m██[38;2;57;90;98m██[38;2;57;90;98m██[38;2;90;148;180m██[38;2;139;197;205m██[38;2;139;197;205m██[38;2;57;90;98m██[38;2;139;197;205m██[38;2;197;230;238m██[38;2;197;230;238m██[38;2;16;16;16m██[38;2;16;16;16m██[38;2;57;90;98m██[38;2;90;148;180m██[38;2;139;197;205m██[38;2;139;197;205m██[38;2;197;230;238m██[38;2;197;230;238m██[38;2;197;230;238m██[38;2;139;197;205m██[38;2;139;197;205m██[38;2;57;90;98m██      
          [38;2;16;16;16m██[38;2;90;148;180m██[38;2;90;148;180m██[38;2;90;148;180m██[38;2;90;148;180m██[38;2;139;197;205m██[38;2;139;197;205m██[38;2;139;197;205m██[38;2;139;197;205m██[38;2;139;197;205m██[38;2;139;197;205m██[38;2;139;197;205m██[38;2;139;197;205m██[38;2;90;148;180m██[38;2;90;148;180m██[38;2;57;90;98m██[38;2;139;197;205m██[38;2;139;197;205m██[38;2;139;197;205m██[38;2;57;90;98m██[38;2;57;90;98m██[38;2;57;90;98m██[38;2;90;148;180m██[38;2;139;197;205m██[38;2;139;197;205m██[38;2;16;16;16m██[38;2;139;197;205m██[38;2;197;230;238m██[38;2;197;230;238m██[38;2;197;230;238m██[38;2;57;90;98m██[38;2;16;16;16m██[38;2;16;16;16m██[38;2;90;148;180m██[38;2;139;197;205m██[38;2;139;197;205m██[38;2;139;197;205m██[38;2;139;197;205m██[38;2;139;197;205m██[38;2;139;197;205m██[38;2;139;197;205m██[38;2;57;90;98m██[38;2;57;90;98m██  
            [38;2;16;16;16m██[38;2;90;148;180m██[38;2;90;148;180m██[38;2;90;148;180m██[38;2;90;148;180m██[38;2;90;148;180m██[38;2;90;148;180m██[38;2;139;197;205m██[38;2;139;197;205m██[38;2;139;197;205m██[38;2;139;197;205m██[38;2;90;148;180m██[38;2;90;148;180m██[38;2;57;90;98m██[38;2;90;148;180m██[38;2;90;148;180m██[38;2;139;197;205m██[38;2;139;197;205m██[38;2;90;148;180m██[38;2;57;90;98m██[38;2;90;148;180m██[38;2;139;197;205m██[38;2;139;197;205m██[38;2;139;197;205m██[38;2;16;16;16m██[38;2;197;230;238m██[38;2;197;230;238m██[38;2;197;230;238m██[38;2;197;230;238m██[38;2;57;90;98m██    [38;2;16;16;16m██[38;2;16;16;16m██[38;2;139;197;205m██[38;2;139;197;205m██[38;2;139;197;205m██[38;2;139;197;205m██[38;2;90;148;180m██[38;2;57;90;98m██[38;2;57;90;98m██[38;2;255;255;255m██[38;2;16;16;16m██
              [38;2;16;16;16m██[38;2;90;148;180m██[38;2;90;148;180m██[38;2;90;148;180m██[38;2;90;148;180m██[38;2;90;148;180m██[38;2;90;148;180m██[38;2;90;148;180m██[38;2;90;148;180m██[38;2;90;148;180m██[38;2;90;148;180m██[38;2;90;148;180m██[38;2;57;90;98m██[38;2;90;148;180m██[38;2;90;148;180m██[38;2;139;197;205m██[38;2;139;197;205m██[38;2;139;197;205m██[38;2;139;197;205m██[38;2;139;197;205m██[38;2;90;148;180m██[38;2;90;148;180m██[38;2;90;148;180m██[38;2;139;197;205m██[38;2;57;90;98m██[38;2;197;230;238m██[38;2;197;230;238m██[38;2;57;90;98m██          [38;2;16;16;16m██[38;2;57;90;98m██[38;2;90;148;180m██[38;2;57;90;98m██[38;2;57;90;98m██[38;2;213;213;213m██[38;2;255;255;255m██[38;2;131;131;131m██[38;2;16;16;16m██
              [38;2;57;90;98m██[38;2;16;16;16m██[38;2;16;16;16m██[38;2;90;148;180m██[38;2;90;148;180m██[38;2;90;148;180m██[38;2;90;148;180m██[38;2;90;148;180m██[38;2;90;148;180m██[38;2;90;148;180m██[38;2;90;148;180m██[38;2;90;148;180m██[38;2;16;16;16m██[38;2;90;148;180m██[38;2;90;148;180m██[38;2;90;148;180m██[38;2;139;197;205m██[38;2;139;197;205m██[38;2;139;197;205m██[38;2;139;197;205m██[38;2;57;90;98m██[38;2;57;90;98m██[38;2;57;90;98m██[38;2;139;197;205m██[38;2;16;16;16m██[38;2;197;230;238m██[38;2;197;230;238m██[38;2;16;16;16m██            [38;2;16;16;16m██[38;2;213;213;213m██[38;2;16;16;16m██  [38;2;57;90;98m██[38;2;255;255;255m██[38;2;16;16;16m██  
              [38;2;57;90;98m██[38;2;90;148;180m██[38;2;90;148;180m██[38;2;16;16;16m██[38;2;16;16;16m██[38;2;57;90;98m██[38;2;90;148;180m██[38;2;90;148;180m██[38;2;90;148;180m██[38;2;90;148;180m██[38;2;90;148;180m██[38;2;90;148;180m██[38;2;16;16;16m██[38;2;90;148;180m██[38;2;90;148;180m██[38;2;90;148;180m██[38;2;90;148;180m██[38;2;139;197;205m██[38;2;139;197;205m██[38;2;139;197;205m██[38;2;139;197;205m██[38;2;57;90;98m██[38;2;90;148;180m██[38;2;139;197;205m██[38;2;16;16;16m██[38;2;139;197;205m██[38;2;57;90;98m██                [38;2;16;16;16m██      [38;2;16;16;16m██    
                [38;2;57;90;98m██[38;2;90;148;180m██[38;2;90;148;180m██[38;2;90;148;180m██[38;2;90;148;180m██[38;2;16;16;16m██[38;2;16;16;16m██[38;2;16;16;16m██[38;2;90;148;180m██[38;2;90;148;180m██[38;2;90;148;180m██[38;2;90;148;180m██[38;2;16;16;16m██[38;2;90;148;180m██[38;2;90;148;180m██[38;2;90;148;180m██[38;2;90;148;180m██[38;2;90;148;180m██[38;2;139;197;205m██[38;2;139;197;205m██[38;2;90;148;180m██[38;2;90;148;180m██[38;2;57;90;98m██[38;2;16;16;16m██[38;2;57;90;98m██                                
                [38;2;16;16;16m██[38;2;90;148;180m██[38;2;90;148;180m██[38;2;90;148;180m██[38;2;90;148;180m██[38;2;90;148;180m██[38;2;90;148;180m██[38;2;57;90;98m██[38;2;16;16;16m██[38;2;16;16;16m██[38;2;16;16;16m██[38;2;57;90;98m██[38;2;16;16;16m██[38;2;90;148;180m██[38;2;90;148;180m██[38;2;90;148;180m██[38;2;90;148;180m██[38;2;90;148;180m██[38;2;90;148;180m██[38;2;90;148;180m██[38;2;90;148;180m██[38;2;90;148;180m██[38;2;16;16;16m██[38;2;90;148;180m██                                  
                [38;2;16;16;16m██[38;2;90;148;180m██[38;2;90;148;180m██[38;2;90;148;180m██[38;2;90;148;180m██[38;2;90;148;180m██[38;2;90;148;180m██[38;2;57;90;98m██          [38;2;16;16;16m██[38;2;90;148;180m██[38;2;90;148;180m██[38;2;90;148;180m██[38;2;90;148;180m██[38;2;90;148;180m██[38;2;90;148;180m██[38;2;90;148;180m██[38;2;57;90;98m██                                      
                  [38;2;16;16;16m██[38;2;90;148;180m██[38;2;90;148;180m██[38;2;90;148;180m██[38;2;90;148;180m██[38;2;16;16;16m██            [38;2;16;16;16m██[38;2;90;148;180m██[38;2;90;148;180m██[38;2;90;148;180m██[38;2;90;148;180m██[38;2;90;148;180m██[38;2;90;148;180m██[38;2;139;197;205m██[38;2;139;197;205m██[38;2;16;16;16m██                                    
                    [38;2;16;16;16m██[38;2;16;16;16m██[38;2;16;16;16m██[38;2;16;16;16m██              [38;2;16;16;16m██[38;2;90;148;180m██[38;2;90;148;180m██[38;2;90;148;180m██[38;2;90;148;180m██[38;2;139;197;205m██[38;2;139;197;205m██[38;2;139;197;205m██[38;2;57;90;98m██[38;2;255;255;255m██[38;2;16;16;16m██                                  
                                            [38;2;16;16;16m██[38;2;90;148;180m██[38;2;90;148;180m██[38;2;90;148;180m██[38;2;90;148;180m██[38;2;139;197;205m██[38;2;16;16;16m██[38;2;16;16;16m██[38;2;16;16;16m██                                    
                                              [38;2;16;16;16m██[38;2;16;16;16m██[38;2;16;16;16m██[38;2;16;16;16m██[38;2;16;16;16m██                                          
