                                [38;2;124;138;146m██[38;2;124;138;146m██[38;2;124;138;146m██                  [38;2;124;138;146m██[38;2;124;138;146m██[38;2;124;138;146m██                                    
                                [38;2;124;138;146m██[38;2;215;220;221m██[38;2;215;220;221m██[38;2;124;138;146m██[38;2;124;138;146m██        [38;2;124;138;146m██[38;2;124;138;146m██  [38;2;69;84;87m██[38;2;165;177;179m██[38;2;215;220;221m██[38;2;124;138;146m██      [38;2;124;138;146m██[38;2;124;138;146m██                        
                                  [38;2;69;84;87m██[38;2;215;220;221m██[38;2;215;220;221m██[38;2;215;220;221m██[38;2;124;138;146m██      [38;2;69;84;87m██[38;2;215;220;221m██[38;2;124;138;146m██[38;2;69;84;87m██[38;2;165;177;179m██[38;2;215;220;221m██[38;2;215;220;221m██[38;2;124;138;146m██    [38;2;124;138;146m██[38;2;215;220;221m██[38;2;124;138;146m██                      
                                    [38;2;69;84;87m██[38;2;215;220;221m██[38;2;215;220;221m██[38;2;215;220;221m██[38;2;124;138;146m██[38;2;69;84;87m██  [38;2;69;84;87m██[38;2;215;220;221m██[38;2;215;220;221m██[38;2;124;138;146m██[38;2;69;84;87m██[38;2;165;177;179m██[38;2;215;220;221m██[38;2;215;220;221m██[38;2;124;138;146m██  [38;2;69;84;87m██[38;2;215;220;221m██[38;2;215;220;221m██[38;2;124;138;146m██                    
                                    [38;2;69;84;87m██[38;2;215;220;221m██[38;2;215;220;221m██[38;2;215;220;221m██[38;2;215;220;221m██[38;2;215;220;221m██[38;2;69;84;87m██[38;2;69;84;87m██[38;2;215;220;221m██[38;2;215;220;221m██[38;2;215;220;221m██[38;2;69;84;87m██[38;2;165;177;179m██[38;2;215;220;221m██[38;2;215;220;221m██[38;2;215;220;221m██[38;2;124;138;146m██[38;2;69;84;87m██[38;2;215;220;221m██[38;2;215;220;221m██[38;2;124;138;146m██                    
                            [38;2;124;138;146m██[38;2;124;138;146m██[38;2;124;138;146m██[38;2;124;138;146m██[38;2;215;220;221m██[38;2;215;220;221m██[38;2;215;220;221m██[38;2;215;220;221m██[38;2;215;220;221m██[38;2;215;220;221m██[38;2;215;220;221m██[38;2;215;220;221m██[38;2;215;220;221m██[38;2;215;220;221m██[38;2;215;220;221m██[38;2;69;84;87m██[38;2;165;177;179m██[38;2;165;177;179m██[38;2;215;220;221m██[38;2;215;220;221m██[38;2;215;220;221m██[38;2;215;220;221m██[38;2;124;138;146m██[38;2;215;220;221m██[38;2;215;220;221m██[38;2;124;138;146m██                  
                            [38;2;124;138;146m██[38;2;165;177;179m██[38;2;215;220;221m██[38;2;215;220;221m██[38;2;165;177;179m██[38;2;165;177;179m██[38;2;165;177;179m██[38;2;165;177;179m██[38;2;215;220;221m██[38;2;215;220;221m██[38;2;215;220;221m██[38;2;215;220;221m██[38;2;215;220;221m██[38;2;69;84;87m██[38;2;69;84;87m██[38;2;165;177;179m██[38;2;165;177;179m██[38;2;165;177;179m██[38;2;108;65;131m██[38;2;90;24;116m██[38;2;90;24;116m██[38;2;165;177;179m██[38;2;215;220;221m██[38;2;215;220;221m██[38;2;215;220;221m██[38;2;124;138;146m██                  
                              [38;2;124;138;146m██[38;2;165;177;179m██[38;2;165;177;179m██[38;2;165;177;179m██[38;2;165;177;179m██[38;2;165;177;179m██[38;2;165;177;179m██[38;2;165;177;179m██[38;2;165;177;179m██[38;2;215;220;221m██[38;2;69;84;87m██[38;2;69;84;87m██[38;2;69;84;87m██[38;2;165;177;179m██[38;2;165;177;179m██[38;2;108;65;131m██[38;2;90;24;116m██[38;2;90;24;116m██[38;2;90;24;116m██[38;2;90;24;116m██[38;2;90;24;116m██[38;2;108;65;131m██[38;2;215;220;221m██[38;2;215;220;221m██[38;2;215;220;221m██[38;2;124;138;146m██                
                                [38;2;69;84;87m██[38;2;165;177;179m██[38;2;165;177;179m██[38;2;165;177;179m██[38;2;165;177;179m██[38;2;165;177;179m██[38;2;165;177;179m██[38;2;165;177;179m██[38;2;69;84;87m██[38;2;165;177;179m██[38;2;165;177;179m██[38;2;165;177;179m██[38;2;165;177;179m██[38;2;165;177;179m██[38;2;90;24;116m██[38;2;90;24;116m██[38;2;90;24;116m██[38;2;90;24;116m██[38;2;90;24;116m██[38;2;90;24;116m██[38;2;90;24;116m██[38;2;165;177;179m██[38;2;215;220;221m██[38;2;215;220;221m██[38;2;124;138;146m██                
                                [38;2;69;84;87m██[38;2;165;177;179m██[38;2;165;177;179m██[38;2;165;177;179m██[38;2;165;177;179m██[38;2;165;177;179m██[38;2;165;177;179m██[38;2;165;177;179m██[38;2;69;84;87m██[38;2;69;84;87m██[38;2;165;177;179m██[38;2;165;177;179m██[38;2;165;177;179m██[38;2;108;65;131m██[38;2;90;24;116m██[38;2;90;24;116m██[38;2;90;24;116m██[38;2;188;122;198m██[38;2;188;122;198m██[38;2;90;24;116m██[38;2;90;24;116m██[38;2;108;65;131m██[38;2;215;220;221m██[38;2;215;220;221m██[38;2;69;84;87m██                
                                [38;2;69;84;87m██[38;2;165;177;179m██[38;2;165;177;179m██[38;2;165;177;179m██[38;2;165;177;179m██[38;2;165;177;179m██[38;2;165;177;179m██[38;2;165;177;179m██[38;2;165;177;179m██[38;2;165;177;179m██[38;2;16;16;16m██[38;2;124;138;146m██[38;2;165;177;179m██[38;2;108;65;131m██[38;2;90;24;116m██[38;2;90;24;116m██[38;2;188;122;198m██[38;2;188;122;198m██[38;2;188;122;198m██[38;2;188;122;198m██[38;2;90;24;116m██[38;2;90;24;116m██[38;2;165;177;179m██[38;2;215;220;221m██[38;2;69;84;87m██                
                                  [38;2;69;84;87m██[38;2;165;177;179m██[38;2;165;177;179m██[38;2;165;177;179m██[38;2;165;177;179m██[38;2;165;177;179m██[38;2;165;177;179m██[38;2;165;177;179m██[38;2;165;177;179m██[38;2;165;177;179m██[38;2;16;16;16m██[38;2;165;177;179m██[38;2;108;65;131m██[38;2;90;24;116m██[38;2;90;24;116m██[38;2;188;122;198m██[38;2;188;122;198m██[38;2;188;122;198m██[38;2;188;122;198m██[38;2;90;24;116m██[38;2;90;24;116m██[38;2;165;177;179m██[38;2;215;220;221m██[38;2;69;84;87m██                
                                  [38;2;69;84;87m██[38;2;165;177;179m██[38;2;165;177;179m██[38;2;165;177;179m██[38;2;165;177;179m██[38;2;165;177;179m██[38;2;165;177;179m██[38;2;165;177;179m██[38;2;165;177;179m██[38;2;165;177;179m██[38;2;16;16;16m██[38;2;165;177;179m██[38;2;108;65;131m██[38;2;90;24;116m██[38;2;90;24;116m██[38;2;188;122;198m██[38;2;188;122;198m██[38;2;188;122;198m██[38;2;188;122;198m██[38;2;108;65;131m██[38;2;90;24;116m██[38;2;165;177;179m██[38;2;165;177;179m██[38;2;69;84;87m██                
                              [38;2;69;84;87m██[38;2;69;84;87m██  [38;2;69;84;87m██[38;2;165;177;179m██[38;2;165;177;179m██[38;2;165;177;179m██[38;2;165;177;179m██[38;2;165;177;179m██[38;2;69;84;87m██[38;2;69;84;87m██[38;2;165;177;179m██[38;2;16;16;16m██[38;2;165;177;179m██[38;2;165;177;179m██[38;2;108;65;131m██[38;2;90;24;116m██[38;2;108;65;131m██[38;2;188;122;198m██[38;2;188;122;198m██[38;2;188;122;198m██[38;2;108;65;131m██[38;2;90;24;116m██[38;2;165;177;179m██[38;2;124;138;146m██[38;2;165;177;179m██[38;2;124;138;146m██[38;2;124;138;146m██            
                            [38;2;69;84;87m██[38;2;215;220;221m██[38;2;215;220;221m██[38;2;69;84;87m██[38;2;69;84;87m██[38;2;69;84;87m██[38;2;165;177;179m██[38;2;165;177;179m██[38;2;165;177;179m██[38;2;69;84;87m██[38;2;215;220;221m██[38;2;215;220;221m██[38;2;69;84;87m██[38;2;69;84;87m██[38;2;16;16;16m██[38;2;165;177;179m██[38;2;165;177;179m██[38;2;90;24;116m██[38;2;90;24;116m██[38;2;188;122;198m██[38;2;188;122;198m██[38;2;188;122;198m██[38;2;188;122;198m██[38;2;69;84;87m██[38;2;165;177;179m██[38;2;124;138;146m██[38;2;165;177;179m██[38;2;215;220;221m██[38;2;215;220;221m██[38;2;124;138;146m██          
                            [38;2;69;84;87m██[38;2;215;220;221m██[38;2;215;220;221m██[38;2;165;177;179m██[38;2;165;177;179m██[38;2;69;84;87m██[38;2;69;84;87m██[38;2;165;177;179m██[38;2;165;177;179m██[38;2;69;84;87m██[38;2;215;220;221m██[38;2;215;220;221m██[38;2;69;84;87m██[38;2;165;177;179m██[38;2;16;16;16m██[38;2;124;138;146m██[38;2;165;177;179m██[38;2;108;65;131m██[38;2;90;24;116m██[38;2;108;65;131m██[38;2;188;122;198m██[38;2;188;122;198m██[38;2;69;84;87m██[38;2;165;177;179m██[38;2;165;177;179m██[38;2;165;177;179m██[38;2;165;177;179m██[38;2;165;177;179m██[38;2;215;220;221m██[38;2;215;220;221m██[38;2;124;138;146m██        
                              [38;2;69;84;87m██[38;2;165;177;179m██[38;2;165;177;179m██[38;2;165;177;179m██[38;2;165;177;179m██[38;2;69;84;87m██[38;2;69;84;87m██[38;2;124;138;146m██[38;2;69;84;87m██[38;2;215;220;221m██[38;2;165;177;179m██[38;2;165;177;179m██[38;2;69;84;87m██[38;2;165;177;179m██[38;2;16;16;16m██[38;2;124;138;146m██[38;2;124;138;146m██[38;2;108;65;131m██[38;2;90;24;116m██[38;2;188;122;198m██[38;2;188;122;198m██[38;2;165;177;179m██[38;2;165;177;179m██[38;2;165;177;179m██[38;2;165;177;179m██[38;2;165;177;179m██[38;2;165;177;179m██[38;2;165;177;179m██[38;2;124;138;146m██[38;2;124;138;146m██        
                              [38;2;69;84;87m██[38;2;165;177;179m██[38;2;165;177;179m██[38;2;165;177;179m██[38;2;69;84;87m██[38;2;69;84;87m██[38;2;124;138;146m██[38;2;69;84;87m██[38;2;124;138;146m██[38;2;165;177;179m██[38;2;165;177;179m██[38;2;165;177;179m██[38;2;69;84;87m██[38;2;165;177;179m██[38;2;165;177;179m██[38;2;16;16;16m██[38;2;69;84;87m██[38;2;124;138;146m██[38;2;124;138;146m██[38;2;165;177;179m██[38;2;165;177;179m██[38;2;165;177;179m██[38;2;165;177;179m██[38;2;165;177;179m██[38;2;165;177;179m██[38;2;165;177;179m██[38;2;165;177;179m██[38;2;165;177;179m██[38;2;215;220;221m██[38;2;124;138;146m██        
                                [38;2;69;84;87m██[38;2;165;177;179m██[38;2;69;84;87m██[38;2;165;177;179m██[38;2;124;138;146m██[38;2;215;220;221m██[38;2;69;84;87m██[38;2;165;177;179m██[38;2;165;177;179m██[38;2;165;177;179m██[38;2;165;177;179m██[38;2;165;177;179m██[38;2;69;84;87m██[38;2;165;177;179m██[38;2;165;177;179m██[38;2;165;177;179m██[38;2;16;16;16m██[38;2;69;84;87m██[38;2;165;177;179m██[38;2;165;177;179m██[38;2;165;177;179m██[38;2;165;177;179m██[38;2;165;177;179m██[38;2;165;177;179m██[38;2;165;177;179m██[38;2;165;177;179m██[38;2;69;84;87m██[38;2;215;220;221m██[38;2;215;220;221m██[38;2;69;84;87m██      
                    [38;2;69;84;87m██[38;2;69;84;87m██        [38;2;16;16;16m██[38;2;165;177;179m██[38;2;165;177;179m██[38;2;215;220;221m██[38;2;215;220;221m██[38;2;215;220;221m██[38;2;124;138;146m██[38;2;165;177;179m██[38;2;165;177;179m██[38;2;165;177;179m██[38;2;165;177;179m██[38;2;165;177;179m██[38;2;124;138;146m██[38;2;165;177;179m██[38;2;165;177;179m██[38;2;165;177;179m██[38;2;165;177;179m██[38;2;165;177;179m██[38;2;165;177;179m██[38;2;165;177;179m██[38;2;165;177;179m██[38;2;165;177;179m██[38;2;165;177;179m██[38;2;165;177;179m██[38;2;165;177;179m██[38;2;124;138;146m██[38;2;255;255;255m██[38;2;16;16;16m██[38;2;215;220;221m██[38;2;69;84;87m██      
                  [38;2;69;84;87m██[38;2;215;220;221m██[38;2;215;220;221m██[38;2;69;84;87m██    [38;2;16;16;16m██[38;2;69;84;87m██[38;2;69;84;87m██[38;2;165;177;179m██[38;2;215;220;221m██[38;2;215;220;221m██[38;2;69;84;87m██[38;2;165;177;179m██[38;2;165;177;179m██[38;2;165;177;179m██[38;2;165;177;179m██[38;2;165;177;179m██[38;2;124;138;146m██[38;2;165;177;179m██[38;2;165;177;179m██[38;2;165;177;179m██[38;2;165;177;179m██[38;2;165;177;179m██[38;2;165;177;179m██[38;2;165;177;179m██[38;2;165;177;179m██[38;2;165;177;179m██[38;2;165;177;179m██[38;2;165;177;179m██[38;2;165;177;179m██[38;2;165;177;179m██[38;2;255;255;255m██[38;2;255;255;255m██[38;2;173;16;198m██[38;2;16;16;16m██        
                  [38;2;16;16;16m██[38;2;215;220;221m██[38;2;165;177;179m██[38;2;165;177;179m██[38;2;69;84;87m██[38;2;16;16;16m██[38;2;124;138;146m██[38;2;215;220;221m██[38;2;215;220;221m██[38;2;69;84;87m██[38;2;165;177;179m██[38;2;165;177;179m██[38;2;69;84;87m██[38;2;165;177;179m██[38;2;165;177;179m██[38;2;165;177;179m██[38;2;165;177;179m██[38;2;124;138;146m██[38;2;165;177;179m██[38;2;165;177;179m██[38;2;165;177;179m██[38;2;165;177;179m██[38;2;165;177;179m██[38;2;165;177;179m██[38;2;165;177;179m██[38;2;165;177;179m██[38;2;165;177;179m██[38;2;165;177;179m██[38;2;165;177;179m██[38;2;165;177;179m██[38;2;165;177;179m██[38;2;165;177;179m██[38;2;124;138;146m██[38;2;215;220;221m██[38;2;239;139;255m██[38;2;16;16;16m██        
  [38;2;124;138;146m██[38;2;124;138;146m██              [38;2;69;84;87m██[38;2;165;177;179m██[38;2;165;177;179m██[38;2;165;177;179m██[38;2;16;16;16m██[38;2;124;138;146m██[38;2;215;220;221m██[38;2;165;177;179m██[38;2;165;177;179m██[38;2;69;84;87m██[38;2;165;177;179m██[38;2;165;177;179m██[38;2;69;84;87m██[38;2;124;138;146m██[38;2;165;177;179m██[38;2;165;177;179m██[38;2;165;177;179m██[38;2;165;177;179m██[38;2;165;177;179m██[38;2;165;177;179m██[38;2;165;177;179m██[38;2;165;177;179m██[38;2;165;177;179m██[38;2;165;177;179m██[38;2;165;177;179m██[38;2;165;177;179m██[38;2;165;177;179m██[38;2;165;177;179m██[38;2;165;177;179m██[38;2;165;177;179m██[38;2;165;177;179m██[38;2;165;177;179m██[38;2;165;177;179m██[38;2;238;58;238m██[38;2;238;58;238m██[38;2;69;84;87m██      
[38;2;69;84;87m██[38;2;165;177;179m██[38;2;165;177;179m██[38;2;124;138;146m██[38;2;124;138;146m██          [38;2;16;16;16m██[38;2;124;138;146m██[38;2;165;177;179m██[38;2;69;84;87m██[38;2;124;138;146m██[38;2;16;16;16m██[38;2;124;138;146m██[38;2;165;177;179m██[38;2;165;177;179m██[38;2;165;177;179m██[38;2;69;84;87m██[38;2;165;177;179m██[38;2;165;177;179m██[38;2;165;177;179m██[38;2;165;177;179m██[38;2;165;177;179m██[38;2;124;138;146m██[38;2;69;84;87m██[38;2;69;84;87m██[38;2;124;138;146m██[38;2;165;177;179m██[38;2;165;177;179m██[38;2;165;177;179m██[38;2;124;138;146m██[38;2;69;84;87m██[38;2;69;84;87m██[38;2;124;138;146m██[38;2;165;177;179m██[38;2;165;177;179m██[38;2;165;177;179m██[38;2;165;177;179m██[38;2;165;177;179m██[38;2;165;177;179m██[38;2;165;177;179m██[38;2;215;220;221m██[38;2;215;220;221m██[38;2;124;138;146m██    
[38;2;69;84;87m██[38;2;165;177;179m██[38;2;165;177;179m██[38;2;165;177;179m██[38;2;124;138;146m██[38;2;69;84;87m██[38;2;69;84;87m██      [38;2;69;84;87m██[38;2;16;16;16m██[38;2;16;16;16m██[38;2;124;138;146m██[38;2;165;177;179m██[38;2;16;16;16m██[38;2;124;138;146m██[38;2;165;177;179m██[38;2;165;177;179m██[38;2;124;138;146m██[38;2;165;177;179m██[38;2;165;177;179m██[38;2;165;177;179m██[38;2;165;177;179m██[38;2;124;138;146m██[38;2;69;84;87m██[38;2;69;84;87m██[38;2;69;84;87m██[38;2;124;138;146m██[38;2;165;177;179m██[38;2;165;177;179m██[38;2;165;177;179m██[38;2;165;177;179m██[38;2;165;177;179m██[38;2;165;177;179m██[38;2;165;177;179m██[38;2;69;84;87m██[38;2;16;16;16m██[38;2;165;177;179m██[38;2;69;84;87m██[38;2;69;84;87m██[38;2;124;138;146m██[38;2;165;177;179m██[38;2;165;177;179m██[38;2;165;177;179m██[38;2;215;220;221m██[38;2;124;138;146m██    
[38;2;16;16;16m██[38;2;124;138;146m██[38;2;165;177;179m██[38;2;165;177;179m██[38;2;165;177;179m██[38;2;165;177;179m██[38;2;165;177;179m██[38;2;69;84;87m██[38;2;16;16;16m██[38;2;16;16;16m██[38;2;69;84;87m██[38;2;165;177;179m██[38;2;165;177;179m██[38;2;165;177;179m██[38;2;165;177;179m██[38;2;165;177;179m██[38;2;69;84;87m██[38;2;124;138;146m██[38;2;165;177;179m██[38;2;165;177;179m██[38;2;165;177;179m██[38;2;165;177;179m██[38;2;165;177;179m██[38;2;165;177;179m██[38;2;165;177;179m██[38;2;124;138;146m██[38;2;69;84;87m██[38;2;165;177;179m██[38;2;165;177;179m██[38;2;165;177;179m██[38;2;165;177;179m██[38;2;165;177;179m██[38;2;165;177;179m██[38;2;165;177;179m██[38;2;165;177;179m██[38;2;215;220;221m██[38;2;215;220;221m██[38;2;165;177;179m██[38;2;16;16;16m██[38;2;173;16;198m██[38;2;255;255;255m██[38;2;16;16;16m██[38;2;16;16;16m██[38;2;165;177;179m██[38;2;165;177;179m██[38;2;69;84;87m██      
  [38;2;16;16;16m██[38;2;124;138;146m██[38;2;165;177;179m██[38;2;165;177;179m██[38;2;165;177;179m██[38;2;165;177;179m██[38;2;165;177;179m██[38;2;165;177;179m██[38;2;165;177;179m██[38;2;16;16;16m██[38;2;16;16;16m██[38;2;69;84;87m██[38;2;124;138;146m██[38;2;165;177;179m██[38;2;165;177;179m██[38;2;165;177;179m██[38;2;165;177;179m██[38;2;165;177;179m██[38;2;165;177;179m██[38;2;165;177;179m██[38;2;165;177;179m██[38;2;165;177;179m██[38;2;165;177;179m██[38;2;165;177;179m██[38;2;165;177;179m██[38;2;165;177;179m██[38;2;165;177;179m██[38;2;165;177;179m██[38;2;165;177;179m██[38;2;165;177;179m██[38;2;165;177;179m██[38;2;165;177;179m██[38;2;165;177;179m██[38;2;215;220;221m██[38;2;215;220;221m██[38;2;215;220;221m██[38;2;215;220;221m██[38;2;165;177;179m██[38;2;16;16;16m██[38;2;16;16;16m██[38;2;173;16;198m██[38;2;173;16;198m██[38;2;69;84;87m██[38;2;69;84;87m██[38;2;16;16;16m██      
  [38;2;16;16;16m██[38;2;124;138;146m██[38;2;124;138;146m██[38;2;165;177;179m██[38;2;165;177;179m██[38;2;165;177;179m██[38;2;165;177;179m██[38;2;165;177;179m██[38;2;165;177;179m██[38;2;165;177;179m██[38;2;165;177;179m██[38;2;165;177;179m██[38;2;165;177;179m██[38;2;124;138;146m██[38;2;124;138;146m██[38;2;165;177;179m██[38;2;165;177;179m██[38;2;165;177;179m██[38;2;165;177;179m██[38;2;165;177;179m██[38;2;165;177;179m██[38;2;165;177;179m██[38;2;165;177;179m██[38;2;165;177;179m██[38;2;165;177;179m██[38;2;124;138;146m██[38;2;124;138;146m██[38;2;165;177;179m██[38;2;165;177;179m██[38;2;165;177;179m██[38;2;124;138;146m██[38;2;165;177;179m██[38;2;165;177;179m██[38;2;165;177;179m██[38;2;215;220;221m██[38;2;215;220;221m██[38;2;165;177;179m██[38;2;124;138;146m██[38;2;124;138;146m██[38;2;69;84;87m██[38;2;16;16;16m██[38;2;238;58;238m██[38;2;173;16;198m██[38;2;16;16;16m██        
    [38;2;16;16;16m██[38;2;124;138;146m██[38;2;124;138;146m██[38;2;165;177;179m██[38;2;165;177;179m██[38;2;165;177;179m██[38;2;165;177;179m██[38;2;165;177;179m██[38;2;165;177;179m██[38;2;165;177;179m██[38;2;165;177;179m██[38;2;165;177;179m██[38;2;165;177;179m██[38;2;165;177;179m██[38;2;124;138;146m██[38;2;165;177;179m██[38;2;165;177;179m██[38;2;165;177;179m██[38;2;165;177;179m██[38;2;124;138;146m██[38;2;165;177;179m██[38;2;124;138;146m██[38;2;124;138;146m██[38;2;165;177;179m██[38;2;165;177;179m██[38;2;165;177;179m██[38;2;69;84;87m██[38;2;165;177;179m██[38;2;165;177;179m██[38;2;69;84;87m██[38;2;165;177;179m██[38;2;165;177;179m██[38;2;165;177;179m██[38;2;165;177;179m██[38;2;165;177;179m██[38;2;124;138;146m██[38;2;165;177;179m██[38;2;215;220;221m██[38;2;215;220;221m██[38;2;165;177;179m██[38;2;69;84;87m██[38;2;69;84;87m██          
      [38;2;16;16;16m██[38;2;124;138;146m██[38;2;124;138;146m██[38;2;165;177;179m██[38;2;165;177;179m██[38;2;165;177;179m██[38;2;165;177;179m██[38;2;165;177;179m██[38;2;165;177;179m██[38;2;165;177;179m██[38;2;165;177;179m██[38;2;165;177;179m██[38;2;165;177;179m██[38;2;165;177;179m██[38;2;165;177;179m██[38;2;165;177;179m██[38;2;124;138;146m██[38;2;124;138;146m██[38;2;165;177;179m██[38;2;165;177;179m██[38;2;124;138;146m██[38;2;69;84;87m██[38;2;69;84;87m██[38;2;124;138;146m██[38;2;165;177;179m██[38;2;165;177;179m██[38;2;69;84;87m██[38;2;165;177;179m██[38;2;165;177;179m██[38;2;69;84;87m██[38;2;124;138;146m██[38;2;165;177;179m██[38;2;165;177;179m██[38;2;69;84;87m██[38;2;165;177;179m██[38;2;165;177;179m██[38;2;215;220;221m██[38;2;215;220;221m██[38;2;215;220;221m██[38;2;215;220;221m██[38;2;124;138;146m██[38;2;69;84;87m██        
        [38;2;16;16;16m██[38;2;124;138;146m██[38;2;124;138;146m██[38;2;124;138;146m██[38;2;165;177;179m██[38;2;165;177;179m██[38;2;165;177;179m██[38;2;165;177;179m██[38;2;165;177;179m██[38;2;165;177;179m██[38;2;165;177;179m██[38;2;165;177;179m██[38;2;165;177;179m██[38;2;165;177;179m██[38;2;124;138;146m██[38;2;124;138;146m██[38;2;69;84;87m██[38;2;165;177;179m██[38;2;165;177;179m██[38;2;124;138;146m██[38;2;69;84;87m██[38;2;69;84;87m██[38;2;69;84;87m██[38;2;124;138;146m██[38;2;165;177;179m██[38;2;165;177;179m██[38;2;69;84;87m██[38;2;165;177;179m██[38;2;215;220;221m██[38;2;215;220;221m██[38;2;16;16;16m██[38;2;16;16;16m██[38;2;69;84;87m██[38;2;124;138;146m██[38;2;165;177;179m██[38;2;165;177;179m██[38;2;215;220;221m██[38;2;215;220;221m██[38;2;215;220;221m██[38;2;165;177;179m██[38;2;165;177;179m██[38;2;69;84;87m██      
          [38;2;16;16;16m██[38;2;124;138;146m██[38;2;124;138;146m██[38;2;124;138;146m██[38;2;124;138;146m██[38;2;165;177;179m██[38;2;165;177;179m██[38;2;165;177;179m██[38;2;165;177;179m██[38;2;165;177;179m██[38;2;165;177;179m██[38;2;165;177;179m██[38;2;165;177;179m██[38;2;124;138;146m██[38;2;124;138;146m██[38;2;69;84;87m██[38;2;165;177;179m██[38;2;165;177;179m██[38;2;165;177;179m██[38;2;69;84;87m██[38;2;69;84;87m██[38;2;69;84;87m██[38;2;124;138;146m██[38;2;165;177;179m██[38;2;165;177;179m██[38;2;16;16;16m██[38;2;165;177;179m██[38;2;215;220;221m██[38;2;215;220;221m██[38;2;215;220;221m██[38;2;69;84;87m██[38;2;16;16;16m██[38;2;16;16;16m██[38;2;124;138;146m██[38;2;165;177;179m██[38;2;165;177;179m██[38;2;165;177;179m██[38;2;165;177;179m██[38;2;165;177;179m██[38;2;165;177;179m██[38;2;165;177;179m██[38;2;69;84;87m██[38;2;69;84;87m██  
            [38;2;16;16;16m██[38;2;124;138;146m██[38;2;124;138;146m██[38;2;124;138;146m██[38;2;124;138;146m██[38;2;124;138;146m██[38;2;124;138;146m██[38;2;165;177;179m██[38;2;165;177;179m██[38;2;165;177;179m██[38;2;165;177;179m██[38;2;124;138;146m██[38;2;124;138;146m██[38;2;69;84;87m██[38;2;124;138;146m██[38;2;124;138;146m██[38;2;165;177;179m██[38;2;165;177;179m██[38;2;124;138;146m██[38;2;69;84;87m██[38;2;124;138;146m██[38;2;165;177;179m██[38;2;165;177;179m██[38;2;165;177;179m██[38;2;16;16;16m██[38;2;215;220;221m██[38;2;215;220;221m██[38;2;215;220;221m██[38;2;215;220;221m██[38;2;69;84;87m██    [38;2;16;16;16m██[38;2;16;16;16m██[38;2;165;177;179m██[38;2;165;177;179m██[38;2;165;177;179m██[38;2;165;177;179m██[38;2;124;138;146m██[38;2;69;84;87m██[38;2;69;84;87m██[38;2;255;255;255m██[38;2;16;16;16m██
              [38;2;16;16;16m██[38;2;124;138;146m██[38;2;124;138;146m██[38;2;124;138;146m██[38;2;124;138;146m██[38;2;124;138;146m██[38;2;124;138;146m██[38;2;124;138;146m██[38;2;124;138;146m██[38;2;124;138;146m██[38;2;124;138;146m██[38;2;124;138;146m██[38;2;69;84;87m██[38;2;124;138;146m██[38;2;124;138;146m██[38;2;165;177;179m██[38;2;165;177;179m██[38;2;165;177;179m██[38;2;165;177;179m██[38;2;165;177;179m██[38;2;124;138;146m██[38;2;124;138;146m██[38;2;124;138;146m██[38;2;165;177;179m██[38;2;69;84;87m██[38;2;215;220;221m██[38;2;215;220;221m██[38;2;69;84;87m██          [38;2;16;16;16m██[38;2;69;84;87m██[38;2;124;138;146m██[38;2;69;84;87m██[38;2;69;84;87m██[38;2;213;213;213m██[38;2;255;255;255m██[38;2;131;131;131m██[38;2;16;16;16m██
              [38;2;69;84;87m██[38;2;16;16;16m██[38;2;16;16;16m██[38;2;124;138;146m██[38;2;124;138;146m██[38;2;124;138;146m██[38;2;124;138;146m██[38;2;124;138;146m██[38;2;124;138;146m██[38;2;124;138;146m██[38;2;124;138;146m██[38;2;124;138;146m██[38;2;16;16;16m██[38;2;124;138;146m██[38;2;124;138;146m██[38;2;124;138;146m██[38;2;165;177;179m██[38;2;165;177;179m██[38;2;165;177;179m██[38;2;165;177;179m██[38;2;69;84;87m██[38;2;69;84;87m██[38;2;69;84;87m██[38;2;165;177;179m██[38;2;16;16;16m██[38;2;215;220;221m██[38;2;215;220;221m██[38;2;16;16;16m██            [38;2;16;16;16m██[38;2;213;213;213m██[38;2;16;16;16m██  [38;2;69;84;87m██[38;2;255;255;255m██[38;2;16;16;16m██  
              [38;2;69;84;87m██[38;2;124;138;146m██[38;2;124;138;146m██[38;2;16;16;16m██[38;2;16;16;16m██[38;2;69;84;87m██[38;2;124;138;146m██[38;2;124;138;146m██[38;2;124;138;146m██[38;2;124;138;146m██[38;2;124;138;146m██[38;2;124;138;146m██[38;2;16;16;16m██[38;2;124;138;146m██[38;2;124;138;146m██[38;2;124;138;146m██[38;2;124;138;146m██[38;2;165;177;179m██[38;2;165;177;179m██[38;2;165;177;179m██[38;2;165;177;179m██[38;2;69;84;87m██[38;2;124;138;146m██[38;2;165;177;179m██[38;2;16;16;16m██[38;2;165;177;179m██[38;2;69;84;87m██                [38;2;16;16;16m██      [38;2;16;16;16m██    
                [38;2;69;84;87m██[38;2;124;138;146m██[38;2;124;138;146m██[38;2;124;138;146m██[38;2;124;138;146m██[38;2;16;16;16m██[38;2;16;16;16m██[38;2;16;16;16m██[38;2;124;138;146m██[38;2;124;138;146m██[38;2;124;138;146m██[38;2;124;138;146m██[38;2;16;16;16m██[38;2;124;138;146m██[38;2;124;138;146m██[38;2;124;138;146m██[38;2;124;138;146m██[38;2;124;138;146m██[38;2;165;177;179m██[38;2;165;177;179m██[38;2;124;138;146m██[38;2;124;138;146m██[38;2;69;84;87m██[38;2;16;16;16m██[38;2;69;84;87m██                                
                [38;2;16;16;16m██[38;2;124;138;146m██[38;2;124;138;146m██[38;2;124;138;146m██[38;2;124;138;146m██[38;2;124;138;146m██[38;2;124;138;146m██[38;2;69;84;87m██[38;2;16;16;16m██[38;2;16;16;16m██[38;2;16;16;16m██[38;2;69;84;87m██[38;2;16;16;16m██[38;2;124;138;146m██[38;2;124;138;146m██[38;2;124;138;146m██[38;2;124;138;146m██[38;2;124;138;146m██[38;2;124;138;146m██[38;2;124;138;146m██[38;2;124;138;146m██[38;2;124;138;146m██[38;2;16;16;16m██[38;2;124;138;146m██                                  
                [38;2;16;16;16m██[38;2;124;138;146m██[38;2;124;138;146m██[38;2;124;138;146m██[38;2;124;138;146m██[38;2;124;138;146m██[38;2;124;138;146m██[38;2;69;84;87m██          [38;2;16;16;16m██[38;2;124;138;146m██[38;2;124;138;146m██[38;2;124;138;146m██[38;2;124;138;146m██[38;2;124;138;146m██[38;2;124;138;146m██[38;2;124;138;146m██[38;2;69;84;87m██                                      
                  [38;2;16;16;16m██[38;2;124;138;146m██[38;2;124;138;146m██[38;2;124;138;146m██[38;2;124;138;146m██[38;2;16;16;16m██            [38;2;16;16;16m██[38;2;124;138;146m██[38;2;124;138;146m██[38;2;124;138;146m██[38;2;124;138;146m██[38;2;124;138;146m██[38;2;124;138;146m██[38;2;165;177;179m██[38;2;165;177;179m██[38;2;16;16;16m██                                    
                    [38;2;16;16;16m██[38;2;16;16;16m██[38;2;16;16;16m██[38;2;16;16;16m██              [38;2;16;16;16m██[38;2;124;138;146m██[38;2;124;138;146m██[38;2;124;138;146m██[38;2;124;138;146m██[38;2;165;177;179m██[38;2;165;177;179m██[38;2;165;177;179m██[38;2;69;84;87m██[38;2;255;255;255m██[38;2;16;16;16m██                                  
                                            [38;2;16;16;16m██[38;2;124;138;146m██[38;2;124;138;146m██[38;2;124;138;146m██[38;2;124;138;146m██[38;2;165;177;179m██[38;2;16;16;16m██[38;2;16;16;16m██[38;2;16;16;16m██                                    
                                              [38;2;16;16;16m██[38;2;16;16;16m██[38;2;16;16;16m██[38;2;16;16;16m██[38;2;16;16;16m██                                          
