                                                                                                            [38;2;49;74;74m██                                              
                                                                        [38;2;98;139;172m██[38;2;98;139;172m██                              [38;2;49;74;74m██[38;2;90;180;205m██[38;2;49;74;74m██                                            
                                                                      [38;2;49;74;74m██[38;2;90;180;205m██[38;2;90;180;205m██[38;2;98;139;172m██                            [38;2;49;74;74m██[38;2;90;180;205m██[38;2;90;180;205m██[38;2;49;74;74m██                                          
                                                                        [38;2;49;74;74m██[38;2;90;180;205m██[38;2;90;180;205m██[38;2;98;139;172m██[38;2;98;139;172m██                          [38;2;49;74;74m██[38;2;90;180;205m██[38;2;49;74;74m██                                          
                                                                        [38;2;49;74;74m██[38;2;90;180;205m██[38;2;90;180;205m██[38;2;90;180;205m██[38;2;90;180;205m██[38;2;49;74;74m██[38;2;49;74;74m██              [38;2;98;139;172m██[38;2;98;139;172m██    [38;2;98;139;172m██[38;2;90;180;205m██[38;2;90;180;205m██[38;2;49;74;74m██                                        
                                                                          [38;2;49;74;74m██[38;2;90;180;205m██[38;2;90;180;205m██[38;2;90;180;205m██[38;2;90;180;205m██[38;2;90;180;205m██[38;2;49;74;74m██          [38;2;98;139;172m██[38;2;90;180;205m██[38;2;90;180;205m██[38;2;98;139;172m██[38;2;49;74;74m██[38;2;49;74;74m██[38;2;90;180;205m██[38;2;90;180;205m██[38;2;90;180;205m██[38;2;49;74;74m██                                      
                                                                          [38;2;49;74;74m██[38;2;90;180;205m██[38;2;90;180;205m██[38;2;90;180;205m██[38;2;90;180;205m██[38;2;90;180;205m██[38;2;90;180;205m██[38;2;49;74;74m██        [38;2;98;139;172m██[38;2;90;180;205m██[38;2;90;180;205m██[38;2;49;74;74m██[38;2;90;180;205m██[38;2;90;180;205m██[38;2;90;180;205m██[38;2;90;180;205m██[38;2;98;139;172m██[38;2;16;16;16m██                                      
                                                                        [38;2;49;74;74m██[38;2;90;180;205m██[38;2;90;180;205m██[38;2;90;180;205m██[38;2;90;180;205m██[38;2;90;180;205m██[38;2;98;139;172m██[38;2;98;139;172m██[38;2;98;139;172m██[38;2;49;74;74m██    [38;2;98;139;172m██[38;2;90;180;205m██[38;2;90;180;205m██[38;2;49;74;74m██[38;2;90;180;205m██[38;2;90;180;205m██[38;2;98;139;172m██[38;2;98;139;172m██[38;2;98;139;172m██[38;2;98;139;172m██[38;2;16;16;16m██                                      
                                                                        [38;2;49;74;74m██[38;2;90;180;205m██[38;2;90;180;205m██[38;2;90;180;205m██[38;2;98;139;172m██[38;2;98;139;172m██[38;2;98;139;172m██[38;2;98;139;172m██[38;2;98;139;172m██[38;2;98;139;172m██[38;2;49;74;74m██[38;2;49;74;74m██[38;2;90;180;205m██[38;2;90;180;205m██[38;2;49;74;74m██[38;2;90;180;205m██[38;2;90;180;205m██[38;2;98;139;172m██[38;2;98;139;172m██[38;2;16;16;16m██[38;2;16;16;16m██[38;2;98;139;172m██[38;2;98;139;172m██[38;2;16;16;16m██      [38;2;98;139;172m██[38;2;98;139;172m██[38;2;49;74;74m██                        
                                                                      [38;2;16;16;16m██[38;2;16;16;16m██[38;2;90;180;205m██[38;2;90;180;205m██[38;2;98;139;172m██[38;2;98;139;172m██[38;2;98;139;172m██[38;2;98;139;172m██[38;2;98;139;172m██[38;2;98;139;172m██[38;2;49;74;74m██[38;2;49;74;74m██[38;2;90;180;205m██[38;2;90;180;205m██[38;2;90;180;205m██[38;2;49;74;74m██[38;2;90;180;205m██[38;2;98;139;172m██[38;2;98;139;172m██[38;2;16;16;16m██[38;2;189;172;90m██[38;2;189;172;90m██[38;2;49;74;74m██[38;2;98;139;172m██[38;2;16;16;16m██  [38;2;98;139;172m██[38;2;98;139;172m██[38;2;156;213;222m██[38;2;156;213;222m██[38;2;49;74;74m██                        
                                                                    [38;2;49;74;74m██[38;2;90;180;205m██[38;2;90;180;205m██[38;2;16;16;16m██[38;2;16;16;16m██[38;2;98;139;172m██[38;2;98;139;172m██[38;2;98;139;172m██[38;2;98;139;172m██[38;2;98;139;172m██[38;2;49;74;74m██[38;2;90;180;205m██[38;2;90;180;205m██[38;2;90;180;205m██[38;2;90;180;205m██[38;2;49;74;74m██[38;2;90;180;205m██[38;2;98;139;172m██[38;2;98;139;172m██[38;2;49;74;74m██[38;2;189;172;90m██[38;2;189;172;90m██[38;2;189;172;90m██[38;2;49;74;74m██[38;2;98;139;172m██[38;2;16;16;16m██[38;2;49;74;74m██[38;2;90;180;205m██[38;2;156;213;222m██[38;2;156;213;222m██[38;2;49;74;74m██                          
                                                                      [38;2;49;74;74m██[38;2;90;180;205m██[38;2;90;180;205m██[38;2;90;180;205m██[38;2;49;74;74m██[38;2;98;139;172m██[38;2;98;139;172m██[38;2;98;139;172m██[38;2;49;74;74m██[38;2;90;180;205m██[38;2;90;180;205m██[38;2;90;180;205m██[38;2;90;180;205m██[38;2;90;180;205m██[38;2;49;74;74m██[38;2;98;139;172m██[38;2;98;139;172m██[38;2;98;139;172m██[38;2;49;74;74m██[38;2;115;90;41m██[38;2;115;90;41m██[38;2;189;172;90m██[38;2;49;74;74m██[38;2;98;139;172m██[38;2;16;16;16m██[38;2;98;139;172m██[38;2;98;139;172m██[38;2;90;180;205m██[38;2;49;74;74m██                            
                                                                      [38;2;49;74;74m██[38;2;90;180;205m██[38;2;90;180;205m██[38;2;90;180;205m██[38;2;90;180;205m██[38;2;16;16;16m██[38;2;16;16;16m██[38;2;49;74;74m██[38;2;90;180;205m██[38;2;90;180;205m██[38;2;90;180;205m██[38;2;90;180;205m██[38;2;90;180;205m██[38;2;49;74;74m██[38;2;98;139;172m██[38;2;98;139;172m██[38;2;98;139;172m██[38;2;16;16;16m██[38;2;115;90;41m██[38;2;115;90;41m██[38;2;115;90;41m██[38;2;115;90;41m██[38;2;49;74;74m██[38;2;16;16;16m██[38;2;98;139;172m██[38;2;90;180;205m██[38;2;90;180;205m██[38;2;49;74;74m██[38;2;49;74;74m██                            
                                                                        [38;2;16;16;16m██[38;2;98;139;172m██[38;2;90;180;205m██[38;2;90;180;205m██[38;2;90;180;205m██[38;2;90;180;205m██[38;2;16;16;16m██[38;2;90;180;205m██[38;2;90;180;205m██[38;2;90;180;205m██[38;2;90;180;205m██[38;2;90;180;205m██[38;2;49;74;74m██[38;2;98;139;172m██[38;2;98;139;172m██[38;2;98;139;172m██[38;2;16;16;16m██[38;2;115;90;41m██[38;2;115;90;41m██[38;2;115;90;41m██[38;2;49;74;74m██[38;2;98;139;172m██[38;2;16;16;16m██[38;2;98;139;172m██[38;2;98;139;172m██[38;2;90;180;205m██[38;2;90;180;205m██[38;2;49;74;74m██                            
                                                                          [38;2;49;74;74m██[38;2;98;139;172m██[38;2;90;180;205m██[38;2;90;180;205m██[38;2;90;180;205m██[38;2;90;180;205m██[38;2;16;16;16m██[38;2;90;180;205m██[38;2;90;180;205m██[38;2;90;180;205m██[38;2;90;180;205m██[38;2;49;74;74m██[38;2;98;139;172m██[38;2;98;139;172m██[38;2;98;139;172m██[38;2;16;16;16m██[38;2;115;90;41m██[38;2;115;90;41m██[38;2;115;90;41m██[38;2;16;16;16m██[38;2;98;139;172m██[38;2;98;139;172m██[38;2;98;139;172m██[38;2;98;139;172m██[38;2;49;74;74m██[38;2;49;74;74m██[38;2;90;180;205m██[38;2;49;74;74m██                          
                                                                          [38;2;16;16;16m██[38;2;98;139;172m██[38;2;98;139;172m██[38;2;98;139;172m██[38;2;90;180;205m██[38;2;90;180;205m██[38;2;98;139;172m██[38;2;49;74;74m██[38;2;49;74;74m██[38;2;90;180;205m██[38;2;90;180;205m██[38;2;90;180;205m██[38;2;49;74;74m██[38;2;98;139;172m██[38;2;98;139;172m██[38;2;16;16;16m██[38;2;115;90;41m██[38;2;115;90;41m██[38;2;115;90;41m██[38;2;98;139;172m██[38;2;98;139;172m██[38;2;98;139;172m██[38;2;98;139;172m██[38;2;98;139;172m██[38;2;49;74;74m██[38;2;213;213;213m██[38;2;16;16;16m██[38;2;98;139;172m██[38;2;49;74;74m██                        
                                                                            [38;2;16;16;16m██[38;2;98;139;172m██[38;2;98;139;172m██[38;2;98;139;172m██[38;2;98;139;172m██[38;2;98;139;172m██[38;2;98;139;172m██[38;2;16;16;16m██[38;2;90;180;205m██[38;2;90;180;205m██[38;2;90;180;205m██[38;2;98;139;172m██[38;2;16;16;16m██[38;2;98;139;172m██[38;2;49;74;74m██[38;2;115;90;41m██[38;2;115;90;41m██[38;2;115;90;41m██[38;2;98;139;172m██[38;2;98;139;172m██[38;2;98;139;172m██[38;2;98;139;172m██[38;2;98;139;172m██[38;2;98;139;172m██[38;2;255;255;255m██[38;2;115;90;41m██[38;2;16;16;16m██[38;2;49;74;74m██                        
                                                                            [38;2;16;16;16m██[38;2;98;139;172m██[38;2;98;139;172m██[38;2;98;139;172m██[38;2;98;139;172m██[38;2;98;139;172m██[38;2;98;139;172m██[38;2;98;139;172m██[38;2;98;139;172m██[38;2;98;139;172m██[38;2;98;139;172m██[38;2;98;139;172m██[38;2;16;16;16m██[38;2;98;139;172m██[38;2;98;139;172m██[38;2;49;74;74m██[38;2;49;74;74m██[38;2;98;139;172m██[38;2;98;139;172m██[38;2;98;139;172m██[38;2;98;139;172m██[38;2;98;139;172m██[38;2;98;139;172m██[38;2;98;139;172m██[38;2;255;255;255m██[38;2;16;16;16m██[38;2;213;213;213m██[38;2;115;90;41m██[38;2;49;74;74m██                      
                                                                              [38;2;16;16;16m██[38;2;98;139;172m██[38;2;98;139;172m██[38;2;98;139;172m██[38;2;98;139;172m██[38;2;16;16;16m██[38;2;98;139;172m██[38;2;98;139;172m██[38;2;98;139;172m██[38;2;98;139;172m██[38;2;98;139;172m██[38;2;98;139;172m██[38;2;16;16;16m██[38;2;98;139;172m██[38;2;98;139;172m██[38;2;98;139;172m██[38;2;98;139;172m██[38;2;98;139;172m██[38;2;98;139;172m██[38;2;98;139;172m██[38;2;98;139;172m██[38;2;98;139;172m██[38;2;98;139;172m██[38;2;98;139;172m██[38;2;213;213;213m██[38;2;16;16;16m██[38;2;49;74;74m██[38;2;49;74;74m██                      
                                                        [38;2;49;74;74m██[38;2;49;74;74m██                [38;2;49;74;74m██[38;2;16;16;16m██[38;2;98;139;172m██[38;2;98;139;172m██[38;2;49;74;74m██[38;2;16;16;16m██[38;2;98;139;172m██[38;2;98;139;172m██[38;2;98;139;172m██[38;2;98;139;172m██[38;2;98;139;172m██[38;2;98;139;172m██[38;2;98;139;172m██[38;2;98;139;172m██[38;2;16;16;16m██[38;2;49;74;74m██[38;2;98;139;172m██[38;2;98;139;172m██[38;2;98;139;172m██[38;2;98;139;172m██[38;2;98;139;172m██[38;2;98;139;172m██[38;2;98;139;172m██[38;2;98;139;172m██[38;2;98;139;172m██[38;2;98;139;172m██[38;2;98;139;172m██[38;2;90;180;205m██[38;2;90;180;205m██[38;2;16;16;16m██                    
                                                      [38;2;49;74;74m██[38;2;90;180;205m██[38;2;90;180;205m██[38;2;49;74;74m██[38;2;49;74;74m██            [38;2;49;74;74m██[38;2;90;180;205m██[38;2;16;16;16m██[38;2;16;16;16m██[38;2;49;74;74m██[38;2;98;139;172m██[38;2;98;139;172m██[38;2;98;139;172m██[38;2;98;139;172m██[38;2;98;139;172m██[38;2;98;139;172m██[38;2;98;139;172m██[38;2;98;139;172m██[38;2;98;139;172m██[38;2;98;139;172m██[38;2;98;139;172m██[38;2;98;139;172m██[38;2;98;139;172m██[38;2;98;139;172m██[38;2;98;139;172m██[38;2;98;139;172m██[38;2;98;139;172m██[38;2;98;139;172m██[38;2;98;139;172m██[38;2;98;139;172m██[38;2;98;139;172m██[38;2;98;139;172m██[38;2;98;139;172m██[38;2;90;180;205m██[38;2;16;16;16m██                    
                                                      [38;2;49;74;74m██[38;2;90;180;205m██[38;2;90;180;205m██[38;2;90;180;205m██[38;2;90;180;205m██[38;2;49;74;74m██[38;2;49;74;74m██[38;2;49;74;74m██    [38;2;49;74;74m██[38;2;90;180;205m██[38;2;90;180;205m██[38;2;98;139;172m██[38;2;98;139;172m██[38;2;98;139;172m██[38;2;98;139;172m██[38;2;98;139;172m██[38;2;98;139;172m██[38;2;98;139;172m██[38;2;98;139;172m██[38;2;98;139;172m██[38;2;98;139;172m██[38;2;98;139;172m██[38;2;98;139;172m██[38;2;98;139;172m██[38;2;98;139;172m██[38;2;98;139;172m██[38;2;98;139;172m██[38;2;98;139;172m██[38;2;98;139;172m██[38;2;115;90;41m██[38;2;98;139;172m██[38;2;49;74;74m██[38;2;16;16;16m██[38;2;16;16;16m██[38;2;49;74;74m██[38;2;98;139;172m██[38;2;98;139;172m██[38;2;98;139;172m██[38;2;16;16;16m██                    
                                                        [38;2;49;74;74m██[38;2;90;180;205m██[38;2;90;180;205m██[38;2;90;180;205m██[38;2;90;180;205m██[38;2;90;180;205m██[38;2;90;180;205m██[38;2;49;74;74m██[38;2;49;74;74m██[38;2;90;180;205m██[38;2;90;180;205m██[38;2;98;139;172m██[38;2;98;139;172m██[38;2;98;139;172m██[38;2;98;139;172m██[38;2;98;139;172m██[38;2;98;139;172m██[38;2;98;139;172m██[38;2;98;139;172m██[38;2;98;139;172m██[38;2;98;139;172m██[38;2;98;139;172m██[38;2;98;139;172m██[38;2;98;139;172m██[38;2;98;139;172m██[38;2;98;139;172m██[38;2;98;139;172m██[38;2;98;139;172m██[38;2;115;90;41m██[38;2;189;172;90m██[38;2;189;172;90m██[38;2;115;90;41m██[38;2;16;16;16m██[38;2;49;74;74m██[38;2;49;74;74m██[38;2;16;16;16m██[38;2;16;16;16m██[38;2;16;16;16m██[38;2;16;16;16m██                      
                                                          [38;2;16;16;16m██[38;2;98;139;172m██[38;2;90;180;205m██[38;2;90;180;205m██[38;2;90;180;205m██[38;2;90;180;205m██[38;2;90;180;205m██[38;2;90;180;205m██[38;2;49;74;74m██[38;2;49;74;74m██[38;2;98;139;172m██[38;2;98;139;172m██[38;2;98;139;172m██[38;2;98;139;172m██[38;2;98;139;172m██[38;2;98;139;172m██[38;2;98;139;172m██[38;2;98;139;172m██[38;2;98;139;172m██[38;2;98;139;172m██[38;2;98;139;172m██[38;2;98;139;172m██[38;2;98;139;172m██[38;2;98;139;172m██[38;2;98;139;172m██[38;2;98;139;172m██[38;2;115;90;41m██[38;2;189;172;90m██[38;2;189;172;90m██[38;2;189;172;90m██[38;2;238;230;164m██[38;2;115;90;41m██                                  
                                                          [38;2;16;16;16m██[38;2;98;139;172m██[38;2;98;139;172m██[38;2;98;139;172m██[38;2;90;180;205m██[38;2;90;180;205m██[38;2;90;180;205m██[38;2;98;139;172m██[38;2;98;139;172m██[38;2;98;139;172m██[38;2;49;74;74m██[38;2;98;139;172m██[38;2;98;139;172m██[38;2;98;139;172m██[38;2;98;139;172m██[38;2;98;139;172m██[38;2;98;139;172m██[38;2;98;139;172m██[38;2;98;139;172m██[38;2;98;139;172m██[38;2;98;139;172m██[38;2;98;139;172m██[38;2;98;139;172m██[38;2;98;139;172m██[38;2;98;139;172m██[38;2;98;139;172m██[38;2;115;90;41m██[38;2;189;172;90m██[38;2;189;172;90m██[38;2;189;172;90m██[38;2;238;230;164m██[38;2;115;90;41m██                                  
                                                            [38;2;16;16;16m██[38;2;98;139;172m██[38;2;98;139;172m██[38;2;98;139;172m██[38;2;98;139;172m██[38;2;98;139;172m██[38;2;98;139;172m██[38;2;98;139;172m██[38;2;98;139;172m██[38;2;98;139;172m██[38;2;98;139;172m██[38;2;98;139;172m██[38;2;98;139;172m██[38;2;98;139;172m██[38;2;98;139;172m██[38;2;98;139;172m██[38;2;98;139;172m██[38;2;98;139;172m██[38;2;98;139;172m██[38;2;98;139;172m██[38;2;98;139;172m██[38;2;98;139;172m██[38;2;98;139;172m██[38;2;98;139;172m██[38;2;98;139;172m██[38;2;115;90;41m██[38;2;189;172;90m██[38;2;189;172;90m██[38;2;189;172;90m██[38;2;238;230;164m██[38;2;115;90;41m██                                  
                                                              [38;2;16;16;16m██[38;2;98;139;172m██[38;2;98;139;172m██[38;2;98;139;172m██[38;2;98;139;172m██[38;2;98;139;172m██[38;2;98;139;172m██[38;2;49;74;74m██[38;2;98;139;172m██[38;2;98;139;172m██[38;2;98;139;172m██[38;2;98;139;172m██[38;2;98;139;172m██[38;2;98;139;172m██[38;2;98;139;172m██[38;2;98;139;172m██[38;2;98;139;172m██[38;2;98;139;172m██[38;2;98;139;172m██[38;2;98;139;172m██[38;2;98;139;172m██[38;2;98;139;172m██[38;2;98;139;172m██[38;2;98;139;172m██[38;2;115;90;41m██[38;2;189;172;90m██[38;2;189;172;90m██[38;2;189;172;90m██[38;2;230;205;139m██[38;2;238;230;164m██[38;2;115;90;41m██                                
                                                                [38;2;16;16;16m██[38;2;98;139;172m██[38;2;98;139;172m██[38;2;98;139;172m██[38;2;98;139;172m██[38;2;98;139;172m██[38;2;49;74;74m██[38;2;98;139;172m██[38;2;98;139;172m██[38;2;98;139;172m██[38;2;98;139;172m██[38;2;98;139;172m██[38;2;98;139;172m██[38;2;98;139;172m██[38;2;98;139;172m██[38;2;98;139;172m██[38;2;98;139;172m██[38;2;98;139;172m██[38;2;98;139;172m██[38;2;98;139;172m██[38;2;98;139;172m██[38;2;49;74;74m██[38;2;49;74;74m██[38;2;49;74;74m██[38;2;49;74;74m██[38;2;189;172;90m██[38;2;189;172;90m██[38;2;189;172;90m██[38;2;238;230;164m██[38;2;115;90;41m██                                
                                              [38;2;49;74;74m██[38;2;49;74;74m██              [38;2;16;16;16m██[38;2;98;139;172m██[38;2;98;139;172m██[38;2;98;139;172m██[38;2;98;139;172m██[38;2;16;16;16m██[38;2;98;139;172m██[38;2;98;139;172m██[38;2;98;139;172m██[38;2;98;139;172m██[38;2;98;139;172m██[38;2;98;139;172m██[38;2;98;139;172m██[38;2;98;139;172m██[38;2;98;139;172m██[38;2;98;139;172m██[38;2;98;139;172m██[38;2;98;139;172m██[38;2;98;139;172m██[38;2;16;16;16m██[38;2;16;16;16m██[38;2;90;180;205m██[38;2;90;180;205m██[38;2;90;180;205m██[38;2;90;180;205m██[38;2;49;74;74m██[38;2;49;74;74m██[38;2;189;172;90m██[38;2;230;205;139m██[38;2;115;90;41m██                                
                                            [38;2;16;16;16m██[38;2;90;180;205m██[38;2;90;180;205m██[38;2;49;74;74m██[38;2;49;74;74m██        [38;2;98;139;172m██[38;2;90;180;205m██[38;2;16;16;16m██[38;2;98;139;172m██[38;2;98;139;172m██[38;2;49;74;74m██[38;2;98;139;172m██[38;2;98;139;172m██[38;2;98;139;172m██[38;2;98;139;172m██[38;2;98;139;172m██[38;2;98;139;172m██[38;2;98;139;172m██[38;2;98;139;172m██[38;2;98;139;172m██[38;2;98;139;172m██[38;2;98;139;172m██[38;2;98;139;172m██[38;2;98;139;172m██[38;2;16;16;16m██[38;2;90;180;205m██[38;2;90;180;205m██[38;2;90;180;205m██[38;2;90;180;205m██[38;2;90;180;205m██[38;2;90;180;205m██[38;2;90;180;205m██[38;2;90;180;205m██[38;2;49;74;74m██[38;2;189;172;90m██[38;2;238;230;164m██[38;2;115;90;41m██                              
                                            [38;2;16;16;16m██[38;2;90;180;205m██[38;2;90;180;205m██[38;2;90;180;205m██[38;2;90;180;205m██[38;2;49;74;74m██[38;2;49;74;74m██  [38;2;98;139;172m██[38;2;90;180;205m██[38;2;90;180;205m██[38;2;90;180;205m██[38;2;16;16;16m██[38;2;16;16;16m██[38;2;98;139;172m██[38;2;98;139;172m██[38;2;98;139;172m██[38;2;98;139;172m██[38;2;98;139;172m██[38;2;98;139;172m██[38;2;98;139;172m██[38;2;98;139;172m██[38;2;98;139;172m██[38;2;98;139;172m██[38;2;98;139;172m██[38;2;98;139;172m██[38;2;98;139;172m██[38;2;98;139;172m██[38;2;16;16;16m██[38;2;90;180;205m██[38;2;90;180;205m██[38;2;90;180;205m██[38;2;90;180;205m██[38;2;90;180;205m██[38;2;90;180;205m██[38;2;90;180;205m██[38;2;90;180;205m██[38;2;49;74;74m██[38;2;189;172;90m██[38;2;189;172;90m██[38;2;16;16;16m██                              
                                              [38;2;16;16;16m██[38;2;90;180;205m██[38;2;90;180;205m██[38;2;90;180;205m██[38;2;90;180;205m██[38;2;90;180;205m██[38;2;49;74;74m██[38;2;49;74;74m██[38;2;49;74;74m██[38;2;90;180;205m██[38;2;98;139;172m██[38;2;98;139;172m██[38;2;98;139;172m██[38;2;98;139;172m██[38;2;98;139;172m██[38;2;98;139;172m██[38;2;98;139;172m██[38;2;98;139;172m██[38;2;98;139;172m██[38;2;98;139;172m██[38;2;98;139;172m██[38;2;98;139;172m██[38;2;98;139;172m██[38;2;98;139;172m██[38;2;98;139;172m██[38;2;98;139;172m██[38;2;16;16;16m██[38;2;98;139;172m██[38;2;98;139;172m██[38;2;90;180;205m██[38;2;90;180;205m██[38;2;90;180;205m██[38;2;90;180;205m██[38;2;90;180;205m██[38;2;90;180;205m██[38;2;90;180;205m██[38;2;90;180;205m██[38;2;49;74;74m██[38;2;16;16;16m██                                
                                                [38;2;16;16;16m██[38;2;98;139;172m██[38;2;90;180;205m██[38;2;90;180;205m██[38;2;90;180;205m██[38;2;90;180;205m██[38;2;90;180;205m██[38;2;98;139;172m██[38;2;16;16;16m██[38;2;16;16;16m██[38;2;98;139;172m██[38;2;98;139;172m██[38;2;98;139;172m██[38;2;98;139;172m██[38;2;98;139;172m██[38;2;98;139;172m██[38;2;98;139;172m██[38;2;98;139;172m██[38;2;98;139;172m██[38;2;98;139;172m██[38;2;98;139;172m██[38;2;98;139;172m██[38;2;98;139;172m██[38;2;98;139;172m██[38;2;98;139;172m██[38;2;16;16;16m██[38;2;98;139;172m██[38;2;98;139;172m██[38;2;98;139;172m██[38;2;98;139;172m██[38;2;90;180;205m██[38;2;90;180;205m██[38;2;90;180;205m██[38;2;90;180;205m██[38;2;90;180;205m██[38;2;98;139;172m██[38;2;49;74;74m██                                  
                                                  [38;2;16;16;16m██[38;2;98;139;172m██[38;2;98;139;172m██[38;2;90;180;205m██[38;2;90;180;205m██[38;2;90;180;205m██[38;2;90;180;205m██[38;2;98;139;172m██[38;2;98;139;172m██[38;2;16;16;16m██[38;2;98;139;172m██[38;2;98;139;172m██[38;2;98;139;172m██[38;2;98;139;172m██[38;2;98;139;172m██[38;2;98;139;172m██[38;2;98;139;172m██[38;2;98;139;172m██[38;2;98;139;172m██[38;2;98;139;172m██[38;2;98;139;172m██[38;2;98;139;172m██[38;2;98;139;172m██[38;2;98;139;172m██[38;2;16;16;16m██[38;2;98;139;172m██[38;2;98;139;172m██[38;2;98;139;172m██[38;2;98;139;172m██[38;2;98;139;172m██[38;2;98;139;172m██[38;2;98;139;172m██[38;2;49;74;74m██[38;2;49;74;74m██[38;2;98;139;172m██[38;2;16;16;16m██              [38;2;49;74;74m██[38;2;49;74;74m██[38;2;49;74;74m██              
                                                    [38;2;16;16;16m██[38;2;98;139;172m██[38;2;98;139;172m██[38;2;98;139;172m██[38;2;98;139;172m██[38;2;98;139;172m██[38;2;98;139;172m██[38;2;98;139;172m██[38;2;49;74;74m██[38;2;98;139;172m██[38;2;98;139;172m██[38;2;98;139;172m██[38;2;98;139;172m██[38;2;98;139;172m██[38;2;98;139;172m██[38;2;98;139;172m██[38;2;98;139;172m██[38;2;98;139;172m██[38;2;98;139;172m██[38;2;98;139;172m██[38;2;98;139;172m██[38;2;98;139;172m██[38;2;98;139;172m██[38;2;16;16;16m██[38;2;98;139;172m██[38;2;98;139;172m██[38;2;98;139;172m██[38;2;98;139;172m██[38;2;98;139;172m██[38;2;98;139;172m██[38;2;49;74;74m██[38;2;90;180;205m██[38;2;90;180;205m██[38;2;98;139;172m██[38;2;16;16;16m██[38;2;49;74;74m██      [38;2;49;74;74m██[38;2;49;74;74m██[38;2;49;74;74m██[38;2;90;180;205m██[38;2;90;180;205m██[38;2;90;180;205m██[38;2;49;74;74m██[38;2;49;74;74m██[38;2;49;74;74m██[38;2;49;74;74m██[38;2;49;74;74m██    
                                                    [38;2;16;16;16m██[38;2;98;139;172m██[38;2;98;139;172m██[38;2;98;139;172m██[38;2;98;139;172m██[38;2;98;139;172m██[38;2;98;139;172m██[38;2;98;139;172m██[38;2;98;139;172m██[38;2;98;139;172m██[38;2;98;139;172m██[38;2;98;139;172m██[38;2;98;139;172m██[38;2;98;139;172m██[38;2;98;139;172m██[38;2;98;139;172m██[38;2;98;139;172m██[38;2;98;139;172m██[38;2;98;139;172m██[38;2;98;139;172m██[38;2;98;139;172m██[38;2;98;139;172m██[38;2;98;139;172m██[38;2;98;139;172m██[38;2;16;16;16m██[38;2;98;139;172m██[38;2;98;139;172m██[38;2;98;139;172m██[38;2;98;139;172m██[38;2;49;74;74m██[38;2;98;139;172m██[38;2;90;180;205m██[38;2;90;180;205m██[38;2;90;180;205m██[38;2;90;180;205m██[38;2;90;180;205m██[38;2;49;74;74m██[38;2;49;74;74m██[38;2;49;74;74m██[38;2;90;180;205m██[38;2;90;180;205m██[38;2;90;180;205m██[38;2;90;180;205m██[38;2;90;180;205m██[38;2;90;180;205m██[38;2;90;180;205m██[38;2;90;180;205m██[38;2;49;74;74m██[38;2;255;255;255m██[38;2;255;255;255m██[38;2;16;16;16m██  
                                                      [38;2;16;16;16m██[38;2;98;139;172m██[38;2;98;139;172m██[38;2;98;139;172m██[38;2;98;139;172m██[38;2;98;139;172m██[38;2;98;139;172m██[38;2;98;139;172m██[38;2;98;139;172m██[38;2;98;139;172m██[38;2;98;139;172m██[38;2;98;139;172m██[38;2;98;139;172m██[38;2;98;139;172m██[38;2;98;139;172m██[38;2;98;139;172m██[38;2;98;139;172m██[38;2;98;139;172m██[38;2;98;139;172m██[38;2;98;139;172m██[38;2;98;139;172m██[38;2;98;139;172m██[38;2;98;139;172m██[38;2;16;16;16m██[38;2;98;139;172m██[38;2;98;139;172m██[38;2;98;139;172m██[38;2;98;139;172m██[38;2;49;74;74m██[38;2;98;139;172m██[38;2;98;139;172m██[38;2;90;180;205m██[38;2;90;180;205m██[38;2;90;180;205m██[38;2;49;74;74m██[38;2;90;180;205m██[38;2;90;180;205m██[38;2;90;180;205m██[38;2;90;180;205m██[38;2;90;180;205m██[38;2;90;180;205m██[38;2;90;180;205m██[38;2;90;180;205m██[38;2;90;180;205m██[38;2;90;180;205m██[38;2;90;180;205m██[38;2;90;180;205m██[38;2;49;74;74m██[38;2;16;16;16m██    
                                      [38;2;49;74;74m██[38;2;49;74;74m██              [38;2;16;16;16m██[38;2;98;139;172m██[38;2;98;139;172m██[38;2;98;139;172m██[38;2;98;139;172m██[38;2;49;74;74m██[38;2;98;139;172m██[38;2;98;139;172m██[38;2;98;139;172m██[38;2;98;139;172m██[38;2;98;139;172m██[38;2;98;139;172m██[38;2;98;139;172m██[38;2;98;139;172m██[38;2;98;139;172m██[38;2;98;139;172m██[38;2;98;139;172m██[38;2;98;139;172m██[38;2;98;139;172m██[38;2;98;139;172m██[38;2;98;139;172m██[38;2;98;139;172m██[38;2;98;139;172m██[38;2;16;16;16m██[38;2;16;16;16m██[38;2;98;139;172m██[38;2;98;139;172m██[38;2;49;74;74m██[38;2;98;139;172m██[38;2;98;139;172m██[38;2;98;139;172m██[38;2;98;139;172m██[38;2;49;74;74m██[38;2;98;139;172m██[38;2;98;139;172m██[38;2;90;180;205m██[38;2;90;180;205m██[38;2;90;180;205m██[38;2;90;180;205m██[38;2;90;180;205m██[38;2;90;180;205m██[38;2;90;180;205m██[38;2;90;180;205m██[38;2;90;180;205m██[38;2;90;180;205m██[38;2;98;139;172m██[38;2;49;74;74m██[38;2;255;255;255m██[38;2;49;74;74m██  
                                    [38;2;49;74;74m██[38;2;90;180;205m██[38;2;90;180;205m██[38;2;49;74;74m██[38;2;49;74;74m██        [38;2;98;139;172m██[38;2;90;180;205m██[38;2;16;16;16m██[38;2;98;139;172m██[38;2;98;139;172m██[38;2;49;74;74m██[38;2;98;139;172m██[38;2;98;139;172m██[38;2;98;139;172m██[38;2;98;139;172m██[38;2;98;139;172m██[38;2;98;139;172m██[38;2;98;139;172m██[38;2;98;139;172m██[38;2;98;139;172m██[38;2;98;139;172m██[38;2;98;139;172m██[38;2;98;139;172m██[38;2;98;139;172m██[38;2;98;139;172m██[38;2;98;139;172m██[38;2;98;139;172m██[38;2;98;139;172m██[38;2;98;139;172m██[38;2;98;139;172m██[38;2;98;139;172m██[38;2;16;16;16m██[38;2;16;16;16m██[38;2;16;16;16m██[38;2;49;74;74m██[38;2;98;139;172m██[38;2;98;139;172m██[38;2;98;139;172m██[38;2;49;74;74m██[38;2;98;139;172m██[38;2;98;139;172m██[38;2;98;139;172m██[38;2;98;139;172m██[38;2;90;180;205m██[38;2;90;180;205m██[38;2;90;180;205m██[38;2;90;180;205m██[38;2;90;180;205m██[38;2;98;139;172m██[38;2;98;139;172m██[38;2;98;139;172m██[38;2;98;139;172m██[38;2;49;74;74m██[38;2;213;213;213m██[38;2;255;255;255m██[38;2;49;74;74m██
                                    [38;2;49;74;74m██[38;2;90;180;205m██[38;2;90;180;205m██[38;2;90;180;205m██[38;2;90;180;205m██[38;2;49;74;74m██[38;2;49;74;74m██    [38;2;98;139;172m██[38;2;90;180;205m██[38;2;90;180;205m██[38;2;16;16;16m██[38;2;49;74;74m██[38;2;98;139;172m██[38;2;98;139;172m██[38;2;98;139;172m██[38;2;98;139;172m██[38;2;98;139;172m██[38;2;98;139;172m██[38;2;98;139;172m██[38;2;98;139;172m██[38;2;98;139;172m██[38;2;98;139;172m██[38;2;98;139;172m██[38;2;98;139;172m██[38;2;98;139;172m██[38;2;98;139;172m██[38;2;98;139;172m██[38;2;98;139;172m██[38;2;98;139;172m██[38;2;98;139;172m██[38;2;98;139;172m██[38;2;98;139;172m██[38;2;98;139;172m██[38;2;98;139;172m██[38;2;98;139;172m██[38;2;115;90;41m██[38;2;16;16;16m██[38;2;98;139;172m██[38;2;98;139;172m██[38;2;98;139;172m██[38;2;49;74;74m██[38;2;98;139;172m██[38;2;98;139;172m██[38;2;98;139;172m██[38;2;98;139;172m██[38;2;98;139;172m██[38;2;98;139;172m██[38;2;98;139;172m██[38;2;98;139;172m██[38;2;98;139;172m██[38;2;98;139;172m██[38;2;98;139;172m██[38;2;98;139;172m██[38;2;98;139;172m██[38;2;16;16;16m██[38;2;16;16;16m██[38;2;16;16;16m██  
                                      [38;2;16;16;16m██[38;2;90;180;205m██[38;2;90;180;205m██[38;2;90;180;205m██[38;2;90;180;205m██[38;2;90;180;205m██[38;2;49;74;74m██[38;2;49;74;74m██[38;2;90;180;205m██[38;2;90;180;205m██[38;2;98;139;172m██[38;2;98;139;172m██[38;2;98;139;172m██[38;2;98;139;172m██[38;2;98;139;172m██[38;2;98;139;172m██[38;2;98;139;172m██[38;2;98;139;172m██[38;2;98;139;172m██[38;2;98;139;172m██[38;2;98;139;172m██[38;2;98;139;172m██[38;2;98;139;172m██[38;2;98;139;172m██[38;2;98;139;172m██[38;2;98;139;172m██[38;2;98;139;172m██[38;2;98;139;172m██[38;2;98;139;172m██[38;2;98;139;172m██[38;2;98;139;172m██[38;2;98;139;172m██[38;2;98;139;172m██[38;2;98;139;172m██[38;2;98;139;172m██[38;2;98;139;172m██[38;2;98;139;172m██[38;2;189;172;90m██[38;2;16;16;16m██[38;2;16;16;16m██[38;2;98;139;172m██[38;2;49;74;74m██[38;2;98;139;172m██[38;2;98;139;172m██[38;2;98;139;172m██[38;2;98;139;172m██[38;2;98;139;172m██[38;2;98;139;172m██[38;2;98;139;172m██[38;2;98;139;172m██[38;2;98;139;172m██[38;2;98;139;172m██[38;2;98;139;172m██[38;2;98;139;172m██[38;2;98;139;172m██[38;2;49;74;74m██[38;2;49;74;74m██    
                                        [38;2;16;16;16m██[38;2;98;139;172m██[38;2;90;180;205m██[38;2;90;180;205m██[38;2;90;180;205m██[38;2;98;139;172m██[38;2;98;139;172m██[38;2;49;74;74m██[38;2;49;74;74m██[38;2;98;139;172m██[38;2;98;139;172m██[38;2;98;139;172m██[38;2;98;139;172m██[38;2;98;139;172m██[38;2;98;139;172m██[38;2;98;139;172m██[38;2;98;139;172m██[38;2;98;139;172m██[38;2;98;139;172m██[38;2;98;139;172m██[38;2;98;139;172m██[38;2;98;139;172m██[38;2;98;139;172m██[38;2;98;139;172m██[38;2;98;139;172m██[38;2;98;139;172m██[38;2;98;139;172m██[38;2;98;139;172m██[38;2;98;139;172m██[38;2;98;139;172m██[38;2;98;139;172m██[38;2;98;139;172m██[38;2;98;139;172m██[38;2;98;139;172m██[38;2;98;139;172m██[38;2;98;139;172m██[38;2;115;90;41m██[38;2;189;172;90m██[38;2;115;90;41m██[38;2;16;16;16m██[38;2;16;16;16m██[38;2;16;16;16m██[38;2;98;139;172m██[38;2;98;139;172m██[38;2;98;139;172m██[38;2;98;139;172m██[38;2;98;139;172m██[38;2;98;139;172m██[38;2;98;139;172m██[38;2;98;139;172m██[38;2;98;139;172m██[38;2;98;139;172m██[38;2;98;139;172m██[38;2;49;74;74m██        
                                          [38;2;16;16;16m██[38;2;98;139;172m██[38;2;98;139;172m██[38;2;90;180;205m██[38;2;90;180;205m██[38;2;98;139;172m██[38;2;98;139;172m██[38;2;98;139;172m██[38;2;16;16;16m██[38;2;98;139;172m██[38;2;98;139;172m██[38;2;98;139;172m██[38;2;98;139;172m██[38;2;98;139;172m██[38;2;98;139;172m██[38;2;98;139;172m██[38;2;98;139;172m██[38;2;98;139;172m██[38;2;98;139;172m██[38;2;98;139;172m██[38;2;98;139;172m██[38;2;98;139;172m██[38;2;98;139;172m██[38;2;98;139;172m██[38;2;98;139;172m██[38;2;98;139;172m██[38;2;98;139;172m██[38;2;98;139;172m██[38;2;98;139;172m██[38;2;98;139;172m██[38;2;98;139;172m██[38;2;98;139;172m██[38;2;98;139;172m██[38;2;98;139;172m██[38;2;98;139;172m██[38;2;115;90;41m██[38;2;189;172;90m██[38;2;49;74;74m██      [38;2;16;16;16m██[38;2;16;16;16m██[38;2;98;139;172m██[38;2;98;139;172m██[38;2;98;139;172m██[38;2;98;139;172m██[38;2;98;139;172m██[38;2;98;139;172m██[38;2;16;16;16m██[38;2;16;16;16m██[38;2;16;16;16m██          
                                            [38;2;16;16;16m██[38;2;98;139;172m██[38;2;98;139;172m██[38;2;98;139;172m██[38;2;98;139;172m██[38;2;98;139;172m██[38;2;98;139;172m██[38;2;98;139;172m██[38;2;98;139;172m██[38;2;98;139;172m██[38;2;98;139;172m██[38;2;98;139;172m██[38;2;98;139;172m██[38;2;98;139;172m██[38;2;98;139;172m██[38;2;98;139;172m██[38;2;98;139;172m██[38;2;98;139;172m██[38;2;98;139;172m██[38;2;98;139;172m██[38;2;98;139;172m██[38;2;98;139;172m██[38;2;98;139;172m██[38;2;98;139;172m██[38;2;98;139;172m██[38;2;98;139;172m██[38;2;98;139;172m██[38;2;98;139;172m██[38;2;98;139;172m██[38;2;98;139;172m██[38;2;98;139;172m██[38;2;98;139;172m██[38;2;98;139;172m██[38;2;98;139;172m██[38;2;98;139;172m██[38;2;49;74;74m██            [38;2;16;16;16m██[38;2;16;16;16m██[38;2;16;16;16m██[38;2;16;16;16m██[38;2;16;16;16m██[38;2;16;16;16m██                
                                            [38;2;16;16;16m██[38;2;98;139;172m██[38;2;98;139;172m██[38;2;98;139;172m██[38;2;98;139;172m██[38;2;98;139;172m██[38;2;98;139;172m██[38;2;49;74;74m██[38;2;98;139;172m██[38;2;98;139;172m██[38;2;98;139;172m██[38;2;98;139;172m██[38;2;98;139;172m██[38;2;98;139;172m██[38;2;98;139;172m██[38;2;98;139;172m██[38;2;98;139;172m██[38;2;98;139;172m██[38;2;98;139;172m██[38;2;98;139;172m██[38;2;98;139;172m██[38;2;98;139;172m██[38;2;98;139;172m██[38;2;98;139;172m██[38;2;98;139;172m██[38;2;98;139;172m██[38;2;98;139;172m██[38;2;98;139;172m██[38;2;98;139;172m██[38;2;49;74;74m██[38;2;98;139;172m██[38;2;98;139;172m██[38;2;98;139;172m██[38;2;98;139;172m██[38;2;98;139;172m██[38;2;49;74;74m██                                        
                                  [38;2;49;74;74m██[38;2;49;74;74m██        [38;2;16;16;16m██[38;2;98;139;172m██[38;2;98;139;172m██[38;2;98;139;172m██[38;2;98;139;172m██[38;2;98;139;172m██[38;2;49;74;74m██[38;2;98;139;172m██[38;2;98;139;172m██[38;2;98;139;172m██[38;2;98;139;172m██[38;2;98;139;172m██[38;2;98;139;172m██[38;2;98;139;172m██[38;2;98;139;172m██[38;2;98;139;172m██[38;2;98;139;172m██[38;2;98;139;172m██[38;2;98;139;172m██[38;2;98;139;172m██[38;2;98;139;172m██[38;2;98;139;172m██[38;2;98;139;172m██[38;2;98;139;172m██[38;2;98;139;172m██[38;2;98;139;172m██[38;2;98;139;172m██[38;2;98;139;172m██[38;2;98;139;172m██[38;2;49;74;74m██[38;2;16;16;16m██[38;2;16;16;16m██[38;2;98;139;172m██[38;2;98;139;172m██[38;2;49;74;74m██                                        
                                [38;2;49;74;74m██[38;2;90;180;205m██[38;2;90;180;205m██[38;2;49;74;74m██    [38;2;49;74;74m██[38;2;98;139;172m██[38;2;16;16;16m██[38;2;98;139;172m██[38;2;98;139;172m██[38;2;98;139;172m██[38;2;49;74;74m██[38;2;98;139;172m██[38;2;98;139;172m██[38;2;98;139;172m██[38;2;98;139;172m██[38;2;98;139;172m██[38;2;98;139;172m██[38;2;98;139;172m██[38;2;98;139;172m██[38;2;98;139;172m██[38;2;98;139;172m██[38;2;98;139;172m██[38;2;98;139;172m██[38;2;98;139;172m██[38;2;98;139;172m██[38;2;98;139;172m██[38;2;98;139;172m██[38;2;98;139;172m██[38;2;49;74;74m██[38;2;98;139;172m██[38;2;98;139;172m██[38;2;98;139;172m██[38;2;98;139;172m██[38;2;98;139;172m██[38;2;98;139;172m██[38;2;90;180;205m██[38;2;98;139;172m██[38;2;16;16;16m██[38;2;16;16;16m██[38;2;16;16;16m██                                        
                                [38;2;49;74;74m██[38;2;98;139;172m██[38;2;90;180;205m██[38;2;90;180;205m██[38;2;16;16;16m██[38;2;49;74;74m██[38;2;98;139;172m██[38;2;98;139;172m██[38;2;98;139;172m██[38;2;16;16;16m██[38;2;16;16;16m██[38;2;49;74;74m██[38;2;98;139;172m██[38;2;98;139;172m██[38;2;98;139;172m██[38;2;98;139;172m██[38;2;98;139;172m██[38;2;98;139;172m██[38;2;98;139;172m██[38;2;98;139;172m██[38;2;98;139;172m██[38;2;98;139;172m██[38;2;98;139;172m██[38;2;98;139;172m██[38;2;98;139;172m██[38;2;98;139;172m██[38;2;98;139;172m██[38;2;98;139;172m██[38;2;98;139;172m██[38;2;49;74;74m██[38;2;98;139;172m██[38;2;98;139;172m██[38;2;98;139;172m██[38;2;98;139;172m██[38;2;98;139;172m██[38;2;98;139;172m██[38;2;90;180;205m██[38;2;98;139;172m██[38;2;90;180;205m██[38;2;98;139;172m██[38;2;90;180;205m██[38;2;49;74;74m██[38;2;16;16;16m██                                      
                                [38;2;49;74;74m██[38;2;98;139;172m██[38;2;90;180;205m██[38;2;90;180;205m██[38;2;90;180;205m██[38;2;16;16;16m██[38;2;98;139;172m██[38;2;98;139;172m██[38;2;98;139;172m██[38;2;98;139;172m██[38;2;98;139;172m██[38;2;98;139;172m██[38;2;98;139;172m██[38;2;98;139;172m██[38;2;98;139;172m██[38;2;98;139;172m██[38;2;98;139;172m██[38;2;98;139;172m██[38;2;98;139;172m██[38;2;98;139;172m██[38;2;98;139;172m██[38;2;98;139;172m██[38;2;98;139;172m██[38;2;98;139;172m██[38;2;98;139;172m██[38;2;98;139;172m██[38;2;98;139;172m██[38;2;98;139;172m██[38;2;16;16;16m██[38;2;98;139;172m██[38;2;98;139;172m██[38;2;98;139;172m██[38;2;98;139;172m██[38;2;98;139;172m██[38;2;98;139;172m██[38;2;98;139;172m██[38;2;98;139;172m██[38;2;90;180;205m██[38;2;98;139;172m██[38;2;90;180;205m██[38;2;90;180;205m██[38;2;90;180;205m██[38;2;90;180;205m██[38;2;16;16;16m██                                    
                                [38;2;16;16;16m██[38;2;98;139;172m██[38;2;98;139;172m██[38;2;90;180;205m██[38;2;90;180;205m██[38;2;98;139;172m██[38;2;16;16;16m██[38;2;98;139;172m██[38;2;98;139;172m██[38;2;98;139;172m██[38;2;98;139;172m██[38;2;98;139;172m██[38;2;98;139;172m██[38;2;98;139;172m██[38;2;98;139;172m██[38;2;98;139;172m██[38;2;98;139;172m██[38;2;98;139;172m██[38;2;98;139;172m██[38;2;98;139;172m██[38;2;98;139;172m██[38;2;98;139;172m██[38;2;98;139;172m██[38;2;98;139;172m██[38;2;98;139;172m██[38;2;98;139;172m██[38;2;98;139;172m██[38;2;49;74;74m██[38;2;49;74;74m██[38;2;98;139;172m██[38;2;98;139;172m██[38;2;98;139;172m██[38;2;98;139;172m██[38;2;98;139;172m██[38;2;98;139;172m██[38;2;98;139;172m██[38;2;98;139;172m██[38;2;98;139;172m██[38;2;98;139;172m██[38;2;90;180;205m██[38;2;90;180;205m██[38;2;90;180;205m██[38;2;90;180;205m██[38;2;90;180;205m██[38;2;49;74;74m██                                  
                                [38;2;16;16;16m██[38;2;98;139;172m██[38;2;98;139;172m██[38;2;90;180;205m██[38;2;98;139;172m██[38;2;98;139;172m██[38;2;98;139;172m██[38;2;16;16;16m██[38;2;49;74;74m██[38;2;98;139;172m██[38;2;98;139;172m██[38;2;98;139;172m██[38;2;98;139;172m██[38;2;98;139;172m██[38;2;98;139;172m██[38;2;98;139;172m██[38;2;98;139;172m██[38;2;98;139;172m██[38;2;98;139;172m██[38;2;98;139;172m██[38;2;98;139;172m██[38;2;98;139;172m██[38;2;98;139;172m██[38;2;98;139;172m██[38;2;98;139;172m██[38;2;98;139;172m██[38;2;98;139;172m██[38;2;16;16;16m██[38;2;98;139;172m██[38;2;98;139;172m██[38;2;98;139;172m██[38;2;98;139;172m██[38;2;49;74;74m██[38;2;98;139;172m██[38;2;98;139;172m██[38;2;98;139;172m██[38;2;98;139;172m██[38;2;98;139;172m██[38;2;98;139;172m██[38;2;98;139;172m██[38;2;90;180;205m██[38;2;90;180;205m██[38;2;90;180;205m██[38;2;90;180;205m██[38;2;49;74;74m██                                  
  [38;2;49;74;74m██[38;2;49;74;74m██[38;2;49;74;74m██                          [38;2;16;16;16m██[38;2;98;139;172m██[38;2;98;139;172m██[38;2;98;139;172m██[38;2;98;139;172m██[38;2;98;139;172m██[38;2;98;139;172m██[38;2;16;16;16m██[38;2;49;74;74m██[38;2;98;139;172m██[38;2;98;139;172m██[38;2;98;139;172m██[38;2;98;139;172m██[38;2;98;139;172m██[38;2;98;139;172m██[38;2;98;139;172m██[38;2;98;139;172m██[38;2;98;139;172m██[38;2;98;139;172m██[38;2;98;139;172m██[38;2;98;139;172m██[38;2;98;139;172m██[38;2;98;139;172m██[38;2;98;139;172m██[38;2;98;139;172m██[38;2;98;139;172m██[38;2;16;16;16m██[38;2;98;139;172m██[38;2;98;139;172m██[38;2;98;139;172m██[38;2;98;139;172m██[38;2;98;139;172m██[38;2;49;74;74m██[38;2;49;74;74m██[38;2;98;139;172m██[38;2;98;139;172m██[38;2;98;139;172m██[38;2;98;139;172m██[38;2;98;139;172m██[38;2;98;139;172m██[38;2;90;180;205m██[38;2;90;180;205m██[38;2;90;180;205m██[38;2;90;180;205m██[38;2;49;74;74m██                                
[38;2;49;74;74m██[38;2;90;180;205m██[38;2;90;180;205m██[38;2;90;180;205m██[38;2;49;74;74m██[38;2;49;74;74m██[38;2;49;74;74m██[38;2;49;74;74m██              [38;2;49;74;74m██[38;2;49;74;74m██[38;2;16;16;16m██[38;2;98;139;172m██[38;2;98;139;172m██[38;2;98;139;172m██[38;2;98;139;172m██[38;2;98;139;172m██[38;2;98;139;172m██[38;2;49;74;74m██[38;2;98;139;172m██[38;2;49;74;74m██[38;2;49;74;74m██[38;2;98;139;172m██[38;2;98;139;172m██[38;2;98;139;172m██[38;2;98;139;172m██[38;2;98;139;172m██[38;2;98;139;172m██[38;2;98;139;172m██[38;2;98;139;172m██[38;2;98;139;172m██[38;2;98;139;172m██[38;2;98;139;172m██[38;2;98;139;172m██[38;2;98;139;172m██[38;2;98;139;172m██[38;2;98;139;172m██[38;2;98;139;172m██[38;2;98;139;172m██[38;2;98;139;172m██[38;2;98;139;172m██[38;2;98;139;172m██[38;2;98;139;172m██[38;2;98;139;172m██[38;2;98;139;172m██[38;2;49;74;74m██[38;2;49;74;74m██[38;2;49;74;74m██[38;2;98;139;172m██[38;2;98;139;172m██[38;2;98;139;172m██[38;2;98;139;172m██[38;2;98;139;172m██[38;2;90;180;205m██[38;2;90;180;205m██[38;2;49;74;74m██                                
[38;2;49;74;74m██[38;2;98;139;172m██[38;2;90;180;205m██[38;2;90;180;205m██[38;2;90;180;205m██[38;2;90;180;205m██[38;2;90;180;205m██[38;2;90;180;205m██[38;2;49;74;74m██[38;2;49;74;74m██[38;2;49;74;74m██[38;2;49;74;74m██[38;2;49;74;74m██[38;2;49;74;74m██[38;2;49;74;74m██[38;2;90;180;205m██[38;2;90;180;205m██[38;2;16;16;16m██[38;2;98;139;172m██[38;2;98;139;172m██[38;2;98;139;172m██[38;2;98;139;172m██[38;2;98;139;172m██[38;2;49;74;74m██[38;2;98;139;172m██[38;2;98;139;172m██[38;2;98;139;172m██[38;2;98;139;172m██[38;2;49;74;74m██[38;2;98;139;172m██[38;2;98;139;172m██[38;2;98;139;172m██[38;2;98;139;172m██[38;2;98;139;172m██[38;2;98;139;172m██[38;2;98;139;172m██[38;2;98;139;172m██[38;2;98;139;172m██[38;2;98;139;172m██[38;2;98;139;172m██[38;2;98;139;172m██[38;2;98;139;172m██[38;2;98;139;172m██[38;2;98;139;172m██[38;2;98;139;172m██[38;2;98;139;172m██[38;2;98;139;172m██[38;2;98;139;172m██[38;2;98;139;172m██[38;2;98;139;172m██[38;2;98;139;172m██[38;2;98;139;172m██[38;2;98;139;172m██[38;2;98;139;172m██[38;2;49;74;74m██[38;2;49;74;74m██[38;2;98;139;172m██[38;2;98;139;172m██[38;2;98;139;172m██[38;2;98;139;172m██[38;2;90;180;205m██[38;2;49;74;74m██                                
[38;2;16;16;16m██[38;2;98;139;172m██[38;2;98;139;172m██[38;2;90;180;205m██[38;2;90;180;205m██[38;2;90;180;205m██[38;2;90;180;205m██[38;2;90;180;205m██[38;2;90;180;205m██[38;2;90;180;205m██[38;2;90;180;205m██[38;2;90;180;205m██[38;2;90;180;205m██[38;2;90;180;205m██[38;2;90;180;205m██[38;2;98;139;172m██[38;2;98;139;172m██[38;2;90;180;205m██[38;2;49;74;74m██[38;2;49;74;74m██[38;2;49;74;74m██[38;2;98;139;172m██[38;2;98;139;172m██[38;2;98;139;172m██[38;2;98;139;172m██[38;2;98;139;172m██[38;2;98;139;172m██[38;2;98;139;172m██[38;2;98;139;172m██[38;2;49;74;74m██[38;2;98;139;172m██[38;2;98;139;172m██[38;2;98;139;172m██[38;2;98;139;172m██[38;2;98;139;172m██[38;2;98;139;172m██[38;2;98;139;172m██[38;2;98;139;172m██[38;2;98;139;172m██[38;2;98;139;172m██[38;2;98;139;172m██[38;2;98;139;172m██[38;2;98;139;172m██[38;2;98;139;172m██[38;2;98;139;172m██[38;2;98;139;172m██[38;2;98;139;172m██[38;2;98;139;172m██[38;2;98;139;172m██[38;2;98;139;172m██[38;2;98;139;172m██[38;2;98;139;172m██[38;2;98;139;172m██[38;2;98;139;172m██[38;2;98;139;172m██[38;2;98;139;172m██[38;2;49;74;74m██[38;2;98;139;172m██[38;2;98;139;172m██[38;2;98;139;172m██[38;2;90;180;205m██[38;2;49;74;74m██                                
  [38;2;49;74;74m██[38;2;98;139;172m██[38;2;98;139;172m██[38;2;98;139;172m██[38;2;90;180;205m██[38;2;90;180;205m██[38;2;90;180;205m██[38;2;90;180;205m██[38;2;90;180;205m██[38;2;90;180;205m██[38;2;90;180;205m██[38;2;90;180;205m██[38;2;90;180;205m██[38;2;90;180;205m██[38;2;90;180;205m██[38;2;90;180;205m██[38;2;98;139;172m██[38;2;90;180;205m██[38;2;90;180;205m██[38;2;98;139;172m██[38;2;98;139;172m██[38;2;98;139;172m██[38;2;98;139;172m██[38;2;98;139;172m██[38;2;98;139;172m██[38;2;98;139;172m██[38;2;98;139;172m██[38;2;98;139;172m██[38;2;49;74;74m██[38;2;98;139;172m██[38;2;98;139;172m██[38;2;98;139;172m██[38;2;98;139;172m██[38;2;98;139;172m██[38;2;98;139;172m██[38;2;98;139;172m██[38;2;98;139;172m██[38;2;98;139;172m██[38;2;98;139;172m██[38;2;98;139;172m██[38;2;49;74;74m██[38;2;98;139;172m██[38;2;98;139;172m██[38;2;98;139;172m██[38;2;98;139;172m██[38;2;98;139;172m██[38;2;98;139;172m██[38;2;98;139;172m██[38;2;98;139;172m██[38;2;98;139;172m██[38;2;98;139;172m██[38;2;98;139;172m██[38;2;98;139;172m██[38;2;98;139;172m██[38;2;98;139;172m██[38;2;98;139;172m██[38;2;49;74;74m██[38;2;98;139;172m██[38;2;98;139;172m██[38;2;16;16;16m██                                  
  [38;2;16;16;16m██[38;2;98;139;172m██[38;2;98;139;172m██[38;2;98;139;172m██[38;2;98;139;172m██[38;2;98;139;172m██[38;2;98;139;172m██[38;2;90;180;205m██[38;2;90;180;205m██[38;2;90;180;205m██[38;2;90;180;205m██[38;2;90;180;205m██[38;2;90;180;205m██[38;2;90;180;205m██[38;2;90;180;205m██[38;2;90;180;205m██[38;2;98;139;172m██[38;2;90;180;205m██[38;2;90;180;205m██[38;2;90;180;205m██[38;2;90;180;205m██[38;2;98;139;172m██[38;2;98;139;172m██[38;2;98;139;172m██[38;2;98;139;172m██[38;2;98;139;172m██[38;2;98;139;172m██[38;2;98;139;172m██[38;2;98;139;172m██[38;2;49;74;74m██[38;2;98;139;172m██[38;2;98;139;172m██[38;2;98;139;172m██[38;2;98;139;172m██[38;2;98;139;172m██[38;2;98;139;172m██[38;2;98;139;172m██[38;2;98;139;172m██[38;2;98;139;172m██[38;2;98;139;172m██[38;2;98;139;172m██[38;2;16;16;16m██[38;2;98;139;172m██[38;2;98;139;172m██[38;2;98;139;172m██[38;2;98;139;172m██[38;2;98;139;172m██[38;2;98;139;172m██[38;2;98;139;172m██[38;2;98;139;172m██[38;2;98;139;172m██[38;2;98;139;172m██[38;2;98;139;172m██[38;2;98;139;172m██[38;2;98;139;172m██[38;2;98;139;172m██[38;2;49;74;74m██[38;2;98;139;172m██[38;2;98;139;172m██[38;2;16;16;16m██                                  
    [38;2;16;16;16m██[38;2;98;139;172m██[38;2;98;139;172m██[38;2;98;139;172m██[38;2;98;139;172m██[38;2;98;139;172m██[38;2;98;139;172m██[38;2;98;139;172m██[38;2;98;139;172m██[38;2;98;139;172m██[38;2;90;180;205m██[38;2;90;180;205m██[38;2;90;180;205m██[38;2;90;180;205m██[38;2;90;180;205m██[38;2;90;180;205m██[38;2;98;139;172m██[38;2;90;180;205m██[38;2;90;180;205m██[38;2;98;139;172m██[38;2;98;139;172m██[38;2;98;139;172m██[38;2;98;139;172m██[38;2;98;139;172m██[38;2;98;139;172m██[38;2;98;139;172m██[38;2;98;139;172m██[38;2;98;139;172m██[38;2;49;74;74m██[38;2;98;139;172m██[38;2;98;139;172m██[38;2;98;139;172m██[38;2;98;139;172m██[38;2;98;139;172m██[38;2;98;139;172m██[38;2;98;139;172m██[38;2;98;139;172m██[38;2;98;139;172m██[38;2;98;139;172m██[38;2;98;139;172m██[38;2;98;139;172m██[38;2;16;16;16m██[38;2;16;16;16m██[38;2;98;139;172m██[38;2;98;139;172m██[38;2;98;139;172m██[38;2;98;139;172m██[38;2;98;139;172m██[38;2;98;139;172m██[38;2;98;139;172m██[38;2;98;139;172m██[38;2;98;139;172m██[38;2;98;139;172m██[38;2;98;139;172m██[38;2;98;139;172m██[38;2;98;139;172m██[38;2;49;74;74m██[38;2;49;74;74m██[38;2;16;16;16m██                                  
      [38;2;16;16;16m██[38;2;98;139;172m██[38;2;98;139;172m██[38;2;98;139;172m██[38;2;98;139;172m██[38;2;98;139;172m██[38;2;98;139;172m██[38;2;98;139;172m██[38;2;98;139;172m██[38;2;98;139;172m██[38;2;98;139;172m██[38;2;98;139;172m██[38;2;98;139;172m██[38;2;98;139;172m██[38;2;98;139;172m██[38;2;49;74;74m██[38;2;98;139;172m██[38;2;98;139;172m██[38;2;98;139;172m██[38;2;98;139;172m██[38;2;98;139;172m██[38;2;98;139;172m██[38;2;98;139;172m██[38;2;98;139;172m██[38;2;98;139;172m██[38;2;98;139;172m██[38;2;98;139;172m██[38;2;16;16;16m██[38;2;98;139;172m██[38;2;98;139;172m██[38;2;98;139;172m██[38;2;98;139;172m██[38;2;98;139;172m██[38;2;98;139;172m██[38;2;98;139;172m██[38;2;98;139;172m██[38;2;98;139;172m██[38;2;98;139;172m██[38;2;98;139;172m██[38;2;98;139;172m██[38;2;115;90;41m██[38;2;189;172;90m██[38;2;16;16;16m██[38;2;98;139;172m██[38;2;98;139;172m██[38;2;98;139;172m██[38;2;98;139;172m██[38;2;98;139;172m██[38;2;98;139;172m██[38;2;98;139;172m██[38;2;98;139;172m██[38;2;98;139;172m██[38;2;98;139;172m██[38;2;98;139;172m██[38;2;98;139;172m██[38;2;98;139;172m██[38;2;16;16;16m██                                    
        [38;2;16;16;16m██[38;2;16;16;16m██[38;2;98;139;172m██[38;2;98;139;172m██[38;2;98;139;172m██[38;2;98;139;172m██[38;2;98;139;172m██[38;2;98;139;172m██[38;2;98;139;172m██[38;2;98;139;172m██[38;2;98;139;172m██[38;2;98;139;172m██[38;2;98;139;172m██[38;2;98;139;172m██[38;2;16;16;16m██[38;2;98;139;172m██[38;2;98;139;172m██[38;2;98;139;172m██[38;2;98;139;172m██[38;2;98;139;172m██[38;2;98;139;172m██[38;2;98;139;172m██[38;2;98;139;172m██[38;2;98;139;172m██[38;2;98;139;172m██[38;2;98;139;172m██[38;2;16;16;16m██[38;2;98;139;172m██[38;2;98;139;172m██[38;2;98;139;172m██[38;2;98;139;172m██[38;2;98;139;172m██[38;2;98;139;172m██[38;2;98;139;172m██[38;2;98;139;172m██[38;2;98;139;172m██[38;2;98;139;172m██[38;2;98;139;172m██[38;2;98;139;172m██[38;2;115;90;41m██[38;2;189;172;90m██[38;2;189;172;90m██[38;2;49;74;74m██[38;2;98;139;172m██[38;2;98;139;172m██[38;2;98;139;172m██[38;2;98;139;172m██[38;2;98;139;172m██[38;2;98;139;172m██[38;2;98;139;172m██[38;2;98;139;172m██[38;2;98;139;172m██[38;2;98;139;172m██[38;2;98;139;172m██[38;2;98;139;172m██[38;2;16;16;16m██                                    
            [38;2;16;16;16m██[38;2;16;16;16m██[38;2;98;139;172m██[38;2;98;139;172m██[38;2;98;139;172m██[38;2;98;139;172m██[38;2;98;139;172m██[38;2;98;139;172m██[38;2;98;139;172m██[38;2;98;139;172m██[38;2;98;139;172m██[38;2;98;139;172m██[38;2;16;16;16m██[38;2;98;139;172m██[38;2;98;139;172m██[38;2;98;139;172m██[38;2;98;139;172m██[38;2;98;139;172m██[38;2;98;139;172m██[38;2;98;139;172m██[38;2;98;139;172m██[38;2;98;139;172m██[38;2;98;139;172m██[38;2;98;139;172m██[38;2;16;16;16m██[38;2;98;139;172m██[38;2;98;139;172m██[38;2;98;139;172m██[38;2;98;139;172m██[38;2;98;139;172m██[38;2;98;139;172m██[38;2;98;139;172m██[38;2;98;139;172m██[38;2;98;139;172m██[38;2;98;139;172m██[38;2;98;139;172m██[38;2;98;139;172m██[38;2;98;139;172m██[38;2;115;90;41m██[38;2;189;172;90m██[38;2;16;16;16m██[38;2;49;74;74m██[38;2;98;139;172m██[38;2;98;139;172m██[38;2;98;139;172m██[38;2;98;139;172m██[38;2;98;139;172m██[38;2;98;139;172m██[38;2;98;139;172m██[38;2;98;139;172m██[38;2;98;139;172m██[38;2;98;139;172m██[38;2;16;16;16m██                                      
                [38;2;16;16;16m██[38;2;16;16;16m██[38;2;98;139;172m██[38;2;98;139;172m██[38;2;98;139;172m██[38;2;98;139;172m██[38;2;98;139;172m██[38;2;98;139;172m██[38;2;98;139;172m██[38;2;49;74;74m██[38;2;98;139;172m██[38;2;98;139;172m██[38;2;98;139;172m██[38;2;98;139;172m██[38;2;98;139;172m██[38;2;98;139;172m██[38;2;98;139;172m██[38;2;98;139;172m██[38;2;98;139;172m██[38;2;98;139;172m██[38;2;98;139;172m██[38;2;49;74;74m██[38;2;98;139;172m██[38;2;98;139;172m██[38;2;98;139;172m██[38;2;98;139;172m██[38;2;98;139;172m██[38;2;98;139;172m██[38;2;98;139;172m██[38;2;98;139;172m██[38;2;98;139;172m██[38;2;98;139;172m██[38;2;98;139;172m██[38;2;98;139;172m██[38;2;98;139;172m██[38;2;98;139;172m██[38;2;115;90;41m██[38;2;49;74;74m██[38;2;16;16;16m██[38;2;98;139;172m██[38;2;98;139;172m██[38;2;98;139;172m██[38;2;98;139;172m██[38;2;98;139;172m██[38;2;49;74;74m██[38;2;49;74;74m██[38;2;49;74;74m██[38;2;98;139;172m██[38;2;98;139;172m██[38;2;49;74;74m██[38;2;16;16;16m██                                      
                    [38;2;16;16;16m██[38;2;16;16;16m██[38;2;49;74;74m██[38;2;98;139;172m██[38;2;98;139;172m██[38;2;98;139;172m██[38;2;98;139;172m██[38;2;16;16;16m██[38;2;98;139;172m██[38;2;98;139;172m██[38;2;98;139;172m██[38;2;98;139;172m██[38;2;98;139;172m██[38;2;98;139;172m██[38;2;98;139;172m██[38;2;98;139;172m██[38;2;98;139;172m██[38;2;98;139;172m██[38;2;98;139;172m██[38;2;16;16;16m██[38;2;98;139;172m██[38;2;98;139;172m██[38;2;98;139;172m██[38;2;98;139;172m██[38;2;98;139;172m██[38;2;98;139;172m██[38;2;98;139;172m██[38;2;98;139;172m██[38;2;98;139;172m██[38;2;98;139;172m██[38;2;98;139;172m██[38;2;98;139;172m██[38;2;49;74;74m██[38;2;49;74;74m██[38;2;49;74;74m██[38;2;16;16;16m██[38;2;98;139;172m██[38;2;98;139;172m██[38;2;98;139;172m██[38;2;98;139;172m██[38;2;98;139;172m██[38;2;98;139;172m██[38;2;98;139;172m██[38;2;98;139;172m██[38;2;98;139;172m██[38;2;49;74;74m██[38;2;49;74;74m██[38;2;90;180;205m██[38;2;90;180;205m██[38;2;49;74;74m██                                    
                          [38;2;16;16;16m██[38;2;16;16;16m██[38;2;16;16;16m██[38;2;16;16;16m██[38;2;98;139;172m██[38;2;98;139;172m██[38;2;98;139;172m██[38;2;98;139;172m██[38;2;98;139;172m██[38;2;98;139;172m██[38;2;98;139;172m██[38;2;98;139;172m██[38;2;98;139;172m██[38;2;98;139;172m██[38;2;98;139;172m██[38;2;49;74;74m██[38;2;98;139;172m██[38;2;98;139;172m██[38;2;98;139;172m██[38;2;98;139;172m██[38;2;98;139;172m██[38;2;98;139;172m██[38;2;98;139;172m██[38;2;98;139;172m██[38;2;98;139;172m██[38;2;49;74;74m██[38;2;49;74;74m██[38;2;49;74;74m██[38;2;49;74;74m██    [38;2;16;16;16m██[38;2;98;139;172m██[38;2;98;139;172m██[38;2;98;139;172m██[38;2;98;139;172m██[38;2;98;139;172m██[38;2;98;139;172m██[38;2;98;139;172m██[38;2;98;139;172m██[38;2;98;139;172m██[38;2;98;139;172m██[38;2;98;139;172m██[38;2;98;139;172m██[38;2;90;180;205m██[38;2;90;180;205m██[38;2;49;74;74m██[38;2;98;139;172m██                                  
                                  [38;2;16;16;16m██[38;2;16;16;16m██[38;2;16;16;16m██[38;2;16;16;16m██[38;2;16;16;16m██[38;2;98;139;172m██[38;2;98;139;172m██[38;2;98;139;172m██[38;2;98;139;172m██[38;2;49;74;74m██[38;2;49;74;74m██[38;2;98;139;172m██[38;2;98;139;172m██[38;2;98;139;172m██[38;2;98;139;172m██[38;2;16;16;16m██[38;2;16;16;16m██[38;2;16;16;16m██[38;2;16;16;16m██[38;2;16;16;16m██[38;2;16;16;16m██            [38;2;16;16;16m██[38;2;98;139;172m██[38;2;98;139;172m██[38;2;98;139;172m██[38;2;98;139;172m██[38;2;98;139;172m██[38;2;98;139;172m██[38;2;98;139;172m██[38;2;98;139;172m██[38;2;98;139;172m██[38;2;98;139;172m██[38;2;98;139;172m██[38;2;98;139;172m██[38;2;98;139;172m██[38;2;49;74;74m██[38;2;255;255;255m██[38;2;255;255;255m██[38;2;49;74;74m██                                
                                            [38;2;16;16;16m██[38;2;16;16;16m██[38;2;16;16;16m██[38;2;16;16;16m██[38;2;16;16;16m██[38;2;16;16;16m██[38;2;16;16;16m██[38;2;16;16;16m██[38;2;16;16;16m██[38;2;16;16;16m██                        [38;2;16;16;16m██[38;2;98;139;172m██[38;2;98;139;172m██[38;2;98;139;172m██[38;2;98;139;172m██[38;2;98;139;172m██[38;2;98;139;172m██[38;2;98;139;172m██[38;2;98;139;172m██[38;2;98;139;172m██[38;2;98;139;172m██[38;2;98;139;172m██[38;2;98;139;172m██[38;2;98;139;172m██[38;2;49;74;74m██[38;2;213;213;213m██[38;2;213;213;213m██[38;2;213;213;213m██[38;2;16;16;16m██                              
                                                                                          [38;2;16;16;16m██[38;2;16;16;16m██[38;2;98;139;172m██[38;2;98;139;172m██[38;2;98;139;172m██[38;2;98;139;172m██[38;2;98;139;172m██[38;2;98;139;172m██[38;2;98;139;172m██[38;2;98;139;172m██[38;2;98;139;172m██[38;2;16;16;16m██[38;2;16;16;16m██[38;2;16;16;16m██[38;2;16;16;16m██[38;2;16;16;16m██[38;2;16;16;16m██                                
                                                                                              [38;2;16;16;16m██[38;2;16;16;16m██[38;2;16;16;16m██[38;2;16;16;16m██[38;2;16;16;16m██[38;2;16;16;16m██[38;2;16;16;16m██[38;2;16;16;16m██[38;2;16;16;16m██                                            
