                [38;2;98;134;112m██[38;2;98;134;112m██[38;2;98;134;112m██    [38;2;139;175;151m██[38;2;139;175;151m██[38;2;139;175;151m██                                                              
              [38;2;98;134;112m██[38;2;215;233;227m██[38;2;215;233;227m██[38;2;171;199;188m██[38;2;98;134;112m██[38;2;139;175;151m██[38;2;215;233;227m██[38;2;215;233;227m██[38;2;215;233;227m██[38;2;98;134;112m██                                                            
            [38;2;98;134;112m██[38;2;215;233;227m██[38;2;171;199;188m██[38;2;171;199;188m██[38;2;215;233;227m██[38;2;171;199;188m██[38;2;171;199;188m██[38;2;215;233;227m██[38;2;215;233;227m██[38;2;215;233;227m██[38;2;171;199;188m██[38;2;98;134;112m██[38;2;98;134;112m██[38;2;98;134;112m██                                                      
          [38;2;98;134;112m██[38;2;139;175;151m██[38;2;215;233;227m██[38;2;139;175;151m██[38;2;215;233;227m██[38;2;139;175;151m██[38;2;215;233;227m██[38;2;171;199;188m██[38;2;215;233;227m██[38;2;215;233;227m██[38;2;215;233;227m██[38;2;215;233;227m██[38;2;215;233;227m██[38;2;215;233;227m██[38;2;171;199;188m██[38;2;98;134;112m██                                                    
    [38;2;78;109;108m██[38;2;78;109;108m██  [38;2;98;134;112m██[38;2;139;175;151m██[38;2;215;233;227m██[38;2;215;233;227m██[38;2;215;233;227m██[38;2;139;175;151m██[38;2;215;233;227m██[38;2;215;233;227m██[38;2;215;233;227m██[38;2;215;233;227m██[38;2;215;233;227m██[38;2;215;233;227m██[38;2;171;199;188m██[38;2;139;175;151m██[38;2;98;134;112m██[38;2;24;24;24m██[38;2;24;24;24m██                                                  
    [38;2;78;109;108m██[38;2;250;250;250m██[38;2;98;134;112m██[38;2;215;233;227m██[38;2;215;233;227m██[38;2;139;175;151m██[38;2;139;175;151m██[38;2;139;175;151m██[38;2;215;233;227m██[38;2;215;233;227m██[38;2;215;233;227m██[38;2;215;233;227m██[38;2;215;233;227m██[38;2;215;233;227m██[38;2;215;233;227m██[38;2;215;233;227m██[38;2;215;233;227m██[38;2;215;233;227m██[38;2;171;199;188m██[38;2;171;199;188m██[38;2;24;24;24m██                                                
    [38;2;78;109;108m██[38;2;250;250;250m██[38;2;24;24;24m██[38;2;215;233;227m██[38;2;215;233;227m██[38;2;215;233;227m██[38;2;215;233;227m██[38;2;215;233;227m██[38;2;215;233;227m██[38;2;215;233;227m██[38;2;215;233;227m██[38;2;215;233;227m██[38;2;215;233;227m██[38;2;215;233;227m██[38;2;215;233;227m██[38;2;215;233;227m██[38;2;215;233;227m██[38;2;215;233;227m██[38;2;215;233;227m██[38;2;171;199;188m██[38;2;171;199;188m██[38;2;24;24;24m██                                              
    [38;2;78;109;108m██[38;2;193;209;207m██[38;2;24;24;24m██[38;2;98;134;112m██[38;2;139;175;151m██[38;2;215;233;227m██[38;2;215;233;227m██[38;2;215;233;227m██[38;2;215;233;227m██[38;2;215;233;227m██[38;2;215;233;227m██[38;2;215;233;227m██[38;2;215;233;227m██[38;2;215;233;227m██[38;2;215;233;227m██[38;2;215;233;227m██[38;2;215;233;227m██[38;2;215;233;227m██[38;2;215;233;227m██[38;2;139;175;151m██[38;2;171;199;188m██[38;2;24;24;24m██                                              
    [38;2;78;109;108m██[38;2;24;24;24m██[38;2;215;233;227m██[38;2;215;233;227m██[38;2;215;233;227m██[38;2;139;175;151m██[38;2;215;233;227m██[38;2;139;175;151m██[38;2;215;233;227m██[38;2;215;233;227m██[38;2;215;233;227m██[38;2;215;233;227m██[38;2;215;233;227m██[38;2;215;233;227m██[38;2;215;233;227m██[38;2;139;175;151m██[38;2;215;233;227m██[38;2;215;233;227m██[38;2;171;199;188m██[38;2;98;134;112m██[38;2;171;199;188m██[38;2;24;24;24m██                                              
      [38;2;24;24;24m██[38;2;215;233;227m██[38;2;98;134;112m██[38;2;215;233;227m██[38;2;98;134;112m██[38;2;171;199;188m██[38;2;98;134;112m██[38;2;215;233;227m██[38;2;215;233;227m██[38;2;139;175;151m██[38;2;215;233;227m██[38;2;215;233;227m██[38;2;215;233;227m██[38;2;171;199;188m██[38;2;98;134;112m██[38;2;171;199;188m██[38;2;171;199;188m██[38;2;171;199;188m██[38;2;98;134;112m██[38;2;78;109;108m██[38;2;78;109;108m██[38;2;78;109;108m██[38;2;78;109;108m██[38;2;78;109;108m██[38;2;78;109;108m██                                      
      [38;2;24;24;24m██[38;2;171;199;188m██[38;2;98;134;112m██[38;2;98;134;112m██[38;2;171;199;188m██[38;2;171;199;188m██[38;2;24;24;24m██[38;2;171;199;188m██[38;2;171;199;188m██[38;2;98;134;112m██[38;2;171;199;188m██[38;2;171;199;188m██[38;2;171;199;188m██[38;2;171;199;188m██[38;2;24;24;24m██[38;2;171;199;188m██[38;2;171;199;188m██[38;2;98;134;112m██[38;2;215;233;227m██[38;2;250;250;250m██[38;2;250;250;250m██[38;2;250;250;250m██[38;2;78;109;108m██[38;2;78;109;108m██[38;2;24;24;24m██                                      
      [38;2;24;24;24m██[38;2;171;199;188m██[38;2;171;199;188m██[38;2;171;199;188m██[38;2;171;199;188m██[38;2;24;24;24m██[38;2;250;250;250m██[38;2;24;24;24m██[38;2;24;24;24m██[38;2;98;134;112m██[38;2;171;199;188m██[38;2;171;199;188m██[38;2;171;199;188m██[38;2;24;24;24m██[38;2;193;209;207m██[38;2;24;24;24m██[38;2;24;24;24m██[38;2;193;209;207m██[38;2;193;209;207m██[38;2;78;109;108m██[38;2;78;109;108m██[38;2;136;87;171m██[38;2;136;87;171m██[38;2;136;87;171m██[38;2;24;24;24m██                                      
        [38;2;98;134;112m██[38;2;98;134;112m██[38;2;98;134;112m██[38;2;98;134;112m██[38;2;250;250;250m██[38;2;250;250;250m██[38;2;250;250;250m██[38;2;250;250;250m██[38;2;250;250;250m██[38;2;98;134;112m██[38;2;24;24;24m██[38;2;24;24;24m██[38;2;193;209;207m██[38;2;193;209;207m██[38;2;193;209;207m██[38;2;78;109;108m██[38;2;78;109;108m██[38;2;136;87;171m██[38;2;136;87;171m██[38;2;136;87;171m██[38;2;136;87;171m██[38;2;136;87;171m██[38;2;24;24;24m██                                        
        [38;2;78;109;108m██[38;2;250;250;250m██[38;2;250;250;250m██[38;2;250;250;250m██[38;2;250;250;250m██[38;2;250;250;250m██[38;2;250;250;250m██[38;2;250;250;250m██[38;2;250;250;250m██[38;2;250;250;250m██[38;2;250;250;250m██[38;2;250;250;250m██[38;2;193;209;207m██[38;2;78;109;108m██[38;2;78;109;108m██[38;2;24;24;24m██[38;2;136;87;171m██[38;2;136;87;171m██[38;2;136;87;171m██[38;2;136;87;171m██[38;2;136;87;171m██[38;2;183;131;211m██[38;2;24;24;24m██                                        
      [38;2;78;109;108m██[38;2;250;250;250m██[38;2;250;250;250m██[38;2;250;250;250m██[38;2;250;250;250m██[38;2;250;250;250m██[38;2;78;109;108m██[38;2;78;109;108m██[38;2;78;109;108m██[38;2;250;250;250m██[38;2;250;250;250m██[38;2;250;250;250m██[38;2;193;209;207m██[38;2;78;109;108m██[38;2;250;250;250m██[38;2;250;250;250m██[38;2;24;24;24m██[38;2;136;87;171m██[38;2;136;87;171m██[38;2;136;87;171m██[38;2;136;87;171m██[38;2;183;131;211m██[38;2;24;24;24m██                                          
      [38;2;78;109;108m██[38;2;250;250;250m██[38;2;250;250;250m██[38;2;250;250;250m██[38;2;250;250;250m██[38;2;78;109;108m██[38;2;250;250;250m██[38;2;136;87;171m██[38;2;136;87;171m██[38;2;78;109;108m██[38;2;250;250;250m██[38;2;250;250;250m██[38;2;250;250;250m██[38;2;250;250;250m██[38;2;250;250;250m██[38;2;250;250;250m██[38;2;78;109;108m██[38;2;78;109;108m██[38;2;136;87;171m██[38;2;136;87;171m██[38;2;183;131;211m██[38;2;183;131;211m██[38;2;24;24;24m██                                          
  [38;2;78;109;108m██[38;2;78;109;108m██[38;2;250;250;250m██[38;2;250;250;250m██[38;2;250;250;250m██[38;2;250;250;250m██[38;2;78;109;108m██[38;2;136;87;171m██[38;2;250;250;250m██[38;2;183;131;211m██[38;2;183;131;211m██[38;2;78;109;108m██[38;2;250;250;250m██[38;2;250;250;250m██[38;2;250;250;250m██[38;2;250;250;250m██[38;2;78;109;108m██[38;2;78;109;108m██[38;2;250;250;250m██[38;2;24;24;24m██[38;2;136;87;171m██[38;2;136;87;171m██[38;2;183;131;211m██[38;2;24;24;24m██      [38;2;98;134;112m██[38;2;98;134;112m██[38;2;98;134;112m██[38;2;98;134;112m██[38;2;98;134;112m██[38;2;98;134;112m██                          
[38;2;78;109;108m██[38;2;136;87;171m██[38;2;136;87;171m██[38;2;193;209;207m██[38;2;250;250;250m██[38;2;250;250;250m██[38;2;250;250;250m██[38;2;136;87;171m██[38;2;136;87;171m██[38;2;183;131;211m██[38;2;183;131;211m██[38;2;136;87;171m██[38;2;78;109;108m██[38;2;250;250;250m██[38;2;250;250;250m██[38;2;250;250;250m██[38;2;250;250;250m██[38;2;250;250;250m██[38;2;250;250;250m██[38;2;250;250;250m██[38;2;24;24;24m██[38;2;136;87;171m██[38;2;183;131;211m██[38;2;24;24;24m██    [38;2;98;134;112m██[38;2;98;134;112m██[38;2;215;233;227m██[38;2;215;233;227m██[38;2;215;233;227m██[38;2;215;233;227m██[38;2;171;199;188m██[38;2;98;134;112m██[38;2;98;134;112m██[38;2;98;134;112m██[38;2;98;134;112m██[38;2;98;134;112m██                  
[38;2;78;109;108m██[38;2;193;209;207m██[38;2;193;209;207m██[38;2;250;250;250m██[38;2;250;250;250m██[38;2;250;250;250m██[38;2;250;250;250m██[38;2;250;250;250m██[38;2;193;209;207m██[38;2;136;87;171m██[38;2;136;87;171m██[38;2;136;87;171m██[38;2;250;250;250m██[38;2;250;250;250m██[38;2;250;250;250m██[38;2;250;250;250m██[38;2;250;250;250m██[38;2;193;209;207m██[38;2;193;209;207m██[38;2;78;109;108m██[38;2;136;87;171m██[38;2;136;87;171m██[38;2;24;24;24m██    [38;2;98;134;112m██[38;2;171;199;188m██[38;2;215;233;227m██[38;2;215;233;227m██[38;2;215;233;227m██[38;2;215;233;227m██[38;2;171;199;188m██[38;2;98;134;112m██[38;2;98;134;112m██[38;2;215;233;227m██[38;2;215;233;227m██[38;2;215;233;227m██[38;2;215;233;227m██[38;2;98;134;112m██[38;2;98;134;112m██              
[38;2;78;109;108m██[38;2;250;250;250m██[38;2;250;250;250m██[38;2;250;250;250m██[38;2;250;250;250m██[38;2;250;250;250m██[38;2;250;250;250m██[38;2;250;250;250m██[38;2;250;250;250m██[38;2;250;250;250m██[38;2;250;250;250m██[38;2;250;250;250m██[38;2;250;250;250m██[38;2;250;250;250m██[38;2;250;250;250m██[38;2;250;250;250m██[38;2;250;250;250m██[38;2;250;250;250m██[38;2;193;209;207m██[38;2;193;209;207m██[38;2;24;24;24m██[38;2;24;24;24m██      [38;2;98;134;112m██[38;2;215;233;227m██[38;2;215;233;227m██[38;2;215;233;227m██[38;2;215;233;227m██[38;2;215;233;227m██[38;2;215;233;227m██[38;2;215;233;227m██[38;2;215;233;227m██[38;2;215;233;227m██[38;2;215;233;227m██[38;2;215;233;227m██[38;2;215;233;227m██[38;2;215;233;227m██[38;2;215;233;227m██[38;2;98;134;112m██            
  [38;2;78;109;108m██[38;2;250;250;250m██[38;2;250;250;250m██[38;2;250;250;250m██[38;2;250;250;250m██[38;2;250;250;250m██[38;2;250;250;250m██[38;2;250;250;250m██[38;2;250;250;250m██[38;2;250;250;250m██[38;2;250;250;250m██[38;2;250;250;250m██[38;2;250;250;250m██[38;2;250;250;250m██[38;2;250;250;250m██[38;2;250;250;250m██[38;2;250;250;250m██[38;2;193;209;207m██[38;2;24;24;24m██    [38;2;24;24;24m██[38;2;98;134;112m██[38;2;98;134;112m██[38;2;98;134;112m██[38;2;215;233;227m██[38;2;215;233;227m██[38;2;215;233;227m██[38;2;215;233;227m██[38;2;215;233;227m██[38;2;215;233;227m██[38;2;215;233;227m██[38;2;215;233;227m██[38;2;215;233;227m██[38;2;215;233;227m██[38;2;215;233;227m██[38;2;215;233;227m██[38;2;215;233;227m██[38;2;215;233;227m██[38;2;215;233;227m██[38;2;98;134;112m██          
  [38;2;78;109;108m██[38;2;250;250;250m██[38;2;250;250;250m██[38;2;250;250;250m██[38;2;250;250;250m██[38;2;250;250;250m██[38;2;250;250;250m██[38;2;250;250;250m██[38;2;250;250;250m██[38;2;250;250;250m██[38;2;250;250;250m██[38;2;250;250;250m██[38;2;250;250;250m██[38;2;250;250;250m██[38;2;250;250;250m██[38;2;250;250;250m██[38;2;250;250;250m██[38;2;193;209;207m██[38;2;24;24;24m██  [38;2;24;24;24m██[38;2;171;199;188m██[38;2;215;233;227m██[38;2;98;134;112m██[38;2;215;233;227m██[38;2;215;233;227m██[38;2;215;233;227m██[38;2;215;233;227m██[38;2;215;233;227m██[38;2;215;233;227m██[38;2;215;233;227m██[38;2;215;233;227m██[38;2;215;233;227m██[38;2;215;233;227m██[38;2;215;233;227m██[38;2;215;233;227m██[38;2;215;233;227m██[38;2;215;233;227m██[38;2;215;233;227m██[38;2;171;199;188m██[38;2;98;134;112m██          
    [38;2;78;109;108m██[38;2;250;250;250m██[38;2;250;250;250m██[38;2;78;109;108m██[38;2;171;199;188m██[38;2;250;250;250m██[38;2;250;250;250m██[38;2;250;250;250m██[38;2;250;250;250m██[38;2;250;250;250m██[38;2;250;250;250m██[38;2;250;250;250m██[38;2;250;250;250m██[38;2;250;250;250m██[38;2;250;250;250m██[38;2;193;209;207m██[38;2;24;24;24m██  [38;2;24;24;24m██[38;2;171;199;188m██[38;2;215;233;227m██[38;2;215;233;227m██[38;2;98;134;112m██[38;2;215;233;227m██[38;2;215;233;227m██[38;2;171;199;188m██[38;2;171;199;188m██[38;2;171;199;188m██[38;2;171;199;188m██[38;2;171;199;188m██[38;2;171;199;188m██[38;2;215;233;227m██[38;2;215;233;227m██[38;2;215;233;227m██[38;2;215;233;227m██[38;2;215;233;227m██[38;2;171;199;188m██[38;2;98;134;112m██[38;2;98;134;112m██[38;2;98;134;112m██          
      [38;2;78;109;108m██[38;2;193;209;207m██[38;2;136;87;171m██[38;2;78;109;108m██[38;2;250;250;250m██[38;2;250;250;250m██[38;2;250;250;250m██[38;2;250;250;250m██[38;2;250;250;250m██[38;2;250;250;250m██[38;2;250;250;250m██[38;2;250;250;250m██[38;2;193;209;207m██[38;2;193;209;207m██[38;2;193;209;207m██[38;2;24;24;24m██  [38;2;24;24;24m██[38;2;171;199;188m██[38;2;215;233;227m██[38;2;215;233;227m██[38;2;171;199;188m██[38;2;171;199;188m██[38;2;171;199;188m██[38;2;139;175;151m██[38;2;171;199;188m██[38;2;171;199;188m██[38;2;171;199;188m██[38;2;171;199;188m██[38;2;171;199;188m██[38;2;171;199;188m██[38;2;215;233;227m██[38;2;215;233;227m██[38;2;215;233;227m██[38;2;215;233;227m██[38;2;215;233;227m██[38;2;215;233;227m██[38;2;215;233;227m██[38;2;215;233;227m██[38;2;98;134;112m██        
        [38;2;24;24;24m██[38;2;24;24;24m██[38;2;193;209;207m██[38;2;193;209;207m██[38;2;193;209;207m██[38;2;193;209;207m██[38;2;193;209;207m██[38;2;193;209;207m██[38;2;193;209;207m██[38;2;193;209;207m██[38;2;193;209;207m██[38;2;193;209;207m██[38;2;193;209;207m██[38;2;24;24;24m██  [38;2;24;24;24m██[38;2;171;199;188m██[38;2;98;134;112m██[38;2;215;233;227m██[38;2;171;199;188m██[38;2;139;175;151m██[38;2;171;199;188m██[38;2;171;199;188m██[38;2;98;134;112m██[38;2;171;199;188m██[38;2;171;199;188m██[38;2;171;199;188m██[38;2;171;199;188m██[38;2;171;199;188m██[38;2;171;199;188m██[38;2;215;233;227m██[38;2;215;233;227m██[38;2;215;233;227m██[38;2;215;233;227m██[38;2;215;233;227m██[38;2;215;233;227m██[38;2;215;233;227m██[38;2;215;233;227m██[38;2;215;233;227m██[38;2;98;134;112m██      
            [38;2;24;24;24m██[38;2;24;24;24m██[38;2;78;109;108m██[38;2;193;209;207m██[38;2;193;209;207m██[38;2;193;209;207m██[38;2;193;209;207m██[38;2;193;209;207m██[38;2;193;209;207m██[38;2;193;209;207m██[38;2;193;209;207m██[38;2;24;24;24m██  [38;2;24;24;24m██[38;2;171;199;188m██[38;2;98;134;112m██[38;2;171;199;188m██[38;2;171;199;188m██[38;2;98;134;112m██[38;2;171;199;188m██[38;2;171;199;188m██[38;2;98;134;112m██[38;2;171;199;188m██[38;2;171;199;188m██[38;2;171;199;188m██[38;2;171;199;188m██[38;2;171;199;188m██[38;2;98;134;112m██[38;2;171;199;188m██[38;2;171;199;188m██[38;2;215;233;227m██[38;2;215;233;227m██[38;2;215;233;227m██[38;2;215;233;227m██[38;2;215;233;227m██[38;2;215;233;227m██[38;2;215;233;227m██[38;2;98;134;112m██      
                  [38;2;24;24;24m██[38;2;24;24;24m██[38;2;78;109;108m██[38;2;193;209;207m██[38;2;193;209;207m██[38;2;193;209;207m██[38;2;193;209;207m██[38;2;193;209;207m██[38;2;24;24;24m██[38;2;78;109;108m██[38;2;78;109;108m██[38;2;171;199;188m██[38;2;171;199;188m██[38;2;171;199;188m██[38;2;171;199;188m██[38;2;98;134;112m██[38;2;171;199;188m██[38;2;171;199;188m██[38;2;98;134;112m██[38;2;139;175;151m██[38;2;171;199;188m██[38;2;171;199;188m██[38;2;171;199;188m██[38;2;98;134;112m██[38;2;171;199;188m██[38;2;171;199;188m██[38;2;171;199;188m██[38;2;171;199;188m██[38;2;215;233;227m██[38;2;215;233;227m██[38;2;215;233;227m██[38;2;215;233;227m██[38;2;215;233;227m██[38;2;215;233;227m██[38;2;215;233;227m██[38;2;98;134;112m██    
                  [38;2;24;24;24m██[38;2;193;209;207m██[38;2;193;209;207m██[38;2;193;209;207m██[38;2;193;209;207m██[38;2;193;209;207m██[38;2;193;209;207m██[38;2;193;209;207m██[38;2;24;24;24m██[38;2;250;250;250m██[38;2;250;250;250m██[38;2;78;109;108m██[38;2;78;109;108m██[38;2;78;109;108m██[38;2;78;109;108m██[38;2;78;109;108m██[38;2;24;24;24m██[38;2;24;24;24m██[38;2;24;24;24m██[38;2;139;175;151m██[38;2;171;199;188m██[38;2;139;175;151m██[38;2;98;134;112m██[38;2;171;199;188m██[38;2;171;199;188m██[38;2;171;199;188m██[38;2;171;199;188m██[38;2;171;199;188m██[38;2;171;199;188m██[38;2;215;233;227m██[38;2;215;233;227m██[38;2;215;233;227m██[38;2;215;233;227m██[38;2;215;233;227m██[38;2;215;233;227m██[38;2;98;134;112m██    
                  [38;2;24;24;24m██[38;2;193;209;207m██[38;2;193;209;207m██[38;2;193;209;207m██[38;2;193;209;207m██[38;2;193;209;207m██[38;2;193;209;207m██[38;2;193;209;207m██[38;2;250;250;250m██[38;2;250;250;250m██[38;2;250;250;250m██[38;2;250;250;250m██[38;2;250;250;250m██[38;2;250;250;250m██[38;2;250;250;250m██[38;2;250;250;250m██[38;2;250;250;250m██[38;2;250;250;250m██[38;2;78;109;108m██[38;2;24;24;24m██[38;2;139;175;151m██[38;2;98;134;112m██[38;2;98;134;112m██[38;2;171;199;188m██[38;2;171;199;188m██[38;2;171;199;188m██[38;2;171;199;188m██[38;2;171;199;188m██[38;2;171;199;188m██[38;2;215;233;227m██[38;2;215;233;227m██[38;2;215;233;227m██[38;2;215;233;227m██[38;2;215;233;227m██[38;2;171;199;188m██[38;2;98;134;112m██    
                [38;2;24;24;24m██[38;2;193;209;207m██[38;2;193;209;207m██[38;2;193;209;207m██[38;2;193;209;207m██[38;2;193;209;207m██[38;2;193;209;207m██[38;2;193;209;207m██[38;2;250;250;250m██[38;2;250;250;250m██[38;2;250;250;250m██[38;2;250;250;250m██[38;2;250;250;250m██[38;2;250;250;250m██[38;2;250;250;250m██[38;2;250;250;250m██[38;2;250;250;250m██[38;2;250;250;250m██[38;2;250;250;250m██[38;2;250;250;250m██[38;2;250;250;250m██[38;2;24;24;24m██[38;2;171;199;188m██[38;2;171;199;188m██[38;2;171;199;188m██[38;2;171;199;188m██[38;2;171;199;188m██[38;2;171;199;188m██[38;2;171;199;188m██[38;2;171;199;188m██[38;2;215;233;227m██[38;2;215;233;227m██[38;2;215;233;227m██[38;2;215;233;227m██[38;2;171;199;188m██[38;2;98;134;112m██[38;2;98;134;112m██    
                [38;2;24;24;24m██[38;2;193;209;207m██[38;2;193;209;207m██[38;2;193;209;207m██[38;2;193;209;207m██[38;2;193;209;207m██[38;2;250;250;250m██[38;2;250;250;250m██[38;2;250;250;250m██[38;2;250;250;250m██[38;2;250;250;250m██[38;2;250;250;250m██[38;2;250;250;250m██[38;2;250;250;250m██[38;2;250;250;250m██[38;2;250;250;250m██[38;2;250;250;250m██[38;2;250;250;250m██[38;2;250;250;250m██[38;2;250;250;250m██[38;2;250;250;250m██[38;2;24;24;24m██[38;2;139;175;151m██[38;2;171;199;188m██[38;2;171;199;188m██[38;2;171;199;188m██[38;2;171;199;188m██[38;2;171;199;188m██[38;2;171;199;188m██[38;2;215;233;227m██[38;2;215;233;227m██[38;2;215;233;227m██[38;2;215;233;227m██[38;2;215;233;227m██[38;2;215;233;227m██[38;2;215;233;227m██[38;2;215;233;227m██[38;2;98;134;112m██  
                [38;2;24;24;24m██[38;2;193;209;207m██[38;2;250;250;250m██[38;2;250;250;250m██[38;2;250;250;250m██[38;2;250;250;250m██[38;2;250;250;250m██[38;2;250;250;250m██[38;2;250;250;250m██[38;2;250;250;250m██[38;2;250;250;250m██[38;2;250;250;250m██[38;2;250;250;250m██[38;2;250;250;250m██[38;2;250;250;250m██[38;2;250;250;250m██[38;2;250;250;250m██[38;2;250;250;250m██[38;2;250;250;250m██[38;2;250;250;250m██[38;2;250;250;250m██[38;2;250;250;250m██[38;2;24;24;24m██[38;2;139;175;151m██[38;2;171;199;188m██[38;2;171;199;188m██[38;2;171;199;188m██[38;2;171;199;188m██[38;2;171;199;188m██[38;2;215;233;227m██[38;2;215;233;227m██[38;2;215;233;227m██[38;2;215;233;227m██[38;2;215;233;227m██[38;2;215;233;227m██[38;2;215;233;227m██[38;2;215;233;227m██[38;2;215;233;227m██[38;2;98;134;112m██
                [38;2;24;24;24m██[38;2;193;209;207m██[38;2;250;250;250m██[38;2;250;250;250m██[38;2;250;250;250m██[38;2;250;250;250m██[38;2;250;250;250m██[38;2;250;250;250m██[38;2;250;250;250m██[38;2;250;250;250m██[38;2;250;250;250m██[38;2;250;250;250m██[38;2;250;250;250m██[38;2;250;250;250m██[38;2;250;250;250m██[38;2;193;209;207m██[38;2;250;250;250m██[38;2;250;250;250m██[38;2;250;250;250m██[38;2;250;250;250m██[38;2;250;250;250m██[38;2;250;250;250m██[38;2;24;24;24m██[38;2;98;134;112m██[38;2;98;134;112m██[38;2;98;134;112m██[38;2;98;134;112m██[38;2;139;175;151m██[38;2;171;199;188m██[38;2;171;199;188m██[38;2;215;233;227m██[38;2;215;233;227m██[38;2;215;233;227m██[38;2;215;233;227m██[38;2;215;233;227m██[38;2;215;233;227m██[38;2;215;233;227m██[38;2;215;233;227m██[38;2;98;134;112m██
                [38;2;24;24;24m██[38;2;193;209;207m██[38;2;250;250;250m██[38;2;250;250;250m██[38;2;250;250;250m██[38;2;193;209;207m██[38;2;250;250;250m██[38;2;250;250;250m██[38;2;250;250;250m██[38;2;250;250;250m██[38;2;250;250;250m██[38;2;250;250;250m██[38;2;250;250;250m██[38;2;250;250;250m██[38;2;250;250;250m██[38;2;193;209;207m██[38;2;250;250;250m██[38;2;250;250;250m██[38;2;250;250;250m██[38;2;250;250;250m██[38;2;250;250;250m██[38;2;250;250;250m██[38;2;24;24;24m██[38;2;139;175;151m██[38;2;139;175;151m██[38;2;171;199;188m██[38;2;171;199;188m██[38;2;171;199;188m██[38;2;171;199;188m██[38;2;171;199;188m██[38;2;215;233;227m██[38;2;215;233;227m██[38;2;215;233;227m██[38;2;215;233;227m██[38;2;215;233;227m██[38;2;215;233;227m██[38;2;215;233;227m██[38;2;215;233;227m██[38;2;98;134;112m██
                [38;2;24;24;24m██[38;2;193;209;207m██[38;2;193;209;207m██[38;2;250;250;250m██[38;2;250;250;250m██[38;2;193;209;207m██[38;2;250;250;250m██[38;2;250;250;250m██[38;2;250;250;250m██[38;2;250;250;250m██[38;2;250;250;250m██[38;2;193;209;207m██[38;2;250;250;250m██[38;2;250;250;250m██[38;2;193;209;207m██[38;2;250;250;250m██[38;2;250;250;250m██[38;2;250;250;250m██[38;2;250;250;250m██[38;2;250;250;250m██[38;2;250;250;250m██[38;2;193;209;207m██[38;2;24;24;24m██[38;2;171;199;188m██[38;2;171;199;188m██[38;2;171;199;188m██[38;2;171;199;188m██[38;2;171;199;188m██[38;2;171;199;188m██[38;2;215;233;227m██[38;2;215;233;227m██[38;2;215;233;227m██[38;2;215;233;227m██[38;2;215;233;227m██[38;2;171;199;188m██[38;2;98;134;112m██[38;2;98;134;112m██[38;2;171;199;188m██[38;2;98;134;112m██
                [38;2;24;24;24m██[38;2;193;209;207m██[38;2;78;109;108m██[38;2;250;250;250m██[38;2;250;250;250m██[38;2;78;109;108m██[38;2;250;250;250m██[38;2;250;250;250m██[38;2;250;250;250m██[38;2;250;250;250m██[38;2;250;250;250m██[38;2;78;109;108m██[38;2;250;250;250m██[38;2;250;250;250m██[38;2;193;209;207m██[38;2;250;250;250m██[38;2;250;250;250m██[38;2;250;250;250m██[38;2;250;250;250m██[38;2;250;250;250m██[38;2;250;250;250m██[38;2;24;24;24m██[38;2;139;175;151m██[38;2;171;199;188m██[38;2;171;199;188m██[38;2;171;199;188m██[38;2;171;199;188m██[38;2;171;199;188m██[38;2;171;199;188m██[38;2;215;233;227m██[38;2;215;233;227m██[38;2;215;233;227m██[38;2;215;233;227m██[38;2;215;233;227m██[38;2;215;233;227m██[38;2;171;199;188m██[38;2;24;24;24m██[38;2;98;134;112m██  
                [38;2;24;24;24m██[38;2;193;209;207m██[38;2;78;109;108m██[38;2;193;209;207m██[38;2;193;209;207m██[38;2;78;109;108m██[38;2;250;250;250m██[38;2;250;250;250m██[38;2;250;250;250m██[38;2;250;250;250m██[38;2;250;250;250m██[38;2;78;109;108m██[38;2;193;209;207m██[38;2;193;209;207m██[38;2;78;109;108m██[38;2;250;250;250m██[38;2;250;250;250m██[38;2;250;250;250m██[38;2;250;250;250m██[38;2;250;250;250m██[38;2;193;209;207m██[38;2;24;24;24m██[38;2;171;199;188m██[38;2;171;199;188m██[38;2;171;199;188m██[38;2;171;199;188m██[38;2;171;199;188m██[38;2;171;199;188m██[38;2;215;233;227m██[38;2;215;233;227m██[38;2;215;233;227m██[38;2;215;233;227m██[38;2;215;233;227m██[38;2;215;233;227m██[38;2;215;233;227m██[38;2;171;199;188m██[38;2;24;24;24m██    
                  [38;2;78;109;108m██[38;2;193;209;207m██[38;2;78;109;108m██[38;2;193;209;207m██[38;2;24;24;24m██[38;2;250;250;250m██[38;2;250;250;250m██[38;2;250;250;250m██[38;2;250;250;250m██[38;2;250;250;250m██[38;2;24;24;24m██[38;2;193;209;207m██[38;2;193;209;207m██[38;2;78;109;108m██[38;2;250;250;250m██[38;2;250;250;250m██[38;2;250;250;250m██[38;2;193;209;207m██[38;2;193;209;207m██[38;2;193;209;207m██[38;2;193;209;207m██[38;2;24;24;24m██[38;2;171;199;188m██[38;2;171;199;188m██[38;2;171;199;188m██[38;2;171;199;188m██[38;2;215;233;227m██[38;2;171;199;188m██[38;2;171;199;188m██[38;2;171;199;188m██[38;2;215;233;227m██[38;2;215;233;227m██[38;2;215;233;227m██[38;2;171;199;188m██[38;2;24;24;24m██      
                  [38;2;78;109;108m██[38;2;193;209;207m██[38;2;193;209;207m██[38;2;78;109;108m██[38;2;78;109;108m██[38;2;24;24;24m██[38;2;250;250;250m██[38;2;250;250;250m██[38;2;250;250;250m██[38;2;250;250;250m██[38;2;24;24;24m██[38;2;193;209;207m██[38;2;193;209;207m██[38;2;78;109;108m██[38;2;193;209;207m██[38;2;193;209;207m██[38;2;193;209;207m██[38;2;193;209;207m██[38;2;193;209;207m██[38;2;193;209;207m██[38;2;193;209;207m██[38;2;24;24;24m██[38;2;171;199;188m██[38;2;215;233;227m██[38;2;215;233;227m██[38;2;215;233;227m██[38;2;171;199;188m██[38;2;215;233;227m██[38;2;215;233;227m██[38;2;215;233;227m██[38;2;98;134;112m██[38;2;171;199;188m██[38;2;171;199;188m██[38;2;171;199;188m██[38;2;24;24;24m██      
                  [38;2;78;109;108m██[38;2;193;209;207m██[38;2;193;209;207m██[38;2;193;209;207m██[38;2;193;209;207m██[38;2;24;24;24m██[38;2;250;250;250m██[38;2;250;250;250m██[38;2;250;250;250m██[38;2;250;250;250m██[38;2;24;24;24m██[38;2;78;109;108m██[38;2;78;109;108m██[38;2;78;109;108m██[38;2;78;109;108m██[38;2;193;209;207m██[38;2;193;209;207m██[38;2;193;209;207m██[38;2;193;209;207m██[38;2;193;209;207m██[38;2;193;209;207m██[38;2;193;209;207m██[38;2;24;24;24m██[38;2;215;233;227m██[38;2;215;233;227m██[38;2;215;233;227m██[38;2;171;199;188m██[38;2;215;233;227m██[38;2;215;233;227m██[38;2;215;233;227m██[38;2;98;134;112m██[38;2;24;24;24m██[38;2;24;24;24m██[38;2;24;24;24m██        
                    [38;2;78;109;108m██[38;2;171;199;188m██[38;2;193;209;207m██[38;2;193;209;207m██[38;2;24;24;24m██[38;2;250;250;250m██[38;2;250;250;250m██[38;2;250;250;250m██[38;2;250;250;250m██[38;2;24;24;24m██  [38;2;78;109;108m██[38;2;171;199;188m██[38;2;193;209;207m██[38;2;78;109;108m██[38;2;78;109;108m██[38;2;193;209;207m██[38;2;193;209;207m██[38;2;193;209;207m██[38;2;193;209;207m██[38;2;193;209;207m██[38;2;24;24;24m██[38;2;171;199;188m██[38;2;215;233;227m██[38;2;215;233;227m██[38;2;215;233;227m██[38;2;98;134;112m██[38;2;215;233;227m██[38;2;171;199;188m██[38;2;98;134;112m██[38;2;24;24;24m██            
                    [38;2;78;109;108m██[38;2;171;199;188m██[38;2;171;199;188m██[38;2;98;134;112m██[38;2;24;24;24m██[38;2;250;250;250m██[38;2;250;250;250m██[38;2;250;250;250m██[38;2;250;250;250m██[38;2;24;24;24m██  [38;2;78;109;108m██[38;2;171;199;188m██[38;2;98;134;112m██[38;2;98;134;112m██[38;2;24;24;24m██[38;2;78;109;108m██[38;2;193;209;207m██[38;2;171;199;188m██[38;2;193;209;207m██[38;2;98;134;112m██[38;2;24;24;24m██[38;2;24;24;24m██[38;2;171;199;188m██[38;2;171;199;188m██[38;2;171;199;188m██[38;2;171;199;188m██[38;2;171;199;188m██[38;2;171;199;188m██[38;2;24;24;24m██              
                    [38;2;78;109;108m██[38;2;171;199;188m██[38;2;171;199;188m██[38;2;171;199;188m██[38;2;24;24;24m██[38;2;171;199;188m██[38;2;250;250;250m██[38;2;171;199;188m██[38;2;171;199;188m██[38;2;24;24;24m██[38;2;78;109;108m██[38;2;171;199;188m██[38;2;171;199;188m██[38;2;171;199;188m██[38;2;171;199;188m██[38;2;24;24;24m██[38;2;78;109;108m██[38;2;98;134;112m██[38;2;171;199;188m██[38;2;171;199;188m██[38;2;171;199;188m██[38;2;24;24;24m██  [38;2;24;24;24m██[38;2;24;24;24m██[38;2;24;24;24m██[38;2;24;24;24m██[38;2;24;24;24m██[38;2;24;24;24m██                
                  [38;2;78;109;108m██[38;2;171;199;188m██[38;2;171;199;188m██[38;2;171;199;188m██[38;2;171;199;188m██[38;2;24;24;24m██[38;2;215;233;227m██[38;2;215;233;227m██[38;2;215;233;227m██[38;2;215;233;227m██[38;2;24;24;24m██[38;2;171;199;188m██[38;2;171;199;188m██[38;2;171;199;188m██[38;2;171;199;188m██[38;2;24;24;24m██  [38;2;78;109;108m██[38;2;171;199;188m██[38;2;171;199;188m██[38;2;171;199;188m██[38;2;24;24;24m██                                
                  [38;2;78;109;108m██[38;2;171;199;188m██[38;2;78;109;108m██[38;2;171;199;188m██[38;2;24;24;24m██[38;2;215;233;227m██[38;2;215;233;227m██[38;2;215;233;227m██[38;2;215;233;227m██[38;2;215;233;227m██[38;2;24;24;24m██[38;2;171;199;188m██[38;2;78;109;108m██[38;2;171;199;188m██[38;2;24;24;24m██  [38;2;78;109;108m██[38;2;171;199;188m██[38;2;171;199;188m██[38;2;171;199;188m██[38;2;171;199;188m██[38;2;24;24;24m██                                
                  [38;2;24;24;24m██[38;2;171;199;188m██[38;2;78;109;108m██[38;2;171;199;188m██[38;2;24;24;24m██[38;2;215;233;227m██[38;2;215;233;227m██[38;2;78;109;108m██[38;2;215;233;227m██[38;2;171;199;188m██[38;2;24;24;24m██[38;2;24;24;24m██[38;2;24;24;24m██[38;2;24;24;24m██    [38;2;78;109;108m██[38;2;171;199;188m██[38;2;78;109;108m██[38;2;171;199;188m██[38;2;24;24;24m██                                  
                    [38;2;24;24;24m██[38;2;24;24;24m██[38;2;24;24;24m██[38;2;24;24;24m██[38;2;171;199;188m██[38;2;171;199;188m██[38;2;78;109;108m██[38;2;171;199;188m██[38;2;24;24;24m██              [38;2;24;24;24m██[38;2;24;24;24m██[38;2;24;24;24m██                                    
                            [38;2;24;24;24m██[38;2;24;24;24m██[38;2;24;24;24m██[38;2;24;24;24m██                                                          
