                                      [38;2;72;124;132m██[38;2;72;124;132m██[38;2;71;109;114m██[38;2;71;109;114m██[38;2;71;109;114m██[38;2;71;109;114m██                          
                                  [38;2;72;124;132m██[38;2;72;124;132m██[38;2;148;200;203m██[38;2;148;200;203m██[38;2;111;200;204m██[38;2;111;200;204m██[38;2;111;200;204m██[38;2;111;200;204m██[38;2;71;109;114m██[38;2;71;109;114m██                      
                                [38;2;72;124;132m██[38;2;148;200;203m██[38;2;148;200;203m██[38;2;148;200;203m██[38;2;148;200;203m██[38;2;148;200;203m██[38;2;111;200;204m██[38;2;111;200;204m██[38;2;111;200;204m██[38;2;111;200;204m██[38;2;72;124;132m██[38;2;16;16;16m██                    
                              [38;2;72;124;132m██[38;2;111;200;204m██[38;2;111;200;204m██[38;2;148;200;203m██[38;2;148;200;203m██[38;2;148;200;203m██[38;2;111;200;204m██[38;2;111;200;204m██[38;2;111;200;204m██[38;2;111;200;204m██[38;2;111;200;204m██[38;2;111;200;204m██[38;2;72;124;132m██[38;2;16;16;16m██                  
                            [38;2;72;124;132m██[38;2;111;200;204m██[38;2;111;200;204m██[38;2;111;200;204m██[38;2;111;200;204m██[38;2;111;200;204m██[38;2;111;200;204m██[38;2;111;200;204m██[38;2;111;200;204m██[38;2;111;200;204m██[38;2;111;200;204m██[38;2;111;200;204m██[38;2;111;200;204m██[38;2;111;200;204m██[38;2;71;109;114m██                  
                            [38;2;71;109;114m██[38;2;111;200;204m██[38;2;111;200;204m██[38;2;111;200;204m██[38;2;111;200;204m██[38;2;111;200;204m██[38;2;111;200;204m██[38;2;111;200;204m██[38;2;111;200;204m██[38;2;72;124;132m██[38;2;72;124;132m██[38;2;72;124;132m██[38;2;72;124;132m██[38;2;72;124;132m██[38;2;111;200;204m██[38;2;16;16;16m██                
                            [38;2;71;109;114m██[38;2;111;200;204m██[38;2;111;200;204m██[38;2;111;200;204m██[38;2;111;200;204m██[38;2;111;200;204m██[38;2;111;200;204m██[38;2;72;124;132m██[38;2;72;124;132m██[38;2;72;124;132m██[38;2;72;124;132m██[38;2;72;124;132m██[38;2;72;124;132m██[38;2;72;124;132m██[38;2;72;124;132m██[38;2;16;16;16m██                
                          [38;2;72;124;132m██[38;2;111;200;204m██[38;2;111;200;204m██[38;2;111;200;204m██[38;2;111;200;204m██[38;2;111;200;204m██[38;2;111;200;204m██[38;2;72;124;132m██[38;2;72;124;132m██[38;2;72;124;132m██[38;2;72;124;132m██[38;2;72;124;132m██[38;2;72;124;132m██[38;2;72;124;132m██[38;2;72;124;132m██[38;2;72;124;132m██[38;2;72;124;132m██[38;2;16;16;16m██              
                          [38;2;16;16;16m██[38;2;111;200;204m██[38;2;111;200;204m██[38;2;111;200;204m██[38;2;111;200;204m██[38;2;111;200;204m██[38;2;111;200;204m██[38;2;72;124;132m██[38;2;72;124;132m██[38;2;72;124;132m██[38;2;72;124;132m██[38;2;72;124;132m██[38;2;72;124;132m██[38;2;72;124;132m██[38;2;72;124;132m██[38;2;72;124;132m██[38;2;72;124;132m██[38;2;16;16;16m██              
                          [38;2;16;16;16m██[38;2;111;200;204m██[38;2;111;200;204m██[38;2;111;200;204m██[38;2;111;200;204m██[38;2;111;200;204m██[38;2;72;124;132m██[38;2;72;124;132m██[38;2;72;124;132m██[38;2;72;124;132m██[38;2;72;124;132m██[38;2;72;124;132m██[38;2;72;124;132m██[38;2;72;124;132m██[38;2;72;124;132m██[38;2;72;124;132m██[38;2;72;124;132m██[38;2;16;16;16m██              
                          [38;2;16;16;16m██[38;2;111;200;204m██[38;2;111;200;204m██[38;2;111;200;204m██[38;2;111;200;204m██[38;2;111;200;204m██[38;2;72;124;132m██[38;2;72;124;132m██[38;2;72;124;132m██[38;2;72;124;132m██[38;2;72;124;132m██[38;2;72;124;132m██[38;2;72;124;132m██[38;2;72;124;132m██[38;2;72;124;132m██[38;2;72;124;132m██[38;2;72;124;132m██[38;2;16;16;16m██              
                          [38;2;16;16;16m██[38;2;111;200;204m██[38;2;111;200;204m██[38;2;111;200;204m██[38;2;111;200;204m██[38;2;111;200;204m██[38;2;72;124;132m██[38;2;72;124;132m██[38;2;72;124;132m██[38;2;72;124;132m██[38;2;72;124;132m██[38;2;72;124;132m██[38;2;72;124;132m██[38;2;72;124;132m██[38;2;72;124;132m██[38;2;72;124;132m██[38;2;72;124;132m██[38;2;16;16;16m██              
                    [38;2;150;170;167m██[38;2;150;170;167m██[38;2;150;170;167m██[38;2;16;16;16m██[38;2;111;200;204m██[38;2;111;200;204m██[38;2;111;200;204m██[38;2;111;200;204m██[38;2;111;200;204m██[38;2;72;124;132m██[38;2;72;124;132m██[38;2;72;124;132m██[38;2;72;124;132m██[38;2;72;124;132m██[38;2;72;124;132m██[38;2;72;124;132m██[38;2;72;124;132m██[38;2;72;124;132m██[38;2;72;124;132m██[38;2;72;124;132m██[38;2;16;16;16m██              
                  [38;2;150;170;167m██[38;2;150;170;167m██[38;2;150;170;167m██[38;2;150;170;167m██[38;2;16;16;16m██[38;2;72;124;132m██[38;2;111;200;204m██[38;2;111;200;204m██[38;2;111;200;204m██[38;2;111;200;204m██[38;2;72;124;132m██[38;2;72;124;132m██[38;2;72;124;132m██[38;2;72;124;132m██[38;2;72;124;132m██[38;2;72;124;132m██[38;2;72;124;132m██[38;2;72;124;132m██[38;2;72;124;132m██[38;2;72;124;132m██[38;2;72;124;132m██[38;2;16;16;16m██[38;2;71;109;114m██[38;2;7;61;66m██          
          [38;2;150;170;167m██[38;2;150;170;167m██[38;2;150;170;167m██[38;2;7;61;66m██[38;2;150;170;167m██[38;2;150;170;167m██[38;2;71;109;114m██[38;2;71;109;114m██[38;2;16;16;16m██[38;2;72;124;132m██[38;2;72;124;132m██[38;2;111;200;204m██[38;2;111;200;204m██[38;2;111;200;204m██[38;2;72;124;132m██[38;2;72;124;132m██[38;2;72;124;132m██[38;2;72;124;132m██[38;2;72;124;132m██[38;2;72;124;132m██[38;2;72;124;132m██[38;2;72;124;132m██[38;2;72;124;132m██[38;2;72;124;132m██[38;2;72;124;132m██[38;2;16;16;16m██[38;2;71;109;114m██[38;2;71;109;114m██[38;2;7;61;66m██        
      [38;2;150;170;167m██[38;2;150;170;167m██[38;2;150;170;167m██[38;2;150;170;167m██[38;2;150;170;167m██[38;2;7;61;66m██[38;2;71;109;114m██[38;2;71;109;114m██[38;2;47;102;85m██[38;2;47;102;85m██[38;2;16;16;16m██[38;2;72;124;132m██[38;2;72;124;132m██[38;2;72;124;132m██[38;2;111;200;204m██[38;2;111;200;204m██[38;2;72;124;132m██[38;2;72;124;132m██[38;2;72;124;132m██[38;2;72;124;132m██[38;2;72;124;132m██[38;2;72;124;132m██[38;2;72;124;132m██[38;2;72;124;132m██[38;2;72;124;132m██[38;2;72;124;132m██[38;2;72;124;132m██[38;2;16;16;16m██[38;2;71;109;114m██[38;2;71;109;114m██[38;2;71;109;114m██[38;2;7;61;66m██      
    [38;2;150;170;167m██[38;2;71;109;114m██[38;2;71;109;114m██[38;2;71;109;114m██[38;2;71;109;114m██[38;2;47;102;85m██[38;2;47;102;85m██[38;2;16;16;16m██[38;2;47;102;85m██[38;2;47;102;85m██[38;2;7;61;66m██[38;2;16;16;16m██[38;2;16;16;16m██[38;2;7;61;66m██[38;2;72;124;132m██[38;2;72;124;132m██[38;2;72;124;132m██[38;2;72;124;132m██[38;2;72;124;132m██[38;2;72;124;132m██[38;2;72;124;132m██[38;2;72;124;132m██[38;2;72;124;132m██[38;2;72;124;132m██[38;2;72;124;132m██[38;2;72;124;132m██[38;2;72;124;132m██[38;2;72;124;132m██[38;2;16;16;16m██[38;2;16;16;16m██[38;2;7;61;66m██[38;2;16;16;16m██[38;2;7;61;66m██      
    [38;2;16;16;16m██[38;2;71;109;114m██[38;2;71;109;114m██[38;2;71;109;114m██[38;2;47;102;85m██[38;2;47;102;85m██[38;2;47;102;85m██[38;2;47;102;85m██[38;2;16;16;16m██[38;2;47;102;85m██[38;2;16;16;16m██[38;2;150;170;167m██[38;2;150;170;167m██[38;2;150;170;167m██[38;2;7;61;66m██[38;2;72;124;132m██[38;2;72;124;132m██[38;2;72;124;132m██[38;2;72;124;132m██[38;2;72;124;132m██[38;2;72;124;132m██[38;2;72;124;132m██[38;2;72;124;132m██[38;2;72;124;132m██[38;2;72;124;132m██[38;2;72;124;132m██[38;2;16;16;16m██[38;2;7;61;66m██[38;2;7;61;66m██[38;2;150;170;167m██[38;2;150;170;167m██[38;2;150;170;167m██[38;2;16;16;16m██      
[38;2;7;61;66m██[38;2;7;61;66m██[38;2;16;16;16m██[38;2;71;109;114m██[38;2;71;109;114m██[38;2;47;102;85m██[38;2;47;102;85m██[38;2;47;102;85m██[38;2;47;102;85m██[38;2;47;102;85m██[38;2;16;16;16m██[38;2;7;61;66m██[38;2;150;170;167m██[38;2;150;170;167m██[38;2;150;170;167m██[38;2;150;170;167m██[38;2;150;170;167m██[38;2;16;16;16m██[38;2;72;124;132m██[38;2;72;124;132m██[38;2;72;124;132m██[38;2;72;124;132m██[38;2;72;124;132m██[38;2;72;124;132m██[38;2;72;124;132m██[38;2;72;124;132m██[38;2;72;124;132m██[38;2;16;16;16m██[38;2;47;102;85m██[38;2;150;170;167m██[38;2;150;170;167m██[38;2;150;170;167m██[38;2;150;170;167m██[38;2;47;102;85m██[38;2;47;102;85m██[38;2;16;16;16m██[38;2;7;61;66m██  
  [38;2;150;170;167m██[38;2;150;170;167m██[38;2;47;102;85m██[38;2;16;16;16m██[38;2;7;61;66m██[38;2;47;102;85m██[38;2;47;102;85m██[38;2;47;102;85m██[38;2;16;16;16m██[38;2;7;61;66m██[38;2;150;170;167m██[38;2;47;102;85m██[38;2;47;102;85m██[38;2;47;102;85m██[38;2;150;170;167m██[38;2;150;170;167m██[38;2;47;102;85m██[38;2;16;16;16m██[38;2;7;61;66m██[38;2;7;61;66m██[38;2;16;16;16m██[38;2;72;124;132m██[38;2;7;61;66m██[38;2;7;61;66m██[38;2;7;61;66m██[38;2;16;16;16m██[38;2;16;16;16m██[38;2;47;102;85m██[38;2;47;102;85m██[38;2;47;102;85m██[38;2;47;102;85m██[38;2;47;102;85m██[38;2;47;102;85m██[38;2;47;102;85m██[38;2;16;16;16m██[38;2;7;61;66m██[38;2;7;61;66m██
      [38;2;150;170;167m██[38;2;150;170;167m██[38;2;47;102;85m██[38;2;7;61;66m██[38;2;7;61;66m██[38;2;7;61;66m██[38;2;150;170;167m██[38;2;7;61;66m██[38;2;47;102;85m██[38;2;47;102;85m██[38;2;47;102;85m██[38;2;47;102;85m██[38;2;47;102;85m██[38;2;47;102;85m██[38;2;47;102;85m██[38;2;7;61;66m██[38;2;47;102;85m██[38;2;150;170;167m██[38;2;150;170;167m██[38;2;16;16;16m██[38;2;150;170;167m██[38;2;150;170;167m██[38;2;150;170;167m██[38;2;150;170;167m██[38;2;47;102;85m██[38;2;16;16;16m██[38;2;47;102;85m██[38;2;47;102;85m██[38;2;47;102;85m██[38;2;47;102;85m██[38;2;47;102;85m██[38;2;47;102;85m██[38;2;150;170;167m██[38;2;150;170;167m██[38;2;150;170;167m██
          [38;2;150;170;167m██[38;2;150;170;167m██[38;2;150;170;167m██[38;2;150;170;167m██[38;2;150;170;167m██[38;2;7;61;66m██[38;2;47;102;85m██[38;2;47;102;85m██[38;2;47;102;85m██[38;2;47;102;85m██[38;2;47;102;85m██[38;2;47;102;85m██[38;2;7;61;66m██[38;2;47;102;85m██[38;2;47;102;85m██[38;2;47;102;85m██[38;2;150;170;167m██[38;2;7;61;66m██[38;2;47;102;85m██[38;2;47;102;85m██[38;2;150;170;167m██[38;2;150;170;167m██[38;2;47;102;85m██[38;2;47;102;85m██[38;2;16;16;16m██[38;2;47;102;85m██[38;2;47;102;85m██[38;2;150;170;167m██[38;2;150;170;167m██[38;2;150;170;167m██[38;2;150;170;167m██    
        [38;2;150;170;167m██  [38;2;150;170;167m██  [38;2;150;170;167m██[38;2;150;170;167m██[38;2;150;170;167m██[38;2;7;61;66m██[38;2;16;16;16m██[38;2;7;61;66m██[38;2;47;102;85m██[38;2;47;102;85m██[38;2;47;102;85m██[38;2;16;16;16m██[38;2;47;102;85m██[38;2;47;102;85m██[38;2;47;102;85m██[38;2;47;102;85m██[38;2;16;16;16m██[38;2;47;102;85m██[38;2;47;102;85m██[38;2;47;102;85m██[38;2;47;102;85m██[38;2;47;102;85m██[38;2;47;102;85m██[38;2;16;16;16m██[38;2;47;102;85m██[38;2;150;170;167m██[38;2;150;170;167m██  [38;2;150;170;167m██  [38;2;150;170;167m██  
          [38;2;150;170;167m██  [38;2;150;170;167m██  [38;2;150;170;167m██  [38;2;150;170;167m██[38;2;150;170;167m██[38;2;150;170;167m██[38;2;150;170;167m██[38;2;150;170;167m██[38;2;150;170;167m██[38;2;71;109;114m██[38;2;7;61;66m██[38;2;47;102;85m██[38;2;47;102;85m██[38;2;47;102;85m██[38;2;47;102;85m██[38;2;150;170;167m██[38;2;47;102;85m██[38;2;47;102;85m██[38;2;47;102;85m██[38;2;150;170;167m██[38;2;150;170;167m██[38;2;47;102;85m██[38;2;150;170;167m██    [38;2;150;170;167m██  [38;2;150;170;167m██    
            [38;2;150;170;167m██      [38;2;150;170;167m██  [38;2;150;170;167m██  [38;2;150;170;167m██      [38;2;150;170;167m██  [38;2;150;170;167m██[38;2;150;170;167m██[38;2;150;170;167m██[38;2;150;170;167m██[38;2;150;170;167m██  [38;2;150;170;167m██    [38;2;150;170;167m██  [38;2;150;170;167m██            
                                  [38;2;150;170;167m██  [38;2;150;170;167m██  [38;2;150;170;167m██  [38;2;150;170;167m██  [38;2;150;170;167m██  [38;2;150;170;167m██                    
                                            [38;2;150;170;167m██  [38;2;150;170;167m██                          
