                        [38;2;16;16;16m██[38;2;123;123;123m██    [38;2;16;16;16m██[38;2;123;123;123m██                                
                        [38;2;16;16;16m██[38;2;16;16;16m██    [38;2;16;16;16m██[38;2;123;123;123m██                                
                          [38;2;16;16;16m██[38;2;123;123;123m██  [38;2;16;16;16m██[38;2;16;16;16m██                                
                            [38;2;16;16;16m██  [38;2;16;16;16m██[38;2;16;16;16m██                                
                      [38;2;16;16;16m██[38;2;123;123;123m██[38;2;123;123;123m██[38;2;16;16;16m██[38;2;16;16;16m██[38;2;16;16;16m██[38;2;24;115;197m██[38;2;24;115;197m██[38;2;24;115;197m██[38;2;24;115;197m██[38;2;24;115;197m██    [38;2;16;74;139m██                  
                      [38;2;16;16;16m██[38;2;16;16;16m██[38;2;16;16;16m██[38;2;16;74;139m██[38;2;16;16;16m██[38;2;16;16;16m██[38;2;16;180;238m██[38;2;159;222;255m██[38;2;159;222;255m██[38;2;159;222;255m██[38;2;159;222;255m██[38;2;24;115;197m██[38;2;16;16;16m██[38;2;16;180;238m██[38;2;16;74;139m██  [38;2;16;74;139m██            
                      [38;2;16;74;139m██[38;2;16;74;139m██[38;2;16;16;16m██[38;2;16;16;16m██[38;2;24;115;197m██[38;2;24;115;197m██[38;2;24;115;197m██[38;2;24;115;197m██[38;2;16;180;238m██[38;2;159;222;255m██[38;2;159;222;255m██[38;2;159;222;255m██[38;2;16;16;16m██[38;2;16;180;238m██[38;2;16;180;238m██[38;2;16;74;139m██[38;2;16;180;238m██[38;2;16;74;139m██          
                  [38;2;16;74;139m██[38;2;16;74;139m██[38;2;24;115;197m██[38;2;24;115;197m██[38;2;24;115;197m██[38;2;24;115;197m██[38;2;24;115;197m██[38;2;24;115;197m██[38;2;24;115;197m██[38;2;24;115;197m██[38;2;24;115;197m██[38;2;24;115;197m██[38;2;24;115;197m██[38;2;16;16;16m██[38;2;24;115;197m██[38;2;16;16;16m██[38;2;16;180;238m██[38;2;16;180;238m██[38;2;16;180;238m██[38;2;16;74;139m██          
                [38;2;16;16;16m██[38;2;16;74;139m██[38;2;24;115;197m██[38;2;24;115;197m██[38;2;24;115;197m██[38;2;24;115;197m██[38;2;24;115;197m██[38;2;24;115;197m██[38;2;24;115;197m██[38;2;24;115;197m██[38;2;24;115;197m██[38;2;24;115;197m██[38;2;24;115;197m██[38;2;24;115;197m██[38;2;16;16;16m██[38;2;24;115;197m██[38;2;24;115;197m██[38;2;24;115;197m██[38;2;16;180;238m██[38;2;16;180;238m██[38;2;16;16;16m██          
              [38;2;16;16;16m██[38;2;16;74;139m██[38;2;24;115;197m██[38;2;24;115;197m██[38;2;24;115;197m██[38;2;24;115;197m██[38;2;24;115;197m██[38;2;24;115;197m██[38;2;24;115;197m██[38;2;24;115;197m██[38;2;24;115;197m██[38;2;24;115;197m██[38;2;24;115;197m██[38;2;24;115;197m██[38;2;24;115;197m██[38;2;24;115;197m██[38;2;16;74;139m██[38;2;24;115;197m██[38;2;24;115;197m██[38;2;24;115;197m██[38;2;16;180;238m██[38;2;16;16;16m██          
          [38;2;16;16;16m██[38;2;16;74;139m██[38;2;16;16;16m██[38;2;16;74;139m██[38;2;24;115;197m██[38;2;24;115;197m██[38;2;24;115;197m██[38;2;24;115;197m██[38;2;24;115;197m██[38;2;24;115;197m██[38;2;24;115;197m██[38;2;24;115;197m██[38;2;24;115;197m██[38;2;24;115;197m██[38;2;24;115;197m██[38;2;24;115;197m██[38;2;24;115;197m██[38;2;24;115;197m██[38;2;16;16;16m██[38;2;24;115;197m██[38;2;24;115;197m██[38;2;24;115;197m██[38;2;24;115;197m██[38;2;16;180;238m██[38;2;16;74;139m██        
          [38;2;16;16;16m██[38;2;16;180;238m██[38;2;16;74;139m██[38;2;24;115;197m██[38;2;24;115;197m██[38;2;24;115;197m██[38;2;24;115;197m██[38;2;24;115;197m██[38;2;24;115;197m██[38;2;24;115;197m██[38;2;24;115;197m██[38;2;24;115;197m██[38;2;24;115;197m██[38;2;24;115;197m██[38;2;24;115;197m██[38;2;24;115;197m██[38;2;24;115;197m██[38;2;24;115;197m██[38;2;24;115;197m██[38;2;16;16;16m██[38;2;24;115;197m██[38;2;24;115;197m██[38;2;24;115;197m██[38;2;16;180;238m██[38;2;16;74;139m██        
            [38;2;16;16;16m██[38;2;16;74;139m██[38;2;24;115;197m██[38;2;24;115;197m██[38;2;24;115;197m██[38;2;24;115;197m██[38;2;24;115;197m██[38;2;24;115;197m██[38;2;24;115;197m██[38;2;24;115;197m██[38;2;24;115;197m██[38;2;24;115;197m██[38;2;24;115;197m██[38;2;24;115;197m██[38;2;24;115;197m██[38;2;24;115;197m██[38;2;24;115;197m██[38;2;24;115;197m██[38;2;24;115;197m██[38;2;16;74;139m██[38;2;24;115;197m██[38;2;24;115;197m██[38;2;24;115;197m██[38;2;16;180;238m██[38;2;16;74;139m██      
            [38;2;16;16;16m██[38;2;16;74;139m██[38;2;24;115;197m██[38;2;24;115;197m██[38;2;24;115;197m██[38;2;24;115;197m██[38;2;24;115;197m██[38;2;24;115;197m██[38;2;24;115;197m██[38;2;24;115;197m██[38;2;24;115;197m██[38;2;24;115;197m██[38;2;24;115;197m██[38;2;24;115;197m██[38;2;24;115;197m██[38;2;24;115;197m██[38;2;24;115;197m██[38;2;24;115;197m██[38;2;24;115;197m██[38;2;16;16;16m██[38;2;24;115;197m██[38;2;24;115;197m██[38;2;24;115;197m██[38;2;16;180;238m██[38;2;16;180;238m██[38;2;16;74;139m██    
          [38;2;16;74;139m██[38;2;24;115;197m██[38;2;16;74;139m██[38;2;24;115;197m██[38;2;24;115;197m██[38;2;24;115;197m██[38;2;24;115;197m██[38;2;24;115;197m██[38;2;24;115;197m██[38;2;24;115;197m██[38;2;24;115;197m██[38;2;24;115;197m██[38;2;24;115;197m██[38;2;24;115;197m██[38;2;24;115;197m██[38;2;24;115;197m██[38;2;24;115;197m██[38;2;24;115;197m██[38;2;24;115;197m██[38;2;24;115;197m██[38;2;16;16;16m██[38;2;24;115;197m██[38;2;24;115;197m██[38;2;24;115;197m██[38;2;16;180;238m██[38;2;16;180;238m██[38;2;16;74;139m██    
          [38;2;16;74;139m██[38;2;24;115;197m██[38;2;16;74;139m██[38;2;24;115;197m██[38;2;24;115;197m██[38;2;24;115;197m██[38;2;24;115;197m██[38;2;24;115;197m██[38;2;24;115;197m██[38;2;24;115;197m██[38;2;24;115;197m██[38;2;24;115;197m██[38;2;24;115;197m██[38;2;24;115;197m██[38;2;24;115;197m██[38;2;24;115;197m██[38;2;24;115;197m██[38;2;24;115;197m██[38;2;24;115;197m██[38;2;24;115;197m██[38;2;16;16;16m██[38;2;24;115;197m██[38;2;24;115;197m██[38;2;24;115;197m██[38;2;24;115;197m██[38;2;16;180;238m██[38;2;16;180;238m██[38;2;16;74;139m██  
          [38;2;16;74;139m██[38;2;24;115;197m██[38;2;16;74;139m██[38;2;24;115;197m██[38;2;24;115;197m██[38;2;24;115;197m██[38;2;24;115;197m██[38;2;24;115;197m██[38;2;24;115;197m██[38;2;24;115;197m██[38;2;24;115;197m██[38;2;24;115;197m██[38;2;24;115;197m██[38;2;24;115;197m██[38;2;24;115;197m██[38;2;24;115;197m██[38;2;24;115;197m██[38;2;24;115;197m██[38;2;24;115;197m██[38;2;24;115;197m██[38;2;16;74;139m██[38;2;24;115;197m██[38;2;24;115;197m██[38;2;24;115;197m██[38;2;24;115;197m██[38;2;16;180;238m██[38;2;16;180;238m██[38;2;16;74;139m██  
        [38;2;16;74;139m██[38;2;24;115;197m██[38;2;24;115;197m██[38;2;24;115;197m██[38;2;16;74;139m██[38;2;24;115;197m██[38;2;24;115;197m██[38;2;24;115;197m██[38;2;24;115;197m██[38;2;24;115;197m██[38;2;24;115;197m██[38;2;24;115;197m██[38;2;24;115;197m██[38;2;24;115;197m██[38;2;24;115;197m██[38;2;24;115;197m██[38;2;24;115;197m██[38;2;24;115;197m██[38;2;24;115;197m██[38;2;24;115;197m██[38;2;16;16;16m██[38;2;24;115;197m██[38;2;24;115;197m██[38;2;24;115;197m██[38;2;24;115;197m██[38;2;24;115;197m██[38;2;16;180;238m██[38;2;16;180;238m██[38;2;16;74;139m██  
        [38;2;16;74;139m██[38;2;24;115;197m██[38;2;24;115;197m██[38;2;24;115;197m██[38;2;16;74;139m██[38;2;24;115;197m██[38;2;24;115;197m██[38;2;24;115;197m██[38;2;24;115;197m██[38;2;24;115;197m██[38;2;24;115;197m██[38;2;24;115;197m██[38;2;24;115;197m██[38;2;24;115;197m██[38;2;24;115;197m██[38;2;24;115;197m██[38;2;24;115;197m██[38;2;24;115;197m██[38;2;24;115;197m██[38;2;24;115;197m██[38;2;16;16;16m██[38;2;24;115;197m██[38;2;24;115;197m██[38;2;24;115;197m██[38;2;24;115;197m██[38;2;24;115;197m██[38;2;24;115;197m██[38;2;16;180;238m██[38;2;16;74;139m██  
        [38;2;16;16;16m██[38;2;24;115;197m██[38;2;24;115;197m██[38;2;24;115;197m██[38;2;24;115;197m██[38;2;16;74;139m██[38;2;24;115;197m██[38;2;24;115;197m██[38;2;24;115;197m██[38;2;24;115;197m██[38;2;24;115;197m██[38;2;24;115;197m██[38;2;24;115;197m██[38;2;24;115;197m██[38;2;24;115;197m██[38;2;24;115;197m██[38;2;24;115;197m██[38;2;24;115;197m██[38;2;24;115;197m██[38;2;24;115;197m██[38;2;16;16;16m██[38;2;24;115;197m██[38;2;24;115;197m██[38;2;24;115;197m██[38;2;24;115;197m██[38;2;24;115;197m██[38;2;24;115;197m██[38;2;24;115;197m██[38;2;8;37;70m██  
        [38;2;16;16;16m██[38;2;24;115;197m██[38;2;24;115;197m██[38;2;24;115;197m██[38;2;24;115;197m██[38;2;24;115;197m██[38;2;16;16;16m██[38;2;16;74;139m██[38;2;24;115;197m██[38;2;24;115;197m██[38;2;24;115;197m██[38;2;24;115;197m██[38;2;24;115;197m██[38;2;24;115;197m██[38;2;24;115;197m██[38;2;24;115;197m██[38;2;24;115;197m██[38;2;24;115;197m██[38;2;24;115;197m██[38;2;16;74;139m██[38;2;16;74;139m██[38;2;24;115;197m██[38;2;24;115;197m██[38;2;24;115;197m██[38;2;24;115;197m██[38;2;24;115;197m██[38;2;24;115;197m██[38;2;16;16;16m██[38;2;255;255;255m██[38;2;8;37;70m██
          [38;2;16;16;16m██[38;2;24;115;197m██[38;2;24;115;197m██[38;2;24;115;197m██[38;2;24;115;197m██[38;2;24;115;197m██[38;2;16;74;139m██[38;2;16;16;16m██[38;2;16;16;16m██[38;2;16;74;139m██[38;2;24;115;197m██[38;2;24;115;197m██[38;2;24;115;197m██[38;2;24;115;197m██[38;2;24;115;197m██[38;2;16;74;139m██[38;2;16;74;139m██[38;2;16;16;16m██[38;2;16;16;16m██[38;2;24;115;197m██[38;2;24;115;197m██[38;2;24;115;197m██[38;2;24;115;197m██[38;2;24;115;197m██[38;2;24;115;197m██[38;2;24;115;197m██[38;2;16;16;16m██[38;2;229;246;255m██[38;2;8;37;70m██
          [38;2;16;16;16m██[38;2;24;115;197m██[38;2;24;115;197m██[38;2;24;115;197m██[38;2;16;74;139m██[38;2;24;115;197m██[38;2;24;115;197m██[38;2;24;115;197m██[38;2;24;115;197m██[38;2;24;115;197m██[38;2;24;115;197m██[38;2;24;115;197m██[38;2;24;115;197m██[38;2;24;115;197m██[38;2;24;115;197m██[38;2;24;115;197m██[38;2;24;115;197m██[38;2;24;115;197m██[38;2;16;16;16m██[38;2;24;115;197m██[38;2;24;115;197m██[38;2;24;115;197m██[38;2;24;115;197m██[38;2;24;115;197m██[38;2;24;115;197m██[38;2;16;16;16m██[38;2;229;246;255m██[38;2;16;16;16m██  
            [38;2;16;16;16m██[38;2;24;115;197m██[38;2;16;74;139m██[38;2;24;115;197m██[38;2;24;115;197m██[38;2;24;115;197m██[38;2;24;115;197m██[38;2;24;115;197m██[38;2;24;115;197m██[38;2;24;115;197m██[38;2;24;115;197m██[38;2;24;115;197m██[38;2;24;115;197m██[38;2;24;115;197m██[38;2;24;115;197m██[38;2;24;115;197m██[38;2;24;115;197m██[38;2;16;74;139m██[38;2;24;115;197m██[38;2;24;115;197m██[38;2;24;115;197m██[38;2;24;115;197m██[38;2;24;115;197m██[38;2;24;115;197m██[38;2;16;16;16m██[38;2;16;16;16m██    
            [38;2;16;16;16m██[38;2;16;74;139m██[38;2;24;115;197m██[38;2;24;115;197m██[38;2;24;115;197m██[38;2;24;115;197m██[38;2;24;115;197m██[38;2;24;115;197m██[38;2;24;115;197m██[38;2;24;115;197m██[38;2;24;115;197m██[38;2;24;115;197m██[38;2;24;115;197m██[38;2;24;115;197m██[38;2;24;115;197m██[38;2;24;115;197m██[38;2;24;115;197m██[38;2;24;115;197m██[38;2;16;74;139m██[38;2;24;115;197m██[38;2;24;115;197m██[38;2;24;115;197m██[38;2;24;115;197m██[38;2;16;16;16m██[38;2;16;74;139m██      
              [38;2;16;74;139m██[38;2;24;115;197m██[38;2;24;115;197m██[38;2;24;115;197m██[38;2;24;115;197m██[38;2;24;115;197m██[38;2;24;115;197m██[38;2;24;115;197m██[38;2;24;115;197m██[38;2;24;115;197m██[38;2;24;115;197m██[38;2;24;115;197m██[38;2;24;115;197m██[38;2;24;115;197m██[38;2;24;115;197m██[38;2;24;115;197m██[38;2;24;115;197m██[38;2;24;115;197m██[38;2;24;115;197m██[38;2;24;115;197m██[38;2;24;115;197m██[38;2;24;115;197m██[38;2;16;180;238m██[38;2;16;74;139m██      
            [38;2;16;16;16m██[38;2;16;180;238m██[38;2;16;180;238m██[38;2;24;115;197m██[38;2;24;115;197m██[38;2;24;115;197m██[38;2;24;115;197m██[38;2;24;115;197m██[38;2;24;115;197m██[38;2;24;115;197m██[38;2;24;115;197m██[38;2;24;115;197m██[38;2;24;115;197m██[38;2;24;115;197m██[38;2;24;115;197m██[38;2;24;115;197m██[38;2;24;115;197m██[38;2;24;115;197m██[38;2;24;115;197m██[38;2;24;115;197m██[38;2;24;115;197m██[38;2;24;115;197m██[38;2;24;115;197m██[38;2;16;180;238m██[38;2;16;180;238m██[38;2;16;74;139m██    
            [38;2;16;16;16m██[38;2;16;180;238m██[38;2;16;180;238m██[38;2;16;180;238m██[38;2;24;115;197m██[38;2;24;115;197m██[38;2;24;115;197m██[38;2;24;115;197m██[38;2;24;115;197m██[38;2;24;115;197m██[38;2;24;115;197m██[38;2;24;115;197m██[38;2;24;115;197m██[38;2;24;115;197m██[38;2;24;115;197m██[38;2;24;115;197m██[38;2;24;115;197m██[38;2;24;115;197m██[38;2;24;115;197m██[38;2;24;115;197m██[38;2;24;115;197m██[38;2;24;115;197m██[38;2;24;115;197m██[38;2;16;180;238m██[38;2;16;180;238m██[38;2;16;74;139m██    
            [38;2;16;74;139m██[38;2;16;180;238m██[38;2;16;180;238m██[38;2;16;180;238m██[38;2;24;115;197m██[38;2;24;115;197m██[38;2;24;115;197m██[38;2;24;115;197m██[38;2;24;115;197m██[38;2;24;115;197m██[38;2;24;115;197m██[38;2;24;115;197m██[38;2;24;115;197m██[38;2;24;115;197m██[38;2;24;115;197m██[38;2;24;115;197m██[38;2;24;115;197m██[38;2;24;115;197m██[38;2;24;115;197m██[38;2;24;115;197m██[38;2;24;115;197m██[38;2;24;115;197m██[38;2;24;115;197m██[38;2;24;115;197m██[38;2;16;180;238m██[38;2;16;74;139m██    
  [38;2;16;74;139m██[38;2;16;74;139m██    [38;2;16;16;16m██[38;2;16;180;238m██[38;2;16;180;238m██[38;2;16;180;238m██[38;2;24;115;197m██[38;2;24;115;197m██[38;2;24;115;197m██[38;2;24;115;197m██[38;2;24;115;197m██[38;2;24;115;197m██[38;2;24;115;197m██[38;2;24;115;197m██[38;2;24;115;197m██[38;2;24;115;197m██[38;2;24;115;197m██[38;2;24;115;197m██[38;2;24;115;197m██[38;2;24;115;197m██[38;2;24;115;197m██[38;2;24;115;197m██[38;2;24;115;197m██[38;2;24;115;197m██[38;2;24;115;197m██[38;2;24;115;197m██[38;2;24;115;197m██[38;2;16;180;238m██[38;2;16;180;238m██[38;2;16;74;139m██  
[38;2;16;74;139m██[38;2;16;180;238m██[38;2;16;180;238m██[38;2;16;74;139m██[38;2;16;74;139m██[38;2;16;16;16m██[38;2;16;180;238m██[38;2;16;180;238m██[38;2;24;115;197m██[38;2;24;115;197m██[38;2;24;115;197m██[38;2;24;115;197m██[38;2;24;115;197m██[38;2;24;115;197m██[38;2;24;115;197m██[38;2;24;115;197m██[38;2;24;115;197m██[38;2;24;115;197m██[38;2;24;115;197m██[38;2;24;115;197m██[38;2;24;115;197m██[38;2;24;115;197m██[38;2;24;115;197m██[38;2;24;115;197m██[38;2;24;115;197m██[38;2;24;115;197m██[38;2;24;115;197m██[38;2;24;115;197m██[38;2;24;115;197m██[38;2;24;115;197m██[38;2;16;180;238m██[38;2;16;180;238m██[38;2;16;74;139m██  
[38;2;16;74;139m██[38;2;24;115;197m██[38;2;16;180;238m██[38;2;16;180;238m██[38;2;16;180;238m██[38;2;16;74;139m██[38;2;16;74;139m██[38;2;16;74;139m██[38;2;24;115;197m██[38;2;24;115;197m██[38;2;24;115;197m██[38;2;24;115;197m██[38;2;24;115;197m██[38;2;24;115;197m██[38;2;24;115;197m██[38;2;24;115;197m██[38;2;24;115;197m██[38;2;24;115;197m██[38;2;24;115;197m██[38;2;24;115;197m██[38;2;24;115;197m██[38;2;24;115;197m██[38;2;24;115;197m██[38;2;24;115;197m██[38;2;24;115;197m██[38;2;24;115;197m██[38;2;24;115;197m██[38;2;24;115;197m██[38;2;24;115;197m██[38;2;24;115;197m██[38;2;24;115;197m██[38;2;16;180;238m██[38;2;16;74;139m██  
  [38;2;16;74;139m██[38;2;24;115;197m██[38;2;24;115;197m██[38;2;16;180;238m██[38;2;16;180;238m██[38;2;24;115;197m██[38;2;24;115;197m██[38;2;16;74;139m██[38;2;16;74;139m██[38;2;16;74;139m██[38;2;24;115;197m██[38;2;24;115;197m██[38;2;24;115;197m██[38;2;24;115;197m██[38;2;24;115;197m██[38;2;24;115;197m██[38;2;24;115;197m██[38;2;24;115;197m██[38;2;24;115;197m██[38;2;24;115;197m██[38;2;24;115;197m██[38;2;24;115;197m██[38;2;24;115;197m██[38;2;24;115;197m██[38;2;24;115;197m██[38;2;24;115;197m██[38;2;24;115;197m██[38;2;24;115;197m██[38;2;24;115;197m██[38;2;24;115;197m██[38;2;16;180;238m██[38;2;16;74;139m██  
  [38;2;16;74;139m██[38;2;24;115;197m██[38;2;24;115;197m██[38;2;24;115;197m██[38;2;24;115;197m██[38;2;24;115;197m██[38;2;24;115;197m██[38;2;24;115;197m██[38;2;24;115;197m██[38;2;24;115;197m██[38;2;24;115;197m██[38;2;24;115;197m██[38;2;24;115;197m██[38;2;24;115;197m██[38;2;24;115;197m██[38;2;24;115;197m██[38;2;24;115;197m██[38;2;24;115;197m██[38;2;24;115;197m██[38;2;24;115;197m██[38;2;24;115;197m██[38;2;24;115;197m██[38;2;24;115;197m██[38;2;24;115;197m██[38;2;24;115;197m██[38;2;24;115;197m██[38;2;24;115;197m██[38;2;24;115;197m██[38;2;24;115;197m██[38;2;24;115;197m██[38;2;16;180;238m██[38;2;16;74;139m██  
    [38;2;16;74;139m██[38;2;24;115;197m██[38;2;24;115;197m██[38;2;24;115;197m██[38;2;24;115;197m██[38;2;24;115;197m██[38;2;24;115;197m██[38;2;24;115;197m██[38;2;24;115;197m██[38;2;24;115;197m██[38;2;24;115;197m██[38;2;24;115;197m██[38;2;24;115;197m██[38;2;24;115;197m██[38;2;24;115;197m██[38;2;24;115;197m██[38;2;24;115;197m██[38;2;24;115;197m██[38;2;24;115;197m██[38;2;24;115;197m██[38;2;24;115;197m██[38;2;24;115;197m██[38;2;24;115;197m██[38;2;24;115;197m██[38;2;24;115;197m██[38;2;24;115;197m██[38;2;24;115;197m██[38;2;24;115;197m██[38;2;16;180;238m██[38;2;16;74;139m██    
      [38;2;16;74;139m██[38;2;16;74;139m██[38;2;24;115;197m██[38;2;24;115;197m██[38;2;24;115;197m██[38;2;24;115;197m██[38;2;24;115;197m██[38;2;24;115;197m██[38;2;24;115;197m██[38;2;24;115;197m██[38;2;24;115;197m██[38;2;24;115;197m██[38;2;24;115;197m██[38;2;24;115;197m██[38;2;24;115;197m██[38;2;24;115;197m██[38;2;24;115;197m██[38;2;24;115;197m██[38;2;24;115;197m██[38;2;24;115;197m██[38;2;24;115;197m██[38;2;24;115;197m██[38;2;24;115;197m██[38;2;24;115;197m██[38;2;24;115;197m██[38;2;24;115;197m██[38;2;24;115;197m██[38;2;16;180;238m██[38;2;16;74;139m██    
          [38;2;16;74;139m██[38;2;24;115;197m██[38;2;24;115;197m██[38;2;24;115;197m██[38;2;24;115;197m██[38;2;24;115;197m██[38;2;24;115;197m██[38;2;24;115;197m██[38;2;24;115;197m██[38;2;24;115;197m██[38;2;24;115;197m██[38;2;24;115;197m██[38;2;24;115;197m██[38;2;24;115;197m██[38;2;24;115;197m██[38;2;24;115;197m██[38;2;24;115;197m██[38;2;24;115;197m██[38;2;24;115;197m██[38;2;24;115;197m██[38;2;24;115;197m██[38;2;24;115;197m██[38;2;24;115;197m██[38;2;24;115;197m██[38;2;16;180;238m██[38;2;16;16;16m██      
            [38;2;16;16;16m██[38;2;16;16;16m██[38;2;24;115;197m██[38;2;24;115;197m██[38;2;24;115;197m██[38;2;24;115;197m██[38;2;24;115;197m██[38;2;24;115;197m██[38;2;24;115;197m██[38;2;24;115;197m██[38;2;24;115;197m██[38;2;24;115;197m██[38;2;24;115;197m██[38;2;24;115;197m██[38;2;24;115;197m██[38;2;24;115;197m██[38;2;24;115;197m██[38;2;24;115;197m██[38;2;24;115;197m██[38;2;24;115;197m██[38;2;24;115;197m██[38;2;24;115;197m██[38;2;16;74;139m██[38;2;16;16;16m██        
                [38;2;16;16;16m██[38;2;16;16;16m██[38;2;16;74;139m██[38;2;24;115;197m██[38;2;24;115;197m██[38;2;24;115;197m██[38;2;24;115;197m██[38;2;24;115;197m██[38;2;24;115;197m██[38;2;24;115;197m██[38;2;24;115;197m██[38;2;24;115;197m██[38;2;24;115;197m██[38;2;24;115;197m██[38;2;24;115;197m██[38;2;24;115;197m██[38;2;24;115;197m██[38;2;24;115;197m██[38;2;16;74;139m██[38;2;16;16;16m██[38;2;16;16;16m██          
              [38;2;8;37;70m██[38;2;8;37;70m██[38;2;159;222;255m██[38;2;159;222;255m██[38;2;16;16;16m██[38;2;16;16;16m██[38;2;16;74;139m██[38;2;24;115;197m██[38;2;24;115;197m██[38;2;24;115;197m██[38;2;24;115;197m██[38;2;24;115;197m██[38;2;24;115;197m██[38;2;24;115;197m██[38;2;24;115;197m██[38;2;24;115;197m██[38;2;24;115;197m██[38;2;16;16;16m██[38;2;16;16;16m██[38;2;16;16;16m██[38;2;159;222;255m██[38;2;255;255;255m██[38;2;8;37;70m██[38;2;8;37;70m██      
            [38;2;16;16;16m██[38;2;159;222;255m██[38;2;159;222;255m██[38;2;159;222;255m██[38;2;159;222;255m██[38;2;159;222;255m██[38;2;159;222;255m██[38;2;159;222;255m██[38;2;16;16;16m██[38;2;16;16;16m██[38;2;16;16;16m██[38;2;16;16;16m██[38;2;16;16;16m██[38;2;16;16;16m██[38;2;16;16;16m██[38;2;16;16;16m██[38;2;16;16;16m██[38;2;16;16;16m██[38;2;159;222;255m██[38;2;159;222;255m██[38;2;159;222;255m██[38;2;159;222;255m██[38;2;255;255;255m██[38;2;255;255;255m██[38;2;255;255;255m██[38;2;8;37;70m██[38;2;8;37;70m██  
              [38;2;16;16;16m██[38;2;16;16;16m██[38;2;16;16;16m██[38;2;159;222;255m██[38;2;159;222;255m██[38;2;159;222;255m██[38;2;159;222;255m██[38;2;16;16;16m██                [38;2;16;16;16m██[38;2;159;222;255m██[38;2;159;222;255m██[38;2;159;222;255m██[38;2;159;222;255m██[38;2;159;222;255m██[38;2;159;222;255m██[38;2;255;255;255m██[38;2;255;255;255m██[38;2;255;255;255m██[38;2;8;37;70m██
                    [38;2;16;16;16m██[38;2;16;16;16m██[38;2;16;16;16m██[38;2;16;16;16m██                  [38;2;16;16;16m██[38;2;159;222;255m██[38;2;159;222;255m██[38;2;159;222;255m██[38;2;159;222;255m██[38;2;159;222;255m██[38;2;159;222;255m██[38;2;16;16;16m██[38;2;16;16;16m██[38;2;8;37;70m██  
                                                [38;2;16;16;16m██[38;2;16;16;16m██[38;2;16;16;16m██[38;2;8;37;70m██[38;2;8;37;70m██[38;2;8;37;70m██[38;2;16;16;16m██      
