                                                                                    [38;2;83;106;102m██[38;2;83;106;102m██                  
                                                                            [38;2;83;106;102m██[38;2;83;106;102m██    [38;2;15;15;15m██[38;2;242;253;253m██[38;2;83;106;102m██                
                                                                            [38;2;15;15;15m██[38;2;242;253;253m██[38;2;83;106;102m██[38;2;83;106;102m██[38;2;15;15;15m██[38;2;242;253;253m██[38;2;242;253;253m██[38;2;83;106;102m██              
                                                                        [38;2;15;15;15m██[38;2;83;106;102m██[38;2;15;15;15m██[38;2;242;253;253m██[38;2;242;253;253m██[38;2;242;253;253m██[38;2;83;106;102m██[38;2;15;15;15m██[38;2;242;253;253m██[38;2;83;106;102m██              
                                                                    [38;2;83;106;102m██[38;2;83;106;102m██[38;2;15;15;15m██[38;2;242;253;253m██[38;2;83;106;102m██[38;2;242;253;253m██[38;2;242;253;253m██[38;2;242;253;253m██[38;2;242;253;253m██[38;2;242;253;253m██[38;2;242;253;253m██[38;2;242;253;253m██[38;2;83;106;102m██            
                [38;2;83;106;102m██[38;2;83;106;102m██[38;2;83;106;102m██[38;2;83;106;102m██[38;2;83;106;102m██[38;2;83;106;102m██[38;2;83;106;102m██                                      [38;2;15;15;15m██[38;2;242;253;253m██[38;2;242;253;253m██[38;2;242;253;253m██[38;2;242;253;253m██[38;2;242;253;253m██[38;2;242;253;253m██[38;2;242;253;253m██[38;2;242;253;253m██[38;2;242;253;253m██[38;2;242;253;253m██[38;2;242;253;253m██[38;2;83;106;102m██            
          [38;2;83;106;102m██[38;2;83;106;102m██[38;2;83;106;102m██[38;2;242;253;253m██[38;2;242;253;253m██[38;2;242;253;253m██[38;2;242;253;253m██[38;2;242;253;253m██[38;2;242;253;253m██[38;2;242;253;253m██[38;2;83;106;102m██[38;2;83;106;102m██[38;2;83;106;102m██                                  [38;2;15;15;15m██[38;2;83;106;102m██[38;2;242;253;253m██[38;2;242;253;253m██[38;2;242;253;253m██[38;2;242;253;253m██[38;2;242;253;253m██[38;2;148;184;181m██[38;2;148;184;181m██[38;2;242;253;253m██[38;2;242;253;253m██[38;2;242;253;253m██[38;2;83;106;102m██          
        [38;2;83;106;102m██[38;2;242;253;253m██[38;2;242;253;253m██[38;2;242;253;253m██[38;2;242;253;253m██[38;2;242;253;253m██[38;2;242;253;253m██[38;2;242;253;253m██[38;2;242;253;253m██[38;2;242;253;253m██[38;2;242;253;253m██[38;2;242;253;253m██[38;2;242;253;253m██[38;2;242;253;253m██[38;2;83;106;102m██[38;2;83;106;102m██                          [38;2;83;106;102m██[38;2;83;106;102m██[38;2;242;253;253m██[38;2;242;253;253m██[38;2;148;184;181m██[38;2;242;253;253m██[38;2;242;253;253m██[38;2;148;184;181m██[38;2;148;184;181m██[38;2;148;184;181m██[38;2;148;184;181m██[38;2;148;184;181m██[38;2;148;184;181m██[38;2;242;253;253m██[38;2;83;106;102m██          
        [38;2;15;15;15m██[38;2;15;15;15m██[38;2;15;15;15m██[38;2;15;15;15m██[38;2;15;15;15m██[38;2;83;106;102m██[38;2;242;253;253m██[38;2;242;253;253m██[38;2;242;253;253m██[38;2;242;253;253m██[38;2;242;253;253m██[38;2;242;253;253m██[38;2;242;253;253m██[38;2;148;184;181m██[38;2;242;253;253m██[38;2;148;184;181m██[38;2;83;106;102m██                      [38;2;83;106;102m██[38;2;242;253;253m██[38;2;242;253;253m██[38;2;242;253;253m██[38;2;148;184;181m██[38;2;148;184;181m██[38;2;148;184;181m██[38;2;148;184;181m██[38;2;148;184;181m██[38;2;148;184;181m██[38;2;57;56;77m██[38;2;57;56;77m██[38;2;57;56;77m██[38;2;57;56;77m██[38;2;57;56;77m██[38;2;255;238;213m██[38;2;83;106;102m██        
            [38;2;83;106;102m██[38;2;83;106;102m██[38;2;242;253;253m██[38;2;242;253;253m██[38;2;242;253;253m██[38;2;242;253;253m██[38;2;242;253;253m██[38;2;242;253;253m██[38;2;242;253;253m██[38;2;242;253;253m██[38;2;242;253;253m██[38;2;242;253;253m██[38;2;148;184;181m██[38;2;242;253;253m██[38;2;148;184;181m██[38;2;83;106;102m██                  [38;2;57;56;77m██[38;2;166;167;201m██[38;2;15;15;15m██[38;2;15;15;15m██[38;2;15;15;15m██[38;2;148;184;181m██[38;2;148;184;181m██[38;2;148;184;181m██[38;2;148;184;181m██[38;2;57;56;77m██[38;2;57;56;77m██[38;2;116;114;167m██[38;2;116;114;167m██[38;2;116;114;167m██[38;2;116;114;167m██[38;2;116;114;167m██[38;2;57;56;77m██[38;2;57;56;77m██        
        [38;2;83;106;102m██[38;2;83;106;102m██[38;2;242;253;253m██[38;2;242;253;253m██[38;2;242;253;253m██[38;2;242;253;253m██[38;2;242;253;253m██[38;2;242;253;253m██[38;2;242;253;253m██[38;2;242;253;253m██[38;2;242;253;253m██[38;2;242;253;253m██[38;2;242;253;253m██[38;2;148;184;181m██[38;2;242;253;253m██[38;2;148;184;181m██[38;2;242;253;253m██[38;2;148;184;181m██[38;2;83;106;102m██                [38;2;57;56;77m██[38;2;166;167;201m██[38;2;166;167;201m██[38;2;57;56;77m██[38;2;166;167;201m██[38;2;83;106;102m██[38;2;148;184;181m██[38;2;148;184;181m██[38;2;57;56;77m██[38;2;116;114;167m██[38;2;116;114;167m██[38;2;116;114;167m██[38;2;116;114;167m██[38;2;116;114;167m██[38;2;57;56;77m██[38;2;57;56;77m██[38;2;166;167;201m██[38;2;166;167;201m██[38;2;57;56;77m██      
    [38;2;83;106;102m██[38;2;83;106;102m██[38;2;242;253;253m██[38;2;242;253;253m██[38;2;242;253;253m██[38;2;242;253;253m██[38;2;242;253;253m██[38;2;148;184;181m██[38;2;148;184;181m██[38;2;242;253;253m██[38;2;242;253;253m██[38;2;242;253;253m██[38;2;242;253;253m██[38;2;148;184;181m██[38;2;148;184;181m██[38;2;148;184;181m██[38;2;148;184;181m██[38;2;242;253;253m██[38;2;148;184;181m██[38;2;148;184;181m██[38;2;15;15;15m██              [38;2;57;56;77m██[38;2;166;167;201m██[38;2;166;167;201m██[38;2;57;56;77m██[38;2;166;167;201m██[38;2;83;106;102m██[38;2;148;184;181m██[38;2;148;184;181m██[38;2;15;15;15m██[38;2;116;114;167m██[38;2;116;114;167m██[38;2;116;114;167m██[38;2;116;114;167m██[38;2;116;114;167m██[38;2;57;56;77m██[38;2;166;167;201m██[38;2;166;167;201m██[38;2;166;167;201m██[38;2;166;167;201m██[38;2;166;167;201m██[38;2;57;56;77m██    
  [38;2;83;106;102m██[38;2;242;253;253m██[38;2;242;253;253m██[38;2;242;253;253m██[38;2;242;253;253m██[38;2;242;253;253m██[38;2;148;184;181m██[38;2;148;184;181m██[38;2;148;184;181m██[38;2;148;184;181m██[38;2;242;253;253m██[38;2;242;253;253m██[38;2;242;253;253m██[38;2;148;184;181m██[38;2;148;184;181m██[38;2;148;184;181m██[38;2;148;184;181m██[38;2;148;184;181m██[38;2;148;184;181m██[38;2;148;184;181m██[38;2;148;184;181m██[38;2;148;184;181m██[38;2;15;15;15m██            [38;2;57;56;77m██[38;2;166;167;201m██[38;2;57;56;77m██[38;2;166;167;201m██[38;2;166;167;201m██[38;2;83;106;102m██[38;2;148;184;181m██[38;2;15;15;15m██[38;2;116;114;167m██[38;2;116;114;167m██[38;2;116;114;167m██[38;2;116;114;167m██[38;2;116;114;167m██[38;2;116;114;167m██[38;2;116;114;167m██[38;2;116;114;167m██[38;2;116;114;167m██[38;2;116;114;167m██[38;2;166;167;201m██[38;2;166;167;201m██[38;2;57;56;77m██    
  [38;2;15;15;15m██[38;2;15;15;15m██[38;2;15;15;15m██[38;2;15;15;15m██[38;2;83;106;102m██[38;2;148;184;181m██[38;2;148;184;181m██[38;2;148;184;181m██[38;2;148;184;181m██[38;2;242;253;253m██[38;2;242;253;253m██[38;2;148;184;181m██[38;2;148;184;181m██[38;2;148;184;181m██[38;2;148;184;181m██[38;2;148;184;181m██[38;2;148;184;181m██[38;2;148;184;181m██[38;2;148;184;181m██[38;2;148;184;181m██[38;2;148;184;181m██[38;2;148;184;181m██[38;2;15;15;15m██            [38;2;57;56;77m██[38;2;148;184;181m██[38;2;57;56;77m██[38;2;166;167;201m██[38;2;166;167;201m██[38;2;83;106;102m██[38;2;15;15;15m██[38;2;116;114;167m██[38;2;116;114;167m██[38;2;116;114;167m██[38;2;116;114;167m██[38;2;116;114;167m██[38;2;116;114;167m██[38;2;116;114;167m██[38;2;116;114;167m██[38;2;116;114;167m██[38;2;116;114;167m██[38;2;116;114;167m██[38;2;116;114;167m██[38;2;166;167;201m██[38;2;15;15;15m██    
      [38;2;83;106;102m██[38;2;242;253;253m██[38;2;242;253;253m██[38;2;242;253;253m██[38;2;148;184;181m██[38;2;148;184;181m██[38;2;148;184;181m██[38;2;242;253;253m██[38;2;148;184;181m██[38;2;148;184;181m██[38;2;148;184;181m██[38;2;148;184;181m██[38;2;148;184;181m██[38;2;148;184;181m██[38;2;148;184;181m██[38;2;148;184;181m██[38;2;148;184;181m██[38;2;148;184;181m██[38;2;148;184;181m██[38;2;148;184;181m██[38;2;148;184;181m██[38;2;15;15;15m██          [38;2;57;56;77m██[38;2;15;15;15m██[38;2;166;167;201m██[38;2;166;167;201m██[38;2;166;167;201m██[38;2;166;167;201m██[38;2;166;167;201m██[38;2;116;114;167m██[38;2;116;114;167m██[38;2;116;114;167m██[38;2;116;114;167m██[38;2;116;114;167m██[38;2;116;114;167m██[38;2;116;114;167m██[38;2;116;114;167m██[38;2;116;114;167m██[38;2;116;114;167m██[38;2;116;114;167m██[38;2;116;114;167m██[38;2;116;114;167m██[38;2;15;15;15m██    
    [38;2;83;106;102m██[38;2;242;253;253m██[38;2;242;253;253m██[38;2;242;253;253m██[38;2;148;184;181m██[38;2;148;184;181m██[38;2;148;184;181m██[38;2;148;184;181m██[38;2;148;184;181m██[38;2;148;184;181m██[38;2;148;184;181m██[38;2;83;106;102m██[38;2;148;184;181m██[38;2;148;184;181m██[38;2;148;184;181m██[38;2;148;184;181m██[38;2;148;184;181m██[38;2;148;184;181m██[38;2;148;184;181m██[38;2;148;184;181m██[38;2;148;184;181m██[38;2;148;184;181m██[38;2;15;15;15m██[38;2;57;56;77m██[38;2;57;56;77m██[38;2;57;56;77m██      [38;2;15;15;15m██[38;2;148;184;181m██[38;2;166;167;201m██[38;2;166;167;201m██[38;2;166;167;201m██[38;2;116;114;167m██[38;2;116;114;167m██[38;2;116;114;167m██[38;2;116;114;167m██[38;2;116;114;167m██[38;2;116;114;167m██[38;2;116;114;167m██[38;2;116;114;167m██[38;2;116;114;167m██[38;2;116;114;167m██[38;2;116;114;167m██[38;2;116;114;167m██[38;2;116;114;167m██[38;2;57;56;77m██[38;2;83;106;102m██    
  [38;2;83;106;102m██[38;2;242;253;253m██[38;2;242;253;253m██[38;2;83;106;102m██[38;2;148;184;181m██[38;2;148;184;181m██[38;2;148;184;181m██[38;2;148;184;181m██[38;2;148;184;181m██[38;2;148;184;181m██[38;2;148;184;181m██[38;2;83;106;102m██[38;2;148;184;181m██[38;2;148;184;181m██[38;2;148;184;181m██[38;2;148;184;181m██[38;2;148;184;181m██[38;2;148;184;181m██[38;2;148;184;181m██[38;2;148;184;181m██[38;2;148;184;181m██[38;2;148;184;181m██[38;2;148;184;181m██[38;2;15;15;15m██[38;2;23;25;25m██[38;2;23;25;25m██[38;2;166;167;201m██[38;2;23;25;25m██[38;2;23;25;25m██[38;2;23;25;25m██[38;2;57;56;77m██[38;2;57;56;77m██[38;2;57;56;77m██[38;2;116;114;167m██[38;2;116;114;167m██[38;2;116;114;167m██[38;2;116;114;167m██[38;2;116;114;167m██[38;2;116;114;167m██[38;2;116;114;167m██[38;2;116;114;167m██[38;2;116;114;167m██[38;2;24;24;30m██[38;2;116;114;167m██[38;2;116;114;167m██[38;2;116;114;167m██[38;2;116;114;167m██[38;2;116;114;167m██[38;2;57;56;77m██[38;2;242;253;253m██[38;2;83;106;102m██  
[38;2;83;106;102m██[38;2;242;253;253m██[38;2;15;15;15m██[38;2;15;15;15m██[38;2;148;184;181m██[38;2;148;184;181m██[38;2;148;184;181m██[38;2;148;184;181m██[38;2;148;184;181m██[38;2;148;184;181m██[38;2;148;184;181m██[38;2;148;184;181m██[38;2;83;106;102m██[38;2;148;184;181m██[38;2;148;184;181m██[38;2;148;184;181m██[38;2;148;184;181m██[38;2;148;184;181m██[38;2;148;184;181m██[38;2;148;184;181m██[38;2;148;184;181m██[38;2;148;184;181m██[38;2;148;184;181m██[38;2;15;15;15m██[38;2;166;167;201m██[38;2;23;25;25m██[38;2;23;25;25m██[38;2;23;25;25m██[38;2;166;167;201m██[38;2;23;25;25m██[38;2;23;25;25m██[38;2;23;25;25m██[38;2;166;167;201m██[38;2;57;56;77m██[38;2;57;56;77m██[38;2;57;56;77m██[38;2;116;114;167m██[38;2;116;114;167m██[38;2;116;114;167m██[38;2;116;114;167m██[38;2;116;114;167m██[38;2;116;114;167m██[38;2;116;114;167m██[38;2;57;56;77m██[38;2;116;114;167m██[38;2;116;114;167m██[38;2;116;114;167m██[38;2;116;114;167m██[38;2;57;56;77m██[38;2;148;184;181m██[38;2;242;253;253m██[38;2;15;15;15m██[38;2;15;15;15m██
[38;2;15;15;15m██[38;2;15;15;15m██  [38;2;15;15;15m██[38;2;148;184;181m██[38;2;148;184;181m██[38;2;148;184;181m██[38;2;148;184;181m██[38;2;83;106;102m██[38;2;148;184;181m██[38;2;148;184;181m██[38;2;15;15;15m██[38;2;148;184;181m██[38;2;148;184;181m██[38;2;148;184;181m██[38;2;148;184;181m██[38;2;148;184;181m██[38;2;148;184;181m██[38;2;148;184;181m██[38;2;148;184;181m██[38;2;148;184;181m██[38;2;148;184;181m██[38;2;148;184;181m██[38;2;15;15;15m██[38;2;166;167;201m██[38;2;57;56;77m██[38;2;23;25;25m██[38;2;23;25;25m██[38;2;24;24;30m██[38;2;166;167;201m██[38;2;23;25;25m██[38;2;23;25;25m██[38;2;23;25;25m██[38;2;166;167;201m██[38;2;166;167;201m██[38;2;24;24;30m██[38;2;24;24;30m██[38;2;116;114;167m██[38;2;116;114;167m██[38;2;116;114;167m██[38;2;116;114;167m██[38;2;116;114;167m██[38;2;116;114;167m██[38;2;116;114;167m██[38;2;57;56;77m██[38;2;116;114;167m██[38;2;116;114;167m██[38;2;57;56;77m██[38;2;57;56;77m██[38;2;148;184;181m██[38;2;242;253;253m██[38;2;242;253;253m██[38;2;83;106;102m██
    [38;2;15;15;15m██[38;2;148;184;181m██[38;2;148;184;181m██[38;2;148;184;181m██[38;2;148;184;181m██[38;2;148;184;181m██[38;2;83;106;102m██[38;2;148;184;181m██[38;2;148;184;181m██[38;2;15;15;15m██[38;2;148;184;181m██[38;2;148;184;181m██[38;2;148;184;181m██[38;2;148;184;181m██[38;2;148;184;181m██[38;2;148;184;181m██[38;2;148;184;181m██[38;2;148;184;181m██[38;2;148;184;181m██[38;2;148;184;181m██[38;2;148;184;181m██[38;2;15;15;15m██[38;2;166;167;201m██[38;2;166;167;201m██[38;2;57;56;77m██[38;2;24;24;30m██[38;2;24;24;30m██[38;2;166;167;201m██[38;2;166;167;201m██[38;2;24;24;30m██[38;2;24;24;30m██[38;2;24;24;30m██[38;2;116;114;167m██[38;2;57;56;77m██[38;2;24;24;30m██[38;2;24;24;30m██[38;2;116;114;167m██[38;2;116;114;167m██[38;2;116;114;167m██[38;2;116;114;167m██[38;2;116;114;167m██[38;2;116;114;167m██[38;2;116;114;167m██[38;2;57;56;77m██[38;2;57;56;77m██[38;2;116;114;167m██[38;2;57;56;77m██[38;2;148;184;181m██[38;2;148;184;181m██[38;2;242;253;253m██[38;2;83;106;102m██
    [38;2;15;15;15m██[38;2;148;184;181m██[38;2;83;106;102m██[38;2;148;184;181m██[38;2;148;184;181m██[38;2;148;184;181m██[38;2;15;15;15m██[38;2;148;184;181m██[38;2;15;15;15m██[38;2;148;184;181m██[38;2;148;184;181m██[38;2;148;184;181m██[38;2;148;184;181m██[38;2;148;184;181m██[38;2;148;184;181m██[38;2;148;184;181m██[38;2;148;184;181m██[38;2;148;184;181m██[38;2;148;184;181m██[38;2;148;184;181m██[38;2;15;15;15m██[38;2;116;114;167m██[38;2;166;167;201m██[38;2;166;167;201m██[38;2;166;167;201m██[38;2;24;24;30m██[38;2;24;24;30m██[38;2;24;24;30m██[38;2;116;114;167m██[38;2;116;114;167m██[38;2;24;24;30m██[38;2;24;24;30m██[38;2;116;114;167m██[38;2;116;114;167m██[38;2;24;24;30m██[38;2;24;24;30m██[38;2;116;114;167m██[38;2;116;114;167m██[38;2;116;114;167m██[38;2;116;114;167m██[38;2;116;114;167m██[38;2;116;114;167m██[38;2;116;114;167m██[38;2;116;114;167m██[38;2;116;114;167m██[38;2;57;56;77m██[38;2;148;184;181m██[38;2;148;184;181m██[38;2;148;184;181m██[38;2;15;15;15m██  
    [38;2;15;15;15m██[38;2;15;15;15m██[38;2;15;15;15m██[38;2;148;184;181m██[38;2;148;184;181m██[38;2;15;15;15m██[38;2;148;184;181m██[38;2;15;15;15m██[38;2;15;15;15m██[38;2;148;184;181m██[38;2;148;184;181m██[38;2;148;184;181m██[38;2;148;184;181m██[38;2;148;184;181m██[38;2;148;184;181m██[38;2;148;184;181m██[38;2;148;184;181m██[38;2;148;184;181m██[38;2;148;184;181m██[38;2;148;184;181m██[38;2;15;15;15m██[38;2;116;114;167m██[38;2;116;114;167m██[38;2;116;114;167m██[38;2;116;114;167m██[38;2;57;56;77m██[38;2;24;24;30m██[38;2;24;24;30m██[38;2;57;56;77m██[38;2;116;114;167m██[38;2;116;114;167m██[38;2;24;24;30m██[38;2;24;24;30m██[38;2;116;114;167m██[38;2;116;114;167m██[38;2;24;24;30m██[38;2;57;56;77m██[38;2;116;114;167m██[38;2;116;114;167m██[38;2;116;114;167m██[38;2;116;114;167m██[38;2;57;56;77m██[38;2;116;114;167m██[38;2;116;114;167m██[38;2;116;114;167m██[38;2;15;15;15m██[38;2;148;184;181m██[38;2;148;184;181m██[38;2;148;184;181m██[38;2;15;15;15m██  
        [38;2;15;15;15m██[38;2;148;184;181m██[38;2;148;184;181m██[38;2;15;15;15m██[38;2;148;184;181m██[38;2;148;184;181m██[38;2;148;184;181m██[38;2;148;184;181m██[38;2;148;184;181m██[38;2;148;184;181m██[38;2;148;184;181m██[38;2;148;184;181m██[38;2;148;184;181m██[38;2;148;184;181m██[38;2;148;184;181m██[38;2;148;184;181m██[38;2;148;184;181m██[38;2;15;15;15m██[38;2;116;114;167m██[38;2;116;114;167m██[38;2;116;114;167m██[38;2;116;114;167m██[38;2;116;114;167m██[38;2;116;114;167m██[38;2;24;24;30m██[38;2;24;24;30m██[38;2;24;24;30m██[38;2;116;114;167m██[38;2;116;114;167m██[38;2;24;24;30m██[38;2;24;24;30m██[38;2;24;24;30m██[38;2;116;114;167m██[38;2;116;114;167m██[38;2;24;24;30m██[38;2;116;114;167m██[38;2;116;114;167m██[38;2;116;114;167m██[38;2;116;114;167m██[38;2;166;167;201m██[38;2;57;56;77m██[38;2;116;114;167m██[38;2;15;15;15m██[38;2;148;184;181m██[38;2;148;184;181m██[38;2;148;184;181m██[38;2;15;15;15m██    
        [38;2;15;15;15m██[38;2;148;184;181m██[38;2;15;15;15m██[38;2;15;15;15m██[38;2;148;184;181m██[38;2;148;184;181m██[38;2;148;184;181m██[38;2;148;184;181m██[38;2;148;184;181m██[38;2;148;184;181m██[38;2;148;184;181m██[38;2;148;184;181m██[38;2;148;184;181m██[38;2;148;184;181m██[38;2;148;184;181m██[38;2;148;184;181m██[38;2;15;15;15m██[38;2;116;114;167m██[38;2;116;114;167m██[38;2;116;114;167m██[38;2;116;114;167m██[38;2;116;114;167m██[38;2;116;114;167m██[38;2;116;114;167m██[38;2;57;56;77m██[38;2;24;24;30m██[38;2;24;24;30m██[38;2;24;24;30m██[38;2;116;114;167m██[38;2;116;114;167m██[38;2;24;24;30m██[38;2;57;56;77m██[38;2;116;114;167m██[38;2;116;114;167m██[38;2;57;56;77m██[38;2;116;114;167m██[38;2;116;114;167m██[38;2;116;114;167m██[38;2;166;167;201m██[38;2;166;167;201m██[38;2;57;56;77m██[38;2;15;15;15m██[38;2;83;106;102m██[38;2;148;184;181m██[38;2;15;15;15m██[38;2;15;15;15m██      
        [38;2;15;15;15m██[38;2;15;15;15m██  [38;2;15;15;15m██[38;2;148;184;181m██[38;2;148;184;181m██[38;2;148;184;181m██[38;2;148;184;181m██[38;2;148;184;181m██[38;2;148;184;181m██[38;2;148;184;181m██[38;2;148;184;181m██[38;2;148;184;181m██[38;2;148;184;181m██[38;2;148;184;181m██[38;2;15;15;15m██[38;2;116;114;167m██[38;2;116;114;167m██[38;2;116;114;167m██[38;2;116;114;167m██[38;2;116;114;167m██[38;2;116;114;167m██[38;2;116;114;167m██[38;2;116;114;167m██[38;2;116;114;167m██[38;2;24;24;30m██[38;2;57;56;77m██[38;2;24;24;30m██[38;2;116;114;167m██[38;2;116;114;167m██[38;2;57;56;77m██[38;2;116;114;167m██[38;2;116;114;167m██[38;2;116;114;167m██[38;2;116;114;167m██[38;2;116;114;167m██[38;2;116;114;167m██[38;2;116;114;167m██[38;2;166;167;201m██[38;2;166;167;201m██[38;2;166;167;201m██[38;2;57;56;77m██[38;2;242;253;253m██[38;2;15;15;15m██          
                [38;2;15;15;15m██[38;2;148;184;181m██[38;2;148;184;181m██[38;2;148;184;181m██[38;2;148;184;181m██[38;2;148;184;181m██[38;2;148;184;181m██[38;2;148;184;181m██[38;2;148;184;181m██[38;2;15;15;15m██[38;2;15;15;15m██[38;2;116;114;167m██[38;2;116;114;167m██[38;2;116;114;167m██[38;2;116;114;167m██[38;2;116;114;167m██[38;2;116;114;167m██[38;2;116;114;167m██[38;2;116;114;167m██[38;2;116;114;167m██[38;2;116;114;167m██[38;2;24;24;30m██[38;2;116;114;167m██[38;2;116;114;167m██[38;2;116;114;167m██[38;2;116;114;167m██[38;2;116;114;167m██[38;2;116;114;167m██[38;2;116;114;167m██[38;2;116;114;167m██[38;2;116;114;167m██[38;2;116;114;167m██[38;2;116;114;167m██[38;2;116;114;167m██[38;2;166;167;201m██[38;2;166;167;201m██[38;2;166;167;201m██[38;2;57;56;77m██[38;2;242;253;253m██[38;2;242;253;253m██[38;2;83;106;102m██        
                  [38;2;15;15;15m██[38;2;15;15;15m██[38;2;148;184;181m██[38;2;148;184;181m██[38;2;148;184;181m██[38;2;148;184;181m██[38;2;15;15;15m██[38;2;15;15;15m██[38;2;116;114;167m██[38;2;116;114;167m██[38;2;116;114;167m██[38;2;116;114;167m██[38;2;116;114;167m██[38;2;116;114;167m██[38;2;116;114;167m██[38;2;116;114;167m██[38;2;116;114;167m██[38;2;116;114;167m██[38;2;116;114;167m██[38;2;116;114;167m██[38;2;116;114;167m██[38;2;116;114;167m██[38;2;116;114;167m██[38;2;116;114;167m██[38;2;116;114;167m██[38;2;116;114;167m██[38;2;116;114;167m██[38;2;116;114;167m██[38;2;116;114;167m██[38;2;116;114;167m██[38;2;116;114;167m██[38;2;116;114;167m██[38;2;116;114;167m██[38;2;116;114;167m██[38;2;166;167;201m██[38;2;166;167;201m██[38;2;57;56;77m██[38;2;242;253;253m██[38;2;242;253;253m██[38;2;242;253;253m██[38;2;15;15;15m██      
                      [38;2;15;15;15m██[38;2;15;15;15m██[38;2;15;15;15m██[38;2;15;15;15m██[38;2;148;184;181m██[38;2;148;184;181m██[38;2;57;56;77m██[38;2;116;114;167m██[38;2;116;114;167m██[38;2;116;114;167m██[38;2;116;114;167m██[38;2;116;114;167m██[38;2;116;114;167m██[38;2;116;114;167m██[38;2;116;114;167m██[38;2;116;114;167m██[38;2;116;114;167m██[38;2;116;114;167m██[38;2;116;114;167m██[38;2;116;114;167m██[38;2;116;114;167m██[38;2;116;114;167m██[38;2;116;114;167m██[38;2;116;114;167m██[38;2;116;114;167m██[38;2;116;114;167m██[38;2;116;114;167m██[38;2;116;114;167m██[38;2;116;114;167m██[38;2;116;114;167m██[38;2;116;114;167m██[38;2;116;114;167m██[38;2;166;167;201m██[38;2;116;114;167m██[38;2;57;56;77m██[38;2;242;253;253m██[38;2;242;253;253m██[38;2;15;15;15m██        
                      [38;2;57;56;77m██[38;2;116;114;167m██[38;2;116;114;167m██[38;2;148;184;181m██[38;2;148;184;181m██[38;2;148;184;181m██[38;2;57;56;77m██[38;2;116;114;167m██[38;2;116;114;167m██[38;2;116;114;167m██[38;2;116;114;167m██[38;2;116;114;167m██[38;2;116;114;167m██[38;2;116;114;167m██[38;2;116;114;167m██[38;2;116;114;167m██[38;2;116;114;167m██[38;2;116;114;167m██[38;2;116;114;167m██[38;2;116;114;167m██[38;2;57;56;77m██[38;2;116;114;167m██[38;2;116;114;167m██[38;2;116;114;167m██[38;2;116;114;167m██[38;2;116;114;167m██[38;2;116;114;167m██[38;2;116;114;167m██[38;2;116;114;167m██[38;2;116;114;167m██[38;2;116;114;167m██[38;2;116;114;167m██[38;2;116;114;167m██[38;2;116;114;167m██[38;2;57;56;77m██[38;2;242;253;253m██[38;2;242;253;253m██[38;2;242;253;253m██[38;2;83;106;102m██      
                      [38;2;24;24;30m██[38;2;24;24;30m██[38;2;116;114;167m██[38;2;148;184;181m██[38;2;148;184;181m██[38;2;148;184;181m██[38;2;148;184;181m██[38;2;57;56;77m██[38;2;116;114;167m██[38;2;116;114;167m██[38;2;116;114;167m██[38;2;116;114;167m██[38;2;116;114;167m██[38;2;116;114;167m██[38;2;116;114;167m██[38;2;116;114;167m██[38;2;116;114;167m██[38;2;116;114;167m██[38;2;116;114;167m██[38;2;116;114;167m██[38;2;57;56;77m██[38;2;116;114;167m██[38;2;116;114;167m██[38;2;116;114;167m██[38;2;116;114;167m██[38;2;116;114;167m██[38;2;116;114;167m██[38;2;116;114;167m██[38;2;116;114;167m██[38;2;116;114;167m██[38;2;116;114;167m██[38;2;116;114;167m██[38;2;116;114;167m██[38;2;116;114;167m██[38;2;57;56;77m██[38;2;242;253;253m██[38;2;242;253;253m██[38;2;242;253;253m██[38;2;83;106;102m██      
                      [38;2;24;24;30m██[38;2;24;24;30m██[38;2;24;24;30m██[38;2;116;114;167m██[38;2;148;184;181m██[38;2;148;184;181m██[38;2;148;184;181m██[38;2;57;56;77m██[38;2;116;114;167m██[38;2;116;114;167m██[38;2;116;114;167m██[38;2;116;114;167m██[38;2;116;114;167m██[38;2;116;114;167m██[38;2;116;114;167m██[38;2;116;114;167m██[38;2;116;114;167m██[38;2;116;114;167m██[38;2;116;114;167m██[38;2;116;114;167m██[38;2;57;56;77m██[38;2;116;114;167m██[38;2;116;114;167m██[38;2;116;114;167m██[38;2;116;114;167m██[38;2;116;114;167m██[38;2;116;114;167m██[38;2;116;114;167m██[38;2;116;114;167m██[38;2;116;114;167m██[38;2;116;114;167m██[38;2;116;114;167m██[38;2;116;114;167m██[38;2;116;114;167m██[38;2;57;56;77m██[38;2;148;184;181m██[38;2;242;253;253m██[38;2;83;106;102m██[38;2;242;253;253m██[38;2;83;106;102m██    
                    [38;2;57;56;77m██[38;2;116;114;167m██[38;2;116;114;167m██[38;2;57;56;77m██[38;2;57;56;77m██[38;2;148;184;181m██[38;2;148;184;181m██[38;2;148;184;181m██[38;2;57;56;77m██[38;2;24;24;30m██[38;2;24;24;30m██[38;2;57;56;77m██[38;2;116;114;167m██[38;2;116;114;167m██[38;2;116;114;167m██[38;2;116;114;167m██[38;2;116;114;167m██[38;2;116;114;167m██[38;2;116;114;167m██[38;2;116;114;167m██[38;2;15;15;15m██[38;2;148;184;181m██[38;2;148;184;181m██[38;2;148;184;181m██[38;2;116;114;167m██[38;2;116;114;167m██[38;2;116;114;167m██[38;2;116;114;167m██[38;2;116;114;167m██[38;2;116;114;167m██[38;2;116;114;167m██[38;2;116;114;167m██[38;2;116;114;167m██[38;2;116;114;167m██[38;2;116;114;167m██[38;2;15;15;15m██[38;2;148;184;181m██[38;2;148;184;181m██[38;2;15;15;15m██[38;2;15;15;15m██[38;2;83;106;102m██    
                    [38;2;24;24;30m██[38;2;24;24;30m██[38;2;57;56;77m██[38;2;116;114;167m██[38;2;116;114;167m██[38;2;116;114;167m██[38;2;148;184;181m██[38;2;148;184;181m██[38;2;24;24;30m██[38;2;24;24;30m██[38;2;24;24;30m██[38;2;24;24;30m██[38;2;24;24;30m██[38;2;24;24;30m██[38;2;116;114;167m██[38;2;116;114;167m██[38;2;116;114;167m██[38;2;116;114;167m██[38;2;116;114;167m██[38;2;116;114;167m██[38;2;15;15;15m██[38;2;57;56;77m██[38;2;148;184;181m██[38;2;148;184;181m██[38;2;148;184;181m██[38;2;116;114;167m██[38;2;116;114;167m██[38;2;116;114;167m██[38;2;116;114;167m██[38;2;57;56;77m██[38;2;116;114;167m██[38;2;116;114;167m██[38;2;116;114;167m██[38;2;116;114;167m██[38;2;116;114;167m██[38;2;15;15;15m██[38;2;148;184;181m██[38;2;148;184;181m██[38;2;15;15;15m██        
                  [38;2;57;56;77m██[38;2;24;24;30m██[38;2;24;24;30m██[38;2;24;24;30m██[38;2;24;24;30m██[38;2;116;114;167m██[38;2;116;114;167m██[38;2;116;114;167m██[38;2;15;15;15m██  [38;2;24;24;30m██[38;2;24;24;30m██[38;2;24;24;30m██[38;2;24;24;30m██[38;2;24;24;30m██[38;2;24;24;30m██[38;2;57;56;77m██[38;2;116;114;167m██[38;2;116;114;167m██[38;2;116;114;167m██[38;2;15;15;15m██[38;2;116;114;167m██[38;2;57;56;77m██[38;2;57;56;77m██[38;2;57;56;77m██[38;2;148;184;181m██[38;2;148;184;181m██[38;2;148;184;181m██[38;2;57;56;77m██[38;2;57;56;77m██[38;2;116;114;167m██[38;2;116;114;167m██[38;2;116;114;167m██[38;2;116;114;167m██[38;2;116;114;167m██[38;2;116;114;167m██[38;2;15;15;15m██[38;2;148;184;181m██[38;2;15;15;15m██          
                  [38;2;57;56;77m██[38;2;116;114;167m██[38;2;57;56;77m██[38;2;24;24;30m██[38;2;116;114;167m██[38;2;116;114;167m██[38;2;116;114;167m██[38;2;116;114;167m██[38;2;15;15;15m██  [38;2;24;24;30m██[38;2;116;114;167m██[38;2;116;114;167m██[38;2;57;56;77m██[38;2;24;24;30m██[38;2;24;24;30m██[38;2;24;24;30m██[38;2;24;24;30m██[38;2;116;114;167m██[38;2;116;114;167m██[38;2;15;15;15m██[38;2;116;114;167m██[38;2;116;114;167m██[38;2;116;114;167m██[38;2;116;114;167m██[38;2;15;15;15m██[38;2;15;15;15m██[38;2;15;15;15m██[38;2;15;15;15m██[38;2;116;114;167m██[38;2;116;114;167m██[38;2;116;114;167m██[38;2;116;114;167m██[38;2;116;114;167m██[38;2;116;114;167m██[38;2;116;114;167m██[38;2;166;167;201m██[38;2;15;15;15m██            
                  [38;2;57;56;77m██[38;2;116;114;167m██[38;2;116;114;167m██[38;2;116;114;167m██[38;2;116;114;167m██[38;2;116;114;167m██[38;2;116;114;167m██[38;2;15;15;15m██  [38;2;57;56;77m██[38;2;116;114;167m██[38;2;116;114;167m██[38;2;116;114;167m██[38;2;116;114;167m██[38;2;116;114;167m██[38;2;57;56;77m██[38;2;24;24;30m██[38;2;116;114;167m██[38;2;116;114;167m██[38;2;15;15;15m██[38;2;116;114;167m██[38;2;116;114;167m██[38;2;116;114;167m██[38;2;116;114;167m██[38;2;116;114;167m██[38;2;57;56;77m██      [38;2;15;15;15m██[38;2;116;114;167m██[38;2;116;114;167m██[38;2;116;114;167m██[38;2;116;114;167m██[38;2;116;114;167m██[38;2;166;167;201m██[38;2;166;167;201m██[38;2;15;15;15m██            
                  [38;2;15;15;15m██[38;2;116;114;167m██[38;2;116;114;167m██[38;2;116;114;167m██[38;2;116;114;167m██[38;2;116;114;167m██[38;2;116;114;167m██[38;2;15;15;15m██  [38;2;24;24;30m██[38;2;24;24;30m██[38;2;24;24;30m██[38;2;57;56;77m██[38;2;116;114;167m██[38;2;116;114;167m██[38;2;116;114;167m██[38;2;116;114;167m██[38;2;116;114;167m██[38;2;15;15;15m██[38;2;57;56;77m██[38;2;116;114;167m██[38;2;116;114;167m██[38;2;116;114;167m██[38;2;116;114;167m██[38;2;116;114;167m██[38;2;116;114;167m██[38;2;15;15;15m██    [38;2;15;15;15m██[38;2;116;114;167m██[38;2;116;114;167m██[38;2;116;114;167m██[38;2;116;114;167m██[38;2;116;114;167m██[38;2;166;167;201m██[38;2;166;167;201m██[38;2;15;15;15m██            
                  [38;2;15;15;15m██[38;2;116;114;167m██[38;2;116;114;167m██[38;2;116;114;167m██[38;2;116;114;167m██[38;2;116;114;167m██[38;2;116;114;167m██[38;2;15;15;15m██  [38;2;24;24;30m██[38;2;24;24;30m██[38;2;24;24;30m██[38;2;24;24;30m██[38;2;24;24;30m██[38;2;57;56;77m██[38;2;116;114;167m██[38;2;116;114;167m██[38;2;116;114;167m██[38;2;15;15;15m██  [38;2;15;15;15m██[38;2;116;114;167m██[38;2;116;114;167m██[38;2;116;114;167m██[38;2;116;114;167m██[38;2;116;114;167m██[38;2;15;15;15m██      [38;2;15;15;15m██[38;2;116;114;167m██[38;2;116;114;167m██[38;2;116;114;167m██[38;2;116;114;167m██[38;2;116;114;167m██[38;2;166;167;201m██[38;2;166;167;201m██[38;2;106;106;106m██          
                    [38;2;15;15;15m██[38;2;116;114;167m██[38;2;116;114;167m██[38;2;116;114;167m██[38;2;116;114;167m██[38;2;116;114;167m██[38;2;116;114;167m██[38;2;15;15;15m██  [38;2;24;24;30m██[38;2;116;114;167m██[38;2;57;56;77m██[38;2;24;24;30m██[38;2;24;24;30m██[38;2;57;56;77m██[38;2;116;114;167m██[38;2;116;114;167m██[38;2;15;15;15m██    [38;2;15;15;15m██[38;2;15;15;15m██[38;2;15;15;15m██[38;2;15;15;15m██[38;2;57;56;77m██        [38;2;15;15;15m██[38;2;116;114;167m██[38;2;116;114;167m██[38;2;116;114;167m██[38;2;116;114;167m██[38;2;116;114;167m██[38;2;116;114;167m██[38;2;166;167;201m██[38;2;252;252;252m██[38;2;106;106;106m██        
                    [38;2;15;15;15m██[38;2;116;114;167m██[38;2;116;114;167m██[38;2;116;114;167m██[38;2;116;114;167m██[38;2;116;114;167m██[38;2;116;114;167m██[38;2;15;15;15m██  [38;2;24;24;30m██[38;2;116;114;167m██[38;2;116;114;167m██[38;2;116;114;167m██[38;2;116;114;167m██[38;2;116;114;167m██[38;2;116;114;167m██[38;2;116;114;167m██[38;2;15;15;15m██                        [38;2;15;15;15m██[38;2;15;15;15m██[38;2;116;114;167m██[38;2;116;114;167m██[38;2;116;114;167m██[38;2;116;114;167m██[38;2;15;15;15m██[38;2;15;15;15m██          
                      [38;2;15;15;15m██[38;2;15;15;15m██[38;2;116;114;167m██[38;2;116;114;167m██[38;2;116;114;167m██[38;2;57;56;77m██[38;2;15;15;15m██    [38;2;15;15;15m██[38;2;116;114;167m██[38;2;116;114;167m██[38;2;116;114;167m██[38;2;116;114;167m██[38;2;116;114;167m██[38;2;116;114;167m██[38;2;116;114;167m██[38;2;15;15;15m██                          [38;2;15;15;15m██[38;2;15;15;15m██[38;2;15;15;15m██[38;2;15;15;15m██              
                          [38;2;15;15;15m██[38;2;15;15;15m██[38;2;15;15;15m██[38;2;15;15;15m██      [38;2;15;15;15m██[38;2;116;114;167m██[38;2;116;114;167m██[38;2;116;114;167m██[38;2;116;114;167m██[38;2;116;114;167m██[38;2;116;114;167m██[38;2;166;167;201m██[38;2;57;56;77m██                                                
                                          [38;2;15;15;15m██[38;2;116;114;167m██[38;2;116;114;167m██[38;2;116;114;167m██[38;2;116;114;167m██[38;2;116;114;167m██[38;2;166;167;201m██[38;2;166;167;201m██[38;2;57;56;77m██                                              
                                          [38;2;15;15;15m██[38;2;116;114;167m██[38;2;116;114;167m██[38;2;116;114;167m██[38;2;116;114;167m██[38;2;116;114;167m██[38;2;116;114;167m██[38;2;166;167;201m██[38;2;15;15;15m██                                              
                                            [38;2;15;15;15m██[38;2;15;15;15m██[38;2;116;114;167m██[38;2;116;114;167m██[38;2;116;114;167m██[38;2;116;114;167m██[38;2;15;15;15m██                                                
                                                [38;2;15;15;15m██[38;2;15;15;15m██[38;2;15;15;15m██[38;2;15;15;15m██                                                  
