                                    [38;2;98;74;131m██[38;2;98;74;131m██[38;2;98;74;131m██                                                                        
                                [38;2;98;74;131m██[38;2;98;74;131m██[38;2;189;156;230m██[38;2;189;156;230m██[38;2;189;156;230m██[38;2;98;74;131m██[38;2;98;74;131m██[38;2;98;74;131m██[38;2;98;74;131m██                                                                
                            [38;2;98;74;131m██[38;2;98;74;131m██[38;2;189;156;230m██[38;2;189;156;230m██[38;2;164;139;205m██[38;2;98;74;131m██[38;2;139;115;180m██[38;2;164;139;205m██[38;2;164;139;205m██[38;2;0;0;0m██[38;2;164;139;205m██[38;2;98;74;131m██                                                              
                          [38;2;98;74;131m██[38;2;164;139;205m██[38;2;164;139;205m██[38;2;98;74;131m██[38;2;0;0;0m██[38;2;98;74;131m██[38;2;0;0;0m██[38;2;0;0;0m██[38;2;139;115;180m██[38;2;164;139;205m██[38;2;164;139;205m██[38;2;98;74;131m██[38;2;164;139;205m██[38;2;98;74;131m██                                                            
                        [38;2;98;74;131m██[38;2;164;139;205m██[38;2;189;156;230m██[38;2;189;156;230m██[38;2;189;156;230m██[38;2;164;139;205m██[38;2;0;0;0m██[38;2;0;0;0m██[38;2;98;74;131m██[38;2;0;0;0m██[38;2;98;74;131m██[38;2;139;115;180m██[38;2;0;0;0m██[38;2;164;139;205m██[38;2;98;74;131m██                                                            
                      [38;2;0;0;0m██[38;2;0;0;0m██[38;2;139;115;180m██[38;2;139;115;180m██[38;2;139;115;180m██[38;2;164;139;205m██[38;2;189;156;230m██[38;2;139;115;180m██[38;2;98;74;131m██[38;2;0;0;0m██[38;2;139;115;180m██[38;2;0;0;0m██[38;2;0;0;0m██[38;2;0;0;0m██[38;2;139;115;180m██[38;2;164;139;205m██[38;2;98;74;131m██                                                          
                    [38;2;0;0;0m██[38;2;189;156;230m██[38;2;164;139;205m██[38;2;139;115;180m██[38;2;98;74;131m██[38;2;0;0;0m██[38;2;0;0;0m██[38;2;0;0;0m██[38;2;98;74;131m██[38;2;98;74;131m██[38;2;0;0;0m██[38;2;98;74;131m██[38;2;139;115;180m██[38;2;139;115;180m██[38;2;0;0;0m██[38;2;98;74;131m██[38;2;139;115;180m██[38;2;0;0;0m██                                                          
                [38;2;98;74;131m██[38;2;98;74;131m██[38;2;189;156;230m██[38;2;164;139;205m██[38;2;139;115;180m██[38;2;139;115;180m██[38;2;139;115;180m██[38;2;139;115;180m██[38;2;0;0;0m██[38;2;98;74;131m██[38;2;0;0;0m██[38;2;0;0;0m██[38;2;139;115;180m██[38;2;139;115;180m██[38;2;98;74;131m██[38;2;0;0;0m██[38;2;139;115;180m██[38;2;0;0;0m██[38;2;0;0;0m██                                                            
            [38;2;98;74;131m██[38;2;98;74;131m██[38;2;189;156;230m██[38;2;189;156;230m██[38;2;189;156;230m██[38;2;139;115;180m██[38;2;139;115;180m██[38;2;139;115;180m██[38;2;139;115;180m██[38;2;139;115;180m██[38;2;98;74;131m██[38;2;139;115;180m██[38;2;139;115;180m██[38;2;98;74;131m██[38;2;0;0;0m██[38;2;0;0;0m██[38;2;139;115;180m██[38;2;0;0;0m██[38;2;139;115;180m██[38;2;139;115;180m██[38;2;0;0;0m██                                                            
          [38;2;98;74;131m██[38;2;205;189;230m██[38;2;189;156;230m██[38;2;197;0;0m██[38;2;197;0;0m██[38;2;164;139;205m██[38;2;139;115;180m██[38;2;139;115;180m██[38;2;139;115;180m██[38;2;98;74;131m██[38;2;98;74;131m██[38;2;0;0;0m██[38;2;0;0;0m██[38;2;0;0;0m██    [38;2;0;0;0m██[38;2;139;115;180m██[38;2;139;115;180m██[38;2;0;0;0m██[38;2;0;0;0m██                                                              
        [38;2;98;74;131m██[38;2;205;189;230m██[38;2;197;0;0m██[38;2;156;57;123m██[38;2;156;57;123m██[38;2;164;139;205m██[38;2;139;115;180m██[38;2;139;115;180m██[38;2;139;115;180m██[38;2;139;115;180m██[38;2;139;115;180m██[38;2;0;0;0m██            [38;2;0;0;0m██[38;2;0;0;0m██                                                                  
      [38;2;98;74;131m██[38;2;205;189;230m██[38;2;197;0;0m██[38;2;156;57;123m██[38;2;189;156;230m██[38;2;164;139;205m██[38;2;156;57;123m██[38;2;139;115;180m██[38;2;139;115;180m██[38;2;139;115;180m██[38;2;139;115;180m██[38;2;0;0;0m██                                                  [38;2;139;115;180m██[38;2;139;115;180m██[38;2;139;115;180m██[38;2;139;115;180m██[38;2;98;74;131m██[38;2;98;74;131m██                      
    [38;2;98;74;131m██[38;2;189;156;230m██[38;2;197;0;0m██[38;2;156;57;123m██[38;2;189;156;230m██[38;2;197;0;0m██[38;2;156;57;123m██[38;2;139;115;180m██[38;2;139;115;180m██[38;2;139;115;180m██[38;2;139;115;180m██[38;2;139;115;180m██[38;2;0;0;0m██                      [38;2;131;115;41m██[38;2;131;115;41m██[38;2;131;115;41m██                    [38;2;98;74;131m██[38;2;205;189;230m██[38;2;205;189;230m██[38;2;205;189;230m██[38;2;205;189;230m██[38;2;205;189;230m██[38;2;189;156;230m██[38;2;98;74;131m██[38;2;98;74;131m██[38;2;98;74;131m██                
  [38;2;98;74;131m██[38;2;189;156;230m██[38;2;197;0;0m██[38;2;156;57;123m██[38;2;189;156;230m██[38;2;197;0;0m██[38;2;156;57;123m██[38;2;164;139;205m██[38;2;139;115;180m██[38;2;139;115;180m██[38;2;139;115;180m██[38;2;139;115;180m██[38;2;0;0;0m██                  [38;2;131;115;41m██[38;2;131;115;41m██[38;2;82;57;0m██[38;2;131;115;41m██[38;2;238;230;139m██[38;2;238;230;139m██[38;2;82;57;0m██[38;2;131;115;41m██[38;2;131;115;41m██            [38;2;98;74;131m██[38;2;189;156;230m██[38;2;164;139;205m██[38;2;164;139;205m██[38;2;189;156;230m██[38;2;189;156;230m██[38;2;189;156;230m██[38;2;189;156;230m██[38;2;189;156;230m██[38;2;189;156;230m██[38;2;189;156;230m██[38;2;98;74;131m██[38;2;98;74;131m██            
  [38;2;98;74;131m██[38;2;164;139;205m██[38;2;197;0;0m██[38;2;164;139;205m██[38;2;197;0;0m██[38;2;156;57;123m██[38;2;164;139;205m██[38;2;139;115;180m██[38;2;139;115;180m██[38;2;139;115;180m██[38;2;139;115;180m██[38;2;139;115;180m██[38;2;0;0;0m██                [38;2;82;57;0m██[38;2;131;115;41m██[38;2;238;230;139m██[38;2;82;57;0m██[38;2;131;115;41m██[38;2;205;189;98m██[38;2;82;57;0m██[38;2;131;115;41m██[38;2;238;230;139m██[38;2;238;230;139m██[38;2;131;115;41m██[38;2;131;115;41m██        [38;2;98;74;131m██[38;2;164;139;205m██[38;2;98;74;131m██[38;2;139;115;180m██[38;2;139;115;180m██[38;2;139;115;180m██[38;2;164;139;205m██[38;2;164;139;205m██[38;2;189;156;230m██[38;2;189;156;230m██[38;2;189;156;230m██[38;2;189;156;230m██[38;2;164;139;205m██[38;2;98;74;131m██          
[38;2;98;74;131m██[38;2;164;139;205m██[38;2;139;115;180m██[38;2;164;139;205m██[38;2;164;139;205m██[38;2;156;57;123m██[38;2;139;115;180m██[38;2;139;115;180m██[38;2;139;115;180m██[38;2;139;115;180m██[38;2;139;115;180m██[38;2;139;115;180m██[38;2;139;115;180m██[38;2;0;0;0m██                [38;2;82;57;0m██[38;2;131;115;41m██[38;2;205;189;98m██[38;2;82;57;0m██[38;2;131;115;41m██[38;2;205;189;98m██[38;2;82;57;0m██[38;2;131;115;41m██[38;2;205;189;98m██[38;2;205;189;98m██[38;2;238;230;139m██[38;2;238;230;139m██[38;2;131;115;41m██    [38;2;0;0;0m██[38;2;164;139;205m██[38;2;139;115;180m██[38;2;139;115;180m██[38;2;98;74;131m██[38;2;139;115;180m██[38;2;139;115;180m██[38;2;139;115;180m██[38;2;139;115;180m██[38;2;139;115;180m██[38;2;139;115;180m██[38;2;139;115;180m██[38;2;139;115;180m██[38;2;139;115;180m██[38;2;139;115;180m██[38;2;98;74;131m██        
[38;2;0;0;0m██[38;2;164;139;205m██[38;2;139;115;180m██[38;2;98;74;131m██[38;2;139;115;180m██[38;2;139;115;180m██[38;2;139;115;180m██[38;2;139;115;180m██[38;2;98;74;131m██[38;2;98;74;131m██[38;2;98;74;131m██[38;2;139;115;180m██[38;2;0;0;0m██                  [38;2;82;57;0m██[38;2;131;115;41m██[38;2;205;189;98m██[38;2;82;57;0m██[38;2;82;57;0m██[38;2;98;74;131m██[38;2;82;57;0m██[38;2;131;115;41m██[38;2;205;189;98m██[38;2;205;189;98m██[38;2;205;189;98m██[38;2;205;189;98m██[38;2;238;230;139m██[38;2;82;57;0m██  [38;2;0;0;0m██[38;2;139;115;180m██[38;2;139;115;180m██[38;2;98;74;131m██[38;2;0;0;0m██[38;2;139;115;180m██[38;2;139;115;180m██[38;2;139;115;180m██[38;2;139;115;180m██[38;2;139;115;180m██[38;2;139;115;180m██[38;2;139;115;180m██[38;2;139;115;180m██[38;2;139;115;180m██[38;2;139;115;180m██[38;2;98;74;131m██        
[38;2;0;0;0m██[38;2;139;115;180m██[38;2;98;74;131m██[38;2;98;74;131m██[38;2;139;115;180m██[38;2;139;115;180m██[38;2;139;115;180m██[38;2;139;115;180m██[38;2;139;115;180m██[38;2;139;115;180m██[38;2;139;115;180m██[38;2;0;0;0m██[38;2;0;0;0m██                  [38;2;82;57;0m██[38;2;98;74;131m██[38;2;139;115;180m██[38;2;164;139;205m██[38;2;164;139;205m██[38;2;139;115;180m██[38;2;82;57;0m██[38;2;82;57;0m██[38;2;98;74;131m██[38;2;98;74;131m██[38;2;205;189;98m██[38;2;205;189;98m██[38;2;205;189;98m██[38;2;82;57;0m██  [38;2;0;0;0m██[38;2;139;115;180m██[38;2;139;115;180m██[38;2;139;115;180m██[38;2;0;0;0m██[38;2;139;115;180m██[38;2;139;115;180m██[38;2;139;115;180m██[38;2;139;115;180m██[38;2;139;115;180m██[38;2;139;115;180m██[38;2;139;115;180m██[38;2;139;115;180m██[38;2;139;115;180m██[38;2;139;115;180m██[38;2;139;115;180m██[38;2;98;74;131m██      
  [38;2;0;0;0m██[38;2;139;115;180m██[38;2;139;115;180m██[38;2;139;115;180m██[38;2;139;115;180m██[38;2;139;115;180m██[38;2;139;115;180m██[38;2;139;115;180m██[38;2;139;115;180m██[38;2;156;57;123m██[38;2;139;115;180m██[38;2;164;139;205m██[38;2;0;0;0m██                [38;2;139;115;180m██[38;2;189;156;230m██[38;2;205;189;230m██[38;2;205;189;230m██[38;2;189;156;230m██[38;2;164;139;205m██[38;2;139;115;180m██[38;2;139;115;180m██[38;2;139;115;180m██[38;2;139;115;180m██[38;2;98;74;131m██[38;2;98;74;131m██[38;2;205;189;98m██[38;2;205;189;98m██[38;2;82;57;0m██  [38;2;0;0;0m██[38;2;0;0;0m██[38;2;0;0;0m██[38;2;139;115;180m██[38;2;139;115;180m██[38;2;98;74;131m██[38;2;0;0;0m██[38;2;139;115;180m██[38;2;98;74;131m██[38;2;139;115;180m██[38;2;139;115;180m██[38;2;139;115;180m██[38;2;139;115;180m██[38;2;156;57;123m██[38;2;139;115;180m██[38;2;0;0;0m██      
  [38;2;0;0;0m██[38;2;139;115;180m██[38;2;139;115;180m██[38;2;139;115;180m██[38;2;139;115;180m██[38;2;139;115;180m██[38;2;139;115;180m██[38;2;156;57;123m██[38;2;139;115;180m██[38;2;139;115;180m██[38;2;197;0;0m██[38;2;197;0;0m██[38;2;164;139;205m██[38;2;0;0;0m██              [38;2;139;115;180m██[38;2;205;189;230m██[38;2;205;189;230m██[38;2;205;189;230m██[38;2;189;156;230m██[38;2;164;139;205m██[38;2;139;115;180m██[38;2;139;115;180m██[38;2;139;115;180m██[38;2;139;115;180m██[38;2;139;115;180m██[38;2;139;115;180m██[38;2;98;74;131m██[38;2;205;189;98m██[38;2;82;57;0m██      [38;2;0;0;0m██[38;2;139;115;180m██[38;2;139;115;180m██[38;2;0;0;0m██[38;2;98;74;131m██[38;2;0;0;0m██[38;2;0;0;0m██[38;2;139;115;180m██[38;2;139;115;180m██[38;2;156;57;123m██[38;2;139;115;180m██[38;2;156;57;123m██[38;2;139;115;180m██[38;2;0;0;0m██      
    [38;2;0;0;0m██[38;2;139;115;180m██[38;2;98;74;131m██[38;2;139;115;180m██[38;2;139;115;180m██[38;2;139;115;180m██[38;2;139;115;180m██[38;2;197;0;0m██[38;2;156;57;123m██[38;2;139;115;180m██[38;2;197;0;0m██[38;2;156;57;123m██[38;2;0;0;0m██            [38;2;98;74;131m██[38;2;189;156;230m██[38;2;205;189;230m██[38;2;205;189;230m██[38;2;189;156;230m██[38;2;189;156;230m██[38;2;139;115;180m██[38;2;139;115;180m██[38;2;139;115;180m██[38;2;139;115;180m██[38;2;139;115;180m██[38;2;139;115;180m██[38;2;139;115;180m██[38;2;139;115;180m██[38;2;98;74;131m██[38;2;82;57;0m██        [38;2;0;0;0m██[38;2;0;0;0m██[38;2;0;0;0m██[38;2;0;0;0m██  [38;2;0;0;0m██[38;2;164;139;205m██[38;2;139;115;180m██[38;2;156;57;123m██[38;2;139;115;180m██[38;2;156;57;123m██[38;2;156;57;123m██[38;2;139;115;180m██[38;2;0;0;0m██    
    [38;2;0;0;0m██[38;2;139;115;180m██[38;2;98;74;131m██[38;2;139;115;180m██[38;2;139;115;180m██[38;2;139;115;180m██[38;2;139;115;180m██[38;2;139;115;180m██[38;2;197;0;0m██[38;2;139;115;180m██[38;2;139;115;180m██[38;2;197;0;0m██[38;2;164;139;205m██[38;2;0;0;0m██  [38;2;98;74;131m██[38;2;98;74;131m██[38;2;98;74;131m██  [38;2;98;74;131m██[38;2;164;139;205m██[38;2;189;156;230m██[38;2;189;156;230m██[38;2;164;139;205m██[38;2;139;115;180m██[38;2;139;115;180m██[38;2;139;115;180m██[38;2;139;115;180m██[38;2;139;115;180m██[38;2;98;74;131m██[38;2;98;74;131m██[38;2;0;0;0m██[38;2;0;0;0m██[38;2;139;115;180m██[38;2;98;74;131m██                  [38;2;0;0;0m██[38;2;156;57;123m██[38;2;139;115;180m██[38;2;156;57;123m██[38;2;139;115;180m██[38;2;139;115;180m██[38;2;197;0;0m██[38;2;139;115;180m██[38;2;0;0;0m██    
    [38;2;0;0;0m██[38;2;139;115;180m██[38;2;139;115;180m██[38;2;98;74;131m██[38;2;139;115;180m██[38;2;139;115;180m██[38;2;139;115;180m██[38;2;139;115;180m██[38;2;197;0;0m██[38;2;197;0;0m██[38;2;139;115;180m██[38;2;156;57;123m██[38;2;164;139;205m██[38;2;0;0;0m██[38;2;98;74;131m██[38;2;205;189;230m██[38;2;205;189;230m██[38;2;189;156;230m██[38;2;0;0;0m██[38;2;0;0;0m██[38;2;139;115;180m██[38;2;139;115;180m██[38;2;139;115;180m██[38;2;139;115;180m██[38;2;139;115;180m██[38;2;139;115;180m██[38;2;139;115;180m██[38;2;98;74;131m██[38;2;98;74;131m██[38;2;205;189;230m██[38;2;205;189;230m██[38;2;189;156;230m██[38;2;189;156;230m██[38;2;0;0;0m██[38;2;98;74;131m██[38;2;0;0;0m██[38;2;0;0;0m██[38;2;98;74;131m██            [38;2;0;0;0m██[38;2;156;57;123m██[38;2;164;139;205m██[38;2;139;115;180m██[38;2;156;57;123m██[38;2;139;115;180m██[38;2;197;0;0m██[38;2;139;115;180m██[38;2;0;0;0m██    
      [38;2;0;0;0m██[38;2;139;115;180m██[38;2;98;74;131m██[38;2;139;115;180m██[38;2;139;115;180m██[38;2;139;115;180m██[38;2;139;115;180m██[38;2;139;115;180m██[38;2;197;0;0m██[38;2;139;115;180m██[38;2;139;115;180m██[38;2;98;74;131m██[38;2;164;139;205m██[38;2;189;156;230m██[38;2;189;156;230m██[38;2;189;156;230m██[38;2;189;156;230m██[38;2;164;139;205m██[38;2;98;74;131m██[38;2;0;0;0m██[38;2;98;74;131m██[38;2;139;115;180m██[38;2;98;74;131m██[38;2;98;74;131m██[38;2;0;0;0m██[38;2;0;0;0m██[38;2;189;156;230m██[38;2;205;189;230m██[38;2;205;189;230m██[38;2;189;156;230m██[38;2;189;156;230m██[38;2;139;115;180m██[38;2;139;115;180m██[38;2;0;0;0m██[38;2;189;156;230m██[38;2;189;156;230m██[38;2;189;156;230m██[38;2;98;74;131m██        [38;2;0;0;0m██[38;2;164;139;205m██[38;2;197;0;0m██[38;2;164;139;205m██[38;2;139;115;180m██[38;2;197;0;0m██[38;2;139;115;180m██[38;2;156;57;123m██[38;2;156;57;123m██[38;2;139;115;180m██[38;2;0;0;0m██  
      [38;2;0;0;0m██[38;2;139;115;180m██[38;2;139;115;180m██[38;2;98;74;131m██[38;2;139;115;180m██[38;2;139;115;180m██[38;2;139;115;180m██[38;2;139;115;180m██[38;2;156;57;123m██[38;2;139;115;180m██[38;2;139;115;180m██[38;2;139;115;180m██[38;2;139;115;180m██[38;2;139;115;180m██[38;2;164;139;205m██[38;2;189;156;230m██[38;2;98;74;131m██[38;2;98;74;131m██[38;2;139;115;180m██[38;2;164;139;205m██[38;2;164;139;205m██[38;2;164;139;205m██[38;2;164;139;205m██[38;2;164;139;205m██[38;2;0;0;0m██[38;2;189;156;230m██[38;2;189;156;230m██[38;2;189;156;230m██[38;2;189;156;230m██[38;2;164;139;205m██[38;2;139;115;180m██[38;2;139;115;180m██[38;2;0;0;0m██[38;2;139;115;180m██[38;2;164;139;205m██[38;2;164;139;205m██[38;2;189;156;230m██[38;2;189;156;230m██[38;2;98;74;131m██[38;2;98;74;131m██    [38;2;0;0;0m██[38;2;164;139;205m██[38;2;197;0;0m██[38;2;164;139;205m██[38;2;139;115;180m██[38;2;197;0;0m██[38;2;156;57;123m██[38;2;139;115;180m██[38;2;197;0;0m██[38;2;139;115;180m██[38;2;0;0;0m██  
        [38;2;0;0;0m██[38;2;139;115;180m██[38;2;139;115;180m██[38;2;98;74;131m██[38;2;139;115;180m██[38;2;139;115;180m██[38;2;139;115;180m██[38;2;139;115;180m██[38;2;139;115;180m██[38;2;139;115;180m██[38;2;139;115;180m██[38;2;139;115;180m██[38;2;164;139;205m██[38;2;189;156;230m██[38;2;98;74;131m██[38;2;139;115;180m██[38;2;139;115;180m██[38;2;164;139;205m██[38;2;164;139;205m██[38;2;164;139;205m██[38;2;164;139;205m██[38;2;164;139;205m██[38;2;98;74;131m██[38;2;189;156;230m██[38;2;189;156;230m██[38;2;189;156;230m██[38;2;164;139;205m██[38;2;139;115;180m██[38;2;139;115;180m██[38;2;139;115;180m██[38;2;98;74;131m██[38;2;139;115;180m██[38;2;139;115;180m██[38;2;139;115;180m██[38;2;164;139;205m██[38;2;156;57;123m██[38;2;156;57;123m██[38;2;189;156;230m██[38;2;189;156;230m██[38;2;0;0;0m██[38;2;0;0;0m██[38;2;139;115;180m██[38;2;164;139;205m██[38;2;156;57;123m██[38;2;164;139;205m██[38;2;139;115;180m██[38;2;197;0;0m██[38;2;156;57;123m██[38;2;139;115;180m██[38;2;197;0;0m██[38;2;139;115;180m██[38;2;0;0;0m██  
        [38;2;0;0;0m██[38;2;139;115;180m██[38;2;139;115;180m██[38;2;139;115;180m██[38;2;139;115;180m██[38;2;139;115;180m██[38;2;139;115;180m██[38;2;139;115;180m██[38;2;139;115;180m██[38;2;139;115;180m██[38;2;139;115;180m██[38;2;139;115;180m██[38;2;164;139;205m██[38;2;98;74;131m██[38;2;139;115;180m██[38;2;139;115;180m██[38;2;139;115;180m██[38;2;139;115;180m██[38;2;139;115;180m██[38;2;139;115;180m██[38;2;139;115;180m██[38;2;139;115;180m██[38;2;139;115;180m██[38;2;164;139;205m██[38;2;139;115;180m██[38;2;139;115;180m██[38;2;139;115;180m██[38;2;139;115;180m██[38;2;139;115;180m██[38;2;98;74;131m██[38;2;139;115;180m██[38;2;139;115;180m██[38;2;139;115;180m██[38;2;156;57;123m██[38;2;197;0;0m██[38;2;197;0;0m██[38;2;197;0;0m██[38;2;156;57;123m██[38;2;156;57;123m██[38;2;189;156;230m██[38;2;164;139;205m██[38;2;0;0;0m██[38;2;164;139;205m██[38;2;139;115;180m██[38;2;156;57;123m██[38;2;139;115;180m██[38;2;197;0;0m██[38;2;156;57;123m██[38;2;139;115;180m██[38;2;156;57;123m██[38;2;156;57;123m██[38;2;139;115;180m██[38;2;0;0;0m██
          [38;2;0;0;0m██[38;2;139;115;180m██[38;2;139;115;180m██[38;2;139;115;180m██[38;2;98;74;131m██[38;2;139;115;180m██[38;2;139;115;180m██[38;2;139;115;180m██[38;2;98;74;131m██[38;2;139;115;180m██[38;2;164;139;205m██[38;2;98;74;131m██[38;2;139;115;180m██[38;2;139;115;180m██[38;2;139;115;180m██[38;2;139;115;180m██[38;2;139;115;180m██[38;2;139;115;180m██[38;2;98;74;131m██[38;2;139;115;180m██[38;2;139;115;180m██[38;2;98;74;131m██[38;2;139;115;180m██[38;2;139;115;180m██[38;2;139;115;180m██[38;2;139;115;180m██[38;2;139;115;180m██[38;2;139;115;180m██[38;2;98;74;131m██[38;2;139;115;180m██[38;2;139;115;180m██[38;2;139;115;180m██[38;2;139;115;180m██[38;2;139;115;180m██[38;2;139;115;180m██[38;2;164;139;205m██[38;2;164;139;205m██[38;2;164;139;205m██[38;2;156;57;123m██[38;2;164;139;205m██[38;2;164;139;205m██[38;2;98;74;131m██[38;2;139;115;180m██[38;2;156;57;123m██[38;2;139;115;180m██[38;2;156;57;123m██[38;2;139;115;180m██[38;2;139;115;180m██[38;2;156;57;123m██[38;2;197;0;0m██[38;2;139;115;180m██[38;2;0;0;0m██
            [38;2;0;0;0m██[38;2;139;115;180m██[38;2;139;115;180m██[38;2;139;115;180m██[38;2;98;74;131m██[38;2;139;115;180m██[38;2;139;115;180m██[38;2;98;74;131m██[38;2;98;74;131m██[38;2;139;115;180m██[38;2;139;115;180m██[38;2;139;115;180m██[38;2;139;115;180m██[38;2;139;115;180m██[38;2;98;74;131m██[38;2;139;115;180m██[38;2;139;115;180m██[38;2;98;74;131m██[38;2;139;115;180m██[38;2;139;115;180m██[38;2;139;115;180m██[38;2;98;74;131m██[38;2;139;115;180m██[38;2;139;115;180m██[38;2;139;115;180m██[38;2;139;115;180m██[38;2;139;115;180m██[38;2;139;115;180m██[38;2;139;115;180m██[38;2;139;115;180m██[38;2;139;115;180m██[38;2;156;57;123m██[38;2;197;0;0m██[38;2;197;0;0m██[38;2;156;57;123m██[38;2;139;115;180m██[38;2;164;139;205m██[38;2;164;139;205m██[38;2;164;139;205m██[38;2;139;115;180m██[38;2;139;115;180m██[38;2;139;115;180m██[38;2;139;115;180m██[38;2;139;115;180m██[38;2;156;57;123m██[38;2;139;115;180m██[38;2;139;115;180m██[38;2;156;57;123m██[38;2;197;0;0m██[38;2;139;115;180m██[38;2;0;0;0m██
              [38;2;0;0;0m██[38;2;0;0;0m██[38;2;139;115;180m██[38;2;98;74;131m██[38;2;139;115;180m██[38;2;139;115;180m██[38;2;139;115;180m██[38;2;139;115;180m██[38;2;139;115;180m██[38;2;139;115;180m██[38;2;139;115;180m██[38;2;139;115;180m██[38;2;139;115;180m██[38;2;98;74;131m██[38;2;139;115;180m██[38;2;98;74;131m██[38;2;139;115;180m██[38;2;139;115;180m██[38;2;139;115;180m██[38;2;139;115;180m██[38;2;139;115;180m██[38;2;98;74;131m██[38;2;98;74;131m██[38;2;139;115;180m██[38;2;139;115;180m██[38;2;139;115;180m██[38;2;139;115;180m██[38;2;139;115;180m██[38;2;156;57;123m██[38;2;156;57;123m██[38;2;156;57;123m██[38;2;156;57;123m██[38;2;156;57;123m██[38;2;197;0;0m██[38;2;197;0;0m██[38;2;197;0;0m██[38;2;156;57;123m██[38;2;139;115;180m██[38;2;139;115;180m██[38;2;139;115;180m██[38;2;139;115;180m██[38;2;139;115;180m██[38;2;139;115;180m██[38;2;139;115;180m██[38;2;139;115;180m██[38;2;139;115;180m██[38;2;156;57;123m██[38;2;139;115;180m██[38;2;0;0;0m██  
                  [38;2;0;0;0m██[38;2;98;74;131m██[38;2;139;115;180m██[38;2;139;115;180m██[38;2;139;115;180m██[38;2;139;115;180m██[38;2;139;115;180m██[38;2;139;115;180m██[38;2;139;115;180m██[38;2;139;115;180m██[38;2;98;74;131m██[38;2;139;115;180m██[38;2;139;115;180m██[38;2;98;74;131m██[38;2;139;115;180m██[38;2;139;115;180m██[38;2;139;115;180m██[38;2;139;115;180m██[38;2;139;115;180m██[38;2;139;115;180m██[38;2;139;115;180m██[38;2;139;115;180m██[38;2;139;115;180m██[38;2;139;115;180m██[38;2;139;115;180m██[38;2;139;115;180m██[38;2;139;115;180m██[38;2;139;115;180m██[38;2;139;115;180m██[38;2;139;115;180m██[38;2;139;115;180m██[38;2;139;115;180m██[38;2;139;115;180m██[38;2;139;115;180m██[38;2;156;57;123m██[38;2;156;57;123m██[38;2;156;57;123m██[38;2;139;115;180m██[38;2;139;115;180m██[38;2;139;115;180m██[38;2;139;115;180m██[38;2;139;115;180m██[38;2;98;74;131m██[38;2;139;115;180m██[38;2;139;115;180m██[38;2;139;115;180m██[38;2;0;0;0m██  
                    [38;2;0;0;0m██[38;2;139;115;180m██[38;2;139;115;180m██[38;2;139;115;180m██[38;2;139;115;180m██[38;2;139;115;180m██[38;2;139;115;180m██[38;2;139;115;180m██[38;2;139;115;180m██[38;2;98;74;131m██[38;2;139;115;180m██[38;2;139;115;180m██[38;2;98;74;131m██[38;2;139;115;180m██[38;2;139;115;180m██[38;2;139;115;180m██[38;2;139;115;180m██[38;2;139;115;180m██[38;2;139;115;180m██[38;2;139;115;180m██[38;2;139;115;180m██[38;2;139;115;180m██[38;2;139;115;180m██[38;2;139;115;180m██[38;2;139;115;180m██[38;2;156;57;123m██[38;2;197;0;0m██[38;2;197;0;0m██[38;2;197;0;0m██[38;2;197;0;0m██[38;2;156;57;123m██[38;2;156;57;123m██[38;2;139;115;180m██[38;2;139;115;180m██[38;2;139;115;180m██[38;2;139;115;180m██[38;2;139;115;180m██[38;2;139;115;180m██[38;2;139;115;180m██[38;2;98;74;131m██[38;2;98;74;131m██[38;2;139;115;180m██[38;2;139;115;180m██[38;2;139;115;180m██[38;2;0;0;0m██    
                    [38;2;0;0;0m██[38;2;139;115;180m██[38;2;139;115;180m██[38;2;139;115;180m██[38;2;139;115;180m██[38;2;139;115;180m██[38;2;139;115;180m██[38;2;139;115;180m██[38;2;98;74;131m██[38;2;139;115;180m██[38;2;139;115;180m██[38;2;139;115;180m██[38;2;139;115;180m██[38;2;98;74;131m██[38;2;139;115;180m██[38;2;139;115;180m██[38;2;139;115;180m██[38;2;139;115;180m██[38;2;139;115;180m██[38;2;139;115;180m██[38;2;139;115;180m██[38;2;139;115;180m██[38;2;139;115;180m██[38;2;139;115;180m██[38;2;139;115;180m██[38;2;139;115;180m██[38;2;139;115;180m██[38;2;139;115;180m██[38;2;139;115;180m██[38;2;156;57;123m██[38;2;197;0;0m██[38;2;197;0;0m██[38;2;197;0;0m██[38;2;197;0;0m██[38;2;156;57;123m██[38;2;156;57;123m██[38;2;139;115;180m██[38;2;139;115;180m██[38;2;139;115;180m██[38;2;139;115;180m██[38;2;139;115;180m██[38;2;139;115;180m██[38;2;139;115;180m██[38;2;139;115;180m██[38;2;0;0;0m██    
                    [38;2;0;0;0m██[38;2;139;115;180m██[38;2;139;115;180m██[38;2;139;115;180m██[38;2;139;115;180m██[38;2;139;115;180m██[38;2;139;115;180m██[38;2;139;115;180m██[38;2;98;74;131m██[38;2;139;115;180m██[38;2;98;74;131m██[38;2;139;115;180m██[38;2;139;115;180m██[38;2;98;74;131m██[38;2;139;115;180m██[38;2;139;115;180m██[38;2;139;115;180m██[38;2;139;115;180m██[38;2;139;115;180m██[38;2;139;115;180m██[38;2;139;115;180m██[38;2;139;115;180m██[38;2;139;115;180m██[38;2;139;115;180m██[38;2;139;115;180m██[38;2;139;115;180m██[38;2;139;115;180m██[38;2;139;115;180m██[38;2;98;74;131m██[38;2;139;115;180m██[38;2;139;115;180m██[38;2;156;57;123m██[38;2;156;57;123m██[38;2;156;57;123m██[38;2;139;115;180m██[38;2;139;115;180m██[38;2;139;115;180m██[38;2;139;115;180m██[38;2;98;74;131m██[38;2;98;74;131m██[38;2;98;74;131m██[38;2;0;0;0m██[38;2;0;0;0m██[38;2;0;0;0m██      
                    [38;2;0;0;0m██[38;2;139;115;180m██[38;2;139;115;180m██[38;2;139;115;180m██[38;2;139;115;180m██[38;2;139;115;180m██[38;2;139;115;180m██[38;2;98;74;131m██[38;2;139;115;180m██[38;2;139;115;180m██[38;2;98;74;131m██[38;2;139;115;180m██[38;2;139;115;180m██[38;2;139;115;180m██[38;2;98;74;131m██[38;2;139;115;180m██[38;2;139;115;180m██[38;2;139;115;180m██[38;2;139;115;180m██[38;2;139;115;180m██[38;2;139;115;180m██[38;2;139;115;180m██[38;2;139;115;180m██[38;2;139;115;180m██[38;2;139;115;180m██[38;2;139;115;180m██[38;2;139;115;180m██[38;2;0;0;0m██[38;2;0;0;0m██[38;2;0;0;0m██[38;2;139;115;180m██[38;2;139;115;180m██[38;2;139;115;180m██[38;2;139;115;180m██[38;2;139;115;180m██[38;2;139;115;180m██[38;2;139;115;180m██[38;2;139;115;180m██[38;2;139;115;180m██[38;2;0;0;0m██[38;2;0;0;0m██            
                      [38;2;0;0;0m██[38;2;139;115;180m██[38;2;139;115;180m██[38;2;139;115;180m██[38;2;139;115;180m██[38;2;139;115;180m██[38;2;98;74;131m██[38;2;139;115;180m██[38;2;139;115;180m██[38;2;98;74;131m██[38;2;139;115;180m██[38;2;139;115;180m██[38;2;139;115;180m██[38;2;98;74;131m██[38;2;139;115;180m██[38;2;139;115;180m██[38;2;139;115;180m██[38;2;139;115;180m██[38;2;139;115;180m██[38;2;139;115;180m██[38;2;139;115;180m██[38;2;139;115;180m██[38;2;139;115;180m██[38;2;139;115;180m██[38;2;139;115;180m██[38;2;0;0;0m██[38;2;98;74;131m██[38;2;0;0;0m██  [38;2;0;0;0m██[38;2;0;0;0m██[38;2;0;0;0m██[38;2;139;115;180m██[38;2;139;115;180m██[38;2;139;115;180m██[38;2;0;0;0m██[38;2;0;0;0m██[38;2;0;0;0m██                
                      [38;2;0;0;0m██[38;2;139;115;180m██[38;2;139;115;180m██[38;2;139;115;180m██[38;2;139;115;180m██[38;2;98;74;131m██[38;2;139;115;180m██[38;2;139;115;180m██[38;2;139;115;180m██[38;2;98;74;131m██[38;2;139;115;180m██[38;2;139;115;180m██[38;2;139;115;180m██[38;2;139;115;180m██[38;2;98;74;131m██[38;2;139;115;180m██[38;2;139;115;180m██[38;2;139;115;180m██[38;2;139;115;180m██[38;2;139;115;180m██[38;2;139;115;180m██[38;2;139;115;180m██[38;2;139;115;180m██[38;2;139;115;180m██[38;2;98;74;131m██[38;2;139;115;180m██[38;2;139;115;180m██[38;2;0;0;0m██        [38;2;0;0;0m██[38;2;0;0;0m██[38;2;0;0;0m██                      
                        [38;2;0;0;0m██[38;2;139;115;180m██[38;2;139;115;180m██[38;2;139;115;180m██[38;2;98;74;131m██[38;2;139;115;180m██[38;2;139;115;180m██[38;2;139;115;180m██[38;2;98;74;131m██[38;2;139;115;180m██[38;2;139;115;180m██[38;2;139;115;180m██[38;2;139;115;180m██[38;2;139;115;180m██[38;2;98;74;131m██[38;2;139;115;180m██[38;2;139;115;180m██[38;2;139;115;180m██[38;2;139;115;180m██[38;2;139;115;180m██[38;2;139;115;180m██[38;2;139;115;180m██[38;2;98;74;131m██[38;2;139;115;180m██[38;2;139;115;180m██[38;2;0;0;0m██                                      
                          [38;2;0;0;0m██[38;2;139;115;180m██[38;2;98;74;131m██[38;2;139;115;180m██[38;2;139;115;180m██[38;2;139;115;180m██[38;2;139;115;180m██[38;2;139;115;180m██[38;2;98;74;131m██[38;2;139;115;180m██[38;2;139;115;180m██[38;2;139;115;180m██[38;2;139;115;180m██[38;2;139;115;180m██[38;2;98;74;131m██[38;2;139;115;180m██[38;2;139;115;180m██[38;2;139;115;180m██[38;2;139;115;180m██[38;2;139;115;180m██[38;2;139;115;180m██[38;2;139;115;180m██[38;2;139;115;180m██[38;2;139;115;180m██[38;2;0;0;0m██                                      
                          [38;2;0;0;0m██[38;2;139;115;180m██[38;2;139;115;180m██[38;2;139;115;180m██[38;2;139;115;180m██[38;2;139;115;180m██[38;2;139;115;180m██[38;2;139;115;180m██[38;2;98;74;131m██[38;2;139;115;180m██[38;2;139;115;180m██[38;2;139;115;180m██[38;2;139;115;180m██[38;2;139;115;180m██[38;2;139;115;180m██[38;2;98;74;131m██[38;2;98;74;131m██[38;2;139;115;180m██[38;2;139;115;180m██[38;2;139;115;180m██[38;2;139;115;180m██[38;2;139;115;180m██[38;2;139;115;180m██[38;2;0;0;0m██                                        
                            [38;2;0;0;0m██[38;2;139;115;180m██[38;2;139;115;180m██[38;2;139;115;180m██[38;2;139;115;180m██[38;2;139;115;180m██[38;2;139;115;180m██[38;2;98;74;131m██[38;2;139;115;180m██[38;2;139;115;180m██[38;2;139;115;180m██[38;2;139;115;180m██[38;2;139;115;180m██[38;2;139;115;180m██[38;2;139;115;180m██[38;2;139;115;180m██[38;2;139;115;180m██[38;2;139;115;180m██[38;2;98;74;131m██[38;2;139;115;180m██[38;2;139;115;180m██[38;2;0;0;0m██                                          
                              [38;2;0;0;0m██[38;2;139;115;180m██[38;2;139;115;180m██[38;2;139;115;180m██[38;2;139;115;180m██[38;2;139;115;180m██[38;2;139;115;180m██[38;2;139;115;180m██[38;2;139;115;180m██[38;2;139;115;180m██[38;2;139;115;180m██[38;2;139;115;180m██[38;2;139;115;180m██[38;2;139;115;180m██[38;2;139;115;180m██[38;2;139;115;180m██[38;2;139;115;180m██[38;2;98;74;131m██[38;2;139;115;180m██[38;2;0;0;0m██                                            
                              [38;2;0;0;0m██[38;2;139;115;180m██[38;2;139;115;180m██[38;2;139;115;180m██[38;2;139;115;180m██[38;2;139;115;180m██[38;2;139;115;180m██[38;2;139;115;180m██[38;2;139;115;180m██[38;2;139;115;180m██[38;2;139;115;180m██[38;2;139;115;180m██[38;2;139;115;180m██[38;2;139;115;180m██[38;2;139;115;180m██[38;2;139;115;180m██[38;2;139;115;180m██[38;2;98;74;131m██[38;2;0;0;0m██                                              
                              [38;2;0;0;0m██[38;2;0;0;0m██[38;2;0;0;0m██[38;2;98;74;131m██[38;2;98;74;131m██[38;2;98;74;131m██[38;2;98;74;131m██[38;2;98;74;131m██[38;2;98;74;131m██[38;2;98;74;131m██[38;2;98;74;131m██[38;2;98;74;131m██[38;2;0;0;0m██[38;2;0;0;0m██[38;2;0;0;0m██[38;2;0;0;0m██[38;2;0;0;0m██[38;2;0;0;0m██                                                
                            [38;2;82;57;0m██[38;2;0;0;0m██[38;2;74;74;98m██[38;2;74;74;98m██[38;2;74;74;98m██[38;2;74;74;98m██[38;2;74;74;98m██[38;2;74;74;98m██[38;2;74;74;98m██[38;2;74;74;98m██[38;2;74;74;98m██[38;2;74;74;98m██[38;2;74;74;98m██[38;2;74;74;98m██[38;2;74;74;98m██[38;2;74;74;98m██[38;2;74;74;98m██[38;2;74;74;98m██[38;2;0;0;0m██[38;2;82;57;0m██                                              
                          [38;2;82;57;0m██[38;2;238;230;139m██[38;2;74;74;98m██[38;2;74;74;98m██[38;2;238;230;139m██[38;2;205;189;98m██[38;2;74;74;98m██[38;2;74;74;98m██[38;2;238;230;139m██[38;2;205;189;98m██[38;2;74;74;98m██[38;2;74;74;98m██[38;2;238;230;139m██[38;2;205;189;98m██[38;2;74;74;98m██[38;2;74;74;98m██[38;2;238;230;139m██[38;2;205;189;98m██[38;2;74;74;98m██[38;2;74;74;98m██[38;2;238;230;139m██[38;2;82;57;0m██  [38;2;98;74;131m██[38;2;98;74;131m██[38;2;98;74;131m██[38;2;98;74;131m██[38;2;98;74;131m██                                
                          [38;2;82;57;0m██[38;2;205;189;98m██[38;2;74;74;98m██[38;2;74;74;98m██[38;2;205;189;98m██[38;2;205;189;98m██[38;2;74;74;98m██[38;2;74;74;98m██[38;2;205;189;98m██[38;2;205;189;98m██[38;2;74;74;98m██[38;2;74;74;98m██[38;2;205;189;98m██[38;2;205;189;98m██[38;2;74;74;98m██[38;2;74;74;98m██[38;2;205;189;98m██[38;2;205;189;98m██[38;2;74;74;98m██[38;2;74;74;98m██[38;2;205;189;98m██[38;2;98;74;131m██[38;2;98;74;131m██[38;2;189;156;230m██[38;2;189;156;230m██[38;2;205;189;230m██[38;2;205;189;230m██[38;2;98;74;131m██[38;2;98;74;131m██[38;2;98;74;131m██                            
                            [38;2;0;0;0m██[38;2;74;74;98m██[38;2;74;74;98m██[38;2;74;74;98m██[38;2;74;74;98m██[38;2;74;74;98m██[38;2;74;74;98m██[38;2;74;74;98m██[38;2;74;74;98m██[38;2;74;74;98m██[38;2;74;74;98m██[38;2;74;74;98m██[38;2;74;74;98m██[38;2;74;74;98m██[38;2;74;74;98m██[38;2;98;74;131m██[38;2;98;74;131m██[38;2;98;74;131m██[38;2;0;0;0m██[38;2;0;0;0m██[38;2;164;139;205m██[38;2;164;139;205m██[38;2;164;139;205m██[38;2;98;74;131m██[38;2;98;74;131m██[38;2;98;74;131m██[38;2;98;74;131m██[38;2;189;156;230m██[38;2;189;156;230m██[38;2;98;74;131m██[38;2;98;74;131m██                        
                          [38;2;98;74;131m██[38;2;0;0;0m██[38;2;0;0;0m██[38;2;0;0;0m██[38;2;0;0;0m██[38;2;0;0;0m██[38;2;0;0;0m██[38;2;0;0;0m██[38;2;0;0;0m██[38;2;0;0;0m██[38;2;0;0;0m██[38;2;0;0;0m██[38;2;0;0;0m██[38;2;0;0;0m██[38;2;0;0;0m██[38;2;98;74;131m██[38;2;74;74;98m██[38;2;0;0;0m██[38;2;0;0;0m██[38;2;139;115;180m██[38;2;139;115;180m██[38;2;139;115;180m██[38;2;98;74;131m██[38;2;98;74;131m██[38;2;139;115;180m██[38;2;139;115;180m██[38;2;139;115;180m██[38;2;139;115;180m██[38;2;139;115;180m██[38;2;164;139;205m██[38;2;98;74;131m██[38;2;189;156;230m██[38;2;98;74;131m██                      
                        [38;2;98;74;131m██[38;2;189;156;230m██[38;2;164;139;205m██[38;2;0;0;0m██[38;2;74;74;98m██[38;2;74;74;98m██[38;2;74;74;98m██[38;2;74;74;98m██[38;2;74;74;98m██[38;2;74;74;98m██[38;2;74;74;98m██[38;2;74;74;98m██[38;2;74;74;98m██[38;2;74;74;98m██[38;2;74;74;98m██[38;2;74;74;98m██[38;2;74;74;98m██[38;2;0;0;0m██[38;2;139;115;180m██[38;2;139;115;180m██[38;2;139;115;180m██[38;2;139;115;180m██[38;2;98;74;131m██[38;2;139;115;180m██[38;2;139;115;180m██[38;2;139;115;180m██[38;2;139;115;180m██[38;2;139;115;180m██[38;2;139;115;180m██[38;2;139;115;180m██[38;2;139;115;180m██[38;2;139;115;180m██[38;2;164;139;205m██[38;2;98;74;131m██                      
                      [38;2;98;74;131m██[38;2;189;156;230m██[38;2;164;139;205m██[38;2;139;115;180m██[38;2;0;0;0m██[38;2;74;74;98m██[38;2;74;74;98m██[38;2;74;74;98m██[38;2;74;74;98m██[38;2;74;74;98m██[38;2;74;74;98m██[38;2;74;74;98m██[38;2;74;74;98m██[38;2;74;74;98m██[38;2;74;74;98m██[38;2;74;74;98m██[38;2;0;0;0m██[38;2;0;0;0m██[38;2;139;115;180m██[38;2;139;115;180m██[38;2;139;115;180m██[38;2;139;115;180m██[38;2;139;115;180m██[38;2;139;115;180m██[38;2;139;115;180m██[38;2;139;115;180m██[38;2;139;115;180m██[38;2;139;115;180m██[38;2;139;115;180m██[38;2;139;115;180m██[38;2;98;74;131m██[38;2;139;115;180m██[38;2;139;115;180m██[38;2;0;0;0m██                        
                    [38;2;98;74;131m██[38;2;189;156;230m██[38;2;98;74;131m██[38;2;98;74;131m██[38;2;139;115;180m██[38;2;139;115;180m██[38;2;0;0;0m██[38;2;74;74;98m██[38;2;74;74;98m██[38;2;74;74;98m██[38;2;74;74;98m██[38;2;74;74;98m██[38;2;74;74;98m██[38;2;74;74;98m██[38;2;74;74;98m██[38;2;74;74;98m██[38;2;0;0;0m██[38;2;0;0;0m██[38;2;0;0;0m██[38;2;139;115;180m██[38;2;139;115;180m██[38;2;139;115;180m██[38;2;139;115;180m██[38;2;139;115;180m██[38;2;139;115;180m██[38;2;139;115;180m██[38;2;139;115;180m██[38;2;139;115;180m██[38;2;139;115;180m██[38;2;139;115;180m██[38;2;98;74;131m██[38;2;0;0;0m██[38;2;139;115;180m██[38;2;139;115;180m██[38;2;0;0;0m██                        
                  [38;2;98;74;131m██[38;2;189;156;230m██[38;2;98;74;131m██[38;2;139;115;180m██[38;2;139;115;180m██[38;2;139;115;180m██[38;2;139;115;180m██[38;2;139;115;180m██[38;2;0;0;0m██[38;2;74;74;98m██[38;2;74;74;98m██[38;2;74;74;98m██[38;2;74;74;98m██[38;2;74;74;98m██[38;2;74;74;98m██[38;2;0;0;0m██[38;2;0;0;0m██[38;2;0;0;0m██[38;2;0;0;0m██[38;2;139;115;180m██[38;2;139;115;180m██[38;2;139;115;180m██[38;2;139;115;180m██[38;2;139;115;180m██[38;2;139;115;180m██[38;2;139;115;180m██[38;2;139;115;180m██[38;2;139;115;180m██[38;2;139;115;180m██[38;2;139;115;180m██[38;2;98;74;131m██[38;2;98;74;131m██[38;2;0;0;0m██[38;2;139;115;180m██[38;2;139;115;180m██[38;2;0;0;0m██                        
                  [38;2;98;74;131m██[38;2;98;74;131m██[38;2;139;115;180m██[38;2;139;115;180m██[38;2;139;115;180m██[38;2;139;115;180m██[38;2;98;74;131m██[38;2;139;115;180m██[38;2;139;115;180m██[38;2;0;0;0m██[38;2;0;0;0m██[38;2;0;0;0m██[38;2;0;0;0m██[38;2;0;0;0m██[38;2;0;0;0m██[38;2;0;0;0m██[38;2;0;0;0m██[38;2;0;0;0m██[38;2;0;0;0m██[38;2;139;115;180m██[38;2;139;115;180m██[38;2;139;115;180m██[38;2;139;115;180m██[38;2;139;115;180m██[38;2;139;115;180m██[38;2;139;115;180m██[38;2;139;115;180m██[38;2;139;115;180m██[38;2;98;74;131m██[38;2;98;74;131m██[38;2;139;115;180m██[38;2;0;0;0m██[38;2;139;115;180m██[38;2;139;115;180m██[38;2;0;0;0m██                          
                [38;2;98;74;131m██[38;2;98;74;131m██[38;2;139;115;180m██[38;2;139;115;180m██[38;2;139;115;180m██[38;2;139;115;180m██[38;2;139;115;180m██[38;2;98;74;131m██[38;2;0;0;0m██[38;2;0;0;0m██[38;2;139;115;180m██[38;2;139;115;180m██[38;2;139;115;180m██[38;2;0;0;0m██[38;2;0;0;0m██[38;2;0;0;0m██[38;2;0;0;0m██[38;2;0;0;0m██[38;2;0;0;0m██[38;2;0;0;0m██[38;2;139;115;180m██[38;2;139;115;180m██[38;2;139;115;180m██[38;2;139;115;180m██[38;2;139;115;180m██[38;2;139;115;180m██[38;2;139;115;180m██[38;2;98;74;131m██[38;2;98;74;131m██[38;2;139;115;180m██[38;2;139;115;180m██[38;2;0;0;0m██[38;2;139;115;180m██[38;2;139;115;180m██[38;2;139;115;180m██[38;2;0;0;0m██                          
                [38;2;98;74;131m██[38;2;139;115;180m██[38;2;139;115;180m██[38;2;139;115;180m██[38;2;139;115;180m██[38;2;139;115;180m██[38;2;98;74;131m██[38;2;0;0;0m██[38;2;139;115;180m██[38;2;139;115;180m██[38;2;139;115;180m██[38;2;139;115;180m██[38;2;139;115;180m██[38;2;139;115;180m██[38;2;0;0;0m██[38;2;0;0;0m██[38;2;0;0;0m██[38;2;0;0;0m██[38;2;0;0;0m██[38;2;0;0;0m██[38;2;139;115;180m██[38;2;139;115;180m██[38;2;139;115;180m██[38;2;139;115;180m██[38;2;139;115;180m██[38;2;139;115;180m██[38;2;139;115;180m██[38;2;139;115;180m██[38;2;139;115;180m██[38;2;0;0;0m██[38;2;0;0;0m██[38;2;139;115;180m██[38;2;139;115;180m██[38;2;139;115;180m██[38;2;0;0;0m██                            
                [38;2;98;74;131m██[38;2;139;115;180m██[38;2;139;115;180m██[38;2;139;115;180m██[38;2;139;115;180m██[38;2;139;115;180m██[38;2;0;0;0m██[38;2;139;115;180m██[38;2;139;115;180m██[38;2;98;74;131m██[38;2;139;115;180m██[38;2;139;115;180m██[38;2;139;115;180m██[38;2;139;115;180m██[38;2;0;0;0m██        [38;2;0;0;0m██[38;2;0;0;0m██[38;2;139;115;180m██[38;2;139;115;180m██[38;2;139;115;180m██[38;2;139;115;180m██[38;2;139;115;180m██[38;2;139;115;180m██[38;2;0;0;0m██[38;2;0;0;0m██[38;2;98;74;131m██[38;2;139;115;180m██[38;2;139;115;180m██[38;2;139;115;180m██[38;2;139;115;180m██[38;2;0;0;0m██                            
              [38;2;98;74;131m██[38;2;139;115;180m██[38;2;139;115;180m██[38;2;139;115;180m██[38;2;139;115;180m██[38;2;139;115;180m██[38;2;0;0;0m██[38;2;139;115;180m██[38;2;139;115;180m██[38;2;139;115;180m██[38;2;98;74;131m██[38;2;139;115;180m██[38;2;139;115;180m██[38;2;139;115;180m██[38;2;139;115;180m██[38;2;0;0;0m██            [38;2;0;0;0m██[38;2;0;0;0m██[38;2;0;0;0m██[38;2;0;0;0m██[38;2;0;0;0m██[38;2;0;0;0m██[38;2;139;115;180m██[38;2;139;115;180m██[38;2;98;74;131m██[38;2;139;115;180m██[38;2;139;115;180m██[38;2;139;115;180m██[38;2;0;0;0m██                              
              [38;2;98;74;131m██[38;2;139;115;180m██[38;2;139;115;180m██[38;2;139;115;180m██[38;2;0;0;0m██[38;2;0;0;0m██[38;2;139;115;180m██[38;2;139;115;180m██[38;2;139;115;180m██[38;2;139;115;180m██[38;2;0;0;0m██[38;2;139;115;180m██[38;2;98;74;131m██[38;2;139;115;180m██[38;2;139;115;180m██[38;2;0;0;0m██                  [38;2;0;0;0m██[38;2;0;0;0m██[38;2;139;115;180m██[38;2;139;115;180m██[38;2;98;74;131m██[38;2;139;115;180m██[38;2;139;115;180m██[38;2;139;115;180m██[38;2;0;0;0m██                                
              [38;2;98;74;131m██[38;2;139;115;180m██[38;2;139;115;180m██[38;2;98;74;131m██[38;2;98;74;131m██[38;2;139;115;180m██[38;2;139;115;180m██[38;2;139;115;180m██[38;2;139;115;180m██[38;2;139;115;180m██[38;2;0;0;0m██[38;2;139;115;180m██[38;2;98;74;131m██[38;2;139;115;180m██[38;2;139;115;180m██[38;2;0;0;0m██                  [38;2;0;0;0m██[38;2;139;115;180m██[38;2;139;115;180m██[38;2;139;115;180m██[38;2;98;74;131m██[38;2;139;115;180m██[38;2;139;115;180m██[38;2;0;0;0m██                                  
              [38;2;0;0;0m██[38;2;139;115;180m██[38;2;139;115;180m██[38;2;139;115;180m██[38;2;139;115;180m██[38;2;139;115;180m██[38;2;139;115;180m██[38;2;139;115;180m██[38;2;139;115;180m██[38;2;0;0;0m██[38;2;139;115;180m██[38;2;139;115;180m██[38;2;98;74;131m██[38;2;139;115;180m██[38;2;139;115;180m██[38;2;139;115;180m██[38;2;0;0;0m██                [38;2;0;0;0m██[38;2;139;115;180m██[38;2;139;115;180m██[38;2;139;115;180m██[38;2;139;115;180m██[38;2;139;115;180m██[38;2;0;0;0m██                                    
                [38;2;0;0;0m██[38;2;0;0;0m██[38;2;139;115;180m██[38;2;139;115;180m██[38;2;139;115;180m██[38;2;139;115;180m██[38;2;139;115;180m██[38;2;0;0;0m██[38;2;0;0;0m██[38;2;139;115;180m██[38;2;139;115;180m██[38;2;139;115;180m██[38;2;98;74;131m██[38;2;139;115;180m██[38;2;139;115;180m██[38;2;0;0;0m██                [38;2;0;0;0m██[38;2;139;115;180m██[38;2;139;115;180m██[38;2;139;115;180m██[38;2;139;115;180m██[38;2;98;74;131m██[38;2;0;0;0m██[38;2;0;0;0m██[38;2;98;74;131m██[38;2;98;74;131m██                              
                    [38;2;0;0;0m██[38;2;0;0;0m██[38;2;0;0;0m██[38;2;0;0;0m██[38;2;0;0;0m██[38;2;139;115;180m██[38;2;98;74;131m██[38;2;139;115;180m██[38;2;139;115;180m██[38;2;139;115;180m██[38;2;139;115;180m██[38;2;139;115;180m██[38;2;139;115;180m██[38;2;0;0;0m██              [38;2;0;0;0m██[38;2;139;115;180m██[38;2;139;115;180m██[38;2;139;115;180m██[38;2;139;115;180m██[38;2;139;115;180m██[38;2;139;115;180m██[38;2;0;0;0m██[38;2;98;74;131m██[38;2;164;139;205m██[38;2;164;139;205m██[38;2;0;0;0m██[38;2;98;74;131m██                          
                            [38;2;0;0;0m██[38;2;139;115;180m██[38;2;139;115;180m██[38;2;139;115;180m██[38;2;139;115;180m██[38;2;139;115;180m██[38;2;139;115;180m██[38;2;139;115;180m██[38;2;0;0;0m██                [38;2;0;0;0m██[38;2;139;115;180m██[38;2;139;115;180m██[38;2;139;115;180m██[38;2;139;115;180m██[38;2;139;115;180m██[38;2;98;74;131m██[38;2;139;115;180m██[38;2;139;115;180m██[38;2;139;115;180m██[38;2;98;74;131m██[38;2;139;115;180m██[38;2;205;189;230m██[38;2;0;0;0m██                        
                              [38;2;0;0;0m██[38;2;0;0;0m██[38;2;0;0;0m██[38;2;0;0;0m██[38;2;0;0;0m██[38;2;0;0;0m██[38;2;0;0;0m██                [38;2;0;0;0m██[38;2;139;115;180m██[38;2;139;115;180m██[38;2;139;115;180m██[38;2;139;115;180m██[38;2;139;115;180m██[38;2;139;115;180m██[38;2;139;115;180m██[38;2;139;115;180m██[38;2;139;115;180m██[38;2;139;115;180m██[38;2;139;115;180m██[38;2;139;115;180m██[38;2;164;139;205m██[38;2;0;0;0m██                        
                                                            [38;2;0;0;0m██[38;2;139;115;180m██[38;2;139;115;180m██[38;2;139;115;180m██[38;2;139;115;180m██[38;2;139;115;180m██[38;2;139;115;180m██[38;2;139;115;180m██[38;2;139;115;180m██[38;2;139;115;180m██[38;2;139;115;180m██[38;2;0;0;0m██[38;2;0;0;0m██[38;2;0;0;0m██                          
                                                              [38;2;0;0;0m██[38;2;139;115;180m██[38;2;139;115;180m██[38;2;139;115;180m██[38;2;139;115;180m██[38;2;139;115;180m██[38;2;0;0;0m██[38;2;0;0;0m██[38;2;0;0;0m██[38;2;0;0;0m██                                
                                                                [38;2;0;0;0m██[38;2;0;0;0m██[38;2;0;0;0m██[38;2;0;0;0m██[38;2;0;0;0m██                                        
