                                                        [38;2;82;41;99m██[38;2;82;41;99m██[38;2;82;41;99m██[38;2;82;41;99m██[38;2;0;0;0m██[38;2;0;0;0m██                                                                
                                                    [38;2;82;41;99m██[38;2;82;41;99m██[38;2;141;49;165m██[38;2;141;49;165m██[38;2;141;49;165m██[38;2;141;49;165m██[38;2;141;49;165m██[38;2;141;49;165m██[38;2;0;0;0m██[38;2;0;0;0m██                                                            
                                                [38;2;82;41;99m██[38;2;82;41;99m██[38;2;141;49;165m██[38;2;141;49;165m██[38;2;141;49;165m██[38;2;141;49;165m██[38;2;141;49;165m██[38;2;141;49;165m██[38;2;141;49;165m██[38;2;82;41;99m██[38;2;82;41;99m██[38;2;82;41;99m██[38;2;0;0;0m██                                                          
                                              [38;2;82;41;99m██[38;2;141;49;165m██[38;2;141;49;165m██[38;2;141;49;165m██[38;2;141;49;165m██[38;2;141;49;165m██[38;2;0;0;0m██[38;2;0;0;0m██[38;2;0;0;0m██[38;2;0;0;0m██[38;2;0;0;0m██[38;2;82;41;99m██[38;2;82;41;99m██[38;2;82;41;99m██[38;2;0;0;0m██                                                        
                                            [38;2;82;41;99m██[38;2;141;49;165m██[38;2;141;49;165m██[38;2;141;49;165m██[38;2;141;49;165m██[38;2;82;41;99m██[38;2;82;41;99m██          [38;2;0;0;0m██[38;2;82;41;99m██[38;2;82;41;99m██[38;2;0;0;0m██                                                        
                                          [38;2;82;41;99m██[38;2;141;49;165m██[38;2;141;49;165m██[38;2;141;49;165m██[38;2;82;41;99m██[38;2;82;41;99m██                [38;2;0;0;0m██[38;2;82;41;99m██[38;2;82;41;99m██[38;2;0;0;0m██  [38;2;149;0;49m██[38;2;149;0;49m██[38;2;149;0;49m██[38;2;149;0;49m██[38;2;149;0;49m██[38;2;149;24;109m██                                        
                                        [38;2;82;41;99m██[38;2;141;49;165m██[38;2;141;49;165m██[38;2;141;49;165m██[38;2;82;41;99m██          [38;2;149;24;109m██[38;2;149;24;109m██[38;2;149;24;109m██[38;2;58;0;0m██[38;2;58;0;0m██[38;2;0;0;0m██[38;2;82;41;99m██[38;2;82;41;99m██[38;2;58;0;0m██[38;2;58;0;0m██[38;2;197;11;97m██[38;2;197;11;97m██[38;2;197;11;97m██[38;2;197;11;97m██[38;2;197;71;157m██[38;2;197;71;157m██[38;2;149;24;109m██[38;2;149;24;109m██                                    
                                      [38;2;82;41;99m██[38;2;141;49;165m██[38;2;141;49;165m██[38;2;141;49;165m██[38;2;82;41;99m██        [38;2;149;64;129m██[38;2;149;64;129m██[38;2;197;71;157m██[38;2;197;71;157m██[38;2;197;71;157m██[38;2;197;11;97m██[38;2;149;0;49m██[38;2;58;0;0m██[38;2;82;41;99m██[38;2;58;0;0m██[38;2;149;0;49m██[38;2;149;0;49m██[38;2;149;0;49m██[38;2;197;11;97m██[38;2;197;11;97m██[38;2;197;71;157m██[38;2;197;71;157m██[38;2;197;71;157m██[38;2;197;71;157m██[38;2;197;71;157m██[38;2;149;24;109m██[38;2;58;0;38m██                                
                                      [38;2;82;41;99m██[38;2;141;49;165m██[38;2;141;49;165m██[38;2;82;41;99m██        [38;2;149;64;129m██[38;2;197;111;177m██[38;2;197;111;177m██[38;2;197;111;177m██[38;2;197;71;157m██[38;2;149;24;109m██[38;2;149;24;109m██[38;2;149;0;49m██[38;2;149;0;49m██[38;2;58;0;0m██[38;2;149;0;49m██[38;2;149;0;49m██[38;2;149;0;49m██[38;2;149;0;49m██[38;2;149;0;49m██[38;2;149;0;49m██[38;2;149;24;109m██[38;2;197;71;157m██[38;2;197;71;157m██[38;2;197;71;157m██[38;2;197;71;157m██[38;2;197;71;157m██[38;2;197;111;177m██[38;2;58;0;38m██                              
                                    [38;2;82;41;99m██[38;2;141;49;165m██[38;2;141;49;165m██[38;2;141;49;165m██[38;2;82;41;99m██      [38;2;58;0;38m██[38;2;197;111;177m██[38;2;197;111;177m██[38;2;149;64;129m██[38;2;149;64;129m██[38;2;149;64;129m██[38;2;149;24;109m██[38;2;55;55;75m██[38;2;55;55;75m██[38;2;55;55;75m██[38;2;55;55;75m██[38;2;55;55;75m██[38;2;55;55;75m██[38;2;55;55;75m██[38;2;55;55;75m██[38;2;149;0;49m██[38;2;149;24;109m██[38;2;149;24;109m██[38;2;149;24;109m██[38;2;149;24;109m██[38;2;149;24;109m██[38;2;197;71;157m██[38;2;197;71;157m██[38;2;197;111;177m██[38;2;197;111;177m██[38;2;58;0;38m██                            
                                    [38;2;82;41;99m██[38;2;141;49;165m██[38;2;141;49;165m██[38;2;82;41;99m██      [38;2;67;27;67m██[38;2;147;107;147m██[38;2;149;64;129m██[38;2;149;64;129m██[38;2;149;64;129m██[38;2;149;64;129m██[38;2;55;55;75m██[38;2;55;55;75m██[38;2;117;121;189m██[38;2;117;121;189m██[38;2;117;121;189m██[38;2;117;121;189m██[38;2;117;121;189m██[38;2;117;121;189m██[38;2;117;121;189m██[38;2;117;121;189m██[38;2;55;55;75m██[38;2;55;55;75m██[38;2;149;24;109m██[38;2;149;24;109m██[38;2;149;24;109m██[38;2;149;24;109m██[38;2;149;64;129m██[38;2;149;64;129m██[38;2;149;64;129m██[38;2;149;64;129m██[38;2;149;64;129m██[38;2;58;0;38m██                          
                                    [38;2;82;41;99m██[38;2;141;49;165m██[38;2;141;49;165m██[38;2;82;41;99m██    [38;2;67;27;67m██[38;2;147;107;147m██[38;2;147;107;147m██[38;2;147;107;147m██[38;2;147;107;147m██[38;2;55;55;75m██[38;2;55;55;75m██[38;2;117;121;189m██[38;2;117;121;189m██[38;2;117;121;189m██[38;2;117;121;189m██[38;2;117;121;189m██[38;2;117;121;189m██[38;2;117;121;189m██[38;2;117;121;189m██[38;2;117;121;189m██[38;2;117;121;189m██[38;2;117;121;189m██[38;2;117;121;189m██[38;2;55;55;75m██[38;2;55;55;75m██[38;2;58;0;18m██[38;2;149;24;109m██[38;2;149;64;129m██[38;2;149;64;129m██[38;2;149;64;129m██[38;2;147;107;147m██[38;2;147;107;147m██[38;2;147;107;147m██[38;2;67;27;67m██[38;2;67;27;67m██                      
                                  [38;2;82;41;99m██[38;2;141;49;165m██[38;2;141;49;165m██[38;2;82;41;99m██    [38;2;67;27;67m██[38;2;147;107;147m██[38;2;147;107;147m██[38;2;67;27;67m██[38;2;67;27;67m██[38;2;55;55;75m██[38;2;117;121;189m██[38;2;117;121;189m██[38;2;117;121;189m██[38;2;117;121;189m██[38;2;55;55;75m██[38;2;0;0;0m██[38;2;0;0;0m██[38;2;0;0;0m██[38;2;0;0;0m██[38;2;55;55;75m██[38;2;55;55;75m██[38;2;117;121;189m██[38;2;117;121;189m██[38;2;117;121;189m██[38;2;117;121;189m██[38;2;117;121;189m██[38;2;55;55;75m██[38;2;0;0;0m██[38;2;0;0;0m██[38;2;0;0;0m██[38;2;149;64;129m██[38;2;147;107;147m██[38;2;147;107;147m██[38;2;147;107;147m██[38;2;147;107;147m██[38;2;147;107;147m██[38;2;67;27;67m██[38;2;67;27;67m██                  
                                  [38;2;82;41;99m██[38;2;141;49;165m██[38;2;141;49;165m██[38;2;82;41;99m██  [38;2;67;27;67m██[38;2;67;27;67m██[38;2;67;27;67m██[38;2;67;27;67m██  [38;2;0;0;0m██[38;2;117;121;189m██[38;2;117;121;189m██[38;2;117;121;189m██[38;2;55;55;75m██[38;2;55;55;75m██[38;2;222;82;112m██[38;2;222;82;112m██[38;2;222;82;112m██[38;2;222;82;112m██[38;2;222;82;112m██[38;2;222;82;112m██[38;2;222;82;112m██[38;2;55;55;75m██[38;2;55;55;75m██[38;2;117;121;189m██[38;2;117;121;189m██[38;2;117;121;189m██[38;2;117;121;189m██[38;2;55;55;75m██[38;2;58;0;18m██[38;2;58;0;38m██[38;2;0;0;0m██[38;2;0;0;0m██[38;2;0;0;0m██[38;2;147;107;147m██[38;2;147;107;147m██[38;2;147;107;147m██[38;2;147;107;147m██[38;2;147;107;147m██[38;2;67;27;67m██                
                                  [38;2;82;41;99m██[38;2;141;49;165m██[38;2;141;49;165m██[38;2;0;0;0m██          [38;2;0;0;0m██[38;2;69;74;171m██[38;2;117;121;189m██[38;2;117;121;189m██[38;2;55;55;75m██[38;2;222;82;112m██[38;2;222;82;112m██[38;2;222;82;112m██[38;2;222;82;112m██[38;2;222;82;112m██[38;2;222;82;112m██[38;2;222;82;112m██[38;2;222;82;112m██[38;2;222;82;112m██[38;2;222;82;112m██[38;2;222;82;112m██[38;2;55;55;75m██[38;2;117;121;189m██[38;2;117;121;189m██[38;2;117;121;189m██[38;2;117;121;189m██[38;2;55;55;75m██[38;2;58;0;38m██[38;2;58;0;38m██[38;2;58;0;38m██[38;2;58;0;38m██[38;2;0;0;0m██[38;2;0;0;0m██[38;2;0;0;0m██[38;2;0;0;0m██[38;2;0;0;0m██[38;2;0;0;0m██[38;2;0;0;0m██              
                                  [38;2;82;41;99m██[38;2;141;49;165m██[38;2;141;49;165m██[38;2;0;0;0m██          [38;2;0;0;0m██[38;2;69;74;171m██[38;2;117;121;189m██[38;2;55;55;75m██[38;2;222;82;112m██[38;2;222;82;112m██[38;2;149;64;129m██[38;2;222;82;112m██[38;2;222;82;112m██[38;2;222;82;112m██[38;2;222;82;112m██[38;2;222;82;112m██[38;2;222;82;112m██[38;2;222;82;112m██[38;2;222;82;112m██[38;2;222;82;112m██[38;2;222;82;112m██[38;2;55;55;75m██[38;2;117;121;189m██[38;2;117;121;189m██[38;2;117;121;189m██[38;2;117;121;189m██[38;2;55;55;75m██[38;2;58;0;38m██[38;2;58;0;38m██[38;2;67;27;67m██[38;2;67;27;67m██[38;2;0;0;0m██                        
                                  [38;2;82;41;99m██[38;2;141;49;165m██[38;2;82;41;99m██[38;2;0;0;0m██        [38;2;0;0;0m██[38;2;69;74;171m██[38;2;69;74;171m██[38;2;55;55;75m██[38;2;222;82;112m██[38;2;222;82;112m██[38;2;149;64;129m██[38;2;149;64;129m██[38;2;149;64;129m██[38;2;222;82;112m██[38;2;222;82;112m██[38;2;222;82;112m██[38;2;222;82;112m██[38;2;222;82;112m██[38;2;222;82;112m██[38;2;222;82;112m██[38;2;222;82;112m██[38;2;222;82;112m██[38;2;222;82;112m██[38;2;55;55;75m██[38;2;117;121;189m██[38;2;117;121;189m██[38;2;117;121;189m██[38;2;55;55;75m██[38;2;58;0;38m██[38;2;67;27;67m██[38;2;67;27;67m██[38;2;67;27;67m██[38;2;0;0;0m██                        
                                  [38;2;82;41;99m██[38;2;141;49;165m██[38;2;82;41;99m██[38;2;0;0;0m██        [38;2;0;0;0m██[38;2;69;74;171m██[38;2;117;121;189m██[38;2;55;55;75m██[38;2;222;82;112m██[38;2;222;82;112m██[38;2;149;64;129m██[38;2;149;64;129m██[38;2;149;64;129m██[38;2;222;82;112m██[38;2;222;82;112m██[38;2;222;82;112m██[38;2;222;82;112m██[38;2;222;82;112m██[38;2;222;82;112m██[38;2;222;82;112m██[38;2;222;82;112m██[38;2;222;82;112m██[38;2;222;82;112m██[38;2;222;82;112m██[38;2;55;55;75m██[38;2;117;121;189m██[38;2;117;121;189m██[38;2;117;121;189m██[38;2;55;55;75m██[38;2;0;0;0m██[38;2;67;27;67m██[38;2;67;27;67m██[38;2;67;27;67m██[38;2;0;0;0m██                      
                                  [38;2;0;0;0m██[38;2;141;49;165m██[38;2;82;41;99m██[38;2;0;0;0m██        [38;2;0;0;0m██[38;2;117;121;189m██[38;2;55;55;75m██[38;2;238;106;126m██[38;2;222;82;112m██[38;2;222;82;112m██[38;2;149;64;129m██[38;2;149;64;129m██[38;2;149;64;129m██[38;2;222;82;112m██[38;2;222;82;112m██[38;2;222;82;112m██[38;2;222;82;112m██[38;2;222;82;112m██[38;2;222;82;112m██[38;2;222;82;112m██[38;2;222;82;112m██[38;2;222;82;112m██[38;2;222;82;112m██[38;2;222;82;112m██[38;2;55;55;75m██[38;2;117;121;189m██[38;2;117;121;189m██[38;2;117;121;189m██[38;2;55;55;75m██  [38;2;0;0;0m██[38;2;0;0;0m██[38;2;67;27;67m██[38;2;67;27;67m██[38;2;0;0;0m██                    
                                  [38;2;0;0;0m██[38;2;82;41;99m██[38;2;82;41;99m██[38;2;82;41;99m██[38;2;0;0;0m██      [38;2;0;0;0m██[38;2;117;121;189m██[38;2;55;55;75m██[38;2;246;148;169m██[38;2;222;82;112m██[38;2;222;82;112m██[38;2;149;64;129m██[38;2;222;82;112m██[38;2;222;82;112m██[38;2;222;82;112m██[38;2;222;82;112m██[38;2;222;82;112m██[38;2;222;82;112m██[38;2;222;82;112m██[38;2;222;82;112m██[38;2;222;82;112m██[38;2;222;82;112m██[38;2;222;82;112m██[38;2;222;82;112m██[38;2;222;82;112m██[38;2;222;82;112m██[38;2;55;55;75m██[38;2;117;121;189m██[38;2;117;121;189m██[38;2;117;121;189m██[38;2;55;55;75m██    [38;2;0;0;0m██[38;2;0;0;0m██[38;2;0;0;0m██[38;2;0;0;0m██                  
                                  [38;2;0;0;0m██[38;2;82;41;99m██[38;2;82;41;99m██[38;2;82;41;99m██[38;2;0;0;0m██        [38;2;0;0;0m██[38;2;246;148;169m██[38;2;246;148;169m██[38;2;222;82;112m██[38;2;222;82;112m██[38;2;222;82;112m██[38;2;222;82;112m██[38;2;222;82;112m██[38;2;222;82;112m██[38;2;222;82;112m██[38;2;222;82;112m██[38;2;222;82;112m██[38;2;222;82;112m██[38;2;222;82;112m██[38;2;149;0;49m██[38;2;149;0;49m██[38;2;222;82;112m██[38;2;222;82;112m██[38;2;222;82;112m██[38;2;222;82;112m██[38;2;55;55;75m██[38;2;117;121;189m██[38;2;117;121;189m██[38;2;117;121;189m██[38;2;55;55;75m██[38;2;0;0;0m██[38;2;0;0;0m██                          
                                    [38;2;0;0;0m██[38;2;82;41;99m██[38;2;82;41;99m██[38;2;0;0;0m██        [38;2;99;41;41m██[38;2;246;148;169m██[38;2;238;106;126m██[38;2;222;82;112m██[38;2;222;82;112m██[38;2;222;82;112m██[38;2;222;82;112m██[38;2;222;82;112m██[38;2;222;82;112m██[38;2;222;82;112m██[38;2;222;82;112m██[38;2;222;82;112m██[38;2;222;82;112m██[38;2;222;82;112m██[38;2;149;0;49m██[38;2;149;0;49m██[38;2;149;24;109m██[38;2;222;82;112m██[38;2;222;82;112m██[38;2;222;82;112m██[38;2;222;82;112m██[38;2;55;55;75m██[38;2;117;121;189m██[38;2;69;74;171m██[38;2;55;55;75m██[38;2;189;197;197m██[38;2;249;249;249m██[38;2;0;0;0m██                        
                                    [38;2;0;0;0m██[38;2;82;41;99m██[38;2;82;41;99m██[38;2;82;41;99m██[38;2;0;0;0m██    [38;2;99;41;41m██[38;2;197;111;177m██[38;2;197;111;177m██[38;2;222;82;112m██[38;2;222;82;112m██[38;2;222;82;112m██[38;2;222;82;112m██[38;2;222;82;112m██[38;2;222;82;112m██[38;2;222;82;112m██[38;2;222;82;112m██[38;2;222;82;112m██[38;2;222;82;112m██[38;2;222;82;112m██[38;2;222;82;112m██[38;2;149;0;49m██[38;2;149;0;49m██[38;2;149;24;109m██[38;2;149;24;109m██[38;2;222;82;112m██[38;2;222;82;112m██[38;2;222;82;112m██[38;2;55;55;75m██[38;2;117;121;189m██[38;2;69;74;171m██[38;2;55;55;75m██[38;2;189;197;197m██[38;2;0;0;0m██                          
                                    [38;2;0;0;0m██[38;2;82;41;99m██[38;2;82;41;99m██[38;2;82;41;99m██[38;2;0;0;0m██    [38;2;99;41;41m██[38;2;197;111;177m██[38;2;197;111;177m██[38;2;222;82;112m██[38;2;222;82;112m██[38;2;222;82;112m██[38;2;222;82;112m██[38;2;222;82;112m██[38;2;222;82;112m██[38;2;222;82;112m██[38;2;222;82;112m██[38;2;222;82;112m██[38;2;222;82;112m██[38;2;222;82;112m██[38;2;222;82;112m██[38;2;149;0;49m██[38;2;149;0;49m██[38;2;149;24;109m██[38;2;222;82;112m██[38;2;222;82;112m██[38;2;222;82;112m██[38;2;222;82;112m██[38;2;55;55;75m██[38;2;69;74;171m██[38;2;69;74;171m██[38;2;55;55;75m██[38;2;0;0;0m██                            
                                      [38;2;0;0;0m██[38;2;82;41;99m██[38;2;82;41;99m██[38;2;82;41;99m██[38;2;0;0;0m██  [38;2;99;41;41m██[38;2;197;111;177m██[38;2;238;106;126m██[38;2;222;82;112m██[38;2;222;82;112m██[38;2;222;82;112m██[38;2;222;82;112m██[38;2;222;82;112m██[38;2;222;82;112m██[38;2;222;82;112m██[38;2;222;82;112m██[38;2;222;82;112m██[38;2;222;82;112m██[38;2;222;82;112m██[38;2;222;82;112m██[38;2;149;0;49m██[38;2;149;0;49m██[38;2;222;82;112m██[38;2;222;82;112m██[38;2;222;82;112m██[38;2;222;82;112m██[38;2;222;82;112m██[38;2;55;55;75m██[38;2;69;74;171m██[38;2;69;74;171m██[38;2;55;55;75m██                              
                                      [38;2;0;0;0m██[38;2;82;41;99m██[38;2;82;41;99m██[38;2;82;41;99m██[38;2;0;0;0m██[38;2;99;41;41m██[38;2;246;148;169m██[38;2;246;148;169m██[38;2;222;82;112m██[38;2;222;82;112m██[38;2;222;82;112m██[38;2;222;82;112m██[38;2;222;82;112m██[38;2;222;82;112m██[38;2;222;82;112m██[38;2;222;82;112m██[38;2;222;82;112m██[38;2;222;82;112m██[38;2;222;82;112m██[38;2;222;82;112m██[38;2;222;82;112m██[38;2;222;82;112m██[38;2;222;82;112m██[38;2;222;82;112m██[38;2;222;82;112m██[38;2;222;82;112m██[38;2;222;82;112m██[38;2;165;49;59m██[38;2;69;74;171m██[38;2;69;74;171m██[38;2;55;55;75m██                                
                                        [38;2;0;0;0m██[38;2;82;41;99m██[38;2;82;41;99m██[38;2;82;41;99m██[38;2;0;0;0m██[38;2;246;148;169m██[38;2;238;106;126m██[38;2;222;82;112m██[38;2;222;82;112m██[38;2;222;82;112m██[38;2;222;82;112m██[38;2;222;82;112m██[38;2;222;82;112m██[38;2;222;82;112m██[38;2;222;82;112m██[38;2;222;82;112m██[38;2;222;82;112m██[38;2;222;82;112m██[38;2;222;82;112m██[38;2;222;82;112m██[38;2;222;82;112m██[38;2;222;82;112m██[38;2;222;82;112m██[38;2;222;82;112m██[38;2;222;82;112m██[38;2;238;106;126m██[38;2;99;41;41m██[38;2;69;74;171m██[38;2;55;55;75m██                                  
                                        [38;2;0;0;0m██[38;2;82;41;99m██[38;2;82;41;99m██[38;2;82;41;99m██[38;2;0;0;0m██[38;2;238;106;126m██[38;2;222;82;112m██[38;2;222;82;112m██[38;2;222;82;112m██[38;2;222;82;112m██[38;2;222;82;112m██[38;2;222;82;112m██[38;2;222;82;112m██[38;2;222;82;112m██[38;2;222;82;112m██[38;2;222;82;112m██[38;2;222;82;112m██[38;2;222;82;112m██[38;2;222;82;112m██[38;2;222;82;112m██[38;2;222;82;112m██[38;2;222;82;112m██[38;2;222;82;112m██[38;2;222;82;112m██[38;2;238;106;126m██[38;2;246;148;169m██[38;2;165;49;59m██[38;2;55;55;75m██                                    
                      [38;2;67;27;67m██[38;2;67;27;67m██[38;2;67;27;67m██[38;2;67;27;67m██[38;2;67;27;67m██[38;2;67;27;67m██[38;2;67;27;67m██[38;2;67;27;67m██    [38;2;0;0;0m██[38;2;82;41;99m██[38;2;82;41;99m██[38;2;82;41;99m██[38;2;0;0;0m██[38;2;222;82;112m██[38;2;222;82;112m██[38;2;222;82;112m██[38;2;222;82;112m██[38;2;222;82;112m██[38;2;222;82;112m██[38;2;222;82;112m██[38;2;222;82;112m██[38;2;222;82;112m██[38;2;222;82;112m██[38;2;222;82;112m██[38;2;222;82;112m██[38;2;222;82;112m██[38;2;222;82;112m██[38;2;222;82;112m██[38;2;222;82;112m██[38;2;222;82;112m██[38;2;222;82;112m██[38;2;246;148;169m██[38;2;165;49;59m██                                        
            [38;2;67;27;67m██[38;2;67;27;67m██[38;2;67;27;67m██[38;2;67;27;67m██[38;2;67;27;67m██[38;2;147;107;147m██[38;2;147;107;147m██[38;2;147;107;147m██[38;2;147;107;147m██[38;2;147;107;147m██[38;2;147;107;147m██[38;2;149;64;129m██[38;2;149;64;129m██[38;2;58;0;38m██[38;2;58;0;38m██[38;2;0;0;0m██[38;2;82;41;99m██[38;2;82;41;99m██[38;2;82;41;99m██[38;2;82;41;99m██[38;2;0;0;0m██[38;2;149;64;129m██[38;2;149;24;109m██[38;2;222;82;112m██[38;2;222;82;112m██[38;2;222;82;112m██[38;2;222;82;112m██[38;2;222;82;112m██[38;2;222;82;112m██[38;2;222;82;112m██[38;2;222;82;112m██[38;2;222;82;112m██[38;2;222;82;112m██[38;2;222;82;112m██[38;2;222;82;112m██[38;2;222;82;112m██[38;2;222;82;112m██[38;2;238;106;126m██[38;2;246;148;169m██[38;2;99;41;41m██                                        
        [38;2;67;27;67m██[38;2;67;27;67m██[38;2;147;107;147m██[38;2;147;107;147m██[38;2;147;107;147m██[38;2;147;107;147m██[38;2;147;107;147m██[38;2;147;107;147m██[38;2;147;107;147m██[38;2;147;107;147m██[38;2;149;64;129m██[38;2;149;64;129m██[38;2;149;64;129m██[38;2;149;64;129m██[38;2;149;64;129m██[38;2;149;64;129m██[38;2;149;64;129m██[38;2;149;64;129m██[38;2;0;0;0m██[38;2;82;41;99m██[38;2;82;41;99m██[38;2;82;41;99m██[38;2;82;41;99m██[38;2;0;0;0m██[38;2;149;0;49m██[38;2;222;82;112m██[38;2;222;82;112m██[38;2;222;82;112m██[38;2;222;82;112m██[38;2;222;82;112m██[38;2;222;82;112m██[38;2;222;82;112m██[38;2;222;82;112m██[38;2;222;82;112m██[38;2;222;82;112m██[38;2;222;82;112m██[38;2;222;82;112m██[38;2;222;82;112m██[38;2;222;82;112m██[38;2;246;148;169m██[38;2;246;148;169m██[38;2;99;41;41m██        [38;2;58;0;38m██[38;2;58;0;38m██[38;2;58;0;38m██[38;2;58;0;38m██[38;2;149;64;129m██[38;2;149;64;129m██[38;2;147;107;147m██                  
    [38;2;67;27;67m██[38;2;67;27;67m██[38;2;147;107;147m██[38;2;147;107;147m██[38;2;147;107;147m██[38;2;147;107;147m██[38;2;149;64;129m██[38;2;149;64;129m██[38;2;149;64;129m██[38;2;149;64;129m██[38;2;149;64;129m██[38;2;149;64;129m██[38;2;149;64;129m██[38;2;149;64;129m██[38;2;149;64;129m██[38;2;149;64;129m██[38;2;149;64;129m██[38;2;149;64;129m██[38;2;149;64;129m██[38;2;149;64;129m██[38;2;149;64;129m██[38;2;0;0;0m██[38;2;82;41;99m██[38;2;82;41;99m██[38;2;82;41;99m██[38;2;0;0;0m██[38;2;149;0;49m██[38;2;222;82;112m██[38;2;222;82;112m██[38;2;222;82;112m██[38;2;222;82;112m██[38;2;222;82;112m██[38;2;222;82;112m██[38;2;222;82;112m██[38;2;222;82;112m██[38;2;222;82;112m██[38;2;222;82;112m██[38;2;222;82;112m██[38;2;222;82;112m██[38;2;222;82;112m██[38;2;222;82;112m██[38;2;246;148;169m██[38;2;246;148;169m██[38;2;99;41;41m██  [38;2;58;0;38m██[38;2;58;0;38m██[38;2;58;0;18m██[38;2;149;24;109m██[38;2;149;24;109m██[38;2;149;24;109m██[38;2;149;24;109m██[38;2;58;0;38m██[38;2;58;0;38m██[38;2;197;111;177m██[38;2;147;107;147m██[38;2;147;107;147m██              
  [38;2;67;27;67m██[38;2;147;107;147m██[38;2;147;107;147m██[38;2;67;27;67m██[38;2;58;0;38m██[38;2;58;0;38m██[38;2;58;0;38m██[38;2;58;0;38m██[38;2;58;0;38m██[38;2;149;64;129m██[38;2;149;64;129m██[38;2;149;64;129m██[38;2;149;64;129m██[38;2;149;64;129m██[38;2;149;64;129m██[38;2;149;64;129m██[38;2;149;64;129m██[38;2;149;64;129m██[38;2;149;64;129m██[38;2;149;64;129m██[38;2;149;24;109m██[38;2;0;0;0m██[38;2;222;82;112m██[38;2;0;0;0m██[38;2;82;41;99m██[38;2;82;41;99m██[38;2;82;41;99m██[38;2;0;0;0m██[38;2;222;82;112m██[38;2;222;82;112m██[38;2;222;82;112m██[38;2;222;82;112m██[38;2;222;82;112m██[38;2;222;82;112m██[38;2;222;82;112m██[38;2;149;0;49m██[38;2;149;0;49m██[38;2;222;82;112m██[38;2;222;82;112m██[38;2;222;82;112m██[38;2;222;82;112m██[38;2;222;82;112m██[38;2;246;148;169m██[38;2;246;148;169m██[38;2;58;0;18m██[38;2;58;0;0m██[38;2;149;0;49m██[38;2;149;0;49m██[38;2;149;0;49m██[38;2;149;0;49m██[38;2;149;24;109m██[38;2;149;24;109m██[38;2;149;24;109m██[38;2;149;24;109m██[38;2;149;24;109m██[38;2;58;0;38m██[38;2;0;0;0m██[38;2;249;163;229m██[38;2;147;107;147m██[38;2;147;107;147m██          
[38;2;0;0;0m██[38;2;0;0;0m██[38;2;0;0;0m██[38;2;0;0;0m██[38;2;147;107;147m██[38;2;147;107;147m██[38;2;149;64;129m██[38;2;149;64;129m██[38;2;149;64;129m██[38;2;149;64;129m██[38;2;58;0;18m██[38;2;58;0;18m██[38;2;58;0;18m██[38;2;149;24;109m██[38;2;149;24;109m██[38;2;149;24;109m██[38;2;149;24;109m██[38;2;149;24;109m██[38;2;149;24;109m██[38;2;149;24;109m██[38;2;58;0;18m██[38;2;58;0;18m██[38;2;0;0;0m██[38;2;222;82;112m██[38;2;222;82;112m██[38;2;0;0;0m██[38;2;82;41;99m██[38;2;82;41;99m██[38;2;82;41;99m██[38;2;0;0;0m██[38;2;222;82;112m██[38;2;222;82;112m██[38;2;222;82;112m██[38;2;222;82;112m██[38;2;222;82;112m██[38;2;222;82;112m██[38;2;149;0;49m██[38;2;149;0;49m██[38;2;149;0;49m██[38;2;222;82;112m██[38;2;222;82;112m██[38;2;222;82;112m██[38;2;222;82;112m██[38;2;58;0;0m██[38;2;58;0;0m██[38;2;149;0;49m██[38;2;149;0;49m██[38;2;149;0;49m██[38;2;149;0;49m██[38;2;149;0;49m██[38;2;149;0;49m██[38;2;149;0;49m██[38;2;149;0;49m██[38;2;149;0;49m██[38;2;149;0;49m██[38;2;149;24;109m██[38;2;149;24;109m██[38;2;149;24;109m██[38;2;0;0;0m██[38;2;249;163;229m██[38;2;249;163;229m██[38;2;147;107;147m██        
        [38;2;0;0;0m██[38;2;67;27;67m██[38;2;67;27;67m██[38;2;149;64;129m██[38;2;149;64;129m██[38;2;149;64;129m██[38;2;149;64;129m██[38;2;149;24;109m██[38;2;149;24;109m██[38;2;58;0;18m██[38;2;58;0;18m██[38;2;149;0;49m██[38;2;149;0;49m██[38;2;149;0;49m██[38;2;149;0;49m██[38;2;58;0;0m██[38;2;58;0;0m██[38;2;58;0;0m██[38;2;0;0;0m██[38;2;222;82;112m██[38;2;222;82;112m██[38;2;0;0;0m██[38;2;82;41;99m██[38;2;82;41;99m██[38;2;82;41;99m██[38;2;82;41;99m██[38;2;0;0;0m██[38;2;222;82;112m██[38;2;222;82;112m██[38;2;222;82;112m██[38;2;222;82;112m██[38;2;222;82;112m██[38;2;222;82;112m██[38;2;149;0;49m██[38;2;149;0;49m██[38;2;222;82;112m██[38;2;222;82;112m██[38;2;222;82;112m██[38;2;58;0;0m██[38;2;149;0;49m██[38;2;149;0;49m██[38;2;149;0;49m██[38;2;149;0;49m██[38;2;149;0;49m██[38;2;149;0;49m██[38;2;149;0;49m██[38;2;149;0;49m██[38;2;149;0;49m██[38;2;149;0;49m██[38;2;149;0;49m██[38;2;149;0;49m██[38;2;149;24;109m██[38;2;149;24;109m██[38;2;149;24;109m██[38;2;149;24;109m██[38;2;0;0;0m██[38;2;249;163;229m██[38;2;188;148;188m██[38;2;147;107;147m██      
              [38;2;67;27;67m██[38;2;149;64;129m██[38;2;149;64;129m██[38;2;149;64;129m██[38;2;149;24;109m██[38;2;149;24;109m██[38;2;149;24;109m██[38;2;149;24;109m██[38;2;58;0;0m██[38;2;58;0;0m██[38;2;149;0;49m██[38;2;58;0;0m██[38;2;58;0;0m██[38;2;58;0;0m██[38;2;58;0;0m██[38;2;99;41;41m██[38;2;222;82;112m██[38;2;222;82;112m██[38;2;222;82;112m██[38;2;0;0;0m██[38;2;82;41;99m██[38;2;82;41;99m██[38;2;82;41;99m██[38;2;82;41;99m██[38;2;0;0;0m██[38;2;222;82;112m██[38;2;222;82;112m██[38;2;222;82;112m██[38;2;222;82;112m██[38;2;222;82;112m██[38;2;222;82;112m██[38;2;222;82;112m██[38;2;222;82;112m██[38;2;222;82;112m██[38;2;58;0;0m██[38;2;149;0;49m██[38;2;149;0;49m██[38;2;149;0;49m██[38;2;149;0;49m██[38;2;149;0;49m██[38;2;149;0;49m██[38;2;149;0;49m██[38;2;149;0;49m██[38;2;149;0;49m██[38;2;149;0;49m██[38;2;149;0;49m██[38;2;149;0;49m██[38;2;149;24;109m██[38;2;149;24;109m██[38;2;149;24;109m██[38;2;149;24;109m██[38;2;149;24;109m██[38;2;149;24;109m██[38;2;0;0;0m██[38;2;188;148;188m██[38;2;233;193;233m██[38;2;147;107;147m██    
                [38;2;58;0;38m██[38;2;149;64;129m██[38;2;149;64;129m██[38;2;149;24;109m██[38;2;149;24;109m██[38;2;149;24;109m██[38;2;149;24;109m██[38;2;149;24;109m██[38;2;149;0;49m██[38;2;0;0;0m██[38;2;58;0;0m██[38;2;58;0;0m██[38;2;58;0;0m██[38;2;99;41;41m██[38;2;222;82;112m██[38;2;222;82;112m██[38;2;222;82;112m██[38;2;222;82;112m██[38;2;222;82;112m██[38;2;0;0;0m██[38;2;82;41;99m██[38;2;82;41;99m██[38;2;82;41;99m██[38;2;82;41;99m██[38;2;0;0;0m██[38;2;222;82;112m██[38;2;222;82;112m██[38;2;222;82;112m██[38;2;222;82;112m██[38;2;222;82;112m██[38;2;222;82;112m██[38;2;222;82;112m██[38;2;222;82;112m██[38;2;58;0;0m██[38;2;149;0;49m██[38;2;149;0;49m██[38;2;149;0;49m██[38;2;149;0;49m██[38;2;149;0;49m██[38;2;149;0;49m██[38;2;149;0;49m██[38;2;149;0;49m██[38;2;149;0;49m██[38;2;149;0;49m██[38;2;149;0;49m██[38;2;149;0;49m██[38;2;149;24;109m██[38;2;149;24;109m██[38;2;149;24;109m██[38;2;149;24;109m██[38;2;58;0;18m██[38;2;58;0;38m██[38;2;58;0;38m██[38;2;0;0;0m██[38;2;188;148;188m██[38;2;233;193;233m██[38;2;147;107;147m██  
                  [38;2;58;0;38m██[38;2;149;64;129m██[38;2;149;24;109m██[38;2;149;24;109m██[38;2;149;24;109m██[38;2;149;24;109m██[38;2;149;24;109m██[38;2;58;0;0m██[38;2;58;0;0m██[38;2;0;0;0m██[38;2;58;0;0m██[38;2;58;0;0m██[38;2;0;0;0m██[38;2;222;82;112m██[38;2;222;82;112m██[38;2;222;82;112m██[38;2;222;82;112m██[38;2;222;82;112m██[38;2;222;82;112m██[38;2;0;0;0m██[38;2;82;41;99m██[38;2;82;41;99m██[38;2;82;41;99m██[38;2;0;0;0m██[38;2;222;82;112m██[38;2;222;82;112m██[38;2;222;82;112m██[38;2;222;82;112m██[38;2;222;82;112m██[38;2;222;82;112m██[38;2;222;82;112m██[38;2;58;0;0m██[38;2;149;0;49m██[38;2;149;0;49m██[38;2;149;0;49m██[38;2;149;0;49m██[38;2;149;0;49m██[38;2;149;0;49m██[38;2;149;0;49m██[38;2;149;0;49m██[38;2;149;0;49m██[38;2;149;0;49m██[38;2;149;0;49m██[38;2;149;0;49m██[38;2;149;24;109m██[38;2;149;24;109m██[38;2;58;0;18m██[38;2;58;0;18m██[38;2;58;0;38m██[38;2;149;64;129m██[38;2;149;64;129m██[38;2;147;107;147m██[38;2;0;0;0m██[38;2;188;148;188m██[38;2;233;193;233m██[38;2;147;107;147m██  
                    [38;2;58;0;38m██[38;2;149;24;109m██[38;2;149;24;109m██[38;2;149;24;109m██[38;2;149;24;109m██[38;2;149;24;109m██[38;2;58;0;0m██[38;2;58;0;0m██[38;2;58;0;0m██[38;2;0;0;0m██[38;2;58;0;0m██[38;2;0;0;0m██[38;2;222;82;112m██[38;2;222;82;112m██[38;2;222;82;112m██[38;2;222;82;112m██[38;2;222;82;112m██[38;2;222;82;112m██[38;2;222;82;112m██[38;2;0;0;0m██[38;2;82;41;99m██[38;2;82;41;99m██[38;2;82;41;99m██[38;2;0;0;0m██[38;2;222;82;112m██[38;2;222;82;112m██[38;2;222;82;112m██[38;2;222;82;112m██[38;2;222;82;112m██[38;2;222;82;112m██[38;2;0;0;0m██[38;2;149;0;49m██[38;2;149;0;49m██[38;2;149;0;49m██[38;2;149;0;49m██[38;2;149;0;49m██[38;2;149;0;49m██[38;2;149;0;49m██[38;2;149;0;49m██[38;2;149;0;49m██[38;2;149;0;49m██[38;2;149;0;49m██[38;2;58;0;18m██[38;2;58;0;18m██[38;2;58;0;18m██[38;2;149;64;129m██[38;2;149;64;129m██[38;2;149;64;129m██[38;2;149;64;129m██[38;2;149;64;129m██[38;2;147;107;147m██[38;2;147;107;147m██[38;2;0;0;0m██[38;2;188;148;188m██[38;2;233;193;233m██[38;2;147;107;147m██
                      [38;2;58;0;18m██[38;2;149;24;109m██[38;2;149;24;109m██[38;2;149;24;109m██[38;2;58;0;18m██[38;2;58;0;18m██[38;2;58;0;0m██[38;2;58;0;0m██[38;2;58;0;0m██[38;2;0;0;0m██[38;2;0;0;0m██[38;2;222;82;112m██[38;2;222;82;112m██[38;2;149;0;49m██[38;2;149;0;49m██[38;2;222;82;112m██[38;2;222;82;112m██[38;2;222;82;112m██[38;2;222;82;112m██[38;2;0;0;0m██[38;2;82;41;99m██[38;2;82;41;99m██[38;2;82;41;99m██[38;2;0;0;0m██[38;2;222;82;112m██[38;2;222;82;112m██[38;2;222;82;112m██[38;2;222;82;112m██[38;2;222;82;112m██[38;2;0;0;0m██[38;2;149;0;49m██[38;2;149;0;49m██[38;2;149;0;49m██[38;2;149;0;49m██[38;2;149;0;49m██[38;2;149;0;49m██[38;2;149;0;49m██[38;2;149;0;49m██[38;2;149;0;49m██[38;2;58;0;0m██[38;2;58;0;0m██[38;2;149;24;109m██[38;2;149;24;109m██[38;2;149;24;109m██[38;2;149;64;129m██[38;2;149;64;129m██[38;2;149;64;129m██[38;2;149;64;129m██[38;2;147;107;147m██[38;2;147;107;147m██[38;2;147;107;147m██[38;2;0;0;0m██[38;2;188;148;188m██[38;2;188;148;188m██[38;2;67;27;67m██
                      [38;2;0;0;0m██[38;2;149;24;109m██[38;2;149;24;109m██[38;2;149;24;109m██[38;2;58;0;18m██[38;2;58;0;18m██[38;2;58;0;0m██[38;2;58;0;0m██[38;2;58;0;0m██[38;2;58;0;0m██[38;2;0;0;0m██[38;2;222;82;112m██[38;2;149;0;49m██[38;2;149;0;49m██[38;2;149;0;49m██[38;2;222;82;112m██[38;2;222;82;112m██[38;2;222;82;112m██[38;2;222;82;112m██[38;2;0;0;0m██[38;2;82;41;99m██[38;2;82;41;99m██[38;2;82;41;99m██[38;2;0;0;0m██[38;2;222;82;112m██[38;2;222;82;112m██[38;2;222;82;112m██[38;2;222;82;112m██[38;2;222;82;112m██[38;2;0;0;0m██[38;2;149;0;49m██[38;2;149;0;49m██[38;2;149;0;49m██[38;2;149;0;49m██[38;2;149;0;49m██[38;2;149;0;49m██[38;2;149;0;49m██[38;2;58;0;0m██[38;2;58;0;0m██[38;2;149;0;49m██[38;2;149;0;49m██[38;2;149;24;109m██[38;2;149;24;109m██[38;2;149;24;109m██[38;2;149;64;129m██[38;2;149;64;129m██[38;2;149;64;129m██[38;2;149;64;129m██[38;2;147;107;147m██[38;2;147;107;147m██[38;2;147;107;147m██[38;2;147;107;147m██[38;2;0;0;0m██[38;2;188;148;188m██[38;2;67;27;67m██
                        [38;2;58;0;18m██[38;2;149;24;109m██[38;2;149;24;109m██[38;2;58;0;18m██[38;2;58;0;18m██[38;2;58;0;0m██[38;2;58;0;0m██[38;2;58;0;0m██[38;2;58;0;0m██[38;2;0;0;0m██[38;2;222;82;112m██[38;2;149;0;49m██[38;2;149;0;49m██[38;2;149;0;49m██[38;2;222;82;112m██[38;2;222;82;112m██[38;2;222;82;112m██[38;2;222;82;112m██[38;2;222;82;112m██[38;2;0;0;0m██[38;2;82;41;99m██[38;2;82;41;99m██[38;2;82;41;99m██[38;2;0;0;0m██[38;2;222;82;112m██[38;2;222;82;112m██[38;2;222;82;112m██[38;2;222;82;112m██[38;2;0;0;0m██[38;2;149;0;49m██[38;2;149;0;49m██[38;2;149;0;49m██[38;2;149;0;49m██[38;2;149;0;49m██[38;2;58;0;0m██[38;2;58;0;0m██[38;2;149;0;49m██[38;2;149;0;49m██[38;2;149;0;49m██[38;2;149;0;49m██[38;2;149;24;109m██[38;2;149;24;109m██[38;2;149;24;109m██[38;2;149;64;129m██[38;2;149;64;129m██[38;2;149;64;129m██[38;2;149;64;129m██[38;2;147;107;147m██[38;2;147;107;147m██[38;2;67;27;67m██[38;2;67;27;67m██[38;2;0;0;0m██[38;2;188;148;188m██[38;2;0;0;0m██
                        [38;2;0;0;0m██[38;2;149;24;109m██[38;2;58;0;18m██[38;2;58;0;18m██[38;2;58;0;18m██[38;2;58;0;0m██[38;2;58;0;0m██[38;2;58;0;0m██[38;2;58;0;0m██[38;2;58;0;0m██[38;2;99;41;41m██[38;2;149;0;49m██[38;2;149;0;49m██[38;2;149;0;49m██[38;2;222;82;112m██[38;2;222;82;112m██[38;2;222;82;112m██[38;2;222;82;112m██[38;2;222;82;112m██[38;2;222;82;112m██[38;2;0;0;0m██[38;2;82;41;99m██[38;2;82;41;99m██[38;2;82;41;99m██[38;2;0;0;0m██[38;2;222;82;112m██[38;2;222;82;112m██[38;2;222;82;112m██[38;2;58;0;0m██[38;2;149;0;49m██[38;2;149;0;49m██[38;2;149;0;49m██[38;2;149;0;49m██[38;2;58;0;0m██[38;2;149;0;49m██[38;2;149;0;49m██[38;2;149;0;49m██[38;2;149;0;49m██[38;2;149;0;49m██[38;2;149;0;49m██[38;2;149;24;109m██[38;2;149;24;109m██[38;2;149;24;109m██[38;2;149;64;129m██[38;2;149;64;129m██[38;2;149;64;129m██[38;2;149;64;129m██[38;2;147;107;147m██[38;2;67;27;67m██    [38;2;0;0;0m██[38;2;0;0;0m██  
                          [38;2;58;0;18m██[38;2;58;0;18m██[38;2;58;0;18m██[38;2;58;0;18m██[38;2;58;0;0m██[38;2;58;0;0m██[38;2;58;0;0m██[38;2;58;0;0m██[38;2;58;0;0m██[38;2;0;0;0m██[38;2;222;82;112m██[38;2;222;82;112m██[38;2;222;82;112m██[38;2;222;82;112m██[38;2;222;82;112m██[38;2;222;82;112m██[38;2;222;82;112m██[38;2;222;82;112m██[38;2;222;82;112m██[38;2;0;0;0m██[38;2;82;41;99m██[38;2;82;41;99m██[38;2;82;41;99m██[38;2;0;0;0m██[38;2;222;82;112m██[38;2;222;82;112m██[38;2;222;82;112m██[38;2;222;82;112m██[38;2;58;0;0m██[38;2;149;0;49m██[38;2;149;0;49m██[38;2;58;0;0m██[38;2;149;0;49m██[38;2;149;0;49m██[38;2;149;0;49m██[38;2;149;0;49m██[38;2;149;0;49m██[38;2;149;0;49m██[38;2;149;0;49m██[38;2;149;24;109m██[38;2;149;24;109m██[38;2;149;24;109m██[38;2;149;64;129m██[38;2;149;64;129m██[38;2;149;64;129m██[38;2;149;64;129m██[38;2;67;27;67m██      [38;2;0;0;0m██    
                          [38;2;0;0;0m██[38;2;58;0;18m██[38;2;58;0;18m██[38;2;58;0;18m██[38;2;58;0;0m██[38;2;58;0;0m██[38;2;58;0;0m██[38;2;58;0;0m██[38;2;58;0;0m██[38;2;0;0;0m██[38;2;222;82;112m██[38;2;222;82;112m██[38;2;222;82;112m██[38;2;222;82;112m██[38;2;222;82;112m██[38;2;222;82;112m██[38;2;222;82;112m██[38;2;222;82;112m██[38;2;222;82;112m██[38;2;222;82;112m██[38;2;0;0;0m██[38;2;141;49;165m██[38;2;141;49;165m██[38;2;82;41;99m██[38;2;0;0;0m██[38;2;222;82;112m██[38;2;222;82;112m██[38;2;222;82;112m██[38;2;222;82;112m██[38;2;0;0;0m██[38;2;58;0;0m██[38;2;149;0;49m██[38;2;149;0;49m██[38;2;149;0;49m██[38;2;149;0;49m██[38;2;149;0;49m██[38;2;149;0;49m██[38;2;149;0;49m██[38;2;149;0;49m██[38;2;149;0;49m██[38;2;149;24;109m██[38;2;149;24;109m██[38;2;149;64;129m██[38;2;149;64;129m██[38;2;149;64;129m██[38;2;67;27;67m██              
                            [38;2;0;0;0m██[38;2;58;0;18m██[38;2;58;0;18m██[38;2;58;0;0m██[38;2;58;0;0m██[38;2;58;0;0m██[38;2;58;0;0m██[38;2;58;0;0m██[38;2;0;0;0m██[38;2;222;82;112m██[38;2;222;82;112m██[38;2;222;82;112m██[38;2;222;82;112m██[38;2;222;82;112m██[38;2;222;82;112m██[38;2;222;82;112m██[38;2;222;82;112m██[38;2;222;82;112m██[38;2;222;82;112m██[38;2;222;82;112m██[38;2;0;0;0m██[38;2;141;49;165m██[38;2;141;49;165m██[38;2;0;0;0m██[38;2;222;82;112m██[38;2;222;82;112m██[38;2;222;82;112m██[38;2;222;82;112m██[38;2;0;0;0m██[38;2;149;0;49m██[38;2;149;0;49m██[38;2;149;0;49m██[38;2;149;0;49m██[38;2;149;0;49m██[38;2;149;0;49m██[38;2;149;0;49m██[38;2;149;0;49m██[38;2;149;0;49m██[38;2;149;0;49m██[38;2;149;24;109m██[38;2;149;24;109m██[38;2;149;64;129m██[38;2;149;64;129m██[38;2;58;0;38m██                
                              [38;2;0;0;0m██[38;2;58;0;18m██[38;2;58;0;0m██[38;2;58;0;0m██[38;2;58;0;0m██[38;2;58;0;0m██[38;2;58;0;0m██[38;2;58;0;0m██[38;2;99;41;41m██[38;2;222;82;112m██[38;2;222;82;112m██[38;2;222;82;112m██[38;2;222;82;112m██[38;2;222;82;112m██[38;2;222;82;112m██[38;2;222;82;112m██[38;2;222;82;112m██[38;2;222;82;112m██[38;2;222;82;112m██[38;2;0;0;0m██[38;2;141;49;165m██[38;2;141;49;165m██[38;2;82;41;99m██[38;2;0;0;0m██[38;2;222;82;112m██[38;2;222;82;112m██[38;2;222;82;112m██[38;2;0;0;0m██[38;2;149;0;49m██[38;2;149;0;49m██[38;2;149;0;49m██[38;2;149;0;49m██[38;2;149;0;49m██[38;2;149;0;49m██[38;2;149;0;49m██[38;2;149;0;49m██[38;2;149;0;49m██[38;2;149;0;49m██[38;2;149;24;109m██[38;2;149;24;109m██[38;2;149;64;129m██[38;2;58;0;38m██                  
                                [38;2;0;0;0m██[38;2;0;0;0m██[38;2;58;0;0m██[38;2;58;0;0m██[38;2;58;0;0m██[38;2;58;0;0m██[38;2;58;0;0m██[38;2;0;0;0m██[38;2;222;82;112m██[38;2;222;82;112m██[38;2;222;82;112m██[38;2;222;82;112m██[38;2;222;82;112m██[38;2;222;82;112m██[38;2;222;82;112m██[38;2;222;82;112m██[38;2;222;82;112m██[38;2;222;82;112m██[38;2;222;82;112m██[38;2;0;0;0m██[38;2;141;49;165m██[38;2;141;49;165m██[38;2;0;0;0m██[38;2;222;82;112m██[38;2;222;82;112m██[38;2;222;82;112m██[38;2;0;0;0m██[38;2;149;0;49m██[38;2;149;0;49m██[38;2;149;0;49m██[38;2;149;0;49m██[38;2;149;0;49m██[38;2;149;0;49m██[38;2;149;0;49m██[38;2;149;0;49m██[38;2;149;0;49m██[38;2;149;0;49m██[38;2;149;24;109m██[38;2;149;64;129m██[38;2;58;0;38m██                    
                                    [38;2;0;0;0m██[38;2;0;0;0m██[38;2;58;0;0m██[38;2;58;0;0m██[38;2;58;0;0m██[38;2;58;0;0m██[38;2;99;41;41m██[38;2;222;82;112m██[38;2;222;82;112m██[38;2;222;82;112m██[38;2;222;82;112m██[38;2;222;82;112m██[38;2;222;82;112m██[38;2;222;82;112m██[38;2;222;82;112m██[38;2;222;82;112m██[38;2;222;82;112m██[38;2;0;0;0m██[38;2;141;49;165m██[38;2;141;49;165m██[38;2;0;0;0m██[38;2;222;82;112m██[38;2;222;82;112m██[38;2;222;82;112m██[38;2;222;82;112m██[38;2;0;0;0m██[38;2;149;0;49m██[38;2;149;0;49m██[38;2;149;0;49m██[38;2;149;0;49m██[38;2;149;0;49m██[38;2;149;0;49m██[38;2;149;0;49m██[38;2;149;0;49m██[38;2;149;0;49m██[38;2;58;0;18m██[38;2;58;0;38m██                      
                                        [38;2;0;0;0m██[38;2;0;0;0m██[38;2;58;0;0m██[38;2;58;0;0m██[38;2;0;0;0m██[38;2;222;82;112m██[38;2;222;82;112m██[38;2;222;82;112m██[38;2;222;82;112m██[38;2;222;82;112m██[38;2;222;82;112m██[38;2;222;82;112m██[38;2;222;82;112m██[38;2;222;82;112m██[38;2;222;82;112m██[38;2;222;82;112m██[38;2;0;0;0m██[38;2;141;49;165m██[38;2;141;49;165m██[38;2;0;0;0m██[38;2;222;82;112m██[38;2;222;82;112m██[38;2;222;82;112m██[38;2;222;82;112m██[38;2;0;0;0m██[38;2;149;0;49m██[38;2;149;0;49m██[38;2;149;0;49m██[38;2;149;0;49m██[38;2;149;0;49m██[38;2;149;0;49m██[38;2;58;0;0m██[38;2;0;0;0m██                          
                                            [38;2;0;0;0m██[38;2;0;0;0m██[38;2;0;0;0m██[38;2;0;0;0m██[38;2;222;82;112m██[38;2;222;82;112m██[38;2;222;82;112m██[38;2;222;82;112m██[38;2;222;82;112m██[38;2;222;82;112m██[38;2;222;82;112m██[38;2;222;82;112m██[38;2;222;82;112m██[38;2;222;82;112m██[38;2;0;0;0m██[38;2;141;49;165m██[38;2;141;49;165m██[38;2;0;0;0m██[38;2;222;82;112m██[38;2;222;82;112m██[38;2;222;82;112m██[38;2;222;82;112m██[38;2;222;82;112m██[38;2;0;0;0m██[38;2;0;0;0m██[38;2;0;0;0m██[38;2;0;0;0m██[38;2;0;0;0m██[38;2;0;0;0m██                              
                                                    [38;2;0;0;0m██[38;2;222;82;112m██[38;2;222;82;112m██[38;2;222;82;112m██[38;2;222;82;112m██[38;2;222;82;112m██[38;2;222;82;112m██[38;2;222;82;112m██[38;2;222;82;112m██[38;2;222;82;112m██[38;2;0;0;0m██[38;2;141;49;165m██[38;2;141;49;165m██[38;2;0;0;0m██[38;2;222;82;112m██[38;2;222;82;112m██[38;2;222;82;112m██[38;2;222;82;112m██[38;2;222;82;112m██[38;2;222;82;112m██[38;2;222;82;112m██[38;2;99;41;41m██                                    
                                                      [38;2;0;0;0m██[38;2;222;82;112m██[38;2;222;82;112m██[38;2;222;82;112m██[38;2;222;82;112m██[38;2;222;82;112m██[38;2;222;82;112m██[38;2;222;82;112m██[38;2;222;82;112m██[38;2;0;0;0m██[38;2;141;49;165m██[38;2;141;49;165m██[38;2;0;0;0m██[38;2;222;82;112m██[38;2;222;82;112m██[38;2;222;82;112m██[38;2;222;82;112m██[38;2;222;82;112m██[38;2;222;82;112m██[38;2;99;41;41m██                                      
                                                        [38;2;0;0;0m██[38;2;0;0;0m██[38;2;222;82;112m██[38;2;222;82;112m██[38;2;222;82;112m██[38;2;222;82;112m██[38;2;222;82;112m██[38;2;222;82;112m██[38;2;0;0;0m██[38;2;141;49;165m██[38;2;141;49;165m██[38;2;0;0;0m██[38;2;222;82;112m██[38;2;222;82;112m██[38;2;222;82;112m██[38;2;222;82;112m██[38;2;222;82;112m██[38;2;99;41;41m██                                        
                                                            [38;2;0;0;0m██[38;2;0;0;0m██[38;2;222;82;112m██[38;2;222;82;112m██[38;2;222;82;112m██[38;2;222;82;112m██[38;2;82;41;99m██[38;2;141;49;165m██[38;2;141;49;165m██[38;2;0;0;0m██[38;2;222;82;112m██[38;2;222;82;112m██[38;2;222;82;112m██[38;2;0;0;0m██[38;2;0;0;0m██                                          
                                                                [38;2;0;0;0m██[38;2;0;0;0m██[38;2;0;0;0m██[38;2;0;0;0m██[38;2;141;49;165m██[38;2;141;49;165m██[38;2;141;49;165m██[38;2;0;0;0m██[38;2;0;0;0m██[38;2;0;0;0m██[38;2;0;0;0m██                                              
                                                                      [38;2;82;41;99m██[38;2;141;49;165m██[38;2;141;49;165m██[38;2;0;0;0m██                                                      
                                                                    [38;2;82;41;99m██[38;2;141;49;165m██[38;2;141;49;165m██[38;2;141;49;165m██[38;2;0;0;0m██                                                      
                                            [38;2;165;49;59m██[38;2;165;49;59m██[38;2;165;49;59m██[38;2;99;41;41m██[38;2;99;41;41m██            [38;2;0;0;0m██[38;2;141;49;165m██[38;2;141;49;165m██[38;2;141;49;165m██[38;2;0;0;0m██                                                        
                                        [38;2;165;49;59m██[38;2;165;49;59m██[38;2;246;148;169m██[38;2;246;148;169m██[38;2;238;106;126m██[38;2;238;106;126m██[38;2;222;82;112m██[38;2;0;0;0m██[38;2;0;0;0m██    [38;2;82;41;99m██[38;2;82;41;99m██[38;2;141;49;165m██[38;2;141;49;165m██[38;2;141;49;165m██[38;2;0;0;0m██                                                          
                                    [38;2;0;0;0m██[38;2;99;41;41m██[38;2;246;148;169m██[38;2;246;148;169m██[38;2;246;148;169m██[38;2;238;106;126m██[38;2;238;106;126m██[38;2;238;106;126m██[38;2;222;82;112m██[38;2;222;82;112m██[38;2;222;82;112m██[38;2;82;41;99m██[38;2;0;0;0m██[38;2;141;49;165m██[38;2;141;49;165m██[38;2;141;49;165m██[38;2;82;41;99m██[38;2;0;0;0m██                                                            
                            [38;2;99;41;41m██[38;2;99;41;41m██[38;2;0;0;0m██[38;2;0;0;0m██[38;2;222;82;112m██[38;2;238;106;126m██[38;2;238;106;126m██[38;2;238;106;126m██[38;2;238;106;126m██[38;2;238;106;126m██[38;2;238;106;126m██[38;2;238;106;126m██[38;2;222;82;112m██[38;2;99;41;41m██[38;2;99;41;41m██[38;2;141;49;165m██[38;2;141;49;165m██[38;2;141;49;165m██[38;2;82;41;99m██[38;2;0;0;0m██[38;2;0;0;0m██                                                              
                            [38;2;0;0;0m██[38;2;222;82;112m██[38;2;222;82;112m██[38;2;222;82;112m██[38;2;238;106;126m██[38;2;238;106;126m██[38;2;238;106;126m██[38;2;238;106;126m██[38;2;238;106;126m██[38;2;222;82;112m██[38;2;222;82;112m██[38;2;222;82;112m██[38;2;222;82;112m██[38;2;141;49;165m██[38;2;141;49;165m██[38;2;141;49;165m██[38;2;82;41;99m██[38;2;0;0;0m██[38;2;0;0;0m██                                                                  
                              [38;2;0;0;0m██[38;2;222;82;112m██[38;2;222;82;112m██[38;2;222;82;112m██[38;2;222;82;112m██[38;2;222;82;112m██[38;2;222;82;112m██[38;2;222;82;112m██[38;2;222;82;112m██[38;2;222;82;112m██[38;2;222;82;112m██[38;2;222;82;112m██[38;2;141;49;165m██[38;2;99;41;41m██[38;2;0;0;0m██[38;2;0;0;0m██                                                                      
                                [38;2;0;0;0m██[38;2;222;82;112m██[38;2;222;82;112m██[38;2;222;82;112m██[38;2;222;82;112m██[38;2;222;82;112m██[38;2;222;82;112m██[38;2;222;82;112m██[38;2;222;82;112m██[38;2;222;82;112m██[38;2;222;82;112m██[38;2;222;82;112m██[38;2;222;82;112m██[38;2;0;0;0m██                                                                        
                                  [38;2;0;0;0m██[38;2;222;82;112m██[38;2;222;82;112m██[38;2;222;82;112m██[38;2;222;82;112m██[38;2;222;82;112m██[38;2;222;82;112m██[38;2;222;82;112m██[38;2;222;82;112m██[38;2;222;82;112m██[38;2;222;82;112m██[38;2;222;82;112m██[38;2;0;0;0m██                                                                        
                                    [38;2;0;0;0m██[38;2;0;0;0m██[38;2;0;0;0m██[38;2;222;82;112m██[38;2;222;82;112m██[38;2;222;82;112m██[38;2;222;82;112m██[38;2;222;82;112m██[38;2;222;82;112m██[38;2;0;0;0m██[38;2;0;0;0m██                                                                          
                                          [38;2;0;0;0m██[38;2;0;0;0m██[38;2;0;0;0m██[38;2;0;0;0m██[38;2;0;0;0m██[38;2;0;0;0m██                                                                              
