                                                                                                    [38;2;147;99;51m██[38;2;147;99;51m██[38;2;147;99;51m██[38;2;82;59;38m██[38;2;82;59;38m██          
                                                                                                [38;2;147;99;51m██[38;2;147;99;51m██[38;2;253;225;159m██[38;2;238;193;116m██[38;2;238;193;116m██[38;2;253;225;159m██[38;2;253;225;159m██[38;2;82;59;38m██        
                                                                                              [38;2;147;99;51m██[38;2;253;225;159m██[38;2;253;225;159m██[38;2;238;193;116m██[38;2;238;193;116m██[38;2;238;193;116m██[38;2;238;193;116m██[38;2;238;193;116m██[38;2;82;59;38m██        
                                                                                              [38;2;147;99;51m██[38;2;253;225;159m██[38;2;238;193;116m██[38;2;238;193;116m██[38;2;147;99;51m██[38;2;238;193;116m██[38;2;238;193;116m██[38;2;238;193;116m██[38;2;238;193;116m██[38;2;82;59;38m██      
                                                  [38;2;44;54;58m██[38;2;44;54;58m██                        [38;2;44;54;58m██[38;2;44;54;58m██          [38;2;147;99;51m██[38;2;238;193;116m██[38;2;238;193;116m██[38;2;211;151;77m██[38;2;147;99;51m██[38;2;238;193;116m██[38;2;238;193;116m██[38;2;238;193;116m██[38;2;238;193;116m██[38;2;238;193;116m██[38;2;238;193;116m██[38;2;82;59;38m██    
                                                  [38;2;44;54;58m██[38;2;86;103;119m██[38;2;44;54;58m██                    [38;2;44;54;58m██[38;2;86;103;119m██[38;2;44;54;58m██          [38;2;82;59;38m██[38;2;211;151;77m██[38;2;211;151;77m██[38;2;147;99;51m██[38;2;238;193;116m██[38;2;238;193;116m██[38;2;238;193;116m██[38;2;147;99;51m██[38;2;238;193;116m██[38;2;238;193;116m██[38;2;238;193;116m██[38;2;82;59;38m██    
                                                  [38;2;44;54;58m██[38;2;86;103;119m██[38;2;44;54;58m██[38;2;44;54;58m██          [38;2;44;54;58m██[38;2;44;54;58m██    [38;2;44;54;58m██[38;2;86;103;119m██[38;2;44;54;58m██          [38;2;82;59;38m██[38;2;16;16;16m██[38;2;82;59;38m██[38;2;211;151;77m██[38;2;238;193;116m██[38;2;238;193;116m██[38;2;147;99;51m██[38;2;238;193;116m██[38;2;238;193;116m██[38;2;238;193;116m██[38;2;238;193;116m██[38;2;238;193;116m██[38;2;82;59;38m██  
                                            [38;2;44;54;58m██[38;2;44;54;58m██  [38;2;44;54;58m██[38;2;86;103;119m██[38;2;44;54;58m██[38;2;86;103;119m██[38;2;44;54;58m██  [38;2;147;99;51m██[38;2;147;99;51m██[38;2;44;54;58m██[38;2;86;103;119m██[38;2;44;54;58m██  [38;2;44;54;58m██[38;2;86;103;119m██[38;2;86;103;119m██[38;2;44;54;58m██        [38;2;82;59;38m██[38;2;238;193;116m██[38;2;238;193;116m██[38;2;82;59;38m██[38;2;211;151;77m██[38;2;211;151;77m██[38;2;147;99;51m██[38;2;238;193;116m██[38;2;238;193;116m██[38;2;238;193;116m██[38;2;238;193;116m██[38;2;211;151;77m██[38;2;211;151;77m██[38;2;211;151;77m██[38;2;82;59;38m██
          [38;2;147;99;51m██[38;2;147;99;51m██[38;2;147;99;51m██                            [38;2;44;54;58m██[38;2;86;103;119m██[38;2;44;54;58m██  [38;2;44;54;58m██[38;2;44;54;58m██[38;2;86;103;119m██[38;2;44;54;58m██[38;2;147;99;51m██[38;2;238;193;116m██[38;2;238;193;116m██[38;2;44;54;58m██[38;2;86;103;119m██[38;2;44;54;58m██[38;2;16;16;16m██[38;2;44;54;58m██[38;2;86;103;119m██[38;2;44;54;58m██[38;2;16;16;16m██  [38;2;44;54;58m██[38;2;44;54;58m██  [38;2;82;59;38m██[38;2;238;193;116m██[38;2;238;193;116m██[38;2;211;151;77m██[38;2;16;16;16m██[38;2;82;59;38m██[38;2;211;151;77m██[38;2;238;193;116m██[38;2;238;193;116m██[38;2;147;99;51m██[38;2;211;151;77m██[38;2;211;151;77m██[38;2;211;151;77m██[38;2;211;151;77m██[38;2;82;59;38m██
        [38;2;82;59;38m██[38;2;253;225;159m██[38;2;253;225;159m██[38;2;253;225;159m██[38;2;147;99;51m██[38;2;147;99;51m██                        [38;2;44;54;58m██[38;2;86;103;119m██[38;2;44;54;58m██[38;2;16;16;16m██[38;2;44;54;58m██[38;2;44;54;58m██[38;2;86;103;119m██[38;2;44;54;58m██[38;2;238;193;116m██[38;2;238;193;116m██[38;2;44;54;58m██[38;2;86;103;119m██[38;2;44;54;58m██[38;2;211;151;77m██[38;2;82;59;38m██[38;2;82;59;38m██[38;2;82;59;38m██[38;2;44;54;58m██[38;2;16;16;16m██[38;2;44;54;58m██[38;2;86;103;119m██[38;2;44;54;58m██    [38;2;16;16;16m██[38;2;211;151;77m██[38;2;211;151;77m██[38;2;147;99;51m██[38;2;82;59;38m██[38;2;211;151;77m██[38;2;211;151;77m██[38;2;16;16;16m██[38;2;211;151;77m██[38;2;211;151;77m██[38;2;211;151;77m██[38;2;211;151;77m██[38;2;211;151;77m██[38;2;16;16;16m██
      [38;2;82;59;38m██[38;2;147;99;51m██[38;2;238;193;116m██[38;2;253;225;159m██[38;2;253;225;159m██[38;2;238;193;116m██[38;2;238;193;116m██[38;2;147;99;51m██[38;2;82;59;38m██                    [38;2;16;16;16m██[38;2;44;54;58m██[38;2;86;103;119m██[38;2;44;54;58m██[38;2;82;59;38m██[38;2;253;225;159m██[38;2;44;54;58m██[38;2;86;103;119m██[38;2;44;54;58m██[38;2;238;193;116m██[38;2;44;54;58m██[38;2;86;103;119m██[38;2;44;54;58m██[38;2;211;151;77m██[38;2;211;151;77m██[38;2;238;193;116m██[38;2;238;193;116m██[38;2;147;99;51m██[38;2;147;99;51m██[38;2;82;59;38m██[38;2;86;103;119m██[38;2;44;54;58m██      [38;2;16;16;16m██[38;2;16;16;16m██[38;2;147;99;51m██[38;2;147;99;51m██[38;2;16;16;16m██[38;2;16;16;16m██[38;2;211;151;77m██[38;2;211;151;77m██[38;2;211;151;77m██[38;2;147;99;51m██[38;2;211;151;77m██[38;2;211;151;77m██[38;2;16;16;16m██
    [38;2;82;59;38m██[38;2;253;225;159m██[38;2;253;225;159m██[38;2;238;193;116m██[38;2;238;193;116m██[38;2;238;193;116m██[38;2;238;193;116m██[38;2;238;193;116m██[38;2;238;193;116m██[38;2;238;193;116m██[38;2;82;59;38m██                  [38;2;16;16;16m██[38;2;44;54;58m██[38;2;86;103;119m██[38;2;82;59;38m██[38;2;253;225;159m██[38;2;253;225;159m██[38;2;44;54;58m██[38;2;86;103;119m██[38;2;44;54;58m██[38;2;211;151;77m██[38;2;44;54;58m██[38;2;86;103;119m██[38;2;44;54;58m██[38;2;238;193;116m██[38;2;238;193;116m██[38;2;147;99;51m██[38;2;147;99;51m██[38;2;253;225;159m██[38;2;253;225;159m██[38;2;238;193;116m██[38;2;82;59;38m██[38;2;16;16;16m██          [38;2;16;16;16m██[38;2;211;151;77m██[38;2;211;151;77m██[38;2;16;16;16m██[38;2;211;151;77m██[38;2;211;151;77m██[38;2;82;59;38m██[38;2;82;59;38m██[38;2;211;151;77m██[38;2;211;151;77m██[38;2;16;16;16m██
    [38;2;147;99;51m██[38;2;238;193;116m██[38;2;238;193;116m██[38;2;238;193;116m██[38;2;238;193;116m██[38;2;147;99;51m██[38;2;211;151;77m██[38;2;238;193;116m██[38;2;238;193;116m██[38;2;238;193;116m██[38;2;82;59;38m██                  [38;2;16;16;16m██[38;2;147;99;51m██[38;2;147;99;51m██[38;2;211;151;77m██[38;2;147;99;51m██[38;2;253;225;159m██[38;2;238;193;116m██[38;2;44;54;58m██[38;2;211;151;77m██[38;2;211;151;77m██[38;2;211;151;77m██[38;2;44;54;58m██[38;2;238;193;116m██[38;2;238;193;116m██[38;2;147;99;51m██[38;2;238;193;116m██[38;2;253;225;159m██[38;2;253;225;159m██[38;2;238;193;116m██[38;2;238;193;116m██[38;2;211;151;77m██[38;2;82;59;38m██            [38;2;16;16;16m██[38;2;211;151;77m██[38;2;211;151;77m██[38;2;16;16;16m██[38;2;16;16;16m██[38;2;211;151;77m██[38;2;211;151;77m██[38;2;211;151;77m██[38;2;211;151;77m██[38;2;16;16;16m██
  [38;2;82;59;38m██[38;2;253;225;159m██[38;2;238;193;116m██[38;2;238;193;116m██[38;2;238;193;116m██[38;2;238;193;116m██[38;2;238;193;116m██[38;2;147;99;51m██[38;2;16;16;16m██[38;2;211;151;77m██[38;2;211;151;77m██[38;2;82;59;38m██                  [38;2;147;99;51m██[38;2;253;225;159m██[38;2;253;225;159m██[38;2;44;54;58m██[38;2;238;193;116m██[38;2;253;225;159m██[38;2;238;193;116m██[38;2;147;99;51m██[38;2;211;151;77m██[38;2;211;151;77m██[38;2;147;99;51m██[38;2;238;193;116m██[38;2;238;193;116m██[38;2;238;193;116m██[38;2;44;54;58m██[38;2;44;54;58m██[38;2;238;193;116m██[38;2;238;193;116m██[38;2;238;193;116m██[38;2;238;193;116m██[38;2;211;151;77m██[38;2;16;16;16m██            [38;2;82;59;38m██[38;2;16;16;16m██[38;2;16;16;16m██[38;2;211;151;77m██[38;2;211;151;77m██[38;2;211;151;77m██[38;2;211;151;77m██[38;2;211;151;77m██[38;2;16;16;16m██  
  [38;2;82;59;38m██[38;2;238;193;116m██[38;2;238;193;116m██[38;2;238;193;116m██[38;2;238;193;116m██[38;2;238;193;116m██[38;2;238;193;116m██[38;2;238;193;116m██[38;2;147;99;51m██[38;2;16;16;16m██[38;2;211;151;77m██[38;2;16;16;16m██[38;2;82;59;38m██                [38;2;82;59;38m██[38;2;253;225;159m██[38;2;44;54;58m██[38;2;44;54;58m██[38;2;44;54;58m██[38;2;238;193;116m██[38;2;238;193;116m██[38;2;238;193;116m██[38;2;147;99;51m██[38;2;147;99;51m██[38;2;238;193;116m██[38;2;238;193;116m██[38;2;238;193;116m██[38;2;44;54;58m██[38;2;44;54;58m██[38;2;86;103;119m██[38;2;44;54;58m██[38;2;238;193;116m██[38;2;238;193;116m██[38;2;211;151;77m██[38;2;211;151;77m██[38;2;16;16;16m██            [38;2;82;59;38m██[38;2;238;193;116m██[38;2;238;193;116m██[38;2;16;16;16m██[38;2;16;16;16m██[38;2;211;151;77m██[38;2;211;151;77m██[38;2;211;151;77m██[38;2;16;16;16m██  
  [38;2;147;99;51m██[38;2;238;193;116m██[38;2;238;193;116m██[38;2;238;193;116m██[38;2;238;193;116m██[38;2;147;99;51m██[38;2;238;193;116m██[38;2;238;193;116m██[38;2;211;151;77m██[38;2;16;16;16m██[38;2;16;16;16m██[38;2;238;193;116m██[38;2;82;59;38m██              [38;2;16;16;16m██[38;2;211;151;77m██[38;2;44;54;58m██[38;2;86;103;119m██[38;2;86;103;119m██[38;2;44;54;58m██[38;2;238;193;116m██[38;2;238;193;116m██[38;2;238;193;116m██[38;2;238;193;116m██[38;2;238;193;116m██[38;2;238;193;116m██[38;2;238;193;116m██[38;2;44;54;58m██[38;2;65;80;89m██[38;2;86;103;119m██[38;2;86;103;119m██[38;2;86;103;119m██[38;2;44;54;58m██[38;2;211;151;77m██[38;2;211;151;77m██[38;2;211;151;77m██[38;2;211;151;77m██[38;2;16;16;16m██          [38;2;82;59;38m██[38;2;238;193;116m██[38;2;238;193;116m██[38;2;211;151;77m██[38;2;211;151;77m██[38;2;211;151;77m██[38;2;211;151;77m██[38;2;16;16;16m██    
[38;2;82;59;38m██[38;2;238;193;116m██[38;2;238;193;116m██[38;2;238;193;116m██[38;2;238;193;116m██[38;2;238;193;116m██[38;2;238;193;116m██[38;2;147;99;51m██[38;2;211;151;77m██[38;2;211;151;77m██[38;2;16;16;16m██[38;2;211;151;77m██[38;2;238;193;116m██[38;2;82;59;38m██              [38;2;16;16;16m██[38;2;211;151;77m██[38;2;44;54;58m██[38;2;86;103;119m██[38;2;86;103;119m██[38;2;65;80;89m██[38;2;44;54;58m██[38;2;238;193;116m██[38;2;238;193;116m██[38;2;238;193;116m██[38;2;238;193;116m██[38;2;238;193;116m██[38;2;44;54;58m██[38;2;86;103;119m██[38;2;86;103;119m██[38;2;86;103;119m██[38;2;86;103;119m██[38;2;86;103;119m██[38;2;44;54;58m██[38;2;211;151;77m██[38;2;211;151;77m██[38;2;211;151;77m██[38;2;211;151;77m██[38;2;147;99;51m██[38;2;82;59;38m██[38;2;82;59;38m██    [38;2;82;59;38m██[38;2;238;193;116m██[38;2;238;193;116m██[38;2;238;193;116m██[38;2;211;151;77m██[38;2;211;151;77m██[38;2;211;151;77m██[38;2;16;16;16m██      
[38;2;82;59;38m██[38;2;238;193;116m██[38;2;238;193;116m██[38;2;238;193;116m██[38;2;147;99;51m██[38;2;238;193;116m██[38;2;238;193;116m██[38;2;211;151;77m██[38;2;16;16;16m██[38;2;16;16;16m██[38;2;211;151;77m██[38;2;211;151;77m██[38;2;16;16;16m██[38;2;82;59;38m██              [38;2;16;16;16m██[38;2;211;151;77m██[38;2;44;54;58m██[38;2;65;80;89m██[38;2;86;103;119m██[38;2;86;103;119m██[38;2;86;103;119m██[38;2;44;54;58m██[38;2;238;193;116m██[38;2;238;193;116m██[38;2;238;193;116m██[38;2;44;54;58m██[38;2;86;103;119m██[38;2;86;103;119m██[38;2;86;103;119m██[38;2;86;103;119m██[38;2;65;80;89m██[38;2;16;16;16m██[38;2;16;16;16m██[38;2;211;151;77m██[38;2;211;151;77m██[38;2;211;151;77m██[38;2;211;151;77m██[38;2;147;99;51m██[38;2;238;193;116m██[38;2;238;193;116m██[38;2;82;59;38m██[38;2;82;59;38m██[38;2;16;16;16m██[38;2;238;193;116m██[38;2;238;193;116m██[38;2;147;99;51m██[38;2;211;151;77m██[38;2;211;151;77m██[38;2;211;151;77m██[38;2;16;16;16m██      
[38;2;16;16;16m██[38;2;211;151;77m██[38;2;238;193;116m██[38;2;238;193;116m██[38;2;211;151;77m██[38;2;147;99;51m██[38;2;211;151;77m██[38;2;211;151;77m██[38;2;16;16;16m██[38;2;147;99;51m██[38;2;16;16;16m██[38;2;16;16;16m██[38;2;211;151;77m██[38;2;238;193;116m██[38;2;82;59;38m██              [38;2;16;16;16m██[38;2;211;151;77m██[38;2;16;16;16m██[38;2;44;54;58m██[38;2;86;103;119m██[38;2;86;103;119m██[38;2;86;103;119m██[38;2;44;54;58m██[38;2;211;151;77m██[38;2;44;54;58m██[38;2;86;103;119m██[38;2;86;103;119m██[38;2;86;103;119m██[38;2;65;80;89m██[38;2;16;16;16m██[38;2;16;16;16m██[38;2;147;99;51m██[38;2;211;151;77m██[38;2;211;151;77m██[38;2;211;151;77m██[38;2;211;151;77m██[38;2;147;99;51m██[38;2;238;193;116m██[38;2;238;193;116m██[38;2;147;99;51m██[38;2;147;99;51m██[38;2;211;151;77m██[38;2;16;16;16m██[38;2;238;193;116m██[38;2;238;193;116m██[38;2;147;99;51m██[38;2;211;151;77m██[38;2;211;151;77m██[38;2;211;151;77m██[38;2;16;16;16m██      
  [38;2;16;16;16m██[38;2;211;151;77m██[38;2;211;151;77m██[38;2;211;151;77m██[38;2;211;151;77m██[38;2;16;16;16m██[38;2;16;16;16m██[38;2;211;151;77m██[38;2;211;151;77m██[38;2;211;151;77m██[38;2;211;151;77m██[38;2;211;151;77m██[38;2;238;193;116m██[38;2;238;193;116m██[38;2;82;59;38m██        [38;2;82;59;38m██[38;2;82;59;38m██[38;2;16;16;16m██[38;2;211;151;77m██[38;2;147;99;51m██[38;2;200;216;200m██[38;2;16;16;16m██[38;2;44;54;58m██[38;2;65;80;89m██[38;2;44;54;58m██[38;2;211;151;77m██[38;2;44;54;58m██[38;2;65;80;89m██[38;2;65;80;89m██[38;2;16;16;16m██[38;2;147;99;51m██[38;2;200;216;200m██[38;2;200;216;200m██[38;2;147;99;51m██[38;2;211;151;77m██[38;2;211;151;77m██[38;2;211;151;77m██[38;2;211;151;77m██[38;2;211;151;77m██[38;2;238;193;116m██[38;2;238;193;116m██[38;2;238;193;116m██[38;2;238;193;116m██[38;2;211;151;77m██[38;2;147;99;51m██[38;2;211;151;77m██[38;2;147;99;51m██[38;2;211;151;77m██[38;2;211;151;77m██[38;2;211;151;77m██[38;2;211;151;77m██[38;2;16;16;16m██      
    [38;2;16;16;16m██[38;2;16;16;16m██[38;2;211;151;77m██[38;2;211;151;77m██[38;2;16;16;16m██[38;2;211;151;77m██[38;2;211;151;77m██[38;2;211;151;77m██[38;2;211;151;77m██[38;2;211;151;77m██[38;2;147;99;51m██[38;2;238;193;116m██[38;2;238;193;116m██[38;2;82;59;38m██      [38;2;82;59;38m██[38;2;238;193;116m██[38;2;238;193;116m██[38;2;16;16;16m██[38;2;16;16;16m██[38;2;147;99;51m██[38;2;248;248;248m██[38;2;200;216;200m██[38;2;16;16;16m██[38;2;44;54;58m██[38;2;147;99;51m██[38;2;211;151;77m██[38;2;211;151;77m██[38;2;44;54;58m██[38;2;16;16;16m██[38;2;200;216;200m██[38;2;16;16;16m██[38;2;248;248;248m██[38;2;248;248;248m██[38;2;147;99;51m██[38;2;211;151;77m██[38;2;211;151;77m██[38;2;211;151;77m██[38;2;211;151;77m██[38;2;211;151;77m██[38;2;238;193;116m██[38;2;238;193;116m██[38;2;238;193;116m██[38;2;211;151;77m██[38;2;211;151;77m██[38;2;211;151;77m██[38;2;211;151;77m██[38;2;211;151;77m██[38;2;211;151;77m██[38;2;211;151;77m██[38;2;211;151;77m██[38;2;16;16;16m██        
        [38;2;16;16;16m██[38;2;16;16;16m██  [38;2;16;16;16m██[38;2;211;151;77m██[38;2;211;151;77m██[38;2;211;151;77m██[38;2;211;151;77m██[38;2;211;151;77m██[38;2;147;99;51m██[38;2;238;193;116m██[38;2;238;193;116m██[38;2;82;59;38m██[38;2;16;16;16m██[38;2;16;16;16m██[38;2;147;99;51m██[38;2;147;99;51m██[38;2;211;151;77m██[38;2;211;151;77m██[38;2;16;16;16m██[38;2;147;99;51m██[38;2;248;248;248m██[38;2;248;248;248m██[38;2;16;16;16m██[38;2;200;216;200m██[38;2;147;99;51m██[38;2;211;151;77m██[38;2;211;151;77m██[38;2;211;151;77m██[38;2;147;99;51m██[38;2;248;248;248m██[38;2;16;16;16m██[38;2;248;248;248m██[38;2;248;248;248m██[38;2;147;99;51m██[38;2;211;151;77m██[38;2;211;151;77m██[38;2;211;151;77m██[38;2;147;99;51m██[38;2;147;99;51m██[38;2;16;16;16m██[38;2;16;16;16m██[38;2;16;16;16m██[38;2;16;16;16m██[38;2;16;16;16m██[38;2;211;151;77m██[38;2;211;151;77m██[38;2;211;151;77m██[38;2;211;151;77m██[38;2;147;99;51m██[38;2;16;16;16m██          
                [38;2;16;16;16m██[38;2;211;151;77m██[38;2;211;151;77m██[38;2;211;151;77m██[38;2;211;151;77m██[38;2;211;151;77m██[38;2;211;151;77m██[38;2;211;151;77m██[38;2;211;151;77m██[38;2;147;99;51m██[38;2;211;151;77m██[38;2;211;151;77m██[38;2;211;151;77m██[38;2;211;151;77m██[38;2;211;151;77m██[38;2;16;16;16m██[38;2;211;151;77m██[38;2;147;99;51m██[38;2;147;99;51m██[38;2;238;193;116m██[38;2;238;193;116m██[38;2;238;193;116m██[38;2;238;193;116m██[38;2;238;193;116m██[38;2;238;193;116m██[38;2;238;193;116m██[38;2;238;193;116m██[38;2;238;193;116m██[38;2;147;99;51m██[38;2;147;99;51m██[38;2;211;151;77m██[38;2;211;151;77m██[38;2;211;151;77m██[38;2;211;151;77m██[38;2;211;151;77m██[38;2;147;99;51m██[38;2;16;16;16m██        [38;2;16;16;16m██[38;2;16;16;16m██[38;2;211;151;77m██[38;2;211;151;77m██[38;2;16;16;16m██            
                  [38;2;16;16;16m██[38;2;211;151;77m██[38;2;211;151;77m██[38;2;211;151;77m██[38;2;211;151;77m██[38;2;211;151;77m██[38;2;211;151;77m██[38;2;211;151;77m██[38;2;211;151;77m██[38;2;211;151;77m██[38;2;211;151;77m██[38;2;16;16;16m██[38;2;16;16;16m██[38;2;16;16;16m██[38;2;211;151;77m██[38;2;211;151;77m██[38;2;238;193;116m██[38;2;238;193;116m██[38;2;238;193;116m██[38;2;238;193;116m██[38;2;238;193;116m██[38;2;238;193;116m██[38;2;238;193;116m██[38;2;238;193;116m██[38;2;238;193;116m██[38;2;238;193;116m██[38;2;238;193;116m██[38;2;211;151;77m██[38;2;211;151;77m██[38;2;211;151;77m██[38;2;211;151;77m██[38;2;211;151;77m██[38;2;211;151;77m██[38;2;211;151;77m██[38;2;211;151;77m██[38;2;16;16;16m██            [38;2;16;16;16m██[38;2;16;16;16m██              
                    [38;2;16;16;16m██[38;2;16;16;16m██[38;2;16;16;16m██[38;2;211;151;77m██[38;2;211;151;77m██[38;2;211;151;77m██[38;2;211;151;77m██[38;2;147;99;51m██[38;2;16;16;16m██[38;2;16;16;16m██    [38;2;16;16;16m██[38;2;211;151;77m██[38;2;211;151;77m██[38;2;211;151;77m██[38;2;82;59;38m██[38;2;82;59;38m██[38;2;211;151;77m██[38;2;211;151;77m██[38;2;211;151;77m██[38;2;211;151;77m██[38;2;211;151;77m██[38;2;211;151;77m██[38;2;82;59;38m██[38;2;82;59;38m██[38;2;82;59;38m██[38;2;211;151;77m██[38;2;211;151;77m██[38;2;211;151;77m██[38;2;211;151;77m██[38;2;211;151;77m██[38;2;211;151;77m██[38;2;16;16;16m██                                
                          [38;2;16;16;16m██[38;2;16;16;16m██[38;2;211;151;77m██[38;2;211;151;77m██[38;2;16;16;16m██          [38;2;16;16;16m██[38;2;211;151;77m██[38;2;82;59;38m██[38;2;238;193;116m██[38;2;238;193;116m██[38;2;147;99;51m██[38;2;82;59;38m██[38;2;82;59;38m██[38;2;82;59;38m██[38;2;82;59;38m██[38;2;147;99;51m██[38;2;211;151;77m██[38;2;211;151;77m██[38;2;211;151;77m██[38;2;82;59;38m██[38;2;211;151;77m██[38;2;211;151;77m██[38;2;82;59;38m██[38;2;211;151;77m██[38;2;16;16;16m██                                  
                              [38;2;16;16;16m██[38;2;16;16;16m██              [38;2;16;16;16m██[38;2;147;99;51m██[38;2;238;193;116m██[38;2;238;193;116m██[38;2;238;193;116m██[38;2;238;193;116m██[38;2;238;193;116m██[38;2;238;193;116m██[38;2;238;193;116m██[38;2;238;193;116m██[38;2;238;193;116m██[38;2;238;193;116m██[38;2;211;151;77m██[38;2;211;151;77m██[38;2;82;59;38m██[38;2;82;59;38m██[38;2;147;99;51m██[38;2;211;151;77m██[38;2;16;16;16m██                                  
                                                  [38;2;16;16;16m██[38;2;211;151;77m██[38;2;238;193;116m██[38;2;238;193;116m██[38;2;238;193;116m██[38;2;238;193;116m██[38;2;238;193;116m██[38;2;238;193;116m██[38;2;238;193;116m██[38;2;211;151;77m██[38;2;211;151;77m██[38;2;211;151;77m██[38;2;211;151;77m██[38;2;211;151;77m██[38;2;82;59;38m██[38;2;147;99;51m██[38;2;16;16;16m██                                    
                                                    [38;2;16;16;16m██[38;2;16;16;16m██[38;2;211;151;77m██[38;2;211;151;77m██[38;2;211;151;77m██[38;2;211;151;77m██[38;2;211;151;77m██[38;2;211;151;77m██[38;2;211;151;77m██[38;2;211;151;77m██[38;2;211;151;77m██[38;2;211;151;77m██[38;2;147;99;51m██[38;2;16;16;16m██[38;2;16;16;16m██                                      
                                                        [38;2;16;16;16m██[38;2;16;16;16m██[38;2;16;16;16m██[38;2;16;16;16m██[38;2;211;151;77m██[38;2;211;151;77m██[38;2;211;151;77m██[38;2;211;151;77m██[38;2;16;16;16m██[38;2;16;16;16m██[38;2;16;16;16m██                                          
                                                                [38;2;16;16;16m██[38;2;16;16;16m██[38;2;16;16;16m██[38;2;16;16;16m██                                                
