                      [38;2;230;90;41m██[38;2;230;90;41m██                                                                            
                  [38;2;230;90;41m██[38;2;255;156;24m██[38;2;255;222;82m██[38;2;230;90;41m██            [38;2;255;156;24m██[38;2;230;90;41m██                                                            
              [38;2;230;90;41m██[38;2;255;156;24m██[38;2;255;222;82m██[38;2;255;222;82m██[38;2;255;156;24m██[38;2;255;156;24m██              [38;2;255;156;24m██[38;2;230;90;41m██                                                          
          [38;2;230;90;41m██[38;2;255;156;24m██[38;2;255;222;82m██[38;2;255;222;82m██[38;2;255;222;82m██[38;2;255;222;82m██[38;2;255;222;82m██[38;2;255;222;82m██[38;2;230;90;41m██[38;2;230;90;41m██          [38;2;255;156;24m██[38;2;230;90;41m██[38;2;230;90;41m██                                                        
        [38;2;230;90;41m██[38;2;255;156;24m██[38;2;255;156;24m██[38;2;255;222;82m██[38;2;255;156;24m██[38;2;255;156;24m██[38;2;255;156;24m██[38;2;255;156;24m██[38;2;255;222;82m██[38;2;255;222;82m██[38;2;255;156;24m██[38;2;230;90;41m██[38;2;230;90;41m██    [38;2;230;90;41m██[38;2;255;222;82m██[38;2;255;156;24m██[38;2;230;90;41m██                                                        
      [38;2;230;90;41m██[38;2;255;156;24m██[38;2;255;222;82m██[38;2;255;222;82m██[38;2;255;156;24m██[38;2;255;156;24m██[38;2;255;156;24m██[38;2;255;222;82m██[38;2;255;222;82m██[38;2;255;222;82m██[38;2;255;156;24m██[38;2;255;156;24m██[38;2;255;156;24m██[38;2;230;90;41m██[38;2;230;90;41m██[38;2;230;90;41m██[38;2;255;222;82m██[38;2;255;222;82m██[38;2;255;156;24m██[38;2;230;90;41m██[38;2;230;90;41m██                                                      
      [38;2;255;156;24m██[38;2;255;222;82m██[38;2;255;222;82m██[38;2;255;156;24m██[38;2;255;156;24m██[38;2;255;156;24m██[38;2;255;222;82m██[38;2;255;222;82m██[38;2;255;156;24m██[38;2;255;156;24m██[38;2;255;156;24m██[38;2;230;90;41m██[38;2;230;90;41m██[38;2;230;90;41m██[38;2;255;156;24m██[38;2;255;222;82m██[38;2;255;222;82m██[38;2;255;156;24m██[38;2;255;156;24m██[38;2;230;90;41m██[38;2;230;90;41m██                                                      
    [38;2;230;90;41m██[38;2;255;222;82m██[38;2;255;222;82m██[38;2;255;156;24m██[38;2;255;222;82m██[38;2;255;156;24m██[38;2;255;222;82m██[38;2;255;222;82m██[38;2;255;156;24m██[38;2;255;156;24m██[38;2;230;90;41m██[38;2;230;90;41m██[38;2;230;90;41m██[38;2;230;90;41m██[38;2;230;90;41m██[38;2;230;90;41m██[38;2;255;156;24m██[38;2;255;156;24m██[38;2;255;156;24m██[38;2;230;90;41m██[38;2;230;90;41m██[38;2;238;49;49m██                                                      
    [38;2;230;90;41m██[38;2;255;222;82m██[38;2;255;222;82m██[38;2;255;222;82m██[38;2;255;156;24m██[38;2;255;156;24m██[38;2;230;90;41m██[38;2;230;90;41m██[38;2;230;90;41m██[38;2;230;90;41m██[38;2;230;90;41m██[38;2;115;49;49m██[38;2;115;49;49m██[38;2;115;49;49m██[38;2;115;49;49m██[38;2;230;90;41m██[38;2;230;90;41m██[38;2;230;90;41m██[38;2;230;90;41m██[38;2;230;90;41m██[38;2;230;90;41m██                                                        
    [38;2;230;90;41m██[38;2;255;222;82m██[38;2;255;222;82m██[38;2;255;222;82m██[38;2;255;156;24m██[38;2;230;90;41m██[38;2;230;90;41m██[38;2;230;205;139m██[38;2;255;238;205m██[38;2;230;205;139m██[38;2;197;156;106m██[38;2;230;205;139m██[38;2;255;238;205m██[38;2;255;238;205m██[38;2;255;238;205m██[38;2;115;49;49m██[38;2;115;49;49m██[38;2;230;90;41m██[38;2;230;90;41m██[38;2;238;49;49m██[38;2;238;49;49m██                                                        
      [38;2;255;156;24m██[38;2;255;222;82m██[38;2;255;156;24m██[38;2;255;156;24m██[38;2;230;90;41m██[38;2;255;238;205m██[38;2;255;238;205m██[38;2;255;238;205m██[38;2;255;238;205m██[38;2;255;238;205m██[38;2;255;238;205m██[38;2;255;156;24m██[38;2;238;49;49m██[38;2;238;49;49m██[38;2;115;49;49m██[38;2;238;49;49m██[38;2;238;49;49m██[38;2;238;49;49m██[38;2;238;49;49m██                          [38;2;230;90;41m██[38;2;230;90;41m██                            
      [38;2;230;90;41m██[38;2;255;156;24m██[38;2;255;156;24m██[38;2;230;90;41m██[38;2;255;238;205m██[38;2;255;238;205m██[38;2;255;238;205m██[38;2;255;238;205m██[38;2;255;238;205m██[38;2;255;238;205m██[38;2;115;49;49m██[38;2;238;49;49m██[38;2;238;49;49m██[38;2;115;49;49m██[38;2;238;49;49m██[38;2;238;49;49m██[38;2;238;49;49m██[38;2;238;49;49m██                          [38;2;230;90;41m██[38;2;255;222;82m██[38;2;255;156;24m██[38;2;230;90;41m██                          
      [38;2;115;49;49m██[38;2;230;90;41m██[38;2;255;156;24m██[38;2;255;238;205m██[38;2;255;238;205m██[38;2;197;156;106m██[38;2;0;0;0m██[38;2;0;0;0m██[38;2;230;205;139m██[38;2;230;205;139m██[38;2;238;49;49m██[38;2;238;49;49m██[38;2;115;49;49m██[38;2;115;49;49m██[38;2;238;49;49m██[38;2;238;49;49m██[38;2;238;49;49m██[38;2;238;49;49m██  [38;2;238;49;49m██                [38;2;230;90;41m██    [38;2;230;90;41m██[38;2;255;222;82m██[38;2;255;222;82m██[38;2;255;222;82m██[38;2;230;90;41m██                        
      [38;2;115;49;49m██[38;2;255;238;205m██[38;2;230;90;41m██[38;2;255;238;205m██[38;2;197;156;106m██[38;2;255;238;205m██[38;2;115;49;49m██[38;2;0;0;0m██[38;2;230;205;139m██[38;2;230;205;139m██[38;2;230;205;139m██[38;2;238;49;49m██[38;2;115;49;49m██[38;2;238;49;49m██[38;2;238;49;49m██[38;2;238;49;49m██[38;2;238;49;49m██[38;2;238;49;49m██[38;2;238;49;49m██                  [38;2;230;90;41m██[38;2;255;156;24m██[38;2;230;90;41m██[38;2;255;156;24m██[38;2;255;222;82m██[38;2;255;222;82m██[38;2;255;222;82m██[38;2;230;90;41m██  [38;2;230;90;41m██[38;2;230;90;41m██                  
    [38;2;115;49;49m██[38;2;197;156;106m██[38;2;255;238;205m██[38;2;255;238;205m██[38;2;197;156;106m██[38;2;0;0;0m██[38;2;115;49;49m██[38;2;115;49;49m██[38;2;0;0;0m██[38;2;230;205;139m██[38;2;230;205;139m██[38;2;230;205;139m██[38;2;115;49;49m██[38;2;197;156;106m██[38;2;238;49;49m██[38;2;238;49;49m██[38;2;238;49;49m██                        [38;2;255;156;24m██[38;2;255;222;82m██[38;2;255;222;82m██[38;2;255;222;82m██[38;2;255;222;82m██[38;2;255;222;82m██[38;2;255;222;82m██[38;2;255;222;82m██[38;2;230;90;41m██[38;2;255;156;24m██[38;2;230;90;41m██[38;2;230;90;41m██                
    [38;2;115;49;49m██[38;2;255;238;205m██[38;2;255;238;205m██[38;2;255;238;205m██[38;2;230;205;139m██[38;2;115;49;49m██[38;2;0;0;0m██[38;2;0;0;0m██[38;2;230;205;139m██[38;2;230;205;139m██[38;2;230;205;139m██[38;2;230;205;139m██[38;2;230;205;139m██[38;2;197;156;106m██[38;2;230;90;41m██                            [38;2;230;90;41m██[38;2;255;222;82m██[38;2;255;222;82m██[38;2;255;222;82m██[38;2;255;222;82m██[38;2;255;222;82m██[38;2;255;156;24m██[38;2;255;156;24m██[38;2;255;156;24m██[38;2;255;156;24m██[38;2;255;222;82m██[38;2;255;222;82m██[38;2;230;90;41m██              
  [38;2;115;49;49m██[38;2;255;238;205m██[38;2;255;238;205m██[38;2;255;238;205m██[38;2;230;205;139m██[38;2;230;205;139m██[38;2;230;205;139m██[38;2;230;205;139m██[38;2;230;205;139m██[38;2;230;205;139m██[38;2;230;205;139m██[38;2;230;205;139m██[38;2;230;205;139m██[38;2;230;205;139m██[38;2;197;156;106m██[38;2;238;49;49m██[38;2;255;156;24m██    [38;2;255;156;24m██                  [38;2;230;90;41m██[38;2;255;222;82m██[38;2;255;222;82m██[38;2;255;156;24m██[38;2;255;156;24m██[38;2;255;222;82m██[38;2;255;156;24m██[38;2;230;90;41m██[38;2;230;90;41m██[38;2;255;156;24m██[38;2;255;222;82m██[38;2;255;222;82m██[38;2;255;222;82m██[38;2;230;90;41m██[38;2;230;90;41m██[38;2;230;90;41m██          
[38;2;115;49;49m██[38;2;230;205;139m██[38;2;255;238;205m██[38;2;230;205;139m██[38;2;230;205;139m██[38;2;230;205;139m██[38;2;230;205;139m██[38;2;230;205;139m██[38;2;230;205;139m██[38;2;230;205;139m██[38;2;230;205;139m██[38;2;230;205;139m██[38;2;197;156;106m██[38;2;230;205;139m██[38;2;230;205;139m██[38;2;230;205;139m██[38;2;197;156;106m██[38;2;255;222;82m██[38;2;255;222;82m██[38;2;255;156;24m██[38;2;230;90;41m██            [38;2;230;90;41m██  [38;2;230;90;41m██[38;2;255;156;24m██[38;2;255;222;82m██[38;2;255;222;82m██[38;2;255;156;24m██[38;2;255;156;24m██[38;2;230;90;41m██[38;2;230;90;41m██[38;2;230;90;41m██[38;2;255;156;24m██[38;2;255;156;24m██[38;2;255;156;24m██[38;2;255;222;82m██[38;2;255;222;82m██[38;2;255;222;82m██[38;2;230;90;41m██[38;2;230;90;41m██          
[38;2;115;49;49m██[38;2;230;205;139m██[38;2;230;205;139m██[38;2;197;156;106m██[38;2;230;205;139m██[38;2;230;205;139m██[38;2;230;205;139m██[38;2;230;205;139m██[38;2;230;205;139m██[38;2;115;49;49m██[38;2;115;49;49m██[38;2;197;156;106m██[38;2;230;205;139m██[38;2;230;205;139m██[38;2;230;205;139m██[38;2;230;205;139m██[38;2;197;156;106m██[38;2;255;156;24m██[38;2;255;156;24m██[38;2;230;90;41m██            [38;2;230;90;41m██    [38;2;230;90;41m██[38;2;255;156;24m██[38;2;255;222;82m██[38;2;255;222;82m██[38;2;255;156;24m██[38;2;255;156;24m██[38;2;230;90;41m██[38;2;230;90;41m██[38;2;230;90;41m██[38;2;255;156;24m██[38;2;255;156;24m██[38;2;255;156;24m██[38;2;255;222;82m██[38;2;255;222;82m██[38;2;255;156;24m██[38;2;230;90;41m██            
  [38;2;115;49;49m██[38;2;197;156;106m██[38;2;230;205;139m██[38;2;230;205;139m██[38;2;230;205;139m██[38;2;115;49;49m██[38;2;0;0;0m██[38;2;115;49;49m██[38;2;197;156;106m██[38;2;230;205;139m██[38;2;230;205;139m██[38;2;230;205;139m██[38;2;230;205;139m██[38;2;230;205;139m██[38;2;255;238;205m██[38;2;255;238;205m██[38;2;230;90;41m██[38;2;230;90;41m██        [38;2;230;90;41m██    [38;2;255;156;24m██[38;2;230;90;41m██    [38;2;230;90;41m██[38;2;255;222;82m██[38;2;255;156;24m██[38;2;255;156;24m██[38;2;230;90;41m██[38;2;230;90;41m██[38;2;230;90;41m██[38;2;230;90;41m██[38;2;230;90;41m██[38;2;255;156;24m██[38;2;255;222;82m██[38;2;255;156;24m██[38;2;255;156;24m██[38;2;230;90;41m██      [38;2;230;90;41m██      
      [38;2;0;0;0m██[38;2;0;0;0m██[38;2;0;0;0m██    [38;2;115;49;49m██[38;2;230;205;139m██[38;2;230;205;139m██[38;2;230;205;139m██[38;2;230;205;139m██[38;2;230;205;139m██[38;2;255;238;205m██[38;2;255;238;205m██[38;2;255;238;205m██[38;2;197;156;106m██[38;2;230;90;41m██[38;2;230;90;41m██[38;2;230;90;41m██  [38;2;230;90;41m██[38;2;230;90;41m██  [38;2;255;156;24m██[38;2;255;222;82m██[38;2;230;90;41m██[38;2;230;90;41m██[38;2;230;90;41m██  [38;2;255;156;24m██[38;2;255;222;82m██[38;2;230;90;41m██[38;2;230;90;41m██[38;2;230;90;41m██[38;2;230;90;41m██[38;2;230;90;41m██[38;2;230;90;41m██[38;2;230;90;41m██[38;2;255;156;24m██[38;2;255;156;24m██[38;2;230;90;41m██[38;2;230;90;41m██      [38;2;230;90;41m██[38;2;238;49;49m██    
                [38;2;115;49;49m██[38;2;230;205;139m██[38;2;230;205;139m██[38;2;230;205;139m██[38;2;230;205;139m██[38;2;230;205;139m██[38;2;255;238;205m██[38;2;255;238;205m██[38;2;255;238;205m██[38;2;255;238;205m██[38;2;197;156;106m██[38;2;230;90;41m██[38;2;255;156;24m██[38;2;230;90;41m██[38;2;255;222;82m██[38;2;230;90;41m██[38;2;255;156;24m██[38;2;255;222;82m██[38;2;255;222;82m██[38;2;230;90;41m██[38;2;197;156;106m██[38;2;115;49;49m██[38;2;115;49;49m██[38;2;230;90;41m██[38;2;255;156;24m██[38;2;255;156;24m██[38;2;230;90;41m██[38;2;230;90;41m██[38;2;230;90;41m██[38;2;238;49;49m██[38;2;238;49;49m██[38;2;230;90;41m██[38;2;230;90;41m██[38;2;255;156;24m██[38;2;230;90;41m██[38;2;230;90;41m██        [38;2;238;49;49m██[38;2;238;49;49m██  
                  [38;2;115;49;49m██[38;2;230;205;139m██[38;2;230;205;139m██[38;2;230;205;139m██[38;2;230;205;139m██[38;2;255;238;205m██[38;2;255;238;205m██[38;2;255;238;205m██[38;2;255;238;205m██[38;2;255;238;205m██[38;2;197;156;106m██[38;2;255;156;24m██[38;2;255;156;24m██[38;2;255;156;24m██[38;2;230;90;41m██[38;2;230;90;41m██[38;2;197;156;106m██[38;2;197;156;106m██[38;2;255;238;205m██[38;2;255;238;205m██[38;2;255;238;205m██[38;2;255;238;205m██[38;2;197;156;106m██[38;2;115;49;49m██[38;2;230;90;41m██[38;2;255;156;24m██[38;2;230;90;41m██[38;2;238;49;49m██[38;2;238;49;49m██[38;2;238;49;49m██[38;2;230;90;41m██[38;2;230;90;41m██[38;2;230;90;41m██[38;2;255;156;24m██[38;2;255;156;24m██[38;2;230;90;41m██    [38;2;230;90;41m██[38;2;230;90;41m██[38;2;238;49;49m██[38;2;238;49;49m██
                  [38;2;0;0;0m██[38;2;230;205;139m██[38;2;230;205;139m██[38;2;230;205;139m██[38;2;230;205;139m██[38;2;255;238;205m██[38;2;255;238;205m██[38;2;255;238;205m██[38;2;255;238;205m██[38;2;255;238;205m██[38;2;255;238;205m██[38;2;255;238;205m██[38;2;255;238;205m██[38;2;197;156;106m██[38;2;197;156;106m██[38;2;197;156;106m██[38;2;255;238;205m██[38;2;255;238;205m██[38;2;255;238;205m██[38;2;255;238;205m██[38;2;255;238;205m██[38;2;255;238;205m██[38;2;255;238;205m██[38;2;255;238;205m██[38;2;115;49;49m██[38;2;230;90;41m██[38;2;230;90;41m██[38;2;238;49;49m██[38;2;238;49;49m██[38;2;238;49;49m██[38;2;230;90;41m██[38;2;230;90;41m██[38;2;230;90;41m██[38;2;230;90;41m██[38;2;230;90;41m██[38;2;230;90;41m██[38;2;230;90;41m██[38;2;230;90;41m██[38;2;230;90;41m██[38;2;230;90;41m██[38;2;238;49;49m██[38;2;238;49;49m██
                  [38;2;0;0;0m██[38;2;230;205;139m██[38;2;230;205;139m██[38;2;230;205;139m██[38;2;255;238;205m██[38;2;255;238;205m██[38;2;255;238;205m██[38;2;255;238;205m██[38;2;255;238;205m██[38;2;255;238;205m██[38;2;255;238;205m██[38;2;255;238;205m██[38;2;255;238;205m██[38;2;255;238;205m██[38;2;255;238;205m██[38;2;255;238;205m██[38;2;255;238;205m██[38;2;255;238;205m██[38;2;255;238;205m██[38;2;255;238;205m██[38;2;255;238;205m██[38;2;255;238;205m██[38;2;255;238;205m██[38;2;255;238;205m██[38;2;255;238;205m██[38;2;115;49;49m██[38;2;238;49;49m██[38;2;238;49;49m██[38;2;238;49;49m██[38;2;238;49;49m██[38;2;238;49;49m██[38;2;230;90;41m██[38;2;230;90;41m██[38;2;230;90;41m██[38;2;230;90;41m██[38;2;230;90;41m██[38;2;230;90;41m██[38;2;230;90;41m██[38;2;230;90;41m██[38;2;230;90;41m██[38;2;238;49;49m██  
                  [38;2;0;0;0m██[38;2;230;205;139m██[38;2;230;205;139m██[38;2;230;205;139m██[38;2;255;238;205m██[38;2;255;238;205m██[38;2;255;238;205m██[38;2;255;238;205m██[38;2;255;238;205m██[38;2;255;238;205m██[38;2;255;238;205m██[38;2;255;238;205m██[38;2;255;238;205m██[38;2;255;238;205m██[38;2;255;238;205m██[38;2;255;238;205m██[38;2;255;238;205m██[38;2;255;238;205m██[38;2;255;238;205m██[38;2;255;238;205m██[38;2;255;238;205m██[38;2;255;238;205m██[38;2;255;238;205m██[38;2;255;238;205m██[38;2;255;238;205m██[38;2;197;156;106m██  [38;2;238;49;49m██[38;2;230;90;41m██    [38;2;238;49;49m██[38;2;230;90;41m██[38;2;230;90;41m██[38;2;230;90;41m██[38;2;230;90;41m██[38;2;230;90;41m██[38;2;230;90;41m██[38;2;230;90;41m██[38;2;238;49;49m██[38;2;238;49;49m██  
                  [38;2;0;0;0m██[38;2;230;205;139m██[38;2;230;205;139m██[38;2;230;205;139m██[38;2;255;238;205m██[38;2;255;238;205m██[38;2;255;238;205m██[38;2;255;238;205m██[38;2;255;238;205m██[38;2;255;238;205m██[38;2;255;238;205m██[38;2;255;238;205m██[38;2;255;238;205m██[38;2;255;238;205m██[38;2;255;238;205m██[38;2;255;238;205m██[38;2;255;238;205m██[38;2;255;238;205m██[38;2;255;238;205m██[38;2;255;238;205m██[38;2;255;238;205m██[38;2;255;238;205m██[38;2;255;238;205m██[38;2;255;238;205m██[38;2;255;238;205m██[38;2;255;238;205m██[38;2;115;49;49m██    [38;2;255;222;82m██    [38;2;238;49;49m██[38;2;238;49;49m██[38;2;238;49;49m██[38;2;238;49;49m██[38;2;238;49;49m██[38;2;238;49;49m██[38;2;238;49;49m██      
                  [38;2;115;49;49m██[38;2;230;205;139m██[38;2;230;205;139m██[38;2;230;205;139m██[38;2;255;238;205m██[38;2;255;238;205m██[38;2;255;238;205m██[38;2;255;238;205m██[38;2;255;238;205m██[38;2;255;238;205m██[38;2;255;238;205m██[38;2;255;238;205m██[38;2;255;238;205m██[38;2;255;238;205m██[38;2;255;238;205m██[38;2;255;238;205m██[38;2;255;238;205m██[38;2;255;238;205m██[38;2;255;238;205m██[38;2;255;238;205m██[38;2;255;238;205m██[38;2;255;238;205m██[38;2;255;238;205m██[38;2;255;238;205m██[38;2;255;238;205m██[38;2;255;238;205m██[38;2;115;49;49m██    [38;2;255;156;24m██[38;2;255;222;82m██      [38;2;238;49;49m██[38;2;238;49;49m██[38;2;238;49;49m██          
                [38;2;115;49;49m██[38;2;230;205;139m██[38;2;230;205;139m██[38;2;230;205;139m██[38;2;230;205;139m██[38;2;230;205;139m██[38;2;255;238;205m██[38;2;255;238;205m██[38;2;255;238;205m██[38;2;255;238;205m██[38;2;255;238;205m██[38;2;255;238;205m██[38;2;255;238;205m██[38;2;255;238;205m██[38;2;255;238;205m██[38;2;255;238;205m██[38;2;255;238;205m██[38;2;255;238;205m██[38;2;255;238;205m██[38;2;255;238;205m██[38;2;255;238;205m██[38;2;255;238;205m██[38;2;255;238;205m██[38;2;255;238;205m██[38;2;255;238;205m██[38;2;255;238;205m██[38;2;255;238;205m██[38;2;115;49;49m██    [38;2;255;222;82m██[38;2;255;222;82m██                      
                [38;2;115;49;49m██[38;2;230;205;139m██[38;2;197;156;106m██[38;2;230;205;139m██[38;2;230;205;139m██[38;2;230;205;139m██[38;2;255;238;205m██[38;2;255;238;205m██[38;2;255;238;205m██[38;2;255;238;205m██[38;2;255;238;205m██[38;2;255;238;205m██[38;2;255;238;205m██[38;2;255;238;205m██[38;2;255;238;205m██[38;2;255;238;205m██[38;2;255;238;205m██[38;2;255;238;205m██[38;2;255;238;205m██[38;2;255;238;205m██[38;2;255;238;205m██[38;2;255;238;205m██[38;2;255;238;205m██[38;2;255;238;205m██[38;2;255;238;205m██[38;2;255;238;205m██[38;2;255;238;205m██[38;2;115;49;49m██[38;2;255;156;24m██[38;2;255;222;82m██[38;2;255;222;82m██[38;2;255;156;24m██                      
              [38;2;115;49;49m██[38;2;230;205;139m██[38;2;230;205;139m██[38;2;115;49;49m██[38;2;230;205;139m██[38;2;230;205;139m██[38;2;230;205;139m██[38;2;230;205;139m██[38;2;255;238;205m██[38;2;255;238;205m██[38;2;255;238;205m██[38;2;255;238;205m██[38;2;255;238;205m██[38;2;255;238;205m██[38;2;255;238;205m██[38;2;255;238;205m██[38;2;255;238;205m██[38;2;230;90;41m██[38;2;255;238;205m██[38;2;255;238;205m██[38;2;255;238;205m██[38;2;255;238;205m██[38;2;255;238;205m██[38;2;255;238;205m██[38;2;255;238;205m██[38;2;255;238;205m██[38;2;255;238;205m██[38;2;255;238;205m██[38;2;255;156;24m██[38;2;255;222;82m██[38;2;255;222;82m██[38;2;255;222;82m██[38;2;255;156;24m██                      
              [38;2;115;49;49m██[38;2;230;205;139m██[38;2;230;205;139m██[38;2;197;156;106m██[38;2;197;156;106m██[38;2;230;205;139m██[38;2;230;205;139m██[38;2;197;156;106m██[38;2;255;238;205m██[38;2;255;238;205m██[38;2;255;238;205m██[38;2;255;238;205m██[38;2;255;238;205m██[38;2;255;238;205m██[38;2;255;238;205m██[38;2;230;90;41m██[38;2;230;90;41m██[38;2;255;156;24m██[38;2;230;205;139m██[38;2;230;205;139m██[38;2;255;238;205m██[38;2;255;238;205m██[38;2;255;238;205m██[38;2;255;238;205m██[38;2;255;238;205m██[38;2;255;238;205m██[38;2;255;238;205m██[38;2;255;238;205m██[38;2;255;156;24m██[38;2;255;156;24m██[38;2;255;222;82m██[38;2;255;156;24m██    [38;2;255;156;24m██                  
            [38;2;115;49;49m██[38;2;230;205;139m██[38;2;230;205;139m██[38;2;230;205;139m██[38;2;197;156;106m██[38;2;115;49;49m██[38;2;230;205;139m██[38;2;230;205;139m██[38;2;115;49;49m██[38;2;255;238;205m██[38;2;255;238;205m██[38;2;255;238;205m██[38;2;255;238;205m██[38;2;255;238;205m██[38;2;255;238;205m██[38;2;230;90;41m██[38;2;255;156;24m██[38;2;255;156;24m██[38;2;255;238;205m██[38;2;230;90;41m██[38;2;230;205;139m██[38;2;230;205;139m██[38;2;255;238;205m██[38;2;255;238;205m██[38;2;255;238;205m██[38;2;255;238;205m██[38;2;255;238;205m██[38;2;255;238;205m██[38;2;255;156;24m██[38;2;230;90;41m██[38;2;255;156;24m██[38;2;255;156;24m██[38;2;230;90;41m██  [38;2;255;156;24m██                    
          [38;2;115;49;49m██[38;2;230;205;139m██[38;2;230;205;139m██[38;2;230;205;139m██[38;2;197;156;106m██[38;2;197;156;106m██[38;2;230;90;41m██[38;2;115;49;49m██[38;2;230;205;139m██[38;2;115;49;49m██[38;2;255;238;205m██[38;2;255;238;205m██[38;2;255;238;205m██[38;2;255;238;205m██[38;2;255;238;205m██[38;2;255;238;205m██[38;2;255;156;24m██[38;2;255;222;82m██[38;2;255;222;82m██[38;2;255;156;24m██[38;2;230;90;41m██[38;2;0;0;0m██[38;2;0;0;0m██[38;2;255;238;205m██[38;2;255;238;205m██[38;2;255;238;205m██[38;2;255;238;205m██[38;2;255;238;205m██[38;2;255;238;205m██[38;2;255;156;24m██[38;2;230;90;41m██[38;2;230;90;41m██[38;2;230;90;41m██[38;2;255;222;82m██[38;2;230;90;41m██[38;2;230;90;41m██                    
          [38;2;115;49;49m██[38;2;230;205;139m██[38;2;230;205;139m██[38;2;230;205;139m██[38;2;197;156;106m██[38;2;230;90;41m██[38;2;255;222;82m██[38;2;255;156;24m██[38;2;115;49;49m██[38;2;115;49;49m██[38;2;255;238;205m██[38;2;255;238;205m██[38;2;255;238;205m██[38;2;255;238;205m██[38;2;255;238;205m██[38;2;255;156;24m██[38;2;255;222;82m██[38;2;255;222;82m██[38;2;255;156;24m██[38;2;230;90;41m██[38;2;115;49;49m██[38;2;139;82;49m██[38;2;0;0;0m██[38;2;230;205;139m██[38;2;230;205;139m██[38;2;255;238;205m██[38;2;255;238;205m██[38;2;255;238;205m██[38;2;230;205;139m██[38;2;230;205;139m██[38;2;230;205;139m██[38;2;230;90;41m██[38;2;230;90;41m██[38;2;255;156;24m██[38;2;230;90;41m██                      
        [38;2;115;49;49m██[38;2;230;205;139m██[38;2;230;205;139m██[38;2;230;205;139m██[38;2;197;156;106m██[38;2;197;156;106m██[38;2;230;90;41m██[38;2;255;156;24m██[38;2;230;90;41m██  [38;2;0;0;0m██[38;2;255;238;205m██[38;2;255;238;205m██[38;2;255;238;205m██[38;2;255;238;205m██[38;2;255;238;205m██[38;2;255;238;205m██[38;2;255;156;24m██[38;2;255;156;24m██[38;2;255;222;82m██[38;2;230;90;41m██[38;2;139;82;49m██[38;2;139;82;49m██[38;2;139;82;49m██[38;2;0;0;0m██[38;2;230;205;139m██[38;2;230;205;139m██[38;2;230;205;139m██[38;2;230;205;139m██[38;2;230;205;139m██[38;2;230;205;139m██[38;2;255;156;24m██[38;2;230;90;41m██[38;2;230;90;41m██[38;2;238;49;49m██                        
        [38;2;115;49;49m██[38;2;230;205;139m██[38;2;230;205;139m██[38;2;230;205;139m██[38;2;197;156;106m██[38;2;0;0;0m██[38;2;230;90;41m██      [38;2;0;0;0m██[38;2;255;238;205m██[38;2;255;238;205m██[38;2;255;238;205m██[38;2;255;238;205m██[38;2;255;238;205m██[38;2;255;156;24m██[38;2;230;90;41m██[38;2;230;90;41m██[38;2;230;90;41m██[38;2;115;49;49m██[38;2;139;82;49m██[38;2;139;82;49m██[38;2;139;82;49m██[38;2;139;82;49m██[38;2;0;0;0m██[38;2;0;0;0m██[38;2;230;205;139m██[38;2;230;205;139m██[38;2;230;205;139m██[38;2;230;205;139m██[38;2;230;205;139m██[38;2;238;49;49m██[38;2;238;49;49m██[38;2;238;49;49m██[38;2;230;90;41m██                      
          [38;2;0;0;0m██[38;2;197;156;106m██[38;2;197;156;106m██[38;2;197;156;106m██[38;2;0;0;0m██          [38;2;139;82;49m██[38;2;255;238;205m██[38;2;255;238;205m██[38;2;255;238;205m██[38;2;230;90;41m██[38;2;230;90;41m██[38;2;230;90;41m██[38;2;238;49;49m██    [38;2;0;0;0m██[38;2;0;0;0m██[38;2;139;82;49m██[38;2;139;82;49m██[38;2;139;82;49m██[38;2;0;0;0m██[38;2;0;0;0m██[38;2;0;0;0m██[38;2;230;205;139m██[38;2;230;205;139m██[38;2;230;205;139m██[38;2;230;205;139m██[38;2;238;49;49m██                          
            [38;2;0;0;0m██[38;2;197;156;106m██[38;2;197;156;106m██[38;2;115;49;49m██          [38;2;0;0;0m██[38;2;255;238;205m██[38;2;255;238;205m██[38;2;255;238;205m██[38;2;238;49;49m██[38;2;238;49;49m██[38;2;0;0;0m██        [38;2;0;0;0m██[38;2;197;156;106m██[38;2;139;82;49m██[38;2;139;82;49m██[38;2;0;0;0m██  [38;2;0;0;0m██[38;2;139;82;49m██[38;2;230;205;139m██[38;2;230;205;139m██[38;2;230;205;139m██[38;2;0;0;0m██                          
            [38;2;0;0;0m██[38;2;197;156;106m██[38;2;197;156;106m██[38;2;197;156;106m██[38;2;0;0;0m██        [38;2;0;0;0m██[38;2;230;205;139m██[38;2;255;238;205m██[38;2;255;238;205m██[38;2;230;205;139m██[38;2;0;0;0m██          [38;2;0;0;0m██[38;2;197;156;106m██[38;2;197;156;106m██[38;2;0;0;0m██      [38;2;0;0;0m██[38;2;230;205;139m██[38;2;230;205;139m██[38;2;230;205;139m██[38;2;0;0;0m██                          
              [38;2;0;0;0m██[38;2;197;156;106m██[38;2;197;156;106m██[38;2;230;205;139m██[38;2;0;0;0m██[38;2;0;0;0m██      [38;2;139;82;49m██[38;2;230;205;139m██[38;2;230;205;139m██[38;2;230;205;139m██[38;2;0;0;0m██          [38;2;139;82;49m██[38;2;197;156;106m██[38;2;197;156;106m██[38;2;0;0;0m██      [38;2;0;0;0m██[38;2;230;205;139m██[38;2;230;205;139m██[38;2;230;205;139m██[38;2;0;0;0m██                          
              [38;2;0;0;0m██[38;2;197;156;106m██[38;2;230;205;139m██[38;2;230;205;139m██[38;2;65;74;82m██[38;2;0;0;0m██      [38;2;0;0;0m██[38;2;230;205;139m██[38;2;230;205;139m██[38;2;230;205;139m██[38;2;0;0;0m██        [38;2;0;0;0m██[38;2;197;156;106m██[38;2;197;156;106m██[38;2;197;156;106m██[38;2;0;0;0m██      [38;2;0;0;0m██[38;2;230;205;139m██[38;2;230;205;139m██[38;2;139;82;49m██                            
                [38;2;0;0;0m██[38;2;230;205;139m██[38;2;65;74;82m██[38;2;65;74;82m██[38;2;0;0;0m██      [38;2;0;0;0m██[38;2;230;205;139m██[38;2;230;205;139m██[38;2;230;205;139m██[38;2;0;0;0m██        [38;2;0;0;0m██[38;2;197;156;106m██[38;2;197;156;106m██[38;2;0;0;0m██        [38;2;139;82;49m██[38;2;230;205;139m██[38;2;230;205;139m██[38;2;0;0;0m██                            
                [38;2;0;0;0m██[38;2;0;0;0m██[38;2;65;74;82m██[38;2;65;74;82m██[38;2;0;0;0m██      [38;2;0;0;0m██[38;2;230;205;139m██[38;2;230;205;139m██[38;2;139;82;49m██        [38;2;0;0;0m██[38;2;65;74;82m██[38;2;65;74;82m██[38;2;197;156;106m██[38;2;0;0;0m██      [38;2;0;0;0m██[38;2;230;205;139m██[38;2;230;205;139m██[38;2;230;205;139m██[38;2;0;0;0m██                            
                    [38;2;0;0;0m██[38;2;0;0;0m██[38;2;0;0;0m██      [38;2;139;82;49m██[38;2;230;205;139m██[38;2;230;205;139m██[38;2;0;0;0m██        [38;2;0;0;0m██[38;2;65;74;82m██[38;2;65;74;82m██[38;2;0;0;0m██        [38;2;0;0;0m██[38;2;230;205;139m██[38;2;230;205;139m██[38;2;139;82;49m██                              
                              [38;2;0;0;0m██[38;2;255;238;205m██[38;2;255;238;205m██[38;2;230;205;139m██[38;2;0;0;0m██        [38;2;0;0;0m██[38;2;0;0;0m██[38;2;0;0;0m██[38;2;0;0;0m██      [38;2;0;0;0m██[38;2;65;74;82m██[38;2;65;74;82m██[38;2;230;205;139m██[38;2;0;0;0m██                              
                              [38;2;0;0;0m██[38;2;255;238;205m██[38;2;255;238;205m██[38;2;255;238;205m██[38;2;0;0;0m██                      [38;2;0;0;0m██[38;2;65;74;82m██[38;2;65;74;82m██[38;2;65;74;82m██[38;2;0;0;0m██                              
                            [38;2;0;0;0m██[38;2;65;74;82m██[38;2;65;74;82m██[38;2;255;238;205m██[38;2;255;238;205m██[38;2;0;0;0m██                      [38;2;0;0;0m██[38;2;0;0;0m██[38;2;0;0;0m██[38;2;0;0;0m██                                
                            [38;2;0;0;0m██[38;2;65;74;82m██[38;2;65;74;82m██[38;2;65;74;82m██[38;2;0;0;0m██                                                                
                            [38;2;0;0;0m██[38;2;0;0;0m██[38;2;0;0;0m██[38;2;0;0;0m██[38;2;0;0;0m██                                                                
