                                  [38;2;139;139;139m██[38;2;139;139;139m██[38;2;139;139;139m██                                                                          
                              [38;2;139;139;139m██[38;2;139;139;139m██[38;2;255;255;255m██[38;2;213;213;213m██[38;2;82;74;74m██                                                                          
                            [38;2;82;74;74m██[38;2;213;213;213m██[38;2;139;139;139m██[38;2;180;180;180m██[38;2;139;139;139m██[38;2;57;49;49m██                              [38;2;82;74;74m██[38;2;82;74;74m██                                        
                          [38;2;82;74;74m██[38;2;180;180;180m██[38;2;180;180;180m██[38;2;139;139;139m██[38;2;82;74;74m██[38;2;57;49;49m██                            [38;2;82;74;74m██[38;2;82;74;74m██[38;2;82;127;246m██[38;2;82;127;246m██[38;2;82;74;74m██                                      
                          [38;2;82;74;74m██[38;2;139;139;139m██[38;2;57;49;49m██[38;2;57;49;49m██[38;2;82;74;74m██[38;2;16;16;16m██                        [38;2;82;74;74m██[38;2;82;74;74m██[38;2;139;139;139m██[38;2;82;127;246m██[38;2;82;127;246m██[38;2;54;74;160m██[38;2;54;74;160m██[38;2;57;49;49m██                                    
                            [38;2;16;16;16m██[38;2;16;16;16m██[38;2;57;49;49m██[38;2;139;139;139m██[38;2;139;139;139m██[38;2;45;51;47m██[38;2;45;51;47m██[38;2;45;51;47m██[38;2;45;51;47m██[38;2;45;51;47m██[38;2;45;51;47m██[38;2;45;51;47m██      [38;2;82;74;74m██[38;2;82;74;74m██[38;2;139;139;139m██[38;2;139;139;139m██[38;2;139;139;139m██[38;2;82;74;74m██[38;2;54;74;160m██[38;2;54;74;160m██[38;2;54;74;160m██[38;2;57;49;49m██                                    
                                  [38;2;45;51;47m██[38;2;45;51;47m██[38;2;77;91;86m██[38;2;142;152;145m██[38;2;142;152;145m██[38;2;142;152;145m██[38;2;142;152;145m██[38;2;142;152;145m██[38;2;77;91;86m██[38;2;45;51;47m██[38;2;45;51;47m██[38;2;82;74;74m██[38;2;139;139;139m██[38;2;139;139;139m██[38;2;139;139;139m██[38;2;82;74;74m██[38;2;57;49;49m██[38;2;57;49;49m██[38;2;54;74;160m██[38;2;54;74;160m██[38;2;16;16;16m██[38;2;57;49;49m██                                    
                                [38;2;45;51;47m██[38;2;77;91;86m██[38;2;142;152;145m██[38;2;142;152;145m██[38;2;109;125;113m██[38;2;77;91;86m██[38;2;77;91;86m██[38;2;77;91;86m██[38;2;77;91;86m██[38;2;109;125;113m██[38;2;82;74;74m██[38;2;82;74;74m██[38;2;139;139;139m██[38;2;139;139;139m██[38;2;139;139;139m██[38;2;82;74;74m██[38;2;57;49;49m██[38;2;57;49;49m██[38;2;57;49;49m██[38;2;16;16;16m██[38;2;16;16;16m██                                        
                              [38;2;45;51;47m██[38;2;142;152;145m██[38;2;142;152;145m██[38;2;142;152;145m██[38;2;142;152;145m██[38;2;109;125;113m██[38;2;77;91;86m██[38;2;77;91;86m██[38;2;77;91;86m██[38;2;77;91;86m██[38;2;77;91;86m██[38;2;82;74;74m██[38;2;139;139;139m██[38;2;139;139;139m██[38;2;82;74;74m██[38;2;57;49;49m██[38;2;57;49;49m██[38;2;57;49;49m██[38;2;16;16;16m██[38;2;16;16;16m██      [38;2;82;74;74m██[38;2;82;74;74m██                                  
                            [38;2;45;51;47m██[38;2;77;91;86m██[38;2;142;152;145m██[38;2;142;152;145m██[38;2;142;152;145m██[38;2;142;152;145m██[38;2;77;91;86m██[38;2;77;91;86m██[38;2;77;91;86m██[38;2;77;91;86m██[38;2;77;91;86m██[38;2;82;74;74m██[38;2;139;139;139m██[38;2;139;139;139m██[38;2;82;74;74m██[38;2;57;49;49m██[38;2;57;49;49m██[38;2;57;49;49m██[38;2;16;16;16m██      [38;2;82;74;74m██[38;2;82;74;74m██[38;2;59;223;123m██[38;2;59;223;123m██[38;2;82;74;74m██                                
                            [38;2;45;51;47m██[38;2;142;152;145m██[38;2;142;152;145m██[38;2;142;152;145m██[38;2;142;152;145m██[38;2;109;125;113m██[38;2;77;91;86m██[38;2;77;91;86m██[38;2;77;91;86m██[38;2;77;91;86m██[38;2;77;91;86m██[38;2;82;74;74m██[38;2;139;139;139m██[38;2;139;139;139m██[38;2;57;49;49m██[38;2;57;49;49m██[38;2;57;49;49m██[38;2;16;16;16m██    [38;2;82;74;74m██[38;2;82;74;74m██[38;2;139;139;139m██[38;2;59;223;123m██[38;2;59;223;123m██[38;2;54;160;111m██[38;2;54;160;111m██[38;2;57;49;49m██                              
                          [38;2;82;74;74m██[38;2;77;91;86m██[38;2;142;152;145m██[38;2;142;152;145m██[38;2;142;152;145m██[38;2;109;125;113m██[38;2;77;91;86m██[38;2;77;91;86m██[38;2;109;125;113m██[38;2;77;91;86m██[38;2;77;91;86m██[38;2;77;91;86m██[38;2;16;16;16m██[38;2;139;139;139m██[38;2;82;74;74m██[38;2;57;49;49m██[38;2;57;49;49m██[38;2;16;16;16m██[38;2;45;51;47m██[38;2;82;74;74m██[38;2;82;74;74m██[38;2;139;139;139m██[38;2;139;139;139m██[38;2;139;139;139m██[38;2;82;74;74m██[38;2;54;160;111m██[38;2;54;160;111m██[38;2;54;160;111m██[38;2;57;49;49m██                              
                          [38;2;82;74;74m██[38;2;77;91;86m██[38;2;109;125;113m██[38;2;109;125;113m██[38;2;77;91;86m██[38;2;77;91;86m██[38;2;77;91;86m██[38;2;109;125;113m██[38;2;142;152;145m██[38;2;109;125;113m██[38;2;77;91;86m██[38;2;77;91;86m██[38;2;16;16;16m██[38;2;139;139;139m██[38;2;82;74;74m██[38;2;57;49;49m██[38;2;57;49;49m██[38;2;16;16;16m██[38;2;82;74;74m██[38;2;139;139;139m██[38;2;139;139;139m██[38;2;139;139;139m██[38;2;82;74;74m██[38;2;57;49;49m██[38;2;57;49;49m██[38;2;57;49;49m██[38;2;54;160;111m██[38;2;16;16;16m██[38;2;57;49;49m██                              
                          [38;2;57;49;49m██[38;2;77;91;86m██[38;2;77;91;86m██[38;2;77;91;86m██[38;2;77;91;86m██[38;2;77;91;86m██[38;2;77;91;86m██[38;2;77;91;86m██[38;2;109;125;113m██[38;2;77;91;86m██[38;2;77;91;86m██[38;2;77;91;86m██[38;2;77;91;86m██[38;2;16;16;16m██[38;2;82;74;74m██[38;2;57;49;49m██[38;2;57;49;49m██[38;2;57;49;49m██[38;2;16;16;16m██[38;2;82;74;74m██[38;2;82;74;74m██[38;2;57;49;49m██[38;2;57;49;49m██[38;2;57;49;49m██[38;2;57;49;49m██[38;2;16;16;16m██[38;2;16;16;16m██                                  
                  [38;2;82;74;74m██[38;2;82;74;74m██[38;2;57;49;49m██[38;2;57;49;49m██[38;2;57;49;49m██[38;2;77;91;86m██[38;2;77;91;86m██[38;2;77;91;86m██[38;2;77;91;86m██[38;2;77;91;86m██[38;2;77;91;86m██[38;2;77;91;86m██[38;2;77;91;86m██[38;2;77;91;86m██[38;2;77;91;86m██[38;2;77;91;86m██[38;2;77;91;86m██[38;2;16;16;16m██[38;2;82;74;74m██[38;2;57;49;49m██[38;2;57;49;49m██[38;2;57;49;49m██[38;2;57;49;49m██[38;2;57;49;49m██[38;2;57;49;49m██[38;2;57;49;49m██[38;2;57;49;49m██[38;2;16;16;16m██[38;2;16;16;16m██                                      
              [38;2;82;74;74m██[38;2;82;74;74m██[38;2;139;139;139m██[38;2;139;139;139m██[38;2;139;139;139m██[38;2;139;139;139m██[38;2;16;16;16m██[38;2;77;91;86m██[38;2;77;91;86m██[38;2;77;91;86m██[38;2;77;91;86m██[38;2;77;91;86m██[38;2;77;91;86m██[38;2;77;91;86m██[38;2;77;91;86m██[38;2;77;91;86m██[38;2;77;91;86m██[38;2;77;91;86m██[38;2;77;91;86m██[38;2;77;91;86m██[38;2;16;16;16m██[38;2;16;16;16m██[38;2;57;49;49m██[38;2;57;49;49m██[38;2;57;49;49m██[38;2;57;49;49m██[38;2;57;49;49m██[38;2;16;16;16m██[38;2;16;16;16m██                                          
          [38;2;82;74;74m██[38;2;82;74;74m██[38;2;139;139;139m██[38;2;139;139;139m██[38;2;139;139;139m██[38;2;82;74;74m██[38;2;82;74;74m██[38;2;82;74;74m██[38;2;16;16;16m██[38;2;77;91;86m██[38;2;77;91;86m██[38;2;77;91;86m██[38;2;77;91;86m██[38;2;77;91;86m██[38;2;77;91;86m██[38;2;77;91;86m██[38;2;77;91;86m██[38;2;77;91;86m██[38;2;77;91;86m██[38;2;77;91;86m██[38;2;77;91;86m██[38;2;77;91;86m██[38;2;77;91;86m██[38;2;77;91;86m██[38;2;16;16;16m██[38;2;16;16;16m██[38;2;16;16;16m██[38;2;45;51;47m██[38;2;45;51;47m██[38;2;45;51;47m██[38;2;45;51;47m██[38;2;45;51;47m██[38;2;45;51;47m██[38;2;45;51;47m██                                    
      [38;2;82;74;74m██[38;2;82;74;74m██[38;2;139;139;139m██[38;2;139;139;139m██[38;2;139;139;139m██[38;2;82;74;74m██[38;2;57;49;49m██[38;2;57;49;49m██[38;2;57;49;49m██[38;2;57;49;49m██[38;2;16;16;16m██[38;2;45;51;47m██[38;2;77;91;86m██[38;2;77;91;86m██[38;2;77;91;86m██[38;2;77;91;86m██[38;2;77;91;86m██[38;2;77;91;86m██[38;2;77;91;86m██[38;2;77;91;86m██[38;2;77;91;86m██[38;2;77;91;86m██[38;2;77;91;86m██[38;2;77;91;86m██[38;2;77;91;86m██[38;2;77;91;86m██[38;2;77;91;86m██[38;2;45;51;47m██[38;2;45;51;47m██[38;2;77;91;86m██[38;2;142;152;145m██[38;2;142;152;145m██[38;2;142;152;145m██[38;2;142;152;145m██[38;2;109;125;113m██[38;2;77;91;86m██[38;2;45;51;47m██[38;2;45;51;47m██        [38;2;82;74;74m██[38;2;82;74;74m██[38;2;82;74;74m██[38;2;82;74;74m██[38;2;82;74;74m██              
  [38;2;82;74;74m██[38;2;82;74;74m██[38;2;255;75;102m██[38;2;255;75;102m██[38;2;139;139;139m██[38;2;82;74;74m██[38;2;57;49;49m██[38;2;57;49;49m██[38;2;57;49;49m██[38;2;57;49;49m██[38;2;57;49;49m██[38;2;57;49;49m██[38;2;57;49;49m██[38;2;16;16;16m██[38;2;77;91;86m██[38;2;77;91;86m██[38;2;77;91;86m██[38;2;77;91;86m██[38;2;77;91;86m██[38;2;77;91;86m██[38;2;77;91;86m██[38;2;77;91;86m██[38;2;77;91;86m██[38;2;77;91;86m██[38;2;77;91;86m██[38;2;77;91;86m██[38;2;77;91;86m██[38;2;77;91;86m██[38;2;45;51;47m██[38;2;77;91;86m██[38;2;142;152;145m██[38;2;142;152;145m██[38;2;109;125;113m██[38;2;77;91;86m██[38;2;77;91;86m██[38;2;77;91;86m██[38;2;77;91;86m██[38;2;109;125;113m██[38;2;109;125;113m██[38;2;77;91;86m██[38;2;45;51;47m██  [38;2;82;74;74m██[38;2;82;74;74m██[38;2;139;139;139m██[38;2;139;139;139m██[38;2;139;139;139m██[38;2;139;139;139m██[38;2;139;139;139m██[38;2;82;74;74m██[38;2;82;74;74m██          
  [38;2;82;74;74m██[38;2;255;75;102m██[38;2;255;75;102m██[38;2;255;75;102m██[38;2;57;49;49m██[38;2;57;49;49m██[38;2;57;49;49m██[38;2;57;49;49m██[38;2;16;16;16m██[38;2;16;16;16m██[38;2;16;16;16m██[38;2;57;49;49m██[38;2;57;49;49m██[38;2;16;16;16m██[38;2;45;51;47m██[38;2;77;91;86m██[38;2;77;91;86m██[38;2;77;91;86m██[38;2;77;91;86m██[38;2;77;91;86m██[38;2;77;91;86m██[38;2;77;91;86m██[38;2;77;91;86m██[38;2;77;91;86m██[38;2;77;91;86m██[38;2;77;91;86m██[38;2;77;91;86m██[38;2;45;51;47m██[38;2;142;152;145m██[38;2;142;152;145m██[38;2;142;152;145m██[38;2;142;152;145m██[38;2;77;91;86m██[38;2;77;91;86m██[38;2;77;91;86m██[38;2;77;91;86m██[38;2;77;91;86m██[38;2;77;91;86m██[38;2;77;91;86m██[38;2;109;125;113m██[38;2;142;152;145m██[38;2;82;74;74m██[38;2;139;139;139m██[38;2;139;139;139m██[38;2;139;139;139m██[38;2;82;74;74m██[38;2;82;74;74m██[38;2;82;74;74m██[38;2;139;139;139m██[38;2;139;139;139m██[38;2;139;139;139m██[38;2;82;74;74m██[38;2;82;74;74m██      
  [38;2;57;49;49m██[38;2;255;75;102m██[38;2;198;0;0m██[38;2;198;0;0m██[38;2;198;0;0m██[38;2;57;49;49m██[38;2;16;16;16m██[38;2;16;16;16m██  [38;2;82;74;74m██[38;2;82;74;74m██[38;2;16;16;16m██[38;2;57;49;49m██[38;2;57;49;49m██[38;2;16;16;16m██[38;2;77;91;86m██[38;2;77;91;86m██[38;2;77;91;86m██[38;2;77;91;86m██[38;2;77;91;86m██[38;2;77;91;86m██[38;2;77;91;86m██[38;2;77;91;86m██[38;2;77;91;86m██[38;2;77;91;86m██[38;2;77;91;86m██[38;2;57;49;49m██[38;2;77;91;86m██[38;2;142;152;145m██[38;2;142;152;145m██[38;2;142;152;145m██[38;2;109;125;113m██[38;2;77;91;86m██[38;2;77;91;86m██[38;2;77;91;86m██[38;2;77;91;86m██[38;2;77;91;86m██[38;2;77;91;86m██[38;2;77;91;86m██[38;2;77;91;86m██[38;2;109;125;113m██[38;2;57;49;49m██[38;2;139;139;139m██[38;2;82;74;74m██[38;2;82;74;74m██[38;2;57;49;49m██[38;2;57;49;49m██[38;2;57;49;49m██[38;2;57;49;49m██[38;2;82;74;74m██[38;2;139;139;139m██[38;2;139;139;139m██[38;2;139;139;139m██[38;2;82;74;74m██[38;2;82;74;74m██  
    [38;2;57;49;49m██[38;2;198;0;0m██[38;2;198;0;0m██[38;2;16;16;16m██[38;2;16;16;16m██  [38;2;82;74;74m██[38;2;82;74;74m██[38;2;139;139;139m██[38;2;139;139;139m██[38;2;16;16;16m██[38;2;57;49;49m██[38;2;57;49;49m██[38;2;57;49;49m██[38;2;16;16;16m██[38;2;45;51;47m██[38;2;77;91;86m██[38;2;77;91;86m██[38;2;77;91;86m██[38;2;77;91;86m██[38;2;77;91;86m██[38;2;77;91;86m██[38;2;77;91;86m██[38;2;77;91;86m██[38;2;77;91;86m██[38;2;57;49;49m██[38;2;142;152;145m██[38;2;142;152;145m██[38;2;142;152;145m██[38;2;142;152;145m██[38;2;77;91;86m██[38;2;77;91;86m██[38;2;77;91;86m██[38;2;77;91;86m██[38;2;77;91;86m██[38;2;77;91;86m██[38;2;77;91;86m██[38;2;77;91;86m██[38;2;77;91;86m██[38;2;16;16;16m██[38;2;139;139;139m██[38;2;82;74;74m██[38;2;82;74;74m██[38;2;57;49;49m██[38;2;57;49;49m██[38;2;57;49;49m██[38;2;57;49;49m██[38;2;57;49;49m██[38;2;57;49;49m██[38;2;57;49;49m██[38;2;82;74;74m██[38;2;139;139;139m██[38;2;82;127;246m██[38;2;82;127;246m██[38;2;57;49;49m██
      [38;2;16;16;16m██[38;2;16;16;16m██  [38;2;82;74;74m██[38;2;82;74;74m██[38;2;139;139;139m██[38;2;139;139;139m██[38;2;139;139;139m██[38;2;82;74;74m██[38;2;57;49;49m██[38;2;57;49;49m██[38;2;57;49;49m██[38;2;57;49;49m██[38;2;16;16;16m██[38;2;16;16;16m██[38;2;16;16;16m██[38;2;45;51;47m██[38;2;77;91;86m██[38;2;77;91;86m██[38;2;77;91;86m██[38;2;77;91;86m██[38;2;77;91;86m██[38;2;77;91;86m██[38;2;57;49;49m██[38;2;77;91;86m██[38;2;142;152;145m██[38;2;142;152;145m██[38;2;142;152;145m██[38;2;109;125;113m██[38;2;77;91;86m██[38;2;109;125;113m██[38;2;109;125;113m██[38;2;77;91;86m██[38;2;77;91;86m██[38;2;77;91;86m██[38;2;77;91;86m██[38;2;77;91;86m██[38;2;77;91;86m██[38;2;16;16;16m██[38;2;139;139;139m██[38;2;82;74;74m██[38;2;57;49;49m██[38;2;57;49;49m██[38;2;16;16;16m██[38;2;16;16;16m██[38;2;16;16;16m██[38;2;57;49;49m██[38;2;57;49;49m██[38;2;57;49;49m██[38;2;57;49;49m██[38;2;57;49;49m██[38;2;54;74;160m██[38;2;82;127;246m██[38;2;57;49;49m██
        [38;2;82;74;74m██[38;2;82;74;74m██[38;2;202;98;202m██[38;2;202;98;202m██[38;2;139;139;139m██[38;2;82;74;74m██[38;2;57;49;49m██[38;2;57;49;49m██[38;2;57;49;49m██[38;2;57;49;49m██[38;2;16;16;16m██[38;2;16;16;16m██[38;2;142;152;145m██[38;2;142;152;145m██[38;2;142;152;145m██[38;2;82;74;74m██[38;2;82;74;74m██[38;2;82;74;74m██[38;2;82;74;74m██[38;2;82;74;74m██[38;2;82;74;74m██[38;2;82;74;74m██[38;2;57;49;49m██[38;2;142;152;145m██[38;2;109;125;113m██[38;2;109;125;113m██[38;2;77;91;86m██[38;2;77;91;86m██[38;2;109;125;113m██[38;2;142;152;145m██[38;2;142;152;145m██[38;2;109;125;113m██[38;2;77;91;86m██[38;2;77;91;86m██[38;2;77;91;86m██[38;2;77;91;86m██[38;2;77;91;86m██[38;2;16;16;16m██[38;2;82;74;74m██[38;2;82;74;74m██[38;2;57;49;49m██[38;2;16;16;16m██[38;2;82;74;74m██[38;2;57;49;49m██[38;2;16;16;16m██[38;2;16;16;16m██[38;2;16;16;16m██[38;2;57;49;49m██[38;2;57;49;49m██[38;2;54;74;160m██[38;2;54;74;160m██[38;2;54;74;160m██[38;2;57;49;49m██
        [38;2;82;74;74m██[38;2;202;98;202m██[38;2;202;98;202m██[38;2;202;98;202m██[38;2;57;49;49m██[38;2;57;49;49m██[38;2;57;49;49m██[38;2;57;49;49m██[38;2;16;16;16m██[38;2;16;16;16m██[38;2;142;152;145m██[38;2;142;152;145m██[38;2;109;125;113m██[38;2;77;91;86m██[38;2;77;91;86m██[38;2;77;91;86m██[38;2;77;91;86m██[38;2;77;91;86m██[38;2;109;125;113m██[38;2;109;125;113m██[38;2;45;51;47m██  [38;2;57;49;49m██[38;2;142;152;145m██[38;2;77;91;86m██[38;2;77;91;86m██[38;2;77;91;86m██[38;2;77;91;86m██[38;2;109;125;113m██[38;2;142;152;145m██[38;2;142;152;145m██[38;2;109;125;113m██[38;2;77;91;86m██[38;2;77;91;86m██[38;2;77;91;86m██[38;2;77;91;86m██[38;2;77;91;86m██[38;2;77;91;86m██[38;2;16;16;16m██[38;2;57;49;49m██[38;2;57;49;49m██[38;2;16;16;16m██[38;2;139;139;139m██[38;2;139;139;139m██[38;2;139;139;139m██[38;2;57;49;49m██[38;2;16;16;16m██[38;2;16;16;16m██[38;2;16;16;16m██[38;2;54;74;160m██[38;2;54;74;160m██[38;2;16;16;16m██  
        [38;2;57;49;49m██[38;2;202;98;202m██[38;2;160;54;160m██[38;2;160;54;160m██[38;2;160;54;160m██[38;2;57;49;49m██[38;2;16;16;16m██[38;2;16;16;16m██[38;2;142;152;145m██[38;2;142;152;145m██[38;2;142;152;145m██[38;2;142;152;145m██[38;2;109;125;113m██[38;2;77;91;86m██[38;2;77;91;86m██[38;2;77;91;86m██[38;2;77;91;86m██[38;2;77;91;86m██[38;2;77;91;86m██[38;2;77;91;86m██[38;2;109;125;113m██[38;2;45;51;47m██[38;2;57;49;49m██[38;2;142;152;145m██[38;2;77;91;86m██[38;2;77;91;86m██[38;2;77;91;86m██[38;2;77;91;86m██[38;2;77;91;86m██[38;2;109;125;113m██[38;2;109;125;113m██[38;2;77;91;86m██[38;2;77;91;86m██[38;2;77;91;86m██[38;2;77;91;86m██[38;2;77;91;86m██[38;2;77;91;86m██[38;2;77;91;86m██[38;2;16;16;16m██[38;2;57;49;49m██[38;2;57;49;49m██[38;2;57;49;49m██[38;2;57;49;49m██[38;2;82;74;74m██[38;2;139;139;139m██[38;2;139;139;139m██[38;2;139;139;139m██[38;2;57;49;49m██[38;2;16;16;16m██[38;2;16;16;16m██[38;2;16;16;16m██    
          [38;2;57;49;49m██[38;2;160;54;160m██[38;2;160;54;160m██[38;2;16;16;16m██[38;2;16;16;16m██[38;2;45;51;47m██[38;2;142;152;145m██[38;2;142;152;145m██[38;2;142;152;145m██[38;2;142;152;145m██[38;2;142;152;145m██[38;2;109;125;113m██[38;2;77;91;86m██[38;2;77;91;86m██[38;2;77;91;86m██[38;2;77;91;86m██[38;2;77;91;86m██[38;2;77;91;86m██[38;2;77;91;86m██[38;2;77;91;86m██[38;2;77;91;86m██[38;2;57;49;49m██[38;2;109;125;113m██[38;2;77;91;86m██[38;2;77;91;86m██[38;2;77;91;86m██[38;2;77;91;86m██[38;2;77;91;86m██[38;2;77;91;86m██[38;2;77;91;86m██[38;2;77;91;86m██[38;2;77;91;86m██[38;2;77;91;86m██[38;2;77;91;86m██[38;2;77;91;86m██[38;2;77;91;86m██[38;2;77;91;86m██[38;2;77;91;86m██[38;2;16;16;16m██[38;2;57;49;49m██[38;2;57;49;49m██[38;2;57;49;49m██[38;2;57;49;49m██[38;2;57;49;49m██[38;2;82;74;74m██[38;2;139;139;139m██[38;2;59;223;123m██[38;2;59;223;123m██[38;2;57;49;49m██      
            [38;2;16;16;16m██[38;2;16;16;16m██    [38;2;45;51;47m██[38;2;142;152;145m██[38;2;142;152;145m██[38;2;142;152;145m██[38;2;142;152;145m██[38;2;109;125;113m██[38;2;77;91;86m██[38;2;77;91;86m██[38;2;77;91;86m██[38;2;77;91;86m██[38;2;77;91;86m██[38;2;77;91;86m██[38;2;77;91;86m██[38;2;77;91;86m██[38;2;77;91;86m██[38;2;77;91;86m██[38;2;57;49;49m██[38;2;77;91;86m██[38;2;77;91;86m██[38;2;77;91;86m██[38;2;77;91;86m██[38;2;77;91;86m██[38;2;77;91;86m██[38;2;77;91;86m██[38;2;77;91;86m██[38;2;77;91;86m██[38;2;77;91;86m██[38;2;77;91;86m██[38;2;77;91;86m██[38;2;77;91;86m██[38;2;77;91;86m██[38;2;77;91;86m██[38;2;77;91;86m██[38;2;77;91;86m██[38;2;16;16;16m██[38;2;16;16;16m██[38;2;57;49;49m██[38;2;57;49;49m██[38;2;57;49;49m██[38;2;57;49;49m██[38;2;57;49;49m██[38;2;54;160;111m██[38;2;59;223;123m██[38;2;57;49;49m██      
              [38;2;82;74;74m██[38;2;82;74;74m██[38;2;16;16;16m██[38;2;77;91;86m██[38;2;109;125;113m██[38;2;142;152;145m██[38;2;142;152;145m██[38;2;109;125;113m██[38;2;77;91;86m██[38;2;77;91;86m██[38;2;77;91;86m██[38;2;77;91;86m██[38;2;77;91;86m██[38;2;77;91;86m██[38;2;77;91;86m██[38;2;77;91;86m██[38;2;77;91;86m██[38;2;77;91;86m██[38;2;77;91;86m██[38;2;57;49;49m██[38;2;45;51;47m██[38;2;77;91;86m██[38;2;77;91;86m██[38;2;77;91;86m██[38;2;77;91;86m██[38;2;77;91;86m██[38;2;77;91;86m██[38;2;77;91;86m██[38;2;77;91;86m██[38;2;77;91;86m██[38;2;77;91;86m██[38;2;77;91;86m██[38;2;77;91;86m██[38;2;77;91;86m██[38;2;77;91;86m██[38;2;77;91;86m██[38;2;45;51;47m██[38;2;82;74;74m██  [38;2;16;16;16m██[38;2;16;16;16m██[38;2;57;49;49m██[38;2;57;49;49m██[38;2;54;160;111m██[38;2;54;160;111m██[38;2;54;160;111m██[38;2;16;16;16m██      
          [38;2;82;74;74m██[38;2;82;74;74m██[38;2;139;139;139m██[38;2;139;139;139m██[38;2;16;16;16m██[38;2;109;125;113m██[38;2;109;125;113m██[38;2;77;91;86m██[38;2;77;91;86m██[38;2;77;91;86m██[38;2;77;91;86m██[38;2;77;91;86m██[38;2;77;91;86m██[38;2;77;91;86m██[38;2;77;91;86m██[38;2;77;91;86m██[38;2;77;91;86m██[38;2;77;91;86m██[38;2;77;91;86m██[38;2;77;91;86m██[38;2;77;91;86m██[38;2;77;91;86m██[38;2;16;16;16m██[38;2;77;91;86m██[38;2;77;91;86m██[38;2;77;91;86m██[38;2;77;91;86m██[38;2;77;91;86m██[38;2;77;91;86m██[38;2;77;91;86m██[38;2;77;91;86m██[38;2;77;91;86m██[38;2;77;91;86m██[38;2;77;91;86m██[38;2;77;91;86m██[38;2;77;91;86m██[38;2;77;91;86m██[38;2;77;91;86m██[38;2;82;74;74m██        [38;2;16;16;16m██[38;2;16;16;16m██[38;2;54;160;111m██[38;2;54;160;111m██[38;2;16;16;16m██        
      [38;2;82;74;74m██[38;2;82;74;74m██[38;2;139;139;139m██[38;2;139;139;139m██[38;2;139;139;139m██[38;2;139;139;139m██[38;2;16;16;16m██[38;2;109;125;113m██[38;2;77;91;86m██[38;2;77;91;86m██[38;2;77;91;86m██[38;2;77;91;86m██[38;2;77;91;86m██[38;2;77;91;86m██[38;2;77;91;86m██[38;2;77;91;86m██[38;2;77;91;86m██[38;2;77;91;86m██[38;2;77;91;86m██[38;2;77;91;86m██[38;2;77;91;86m██[38;2;77;91;86m██[38;2;77;91;86m██[38;2;77;91;86m██[38;2;16;16;16m██[38;2;45;51;47m██[38;2;77;91;86m██[38;2;77;91;86m██[38;2;77;91;86m██[38;2;77;91;86m██[38;2;77;91;86m██[38;2;77;91;86m██[38;2;77;91;86m██[38;2;77;91;86m██[38;2;77;91;86m██[38;2;77;91;86m██[38;2;77;91;86m██[38;2;77;91;86m██[38;2;77;91;86m██[38;2;45;51;47m██[38;2;82;74;74m██            [38;2;16;16;16m██[38;2;16;16;16m██          
  [38;2;82;74;74m██[38;2;82;74;74m██[38;2;255;75;102m██[38;2;139;139;139m██[38;2;139;139;139m██[38;2;139;139;139m██[38;2;82;74;74m██[38;2;57;49;49m██[38;2;16;16;16m██[38;2;109;125;113m██[38;2;77;91;86m██[38;2;77;91;86m██[38;2;77;91;86m██[38;2;77;91;86m██[38;2;77;91;86m██[38;2;77;91;86m██[38;2;77;91;86m██[38;2;77;91;86m██[38;2;77;91;86m██[38;2;77;91;86m██[38;2;77;91;86m██[38;2;77;91;86m██[38;2;77;91;86m██[38;2;77;91;86m██[38;2;77;91;86m██[38;2;77;91;86m██[38;2;57;49;49m██[38;2;16;16;16m██[38;2;77;91;86m██[38;2;77;91;86m██[38;2;77;91;86m██[38;2;77;91;86m██[38;2;77;91;86m██[38;2;77;91;86m██[38;2;77;91;86m██[38;2;77;91;86m██[38;2;77;91;86m██[38;2;77;91;86m██[38;2;77;91;86m██[38;2;77;91;86m██[38;2;77;91;86m██[38;2;16;16;16m██                            
[38;2;82;74;74m██[38;2;255;75;102m██[38;2;255;75;102m██[38;2;255;75;102m██[38;2;139;139;139m██[38;2;82;74;74m██[38;2;57;49;49m██[38;2;57;49;49m██[38;2;57;49;49m██[38;2;16;16;16m██[38;2;77;91;86m██[38;2;77;91;86m██[38;2;77;91;86m██[38;2;77;91;86m██[38;2;77;91;86m██[38;2;77;91;86m██[38;2;77;91;86m██[38;2;77;91;86m██[38;2;77;91;86m██[38;2;77;91;86m██[38;2;77;91;86m██[38;2;77;91;86m██[38;2;77;91;86m██[38;2;77;91;86m██[38;2;77;91;86m██[38;2;77;91;86m██[38;2;77;91;86m██[38;2;57;49;49m██  [38;2;16;16;16m██[38;2;45;51;47m██[38;2;77;91;86m██[38;2;77;91;86m██[38;2;77;91;86m██[38;2;77;91;86m██[38;2;77;91;86m██[38;2;77;91;86m██[38;2;77;91;86m██[38;2;77;91;86m██[38;2;77;91;86m██[38;2;45;51;47m██[38;2;16;16;16m██                              
[38;2;82;74;74m██[38;2;255;75;102m██[38;2;255;75;102m██[38;2;198;0;0m██[38;2;57;49;49m██[38;2;57;49;49m██[38;2;57;49;49m██[38;2;57;49;49m██[38;2;16;16;16m██[38;2;16;16;16m██[38;2;77;91;86m██[38;2;77;91;86m██[38;2;77;91;86m██[38;2;77;91;86m██[38;2;77;91;86m██[38;2;77;91;86m██[38;2;77;91;86m██[38;2;77;91;86m██[38;2;77;91;86m██[38;2;77;91;86m██[38;2;77;91;86m██[38;2;77;91;86m██[38;2;77;91;86m██[38;2;77;91;86m██[38;2;77;91;86m██[38;2;77;91;86m██[38;2;77;91;86m██[38;2;57;49;49m██    [38;2;16;16;16m██[38;2;16;16;16m██[38;2;45;51;47m██[38;2;77;91;86m██[38;2;77;91;86m██[38;2;77;91;86m██[38;2;77;91;86m██[38;2;77;91;86m██[38;2;45;51;47m██[38;2;16;16;16m██[38;2;16;16;16m██[38;2;57;49;49m██                              
[38;2;82;74;74m██[38;2;198;0;0m██[38;2;198;0;0m██[38;2;198;0;0m██[38;2;198;0;0m██[38;2;57;49;49m██[38;2;16;16;16m██[38;2;16;16;16m██[38;2;139;139;139m██[38;2;16;16;16m██[38;2;45;51;47m██[38;2;77;91;86m██[38;2;77;91;86m██[38;2;77;91;86m██[38;2;77;91;86m██[38;2;77;91;86m██[38;2;77;91;86m██[38;2;77;91;86m██[38;2;77;91;86m██[38;2;77;91;86m██[38;2;77;91;86m██[38;2;77;91;86m██[38;2;77;91;86m██[38;2;77;91;86m██[38;2;77;91;86m██[38;2;77;91;86m██[38;2;45;51;47m██[38;2;57;49;49m██    [38;2;16;16;16m██[38;2;57;49;49m██[38;2;16;16;16m██[38;2;16;16;16m██[38;2;16;16;16m██[38;2;16;16;16m██[38;2;16;16;16m██[38;2;16;16;16m██[38;2;16;16;16m██[38;2;82;74;74m██[38;2;255;75;102m██[38;2;255;75;102m██[38;2;57;49;49m██                            
  [38;2;16;16;16m██[38;2;198;0;0m██[38;2;198;0;0m██[38;2;16;16;16m██[38;2;16;16;16m██[38;2;202;98;202m██[38;2;139;139;139m██[38;2;139;139;139m██[38;2;139;139;139m██[38;2;16;16;16m██[38;2;77;91;86m██[38;2;77;91;86m██[38;2;77;91;86m██[38;2;77;91;86m██[38;2;77;91;86m██[38;2;77;91;86m██[38;2;77;91;86m██[38;2;77;91;86m██[38;2;77;91;86m██[38;2;77;91;86m██[38;2;77;91;86m██[38;2;77;91;86m██[38;2;77;91;86m██[38;2;77;91;86m██[38;2;77;91;86m██[38;2;16;16;16m██      [38;2;16;16;16m██[38;2;57;49;49m██[38;2;82;74;74m██[38;2;139;139;139m██[38;2;139;139;139m██[38;2;57;49;49m██  [38;2;16;16;16m██[38;2;198;0;0m██[38;2;198;0;0m██[38;2;198;0;0m██[38;2;255;75;102m██[38;2;57;49;49m██                            
    [38;2;16;16;16m██[38;2;16;16;16m██[38;2;202;98;202m██[38;2;202;98;202m██[38;2;202;98;202m██[38;2;139;139;139m██[38;2;82;74;74m██[38;2;57;49;49m██[38;2;16;16;16m██[38;2;45;51;47m██[38;2;77;91;86m██[38;2;77;91;86m██[38;2;77;91;86m██[38;2;77;91;86m██[38;2;77;91;86m██[38;2;77;91;86m██[38;2;77;91;86m██[38;2;77;91;86m██[38;2;77;91;86m██[38;2;77;91;86m██[38;2;77;91;86m██[38;2;77;91;86m██[38;2;77;91;86m██[38;2;45;51;47m██[38;2;16;16;16m██        [38;2;16;16;16m██[38;2;57;49;49m██[38;2;82;74;74m██[38;2;139;139;139m██[38;2;139;139;139m██[38;2;57;49;49m██  [38;2;16;16;16m██[38;2;198;0;0m██[38;2;198;0;0m██[38;2;57;49;49m██                              
      [38;2;82;74;74m██[38;2;202;98;202m██[38;2;202;98;202m██[38;2;160;54;160m██[38;2;57;49;49m██[38;2;57;49;49m██[38;2;57;49;49m██[38;2;57;49;49m██[38;2;16;16;16m██[38;2;77;91;86m██[38;2;77;91;86m██[38;2;77;91;86m██[38;2;77;91;86m██[38;2;77;91;86m██[38;2;77;91;86m██[38;2;77;91;86m██[38;2;77;91;86m██[38;2;77;91;86m██[38;2;77;91;86m██[38;2;77;91;86m██[38;2;77;91;86m██[38;2;77;91;86m██[38;2;16;16;16m██[38;2;57;49;49m██[38;2;57;49;49m██[38;2;57;49;49m██    [38;2;16;16;16m██[38;2;57;49;49m██[38;2;57;49;49m██[38;2;82;74;74m██[38;2;139;139;139m██[38;2;139;139;139m██[38;2;57;49;49m██  [38;2;16;16;16m██[38;2;16;16;16m██                                
      [38;2;82;74;74m██[38;2;160;54;160m██[38;2;160;54;160m██[38;2;160;54;160m██[38;2;160;54;160m██[38;2;57;49;49m██[38;2;16;16;16m██[38;2;16;16;16m██  [38;2;16;16;16m██[38;2;45;51;47m██[38;2;77;91;86m██[38;2;77;91;86m██[38;2;77;91;86m██[38;2;77;91;86m██[38;2;77;91;86m██[38;2;77;91;86m██[38;2;77;91;86m██[38;2;77;91;86m██[38;2;77;91;86m██[38;2;45;51;47m██[38;2;16;16;16m██[38;2;82;74;74m██[38;2;82;74;74m██[38;2;139;139;139m██[38;2;139;139;139m██[38;2;57;49;49m██    [38;2;16;16;16m██[38;2;57;49;49m██[38;2;57;49;49m██[38;2;82;74;74m██[38;2;139;139;139m██[38;2;202;98;202m██[38;2;57;49;49m██                                    
        [38;2;16;16;16m██[38;2;160;54;160m██[38;2;160;54;160m██[38;2;16;16;16m██[38;2;16;16;16m██        [38;2;16;16;16m██[38;2;16;16;16m██[38;2;45;51;47m██[38;2;77;91;86m██[38;2;77;91;86m██[38;2;77;91;86m██[38;2;77;91;86m██[38;2;77;91;86m██[38;2;45;51;47m██[38;2;16;16;16m██[38;2;16;16;16m██[38;2;57;49;49m██[38;2;57;49;49m██[38;2;57;49;49m██[38;2;57;49;49m██[38;2;139;139;139m██[38;2;139;139;139m██[38;2;57;49;49m██    [38;2;16;16;16m██[38;2;57;49;49m██[38;2;57;49;49m██[38;2;160;54;160m██[38;2;202;98;202m██[38;2;202;98;202m██[38;2;57;49;49m██                                  
          [38;2;16;16;16m██[38;2;16;16;16m██        [38;2;57;49;49m██[38;2;82;74;74m██[38;2;180;180;180m██[38;2;139;139;139m██[38;2;16;16;16m██[38;2;16;16;16m██[38;2;16;16;16m██[38;2;16;16;16m██[38;2;16;16;16m██[38;2;16;16;16m██[38;2;16;16;16m██[38;2;57;49;49m██[38;2;57;49;49m██[38;2;57;49;49m██[38;2;57;49;49m██[38;2;57;49;49m██[38;2;57;49;49m██[38;2;57;49;49m██[38;2;139;139;139m██[38;2;57;49;49m██      [38;2;16;16;16m██[38;2;160;54;160m██[38;2;160;54;160m██[38;2;160;54;160m██[38;2;202;98;202m██[38;2;57;49;49m██                                  
                    [38;2;82;74;74m██[38;2;139;139;139m██[38;2;57;49;49m██[38;2;139;139;139m██[38;2;82;74;74m██[38;2;16;16;16m██        [38;2;16;16;16m██[38;2;57;49;49m██[38;2;57;49;49m██[38;2;57;49;49m██[38;2;16;16;16m██[38;2;16;16;16m██[38;2;57;49;49m██[38;2;57;49;49m██[38;2;57;49;49m██[38;2;82;74;74m██[38;2;139;139;139m██[38;2;57;49;49m██      [38;2;16;16;16m██[38;2;160;54;160m██[38;2;160;54;160m██[38;2;16;16;16m██                                    
                    [38;2;57;49;49m██[38;2;139;139;139m██[38;2;139;139;139m██[38;2;57;49;49m██[38;2;16;16;16m██          [38;2;16;16;16m██[38;2;57;49;49m██[38;2;57;49;49m██[38;2;16;16;16m██[38;2;16;16;16m██[38;2;16;16;16m██[38;2;16;16;16m██[38;2;57;49;49m██[38;2;57;49;49m██[38;2;57;49;49m██[38;2;139;139;139m██[38;2;57;49;49m██        [38;2;16;16;16m██[38;2;16;16;16m██                                      
                    [38;2;57;49;49m██[38;2;16;16;16m██[38;2;139;139;139m██[38;2;139;139;139m██[38;2;16;16;16m██          [38;2;16;16;16m██[38;2;57;49;49m██[38;2;57;49;49m██[38;2;16;16;16m██[38;2;139;139;139m██[38;2;57;49;49m██  [38;2;16;16;16m██[38;2;57;49;49m██[38;2;57;49;49m██[38;2;82;74;74m██[38;2;139;139;139m██[38;2;57;49;49m██                                                
                      [38;2;16;16;16m██[38;2;16;16;16m██[38;2;16;16;16m██              [38;2;16;16;16m██[38;2;57;49;49m██[38;2;57;49;49m██[38;2;82;74;74m██[38;2;139;139;139m██[38;2;57;49;49m██[38;2;16;16;16m██[38;2;57;49;49m██[38;2;57;49;49m██[38;2;57;49;49m██[38;2;82;127;246m██[38;2;57;49;49m██                                                
                                          [38;2;16;16;16m██[38;2;57;49;49m██[38;2;57;49;49m██[38;2;57;49;49m██[38;2;139;139;139m██[38;2;57;49;49m██  [38;2;16;16;16m██[38;2;54;74;160m██[38;2;54;74;160m██[38;2;82;127;246m██[38;2;82;127;246m██[38;2;57;49;49m██                                              
                                            [38;2;16;16;16m██[38;2;57;49;49m██[38;2;57;49;49m██[38;2;82;74;74m██[38;2;139;139;139m██[38;2;82;74;74m██[38;2;16;16;16m██[38;2;54;74;160m██[38;2;54;74;160m██[38;2;54;74;160m██[38;2;82;127;246m██[38;2;57;49;49m██                                              
                                            [38;2;16;16;16m██[38;2;57;49;49m██[38;2;57;49;49m██[38;2;57;49;49m██[38;2;59;223;123m██[38;2;82;74;74m██  [38;2;16;16;16m██[38;2;54;74;160m██[38;2;54;74;160m██[38;2;57;49;49m██[38;2;57;49;49m██                                              
                                              [38;2;16;16;16m██[38;2;54;160;111m██[38;2;54;160;111m██[38;2;59;223;123m██[38;2;59;223;123m██[38;2;57;49;49m██[38;2;16;16;16m██[38;2;16;16;16m██[38;2;16;16;16m██                                                  
                                              [38;2;16;16;16m██[38;2;54;160;111m██[38;2;54;160;111m██[38;2;54;160;111m██[38;2;59;223;123m██[38;2;57;49;49m██                                                        
                                                [38;2;16;16;16m██[38;2;54;160;111m██[38;2;54;160;111m██[38;2;57;49;49m██[38;2;57;49;49m██                                                        
                                                [38;2;16;16;16m██[38;2;16;16;16m██[38;2;16;16;16m██                                                            
