                                                                                          [38;2;65;65;65m██                                      
                                                                                        [38;2;65;65;65m██[38;2;131;131;131m██[38;2;0;0;0m██                                    
                                                                [38;2;0;0;0m██[38;2;65;65;65m██[38;2;65;65;65m██                  [38;2;65;65;65m██[38;2;131;131;131m██[38;2;0;0;0m██                                    
                                                                [38;2;0;0;0m██[38;2;131;131;131m██[38;2;131;131;131m██[38;2;65;65;65m██[38;2;65;65;65m██            [38;2;0;0;0m██[38;2;131;131;131m██[38;2;131;131;131m██[38;2;0;0;0m██                                    
                                                                  [38;2;0;0;0m██[38;2;131;131;131m██[38;2;131;131;131m██[38;2;131;131;131m██[38;2;0;0;0m██          [38;2;0;0;0m██[38;2;131;131;131m██[38;2;131;131;131m██[38;2;0;0;0m██                                    
                                                                  [38;2;90;65;32m██[38;2;90;65;32m██[38;2;131;131;131m██[38;2;65;65;65m██[38;2;65;65;65m██[38;2;0;0;0m██        [38;2;0;0;0m██[38;2;131;131;131m██[38;2;65;65;65m██[38;2;0;0;0m██                                    
                                                            [38;2;90;65;32m██[38;2;90;65;32m██[38;2;90;65;32m██[38;2;164;123;90m██[38;2;205;156;82m██[38;2;90;65;32m██[38;2;90;65;32m██[38;2;90;65;32m██[38;2;0;0;0m██      [38;2;0;0;0m██[38;2;65;65;65m██[38;2;131;131;131m██[38;2;65;65;65m██[38;2;0;0;0m██                                    
          [38;2;34;96;40m██[38;2;34;96;40m██[38;2;34;96;40m██[38;2;34;96;40m██                                      [38;2;90;65;32m██[38;2;90;65;32m██[38;2;205;156;82m██[38;2;205;156;82m██[38;2;205;156;82m██[38;2;205;156;82m██[38;2;205;156;82m██[38;2;164;123;90m██[38;2;205;156;82m██[38;2;164;123;90m██[38;2;90;65;32m██[38;2;90;65;32m██    [38;2;0;0;0m██[38;2;65;65;65m██[38;2;65;65;65m██[38;2;0;0;0m██                                      
        [38;2;34;96;40m██[38;2;56;160;97m██[38;2;56;160;97m██[38;2;56;160;97m██[38;2;56;160;97m██[38;2;34;96;40m██[38;2;34;96;40m██[38;2;34;96;40m██                              [38;2;90;65;32m██[38;2;205;156;82m██[38;2;205;156;82m██[38;2;205;156;82m██[38;2;205;156;82m██[38;2;205;156;82m██[38;2;205;156;82m██[38;2;205;156;82m██[38;2;205;156;82m██[38;2;205;156;82m██[38;2;205;156;82m██[38;2;164;123;90m██[38;2;164;123;90m██[38;2;90;65;32m██  [38;2;0;0;0m██[38;2;65;65;65m██[38;2;65;65;65m██[38;2;0;0;0m██                                      
  [38;2;34;96;40m██      [38;2;0;0;0m██[38;2;0;0;0m██[38;2;56;160;97m██[38;2;56;160;97m██[38;2;56;160;97m██[38;2;56;160;97m██[38;2;56;160;97m██[38;2;34;96;40m██[38;2;34;96;40m██                          [38;2;90;65;32m██[38;2;205;156;82m██[38;2;205;156;82m██[38;2;205;156;82m██[38;2;205;156;82m██[38;2;205;156;82m██[38;2;205;156;82m██[38;2;205;156;82m██[38;2;205;156;82m██[38;2;205;156;82m██[38;2;164;123;90m██[38;2;164;123;90m██[38;2;164;123;90m██[38;2;164;123;90m██[38;2;90;65;32m██[38;2;0;0;0m██[38;2;65;65;65m██[38;2;0;0;0m██                                        
[38;2;34;96;40m██[38;2;56;160;97m██[38;2;34;96;40m██        [38;2;0;0;0m██[38;2;0;0;0m██[38;2;34;96;40m██[38;2;34;96;40m██[38;2;56;160;97m██[38;2;56;160;97m██[38;2;56;160;97m██[38;2;34;96;40m██                      [38;2;90;65;32m██[38;2;205;156;82m██[38;2;205;156;82m██[38;2;205;156;82m██[38;2;205;156;82m██[38;2;205;156;82m██[38;2;205;156;82m██[38;2;205;156;82m██[38;2;205;156;82m██[38;2;205;156;82m██[38;2;205;156;82m██[38;2;205;156;82m██[38;2;164;123;90m██[38;2;164;123;90m██[38;2;164;123;90m██[38;2;164;123;90m██[38;2;90;65;32m██[38;2;65;65;65m██[38;2;0;0;0m██                                        
[38;2;34;96;40m██[38;2;56;160;97m██[38;2;56;160;97m██[38;2;34;96;40m██[38;2;34;96;40m██        [38;2;0;0;0m██[38;2;0;0;0m██[38;2;34;96;40m██[38;2;34;96;40m██[38;2;56;160;97m██[38;2;34;96;40m██                    [38;2;90;65;32m██[38;2;205;156;82m██[38;2;205;156;82m██[38;2;164;123;90m██[38;2;205;156;82m██[38;2;205;156;82m██[38;2;205;156;82m██[38;2;205;156;82m██[38;2;205;156;82m██[38;2;205;156;82m██[38;2;205;156;82m██[38;2;205;156;82m██[38;2;164;123;90m██[38;2;164;123;90m██[38;2;164;123;90m██[38;2;164;123;90m██[38;2;164;123;90m██[38;2;90;65;32m██[38;2;0;0;0m██                                          
[38;2;0;0;0m██[38;2;34;96;40m██[38;2;56;160;97m██[38;2;56;160;97m██[38;2;56;160;97m██[38;2;34;96;40m██[38;2;34;96;40m██        [38;2;0;0;0m██[38;2;34;96;40m██[38;2;34;96;40m██[38;2;56;160;97m██[38;2;34;96;40m██                  [38;2;90;65;32m██[38;2;0;0;0m██[38;2;164;123;90m██[38;2;205;156;82m██[38;2;205;156;82m██[38;2;205;156;82m██[38;2;205;156;82m██[38;2;205;156;82m██[38;2;205;156;82m██[38;2;205;156;82m██[38;2;205;156;82m██[38;2;164;123;90m██[38;2;164;123;90m██[38;2;164;123;90m██[38;2;164;123;90m██[38;2;164;123;90m██[38;2;164;123;90m██[38;2;164;123;90m██[38;2;90;65;32m██                                          
  [38;2;0;0;0m██[38;2;34;96;40m██[38;2;34;96;40m██[38;2;56;160;97m██[38;2;56;160;97m██[38;2;56;160;97m██[38;2;34;96;40m██[38;2;0;0;0m██      [38;2;0;0;0m██[38;2;34;96;40m██[38;2;56;160;97m██[38;2;34;96;40m██                    [38;2;90;65;32m██[38;2;205;156;82m██[38;2;205;156;82m██[38;2;205;156;82m██[38;2;205;156;82m██[38;2;164;123;90m██[38;2;164;123;90m██[38;2;205;156;82m██[38;2;164;123;90m██[38;2;205;156;82m██[38;2;205;156;82m██[38;2;164;123;90m██[38;2;164;123;90m██[38;2;164;123;90m██[38;2;164;123;90m██[38;2;164;123;90m██[38;2;90;65;32m██                                            
    [38;2;0;0;0m██[38;2;0;0;0m██[38;2;34;96;40m██[38;2;34;96;40m██[38;2;34;96;40m██[38;2;34;96;40m██[38;2;34;96;40m██[38;2;0;0;0m██[38;2;0;0;0m██    [38;2;0;0;0m██[38;2;34;96;40m██[38;2;0;0;0m██                  [38;2;90;65;32m██[38;2;205;156;82m██[38;2;205;156;82m██[38;2;164;123;90m██[38;2;205;156;82m██[38;2;164;123;90m██[38;2;164;123;90m██[38;2;205;156;82m██[38;2;164;123;90m██[38;2;164;123;90m██[38;2;164;123;90m██[38;2;164;123;90m██[38;2;164;123;90m██[38;2;164;123;90m██[38;2;164;123;90m██[38;2;90;65;32m██[38;2;164;123;90m██[38;2;164;123;90m██[38;2;90;65;32m██                                          
        [38;2;0;0;0m██[38;2;0;0;0m██[38;2;0;0;0m██[38;2;34;96;40m██[38;2;34;96;40m██[38;2;34;96;40m██[38;2;0;0;0m██[38;2;0;0;0m██  [38;2;0;0;0m██[38;2;34;96;40m██[38;2;0;0;0m██              [38;2;180;65;65m██[38;2;180;65;65m██[38;2;0;0;0m██[38;2;164;123;90m██[38;2;164;123;90m██[38;2;164;123;90m██[38;2;164;123;90m██[38;2;164;123;90m██[38;2;164;123;90m██[38;2;164;123;90m██[38;2;164;123;90m██[38;2;164;123;90m██[38;2;164;123;90m██[38;2;164;123;90m██[38;2;164;123;90m██[38;2;164;123;90m██[38;2;164;123;90m██[38;2;255;255;255m██[38;2;0;0;0m██[38;2;164;123;90m██[38;2;0;0;0m██                                          
              [38;2;0;0;0m██[38;2;0;0;0m██[38;2;0;0;0m██[38;2;0;0;0m██[38;2;0;0;0m██[38;2;0;0;0m██[38;2;0;0;0m██[38;2;0;0;0m██            [38;2;180;65;65m██[38;2;180;65;65m██[38;2;255;129;165m██[38;2;255;129;165m██[38;2;255;129;165m██[38;2;98;90;65m██[38;2;164;123;90m██[38;2;164;123;90m██[38;2;164;123;90m██[38;2;164;123;90m██[38;2;164;123;90m██[38;2;164;123;90m██[38;2;164;123;90m██[38;2;164;123;90m██[38;2;164;123;90m██[38;2;164;123;90m██[38;2;164;123;90m██[38;2;164;123;90m██[38;2;164;123;90m██[38;2;255;255;255m██[38;2;0;0;0m██[38;2;90;65;32m██                                            
                [38;2;147;112;51m██[38;2;147;112;51m██[38;2;222;221;102m██[38;2;147;112;51m██[38;2;0;0;0m██[38;2;147;112;51m██[38;2;222;221;102m██[38;2;147;112;51m██[38;2;147;112;51m██    [38;2;180;65;65m██[38;2;180;65;65m██[38;2;255;129;165m██[38;2;255;129;165m██[38;2;210;102;133m██[38;2;210;102;133m██[38;2;210;102;133m██[38;2;210;102;133m██[38;2;0;0;0m██[38;2;164;123;90m██[38;2;164;123;90m██[38;2;164;123;90m██[38;2;164;123;90m██[38;2;164;123;90m██[38;2;164;123;90m██[38;2;164;123;90m██[38;2;164;123;90m██[38;2;164;123;90m██[38;2;164;123;90m██[38;2;164;123;90m██[38;2;164;123;90m██[38;2;213;205;205m██[38;2;213;205;205m██[38;2;0;0;0m██                                            
            [38;2;147;112;51m██[38;2;147;112;51m██[38;2;222;221;102m██[38;2;222;221;102m██[38;2;222;221;102m██[38;2;222;221;102m██[38;2;197;174;55m██[38;2;222;221;102m██[38;2;222;221;102m██[38;2;222;221;102m██[38;2;0;0;0m██[38;2;0;0;0m██[38;2;180;65;65m██[38;2;255;129;165m██[38;2;255;129;165m██[38;2;255;129;165m██[38;2;210;102;133m██[38;2;210;102;133m██[38;2;0;0;0m██[38;2;0;0;0m██[38;2;0;0;0m██[38;2;90;65;32m██[38;2;164;123;90m██[38;2;164;123;90m██[38;2;164;123;90m██[38;2;164;123;90m██[38;2;164;123;90m██[38;2;164;123;90m██[38;2;164;123;90m██[38;2;164;123;90m██[38;2;164;123;90m██[38;2;164;123;90m██[38;2;164;123;90m██[38;2;164;123;90m██[38;2;90;65;32m██[38;2;0;0;0m██[38;2;98;90;65m██                                            
        [38;2;147;112;51m██[38;2;147;112;51m██[38;2;147;112;51m██[38;2;222;221;102m██[38;2;222;221;102m██[38;2;222;221;102m██[38;2;222;221;102m██[38;2;222;221;102m██[38;2;222;221;102m██[38;2;222;221;102m██[38;2;222;221;102m██[38;2;90;65;32m██[38;2;255;255;255m██[38;2;0;0;0m██[38;2;197;174;55m██[38;2;180;65;65m██[38;2;255;129;165m██[38;2;210;102;133m██[38;2;0;0;0m██[38;2;0;0;0m██      [38;2;0;0;0m██[38;2;0;0;0m██[38;2;164;123;90m██[38;2;90;65;32m██[38;2;164;123;90m██[38;2;90;65;32m██[38;2;90;65;32m██[38;2;164;123;90m██[38;2;164;123;90m██[38;2;164;123;90m██[38;2;164;123;90m██[38;2;164;123;90m██[38;2;0;0;0m██[38;2;238;222;172m██[38;2;238;222;172m██[38;2;98;90;65m██                                            
        [38;2;0;0;0m██[38;2;222;221;102m██[38;2;222;221;102m██[38;2;222;221;102m██[38;2;222;221;102m██[38;2;222;221;102m██[38;2;222;221;102m██[38;2;222;221;102m██[38;2;222;221;102m██[38;2;222;221;102m██[38;2;197;174;55m██[38;2;255;255;255m██[38;2;255;255;255m██[38;2;213;205;205m██[38;2;197;174;55m██[38;2;197;174;55m██[38;2;210;102;133m██[38;2;0;0;0m██              [38;2;90;65;32m██[38;2;164;123;90m██[38;2;90;65;32m██[38;2;0;0;0m██[38;2;0;0;0m██[38;2;164;123;90m██[38;2;164;123;90m██[38;2;164;123;90m██[38;2;90;65;32m██[38;2;90;65;32m██[38;2;180;164;123m██[38;2;180;164;123m██[38;2;238;222;172m██[38;2;238;222;172m██[38;2;98;90;65m██                                          
          [38;2;0;0;0m██[38;2;197;174;55m██[38;2;222;221;102m██[38;2;222;221;102m██[38;2;222;221;102m██[38;2;222;221;102m██[38;2;222;221;102m██[38;2;222;221;102m██[38;2;222;221;102m██[38;2;222;221;102m██[38;2;197;174;55m██[38;2;197;174;55m██[38;2;197;174;55m██[38;2;197;174;55m██[38;2;180;65;65m██[38;2;0;0;0m██                [38;2;0;0;0m██[38;2;0;0;0m██[38;2;0;0;0m██[38;2;0;0;0m██[38;2;0;0;0m██[38;2;90;65;32m██[38;2;90;65;32m██[38;2;90;65;32m██    [38;2;0;0;0m██[38;2;0;0;0m██[38;2;180;164;123m██[38;2;180;164;123m██[38;2;238;222;172m██[38;2;98;90;65m██[38;2;98;90;65m██                                      
        [38;2;147;112;51m██[38;2;222;221;102m██[38;2;222;221;102m██[38;2;222;221;102m██[38;2;222;221;102m██[38;2;222;221;102m██[38;2;222;221;102m██[38;2;222;221;102m██[38;2;222;221;102m██[38;2;222;221;102m██[38;2;197;174;55m██[38;2;197;174;55m██[38;2;197;174;55m██[38;2;197;174;55m██[38;2;197;174;55m██[38;2;197;174;55m██[38;2;147;112;51m██                    [38;2;0;0;0m██[38;2;0;0;0m██[38;2;0;0;0m██[38;2;0;0;0m██            [38;2;0;0;0m██[38;2;0;0;0m██[38;2;180;164;123m██[38;2;238;222;172m██[38;2;238;222;172m██[38;2;98;90;65m██                                    
        [38;2;147;112;51m██[38;2;197;174;55m██[38;2;197;174;55m██[38;2;222;221;102m██[38;2;222;221;102m██[38;2;222;221;102m██[38;2;222;221;102m██[38;2;222;221;102m██[38;2;222;221;102m██[38;2;197;174;55m██[38;2;222;221;102m██[38;2;197;174;55m██[38;2;197;174;55m██[38;2;197;174;55m██[38;2;197;174;55m██[38;2;0;0;0m██                      [38;2;0;0;0m██[38;2;0;0;0m██[38;2;0;0;0m██[38;2;0;0;0m██                [38;2;0;0;0m██[38;2;180;164;123m██[38;2;238;222;172m██[38;2;238;222;172m██[38;2;98;90;65m██                                  
        [38;2;0;0;0m██[38;2;197;174;55m██[38;2;222;221;102m██[38;2;197;174;55m██[38;2;222;221;102m██[38;2;222;221;102m██[38;2;197;174;55m██[38;2;222;221;102m██[38;2;197;174;55m██[38;2;197;174;55m██[38;2;197;174;55m██[38;2;197;174;55m██[38;2;197;174;55m██[38;2;197;174;55m██[38;2;197;174;55m██[38;2;147;112;51m██                        [38;2;0;0;0m██[38;2;0;0;0m██[38;2;0;0;0m██[38;2;0;0;0m██                [38;2;0;0;0m██[38;2;0;0;0m██[38;2;180;164;123m██[38;2;98;90;65m██                            [38;2;65;65;65m██    
          [38;2;0;0;0m██[38;2;197;174;55m██[38;2;197;174;55m██[38;2;222;221;102m██[38;2;197;174;55m██[38;2;197;174;55m██[38;2;197;174;55m██[38;2;197;174;55m██[38;2;197;174;55m██[38;2;197;174;55m██[38;2;197;174;55m██[38;2;197;174;55m██[38;2;197;174;55m██[38;2;197;174;55m██[38;2;197;174;55m██[38;2;147;112;51m██                      [38;2;0;0;0m██[38;2;0;0;0m██[38;2;0;0;0m██[38;2;0;0;0m██                    [38;2;0;0;0m██[38;2;0;0;0m██          [38;2;65;65;65m██[38;2;65;65;65m██            [38;2;65;65;65m██[38;2;131;131;131m██[38;2;65;65;65m██  
        [38;2;0;0;0m██[38;2;197;174;55m██[38;2;197;174;55m██[38;2;197;174;55m██[38;2;197;174;55m██[38;2;197;174;55m██[38;2;197;174;55m██[38;2;197;174;55m██[38;2;197;174;55m██[38;2;197;174;55m██[38;2;197;174;55m██[38;2;197;174;55m██[38;2;197;174;55m██[38;2;197;174;55m██[38;2;197;174;55m██[38;2;197;174;55m██[38;2;147;112;51m██                      [38;2;0;0;0m██[38;2;65;65;65m██[38;2;0;0;0m██[38;2;0;0;0m██                                  [38;2;0;0;0m██[38;2;131;131;131m██[38;2;65;65;65m██[38;2;65;65;65m██        [38;2;65;65;65m██[38;2;131;131;131m██[38;2;65;65;65m██  
        [38;2;0;0;0m██[38;2;0;0;0m██[38;2;147;112;51m██[38;2;197;174;55m██[38;2;197;174;55m██[38;2;197;174;55m██[38;2;197;174;55m██[38;2;197;174;55m██[38;2;197;174;55m██[38;2;197;174;55m██[38;2;197;174;55m██[38;2;197;174;55m██[38;2;197;174;55m██[38;2;197;174;55m██[38;2;197;174;55m██[38;2;147;112;51m██                        [38;2;0;0;0m██[38;2;65;65;65m██[38;2;0;0;0m██[38;2;0;0;0m██                                    [38;2;0;0;0m██[38;2;131;131;131m██[38;2;131;131;131m██[38;2;0;0;0m██      [38;2;65;65;65m██[38;2;131;131;131m██[38;2;131;131;131m██[38;2;0;0;0m██
            [38;2;0;0;0m██[38;2;197;174;55m██[38;2;197;174;55m██[38;2;197;174;55m██[38;2;197;174;55m██[38;2;197;174;55m██[38;2;147;112;51m██[38;2;197;174;55m██[38;2;147;112;51m██[38;2;197;174;55m██[38;2;197;174;55m██[38;2;197;174;55m██[38;2;197;174;55m██[38;2;147;112;51m██                        [38;2;0;0;0m██[38;2;65;65;65m██[38;2;65;65;65m██[38;2;0;0;0m██                                    [38;2;0;0;0m██[38;2;65;65;65m██[38;2;131;131;131m██[38;2;131;131;131m██[38;2;0;0;0m██    [38;2;65;65;65m██[38;2;131;131;131m██[38;2;131;131;131m██[38;2;0;0;0m██
            [38;2;0;0;0m██[38;2;0;0;0m██[38;2;197;174;55m██[38;2;197;174;55m██[38;2;197;174;55m██[38;2;197;174;55m██[38;2;147;112;51m██[38;2;147;112;51m██[38;2;0;0;0m██[38;2;0;0;0m██[38;2;197;174;55m██[38;2;0;0;0m██[38;2;0;0;0m██                        [38;2;0;0;0m██[38;2;65;65;65m██[38;2;65;65;65m██[38;2;65;65;65m██[38;2;0;0;0m██                              [38;2;90;65;32m██[38;2;90;65;32m██[38;2;90;65;32m██[38;2;90;65;32m██[38;2;0;0;0m██[38;2;65;65;65m██[38;2;65;65;65m██[38;2;0;0;0m██    [38;2;0;0;0m██[38;2;131;131;131m██[38;2;131;131;131m██[38;2;0;0;0m██
                [38;2;90;65;32m██[38;2;197;174;55m██[38;2;197;174;55m██[38;2;0;0;0m██[38;2;147;112;51m██[38;2;0;0;0m██[38;2;0;0;0m██[38;2;0;0;0m██[38;2;0;0;0m██                [38;2;90;65;32m██[38;2;90;65;32m██    [38;2;90;65;32m██[38;2;90;65;32m██[38;2;0;0;0m██[38;2;65;65;65m██[38;2;65;65;65m██[38;2;0;0;0m██                            [38;2;90;65;32m██[38;2;90;65;32m██[38;2;164;123;90m██[38;2;164;123;90m██[38;2;205;156;82m██[38;2;205;156;82m██[38;2;205;156;82m██[38;2;90;65;32m██[38;2;90;65;32m██[38;2;65;65;65m██[38;2;0;0;0m██  [38;2;0;0;0m██[38;2;131;131;131m██[38;2;65;65;65m██[38;2;0;0;0m██
                  [38;2;0;0;0m██[38;2;0;0;0m██    [38;2;0;0;0m██[38;2;0;0;0m██[38;2;0;0;0m██[38;2;0;0;0m██        [38;2;90;65;32m██[38;2;90;65;32m██  [38;2;0;0;0m██[38;2;205;156;82m██[38;2;164;123;90m██[38;2;90;65;32m██[38;2;90;65;32m██[38;2;205;156;82m██[38;2;0;0;0m██[38;2;90;65;32m██[38;2;65;65;65m██[38;2;65;65;65m██[38;2;0;0;0m██                          [38;2;90;65;32m██[38;2;164;123;90m██[38;2;205;156;82m██[38;2;164;123;90m██[38;2;205;156;82m██[38;2;205;156;82m██[38;2;205;156;82m██[38;2;205;156;82m██[38;2;205;156;82m██[38;2;164;123;90m██[38;2;90;65;32m██[38;2;0;0;0m██  [38;2;0;0;0m██[38;2;65;65;65m██[38;2;65;65;65m██[38;2;0;0;0m██
                          [38;2;0;0;0m██[38;2;0;0;0m██[38;2;0;0;0m██[38;2;34;96;40m██[38;2;0;0;0m██    [38;2;90;65;32m██[38;2;164;123;90m██[38;2;90;65;32m██[38;2;0;0;0m██[38;2;164;123;90m██[38;2;205;156;82m██[38;2;205;156;82m██[38;2;164;123;90m██[38;2;205;156;82m██[38;2;205;156;82m██[38;2;205;156;82m██[38;2;205;156;82m██[38;2;205;156;82m██[38;2;90;65;32m██[38;2;0;0;0m██[38;2;90;65;32m██[38;2;0;0;0m██      [38;2;0;0;0m██[38;2;0;0;0m██[38;2;0;0;0m██[38;2;0;0;0m██[38;2;0;0;0m██    [38;2;0;0;0m██[38;2;205;156;82m██[38;2;205;156;82m██[38;2;205;156;82m██[38;2;205;156;82m██[38;2;205;156;82m██[38;2;205;156;82m██[38;2;205;156;82m██[38;2;205;156;82m██[38;2;164;123;90m██[38;2;164;123;90m██[38;2;164;123;90m██[38;2;90;65;32m██  [38;2;0;0;0m██[38;2;65;65;65m██[38;2;65;65;65m██[38;2;0;0;0m██
                            [38;2;0;0;0m██[38;2;0;0;0m██[38;2;0;0;0m██[38;2;34;96;40m██[38;2;0;0;0m██[38;2;0;0;0m██[38;2;90;65;32m██[38;2;205;156;82m██[38;2;164;123;90m██[38;2;205;156;82m██[38;2;205;156;82m██[38;2;205;156;82m██[38;2;205;156;82m██[38;2;205;156;82m██[38;2;205;156;82m██[38;2;205;156;82m██[38;2;164;123;90m██[38;2;164;123;90m██[38;2;205;156;82m██[38;2;205;156;82m██[38;2;164;123;90m██[38;2;164;123;90m██[38;2;164;123;90m██[38;2;0;0;0m██[38;2;0;0;0m██[38;2;0;0;0m██[38;2;65;65;65m██[38;2;65;65;65m██[38;2;65;65;65m██[38;2;0;0;0m██[38;2;0;0;0m██[38;2;0;0;0m██[38;2;0;0;0m██[38;2;0;0;0m██[38;2;90;65;32m██[38;2;205;156;82m██[38;2;205;156;82m██[38;2;205;156;82m██[38;2;205;156;82m██[38;2;205;156;82m██[38;2;164;123;90m██[38;2;205;156;82m██[38;2;205;156;82m██[38;2;164;123;90m██[38;2;164;123;90m██[38;2;164;123;90m██[38;2;90;65;32m██[38;2;65;65;65m██[38;2;65;65;65m██[38;2;0;0;0m██  
                              [38;2;0;0;0m██[38;2;0;0;0m██[38;2;34;96;40m██[38;2;34;96;40m██[38;2;34;96;40m██[38;2;205;156;82m██[38;2;205;156;82m██[38;2;205;156;82m██[38;2;205;156;82m██[38;2;205;156;82m██[38;2;205;156;82m██[38;2;205;156;82m██[38;2;205;156;82m██[38;2;205;156;82m██[38;2;205;156;82m██[38;2;205;156;82m██[38;2;164;123;90m██[38;2;205;156;82m██[38;2;164;123;90m██[38;2;205;156;82m██[38;2;164;123;90m██[38;2;164;123;90m██[38;2;90;65;32m██[38;2;65;65;65m██[38;2;65;65;65m██[38;2;65;65;65m██[38;2;0;0;0m██[38;2;0;0;0m██[38;2;0;0;0m██[38;2;0;0;0m██[38;2;0;0;0m██[38;2;0;0;0m██[38;2;90;65;32m██[38;2;205;156;82m██[38;2;205;156;82m██[38;2;205;156;82m██[38;2;205;156;82m██[38;2;205;156;82m██[38;2;205;156;82m██[38;2;164;123;90m██[38;2;164;123;90m██[38;2;164;123;90m██[38;2;164;123;90m██[38;2;164;123;90m██[38;2;164;123;90m██[38;2;90;65;32m██[38;2;65;65;65m██[38;2;65;65;65m██[38;2;0;0;0m██  
                                [38;2;0;0;0m██[38;2;0;0;0m██[38;2;90;65;32m██[38;2;205;156;82m██[38;2;205;156;82m██[38;2;205;156;82m██[38;2;205;156;82m██[38;2;205;156;82m██[38;2;205;156;82m██[38;2;205;156;82m██[38;2;205;156;82m██[38;2;205;156;82m██[38;2;205;156;82m██[38;2;205;156;82m██[38;2;205;156;82m██[38;2;205;156;82m██[38;2;164;123;90m██[38;2;164;123;90m██[38;2;164;123;90m██[38;2;164;123;90m██[38;2;164;123;90m██[38;2;164;123;90m██[38;2;90;65;32m██[38;2;65;65;65m██[38;2;0;0;0m██[38;2;0;0;0m██[38;2;0;0;0m██[38;2;0;0;0m██[38;2;0;0;0m██[38;2;0;0;0m██[38;2;0;0;0m██[38;2;0;0;0m██[38;2;0;0;0m██[38;2;90;65;32m██[38;2;205;156;82m██[38;2;205;156;82m██[38;2;205;156;82m██[38;2;164;123;90m██[38;2;205;156;82m██[38;2;164;123;90m██[38;2;164;123;90m██[38;2;164;123;90m██[38;2;164;123;90m██[38;2;164;123;90m██[38;2;164;123;90m██[38;2;90;65;32m██[38;2;65;65;65m██[38;2;0;0;0m██  
                                  [38;2;0;0;0m██[38;2;0;0;0m██[38;2;205;156;82m██[38;2;205;156;82m██[38;2;205;156;82m██[38;2;205;156;82m██[38;2;205;156;82m██[38;2;205;156;82m██[38;2;205;156;82m██[38;2;205;156;82m██[38;2;205;156;82m██[38;2;205;156;82m██[38;2;164;123;90m██[38;2;205;156;82m██[38;2;164;123;90m██[38;2;205;156;82m██[38;2;164;123;90m██[38;2;164;123;90m██[38;2;164;123;90m██[38;2;164;123;90m██[38;2;164;123;90m██[38;2;0;0;0m██[38;2;0;0;0m██        [38;2;0;0;0m██[38;2;0;0;0m██[38;2;0;0;0m██[38;2;0;0;0m██[38;2;90;65;32m██[38;2;164;123;90m██[38;2;164;123;90m██[38;2;205;156;82m██[38;2;164;123;90m██[38;2;164;123;90m██[38;2;164;123;90m██[38;2;164;123;90m██[38;2;164;123;90m██[38;2;164;123;90m██[38;2;164;123;90m██[38;2;164;123;90m██[38;2;90;65;32m██[38;2;90;65;32m██[38;2;0;0;0m██    
                                [38;2;90;65;32m██[38;2;90;65;32m██[38;2;164;123;90m██[38;2;205;156;82m██[38;2;205;156;82m██[38;2;205;156;82m██[38;2;205;156;82m██[38;2;205;156;82m██[38;2;205;156;82m██[38;2;164;123;90m██[38;2;205;156;82m██[38;2;205;156;82m██[38;2;205;156;82m██[38;2;205;156;82m██[38;2;164;123;90m██[38;2;164;123;90m██[38;2;164;123;90m██[38;2;164;123;90m██[38;2;164;123;90m██[38;2;164;123;90m██[38;2;164;123;90m██[38;2;164;123;90m██[38;2;0;0;0m██              [38;2;90;65;32m██[38;2;90;65;32m██[38;2;164;123;90m██[38;2;164;123;90m██[38;2;164;123;90m██[38;2;164;123;90m██[38;2;164;123;90m██[38;2;164;123;90m██[38;2;164;123;90m██[38;2;164;123;90m██[38;2;164;123;90m██[38;2;164;123;90m██[38;2;164;123;90m██[38;2;164;123;90m██[38;2;164;123;90m██[38;2;90;65;32m██[38;2;0;0;0m██    
                              [38;2;90;65;32m██[38;2;164;123;90m██[38;2;205;156;82m██[38;2;205;156;82m██[38;2;164;123;90m██[38;2;164;123;90m██[38;2;205;156;82m██[38;2;205;156;82m██[38;2;205;156;82m██[38;2;205;156;82m██[38;2;205;156;82m██[38;2;205;156;82m██[38;2;205;156;82m██[38;2;205;156;82m██[38;2;164;123;90m██[38;2;205;156;82m██[38;2;205;156;82m██[38;2;164;123;90m██[38;2;164;123;90m██[38;2;164;123;90m██[38;2;164;123;90m██[38;2;164;123;90m██[38;2;164;123;90m██[38;2;164;123;90m██[38;2;90;65;32m██          [38;2;0;0;0m██[38;2;90;65;32m██[38;2;164;123;90m██[38;2;90;65;32m██[38;2;164;123;90m██[38;2;164;123;90m██[38;2;164;123;90m██[38;2;164;123;90m██[38;2;164;123;90m██[38;2;164;123;90m██[38;2;164;123;90m██[38;2;164;123;90m██[38;2;164;123;90m██[38;2;90;65;32m██[38;2;164;123;90m██[38;2;164;123;90m██[38;2;0;0;0m██      
                              [38;2;0;0;0m██[38;2;90;65;32m██[38;2;164;123;90m██[38;2;164;123;90m██[38;2;164;123;90m██[38;2;205;156;82m██[38;2;205;156;82m██[38;2;164;123;90m██[38;2;205;156;82m██[38;2;164;123;90m██[38;2;205;156;82m██[38;2;164;123;90m██[38;2;164;123;90m██[38;2;205;156;82m██[38;2;164;123;90m██[38;2;164;123;90m██[38;2;164;123;90m██[38;2;164;123;90m██[38;2;164;123;90m██[38;2;164;123;90m██[38;2;164;123;90m██[38;2;164;123;90m██[38;2;164;123;90m██[38;2;164;123;90m██[38;2;90;65;32m██          [38;2;90;65;32m██[38;2;164;123;90m██[38;2;164;123;90m██[38;2;164;123;90m██[38;2;164;123;90m██[38;2;164;123;90m██[38;2;164;123;90m██[38;2;164;123;90m██[38;2;164;123;90m██[38;2;164;123;90m██[38;2;164;123;90m██[38;2;164;123;90m██[38;2;164;123;90m██[38;2;213;205;205m██[38;2;0;0;0m██[38;2;164;123;90m██[38;2;90;65;32m██      
                                [38;2;0;0;0m██[38;2;90;65;32m██[38;2;164;123;90m██[38;2;164;123;90m██[38;2;164;123;90m██[38;2;164;123;90m██[38;2;164;123;90m██[38;2;164;123;90m██[38;2;205;156;82m██[38;2;164;123;90m██[38;2;164;123;90m██[38;2;164;123;90m██[38;2;164;123;90m██[38;2;164;123;90m██[38;2;164;123;90m██[38;2;164;123;90m██[38;2;164;123;90m██[38;2;164;123;90m██[38;2;164;123;90m██[38;2;164;123;90m██[38;2;164;123;90m██[38;2;164;123;90m██[38;2;164;123;90m██[38;2;90;65;32m██            [38;2;0;0;0m██[38;2;164;123;90m██[38;2;164;123;90m██[38;2;164;123;90m██[38;2;164;123;90m██[38;2;164;123;90m██[38;2;164;123;90m██[38;2;164;123;90m██[38;2;164;123;90m██[38;2;164;123;90m██[38;2;164;123;90m██[38;2;164;123;90m██[38;2;255;255;255m██[38;2;0;0;0m██[38;2;164;123;90m██[38;2;90;65;32m██      
                                [38;2;90;65;32m██[38;2;205;156;82m██[38;2;205;156;82m██[38;2;164;123;90m██[38;2;164;123;90m██[38;2;164;123;90m██[38;2;164;123;90m██[38;2;164;123;90m██[38;2;164;123;90m██[38;2;164;123;90m██[38;2;164;123;90m██[38;2;164;123;90m██[38;2;164;123;90m██[38;2;164;123;90m██[38;2;164;123;90m██[38;2;164;123;90m██[38;2;164;123;90m██[38;2;164;123;90m██[38;2;164;123;90m██[38;2;164;123;90m██[38;2;164;123;90m██[38;2;164;123;90m██[38;2;164;123;90m██[38;2;164;123;90m██[38;2;90;65;32m██            [38;2;90;65;32m██[38;2;164;123;90m██[38;2;164;123;90m██[38;2;164;123;90m██[38;2;164;123;90m██[38;2;164;123;90m██[38;2;164;123;90m██[38;2;164;123;90m██[38;2;164;123;90m██[38;2;164;123;90m██[38;2;164;123;90m██[38;2;213;205;205m██[38;2;164;123;90m██[38;2;90;65;32m██        
                              [38;2;90;65;32m██[38;2;205;156;82m██[38;2;205;156;82m██[38;2;164;123;90m██[38;2;164;123;90m██[38;2;164;123;90m██[38;2;164;123;90m██[38;2;164;123;90m██[38;2;164;123;90m██[38;2;164;123;90m██[38;2;164;123;90m██[38;2;164;123;90m██[38;2;164;123;90m██[38;2;164;123;90m██[38;2;164;123;90m██[38;2;164;123;90m██[38;2;164;123;90m██[38;2;164;123;90m██[38;2;164;123;90m██[38;2;164;123;90m██[38;2;164;123;90m██[38;2;164;123;90m██[38;2;164;123;90m██[38;2;164;123;90m██[38;2;90;65;32m██[38;2;0;0;0m██            [38;2;0;0;0m██[38;2;90;65;32m██[38;2;164;123;90m██[38;2;164;123;90m██[38;2;164;123;90m██[38;2;164;123;90m██[38;2;164;123;90m██[38;2;164;123;90m██[38;2;164;123;90m██[38;2;164;123;90m██[38;2;164;123;90m██[38;2;164;123;90m██[38;2;0;0;0m██          
                              [38;2;90;65;32m██[38;2;164;123;90m██[38;2;164;123;90m██[38;2;164;123;90m██[38;2;164;123;90m██[38;2;90;65;32m██[38;2;164;123;90m██[38;2;164;123;90m██[38;2;90;65;32m██[38;2;164;123;90m██[38;2;164;123;90m██[38;2;90;65;32m██[38;2;164;123;90m██[38;2;164;123;90m██[38;2;164;123;90m██[38;2;164;123;90m██[38;2;164;123;90m██[38;2;164;123;90m██[38;2;164;123;90m██[38;2;164;123;90m██[38;2;90;65;32m██[38;2;164;123;90m██[38;2;164;123;90m██[38;2;164;123;90m██[38;2;0;0;0m██                [38;2;0;0;0m██[38;2;0;0;0m██[38;2;90;65;32m██[38;2;164;123;90m██[38;2;164;123;90m██[38;2;164;123;90m██[38;2;164;123;90m██[38;2;164;123;90m██[38;2;164;123;90m██[38;2;164;123;90m██[38;2;0;0;0m██[38;2;98;90;65m██          
                                [38;2;0;0;0m██[38;2;164;123;90m██[38;2;180;65;65m██[38;2;180;65;65m██[38;2;90;65;32m██[38;2;164;123;90m██[38;2;90;65;32m██[38;2;90;65;32m██[38;2;180;65;65m██[38;2;90;65;32m██[38;2;90;65;32m██[38;2;164;123;90m██[38;2;164;123;90m██[38;2;164;123;90m██[38;2;164;123;90m██[38;2;164;123;90m██[38;2;164;123;90m██[38;2;164;123;90m██[38;2;164;123;90m██[38;2;90;65;32m██[38;2;164;123;90m██[38;2;164;123;90m██[38;2;164;123;90m██[38;2;164;123;90m██[38;2;0;0;0m██                    [38;2;0;0;0m██[38;2;0;0;0m██[38;2;164;123;90m██[38;2;164;123;90m██[38;2;90;65;32m██[38;2;98;90;65m██[38;2;98;90;65m██[38;2;238;222;172m██[38;2;98;90;65m██          
                          [38;2;180;65;65m██[38;2;180;65;65m██[38;2;180;65;65m██[38;2;180;65;65m██[38;2;180;65;65m██[38;2;246;131;164m██[38;2;246;131;164m██[38;2;180;65;65m██[38;2;90;65;32m██[38;2;246;131;164m██[38;2;180;65;65m██[38;2;246;131;164m██[38;2;0;0;0m██[38;2;164;123;90m██[38;2;164;123;90m██[38;2;0;0;0m██[38;2;164;123;90m██[38;2;164;123;90m██[38;2;164;123;90m██[38;2;164;123;90m██[38;2;164;123;90m██[38;2;164;123;90m██[38;2;0;0;0m██[38;2;164;123;90m██[38;2;164;123;90m██[38;2;164;123;90m██[38;2;90;65;32m██[38;2;0;0;0m██                      [38;2;0;0;0m██[38;2;90;65;32m██[38;2;90;65;32m██[38;2;0;0;0m██[38;2;180;164;123m██[38;2;238;222;172m██[38;2;238;222;172m██[38;2;98;90;65m██          
                  [38;2;180;65;65m██[38;2;180;65;65m██[38;2;180;65;65m██[38;2;180;65;65m██[38;2;246;131;164m██[38;2;246;131;164m██[38;2;246;131;164m██[38;2;246;131;164m██[38;2;246;131;164m██[38;2;180;65;65m██[38;2;180;65;65m██[38;2;246;131;164m██[38;2;246;131;164m██[38;2;180;65;65m██[38;2;246;131;164m██[38;2;246;131;164m██[38;2;0;0;0m██[38;2;90;65;32m██[38;2;164;123;90m██[38;2;65;65;65m██[38;2;90;65;32m██[38;2;164;123;90m██[38;2;164;123;90m██[38;2;164;123;90m██[38;2;164;123;90m██[38;2;0;0;0m██[38;2;0;0;0m██[38;2;164;123;90m██[38;2;164;123;90m██[38;2;90;65;32m██[38;2;0;0;0m██                              [38;2;0;0;0m██[38;2;180;164;123m██[38;2;180;164;123m██[38;2;238;222;172m██[38;2;98;90;65m██          
      [38;2;180;65;65m██[38;2;180;65;65m██[38;2;180;65;65m██[38;2;180;65;65m██[38;2;180;65;65m██[38;2;180;65;65m██[38;2;246;131;164m██[38;2;246;131;164m██[38;2;246;131;164m██[38;2;246;131;164m██[38;2;246;131;164m██[38;2;246;131;164m██[38;2;246;131;164m██[38;2;180;65;65m██[38;2;180;65;65m██[38;2;246;131;164m██[38;2;246;131;164m██[38;2;246;131;164m██[38;2;180;65;65m██[38;2;246;131;164m██[38;2;246;131;164m██[38;2;0;0;0m██[38;2;65;65;65m██[38;2;0;0;0m██[38;2;90;65;32m██[38;2;65;65;65m██[38;2;0;0;0m██[38;2;164;123;90m██[38;2;164;123;90m██[38;2;164;123;90m██[38;2;164;123;90m██[38;2;0;0;0m██[38;2;65;65;65m██[38;2;0;0;0m██[38;2;65;65;65m██[38;2;0;0;0m██                                  [38;2;0;0;0m██[38;2;180;164;123m██[38;2;238;222;172m██[38;2;238;222;172m██[38;2;98;90;65m██        
    [38;2;180;65;65m██[38;2;255;213;230m██[38;2;255;213;230m██[38;2;255;213;230m██[38;2;255;213;230m██[38;2;246;131;164m██[38;2;246;131;164m██[38;2;246;131;164m██[38;2;246;131;164m██[38;2;246;131;164m██[38;2;246;131;164m██[38;2;180;65;65m██[38;2;180;65;65m██[38;2;180;65;65m██[38;2;246;131;164m██[38;2;246;131;164m██[38;2;246;131;164m██[38;2;246;131;164m██[38;2;180;65;65m██[38;2;246;131;164m██[38;2;246;131;164m██[38;2;246;131;164m██[38;2;0;0;0m██[38;2;65;65;65m██[38;2;65;65;65m██[38;2;0;0;0m██[38;2;65;65;65m██[38;2;0;0;0m██[38;2;164;123;90m██[38;2;0;0;0m██[38;2;164;123;90m██[38;2;0;0;0m██[38;2;65;65;65m██[38;2;65;65;65m██[38;2;65;65;65m██[38;2;0;0;0m██                                    [38;2;0;0;0m██[38;2;180;164;123m██[38;2;238;222;172m██[38;2;238;222;172m██[38;2;98;90;65m██        
    [38;2;180;65;65m██[38;2;255;213;230m██[38;2;255;213;230m██[38;2;255;213;230m██[38;2;255;213;230m██[38;2;255;213;230m██[38;2;246;131;164m██[38;2;246;131;164m██[38;2;180;65;65m██[38;2;180;65;65m██[38;2;180;65;65m██[38;2;246;131;164m██[38;2;246;131;164m██[38;2;246;131;164m██[38;2;246;131;164m██[38;2;246;131;164m██[38;2;246;131;164m██[38;2;180;65;65m██[38;2;246;131;164m██[38;2;246;131;164m██[38;2;246;131;164m██[38;2;0;0;0m██[38;2;65;65;65m██[38;2;65;65;65m██[38;2;65;65;65m██[38;2;65;65;65m██[38;2;65;65;65m██[38;2;65;65;65m██[38;2;65;65;65m██[38;2;65;65;65m██[38;2;65;65;65m██[38;2;65;65;65m██[38;2;65;65;65m██[38;2;65;65;65m██[38;2;0;0;0m██                                        [38;2;0;0;0m██[38;2;180;164;123m██[38;2;238;222;172m██[38;2;98;90;65m██        
      [38;2;0;0;0m██[38;2;255;213;230m██[38;2;255;213;230m██[38;2;180;65;65m██[38;2;180;65;65m██[38;2;180;65;65m██[38;2;180;65;65m██[38;2;246;131;164m██[38;2;246;131;164m██[38;2;246;131;164m██[38;2;246;131;164m██[38;2;246;131;164m██[38;2;246;131;164m██[38;2;246;131;164m██[38;2;180;65;65m██[38;2;180;65;65m██[38;2;246;131;164m██[38;2;246;131;164m██[38;2;246;131;164m██[38;2;246;131;164m██[38;2;0;0;0m██[38;2;65;65;65m██[38;2;0;0;0m██[38;2;0;0;0m██[38;2;65;65;65m██[38;2;65;65;65m██[38;2;65;65;65m██[38;2;65;65;65m██[38;2;65;65;65m██[38;2;65;65;65m██[38;2;65;65;65m██[38;2;0;0;0m██[38;2;0;0;0m██                                          [38;2;0;0;0m██[38;2;180;164;123m██[38;2;98;90;65m██          
        [38;2;0;0;0m██[38;2;180;65;65m██[38;2;255;213;230m██[38;2;255;213;230m██[38;2;255;213;230m██[38;2;246;131;164m██[38;2;246;131;164m██[38;2;246;131;164m██[38;2;246;131;164m██[38;2;246;131;164m██[38;2;246;131;164m██[38;2;246;131;164m██[38;2;180;65;65m██[38;2;246;131;164m██[38;2;246;131;164m██[38;2;246;131;164m██[38;2;246;131;164m██[38;2;246;131;164m██[38;2;0;0;0m██[38;2;65;65;65m██[38;2;65;65;65m██[38;2;65;65;65m██[38;2;65;65;65m██[38;2;0;0;0m██[38;2;0;0;0m██[38;2;65;65;65m██[38;2;65;65;65m██[38;2;65;65;65m██[38;2;65;65;65m██[38;2;0;0;0m██                                              [38;2;0;0;0m██[38;2;180;164;123m██[38;2;98;90;65m██          
        [38;2;180;65;65m██[38;2;255;213;230m██[38;2;255;213;230m██[38;2;255;213;230m██[38;2;255;213;230m██[38;2;255;213;230m██[38;2;246;131;164m██[38;2;246;131;164m██[38;2;246;131;164m██[38;2;246;131;164m██[38;2;180;65;65m██[38;2;180;65;65m██[38;2;246;131;164m██[38;2;246;131;164m██[38;2;246;131;164m██[38;2;246;131;164m██[38;2;246;131;164m██[38;2;180;65;65m██[38;2;65;65;65m██[38;2;65;65;65m██[38;2;65;65;65m██[38;2;65;65;65m██[38;2;0;0;0m██  [38;2;0;0;0m██[38;2;65;65;65m██[38;2;65;65;65m██[38;2;65;65;65m██[38;2;0;0;0m██                                                [38;2;0;0;0m██[38;2;0;0;0m██            
          [38;2;180;65;65m██[38;2;255;213;230m██[38;2;255;213;230m██[38;2;255;213;230m██[38;2;255;213;230m██[38;2;255;213;230m██[38;2;180;65;65m██[38;2;180;65;65m██[38;2;180;65;65m██[38;2;246;131;164m██[38;2;246;131;164m██[38;2;246;131;164m██[38;2;246;131;164m██[38;2;246;131;164m██[38;2;246;131;164m██[38;2;180;65;65m██[38;2;0;0;0m██[38;2;65;65;65m██[38;2;65;65;65m██[38;2;65;65;65m██[38;2;0;0;0m██      [38;2;0;0;0m██[38;2;180;164;123m██[38;2;65;65;65m██[38;2;0;0;0m██                                                                
            [38;2;0;0;0m██[38;2;255;213;230m██[38;2;255;213;230m██[38;2;180;65;65m██[38;2;180;65;65m██[38;2;255;213;230m██[38;2;246;131;164m██[38;2;246;131;164m██[38;2;246;131;164m██[38;2;246;131;164m██[38;2;246;131;164m██[38;2;246;131;164m██[38;2;246;131;164m██[38;2;180;65;65m██  [38;2;0;0;0m██[38;2;180;164;123m██[38;2;65;65;65m██[38;2;0;0;0m██        [38;2;0;0;0m██[38;2;180;164;123m██[38;2;0;0;0m██                                                                  
              [38;2;0;0;0m██[38;2;0;0;0m██[38;2;255;213;230m██[38;2;255;213;230m██[38;2;255;213;230m██[38;2;255;213;230m██[38;2;255;213;230m██[38;2;255;213;230m██[38;2;246;131;164m██[38;2;246;131;164m██[38;2;246;131;164m██[38;2;0;0;0m██    [38;2;98;90;65m██[38;2;180;164;123m██[38;2;180;164;123m██[38;2;0;0;0m██      [38;2;0;0;0m██[38;2;180;164;123m██[38;2;180;164;123m██[38;2;0;0;0m██                                                                  
                  [38;2;0;0;0m██[38;2;255;213;230m██[38;2;255;213;230m██[38;2;255;213;230m██[38;2;255;213;230m██[38;2;255;213;230m██[38;2;255;213;230m██[38;2;255;213;230m██[38;2;0;0;0m██    [38;2;0;0;0m██[38;2;180;164;123m██[38;2;180;164;123m██[38;2;0;0;0m██        [38;2;0;0;0m██[38;2;180;164;123m██[38;2;180;164;123m██[38;2;180;164;123m██[38;2;98;90;65m██[38;2;98;90;65m██                                                              
                    [38;2;0;0;0m██[38;2;0;0;0m██[38;2;255;213;230m██[38;2;255;213;230m██[38;2;255;213;230m██[38;2;0;0;0m██[38;2;0;0;0m██      [38;2;0;0;0m██[38;2;180;164;123m██[38;2;180;164;123m██[38;2;0;0;0m██        [38;2;0;0;0m██[38;2;180;164;123m██[38;2;180;164;123m██[38;2;238;222;172m██[38;2;238;222;172m██[38;2;238;222;172m██[38;2;98;90;65m██[38;2;98;90;65m██                                                          
                        [38;2;0;0;0m██[38;2;0;0;0m██[38;2;0;0;0m██          [38;2;0;0;0m██[38;2;180;164;123m██[38;2;238;222;172m██[38;2;0;0;0m██          [38;2;0;0;0m██[38;2;0;0;0m██[38;2;98;90;65m██[38;2;180;164;123m██[38;2;238;222;172m██[38;2;238;222;172m██[38;2;238;222;172m██[38;2;98;90;65m██                                                        
                                          [38;2;98;90;65m██[38;2;238;222;172m██[38;2;180;164;123m██[38;2;65;65;65m██              [38;2;0;0;0m██[38;2;0;0;0m██[38;2;180;164;123m██[38;2;238;222;172m██[38;2;238;222;172m██[38;2;98;90;65m██[38;2;98;90;65m██[38;2;98;90;65m██[38;2;98;90;65m██[38;2;98;90;65m██                                              
                                          [38;2;0;0;0m██[38;2;180;164;123m██[38;2;238;222;172m██[38;2;65;65;65m██                  [38;2;0;0;0m██[38;2;180;164;123m██[38;2;180;164;123m██[38;2;238;222;172m██[38;2;180;164;123m██[38;2;180;164;123m██[38;2;238;222;172m██[38;2;238;222;172m██[38;2;98;90;65m██[38;2;98;90;65m██                                          
                                          [38;2;0;0;0m██[38;2;180;164;123m██[38;2;238;222;172m██[38;2;65;65;65m██                    [38;2;65;65;65m██[38;2;180;164;123m██[38;2;180;164;123m██[38;2;238;222;172m██[38;2;238;222;172m██[38;2;180;164;123m██[38;2;180;164;123m██[38;2;238;222;172m██[38;2;238;222;172m██[38;2;98;90;65m██                                        
                                            [38;2;98;90;65m██[38;2;180;164;123m██[38;2;238;222;172m██[38;2;65;65;65m██                [38;2;65;65;65m██[38;2;255;255;255m██[38;2;255;255;255m██[38;2;98;90;65m██[38;2;180;164;123m██[38;2;180;164;123m██[38;2;238;222;172m██[38;2;238;222;172m██[38;2;98;90;65m██[38;2;180;164;123m██[38;2;238;222;172m██[38;2;98;90;65m██                                      
                                            [38;2;0;0;0m██[38;2;180;164;123m██[38;2;238;222;172m██[38;2;65;65;65m██                [38;2;65;65;65m██[38;2;213;205;205m██[38;2;65;65;65m██[38;2;0;0;0m██[38;2;0;0;0m██[38;2;98;90;65m██[38;2;180;164;123m██[38;2;238;222;172m██[38;2;98;90;65m██[38;2;180;164;123m██[38;2;98;90;65m██[38;2;0;0;0m██                                      
                                            [38;2;0;0;0m██[38;2;180;164;123m██[38;2;238;222;172m██[38;2;65;65;65m██                [38;2;0;0;0m██[38;2;0;0;0m██      [38;2;0;0;0m██[38;2;255;255;255m██[38;2;180;164;123m██[38;2;98;90;65m██[38;2;98;90;65m██[38;2;255;255;255m██[38;2;0;0;0m██                                      
                                              [38;2;98;90;65m██[38;2;238;222;172m██[38;2;238;222;172m██[38;2;65;65;65m██[38;2;98;90;65m██[38;2;131;131;131m██    [38;2;98;90;65m██[38;2;131;131;131m██[38;2;131;131;131m██        [38;2;0;0;0m██[38;2;255;255;255m██[38;2;213;205;205m██[38;2;98;90;65m██[38;2;213;205;205m██[38;2;255;255;255m██[38;2;0;0;0m██                                        
                                              [38;2;0;0;0m██[38;2;180;164;123m██[38;2;238;222;172m██[38;2;65;65;65m██[38;2;213;205;205m██[38;2;131;131;131m██  [38;2;98;90;65m██[38;2;180;164;123m██[38;2;255;255;255m██[38;2;255;255;255m██[38;2;131;131;131m██      [38;2;0;0;0m██[38;2;0;0;0m██[38;2;98;90;65m██  [38;2;0;0;0m██[38;2;0;0;0m██                                          
                                              [38;2;0;0;0m██[38;2;180;164;123m██[38;2;238;222;172m██[38;2;65;65;65m██[38;2;98;90;65m██[38;2;98;90;65m██[38;2;98;90;65m██[38;2;238;222;172m██[38;2;180;164;123m██[38;2;213;205;205m██[38;2;0;0;0m██[38;2;0;0;0m██                                                            
                                                [38;2;98;90;65m██[38;2;238;222;172m██[38;2;238;222;172m██[38;2;65;65;65m██[38;2;238;222;172m██[38;2;238;222;172m██[38;2;180;164;123m██[38;2;98;90;65m██[38;2;0;0;0m██                                                                
                                              [38;2;65;65;65m██[38;2;65;65;65m██[38;2;180;164;123m██[38;2;238;222;172m██[38;2;238;222;172m██[38;2;180;164;123m██[38;2;98;90;65m██[38;2;98;90;65m██[38;2;238;222;172m██[38;2;238;222;172m██[38;2;131;131;131m██[38;2;131;131;131m██                                                            
                                            [38;2;131;131;131m██[38;2;238;222;172m██[38;2;238;222;172m██[38;2;238;222;172m██[38;2;238;222;172m██[38;2;238;222;172m██[38;2;238;222;172m██[38;2;238;222;172m██[38;2;238;222;172m██[38;2;238;222;172m██[38;2;180;164;123m██[38;2;255;255;255m██[38;2;255;255;255m██[38;2;131;131;131m██                                                          
                                          [38;2;131;131;131m██[38;2;255;255;255m██[38;2;65;65;65m██[38;2;238;222;172m██[38;2;180;164;123m██[38;2;0;0;0m██[38;2;0;0;0m██[38;2;0;0;0m██[38;2;0;0;0m██[38;2;180;164;123m██[38;2;180;164;123m██[38;2;0;0;0m██[38;2;0;0;0m██[38;2;213;205;205m██[38;2;131;131;131m██                                                          
                                          [38;2;131;131;131m██[38;2;213;205;205m██[38;2;0;0;0m██[38;2;0;0;0m██[38;2;0;0;0m██        [38;2;0;0;0m██[38;2;0;0;0m██    [38;2;0;0;0m██[38;2;0;0;0m██                                                          
                                          [38;2;0;0;0m██[38;2;0;0;0m██                                                                                    
