                                                                                  [38;2;49;82;123m██                                
                                                                                [38;2;49;82;123m██[38;2;131;180;230m██[38;2;49;82;123m██                              
                                                                                [38;2;57;115;172m██[38;2;131;180;230m██[38;2;49;82;123m██                              
                                                                              [38;2;49;82;123m██[38;2;131;180;230m██[38;2;131;180;230m██[38;2;90;139;197m██[38;2;49;82;123m██                            
                                                                              [38;2;49;82;123m██[38;2;131;180;230m██[38;2;90;139;197m██[38;2;90;139;197m██[38;2;16;16;16m██                            
                                                                          [38;2;49;82;123m██[38;2;49;82;123m██[38;2;57;115;172m██[38;2;57;115;172m██[38;2;90;139;197m██[38;2;90;139;197m██[38;2;16;16;16m██                            
                                                                      [38;2;49;82;123m██[38;2;57;115;172m██[38;2;131;180;230m██[38;2;131;180;230m██[38;2;131;180;230m██[38;2;90;139;197m██[38;2;90;139;197m██[38;2;90;139;197m██[38;2;90;139;197m██[38;2;49;82;123m██[38;2;49;82;123m██                        
                                                                    [38;2;49;82;123m██[38;2;131;180;230m██[38;2;131;180;230m██[38;2;131;180;230m██[38;2;131;180;230m██[38;2;131;180;230m██[38;2;131;180;230m██[38;2;131;180;230m██[38;2;90;139;197m██[38;2;90;139;197m██[38;2;90;139;197m██[38;2;90;139;197m██[38;2;49;82;123m██                      
                                                                  [38;2;57;115;172m██[38;2;131;180;230m██[38;2;131;180;230m██[38;2;131;180;230m██[38;2;131;180;230m██[38;2;131;180;230m██[38;2;131;180;230m██[38;2;131;180;230m██[38;2;131;180;230m██[38;2;90;139;197m██[38;2;90;139;197m██[38;2;90;139;197m██[38;2;90;139;197m██[38;2;90;139;197m██[38;2;49;82;123m██                    
                                                                [38;2;49;82;123m██[38;2;90;139;197m██[38;2;90;139;197m██[38;2;131;180;230m██[38;2;131;180;230m██[38;2;131;180;230m██[38;2;131;180;230m██[38;2;131;180;230m██[38;2;90;139;197m██[38;2;90;139;197m██[38;2;90;139;197m██[38;2;90;139;197m██[38;2;90;139;197m██[38;2;90;139;197m██[38;2;90;139;197m██[38;2;57;115;172m██[38;2;49;82;123m██                  
                                  [38;2;57;115;172m██[38;2;57;115;172m██[38;2;57;115;172m██[38;2;49;82;123m██[38;2;49;82;123m██[38;2;49;82;123m██                [38;2;49;82;123m██[38;2;90;139;197m██[38;2;90;139;197m██[38;2;90;139;197m██[38;2;90;139;197m██[38;2;90;139;197m██[38;2;90;139;197m██[38;2;90;139;197m██[38;2;90;139;197m██[38;2;90;139;197m██[38;2;90;139;197m██[38;2;90;139;197m██[38;2;90;139;197m██[38;2;90;139;197m██[38;2;90;139;197m██[38;2;57;115;172m██[38;2;90;139;197m██[38;2;49;82;123m██                  
          [38;2;49;82;123m██[38;2;49;82;123m██[38;2;49;82;123m██[38;2;49;82;123m██            [38;2;57;115;172m██[38;2;57;115;172m██[38;2;131;180;230m██[38;2;131;180;230m██[38;2;131;180;230m██[38;2;90;139;197m██[38;2;90;139;197m██[38;2;90;139;197m██[38;2;57;115;172m██              [38;2;57;115;172m██[38;2;90;139;197m██[38;2;90;139;197m██[38;2;90;139;197m██[38;2;90;139;197m██[38;2;90;139;197m██[38;2;90;139;197m██[38;2;90;139;197m██[38;2;90;139;197m██[38;2;90;139;197m██[38;2;90;139;197m██[38;2;90;139;197m██[38;2;90;139;197m██[38;2;90;139;197m██[38;2;90;139;197m██[38;2;57;115;172m██[38;2;90;139;197m██[38;2;255;255;255m██[38;2;49;82;123m██                
      [38;2;49;82;123m██[38;2;57;115;172m██[38;2;131;180;230m██[38;2;131;180;230m██[38;2;131;180;230m██[38;2;131;180;230m██[38;2;57;115;172m██[38;2;49;82;123m██      [38;2;57;115;172m██[38;2;131;180;230m██[38;2;131;180;230m██[38;2;131;180;230m██[38;2;131;180;230m██[38;2;131;180;230m██[38;2;57;115;172m██[38;2;57;115;172m██[38;2;49;82;123m██[38;2;90;139;197m██[38;2;49;82;123m██          [38;2;49;82;123m██[38;2;90;139;197m██[38;2;90;139;197m██[38;2;90;139;197m██[38;2;90;139;197m██[38;2;90;139;197m██[38;2;90;139;197m██[38;2;90;139;197m██[38;2;90;139;197m██[38;2;90;139;197m██[38;2;90;139;197m██[38;2;90;139;197m██[38;2;90;139;197m██[38;2;90;139;197m██[38;2;90;139;197m██[38;2;90;139;197m██[38;2;90;139;197m██[38;2;90;139;197m██[38;2;16;16;16m██[38;2;49;82;123m██                
    [38;2;57;115;172m██[38;2;131;180;230m██[38;2;131;180;230m██[38;2;131;180;230m██[38;2;131;180;230m██[38;2;131;180;230m██[38;2;131;180;230m██[38;2;131;180;230m██[38;2;131;180;230m██[38;2;49;82;123m██  [38;2;57;115;172m██[38;2;131;180;230m██[38;2;131;180;230m██[38;2;131;180;230m██[38;2;131;180;230m██[38;2;131;180;230m██[38;2;131;180;230m██[38;2;90;139;197m██[38;2;90;139;197m██[38;2;90;139;197m██[38;2;49;82;123m██[38;2;49;82;123m██          [38;2;49;82;123m██[38;2;90;139;197m██[38;2;90;139;197m██[38;2;90;139;197m██[38;2;90;139;197m██[38;2;90;139;197m██[38;2;90;139;197m██[38;2;90;139;197m██[38;2;90;139;197m██[38;2;90;139;197m██[38;2;90;139;197m██[38;2;90;139;197m██[38;2;90;139;197m██[38;2;90;139;197m██[38;2;90;139;197m██[38;2;90;139;197m██[38;2;90;139;197m██[38;2;90;139;197m██[38;2;16;16;16m██[38;2;90;139;197m██[38;2;16;16;16m██              
  [38;2;57;115;172m██[38;2;90;139;197m██[38;2;131;180;230m██[38;2;131;180;230m██[38;2;131;180;230m██[38;2;131;180;230m██[38;2;131;180;230m██[38;2;131;180;230m██[38;2;131;180;230m██[38;2;131;180;230m██[38;2;90;139;197m██[38;2;16;16;16m██[38;2;131;180;230m██[38;2;131;180;230m██[38;2;131;180;230m██[38;2;131;180;230m██[38;2;131;180;230m██[38;2;131;180;230m██[38;2;90;139;197m██[38;2;90;139;197m██[38;2;90;139;197m██[38;2;90;139;197m██[38;2;90;139;197m██[38;2;90;139;197m██[38;2;49;82;123m██        [38;2;49;82;123m██[38;2;90;139;197m██[38;2;90;139;197m██[38;2;90;139;197m██[38;2;90;139;197m██[38;2;90;139;197m██[38;2;90;139;197m██[38;2;90;139;197m██[38;2;90;139;197m██[38;2;90;139;197m██[38;2;90;139;197m██[38;2;90;139;197m██[38;2;90;139;197m██[38;2;90;139;197m██[38;2;90;139;197m██[38;2;90;139;197m██[38;2;90;139;197m██[38;2;90;139;197m██[38;2;16;16;16m██[38;2;131;180;230m██[38;2;16;16;16m██[38;2;16;16;16m██            
  [38;2;49;82;123m██[38;2;90;139;197m██[38;2;57;115;172m██[38;2;90;139;197m██[38;2;131;180;230m██[38;2;131;180;230m██[38;2;131;180;230m██[38;2;131;180;230m██[38;2;131;180;230m██[38;2;90;139;197m██[38;2;90;139;197m██[38;2;57;115;172m██[38;2;90;139;197m██[38;2;131;180;230m██[38;2;131;180;230m██[38;2;131;180;230m██[38;2;90;139;197m██[38;2;90;139;197m██[38;2;90;139;197m██[38;2;57;115;172m██[38;2;57;115;172m██[38;2;49;82;123m██[38;2;90;139;197m██[38;2;90;139;197m██[38;2;49;82;123m██        [38;2;49;82;123m██[38;2;90;139;197m██[38;2;90;139;197m██[38;2;90;139;197m██[38;2;90;139;197m██[38;2;90;139;197m██[38;2;90;139;197m██[38;2;90;139;197m██[38;2;90;139;197m██[38;2;90;139;197m██[38;2;90;139;197m██[38;2;90;139;197m██[38;2;90;139;197m██[38;2;90;139;197m██[38;2;90;139;197m██[38;2;90;139;197m██[38;2;90;139;197m██[38;2;90;139;197m██[38;2;90;139;197m██[38;2;164;131;90m██[38;2;255;255;255m██[38;2;163;138;25m██            
  [38;2;49;82;123m██[38;2;49;82;123m██[38;2;90;139;197m██[38;2;90;139;197m██[38;2;90;139;197m██[38;2;90;139;197m██[38;2;90;139;197m██[38;2;90;139;197m██[38;2;90;139;197m██[38;2;90;139;197m██[38;2;57;115;172m██[38;2;90;139;197m██[38;2;90;139;197m██[38;2;90;139;197m██[38;2;90;139;197m██[38;2;90;139;197m██[38;2;90;139;197m██[38;2;90;139;197m██[38;2;90;139;197m██[38;2;90;139;197m██[38;2;90;139;197m██[38;2;90;139;197m██[38;2;49;82;123m██[38;2;90;139;197m██[38;2;16;16;16m██      [38;2;49;82;123m██[38;2;90;139;197m██[38;2;90;139;197m██[38;2;90;139;197m██[38;2;90;139;197m██[38;2;90;139;197m██[38;2;90;139;197m██[38;2;90;139;197m██[38;2;90;139;197m██[38;2;90;139;197m██[38;2;90;139;197m██[38;2;90;139;197m██[38;2;90;139;197m██[38;2;90;139;197m██[38;2;90;139;197m██[38;2;90;139;197m██[38;2;90;139;197m██[38;2;90;139;197m██[38;2;90;139;197m██[38;2;164;131;90m██[38;2;255;255;255m██[38;2;255;255;255m██[38;2;255;255;255m██[38;2;148;156;180m██          
  [38;2;57;115;172m██[38;2;90;139;197m██[38;2;90;139;197m██[38;2;90;139;197m██[38;2;90;139;197m██[38;2;90;139;197m██[38;2;90;139;197m██[38;2;90;139;197m██[38;2;90;139;197m██[38;2;90;139;197m██[38;2;49;82;123m██[38;2;90;139;197m██[38;2;90;139;197m██[38;2;90;139;197m██[38;2;90;139;197m██[38;2;90;139;197m██[38;2;90;139;197m██[38;2;90;139;197m██[38;2;90;139;197m██[38;2;90;139;197m██[38;2;90;139;197m██[38;2;90;139;197m██[38;2;90;139;197m██[38;2;57;115;172m██[38;2;16;16;16m██      [38;2;49;82;123m██[38;2;49;82;123m██[38;2;49;82;123m██[38;2;49;82;123m██[38;2;49;82;123m██[38;2;49;82;123m██[38;2;57;115;172m██[38;2;90;139;197m██[38;2;90;139;197m██[38;2;90;139;197m██[38;2;90;139;197m██[38;2;90;139;197m██[38;2;90;139;197m██[38;2;90;139;197m██[38;2;90;139;197m██[38;2;90;139;197m██[38;2;90;139;197m██[38;2;90;139;197m██[38;2;90;139;197m██[38;2;255;222;131m██[38;2;255;222;131m██[38;2;255;222;131m██[38;2;148;156;180m██[38;2;255;255;255m██[38;2;16;16;16m██        
[38;2;57;115;172m██[38;2;90;139;197m██[38;2;90;139;197m██[38;2;90;139;197m██[38;2;57;115;172m██[38;2;90;139;197m██[38;2;90;139;197m██[38;2;90;139;197m██[38;2;90;139;197m██[38;2;90;139;197m██[38;2;57;115;172m██[38;2;49;82;123m██[38;2;90;139;197m██[38;2;90;139;197m██[38;2;90;139;197m██[38;2;90;139;197m██[38;2;90;139;197m██[38;2;57;115;172m██[38;2;57;115;172m██[38;2;57;115;172m██[38;2;57;115;172m██[38;2;57;115;172m██[38;2;90;139;197m██[38;2;90;139;197m██[38;2;16;16;16m██    [38;2;49;82;123m██[38;2;49;82;123m██[38;2;131;180;230m██[38;2;131;180;230m██[38;2;131;180;230m██[38;2;131;180;230m██[38;2;131;180;230m██[38;2;131;180;230m██[38;2;90;139;197m██[38;2;49;82;123m██[38;2;57;115;172m██[38;2;90;139;197m██[38;2;90;139;197m██[38;2;90;139;197m██[38;2;90;139;197m██[38;2;90;139;197m██[38;2;90;139;197m██[38;2;90;139;197m██[38;2;90;139;197m██[38;2;90;139;197m██[38;2;164;131;90m██[38;2;255;222;131m██[38;2;255;222;131m██[38;2;148;156;180m██[38;2;213;205;238m██[38;2;255;255;255m██[38;2;16;16;16m██        
[38;2;49;82;123m██[38;2;90;139;197m██[38;2;90;139;197m██[38;2;49;82;123m██[38;2;90;139;197m██[38;2;90;139;197m██[38;2;90;139;197m██[38;2;90;139;197m██[38;2;90;139;197m██[38;2;57;115;172m██[38;2;57;115;172m██[38;2;57;115;172m██[38;2;57;115;172m██[38;2;90;139;197m██[38;2;90;139;197m██[38;2;57;115;172m██[38;2;57;115;172m██[38;2;57;115;172m██[38;2;49;82;123m██[38;2;49;82;123m██[38;2;49;82;123m██[38;2;57;115;172m██[38;2;57;115;172m██[38;2;57;115;172m██[38;2;49;82;123m██  [38;2;57;115;172m██[38;2;131;180;230m██[38;2;131;180;230m██[38;2;131;180;230m██[38;2;131;180;230m██[38;2;131;180;230m██[38;2;131;180;230m██[38;2;131;180;230m██[38;2;131;180;230m██[38;2;131;180;230m██[38;2;90;139;197m██[38;2;90;139;197m██[38;2;57;115;172m██[38;2;90;139;197m██[38;2;90;139;197m██[38;2;90;139;197m██[38;2;90;139;197m██[38;2;90;139;197m██[38;2;90;139;197m██[38;2;90;139;197m██[38;2;164;131;90m██[38;2;255;222;131m██[38;2;255;222;131m██[38;2;255;222;131m██[38;2;49;82;123m██[38;2;255;255;255m██[38;2;213;205;238m██[38;2;16;16;16m██        
[38;2;16;16;16m██[38;2;90;139;197m██[38;2;49;82;123m██[38;2;90;139;197m██[38;2;90;139;197m██[38;2;90;139;197m██[38;2;90;139;197m██[38;2;57;115;172m██[38;2;57;115;172m██[38;2;57;115;172m██[38;2;57;115;172m██[38;2;57;115;172m██[38;2;57;115;172m██[38;2;57;115;172m██[38;2;57;115;172m██[38;2;57;115;172m██[38;2;57;115;172m██[38;2;49;82;123m██      [38;2;16;16;16m██[38;2;16;16;16m██[38;2;49;82;123m██  [38;2;57;115;172m██[38;2;131;180;230m██[38;2;131;180;230m██[38;2;131;180;230m██[38;2;131;180;230m██[38;2;131;180;230m██[38;2;131;180;230m██[38;2;131;180;230m██[38;2;131;180;230m██[38;2;131;180;230m██[38;2;131;180;230m██[38;2;131;180;230m██[38;2;90;139;197m██[38;2;90;139;197m██[38;2;90;139;197m██[38;2;90;139;197m██[38;2;90;139;197m██[38;2;90;139;197m██[38;2;90;139;197m██[38;2;90;139;197m██[38;2;90;139;197m██[38;2;163;138;25m██[38;2;255;222;131m██[38;2;255;222;131m██[38;2;255;222;131m██[38;2;49;82;123m██[38;2;213;205;238m██[38;2;16;16;16m██          
  [38;2;49;82;123m██[38;2;90;139;197m██[38;2;90;139;197m██[38;2;90;139;197m██[38;2;57;115;172m██[38;2;57;115;172m██[38;2;57;115;172m██[38;2;57;115;172m██[38;2;57;115;172m██[38;2;57;115;172m██[38;2;57;115;172m██[38;2;57;115;172m██[38;2;57;115;172m██[38;2;57;115;172m██[38;2;57;115;172m██[38;2;16;16;16m██              [38;2;49;82;123m██[38;2;131;180;230m██[38;2;131;180;230m██[38;2;131;180;230m██[38;2;131;180;230m██[38;2;131;180;230m██[38;2;131;180;230m██[38;2;131;180;230m██[38;2;131;180;230m██[38;2;131;180;230m██[38;2;131;180;230m██[38;2;131;180;230m██[38;2;131;180;230m██[38;2;90;139;197m██[38;2;90;139;197m██[38;2;90;139;197m██[38;2;90;139;197m██[38;2;90;139;197m██[38;2;90;139;197m██[38;2;90;139;197m██[38;2;90;139;197m██[38;2;90;139;197m██[38;2;163;138;25m██[38;2;255;222;131m██[38;2;255;222;131m██[38;2;255;222;131m██[38;2;255;222;131m██[38;2;163;138;25m██[38;2;213;205;238m██          
  [38;2;16;16;16m██[38;2;90;139;197m██[38;2;90;139;197m██[38;2;57;115;172m██[38;2;57;115;172m██[38;2;16;16;16m██[38;2;16;16;16m██[38;2;49;82;123m██[38;2;57;115;172m██[38;2;57;115;172m██[38;2;57;115;172m██[38;2;57;115;172m██[38;2;57;115;172m██[38;2;57;115;172m██[38;2;57;115;172m██[38;2;16;16;16m██            [38;2;49;82;123m██[38;2;90;139;197m██[38;2;90;139;197m██[38;2;131;180;230m██[38;2;131;180;230m██[38;2;131;180;230m██[38;2;131;180;230m██[38;2;131;180;230m██[38;2;131;180;230m██[38;2;131;180;230m██[38;2;131;180;230m██[38;2;90;139;197m██[38;2;90;139;197m██[38;2;90;139;197m██[38;2;90;139;197m██[38;2;90;139;197m██[38;2;90;139;197m██[38;2;90;139;197m██[38;2;90;139;197m██[38;2;90;139;197m██[38;2;90;139;197m██[38;2;90;139;197m██[38;2;90;139;197m██[38;2;163;138;25m██[38;2;163;138;25m██[38;2;255;222;131m██[38;2;16;16;16m██[38;2;16;16;16m██              
    [38;2;16;16;16m██[38;2;57;115;172m██[38;2;57;115;172m██[38;2;16;16;16m██      [38;2;16;16;16m██[38;2;57;115;172m██[38;2;57;115;172m██[38;2;57;115;172m██[38;2;57;115;172m██[38;2;57;115;172m██[38;2;57;115;172m██[38;2;49;82;123m██            [38;2;49;82;123m██[38;2;90;139;197m██[38;2;90;139;197m██[38;2;90;139;197m██[38;2;90;139;197m██[38;2;131;180;230m██[38;2;131;180;230m██[38;2;131;180;230m██[38;2;131;180;230m██[38;2;90;139;197m██[38;2;90;139;197m██[38;2;90;139;197m██[38;2;90;139;197m██[38;2;90;139;197m██[38;2;90;139;197m██[38;2;90;139;197m██[38;2;90;139;197m██[38;2;90;139;197m██[38;2;90;139;197m██[38;2;90;139;197m██[38;2;90;139;197m██[38;2;90;139;197m██[38;2;90;139;197m██[38;2;90;139;197m██[38;2;163;138;25m██[38;2;16;16;16m██                  
      [38;2;16;16;16m██[38;2;16;16;16m██          [38;2;16;16;16m██[38;2;57;115;172m██[38;2;57;115;172m██[38;2;57;115;172m██[38;2;57;115;172m██[38;2;90;139;197m██[38;2;90;139;197m██[38;2;49;82;123m██        [38;2;49;82;123m██[38;2;90;139;197m██[38;2;90;139;197m██[38;2;90;139;197m██[38;2;90;139;197m██[38;2;90;139;197m██[38;2;90;139;197m██[38;2;90;139;197m██[38;2;90;139;197m██[38;2;90;139;197m██[38;2;90;139;197m██[38;2;90;139;197m██[38;2;90;139;197m██[38;2;90;139;197m██[38;2;90;139;197m██[38;2;90;139;197m██[38;2;90;139;197m██[38;2;90;139;197m██[38;2;90;139;197m██[38;2;90;139;197m██[38;2;90;139;197m██[38;2;90;139;197m██[38;2;90;139;197m██[38;2;90;139;197m██[38;2;90;139;197m██[38;2;16;16;16m██                    
                      [38;2;16;16;16m██[38;2;90;139;197m██[38;2;90;139;197m██[38;2;90;139;197m██[38;2;90;139;197m██[38;2;90;139;197m██[38;2;90;139;197m██[38;2;57;115;172m██[38;2;49;82;123m██[38;2;49;82;123m██[38;2;57;115;172m██[38;2;90;139;197m██[38;2;90;139;197m██[38;2;90;139;197m██[38;2;90;139;197m██[38;2;90;139;197m██[38;2;90;139;197m██[38;2;90;139;197m██[38;2;90;139;197m██[38;2;90;139;197m██[38;2;90;139;197m██[38;2;90;139;197m██[38;2;90;139;197m██[38;2;90;139;197m██[38;2;90;139;197m██[38;2;90;139;197m██[38;2;90;139;197m██[38;2;90;139;197m██[38;2;90;139;197m██[38;2;90;139;197m██[38;2;90;139;197m██[38;2;90;139;197m██[38;2;90;139;197m██[38;2;90;139;197m██[38;2;90;139;197m██[38;2;90;139;197m██[38;2;49;82;123m██                    
                        [38;2;49;82;123m██[38;2;90;139;197m██[38;2;90;139;197m██[38;2;90;139;197m██[38;2;90;139;197m██[38;2;90;139;197m██[38;2;90;139;197m██[38;2;90;139;197m██[38;2;90;139;197m██[38;2;57;115;172m██[38;2;49;82;123m██[38;2;57;115;172m██[38;2;57;115;172m██[38;2;90;139;197m██[38;2;90;139;197m██[38;2;90;139;197m██[38;2;90;139;197m██[38;2;90;139;197m██[38;2;90;139;197m██[38;2;90;139;197m██[38;2;90;139;197m██[38;2;90;139;197m██[38;2;90;139;197m██[38;2;90;139;197m██[38;2;90;139;197m██[38;2;90;139;197m██[38;2;90;139;197m██[38;2;90;139;197m██[38;2;90;139;197m██[38;2;90;139;197m██[38;2;90;139;197m██[38;2;90;139;197m██[38;2;90;139;197m██[38;2;90;139;197m██[38;2;90;139;197m██[38;2;57;115;172m██[38;2;49;82;123m██                  
                        [38;2;49;82;123m██[38;2;90;139;197m██[38;2;90;139;197m██[38;2;90;139;197m██[38;2;90;139;197m██[38;2;90;139;197m██[38;2;90;139;197m██[38;2;90;139;197m██[38;2;90;139;197m██[38;2;90;139;197m██[38;2;90;139;197m██[38;2;90;139;197m██[38;2;90;139;197m██[38;2;90;139;197m██[38;2;90;139;197m██[38;2;90;139;197m██[38;2;90;139;197m██[38;2;90;139;197m██[38;2;90;139;197m██[38;2;90;139;197m██[38;2;90;139;197m██[38;2;90;139;197m██[38;2;90;139;197m██[38;2;90;139;197m██[38;2;90;139;197m██[38;2;90;139;197m██[38;2;90;139;197m██[38;2;90;139;197m██[38;2;90;139;197m██[38;2;90;139;197m██[38;2;90;139;197m██[38;2;90;139;197m██[38;2;90;139;197m██[38;2;90;139;197m██[38;2;90;139;197m██[38;2;90;139;197m██[38;2;49;82;123m██                  
                          [38;2;49;82;123m██[38;2;90;139;197m██[38;2;90;139;197m██[38;2;90;139;197m██[38;2;90;139;197m██[38;2;90;139;197m██[38;2;90;139;197m██[38;2;90;139;197m██[38;2;90;139;197m██[38;2;90;139;197m██[38;2;90;139;197m██[38;2;90;139;197m██[38;2;90;139;197m██[38;2;90;139;197m██[38;2;90;139;197m██[38;2;90;139;197m██[38;2;90;139;197m██[38;2;90;139;197m██[38;2;90;139;197m██[38;2;90;139;197m██[38;2;90;139;197m██[38;2;90;139;197m██[38;2;90;139;197m██[38;2;90;139;197m██[38;2;90;139;197m██[38;2;90;139;197m██[38;2;90;139;197m██[38;2;90;139;197m██[38;2;90;139;197m██[38;2;90;139;197m██[38;2;90;139;197m██[38;2;90;139;197m██[38;2;90;139;197m██[38;2;90;139;197m██[38;2;90;139;197m██[38;2;49;82;123m██                  
                          [38;2;49;82;123m██[38;2;90;139;197m██[38;2;90;139;197m██[38;2;90;139;197m██[38;2;90;139;197m██[38;2;90;139;197m██[38;2;90;139;197m██[38;2;90;139;197m██[38;2;90;139;197m██[38;2;90;139;197m██[38;2;90;139;197m██[38;2;90;139;197m██[38;2;90;139;197m██[38;2;90;139;197m██[38;2;90;139;197m██[38;2;90;139;197m██[38;2;90;139;197m██[38;2;90;139;197m██[38;2;90;139;197m██[38;2;90;139;197m██[38;2;90;139;197m██[38;2;90;139;197m██[38;2;90;139;197m██[38;2;90;139;197m██[38;2;90;139;197m██[38;2;90;139;197m██[38;2;90;139;197m██[38;2;90;139;197m██[38;2;90;139;197m██[38;2;90;139;197m██[38;2;90;139;197m██[38;2;90;139;197m██[38;2;90;139;197m██[38;2;90;139;197m██[38;2;57;115;172m██[38;2;49;82;123m██                  
                            [38;2;49;82;123m██[38;2;90;139;197m██[38;2;90;139;197m██[38;2;90;139;197m██[38;2;90;139;197m██[38;2;90;139;197m██[38;2;90;139;197m██[38;2;90;139;197m██[38;2;90;139;197m██[38;2;90;139;197m██[38;2;90;139;197m██[38;2;90;139;197m██[38;2;90;139;197m██[38;2;90;139;197m██[38;2;90;139;197m██[38;2;90;139;197m██[38;2;90;139;197m██[38;2;90;139;197m██[38;2;90;139;197m██[38;2;90;139;197m██[38;2;90;139;197m██[38;2;90;139;197m██[38;2;90;139;197m██[38;2;90;139;197m██[38;2;90;139;197m██[38;2;90;139;197m██[38;2;90;139;197m██[38;2;90;139;197m██[38;2;90;139;197m██[38;2;90;139;197m██[38;2;90;139;197m██[38;2;90;139;197m██[38;2;57;115;172m██[38;2;57;115;172m██[38;2;49;82;123m██                  
                            [38;2;49;82;123m██[38;2;57;115;172m██[38;2;90;139;197m██[38;2;90;139;197m██[38;2;90;139;197m██[38;2;90;139;197m██[38;2;90;139;197m██[38;2;90;139;197m██[38;2;90;139;197m██[38;2;90;139;197m██[38;2;90;139;197m██[38;2;90;139;197m██[38;2;90;139;197m██[38;2;90;139;197m██[38;2;90;139;197m██[38;2;90;139;197m██[38;2;90;139;197m██[38;2;90;139;197m██[38;2;90;139;197m██[38;2;90;139;197m██[38;2;90;139;197m██[38;2;90;139;197m██[38;2;90;139;197m██[38;2;90;139;197m██[38;2;90;139;197m██[38;2;90;139;197m██[38;2;90;139;197m██[38;2;90;139;197m██[38;2;90;139;197m██[38;2;90;139;197m██[38;2;90;139;197m██[38;2;90;139;197m██[38;2;49;82;123m██[38;2;57;115;172m██[38;2;49;82;123m██                  
                              [38;2;49;82;123m██[38;2;90;139;197m██[38;2;90;139;197m██[38;2;90;139;197m██[38;2;90;139;197m██[38;2;90;139;197m██[38;2;90;139;197m██[38;2;90;139;197m██[38;2;90;139;197m██[38;2;90;139;197m██[38;2;90;139;197m██[38;2;90;139;197m██[38;2;90;139;197m██[38;2;90;139;197m██[38;2;90;139;197m██[38;2;90;139;197m██[38;2;90;139;197m██[38;2;90;139;197m██[38;2;90;139;197m██[38;2;90;139;197m██[38;2;90;139;197m██[38;2;90;139;197m██[38;2;90;139;197m██[38;2;90;139;197m██[38;2;90;139;197m██[38;2;57;115;172m██[38;2;90;139;197m██[38;2;90;139;197m██[38;2;90;139;197m██[38;2;90;139;197m██[38;2;90;139;197m██[38;2;90;139;197m██[38;2;16;16;16m██                    
                                [38;2;49;82;123m██[38;2;90;139;197m██[38;2;90;139;197m██[38;2;90;139;197m██[38;2;90;139;197m██[38;2;90;139;197m██[38;2;90;139;197m██[38;2;90;139;197m██[38;2;90;139;197m██[38;2;90;139;197m██[38;2;90;139;197m██[38;2;90;139;197m██[38;2;90;139;197m██[38;2;90;139;197m██[38;2;90;139;197m██[38;2;90;139;197m██[38;2;90;139;197m██[38;2;90;139;197m██[38;2;90;139;197m██[38;2;90;139;197m██[38;2;90;139;197m██[38;2;90;139;197m██[38;2;90;139;197m██[38;2;57;115;172m██[38;2;57;115;172m██[38;2;90;139;197m██[38;2;90;139;197m██[38;2;90;139;197m██[38;2;90;139;197m██[38;2;90;139;197m██[38;2;90;139;197m██[38;2;90;139;197m██[38;2;16;16;16m██[38;2;49;82;123m██                
                                  [38;2;49;82;123m██[38;2;90;139;197m██[38;2;90;139;197m██[38;2;90;139;197m██[38;2;90;139;197m██[38;2;90;139;197m██[38;2;90;139;197m██[38;2;90;139;197m██[38;2;90;139;197m██[38;2;90;139;197m██[38;2;90;139;197m██[38;2;90;139;197m██[38;2;90;139;197m██[38;2;90;139;197m██[38;2;90;139;197m██[38;2;90;139;197m██[38;2;90;139;197m██[38;2;90;139;197m██[38;2;90;139;197m██[38;2;90;139;197m██[38;2;90;139;197m██[38;2;57;115;172m██[38;2;57;115;172m██[38;2;57;115;172m██[38;2;49;82;123m██[38;2;90;139;197m██[38;2;90;139;197m██[38;2;90;139;197m██[38;2;90;139;197m██[38;2;90;139;197m██[38;2;90;139;197m██[38;2;131;180;230m██[38;2;131;180;230m██[38;2;49;82;123m██[38;2;49;82;123m██[38;2;57;115;172m██[38;2;57;115;172m██[38;2;57;115;172m██      
                                    [38;2;49;82;123m██[38;2;57;115;172m██[38;2;90;139;197m██[38;2;90;139;197m██[38;2;90;139;197m██[38;2;90;139;197m██[38;2;90;139;197m██[38;2;90;139;197m██[38;2;90;139;197m██[38;2;90;139;197m██[38;2;90;139;197m██[38;2;90;139;197m██[38;2;90;139;197m██[38;2;90;139;197m██[38;2;90;139;197m██[38;2;90;139;197m██[38;2;90;139;197m██[38;2;57;115;172m██[38;2;57;115;172m██[38;2;57;115;172m██[38;2;57;115;172m██[38;2;57;115;172m██[38;2;57;115;172m██[38;2;57;115;172m██[38;2;49;82;123m██[38;2;90;139;197m██[38;2;90;139;197m██[38;2;90;139;197m██[38;2;90;139;197m██[38;2;131;180;230m██[38;2;131;180;230m██[38;2;131;180;230m██[38;2;131;180;230m██[38;2;131;180;230m██[38;2;131;180;230m██[38;2;131;180;230m██[38;2;131;180;230m██[38;2;57;115;172m██[38;2;57;115;172m██  
                                      [38;2;49;82;123m██[38;2;57;115;172m██[38;2;57;115;172m██[38;2;57;115;172m██[38;2;57;115;172m██[38;2;90;139;197m██[38;2;90;139;197m██[38;2;90;139;197m██[38;2;90;139;197m██[38;2;90;139;197m██[38;2;90;139;197m██[38;2;57;115;172m██[38;2;57;115;172m██[38;2;57;115;172m██[38;2;57;115;172m██[38;2;57;115;172m██[38;2;57;115;172m██[38;2;57;115;172m██[38;2;57;115;172m██[38;2;57;115;172m██[38;2;57;115;172m██[38;2;57;115;172m██[38;2;57;115;172m██[38;2;16;16;16m██[38;2;57;115;172m██[38;2;90;139;197m██[38;2;90;139;197m██[38;2;131;180;230m██[38;2;131;180;230m██[38;2;131;180;230m██[38;2;131;180;230m██[38;2;131;180;230m██[38;2;131;180;230m██[38;2;131;180;230m██[38;2;57;115;172m██[38;2;57;115;172m██[38;2;131;180;230m██[38;2;131;180;230m██[38;2;16;16;16m██
                                        [38;2;49;82;123m██[38;2;16;16;16m██[38;2;57;115;172m██[38;2;57;115;172m██[38;2;57;115;172m██[38;2;57;115;172m██[38;2;57;115;172m██[38;2;57;115;172m██[38;2;57;115;172m██[38;2;57;115;172m██[38;2;57;115;172m██[38;2;57;115;172m██[38;2;57;115;172m██[38;2;57;115;172m██[38;2;57;115;172m██[38;2;57;115;172m██[38;2;57;115;172m██[38;2;57;115;172m██[38;2;57;115;172m██[38;2;57;115;172m██[38;2;57;115;172m██[38;2;57;115;172m██[38;2;57;115;172m██[38;2;16;16;16m██[38;2;57;115;172m██[38;2;90;139;197m██[38;2;131;180;230m██[38;2;131;180;230m██[38;2;131;180;230m██[38;2;90;139;197m██[38;2;131;180;230m██[38;2;131;180;230m██[38;2;131;180;230m██[38;2;131;180;230m██[38;2;131;180;230m██[38;2;49;82;123m██[38;2;90;139;197m██[38;2;16;16;16m██
                                            [38;2;49;82;123m██[38;2;16;16;16m██[38;2;57;115;172m██[38;2;57;115;172m██[38;2;57;115;172m██[38;2;57;115;172m██[38;2;57;115;172m██[38;2;57;115;172m██[38;2;57;115;172m██[38;2;57;115;172m██[38;2;57;115;172m██[38;2;57;115;172m██[38;2;57;115;172m██[38;2;57;115;172m██[38;2;57;115;172m██[38;2;57;115;172m██[38;2;57;115;172m██[38;2;57;115;172m██[38;2;57;115;172m██[38;2;16;16;16m██[38;2;16;16;16m██[38;2;16;16;16m██[38;2;57;115;172m██[38;2;57;115;172m██[38;2;90;139;197m██[38;2;131;180;230m██[38;2;131;180;230m██[38;2;57;115;172m██[38;2;57;115;172m██[38;2;90;139;197m██[38;2;90;139;197m██[38;2;90;139;197m██[38;2;90;139;197m██[38;2;57;115;172m██[38;2;49;82;123m██  
                                                [38;2;49;82;123m██[38;2;16;16;16m██[38;2;16;16;16m██[38;2;57;115;172m██[38;2;57;115;172m██[38;2;57;115;172m██[38;2;57;115;172m██[38;2;57;115;172m██[38;2;57;115;172m██[38;2;57;115;172m██[38;2;57;115;172m██[38;2;57;115;172m██[38;2;57;115;172m██[38;2;57;115;172m██[38;2;16;16;16m██[38;2;16;16;16m██[38;2;16;16;16m██      [38;2;16;16;16m██[38;2;57;115;172m██[38;2;57;115;172m██[38;2;57;115;172m██[38;2;57;115;172m██[38;2;57;115;172m██[38;2;57;115;172m██[38;2;49;82;123m██[38;2;57;115;172m██[38;2;57;115;172m██[38;2;57;115;172m██[38;2;57;115;172m██[38;2;16;16;16m██  
                                                      [38;2;16;16;16m██[38;2;16;16;16m██[38;2;16;16;16m██[38;2;16;16;16m██[38;2;16;16;16m██[38;2;16;16;16m██[38;2;16;16;16m██[38;2;16;16;16m██[38;2;16;16;16m██[38;2;16;16;16m██[38;2;16;16;16m██              [38;2;16;16;16m██[38;2;57;115;172m██[38;2;57;115;172m██[38;2;57;115;172m██[38;2;57;115;172m██[38;2;57;115;172m██[38;2;57;115;172m██[38;2;49;82;123m██[38;2;57;115;172m██[38;2;57;115;172m██[38;2;16;16;16m██    
                                                                                            [38;2;49;82;123m██[38;2;57;115;172m██[38;2;57;115;172m██[38;2;57;115;172m██[38;2;57;115;172m██[38;2;57;115;172m██[38;2;49;82;123m██[38;2;16;16;16m██[38;2;16;16;16m██      
                                                                                              [38;2;49;82;123m██[38;2;16;16;16m██[38;2;16;16;16m██[38;2;16;16;16m██[38;2;49;82;123m██            
