                                                                                                      [38;2;72;30;42m██[38;2;72;30;42m██[38;2;72;30;42m██[38;2;72;30;42m██                  [38;2;72;30;42m██[38;2;72;30;42m██[38;2;72;30;42m██[38;2;72;30;42m██                      
                                                                                                    [38;2;72;30;42m██[38;2;231;75;88m██[38;2;231;75;88m██[38;2;231;75;88m██[38;2;231;75;88m██[38;2;35;13;13m██              [38;2;72;30;42m██[38;2;131;67;90m██[38;2;231;75;88m██[38;2;231;75;88m██[38;2;231;75;88m██[38;2;72;30;42m██                    
                                                                                                  [38;2;72;30;42m██[38;2;231;75;88m██[38;2;231;75;88m██[38;2;231;75;88m██[38;2;231;75;88m██[38;2;231;75;88m██[38;2;231;75;88m██[38;2;35;13;13m██            [38;2;72;30;42m██[38;2;231;75;88m██[38;2;231;75;88m██[38;2;231;75;88m██[38;2;231;75;88m██[38;2;231;75;88m██[38;2;72;30;42m██                  
                                                                                                  [38;2;72;30;42m██[38;2;231;75;88m██[38;2;231;75;88m██[38;2;231;75;88m██[38;2;231;75;88m██[38;2;231;75;88m██[38;2;231;75;88m██[38;2;35;13;13m██            [38;2;35;13;13m██[38;2;231;75;88m██[38;2;231;75;88m██[38;2;231;75;88m██[38;2;231;75;88m██[38;2;231;75;88m██[38;2;35;13;13m██                  
                                                                                                  [38;2;72;30;42m██[38;2;231;75;88m██[38;2;231;75;88m██[38;2;231;75;88m██[38;2;231;75;88m██[38;2;231;75;88m██[38;2;231;75;88m██[38;2;173;61;85m██[38;2;35;13;13m██        [38;2;35;13;13m██[38;2;131;67;90m██[38;2;173;61;85m██[38;2;231;75;88m██[38;2;231;75;88m██[38;2;231;75;88m██[38;2;173;61;85m██[38;2;35;13;13m██            [38;2;47;47;49m██[38;2;47;47;49m██  
                                                                                                  [38;2;35;13;13m██[38;2;173;61;85m██[38;2;231;75;88m██[38;2;231;75;88m██[38;2;231;75;88m██[38;2;231;75;88m██[38;2;173;61;85m██[38;2;131;67;90m██[38;2;131;67;90m██[38;2;35;13;13m██[38;2;35;13;13m██    [38;2;35;13;13m██[38;2;131;67;90m██[38;2;131;67;90m██[38;2;173;61;85m██[38;2;173;61;85m██[38;2;173;61;85m██[38;2;131;67;90m██[38;2;131;67;90m██[38;2;35;13;13m██          [38;2;47;47;49m██  [38;2;47;47;49m██
                                                                                                    [38;2;35;13;13m██[38;2;131;67;90m██[38;2;173;61;85m██[38;2;173;61;85m██[38;2;173;61;85m██[38;2;131;67;90m██[38;2;131;67;90m██[38;2;131;67;90m██[38;2;131;67;90m██[38;2;131;67;90m██[38;2;35;13;13m██[38;2;35;13;13m██[38;2;131;67;90m██[38;2;131;67;90m██[38;2;131;67;90m██[38;2;131;67;90m██[38;2;131;67;90m██[38;2;131;67;90m██[38;2;131;67;90m██[38;2;131;67;90m██[38;2;35;13;13m██        [38;2;47;47;49m██      
                                                                                                      [38;2;35;13;13m██[38;2;131;67;90m██[38;2;131;67;90m██[38;2;173;61;85m██[38;2;173;61;85m██[38;2;131;67;90m██[38;2;131;67;90m██[38;2;72;30;42m██[38;2;72;30;42m██[38;2;131;67;90m██[38;2;131;67;90m██[38;2;131;67;90m██[38;2;131;67;90m██[38;2;131;67;90m██[38;2;131;67;90m██[38;2;131;67;90m██[38;2;131;67;90m██[38;2;131;67;90m██[38;2;72;30;42m██[38;2;35;13;13m██        [38;2;47;47;49m██      
                                                                                                      [38;2;35;13;13m██[38;2;131;67;90m██[38;2;131;67;90m██[38;2;131;67;90m██[38;2;131;67;90m██[38;2;131;67;90m██[38;2;131;67;90m██[38;2;131;67;90m██[38;2;131;67;90m██[38;2;131;67;90m██[38;2;131;67;90m██[38;2;131;67;90m██[38;2;131;67;90m██[38;2;131;67;90m██[38;2;131;67;90m██[38;2;131;67;90m██[38;2;72;30;42m██[38;2;72;30;42m██[38;2;72;30;42m██[38;2;35;13;13m██    [38;2;47;47;49m██[38;2;47;47;49m██        
                                                                                                        [38;2;35;13;13m██[38;2;131;67;90m██[38;2;131;67;90m██[38;2;131;67;90m██[38;2;131;67;90m██[38;2;131;67;90m██[38;2;131;67;90m██[38;2;131;67;90m██[38;2;131;67;90m██[38;2;131;67;90m██[38;2;131;67;90m██[38;2;131;67;90m██[38;2;131;67;90m██[38;2;72;30;42m██[38;2;72;30;42m██[38;2;72;30;42m██[38;2;72;30;42m██[38;2;72;30;42m██[38;2;72;30;42m██[38;2;35;13;13m██  [38;2;47;47;49m██[38;2;79;80;83m██[38;2;11;11;11m██      
                                                                                                          [38;2;35;13;13m██[38;2;131;67;90m██[38;2;131;67;90m██[38;2;131;67;90m██[38;2;131;67;90m██[38;2;131;67;90m██[38;2;131;67;90m██[38;2;72;30;42m██[38;2;131;67;90m██[38;2;131;67;90m██[38;2;131;67;90m██[38;2;72;30;42m██[38;2;72;30;42m██[38;2;72;30;42m██[38;2;72;30;42m██[38;2;131;67;90m██[38;2;131;67;90m██[38;2;131;67;90m██[38;2;35;13;13m██  [38;2;47;47;49m██[38;2;79;80;83m██[38;2;11;11;11m██      
                                                                                                          [38;2;35;13;13m██[38;2;131;67;90m██[38;2;131;67;90m██[38;2;131;67;90m██[38;2;131;67;90m██[38;2;131;67;90m██[38;2;72;30;42m██[38;2;72;30;42m██[38;2;131;67;90m██[38;2;131;67;90m██[38;2;72;30;42m██[38;2;72;30;42m██[38;2;72;30;42m██[38;2;131;67;90m██[38;2;131;67;90m██[38;2;131;67;90m██[38;2;131;67;90m██[38;2;131;67;90m██[38;2;35;13;13m██  [38;2;47;47;49m██[38;2;79;80;83m██[38;2;11;11;11m██      
                                                                                                          [38;2;35;13;13m██[38;2;131;67;90m██[38;2;131;67;90m██[38;2;131;67;90m██[38;2;131;67;90m██[38;2;72;30;42m██[38;2;72;30;42m██[38;2;131;67;90m██[38;2;131;67;90m██[38;2;72;30;42m██[38;2;72;30;42m██[38;2;72;30;42m██[38;2;131;67;90m██[38;2;131;67;90m██[38;2;131;67;90m██[38;2;131;67;90m██[38;2;131;67;90m██[38;2;131;67;90m██[38;2;131;67;90m██[38;2;35;13;13m██[38;2;11;11;11m██[38;2;79;80;83m██[38;2;11;11;11m██      
                                                                                                          [38;2;35;13;13m██[38;2;72;30;42m██[38;2;131;67;90m██[38;2;131;67;90m██[38;2;72;30;42m██[38;2;72;30;42m██[38;2;11;11;11m██[38;2;131;67;90m██[38;2;131;67;90m██[38;2;72;30;42m██[38;2;72;30;42m██[38;2;131;67;90m██[38;2;131;67;90m██[38;2;131;67;90m██[38;2;131;67;90m██[38;2;131;67;90m██[38;2;131;67;90m██[38;2;131;67;90m██[38;2;131;67;90m██[38;2;131;67;90m██[38;2;35;13;13m██[38;2;47;47;49m██[38;2;11;11;11m██      
                                                                                  [38;2;11;11;11m██[38;2;11;11;11m██          [38;2;11;11;11m██[38;2;11;11;11m██[38;2;11;11;11m██[38;2;11;11;11m██    [38;2;35;13;13m██[38;2;72;30;42m██[38;2;72;30;42m██[38;2;72;30;42m██[38;2;11;11;11m██[38;2;11;11;11m██[38;2;72;30;42m██[38;2;72;30;42m██[38;2;72;30;42m██[38;2;72;30;42m██[38;2;131;67;90m██[38;2;131;67;90m██[38;2;131;67;90m██[38;2;131;67;90m██[38;2;131;67;90m██[38;2;131;67;90m██[38;2;131;67;90m██[38;2;131;67;90m██[38;2;173;61;85m██[38;2;173;61;85m██[38;2;47;47;49m██[38;2;11;11;11m██      
                                                                                  [38;2;11;11;11m██[38;2;47;47;49m██[38;2;47;47;49m██      [38;2;11;11;11m██        [38;2;11;11;11m██  [38;2;35;13;13m██[38;2;72;30;42m██[38;2;72;30;42m██[38;2;72;30;42m██[38;2;11;11;11m██[38;2;47;47;49m██[38;2;11;11;11m██[38;2;72;30;42m██[38;2;72;30;42m██[38;2;131;67;90m██[38;2;131;67;90m██[38;2;131;67;90m██[38;2;173;61;85m██[38;2;173;61;85m██[38;2;131;67;90m██[38;2;131;67;90m██[38;2;131;67;90m██[38;2;173;61;85m██[38;2;173;61;85m██[38;2;173;61;85m██[38;2;35;13;13m██[38;2;11;11;11m██      
        [38;2;79;80;83m██                                                                        [38;2;11;11;11m██[38;2;79;80;83m██[38;2;79;80;83m██[38;2;47;47;49m██    [38;2;11;11;11m██          [38;2;11;11;11m██[38;2;35;13;13m██[38;2;131;67;90m██[38;2;72;30;42m██[38;2;11;11;11m██[38;2;47;47;49m██[38;2;47;47;49m██[38;2;79;80;83m██[38;2;11;11;11m██[38;2;11;11;11m██[38;2;131;67;90m██[38;2;131;67;90m██[38;2;131;67;90m██[38;2;173;61;85m██[38;2;173;61;85m██[38;2;131;67;90m██[38;2;131;67;90m██[38;2;131;67;90m██[38;2;173;61;85m██[38;2;173;61;85m██[38;2;72;30;42m██[38;2;72;30;42m██[38;2;35;13;13m██[38;2;11;11;11m██    
      [38;2;79;80;83m██                                                                          [38;2;47;47;49m██[38;2;126;127;132m██[38;2;79;80;83m██[38;2;11;11;11m██      [38;2;11;11;11m██        [38;2;35;13;13m██[38;2;72;30;42m██[38;2;131;67;90m██[38;2;72;30;42m██[38;2;11;11;11m██[38;2;79;80;83m██[38;2;126;127;132m██[38;2;47;47;49m██[38;2;79;80;83m██[38;2;11;11;11m██[38;2;11;11;11m██[38;2;72;30;42m██[38;2;72;30;42m██[38;2;131;67;90m██[38;2;131;67;90m██[38;2;131;67;90m██[38;2;131;67;90m██[38;2;131;67;90m██[38;2;72;30;42m██[38;2;72;30;42m██[38;2;72;30;42m██[38;2;72;30;42m██[38;2;35;13;13m██[38;2;47;47;49m██[38;2;11;11;11m██  
    [38;2;79;80;83m██                [38;2;79;80;83m██                                                          [38;2;47;47;49m██[38;2;181;182;185m██[38;2;126;127;132m██[38;2;11;11;11m██    [38;2;11;11;11m██[38;2;11;11;11m██        [38;2;35;13;13m██[38;2;131;67;90m██[38;2;131;67;90m██[38;2;72;30;42m██[38;2;11;11;11m██[38;2;126;127;132m██[38;2;126;127;132m██[38;2;126;127;132m██[38;2;47;47;49m██[38;2;79;80;83m██[38;2;11;11;11m██[38;2;11;11;11m██[38;2;11;11;11m██[38;2;72;30;42m██[38;2;47;47;49m██[38;2;72;30;42m██[38;2;72;30;42m██[38;2;72;30;42m██[38;2;72;30;42m██[38;2;72;30;42m██[38;2;72;30;42m██[38;2;72;30;42m██[38;2;35;13;13m██[38;2;47;47;49m██[38;2;79;80;83m██[38;2;11;11;11m██
    [38;2;79;80;83m██          [38;2;79;80;83m██    [38;2;79;80;83m██                                                          [38;2;47;47;49m██[38;2;126;127;132m██[38;2;79;80;83m██[38;2;11;11;11m██              [38;2;35;13;13m██[38;2;173;61;85m██[38;2;131;67;90m██[38;2;131;67;90m██[38;2;11;11;11m██[38;2;79;80;83m██[38;2;126;127;132m██[38;2;181;182;185m██[38;2;181;182;185m██[38;2;181;182;185m██[38;2;79;80;83m██[38;2;11;11;11m██[38;2;47;47;49m██[38;2;47;47;49m██[38;2;11;11;11m██[38;2;11;11;11m██[38;2;11;11;11m██[38;2;79;80;83m██[38;2;72;30;42m██[38;2;72;30;42m██[38;2;11;11;11m██[38;2;11;11;11m██[38;2;11;11;11m██[38;2;47;47;49m██[38;2;79;80;83m██[38;2;47;47;49m██[38;2;11;11;11m██
      [38;2;47;47;49m██      [38;2;79;80;83m██  [38;2;79;80;83m██[38;2;79;80;83m██                                                            [38;2;11;11;11m██[38;2;35;13;13m██[38;2;79;80;83m██[38;2;35;13;13m██[38;2;35;13;13m██            [38;2;35;13;13m██[38;2;173;61;85m██[38;2;173;61;85m██[38;2;72;30;42m██[38;2;11;11;11m██[38;2;126;127;132m██[38;2;126;127;132m██[38;2;181;182;185m██[38;2;181;182;185m██[38;2;181;182;185m██[38;2;79;80;83m██[38;2;11;11;11m██[38;2;79;80;83m██[38;2;126;127;132m██[38;2;126;127;132m██[38;2;47;47;49m██[38;2;79;80;83m██[38;2;126;127;132m██[38;2;126;127;132m██[38;2;126;127;132m██[38;2;126;127;132m██[38;2;79;80;83m██[38;2;79;80;83m██[38;2;79;80;83m██[38;2;47;47;49m██[38;2;47;47;49m██[38;2;11;11;11m██
      [38;2;47;47;49m██    [38;2;79;80;83m██                                  [38;2;79;80;83m██[38;2;79;80;83m██                            [38;2;35;13;13m██[38;2;35;13;13m██[38;2;231;75;88m██[38;2;231;75;88m██[38;2;173;61;85m██[38;2;35;13;13m██[38;2;35;13;13m██          [38;2;35;13;13m██[38;2;231;75;88m██[38;2;173;61;85m██[38;2;11;11;11m██[38;2;47;47;49m██[38;2;126;127;132m██[38;2;126;127;132m██[38;2;181;182;185m██[38;2;181;182;185m██[38;2;126;127;132m██[38;2;47;47;49m██[38;2;11;11;11m██[38;2;126;127;132m██[38;2;181;182;185m██[38;2;181;182;185m██[38;2;126;127;132m██[38;2;126;127;132m██[38;2;79;80;83m██[38;2;79;80;83m██[38;2;47;47;49m██[38;2;47;47;49m██[38;2;47;47;49m██[38;2;47;47;49m██[38;2;47;47;49m██[38;2;79;80;83m██[38;2;11;11;11m██  
      [38;2;47;47;49m██[38;2;126;127;132m██[38;2;79;80;83m██[38;2;47;47;49m██                                [38;2;79;80;83m██    [38;2;79;80;83m██                        [38;2;35;13;13m██[38;2;131;67;90m██[38;2;173;61;85m██[38;2;173;61;85m██[38;2;173;61;85m██[38;2;131;67;90m██[38;2;173;61;85m██[38;2;72;30;42m██[38;2;35;13;13m██        [38;2;35;13;13m██[38;2;231;75;88m██[38;2;173;61;85m██[38;2;11;11;11m██[38;2;79;80;83m██[38;2;126;127;132m██[38;2;181;182;185m██[38;2;181;182;185m██[38;2;181;182;185m██[38;2;79;80;83m██[38;2;11;11;11m██[38;2;47;47;49m██[38;2;126;127;132m██[38;2;181;182;185m██[38;2;181;182;185m██[38;2;181;182;185m██[38;2;126;127;132m██[38;2;126;127;132m██[38;2;126;127;132m██[38;2;126;127;132m██[38;2;126;127;132m██[38;2;79;80;83m██[38;2;79;80;83m██[38;2;79;80;83m██[38;2;11;11;11m██    
[38;2;47;47;49m██[38;2;47;47;49m██[38;2;79;80;83m██[38;2;47;47;49m██[38;2;79;80;83m██[38;2;47;47;49m██                                [38;2;79;80;83m██      [38;2;79;80;83m██              [38;2;72;30;42m██[38;2;72;30;42m██[38;2;72;30;42m██[38;2;72;30;42m██[38;2;72;30;42m██[38;2;72;30;42m██[38;2;72;30;42m██[38;2;72;30;42m██[38;2;72;30;42m██[38;2;72;30;42m██[38;2;72;30;42m██[38;2;131;67;90m██[38;2;131;67;90m██[38;2;35;13;13m██          [38;2;35;13;13m██[38;2;173;61;85m██[38;2;11;11;11m██[38;2;126;127;132m██[38;2;126;127;132m██[38;2;181;182;185m██[38;2;181;182;185m██[38;2;126;127;132m██[38;2;47;47;49m██[38;2;11;11;11m██[38;2;79;80;83m██[38;2;181;182;185m██[38;2;181;182;185m██[38;2;126;127;132m██[38;2;181;182;185m██[38;2;126;127;132m██[38;2;126;127;132m██[38;2;126;127;132m██[38;2;126;127;132m██[38;2;126;127;132m██[38;2;126;127;132m██[38;2;79;80;83m██[38;2;79;80;83m██[38;2;11;11;11m██    
[38;2;47;47;49m██  [38;2;47;47;49m██[38;2;79;80;83m██[38;2;126;127;132m██[38;2;47;47;49m██                                [38;2;79;80;83m██        [38;2;79;80;83m██      [38;2;35;13;13m██[38;2;35;13;13m██[38;2;72;30;42m██[38;2;173;61;85m██[38;2;173;61;85m██[38;2;173;61;85m██[38;2;173;61;85m██[38;2;173;61;85m██[38;2;173;61;85m██[38;2;131;67;90m██[38;2;131;67;90m██[38;2;72;30;42m██[38;2;72;30;42m██[38;2;72;30;42m██[38;2;72;30;42m██[38;2;72;30;42m██[38;2;72;30;42m██[38;2;35;13;13m██          [38;2;11;11;11m██[38;2;79;80;83m██[38;2;126;127;132m██[38;2;181;182;185m██[38;2;126;127;132m██[38;2;79;80;83m██[38;2;47;47;49m██[38;2;11;11;11m██[38;2;11;11;11m██[38;2;79;80;83m██[38;2;181;182;185m██[38;2;181;182;185m██[38;2;181;182;185m██[38;2;126;127;132m██[38;2;126;127;132m██[38;2;126;127;132m██[38;2;126;127;132m██[38;2;126;127;132m██[38;2;126;127;132m██[38;2;79;80;83m██[38;2;79;80;83m██[38;2;11;11;11m██      
[38;2;79;80;83m██    [38;2;47;47;49m██[38;2;126;127;132m██[38;2;79;80;83m██[38;2;11;11;11m██[38;2;47;47;49m██                            [38;2;47;47;49m██            [38;2;35;13;13m██[38;2;72;30;42m██[38;2;173;61;85m██[38;2;173;61;85m██[38;2;173;61;85m██[38;2;173;61;85m██[38;2;173;61;85m██[38;2;173;61;85m██[38;2;173;61;85m██[38;2;173;61;85m██[38;2;173;61;85m██[38;2;173;61;85m██[38;2;173;61;85m██[38;2;173;61;85m██[38;2;173;61;85m██[38;2;131;67;90m██[38;2;72;30;42m██[38;2;72;30;42m██[38;2;35;13;13m██[38;2;35;13;13m██          [38;2;11;11;11m██[38;2;79;80;83m██[38;2;126;127;132m██[38;2;181;182;185m██[38;2;181;182;185m██[38;2;181;182;185m██[38;2;227;228;229m██[38;2;79;80;83m██[38;2;11;11;11m██[38;2;126;127;132m██[38;2;181;182;185m██[38;2;126;127;132m██[38;2;181;182;185m██[38;2;126;127;132m██[38;2;126;127;132m██[38;2;126;127;132m██[38;2;126;127;132m██[38;2;126;127;132m██[38;2;126;127;132m██[38;2;79;80;83m██[38;2;79;80;83m██[38;2;11;11;11m██      
  [38;2;79;80;83m██    [38;2;79;80;83m██[38;2;11;11;11m██[38;2;126;127;132m██[38;2;79;80;83m██[38;2;47;47;49m██                          [38;2;47;47;49m██[38;2;47;47;49m██[38;2;47;47;49m██  [38;2;35;13;13m██[38;2;35;13;13m██[38;2;35;13;13m██[38;2;231;75;88m██[38;2;231;75;88m██[38;2;231;75;88m██[38;2;231;75;88m██[38;2;231;75;88m██[38;2;173;61;85m██[38;2;173;61;85m██[38;2;131;67;90m██[38;2;131;67;90m██[38;2;131;67;90m██[38;2;131;67;90m██[38;2;131;67;90m██[38;2;173;61;85m██[38;2;173;61;85m██[38;2;173;61;85m██[38;2;173;61;85m██[38;2;173;61;85m██[38;2;173;61;85m██[38;2;72;30;42m██[38;2;35;13;13m██[38;2;35;13;13m██        [38;2;47;47;49m██[38;2;126;127;132m██[38;2;126;127;132m██[38;2;181;182;185m██[38;2;181;182;185m██[38;2;227;228;229m██[38;2;181;182;185m██[38;2;126;127;132m██[38;2;11;11;11m██[38;2;126;127;132m██[38;2;181;182;185m██[38;2;181;182;185m██[38;2;126;127;132m██[38;2;126;127;132m██[38;2;126;127;132m██[38;2;126;127;132m██[38;2;126;127;132m██[38;2;126;127;132m██[38;2;79;80;83m██[38;2;79;80;83m██[38;2;11;11;11m██        
[38;2;79;80;83m██    [38;2;47;47;49m██[38;2;11;11;11m██[38;2;181;182;185m██[38;2;227;228;229m██[38;2;181;182;185m██[38;2;47;47;49m██                  [38;2;11;11;11m██        [38;2;47;47;49m██[38;2;35;13;13m██[38;2;35;13;13m██[38;2;131;67;90m██[38;2;35;13;13m██[38;2;231;75;88m██[38;2;231;75;88m██[38;2;231;75;88m██[38;2;231;75;88m██[38;2;231;75;88m██[38;2;231;75;88m██[38;2;231;75;88m██[38;2;231;75;88m██[38;2;173;61;85m██[38;2;173;61;85m██[38;2;173;61;85m██[38;2;131;67;90m██[38;2;131;67;90m██[38;2;131;67;90m██[38;2;131;67;90m██[38;2;131;67;90m██[38;2;173;61;85m██[38;2;173;61;85m██[38;2;173;61;85m██[38;2;131;67;90m██[38;2;72;30;42m██[38;2;72;30;42m██[38;2;35;13;13m██[38;2;11;11;11m██  [38;2;47;47;49m██[38;2;79;80;83m██[38;2;126;127;132m██[38;2;181;182;185m██[38;2;181;182;185m██[38;2;227;228;229m██[38;2;227;228;229m██[38;2;181;182;185m██[38;2;126;127;132m██[38;2;47;47;49m██[38;2;181;182;185m██[38;2;126;127;132m██[38;2;181;182;185m██[38;2;126;127;132m██[38;2;79;80;83m██[38;2;126;127;132m██[38;2;126;127;132m██[38;2;126;127;132m██[38;2;126;127;132m██[38;2;79;80;83m██[38;2;79;80;83m██[38;2;11;11;11m██        
[38;2;79;80;83m██    [38;2;11;11;11m██[38;2;126;127;132m██[38;2;181;182;185m██[38;2;181;182;185m██[38;2;227;228;229m██[38;2;126;127;132m██[38;2;47;47;49m██              [38;2;11;11;11m██[38;2;11;11;11m██[38;2;11;11;11m██      [38;2;35;13;13m██[38;2;173;61;85m██[38;2;131;67;90m██[38;2;35;13;13m██[38;2;231;75;88m██[38;2;231;75;88m██[38;2;231;75;88m██[38;2;231;75;88m██[38;2;231;75;88m██[38;2;231;75;88m██[38;2;231;75;88m██[38;2;231;75;88m██[38;2;231;75;88m██[38;2;231;75;88m██[38;2;231;75;88m██[38;2;173;61;85m██[38;2;173;61;85m██[38;2;173;61;85m██[38;2;173;61;85m██[38;2;131;67;90m██[38;2;72;30;42m██[38;2;72;30;42m██[38;2;131;67;90m██[38;2;131;67;90m██[38;2;72;30;42m██[38;2;72;30;42m██[38;2;72;30;42m██[38;2;72;30;42m██[38;2;72;30;42m██[38;2;11;11;11m██[38;2;11;11;11m██[38;2;79;80;83m██[38;2;126;127;132m██[38;2;181;182;185m██[38;2;181;182;185m██[38;2;227;228;229m██[38;2;227;228;229m██[38;2;181;182;185m██[38;2;79;80;83m██[38;2;79;80;83m██[38;2;181;182;185m██[38;2;181;182;185m██[38;2;126;127;132m██[38;2;79;80;83m██[38;2;126;127;132m██[38;2;126;127;132m██[38;2;126;127;132m██[38;2;126;127;132m██[38;2;79;80;83m██[38;2;79;80;83m██[38;2;11;11;11m██          
      [38;2;11;11;11m██[38;2;126;127;132m██[38;2;126;127;132m██[38;2;181;182;185m██[38;2;79;80;83m██[38;2;79;80;83m██[38;2;47;47;49m██            [38;2;11;11;11m██[38;2;126;127;132m██[38;2;11;11;11m██      [38;2;35;13;13m██[38;2;173;61;85m██[38;2;131;67;90m██[38;2;35;13;13m██[38;2;173;61;85m██[38;2;231;75;88m██[38;2;231;75;88m██[38;2;231;75;88m██[38;2;231;75;88m██[38;2;231;75;88m██[38;2;231;75;88m██[38;2;231;75;88m██[38;2;231;75;88m██[38;2;231;75;88m██[38;2;173;61;85m██[38;2;173;61;85m██[38;2;173;61;85m██[38;2;173;61;85m██[38;2;173;61;85m██[38;2;173;61;85m██[38;2;173;61;85m██[38;2;131;67;90m██[38;2;131;67;90m██[38;2;72;30;42m██[38;2;72;30;42m██[38;2;72;30;42m██[38;2;72;30;42m██[38;2;131;67;90m██[38;2;131;67;90m██[38;2;72;30;42m██[38;2;72;30;42m██[38;2;35;13;13m██[38;2;11;11;11m██[38;2;181;182;185m██[38;2;181;182;185m██[38;2;181;182;185m██[38;2;227;228;229m██[38;2;181;182;185m██[38;2;181;182;185m██[38;2;47;47;49m██[38;2;126;127;132m██[38;2;126;127;132m██[38;2;126;127;132m██[38;2;79;80;83m██[38;2;126;127;132m██[38;2;126;127;132m██[38;2;126;127;132m██[38;2;126;127;132m██[38;2;126;127;132m██[38;2;79;80;83m██[38;2;79;80;83m██[38;2;11;11;11m██          
      [38;2;11;11;11m██[38;2;79;80;83m██[38;2;126;127;132m██[38;2;79;80;83m██[38;2;181;182;185m██[38;2;47;47;49m██[38;2;79;80;83m██[38;2;47;47;49m██        [38;2;79;80;83m██[38;2;126;127;132m██[38;2;11;11;11m██        [38;2;72;30;42m██[38;2;131;67;90m██[38;2;72;30;42m██[38;2;173;61;85m██[38;2;173;61;85m██[38;2;173;61;85m██[38;2;231;75;88m██[38;2;231;75;88m██[38;2;231;75;88m██[38;2;231;75;88m██[38;2;231;75;88m██[38;2;131;67;90m██[38;2;131;67;90m██[38;2;131;67;90m██[38;2;131;67;90m██[38;2;35;13;13m██[38;2;72;30;42m██[38;2;72;30;42m██[38;2;173;61;85m██[38;2;173;61;85m██[38;2;173;61;85m██[38;2;173;61;85m██[38;2;173;61;85m██[38;2;173;61;85m██[38;2;173;61;85m██[38;2;173;61;85m██[38;2;173;61;85m██[38;2;173;61;85m██[38;2;173;61;85m██[38;2;173;61;85m██[38;2;173;61;85m██[38;2;35;13;13m██[38;2;35;13;13m██[38;2;126;127;132m██[38;2;181;182;185m██[38;2;227;228;229m██[38;2;181;182;185m██[38;2;181;182;185m██[38;2;181;182;185m██[38;2;79;80;83m██[38;2;181;182;185m██[38;2;181;182;185m██[38;2;79;80;83m██[38;2;126;127;132m██[38;2;126;127;132m██[38;2;126;127;132m██[38;2;126;127;132m██[38;2;126;127;132m██[38;2;79;80;83m██[38;2;79;80;83m██[38;2;11;11;11m██            
        [38;2;11;11;11m██[38;2;79;80;83m██[38;2;181;182;185m██[38;2;79;80;83m██[38;2;126;127;132m██[38;2;181;182;185m██[38;2;47;47;49m██      [38;2;11;11;11m██[38;2;126;127;132m██[38;2;79;80;83m██          [38;2;35;13;13m██[38;2;72;30;42m██[38;2;173;61;85m██[38;2;173;61;85m██[38;2;173;61;85m██[38;2;173;61;85m██[38;2;173;61;85m██[38;2;173;61;85m██[38;2;173;61;85m██[38;2;173;61;85m██[38;2;131;67;90m██[38;2;72;30;42m██[38;2;72;30;42m██[38;2;35;13;13m██[38;2;35;13;13m██[38;2;40;55;23m██[38;2;91;130;68m██[38;2;35;13;13m██[38;2;72;30;42m██[38;2;173;61;85m██[38;2;72;30;42m██[38;2;173;61;85m██[38;2;173;61;85m██[38;2;173;61;85m██[38;2;173;61;85m██[38;2;173;61;85m██[38;2;173;61;85m██[38;2;173;61;85m██[38;2;173;61;85m██[38;2;173;61;85m██[38;2;173;61;85m██[38;2;131;67;90m██[38;2;131;67;90m██[38;2;11;11;11m██[38;2;126;127;132m██[38;2;181;182;185m██[38;2;181;182;185m██[38;2;181;182;185m██[38;2;126;127;132m██[38;2;126;127;132m██[38;2;126;127;132m██[38;2;181;182;185m██[38;2;126;127;132m██[38;2;79;80;83m██[38;2;126;127;132m██[38;2;126;127;132m██[38;2;126;127;132m██[38;2;126;127;132m██[38;2;79;80;83m██[38;2;79;80;83m██[38;2;11;11;11m██            
        [38;2;11;11;11m██[38;2;79;80;83m██[38;2;126;127;132m██[38;2;126;127;132m██[38;2;181;182;185m██[38;2;227;228;229m██[38;2;126;127;132m██[38;2;47;47;49m██    [38;2;79;80;83m██[38;2;126;127;132m██[38;2;11;11;11m██          [38;2;35;13;13m██[38;2;72;30;42m██[38;2;173;61;85m██[38;2;173;61;85m██[38;2;173;61;85m██[38;2;173;61;85m██[38;2;173;61;85m██[38;2;72;30;42m██[38;2;72;30;42m██[38;2;72;30;42m██[38;2;72;30;42m██[38;2;35;13;13m██[38;2;35;13;13m██[38;2;40;55;23m██[38;2;11;11;11m██[38;2;91;130;68m██[38;2;91;130;68m██[38;2;91;130;68m██[38;2;35;13;13m██[38;2;131;67;90m██[38;2;35;13;13m██[38;2;131;67;90m██[38;2;131;67;90m██[38;2;173;61;85m██[38;2;173;61;85m██[38;2;173;61;85m██[38;2;173;61;85m██[38;2;173;61;85m██[38;2;131;67;90m██[38;2;173;61;85m██[38;2;131;67;90m██[38;2;131;67;90m██[38;2;131;67;90m██[38;2;35;13;13m██[38;2;11;11;11m██[38;2;181;182;185m██[38;2;181;182;185m██[38;2;181;182;185m██[38;2;126;127;132m██[38;2;181;182;185m██[38;2;181;182;185m██[38;2;126;127;132m██[38;2;126;127;132m██[38;2;79;80;83m██[38;2;126;127;132m██[38;2;126;127;132m██[38;2;79;80;83m██[38;2;47;47;49m██[38;2;79;80;83m██[38;2;11;11;11m██              
          [38;2;11;11;11m██[38;2;126;127;132m██[38;2;181;182;185m██[38;2;181;182;185m██[38;2;79;80;83m██[38;2;79;80;83m██[38;2;47;47;49m██  [38;2;11;11;11m██[38;2;126;127;132m██[38;2;79;80;83m██            [38;2;35;13;13m██[38;2;72;30;42m██[38;2;131;67;90m██[38;2;131;67;90m██[38;2;173;61;85m██[38;2;72;30;42m██[38;2;72;30;42m██[38;2;72;30;42m██[38;2;72;30;42m██[38;2;72;30;42m██[38;2;35;13;13m██[38;2;35;13;13m██[38;2;40;55;23m██[38;2;91;130;68m██[38;2;11;11;11m██[38;2;149;203;103m██[38;2;149;203;103m██[38;2;40;55;23m██[38;2;40;55;23m██[38;2;35;13;13m██[38;2;72;30;42m██[38;2;72;30;42m██[38;2;131;67;90m██[38;2;131;67;90m██[38;2;131;67;90m██[38;2;131;67;90m██[38;2;131;67;90m██[38;2;131;67;90m██[38;2;131;67;90m██[38;2;131;67;90m██[38;2;131;67;90m██[38;2;131;67;90m██[38;2;72;30;42m██[38;2;72;30;42m██[38;2;72;30;42m██[38;2;11;11;11m██[38;2;126;127;132m██[38;2;181;182;185m██[38;2;181;182;185m██[38;2;126;127;132m██[38;2;181;182;185m██[38;2;126;127;132m██[38;2;126;127;132m██[38;2;79;80;83m██[38;2;79;80;83m██[38;2;47;47;49m██[38;2;47;47;49m██[38;2;79;80;83m██[38;2;79;80;83m██[38;2;11;11;11m██              
          [38;2;11;11;11m██[38;2;79;80;83m██[38;2;126;127;132m██[38;2;79;80;83m██[38;2;181;182;185m██[38;2;227;228;229m██[38;2;126;127;132m██[38;2;47;47;49m██[38;2;11;11;11m██[38;2;126;127;132m██[38;2;11;11;11m██          [38;2;72;30;42m██[38;2;72;30;42m██[38;2;72;30;42m██[38;2;72;30;42m██[38;2;72;30;42m██[38;2;72;30;42m██[38;2;72;30;42m██[38;2;72;30;42m██[38;2;72;30;42m██[38;2;131;67;90m██[38;2;131;67;90m██[38;2;131;67;90m██[38;2;131;67;90m██[38;2;72;30;42m██[38;2;72;30;42m██[38;2;72;30;42m██[38;2;72;30;42m██[38;2;72;30;42m██[38;2;72;30;42m██[38;2;131;67;90m██[38;2;72;30;42m██[38;2;72;30;42m██[38;2;72;30;42m██[38;2;72;30;42m██[38;2;72;30;42m██[38;2;72;30;42m██[38;2;131;67;90m██[38;2;131;67;90m██[38;2;131;67;90m██[38;2;131;67;90m██[38;2;131;67;90m██[38;2;72;30;42m██[38;2;72;30;42m██[38;2;72;30;42m██[38;2;72;30;42m██[38;2;72;30;42m██[38;2;72;30;42m██[38;2;11;11;11m██[38;2;126;127;132m██[38;2;181;182;185m██[38;2;126;127;132m██[38;2;79;80;83m██[38;2;47;47;49m██[38;2;47;47;49m██[38;2;47;47;49m██[38;2;79;80;83m██[38;2;126;127;132m██[38;2;79;80;83m██[38;2;79;80;83m██[38;2;11;11;11m██                
            [38;2;11;11;11m██[38;2;79;80;83m██[38;2;181;182;185m██[38;2;181;182;185m██[38;2;79;80;83m██[38;2;181;182;185m██[38;2;47;47;49m██[38;2;11;11;11m██[38;2;79;80;83m██[38;2;11;11;11m██          [38;2;72;30;42m██[38;2;131;67;90m██[38;2;131;67;90m██[38;2;72;30;42m██[38;2;72;30;42m██[38;2;72;30;42m██[38;2;131;67;90m██[38;2;131;67;90m██[38;2;131;67;90m██[38;2;131;67;90m██[38;2;131;67;90m██[38;2;131;67;90m██[38;2;131;67;90m██[38;2;131;67;90m██[38;2;131;67;90m██[38;2;131;67;90m██[38;2;131;67;90m██[38;2;131;67;90m██[38;2;131;67;90m██[38;2;131;67;90m██[38;2;131;67;90m██[38;2;131;67;90m██[38;2;131;67;90m██[38;2;72;30;42m██[38;2;72;30;42m██[38;2;72;30;42m██[38;2;72;30;42m██[38;2;72;30;42m██[38;2;72;30;42m██[38;2;72;30;42m██[38;2;72;30;42m██[38;2;72;30;42m██[38;2;72;30;42m██[38;2;131;67;90m██[38;2;72;30;42m██[38;2;72;30;42m██[38;2;72;30;42m██[38;2;72;30;42m██[38;2;11;11;11m██[38;2;79;80;83m██[38;2;47;47;49m██[38;2;11;11;11m██[38;2;11;11;11m██[38;2;11;11;11m██[38;2;79;80;83m██[38;2;126;127;132m██[38;2;126;127;132m██[38;2;79;80;83m██[38;2;79;80;83m██[38;2;11;11;11m██                
            [38;2;11;11;11m██[38;2;79;80;83m██[38;2;126;127;132m██[38;2;181;182;185m██[38;2;47;47;49m██[38;2;227;228;229m██[38;2;126;127;132m██[38;2;47;47;49m██[38;2;79;80;83m██[38;2;11;11;11m██        [38;2;35;13;13m██[38;2;131;67;90m██[38;2;131;67;90m██[38;2;131;67;90m██[38;2;131;67;90m██[38;2;131;67;90m██[38;2;131;67;90m██[38;2;131;67;90m██[38;2;131;67;90m██[38;2;131;67;90m██[38;2;131;67;90m██[38;2;131;67;90m██[38;2;131;67;90m██[38;2;131;67;90m██[38;2;131;67;90m██[38;2;131;67;90m██[38;2;131;67;90m██[38;2;131;67;90m██[38;2;131;67;90m██[38;2;131;67;90m██[38;2;131;67;90m██[38;2;131;67;90m██[38;2;131;67;90m██[38;2;131;67;90m██[38;2;131;67;90m██[38;2;131;67;90m██[38;2;131;67;90m██[38;2;72;30;42m██[38;2;72;30;42m██[38;2;72;30;42m██[38;2;72;30;42m██[38;2;131;67;90m██[38;2;131;67;90m██[38;2;131;67;90m██[38;2;173;61;85m██[38;2;173;61;85m██[38;2;72;30;42m██[38;2;72;30;42m██[38;2;72;30;42m██[38;2;11;11;11m██[38;2;79;80;83m██[38;2;126;127;132m██[38;2;79;80;83m██[38;2;11;11;11m██[38;2;47;47;49m██[38;2;126;127;132m██[38;2;126;127;132m██[38;2;79;80;83m██[38;2;79;80;83m██[38;2;11;11;11m██                  
              [38;2;11;11;11m██[38;2;126;127;132m██[38;2;181;182;185m██[38;2;47;47;49m██[38;2;79;80;83m██[38;2;79;80;83m██[38;2;47;47;49m██[38;2;79;80;83m██[38;2;11;11;11m██      [38;2;35;13;13m██[38;2;131;67;90m██[38;2;131;67;90m██[38;2;131;67;90m██[38;2;131;67;90m██[38;2;131;67;90m██[38;2;131;67;90m██[38;2;131;67;90m██[38;2;131;67;90m██[38;2;131;67;90m██[38;2;131;67;90m██[38;2;131;67;90m██[38;2;72;30;42m██[38;2;35;13;13m██[38;2;35;13;13m██[38;2;131;67;90m██[38;2;173;61;85m██[38;2;173;61;85m██[38;2;173;61;85m██[38;2;173;61;85m██[38;2;131;67;90m██[38;2;131;67;90m██[38;2;131;67;90m██[38;2;131;67;90m██[38;2;131;67;90m██[38;2;131;67;90m██[38;2;131;67;90m██[38;2;131;67;90m██[38;2;131;67;90m██[38;2;131;67;90m██[38;2;131;67;90m██[38;2;131;67;90m██[38;2;131;67;90m██[38;2;131;67;90m██[38;2;173;61;85m██[38;2;173;61;85m██[38;2;72;30;42m██[38;2;72;30;42m██[38;2;72;30;42m██[38;2;72;30;42m██[38;2;72;30;42m██[38;2;35;13;13m██[38;2;126;127;132m██[38;2;126;127;132m██[38;2;11;11;11m██[38;2;47;47;49m██[38;2;126;127;132m██[38;2;126;127;132m██[38;2;79;80;83m██[38;2;79;80;83m██[38;2;11;11;11m██                  
              [38;2;11;11;11m██[38;2;79;80;83m██[38;2;79;80;83m██[38;2;79;80;83m██[38;2;181;182;185m██[38;2;227;228;229m██[38;2;126;127;132m██[38;2;11;11;11m██[38;2;11;11;11m██  [38;2;35;13;13m██[38;2;35;13;13m██[38;2;131;67;90m██[38;2;131;67;90m██[38;2;72;30;42m██[38;2;72;30;42m██[38;2;72;30;42m██[38;2;131;67;90m██[38;2;131;67;90m██[38;2;131;67;90m██[38;2;131;67;90m██[38;2;131;67;90m██[38;2;131;67;90m██[38;2;72;30;42m██[38;2;35;13;13m██[38;2;11;11;11m██[38;2;11;11;11m██[38;2;72;30;42m██[38;2;173;61;85m██[38;2;173;61;85m██[38;2;173;61;85m██[38;2;173;61;85m██[38;2;173;61;85m██[38;2;173;61;85m██[38;2;131;67;90m██[38;2;131;67;90m██[38;2;131;67;90m██[38;2;131;67;90m██[38;2;131;67;90m██[38;2;131;67;90m██[38;2;131;67;90m██[38;2;131;67;90m██[38;2;173;61;85m██[38;2;173;61;85m██[38;2;173;61;85m██[38;2;173;61;85m██[38;2;173;61;85m██[38;2;72;30;42m██[38;2;72;30;42m██[38;2;72;30;42m██[38;2;35;13;13m██[38;2;72;30;42m██[38;2;72;30;42m██[38;2;11;11;11m██[38;2;126;127;132m██[38;2;79;80;83m██[38;2;11;11;11m██[38;2;47;47;49m██[38;2;126;127;132m██[38;2;79;80;83m██[38;2;79;80;83m██[38;2;11;11;11m██                    
                [38;2;11;11;11m██[38;2;47;47;49m██[38;2;79;80;83m██[38;2;181;182;185m██[38;2;227;228;229m██[38;2;126;127;132m██[38;2;11;11;11m██[38;2;35;13;13m██[38;2;35;13;13m██[38;2;72;30;42m██[38;2;72;30;42m██[38;2;72;30;42m██[38;2;72;30;42m██[38;2;72;30;42m██[38;2;72;30;42m██[38;2;72;30;42m██[38;2;72;30;42m██[38;2;72;30;42m██[38;2;131;67;90m██[38;2;131;67;90m██[38;2;131;67;90m██[38;2;131;67;90m██[38;2;35;13;13m██[38;2;11;11;11m██[38;2;11;11;11m██[38;2;11;11;11m██[38;2;35;13;13m██[38;2;173;61;85m██[38;2;173;61;85m██[38;2;173;61;85m██[38;2;131;67;90m██[38;2;35;13;13m██[38;2;11;11;11m██[38;2;11;11;11m██[38;2;11;11;11m██[38;2;35;13;13m██[38;2;131;67;90m██[38;2;173;61;85m██[38;2;173;61;85m██[38;2;173;61;85m██[38;2;173;61;85m██[38;2;173;61;85m██[38;2;173;61;85m██[38;2;72;30;42m██[38;2;72;30;42m██[38;2;72;30;42m██[38;2;72;30;42m██[38;2;11;11;11m██[38;2;11;11;11m██[38;2;72;30;42m██[38;2;72;30;42m██[38;2;35;13;13m██[38;2;11;11;11m██[38;2;79;80;83m██[38;2;47;47;49m██[38;2;11;11;11m██[38;2;11;11;11m██[38;2;126;127;132m██[38;2;79;80;83m██[38;2;79;80;83m██[38;2;11;11;11m██                    
                [38;2;11;11;11m██[38;2;47;47;49m██[38;2;126;127;132m██[38;2;181;182;185m██[38;2;126;127;132m██[38;2;35;13;13m██[38;2;72;30;42m██[38;2;131;67;90m██[38;2;131;67;90m██[38;2;72;30;42m██[38;2;72;30;42m██[38;2;72;30;42m██[38;2;72;30;42m██[38;2;131;67;90m██[38;2;131;67;90m██[38;2;131;67;90m██[38;2;72;30;42m██[38;2;72;30;42m██[38;2;72;30;42m██[38;2;72;30;42m██[38;2;131;67;90m██[38;2;131;67;90m██[38;2;35;13;13m██[38;2;11;11;11m██[38;2;11;11;11m██[38;2;11;11;11m██[38;2;35;13;13m██[38;2;131;67;90m██[38;2;173;61;85m██[38;2;173;61;85m██[38;2;35;13;13m██[38;2;11;11;11m██[38;2;11;11;11m██[38;2;11;11;11m██[38;2;11;11;11m██[38;2;11;11;11m██[38;2;11;11;11m██[38;2;11;11;11m██[38;2;35;13;13m██[38;2;35;13;13m██[38;2;131;67;90m██[38;2;173;61;85m██[38;2;173;61;85m██[38;2;72;30;42m██[38;2;11;11;11m██[38;2;11;11;11m██[38;2;11;11;11m██[38;2;72;30;42m██[38;2;72;30;42m██[38;2;72;30;42m██[38;2;72;30;42m██[38;2;11;11;11m██[38;2;79;80;83m██[38;2;47;47;49m██[38;2;11;11;11m██[38;2;47;47;49m██[38;2;11;11;11m██[38;2;79;80;83m██[38;2;79;80;83m██[38;2;11;11;11m██                      
                  [38;2;11;11;11m██[38;2;79;80;83m██[38;2;126;127;132m██[38;2;35;13;13m██[38;2;131;67;90m██[38;2;131;67;90m██[38;2;131;67;90m██[38;2;131;67;90m██[38;2;131;67;90m██[38;2;131;67;90m██[38;2;131;67;90m██[38;2;131;67;90m██[38;2;131;67;90m██[38;2;131;67;90m██[38;2;131;67;90m██[38;2;131;67;90m██[38;2;131;67;90m██[38;2;72;30;42m██[38;2;72;30;42m██[38;2;72;30;42m██[38;2;72;30;42m██[38;2;35;13;13m██[38;2;11;11;11m██[38;2;11;11;11m██[38;2;11;11;11m██[38;2;11;11;11m██[38;2;131;67;90m██[38;2;173;61;85m██[38;2;131;67;90m██[38;2;35;13;13m██[38;2;11;11;11m██[38;2;11;11;11m██[38;2;11;11;11m██[38;2;11;11;11m██[38;2;11;11;11m██[38;2;11;11;11m██[38;2;11;11;11m██[38;2;11;11;11m██[38;2;35;13;13m██[38;2;72;30;42m██[38;2;173;61;85m██[38;2;131;67;90m██[38;2;35;13;13m██[38;2;11;11;11m██[38;2;11;11;11m██[38;2;72;30;42m██[38;2;72;30;42m██[38;2;35;13;13m██[38;2;72;30;42m██[38;2;72;30;42m██[38;2;11;11;11m██[38;2;47;47;49m██[38;2;11;11;11m██[38;2;47;47;49m██[38;2;126;127;132m██[38;2;47;47;49m██[38;2;79;80;83m██[38;2;79;80;83m██[38;2;11;11;11m██                      
                  [38;2;11;11;11m██[38;2;79;80;83m██[38;2;79;80;83m██[38;2;72;30;42m██[38;2;131;67;90m██[38;2;131;67;90m██[38;2;131;67;90m██[38;2;173;61;85m██[38;2;131;67;90m██[38;2;131;67;90m██[38;2;131;67;90m██[38;2;131;67;90m██[38;2;131;67;90m██[38;2;131;67;90m██[38;2;131;67;90m██[38;2;131;67;90m██[38;2;131;67;90m██[38;2;131;67;90m██[38;2;131;67;90m██[38;2;72;30;42m██[38;2;35;13;13m██[38;2;11;11;11m██[38;2;11;11;11m██[38;2;11;11;11m██[38;2;11;11;11m██[38;2;11;11;11m██[38;2;35;13;13m██[38;2;173;61;85m██[38;2;131;67;90m██[38;2;35;13;13m██[38;2;11;11;11m██[38;2;11;11;11m██[38;2;11;11;11m██[38;2;11;11;11m██[38;2;11;11;11m██[38;2;11;11;11m██[38;2;11;11;11m██[38;2;11;11;11m██[38;2;72;30;42m██[38;2;131;67;90m██[38;2;173;61;85m██[38;2;131;67;90m██[38;2;35;13;13m██[38;2;11;11;11m██[38;2;35;13;13m██[38;2;72;30;42m██[38;2;72;30;42m██[38;2;11;11;11m██[38;2;11;11;11m██[38;2;11;11;11m██[38;2;47;47;49m██[38;2;11;11;11m██[38;2;11;11;11m██[38;2;11;11;11m██[38;2;47;47;49m██[38;2;79;80;83m██[38;2;79;80;83m██[38;2;11;11;11m██                        
                    [38;2;11;11;11m██[38;2;35;13;13m██[38;2;131;67;90m██[38;2;131;67;90m██[38;2;131;67;90m██[38;2;173;61;85m██[38;2;173;61;85m██[38;2;173;61;85m██[38;2;131;67;90m██[38;2;131;67;90m██[38;2;131;67;90m██[38;2;131;67;90m██[38;2;131;67;90m██[38;2;131;67;90m██[38;2;131;67;90m██[38;2;131;67;90m██[38;2;131;67;90m██[38;2;131;67;90m██[38;2;131;67;90m██[38;2;35;13;13m██[38;2;11;11;11m██[38;2;11;11;11m██[38;2;11;11;11m██[38;2;11;11;11m██[38;2;11;11;11m██[38;2;35;13;13m██[38;2;173;61;85m██[38;2;72;30;42m██[38;2;11;11;11m██[38;2;11;11;11m██[38;2;11;11;11m██[38;2;11;11;11m██[38;2;11;11;11m██[38;2;11;11;11m██[38;2;11;11;11m██[38;2;11;11;11m██[38;2;11;11;11m██[38;2;72;30;42m██[38;2;131;67;90m██[38;2;131;67;90m██[38;2;131;67;90m██[38;2;72;30;42m██[38;2;11;11;11m██[38;2;72;30;42m██[38;2;72;30;42m██[38;2;72;30;42m██[38;2;11;11;11m██[38;2;72;30;42m██[38;2;11;11;11m██[38;2;11;11;11m██[38;2;11;11;11m██[38;2;11;11;11m██[38;2;11;11;11m██[38;2;47;47;49m██[38;2;79;80;83m██[38;2;11;11;11m██[38;2;11;11;11m██                        
                    [38;2;11;11;11m██[38;2;35;13;13m██[38;2;131;67;90m██[38;2;131;67;90m██[38;2;131;67;90m██[38;2;131;67;90m██[38;2;131;67;90m██[38;2;131;67;90m██[38;2;173;61;85m██[38;2;173;61;85m██[38;2;173;61;85m██[38;2;173;61;85m██[38;2;131;67;90m██[38;2;131;67;90m██[38;2;131;67;90m██[38;2;131;67;90m██[38;2;131;67;90m██[38;2;131;67;90m██[38;2;131;67;90m██[38;2;35;13;13m██[38;2;11;11;11m██[38;2;11;11;11m██[38;2;11;11;11m██[38;2;11;11;11m██[38;2;11;11;11m██[38;2;35;13;13m██[38;2;173;61;85m██[38;2;72;30;42m██[38;2;11;11;11m██[38;2;11;11;11m██[38;2;11;11;11m██[38;2;11;11;11m██[38;2;11;11;11m██[38;2;11;11;11m██[38;2;11;11;11m██[38;2;11;11;11m██[38;2;11;11;11m██[38;2;72;30;42m██[38;2;131;67;90m██[38;2;131;67;90m██[38;2;72;30;42m██[38;2;35;13;13m██[38;2;35;13;13m██[38;2;72;30;42m██[38;2;72;30;42m██[38;2;11;11;11m██[38;2;72;30;42m██[38;2;72;30;42m██[38;2;72;30;42m██[38;2;72;30;42m██[38;2;72;30;42m██[38;2;11;11;11m██[38;2;11;11;11m██[38;2;11;11;11m██[38;2;11;11;11m██[38;2;11;11;11m██              [38;2;11;11;11m██[38;2;47;47;49m██[38;2;47;47;49m██      
                      [38;2;11;11;11m██[38;2;131;67;90m██[38;2;131;67;90m██[38;2;131;67;90m██[38;2;131;67;90m██[38;2;173;61;85m██[38;2;131;67;90m██[38;2;173;61;85m██[38;2;173;61;85m██[38;2;173;61;85m██[38;2;35;13;13m██[38;2;35;13;13m██[38;2;131;67;90m██[38;2;131;67;90m██[38;2;131;67;90m██[38;2;131;67;90m██[38;2;131;67;90m██[38;2;35;13;13m██[38;2;11;11;11m██[38;2;11;11;11m██[38;2;11;11;11m██[38;2;11;11;11m██[38;2;40;55;23m██[38;2;47;47;49m██[38;2;35;13;13m██[38;2;131;67;90m██[38;2;72;30;42m██[38;2;40;55;23m██[38;2;40;55;23m██[38;2;40;55;23m██[38;2;11;11;11m██[38;2;11;11;11m██[38;2;11;11;11m██[38;2;11;11;11m██[38;2;11;11;11m██[38;2;11;11;11m██[38;2;35;13;13m██[38;2;72;30;42m██[38;2;72;30;42m██[38;2;35;13;13m██[38;2;11;11;11m██[38;2;35;13;13m██[38;2;72;30;42m██[38;2;72;30;42m██[38;2;11;11;11m██[38;2;72;30;42m██[38;2;72;30;42m██[38;2;131;67;90m██[38;2;131;67;90m██[38;2;131;67;90m██[38;2;131;67;90m██[38;2;72;30;42m██[38;2;72;30;42m██[38;2;11;11;11m██[38;2;11;11;11m██            [38;2;11;11;11m██[38;2;79;80;83m██[38;2;126;127;132m██[38;2;47;47;49m██      
                      [38;2;11;11;11m██[38;2;35;13;13m██[38;2;35;13;13m██[38;2;173;61;85m██[38;2;173;61;85m██[38;2;173;61;85m██[38;2;173;61;85m██[38;2;173;61;85m██[38;2;35;13;13m██[38;2;35;13;13m██[38;2;72;30;42m██[38;2;72;30;42m██[38;2;72;30;42m██[38;2;72;30;42m██[38;2;131;67;90m██[38;2;131;67;90m██[38;2;131;67;90m██[38;2;11;11;11m██[38;2;11;11;11m██[38;2;11;11;11m██[38;2;40;55;23m██[38;2;91;130;68m██[38;2;11;11;11m██[38;2;126;127;132m██[38;2;35;13;13m██[38;2;131;67;90m██[38;2;72;30;42m██[38;2;91;130;68m██[38;2;91;130;68m██[38;2;91;130;68m██[38;2;91;130;68m██[38;2;40;55;23m██[38;2;40;55;23m██[38;2;11;11;11m██[38;2;11;11;11m██[38;2;11;11;11m██[38;2;11;11;11m██[38;2;35;13;13m██[38;2;35;13;13m██[38;2;11;11;11m██[38;2;11;11;11m██[38;2;11;11;11m██[38;2;72;30;42m██[38;2;72;30;42m██[38;2;11;11;11m██[38;2;72;30;42m██[38;2;131;67;90m██[38;2;131;67;90m██[38;2;131;67;90m██[38;2;131;67;90m██[38;2;131;67;90m██[38;2;131;67;90m██[38;2;131;67;90m██[38;2;72;30;42m██[38;2;11;11;11m██            [38;2;47;47;49m██[38;2;126;127;132m██[38;2;79;80;83m██[38;2;11;11;11m██      
                        [38;2;35;13;13m██[38;2;72;30;42m██[38;2;35;13;13m██[38;2;35;13;13m██[38;2;35;13;13m██[38;2;35;13;13m██[38;2;35;13;13m██[38;2;72;30;42m██[38;2;72;30;42m██[38;2;72;30;42m██[38;2;72;30;42m██[38;2;72;30;42m██[38;2;72;30;42m██[38;2;72;30;42m██[38;2;131;67;90m██[38;2;131;67;90m██[38;2;72;30;42m██[38;2;11;11;11m██[38;2;91;130;68m██[38;2;91;130;68m██[38;2;47;47;49m██[38;2;126;127;132m██[38;2;79;80;83m██[38;2;35;13;13m██[38;2;131;67;90m██[38;2;72;30;42m██[38;2;91;130;68m██[38;2;91;130;68m██[38;2;91;130;68m██[38;2;91;130;68m██[38;2;91;130;68m██[38;2;91;130;68m██[38;2;91;130;68m██[38;2;40;55;23m██[38;2;40;55;23m██[38;2;11;11;11m██[38;2;11;11;11m██[38;2;11;11;11m██[38;2;11;11;11m██[38;2;47;47;49m██[38;2;11;11;11m██[38;2;72;30;42m██[38;2;72;30;42m██[38;2;35;13;13m██[38;2;72;30;42m██[38;2;131;67;90m██[38;2;131;67;90m██[38;2;131;67;90m██[38;2;131;67;90m██[38;2;131;67;90m██[38;2;131;67;90m██[38;2;131;67;90m██[38;2;131;67;90m██[38;2;11;11;11m██          [38;2;47;47;49m██[38;2;126;127;132m██[38;2;126;127;132m██[38;2;79;80;83m██[38;2;11;11;11m██      
                        [38;2;35;13;13m██[38;2;131;67;90m██[38;2;72;30;42m██[38;2;72;30;42m██[38;2;72;30;42m██[38;2;72;30;42m██[38;2;72;30;42m██[38;2;72;30;42m██[38;2;72;30;42m██[38;2;131;67;90m██[38;2;131;67;90m██[38;2;131;67;90m██[38;2;72;30;42m██[38;2;72;30;42m██[38;2;72;30;42m██[38;2;72;30;42m██[38;2;72;30;42m██[38;2;11;11;11m██[38;2;91;130;68m██[38;2;91;130;68m██[38;2;47;47;49m██[38;2;126;127;132m██[38;2;11;11;11m██[38;2;35;13;13m██[38;2;231;75;88m██[38;2;72;30;42m██[38;2;149;203;103m██[38;2;149;203;103m██[38;2;149;203;103m██[38;2;149;203;103m██[38;2;149;203;103m██[38;2;149;203;103m██[38;2;91;130;68m██[38;2;91;130;68m██[38;2;91;130;68m██[38;2;40;55;23m██[38;2;11;11;11m██[38;2;11;11;11m██[38;2;11;11;11m██[38;2;47;47;49m██[38;2;47;47;49m██[38;2;11;11;11m██[38;2;72;30;42m██[38;2;131;67;90m██[38;2;35;13;13m██[38;2;131;67;90m██[38;2;131;67;90m██[38;2;131;67;90m██[38;2;131;67;90m██[38;2;131;67;90m██[38;2;131;67;90m██[38;2;131;67;90m██[38;2;131;67;90m██[38;2;72;30;42m██[38;2;11;11;11m██[38;2;11;11;11m██  [38;2;11;11;11m██[38;2;11;11;11m██[38;2;35;13;13m██[38;2;35;13;13m██[38;2;79;80;83m██[38;2;11;11;11m██        
          [38;2;47;47;49m██[38;2;47;47;49m██      [38;2;35;13;13m██[38;2;35;13;13m██[38;2;173;61;85m██[38;2;173;61;85m██[38;2;131;67;90m██[38;2;72;30;42m██[38;2;72;30;42m██[38;2;72;30;42m██[38;2;131;67;90m██[38;2;131;67;90m██[38;2;131;67;90m██[38;2;131;67;90m██[38;2;131;67;90m██[38;2;131;67;90m██[38;2;131;67;90m██[38;2;131;67;90m██[38;2;72;30;42m██[38;2;72;30;42m██[38;2;72;30;42m██[38;2;72;30;42m██[38;2;11;11;11m██[38;2;47;47;49m██[38;2;126;127;132m██[38;2;47;47;49m██[38;2;47;47;49m██[38;2;35;13;13m██[38;2;231;75;88m██[38;2;72;30;42m██[38;2;149;203;103m██[38;2;149;203;103m██[38;2;149;203;103m██[38;2;149;203;103m██[38;2;149;203;103m██[38;2;149;203;103m██[38;2;149;203;103m██[38;2;149;203;103m██[38;2;91;130;68m██[38;2;91;130;68m██[38;2;40;55;23m██[38;2;11;11;11m██[38;2;11;11;11m██[38;2;47;47;49m██[38;2;126;127;132m██[38;2;47;47;49m██[38;2;72;30;42m██[38;2;131;67;90m██[38;2;72;30;42m██[38;2;131;67;90m██[38;2;131;67;90m██[38;2;131;67;90m██[38;2;131;67;90m██[38;2;131;67;90m██[38;2;131;67;90m██[38;2;131;67;90m██[38;2;72;30;42m██[38;2;72;30;42m██[38;2;131;67;90m██[38;2;131;67;90m██[38;2;11;11;11m██[38;2;72;30;42m██[38;2;131;67;90m██[38;2;131;67;90m██[38;2;131;67;90m██[38;2;35;13;13m██[38;2;11;11;11m██        
        [38;2;47;47;49m██        [38;2;35;13;13m██[38;2;72;30;42m██[38;2;173;61;85m██[38;2;173;61;85m██[38;2;173;61;85m██[38;2;173;61;85m██[38;2;173;61;85m██[38;2;173;61;85m██[38;2;173;61;85m██[38;2;173;61;85m██[38;2;173;61;85m██[38;2;131;67;90m██[38;2;131;67;90m██[38;2;131;67;90m██[38;2;131;67;90m██[38;2;131;67;90m██[38;2;131;67;90m██[38;2;131;67;90m██[38;2;131;67;90m██[38;2;131;67;90m██[38;2;131;67;90m██[38;2;11;11;11m██[38;2;79;80;83m██[38;2;79;80;83m██[38;2;11;11;11m██[38;2;35;13;13m██[38;2;131;67;90m██[38;2;231;75;88m██[38;2;35;13;13m██[38;2;149;203;103m██[38;2;149;203;103m██[38;2;149;203;103m██[38;2;149;203;103m██[38;2;149;203;103m██[38;2;149;203;103m██[38;2;149;203;103m██[38;2;149;203;103m██[38;2;149;203;103m██[38;2;149;203;103m██[38;2;91;130;68m██[38;2;40;55;23m██[38;2;47;47;49m██[38;2;126;127;132m██[38;2;79;80;83m██[38;2;11;11;11m██[38;2;11;11;11m██[38;2;131;67;90m██[38;2;131;67;90m██[38;2;35;13;13m██[38;2;131;67;90m██[38;2;131;67;90m██[38;2;131;67;90m██[38;2;131;67;90m██[38;2;72;30;42m██[38;2;72;30;42m██[38;2;72;30;42m██[38;2;131;67;90m██[38;2;131;67;90m██[38;2;131;67;90m██[38;2;72;30;42m██[38;2;72;30;42m██[38;2;72;30;42m██[38;2;131;67;90m██[38;2;131;67;90m██[38;2;131;67;90m██[38;2;11;11;11m██        
        [38;2;47;47;49m██      [38;2;35;13;13m██[38;2;72;30;42m██[38;2;72;30;42m██[38;2;72;30;42m██[38;2;72;30;42m██[38;2;173;61;85m██[38;2;173;61;85m██[38;2;173;61;85m██[38;2;173;61;85m██[38;2;173;61;85m██[38;2;173;61;85m██[38;2;173;61;85m██[38;2;131;67;90m██[38;2;131;67;90m██[38;2;131;67;90m██[38;2;131;67;90m██[38;2;131;67;90m██[38;2;131;67;90m██[38;2;131;67;90m██[38;2;131;67;90m██[38;2;131;67;90m██[38;2;131;67;90m██[38;2;72;30;42m██[38;2;11;11;11m██[38;2;11;11;11m██[38;2;91;130;68m██[38;2;35;13;13m██[38;2;231;75;88m██[38;2;231;75;88m██[38;2;35;13;13m██[38;2;149;203;103m██[38;2;149;203;103m██[38;2;149;203;103m██[38;2;149;203;103m██[38;2;149;203;103m██[38;2;149;203;103m██[38;2;149;203;103m██[38;2;149;203;103m██[38;2;149;203;103m██[38;2;149;203;103m██[38;2;149;203;103m██[38;2;47;47;49m██[38;2;11;11;11m██[38;2;47;47;49m██[38;2;79;80;83m██[38;2;11;11;11m██[38;2;11;11;11m██[38;2;35;13;13m██[38;2;131;67;90m██[38;2;35;13;13m██[38;2;131;67;90m██[38;2;131;67;90m██[38;2;72;30;42m██[38;2;72;30;42m██[38;2;72;30;42m██[38;2;72;30;42m██[38;2;72;30;42m██[38;2;131;67;90m██[38;2;131;67;90m██[38;2;131;67;90m██[38;2;131;67;90m██[38;2;72;30;42m██[38;2;72;30;42m██[38;2;72;30;42m██[38;2;131;67;90m██[38;2;131;67;90m██[38;2;11;11;11m██        
        [38;2;47;47;49m██[38;2;47;47;49m██  [38;2;35;13;13m██[38;2;173;61;85m██[38;2;173;61;85m██[38;2;173;61;85m██[38;2;72;30;42m██[38;2;72;30;42m██[38;2;72;30;42m██[38;2;173;61;85m██[38;2;173;61;85m██[38;2;173;61;85m██[38;2;173;61;85m██[38;2;131;67;90m██[38;2;131;67;90m██[38;2;131;67;90m██[38;2;72;30;42m██[38;2;72;30;42m██[38;2;131;67;90m██[38;2;131;67;90m██[38;2;131;67;90m██[38;2;131;67;90m██[38;2;131;67;90m██[38;2;131;67;90m██[38;2;131;67;90m██[38;2;131;67;90m██[38;2;131;67;90m██[38;2;91;130;68m██[38;2;35;13;13m██[38;2;231;75;88m██[38;2;231;75;88m██[38;2;231;75;88m██[38;2;131;67;90m██[38;2;35;13;13m██[38;2;149;203;103m██[38;2;149;203;103m██[38;2;149;203;103m██[38;2;149;203;103m██[38;2;149;203;103m██[38;2;149;203;103m██[38;2;149;203;103m██[38;2;149;203;103m██[38;2;149;203;103m██[38;2;47;47;49m██[38;2;181;182;185m██[38;2;79;80;83m██[38;2;11;11;11m██[38;2;47;47;49m██[38;2;11;11;11m██[38;2;11;11;11m██[38;2;35;13;13m██[38;2;131;67;90m██[38;2;35;13;13m██[38;2;72;30;42m██[38;2;72;30;42m██[38;2;72;30;42m██[38;2;72;30;42m██[38;2;72;30;42m██[38;2;72;30;42m██[38;2;131;67;90m██[38;2;131;67;90m██[38;2;131;67;90m██[38;2;131;67;90m██[38;2;72;30;42m██[38;2;72;30;42m██[38;2;173;61;85m██[38;2;173;61;85m██[38;2;72;30;42m██[38;2;72;30;42m██[38;2;72;30;42m██[38;2;72;30;42m██      
          [38;2;47;47;49m██[38;2;47;47;49m██[38;2;35;13;13m██[38;2;173;61;85m██[38;2;173;61;85m██[38;2;173;61;85m██[38;2;173;61;85m██[38;2;173;61;85m██[38;2;72;30;42m██[38;2;72;30;42m██[38;2;72;30;42m██[38;2;131;67;90m██[38;2;131;67;90m██[38;2;131;67;90m██[38;2;72;30;42m██[38;2;72;30;42m██[38;2;72;30;42m██[38;2;72;30;42m██[38;2;72;30;42m██[38;2;72;30;42m██[38;2;131;67;90m██[38;2;131;67;90m██[38;2;131;67;90m██[38;2;131;67;90m██[38;2;131;67;90m██[38;2;131;67;90m██[38;2;131;67;90m██[38;2;131;67;90m██[38;2;131;67;90m██[38;2;231;75;88m██[38;2;231;75;88m██[38;2;231;75;88m██[38;2;231;75;88m██[38;2;231;75;88m██[38;2;72;30;42m██[38;2;149;203;103m██[38;2;149;203;103m██[38;2;149;203;103m██[38;2;149;203;103m██[38;2;149;203;103m██[38;2;149;203;103m██[38;2;149;203;103m██[38;2;149;203;103m██[38;2;11;11;11m██[38;2;181;182;185m██[38;2;126;127;132m██[38;2;11;11;11m██[38;2;11;11;11m██[38;2;11;11;11m██[38;2;11;11;11m██[38;2;131;67;90m██[38;2;131;67;90m██[38;2;35;13;13m██[38;2;72;30;42m██[38;2;72;30;42m██[38;2;72;30;42m██[38;2;72;30;42m██[38;2;131;67;90m██[38;2;131;67;90m██[38;2;131;67;90m██[38;2;131;67;90m██[38;2;131;67;90m██[38;2;131;67;90m██[38;2;72;30;42m██[38;2;72;30;42m██[38;2;131;67;90m██[38;2;173;61;85m██[38;2;173;61;85m██[38;2;231;75;88m██[38;2;231;75;88m██[38;2;173;61;85m██[38;2;35;13;13m██    
          [38;2;47;47;49m██[38;2;35;13;13m██[38;2;72;30;42m██[38;2;72;30;42m██[38;2;231;75;88m██[38;2;231;75;88m██[38;2;173;61;85m██[38;2;173;61;85m██[38;2;173;61;85m██[38;2;72;30;42m██[38;2;72;30;42m██[38;2;72;30;42m██[38;2;72;30;42m██[38;2;72;30;42m██[38;2;72;30;42m██[38;2;72;30;42m██[38;2;72;30;42m██[38;2;72;30;42m██[38;2;72;30;42m██[38;2;72;30;42m██[38;2;72;30;42m██[38;2;72;30;42m██[38;2;131;67;90m██[38;2;131;67;90m██[38;2;131;67;90m██[38;2;131;67;90m██[38;2;131;67;90m██[38;2;131;67;90m██[38;2;131;67;90m██[38;2;173;61;85m██[38;2;173;61;85m██[38;2;231;75;88m██[38;2;231;75;88m██[38;2;231;75;88m██[38;2;231;75;88m██[38;2;72;30;42m██[38;2;35;13;13m██[38;2;35;13;13m██[38;2;91;130;68m██[38;2;91;130;68m██[38;2;91;130;68m██[38;2;91;130;68m██[38;2;11;11;11m██[38;2;79;80;83m██[38;2;126;127;132m██[38;2;126;127;132m██[38;2;79;80;83m██[38;2;11;11;11m██[38;2;11;11;11m██[38;2;131;67;90m██[38;2;131;67;90m██[38;2;72;30;42m██[38;2;35;13;13m██[38;2;72;30;42m██[38;2;72;30;42m██[38;2;131;67;90m██[38;2;131;67;90m██[38;2;131;67;90m██[38;2;131;67;90m██[38;2;131;67;90m██[38;2;131;67;90m██[38;2;131;67;90m██[38;2;72;30;42m██[38;2;72;30;42m██[38;2;35;13;13m██[38;2;131;67;90m██[38;2;131;67;90m██[38;2;173;61;85m██[38;2;231;75;88m██[38;2;231;75;88m██[38;2;231;75;88m██[38;2;72;30;42m██[38;2;11;11;11m██  
        [38;2;35;13;13m██[38;2;35;13;13m██[38;2;131;67;90m██[38;2;72;30;42m██[38;2;72;30;42m██[38;2;173;61;85m██[38;2;35;13;13m██[38;2;35;13;13m██[38;2;35;13;13m██[38;2;173;61;85m██[38;2;173;61;85m██[38;2;173;61;85m██[38;2;72;30;42m██[38;2;72;30;42m██[38;2;72;30;42m██[38;2;72;30;42m██[38;2;72;30;42m██[38;2;131;67;90m██[38;2;131;67;90m██[38;2;131;67;90m██[38;2;72;30;42m██[38;2;72;30;42m██[38;2;72;30;42m██[38;2;72;30;42m██[38;2;72;30;42m██[38;2;131;67;90m██[38;2;131;67;90m██[38;2;131;67;90m██[38;2;131;67;90m██[38;2;131;67;90m██[38;2;131;67;90m██[38;2;131;67;90m██[38;2;173;61;85m██[38;2;231;75;88m██[38;2;231;75;88m██[38;2;231;75;88m██[38;2;231;75;88m██[38;2;231;75;88m██[38;2;231;75;88m██[38;2;72;30;42m██[38;2;35;13;13m██[38;2;35;13;13m██[38;2;35;13;13m██[38;2;35;13;13m██[38;2;35;13;13m██[38;2;35;13;13m██[38;2;35;13;13m██[38;2;35;13;13m██[38;2;35;13;13m██[38;2;131;67;90m██[38;2;131;67;90m██[38;2;131;67;90m██[38;2;35;13;13m██[38;2;131;67;90m██[38;2;131;67;90m██[38;2;131;67;90m██[38;2;131;67;90m██[38;2;131;67;90m██[38;2;131;67;90m██[38;2;131;67;90m██[38;2;131;67;90m██[38;2;131;67;90m██[38;2;72;30;42m██[38;2;72;30;42m██[38;2;35;13;13m██[38;2;131;67;90m██[38;2;131;67;90m██[38;2;131;67;90m██[38;2;231;75;88m██[38;2;231;75;88m██[38;2;231;75;88m██[38;2;231;75;88m██[38;2;72;30;42m██[38;2;11;11;11m██  
      [38;2;35;13;13m██[38;2;72;30;42m██[38;2;131;67;90m██[38;2;131;67;90m██[38;2;72;30;42m██[38;2;72;30;42m██[38;2;35;13;13m██[38;2;231;75;88m██[38;2;231;75;88m██[38;2;173;61;85m██[38;2;35;13;13m██[38;2;173;61;85m██[38;2;173;61;85m██[38;2;173;61;85m██[38;2;173;61;85m██[38;2;173;61;85m██[38;2;131;67;90m██[38;2;131;67;90m██[38;2;131;67;90m██[38;2;131;67;90m██[38;2;131;67;90m██[38;2;131;67;90m██[38;2;131;67;90m██[38;2;131;67;90m██[38;2;131;67;90m██[38;2;131;67;90m██[38;2;131;67;90m██[38;2;131;67;90m██[38;2;131;67;90m██[38;2;131;67;90m██[38;2;173;61;85m██[38;2;173;61;85m██[38;2;131;67;90m██[38;2;131;67;90m██[38;2;131;67;90m██[38;2;131;67;90m██[38;2;131;67;90m██[38;2;173;61;85m██[38;2;173;61;85m██[38;2;231;75;88m██[38;2;231;75;88m██[38;2;231;75;88m██[38;2;231;75;88m██[38;2;231;75;88m██[38;2;173;61;85m██[38;2;173;61;85m██[38;2;131;67;90m██[38;2;131;67;90m██[38;2;131;67;90m██[38;2;131;67;90m██[38;2;131;67;90m██[38;2;131;67;90m██[38;2;72;30;42m██[38;2;35;13;13m██[38;2;131;67;90m██[38;2;131;67;90m██[38;2;131;67;90m██[38;2;131;67;90m██[38;2;131;67;90m██[38;2;131;67;90m██[38;2;72;30;42m██[38;2;72;30;42m██[38;2;72;30;42m██[38;2;72;30;42m██[38;2;35;13;13m██[38;2;131;67;90m██[38;2;131;67;90m██[38;2;131;67;90m██[38;2;131;67;90m██[38;2;173;61;85m██[38;2;173;61;85m██[38;2;231;75;88m██[38;2;131;67;90m██[38;2;72;30;42m██[38;2;11;11;11m██  
      [38;2;35;13;13m██[38;2;131;67;90m██[38;2;131;67;90m██[38;2;131;67;90m██[38;2;72;30;42m██[38;2;35;13;13m██[38;2;231;75;88m██[38;2;173;61;85m██[38;2;173;61;85m██[38;2;131;67;90m██[38;2;131;67;90m██[38;2;35;13;13m██[38;2;173;61;85m██[38;2;173;61;85m██[38;2;173;61;85m██[38;2;173;61;85m██[38;2;173;61;85m██[38;2;173;61;85m██[38;2;173;61;85m██[38;2;173;61;85m██[38;2;173;61;85m██[38;2;173;61;85m██[38;2;173;61;85m██[38;2;173;61;85m██[38;2;173;61;85m██[38;2;173;61;85m██[38;2;173;61;85m██[38;2;173;61;85m██[38;2;173;61;85m██[38;2;173;61;85m██[38;2;173;61;85m██[38;2;173;61;85m██[38;2;173;61;85m██[38;2;173;61;85m██[38;2;35;13;13m██[38;2;131;67;90m██[38;2;131;67;90m██[38;2;131;67;90m██[38;2;131;67;90m██[38;2;131;67;90m██[38;2;131;67;90m██[38;2;131;67;90m██[38;2;131;67;90m██[38;2;131;67;90m██[38;2;131;67;90m██[38;2;131;67;90m██[38;2;131;67;90m██[38;2;131;67;90m██[38;2;131;67;90m██[38;2;131;67;90m██[38;2;131;67;90m██[38;2;72;30;42m██[38;2;11;11;11m██[38;2;131;67;90m██[38;2;131;67;90m██[38;2;131;67;90m██[38;2;131;67;90m██[38;2;131;67;90m██[38;2;72;30;42m██[38;2;72;30;42m██[38;2;72;30;42m██[38;2;72;30;42m██[38;2;35;13;13m██[38;2;35;13;13m██[38;2;131;67;90m██[38;2;131;67;90m██[38;2;131;67;90m██[38;2;131;67;90m██[38;2;131;67;90m██[38;2;173;61;85m██[38;2;173;61;85m██[38;2;173;61;85m██[38;2;72;30;42m██[38;2;11;11;11m██    
      [38;2;35;13;13m██[38;2;131;67;90m██[38;2;131;67;90m██[38;2;131;67;90m██[38;2;131;67;90m██[38;2;35;13;13m██[38;2;131;67;90m██[38;2;131;67;90m██[38;2;131;67;90m██[38;2;131;67;90m██[38;2;131;67;90m██[38;2;131;67;90m██[38;2;35;13;13m██[38;2;35;13;13m██[38;2;72;30;42m██[38;2;72;30;42m██[38;2;173;61;85m██[38;2;173;61;85m██[38;2;173;61;85m██[38;2;173;61;85m██[38;2;173;61;85m██[38;2;173;61;85m██[38;2;173;61;85m██[38;2;173;61;85m██[38;2;173;61;85m██[38;2;173;61;85m██[38;2;173;61;85m██[38;2;173;61;85m██[38;2;173;61;85m██[38;2;173;61;85m██[38;2;173;61;85m██[38;2;173;61;85m██[38;2;173;61;85m██[38;2;173;61;85m██[38;2;131;67;90m██[38;2;35;13;13m██[38;2;35;13;13m██[38;2;173;61;85m██[38;2;173;61;85m██[38;2;173;61;85m██[38;2;173;61;85m██[38;2;131;67;90m██[38;2;131;67;90m██[38;2;131;67;90m██[38;2;131;67;90m██[38;2;131;67;90m██[38;2;131;67;90m██[38;2;131;67;90m██[38;2;131;67;90m██[38;2;72;30;42m██[38;2;35;13;13m██[38;2;11;11;11m██[38;2;131;67;90m██[38;2;131;67;90m██[38;2;131;67;90m██[38;2;131;67;90m██[38;2;72;30;42m██[38;2;72;30;42m██[38;2;72;30;42m██[38;2;35;13;13m██[38;2;35;13;13m██[38;2;131;67;90m██[38;2;131;67;90m██[38;2;131;67;90m██[38;2;131;67;90m██[38;2;131;67;90m██[38;2;131;67;90m██[38;2;131;67;90m██[38;2;173;61;85m██[38;2;173;61;85m██[38;2;173;61;85m██[38;2;72;30;42m██[38;2;35;13;13m██      
        [38;2;35;13;13m██[38;2;131;67;90m██[38;2;131;67;90m██[38;2;131;67;90m██[38;2;35;13;13m██[38;2;131;67;90m██[38;2;131;67;90m██[38;2;131;67;90m██[38;2;72;30;42m██[38;2;72;30;42m██[38;2;72;30;42m██[38;2;72;30;42m██[38;2;72;30;42m██[38;2;72;30;42m██[38;2;35;13;13m██[38;2;35;13;13m██[38;2;72;30;42m██[38;2;72;30;42m██[38;2;72;30;42m██[38;2;72;30;42m██[38;2;131;67;90m██[38;2;131;67;90m██[38;2;173;61;85m██[38;2;173;61;85m██[38;2;173;61;85m██[38;2;173;61;85m██[38;2;173;61;85m██[38;2;131;67;90m██[38;2;72;30;42m██[38;2;72;30;42m██[38;2;72;30;42m██[38;2;72;30;42m██[38;2;72;30;42m██[38;2;131;67;90m██[38;2;131;67;90m██[38;2;131;67;90m██[38;2;35;13;13m██[38;2;35;13;13m██[38;2;35;13;13m██[38;2;72;30;42m██[38;2;131;67;90m██[38;2;131;67;90m██[38;2;131;67;90m██[38;2;131;67;90m██[38;2;131;67;90m██[38;2;131;67;90m██[38;2;11;11;11m██[38;2;11;11;11m██[38;2;11;11;11m██[38;2;131;67;90m██[38;2;131;67;90m██[38;2;131;67;90m██[38;2;131;67;90m██[38;2;131;67;90m██[38;2;72;30;42m██[38;2;72;30;42m██[38;2;35;13;13m██[38;2;35;13;13m██[38;2;131;67;90m██[38;2;131;67;90m██[38;2;131;67;90m██[38;2;131;67;90m██[38;2;131;67;90m██[38;2;131;67;90m██[38;2;131;67;90m██[38;2;131;67;90m██[38;2;131;67;90m██[38;2;131;67;90m██[38;2;131;67;90m██[38;2;72;30;42m██[38;2;72;30;42m██[38;2;11;11;11m██      
          [38;2;35;13;13m██[38;2;35;13;13m██[38;2;35;13;13m██[38;2;35;13;13m██[38;2;72;30;42m██[38;2;72;30;42m██[38;2;72;30;42m██[38;2;72;30;42m██[38;2;72;30;42m██[38;2;72;30;42m██[38;2;72;30;42m██[38;2;72;30;42m██[38;2;72;30;42m██[38;2;72;30;42m██[38;2;72;30;42m██[38;2;72;30;42m██[38;2;72;30;42m██[38;2;72;30;42m██[38;2;72;30;42m██[38;2;72;30;42m██[38;2;72;30;42m██[38;2;72;30;42m██[38;2;72;30;42m██[38;2;72;30;42m██[38;2;72;30;42m██[38;2;72;30;42m██[38;2;72;30;42m██[38;2;72;30;42m██[38;2;72;30;42m██[38;2;72;30;42m██[38;2;72;30;42m██[38;2;72;30;42m██[38;2;72;30;42m██[38;2;72;30;42m██[38;2;72;30;42m██[38;2;131;67;90m██[38;2;131;67;90m██[38;2;173;61;85m██[38;2;173;61;85m██[38;2;35;13;13m██[38;2;11;11;11m██[38;2;11;11;11m██[38;2;11;11;11m██[38;2;11;11;11m██[38;2;35;13;13m██[38;2;131;67;90m██[38;2;131;67;90m██[38;2;131;67;90m██[38;2;131;67;90m██[38;2;131;67;90m██[38;2;131;67;90m██[38;2;72;30;42m██[38;2;72;30;42m██[38;2;72;30;42m██[38;2;35;13;13m██[38;2;131;67;90m██[38;2;131;67;90m██[38;2;131;67;90m██[38;2;131;67;90m██[38;2;131;67;90m██[38;2;131;67;90m██[38;2;131;67;90m██[38;2;131;67;90m██[38;2;131;67;90m██[38;2;131;67;90m██[38;2;72;30;42m██[38;2;72;30;42m██[38;2;72;30;42m██[38;2;72;30;42m██[38;2;11;11;11m██        
        [38;2;35;13;13m██[38;2;35;13;13m██[38;2;72;30;42m██[38;2;72;30;42m██[38;2;72;30;42m██[38;2;72;30;42m██[38;2;72;30;42m██[38;2;72;30;42m██[38;2;72;30;42m██[38;2;72;30;42m██[38;2;72;30;42m██[38;2;72;30;42m██[38;2;72;30;42m██[38;2;72;30;42m██[38;2;72;30;42m██[38;2;72;30;42m██[38;2;72;30;42m██[38;2;72;30;42m██[38;2;72;30;42m██[38;2;72;30;42m██[38;2;72;30;42m██[38;2;72;30;42m██[38;2;72;30;42m██[38;2;72;30;42m██[38;2;72;30;42m██[38;2;72;30;42m██[38;2;72;30;42m██[38;2;173;61;85m██[38;2;173;61;85m██[38;2;173;61;85m██[38;2;173;61;85m██[38;2;173;61;85m██[38;2;173;61;85m██[38;2;72;30;42m██[38;2;72;30;42m██[38;2;72;30;42m██[38;2;72;30;42m██[38;2;72;30;42m██[38;2;131;67;90m██[38;2;131;67;90m██[38;2;131;67;90m██[38;2;131;67;90m██[38;2;131;67;90m██[38;2;131;67;90m██[38;2;131;67;90m██[38;2;131;67;90m██[38;2;131;67;90m██[38;2;131;67;90m██[38;2;131;67;90m██[38;2;131;67;90m██[38;2;72;30;42m██[38;2;72;30;42m██[38;2;72;30;42m██[38;2;72;30;42m██[38;2;131;67;90m██[38;2;131;67;90m██[38;2;131;67;90m██[38;2;131;67;90m██[38;2;131;67;90m██[38;2;131;67;90m██[38;2;131;67;90m██[38;2;131;67;90m██[38;2;131;67;90m██[38;2;72;30;42m██[38;2;72;30;42m██[38;2;72;30;42m██[38;2;72;30;42m██[38;2;72;30;42m██[38;2;35;13;13m██[38;2;11;11;11m██          
      [38;2;35;13;13m██[38;2;131;67;90m██[38;2;131;67;90m██[38;2;131;67;90m██[38;2;131;67;90m██[38;2;131;67;90m██[38;2;131;67;90m██[38;2;131;67;90m██[38;2;131;67;90m██[38;2;131;67;90m██[38;2;72;30;42m██[38;2;72;30;42m██[38;2;72;30;42m██[38;2;72;30;42m██[38;2;72;30;42m██[38;2;72;30;42m██[38;2;72;30;42m██[38;2;72;30;42m██[38;2;72;30;42m██[38;2;72;30;42m██[38;2;72;30;42m██[38;2;72;30;42m██[38;2;72;30;42m██[38;2;72;30;42m██[38;2;72;30;42m██[38;2;131;67;90m██[38;2;131;67;90m██[38;2;173;61;85m██[38;2;173;61;85m██[38;2;173;61;85m██[38;2;173;61;85m██[38;2;173;61;85m██[38;2;173;61;85m██[38;2;173;61;85m██[38;2;173;61;85m██[38;2;173;61;85m██[38;2;173;61;85m██[38;2;173;61;85m██[38;2;72;30;42m██[38;2;72;30;42m██[38;2;72;30;42m██[38;2;131;67;90m██[38;2;131;67;90m██[38;2;131;67;90m██[38;2;131;67;90m██[38;2;131;67;90m██[38;2;131;67;90m██[38;2;131;67;90m██[38;2;131;67;90m██[38;2;72;30;42m██[38;2;72;30;42m██[38;2;72;30;42m██[38;2;72;30;42m██[38;2;131;67;90m██[38;2;131;67;90m██[38;2;131;67;90m██[38;2;131;67;90m██[38;2;131;67;90m██[38;2;131;67;90m██[38;2;131;67;90m██[38;2;131;67;90m██[38;2;131;67;90m██[38;2;11;11;11m██[38;2;11;11;11m██[38;2;11;11;11m██[38;2;11;11;11m██[38;2;11;11;11m██[38;2;35;13;13m██[38;2;35;13;13m██              
      [38;2;35;13;13m██[38;2;231;75;88m██[38;2;231;75;88m██[38;2;231;75;88m██[38;2;173;61;85m██[38;2;173;61;85m██[38;2;173;61;85m██[38;2;173;61;85m██[38;2;131;67;90m██[38;2;131;67;90m██[38;2;131;67;90m██[38;2;131;67;90m██[38;2;72;30;42m██[38;2;72;30;42m██[38;2;72;30;42m██[38;2;72;30;42m██[38;2;72;30;42m██[38;2;72;30;42m██[38;2;35;13;13m██[38;2;72;30;42m██[38;2;72;30;42m██[38;2;72;30;42m██[38;2;72;30;42m██[38;2;131;67;90m██[38;2;173;61;85m██[38;2;173;61;85m██[38;2;173;61;85m██[38;2;173;61;85m██[38;2;173;61;85m██[38;2;173;61;85m██[38;2;173;61;85m██[38;2;173;61;85m██[38;2;173;61;85m██[38;2;173;61;85m██[38;2;173;61;85m██[38;2;173;61;85m██[38;2;173;61;85m██[38;2;173;61;85m██[38;2;173;61;85m██[38;2;173;61;85m██[38;2;72;30;42m██[38;2;72;30;42m██[38;2;72;30;42m██[38;2;72;30;42m██[38;2;72;30;42m██[38;2;72;30;42m██[38;2;131;67;90m██[38;2;131;67;90m██[38;2;131;67;90m██[38;2;131;67;90m██[38;2;131;67;90m██[38;2;131;67;90m██[38;2;131;67;90m██[38;2;131;67;90m██[38;2;131;67;90m██[38;2;131;67;90m██[38;2;131;67;90m██[38;2;131;67;90m██[38;2;11;11;11m██[38;2;11;11;11m██[38;2;11;11;11m██[38;2;35;13;13m██                            
    [38;2;35;13;13m██[38;2;231;75;88m██[38;2;231;75;88m██[38;2;231;75;88m██[38;2;231;75;88m██[38;2;231;75;88m██[38;2;173;61;85m██[38;2;173;61;85m██[38;2;173;61;85m██[38;2;131;67;90m██[38;2;131;67;90m██[38;2;131;67;90m██[38;2;131;67;90m██[38;2;131;67;90m██[38;2;72;30;42m██[38;2;72;30;42m██[38;2;72;30;42m██[38;2;11;11;11m██[38;2;11;11;11m██[38;2;131;67;90m██[38;2;131;67;90m██[38;2;131;67;90m██[38;2;173;61;85m██[38;2;173;61;85m██[38;2;173;61;85m██[38;2;173;61;85m██[38;2;173;61;85m██[38;2;131;67;90m██[38;2;131;67;90m██[38;2;11;11;11m██[38;2;11;11;11m██[38;2;11;11;11m██[38;2;11;11;11m██[38;2;131;67;90m██[38;2;131;67;90m██[38;2;131;67;90m██[38;2;173;61;85m██[38;2;173;61;85m██[38;2;173;61;85m██[38;2;173;61;85m██[38;2;173;61;85m██[38;2;173;61;85m██[38;2;131;67;90m██[38;2;131;67;90m██[38;2;131;67;90m██[38;2;131;67;90m██[38;2;131;67;90m██[38;2;131;67;90m██[38;2;131;67;90m██[38;2;131;67;90m██[38;2;131;67;90m██[38;2;131;67;90m██[38;2;131;67;90m██[38;2;131;67;90m██[38;2;131;67;90m██[38;2;131;67;90m██[38;2;11;11;11m██[38;2;11;11;11m██[38;2;35;13;13m██                                    
    [38;2;35;13;13m██[38;2;231;75;88m██[38;2;231;75;88m██[38;2;231;75;88m██[38;2;231;75;88m██[38;2;231;75;88m██[38;2;173;61;85m██[38;2;173;61;85m██[38;2;131;67;90m██[38;2;131;67;90m██[38;2;131;67;90m██[38;2;173;61;85m██[38;2;173;61;85m██[38;2;173;61;85m██[38;2;131;67;90m██[38;2;72;30;42m██[38;2;11;11;11m██    [38;2;11;11;11m██[38;2;11;11;11m██[38;2;131;67;90m██[38;2;131;67;90m██[38;2;173;61;85m██[38;2;173;61;85m██[38;2;131;67;90m██[38;2;131;67;90m██[38;2;11;11;11m██[38;2;11;11;11m██        [38;2;11;11;11m██[38;2;131;67;90m██[38;2;131;67;90m██[38;2;131;67;90m██[38;2;131;67;90m██[38;2;131;67;90m██[38;2;131;67;90m██[38;2;131;67;90m██[38;2;131;67;90m██[38;2;131;67;90m██[38;2;131;67;90m██[38;2;131;67;90m██[38;2;131;67;90m██[38;2;131;67;90m██[38;2;131;67;90m██[38;2;131;67;90m██[38;2;173;61;85m██[38;2;173;61;85m██[38;2;173;61;85m██[38;2;131;67;90m██[38;2;131;67;90m██[38;2;131;67;90m██[38;2;11;11;11m██                                          
    [38;2;35;13;13m██[38;2;231;75;88m██[38;2;231;75;88m██[38;2;231;75;88m██[38;2;231;75;88m██[38;2;131;67;90m██[38;2;131;67;90m██[38;2;131;67;90m██[38;2;131;67;90m██[38;2;131;67;90m██[38;2;131;67;90m██[38;2;173;61;85m██[38;2;173;61;85m██[38;2;131;67;90m██[38;2;131;67;90m██[38;2;72;30;42m██[38;2;11;11;11m██        [38;2;11;11;11m██[38;2;11;11;11m██[38;2;11;11;11m██[38;2;11;11;11m██[38;2;11;11;11m██[38;2;11;11;11m██              [38;2;11;11;11m██[38;2;11;11;11m██[38;2;131;67;90m██[38;2;131;67;90m██[38;2;131;67;90m██[38;2;231;75;88m██[38;2;231;75;88m██[38;2;231;75;88m██[38;2;231;75;88m██[38;2;231;75;88m██[38;2;231;75;88m██[38;2;231;75;88m██[38;2;231;75;88m██[38;2;231;75;88m██[38;2;231;75;88m██[38;2;231;75;88m██[38;2;231;75;88m██[38;2;173;61;85m██[38;2;131;67;90m██[38;2;11;11;11m██[38;2;11;11;11m██                                            
    [38;2;35;13;13m██[38;2;173;61;85m██[38;2;173;61;85m██[38;2;173;61;85m██[38;2;173;61;85m██[38;2;131;67;90m██[38;2;131;67;90m██[38;2;11;11;11m██[38;2;11;11;11m██[38;2;72;30;42m██[38;2;131;67;90m██[38;2;131;67;90m██[38;2;131;67;90m██[38;2;131;67;90m██[38;2;72;30;42m██[38;2;11;11;11m██                                        [38;2;11;11;11m██[38;2;11;11;11m██[38;2;131;67;90m██[38;2;131;67;90m██[38;2;131;67;90m██[38;2;131;67;90m██[38;2;231;75;88m██[38;2;231;75;88m██[38;2;231;75;88m██[38;2;231;75;88m██[38;2;231;75;88m██[38;2;231;75;88m██[38;2;173;61;85m██[38;2;173;61;85m██[38;2;173;61;85m██[38;2;131;67;90m██[38;2;11;11;11m██                                                
      [38;2;11;11;11m██[38;2;131;67;90m██[38;2;131;67;90m██[38;2;131;67;90m██[38;2;11;11;11m██[38;2;11;11;11m██    [38;2;11;11;11m██[38;2;72;30;42m██[38;2;72;30;42m██[38;2;72;30;42m██[38;2;72;30;42m██[38;2;11;11;11m██                                              [38;2;11;11;11m██[38;2;11;11;11m██[38;2;11;11;11m██[38;2;131;67;90m██[38;2;131;67;90m██[38;2;131;67;90m██[38;2;131;67;90m██[38;2;131;67;90m██[38;2;131;67;90m██[38;2;131;67;90m██[38;2;131;67;90m██[38;2;131;67;90m██[38;2;11;11;11m██[38;2;11;11;11m██                                                  
        [38;2;11;11;11m██[38;2;11;11;11m██[38;2;11;11;11m██          [38;2;11;11;11m██[38;2;11;11;11m██[38;2;11;11;11m██[38;2;11;11;11m██                                                      [38;2;11;11;11m██[38;2;11;11;11m██[38;2;11;11;11m██[38;2;11;11;11m██[38;2;11;11;11m██[38;2;11;11;11m██[38;2;11;11;11m██[38;2;11;11;11m██[38;2;11;11;11m██                                                      
