                                                        [38;2;205;110;220m██                                                                                              
                                                      [38;2;152;0;176m██[38;2;76;17;85m██[38;2;205;110;220m██                                                                            [38;2;205;110;220m██[38;2;152;0;176m██[38;2;205;110;220m██          
                                                    [38;2;152;0;176m██[38;2;24;22;26m██[38;2;24;22;26m██[38;2;152;0;176m██                                                                        [38;2;205;110;220m██[38;2;152;0;176m██[38;2;76;17;85m██[38;2;24;22;26m██[38;2;152;0;176m██          
                                                    [38;2;152;0;176m██[38;2;24;22;26m██[38;2;24;22;26m██[38;2;76;17;85m██[38;2;205;110;220m██                          [38;2;205;110;220m██      [38;2;205;110;220m██                              [38;2;152;0;176m██[38;2;152;0;176m██[38;2;76;17;85m██[38;2;24;22;26m██[38;2;24;22;26m██[38;2;24;22;26m██[38;2;152;0;176m██          
                                                  [38;2;152;0;176m██[38;2;76;17;85m██[38;2;24;22;26m██[38;2;24;22;26m██[38;2;24;22;26m██[38;2;152;0;176m██                        [38;2;152;0;176m██[38;2;205;110;220m██    [38;2;152;0;176m██[38;2;205;110;220m██                          [38;2;205;110;220m██[38;2;152;0;176m██[38;2;76;17;85m██[38;2;24;22;26m██[38;2;24;22;26m██[38;2;24;22;26m██[38;2;24;22;26m██[38;2;76;17;85m██[38;2;205;110;220m██          
                                                  [38;2;152;0;176m██[38;2;24;22;26m██[38;2;24;22;26m██[38;2;24;22;26m██[38;2;24;22;26m██[38;2;76;17;85m██[38;2;205;110;220m██                    [38;2;152;0;176m██[38;2;24;22;26m██[38;2;152;0;176m██  [38;2;152;0;176m██[38;2;24;22;26m██[38;2;152;0;176m██                        [38;2;152;0;176m██[38;2;76;17;85m██[38;2;24;22;26m██[38;2;24;22;26m██[38;2;24;22;26m██[38;2;24;22;26m██[38;2;24;22;26m██[38;2;24;22;26m██[38;2;152;0;176m██            
                                                  [38;2;152;0;176m██[38;2;24;22;26m██[38;2;24;22;26m██[38;2;24;22;26m██[38;2;24;22;26m██[38;2;24;22;26m██[38;2;152;0;176m██                  [38;2;152;0;176m██[38;2;24;22;26m██[38;2;24;22;26m██[38;2;76;17;85m██[38;2;152;0;176m██[38;2;24;22;26m██[38;2;24;22;26m██[38;2;152;0;176m██                      [38;2;152;0;176m██[38;2;76;17;85m██[38;2;24;22;26m██[38;2;24;22;26m██[38;2;24;22;26m██[38;2;24;22;26m██[38;2;24;22;26m██[38;2;24;22;26m██[38;2;76;17;85m██[38;2;205;110;220m██            
                                                  [38;2;152;0;176m██[38;2;24;22;26m██[38;2;24;22;26m██[38;2;24;22;26m██[38;2;24;22;26m██[38;2;24;22;26m██[38;2;76;17;85m██[38;2;205;110;220m██              [38;2;205;110;220m██[38;2;76;17;85m██[38;2;24;22;26m██[38;2;24;22;26m██[38;2;152;0;176m██[38;2;24;22;26m██[38;2;24;22;26m██[38;2;24;22;26m██[38;2;152;0;176m██                  [38;2;152;0;176m██[38;2;76;17;85m██[38;2;24;22;26m██[38;2;24;22;26m██[38;2;24;22;26m██[38;2;24;22;26m██[38;2;24;22;26m██[38;2;24;22;26m██[38;2;24;22;26m██[38;2;24;22;26m██[38;2;152;0;176m██              
                                                  [38;2;152;0;176m██[38;2;24;22;26m██[38;2;24;22;26m██[38;2;24;22;26m██[38;2;24;22;26m██[38;2;24;22;26m██[38;2;24;22;26m██[38;2;152;0;176m██          [38;2;205;110;220m██  [38;2;152;0;176m██[38;2;24;22;26m██[38;2;24;22;26m██[38;2;24;22;26m██[38;2;152;0;176m██[38;2;24;22;26m██[38;2;24;22;26m██[38;2;76;17;85m██[38;2;205;110;220m██                [38;2;152;0;176m██[38;2;76;17;85m██[38;2;24;22;26m██[38;2;24;22;26m██[38;2;24;22;26m██[38;2;24;22;26m██[38;2;24;22;26m██[38;2;24;22;26m██[38;2;24;22;26m██[38;2;24;22;26m██[38;2;76;17;85m██[38;2;152;0;176m██              
                                                  [38;2;152;0;176m██[38;2;24;22;26m██[38;2;24;22;26m██[38;2;24;22;26m██[38;2;24;22;26m██[38;2;24;22;26m██[38;2;24;22;26m██[38;2;76;17;85m██[38;2;205;110;220m██      [38;2;205;110;220m██[38;2;152;0;176m██[38;2;205;110;220m██[38;2;76;17;85m██[38;2;24;22;26m██[38;2;24;22;26m██[38;2;152;0;176m██[38;2;76;17;85m██[38;2;24;22;26m██[38;2;24;22;26m██[38;2;152;0;176m██                [38;2;152;0;176m██[38;2;24;22;26m██[38;2;24;22;26m██[38;2;24;22;26m██[38;2;24;22;26m██[38;2;24;22;26m██[38;2;24;22;26m██[38;2;24;22;26m██[38;2;24;22;26m██[38;2;24;22;26m██[38;2;24;22;26m██[38;2;152;0;176m██                
                                                [38;2;152;0;176m██[38;2;76;17;85m██[38;2;24;22;26m██[38;2;24;22;26m██[38;2;24;22;26m██[38;2;24;22;26m██[38;2;24;22;26m██[38;2;24;22;26m██[38;2;24;22;26m██[38;2;152;0;176m██      [38;2;152;0;176m██[38;2;24;22;26m██[38;2;152;0;176m██[38;2;24;22;26m██[38;2;24;22;26m██[38;2;76;17;85m██[38;2;76;17;85m██[38;2;24;22;26m██[38;2;24;22;26m██[38;2;24;22;26m██[38;2;152;0;176m██      [38;2;205;110;220m██      [38;2;152;0;176m██[38;2;24;22;26m██[38;2;24;22;26m██[38;2;24;22;26m██[38;2;24;22;26m██[38;2;24;22;26m██[38;2;24;22;26m██[38;2;24;22;26m██[38;2;24;22;26m██[38;2;24;22;26m██[38;2;24;22;26m██[38;2;76;17;85m██[38;2;152;0;176m██                
                                                [38;2;152;0;176m██[38;2;24;22;26m██[38;2;24;22;26m██[38;2;24;22;26m██[38;2;24;22;26m██[38;2;24;22;26m██[38;2;24;22;26m██[38;2;24;22;26m██[38;2;24;22;26m██[38;2;76;17;85m██[38;2;205;110;220m██  [38;2;205;110;220m██[38;2;24;22;26m██[38;2;24;22;26m██[38;2;152;0;176m██[38;2;24;22;26m██[38;2;24;22;26m██[38;2;152;0;176m██[38;2;24;22;26m██[38;2;24;22;26m██[38;2;24;22;26m██[38;2;24;22;26m██[38;2;152;0;176m██  [38;2;205;110;220m██[38;2;152;0;176m██[38;2;152;0;176m██    [38;2;152;0;176m██[38;2;24;22;26m██[38;2;24;22;26m██[38;2;24;22;26m██[38;2;24;22;26m██[38;2;24;22;26m██[38;2;24;22;26m██[38;2;24;22;26m██[38;2;24;22;26m██[38;2;24;22;26m██[38;2;24;22;26m██[38;2;24;22;26m██[38;2;152;0;176m██                  
                                                [38;2;152;0;176m██[38;2;24;22;26m██[38;2;24;22;26m██[38;2;24;22;26m██[38;2;24;22;26m██[38;2;24;22;26m██[38;2;24;22;26m██[38;2;24;22;26m██[38;2;24;22;26m██[38;2;24;22;26m██[38;2;152;0;176m██  [38;2;152;0;176m██[38;2;24;22;26m██[38;2;24;22;26m██[38;2;76;17;85m██[38;2;24;22;26m██[38;2;24;22;26m██[38;2;76;17;85m██[38;2;24;22;26m██[38;2;24;22;26m██[38;2;24;22;26m██[38;2;24;22;26m██[38;2;152;0;176m██[38;2;205;110;220m██[38;2;152;0;176m██[38;2;24;22;26m██[38;2;152;0;176m██[38;2;205;110;220m██[38;2;152;0;176m██[38;2;24;22;26m██[38;2;24;22;26m██[38;2;24;22;26m██[38;2;24;22;26m██[38;2;24;22;26m██[38;2;24;22;26m██[38;2;24;22;26m██[38;2;24;22;26m██[38;2;24;22;26m██[38;2;24;22;26m██[38;2;24;22;26m██[38;2;76;17;85m██[38;2;152;0;176m██                  
                                                [38;2;152;0;176m██[38;2;24;22;26m██[38;2;24;22;26m██[38;2;24;22;26m██[38;2;24;22;26m██[38;2;24;22;26m██[38;2;24;22;26m██[38;2;24;22;26m██[38;2;24;22;26m██[38;2;24;22;26m██[38;2;76;17;85m██[38;2;205;110;220m██[38;2;152;0;176m██[38;2;24;22;26m██[38;2;24;22;26m██[38;2;24;22;26m██[38;2;24;22;26m██[38;2;76;17;85m██[38;2;24;22;26m██[38;2;24;22;26m██[38;2;24;22;26m██[38;2;24;22;26m██[38;2;152;0;176m██[38;2;24;22;26m██[38;2;152;0;176m██[38;2;24;22;26m██[38;2;24;22;26m██[38;2;24;22;26m██[38;2;152;0;176m██[38;2;24;22;26m██[38;2;24;22;26m██[38;2;24;22;26m██[38;2;24;22;26m██[38;2;24;22;26m██[38;2;24;22;26m██[38;2;24;22;26m██[38;2;24;22;26m██[38;2;24;22;26m██[38;2;24;22;26m██[38;2;24;22;26m██[38;2;24;22;26m██[38;2;152;0;176m██                    
                                                [38;2;152;0;176m██[38;2;24;22;26m██[38;2;24;22;26m██[38;2;24;22;26m██[38;2;24;22;26m██[38;2;24;22;26m██[38;2;24;22;26m██[38;2;24;22;26m██[38;2;24;22;26m██[38;2;24;22;26m██[38;2;24;22;26m██[38;2;152;0;176m██[38;2;76;17;85m██[38;2;24;22;26m██[38;2;24;22;26m██[38;2;24;22;26m██[38;2;24;22;26m██[38;2;76;17;85m██[38;2;24;22;26m██[38;2;24;22;26m██[38;2;24;22;26m██[38;2;24;22;26m██[38;2;76;17;85m██[38;2;24;22;26m██[38;2;76;17;85m██[38;2;24;22;26m██[38;2;24;22;26m██[38;2;152;0;176m██[38;2;24;22;26m██[38;2;24;22;26m██[38;2;24;22;26m██[38;2;24;22;26m██[38;2;24;22;26m██[38;2;24;22;26m██[38;2;24;22;26m██[38;2;24;22;26m██[38;2;24;22;26m██[38;2;24;22;26m██[38;2;24;22;26m██[38;2;24;22;26m██[38;2;76;17;85m██[38;2;152;0;176m██                    
                                                [38;2;152;0;176m██[38;2;24;22;26m██[38;2;24;22;26m██[38;2;24;22;26m██[38;2;24;22;26m██[38;2;24;22;26m██[38;2;24;22;26m██[38;2;24;22;26m██[38;2;24;22;26m██[38;2;24;22;26m██[38;2;24;22;26m██[38;2;152;0;176m██[38;2;24;22;26m██[38;2;24;22;26m██[38;2;24;22;26m██[38;2;24;22;26m██[38;2;24;22;26m██[38;2;24;22;26m██[38;2;24;22;26m██[38;2;24;22;26m██[38;2;24;22;26m██[38;2;24;22;26m██[38;2;24;22;26m██[38;2;24;22;26m██[38;2;24;22;26m██[38;2;24;22;26m██[38;2;152;0;176m██[38;2;24;22;26m██[38;2;24;22;26m██[38;2;24;22;26m██[38;2;24;22;26m██[38;2;24;22;26m██[38;2;24;22;26m██[38;2;24;22;26m██[38;2;24;22;26m██[38;2;24;22;26m██[38;2;24;22;26m██[38;2;24;22;26m██[38;2;24;22;26m██[38;2;24;22;26m██[38;2;152;0;176m██                      
                                                [38;2;152;0;176m██[38;2;24;22;26m██[38;2;24;22;26m██[38;2;24;22;26m██[38;2;24;22;26m██[38;2;24;22;26m██[38;2;24;22;26m██[38;2;24;22;26m██[38;2;24;22;26m██[38;2;24;22;26m██[38;2;24;22;26m██[38;2;76;17;85m██[38;2;24;22;26m██[38;2;24;22;26m██[38;2;24;22;26m██[38;2;24;22;26m██[38;2;24;22;26m██[38;2;24;22;26m██[38;2;24;22;26m██[38;2;24;22;26m██[38;2;24;22;26m██[38;2;24;22;26m██[38;2;24;22;26m██[38;2;24;22;26m██[38;2;24;22;26m██[38;2;152;0;176m██[38;2;24;22;26m██[38;2;24;22;26m██[38;2;24;22;26m██[38;2;24;22;26m██[38;2;24;22;26m██[38;2;24;22;26m██[38;2;24;22;26m██[38;2;24;22;26m██[38;2;24;22;26m██[38;2;24;22;26m██[38;2;24;22;26m██[38;2;24;22;26m██[38;2;24;22;26m██[38;2;76;17;85m██[38;2;152;0;176m██                      
                                              [38;2;152;0;176m██[38;2;76;17;85m██[38;2;24;22;26m██[38;2;24;22;26m██[38;2;24;22;26m██[38;2;24;22;26m██[38;2;24;22;26m██[38;2;24;22;26m██[38;2;24;22;26m██[38;2;24;22;26m██[38;2;24;22;26m██[38;2;24;22;26m██[38;2;76;17;85m██[38;2;24;22;26m██[38;2;24;22;26m██[38;2;24;22;26m██[38;2;24;22;26m██[38;2;24;22;26m██[38;2;24;22;26m██[38;2;24;22;26m██[38;2;24;22;26m██[38;2;24;22;26m██[38;2;24;22;26m██[38;2;24;22;26m██[38;2;76;17;85m██[38;2;152;0;176m██[38;2;24;22;26m██[38;2;24;22;26m██[38;2;24;22;26m██[38;2;24;22;26m██[38;2;24;22;26m██[38;2;24;22;26m██[38;2;24;22;26m██[38;2;24;22;26m██[38;2;24;22;26m██[38;2;24;22;26m██[38;2;24;22;26m██[38;2;24;22;26m██[38;2;24;22;26m██[38;2;24;22;26m██[38;2;152;0;176m██  [38;2;152;0;176m██[38;2;152;0;176m██[38;2;205;110;220m██[38;2;205;110;220m██[38;2;205;110;220m██            
                                              [38;2;152;0;176m██[38;2;24;22;26m██[38;2;24;22;26m██[38;2;24;22;26m██[38;2;24;22;26m██[38;2;24;22;26m██[38;2;24;22;26m██[38;2;24;22;26m██[38;2;24;22;26m██[38;2;24;22;26m██[38;2;24;22;26m██[38;2;24;22;26m██[38;2;24;22;26m██[38;2;24;22;26m██[38;2;24;22;26m██[38;2;24;22;26m██[38;2;24;22;26m██[38;2;24;22;26m██[38;2;24;22;26m██[38;2;24;22;26m██[38;2;24;22;26m██[38;2;24;22;26m██[38;2;24;22;26m██[38;2;76;17;85m██[38;2;24;22;26m██[38;2;24;22;26m██[38;2;24;22;26m██[38;2;24;22;26m██[38;2;24;22;26m██[38;2;24;22;26m██[38;2;24;22;26m██[38;2;24;22;26m██[38;2;24;22;26m██[38;2;24;22;26m██[38;2;24;22;26m██[38;2;24;22;26m██[38;2;24;22;26m██[38;2;24;22;26m██[38;2;24;22;26m██[38;2;76;17;85m██[38;2;152;0;176m██[38;2;76;17;85m██[38;2;24;22;26m██[38;2;24;22;26m██[38;2;76;17;85m██[38;2;205;110;220m██              
                                              [38;2;152;0;176m██[38;2;24;22;26m██[38;2;24;22;26m██[38;2;24;22;26m██[38;2;24;22;26m██[38;2;24;22;26m██[38;2;24;22;26m██[38;2;24;22;26m██[38;2;24;22;26m██[38;2;24;22;26m██[38;2;24;22;26m██[38;2;24;22;26m██[38;2;24;22;26m██[38;2;24;22;26m██[38;2;24;22;26m██[38;2;24;22;26m██[38;2;24;22;26m██[38;2;24;22;26m██[38;2;24;22;26m██[38;2;24;22;26m██[38;2;24;22;26m██[38;2;24;22;26m██[38;2;24;22;26m██[38;2;24;22;26m██[38;2;24;22;26m██[38;2;24;22;26m██[38;2;24;22;26m██[38;2;24;22;26m██[38;2;24;22;26m██[38;2;24;22;26m██[38;2;24;22;26m██[38;2;24;22;26m██[38;2;24;22;26m██[38;2;24;22;26m██[38;2;24;22;26m██[38;2;24;22;26m██[38;2;24;22;26m██[38;2;24;22;26m██[38;2;24;22;26m██[38;2;152;0;176m██[38;2;24;22;26m██[38;2;24;22;26m██[38;2;24;22;26m██[38;2;24;22;26m██[38;2;152;0;176m██                
                                              [38;2;152;0;176m██[38;2;24;22;26m██[38;2;24;22;26m██[38;2;24;22;26m██[38;2;24;22;26m██[38;2;24;22;26m██[38;2;24;22;26m██[38;2;24;22;26m██[38;2;24;22;26m██[38;2;24;22;26m██[38;2;24;22;26m██[38;2;24;22;26m██[38;2;24;22;26m██[38;2;24;22;26m██[38;2;24;22;26m██[38;2;24;22;26m██[38;2;24;22;26m██[38;2;24;22;26m██[38;2;24;22;26m██[38;2;24;22;26m██[38;2;24;22;26m██[38;2;24;22;26m██[38;2;24;22;26m██[38;2;24;22;26m██[38;2;24;22;26m██[38;2;24;22;26m██[38;2;24;22;26m██[38;2;24;22;26m██[38;2;24;22;26m██[38;2;24;22;26m██[38;2;24;22;26m██[38;2;24;22;26m██[38;2;24;22;26m██[38;2;24;22;26m██[38;2;24;22;26m██[38;2;24;22;26m██[38;2;24;22;26m██[38;2;24;22;26m██[38;2;24;22;26m██[38;2;76;17;85m██[38;2;76;17;85m██[38;2;24;22;26m██[38;2;24;22;26m██[38;2;152;0;176m██[38;2;205;110;220m██                
                                              [38;2;152;0;176m██[38;2;24;22;26m██[38;2;24;22;26m██[38;2;24;22;26m██[38;2;24;22;26m██[38;2;24;22;26m██[38;2;24;22;26m██[38;2;24;22;26m██[38;2;24;22;26m██[38;2;24;22;26m██[38;2;24;22;26m██[38;2;24;22;26m██[38;2;24;22;26m██[38;2;24;22;26m██[38;2;24;22;26m██[38;2;24;22;26m██[38;2;24;22;26m██[38;2;24;22;26m██[38;2;24;22;26m██[38;2;24;22;26m██[38;2;24;22;26m██[38;2;24;22;26m██[38;2;24;22;26m██[38;2;24;22;26m██[38;2;24;22;26m██[38;2;24;22;26m██[38;2;24;22;26m██[38;2;24;22;26m██[38;2;24;22;26m██[38;2;24;22;26m██[38;2;24;22;26m██[38;2;24;22;26m██[38;2;24;22;26m██[38;2;24;22;26m██[38;2;24;22;26m██[38;2;24;22;26m██[38;2;24;22;26m██[38;2;24;22;26m██[38;2;152;0;176m██[38;2;24;22;26m██[38;2;24;22;26m██[38;2;24;22;26m██[38;2;152;0;176m██[38;2;205;110;220m██                  
                                              [38;2;152;0;176m██[38;2;24;22;26m██[38;2;24;22;26m██[38;2;24;22;26m██[38;2;24;22;26m██[38;2;24;22;26m██[38;2;24;22;26m██[38;2;24;22;26m██[38;2;24;22;26m██[38;2;24;22;26m██[38;2;24;22;26m██[38;2;24;22;26m██[38;2;24;22;26m██[38;2;24;22;26m██[38;2;24;22;26m██[38;2;24;22;26m██[38;2;24;22;26m██[38;2;24;22;26m██[38;2;24;22;26m██[38;2;24;22;26m██[38;2;24;22;26m██[38;2;24;22;26m██[38;2;24;22;26m██[38;2;24;22;26m██[38;2;24;22;26m██[38;2;24;22;26m██[38;2;24;22;26m██[38;2;24;22;26m██[38;2;24;22;26m██[38;2;24;22;26m██[38;2;24;22;26m██[38;2;24;22;26m██[38;2;24;22;26m██[38;2;24;22;26m██[38;2;24;22;26m██[38;2;24;22;26m██[38;2;24;22;26m██[38;2;24;22;26m██[38;2;76;17;85m██[38;2;24;22;26m██[38;2;76;17;85m██[38;2;152;0;176m██[38;2;205;110;220m██                    
                                              [38;2;152;0;176m██[38;2;24;22;26m██[38;2;24;22;26m██[38;2;24;22;26m██[38;2;24;22;26m██[38;2;24;22;26m██[38;2;24;22;26m██[38;2;24;22;26m██[38;2;24;22;26m██[38;2;24;22;26m██[38;2;24;22;26m██[38;2;24;22;26m██[38;2;24;22;26m██[38;2;24;22;26m██[38;2;24;22;26m██[38;2;24;22;26m██[38;2;24;22;26m██[38;2;24;22;26m██[38;2;24;22;26m██[38;2;24;22;26m██[38;2;24;22;26m██[38;2;24;22;26m██[38;2;24;22;26m██[38;2;24;22;26m██[38;2;24;22;26m██[38;2;24;22;26m██[38;2;24;22;26m██[38;2;24;22;26m██[38;2;24;22;26m██[38;2;24;22;26m██[38;2;24;22;26m██[38;2;24;22;26m██[38;2;24;22;26m██[38;2;24;22;26m██[38;2;24;22;26m██[38;2;24;22;26m██[38;2;24;22;26m██[38;2;152;0;176m██[38;2;24;22;26m██[38;2;24;22;26m██[38;2;24;22;26m██[38;2;24;22;26m██[38;2;76;17;85m██[38;2;152;0;176m██[38;2;205;110;220m██                
                                              [38;2;152;0;176m██[38;2;24;22;26m██[38;2;24;22;26m██[38;2;24;22;26m██[38;2;24;22;26m██[38;2;24;22;26m██[38;2;24;22;26m██[38;2;24;22;26m██[38;2;24;22;26m██[38;2;24;22;26m██[38;2;24;22;26m██[38;2;24;22;26m██[38;2;90;55;30m██[38;2;90;55;30m██[38;2;90;55;30m██[38;2;24;22;26m██[38;2;24;22;26m██[38;2;24;22;26m██[38;2;24;22;26m██[38;2;24;22;26m██[38;2;24;22;26m██[38;2;24;22;26m██[38;2;24;22;26m██[38;2;24;22;26m██[38;2;24;22;26m██[38;2;24;22;26m██[38;2;24;22;26m██[38;2;24;22;26m██[38;2;24;22;26m██[38;2;24;22;26m██[38;2;24;22;26m██[38;2;24;22;26m██[38;2;24;22;26m██[38;2;24;22;26m██[38;2;24;22;26m██[38;2;24;22;26m██[38;2;24;22;26m██[38;2;76;17;85m██[38;2;24;22;26m██[38;2;24;22;26m██[38;2;24;22;26m██[38;2;24;22;26m██[38;2;24;22;26m██[38;2;76;17;85m██                  
                                              [38;2;152;0;176m██[38;2;24;22;26m██[38;2;24;22;26m██[38;2;76;17;85m██[38;2;24;22;26m██[38;2;24;22;26m██[38;2;24;22;26m██[38;2;24;22;26m██[38;2;24;22;26m██[38;2;24;22;26m██[38;2;24;22;26m██[38;2;90;55;30m██[38;2;212;129;28m██[38;2;212;129;28m██[38;2;212;129;28m██[38;2;90;55;30m██[38;2;24;22;26m██[38;2;24;22;26m██[38;2;24;22;26m██[38;2;24;22;26m██[38;2;24;22;26m██[38;2;24;22;26m██[38;2;24;22;26m██[38;2;24;22;26m██[38;2;24;22;26m██[38;2;24;22;26m██[38;2;24;22;26m██[38;2;24;22;26m██[38;2;24;22;26m██[38;2;24;22;26m██[38;2;24;22;26m██[38;2;24;22;26m██[38;2;24;22;26m██[38;2;24;22;26m██[38;2;24;22;26m██[38;2;24;22;26m██[38;2;24;22;26m██[38;2;76;17;85m██[38;2;24;22;26m██[38;2;24;22;26m██[38;2;24;22;26m██[38;2;24;22;26m██[38;2;152;0;176m██[38;2;205;110;220m██                  
                                              [38;2;152;0;176m██[38;2;24;22;26m██[38;2;24;22;26m██[38;2;152;0;176m██[38;2;76;17;85m██[38;2;24;22;26m██[38;2;24;22;26m██[38;2;24;22;26m██[38;2;24;22;26m██[38;2;24;22;26m██[38;2;90;55;30m██[38;2;248;193;64m██[38;2;248;193;64m██[38;2;248;193;64m██[38;2;248;193;64m██[38;2;248;193;64m██[38;2;90;55;30m██[38;2;24;22;26m██[38;2;24;22;26m██[38;2;24;22;26m██[38;2;24;22;26m██[38;2;24;22;26m██[38;2;24;22;26m██[38;2;24;22;26m██[38;2;76;17;85m██[38;2;24;22;26m██[38;2;24;22;26m██[38;2;24;22;26m██[38;2;24;22;26m██[38;2;24;22;26m██[38;2;24;22;26m██[38;2;24;22;26m██[38;2;24;22;26m██[38;2;24;22;26m██[38;2;24;22;26m██[38;2;24;22;26m██[38;2;24;22;26m██[38;2;24;22;26m██[38;2;24;22;26m██[38;2;24;22;26m██[38;2;24;22;26m██[38;2;152;0;176m██[38;2;205;110;220m██                    
                                              [38;2;152;0;176m██[38;2;24;22;26m██[38;2;24;22;26m██[38;2;76;17;85m██[38;2;152;0;176m██[38;2;76;17;85m██[38;2;24;22;26m██[38;2;24;22;26m██[38;2;24;22;26m██[38;2;90;55;30m██[38;2;212;129;28m██[38;2;248;193;64m██[38;2;248;193;64m██[38;2;212;129;28m██[38;2;212;129;28m██[38;2;248;193;64m██[38;2;212;129;28m██[38;2;90;55;30m██[38;2;24;22;26m██[38;2;24;22;26m██[38;2;24;22;26m██[38;2;24;22;26m██[38;2;24;22;26m██[38;2;76;17;85m██[38;2;152;0;176m██[38;2;24;22;26m██[38;2;24;22;26m██[38;2;24;22;26m██[38;2;24;22;26m██[38;2;24;22;26m██[38;2;24;22;26m██[38;2;24;22;26m██[38;2;24;22;26m██[38;2;24;22;26m██[38;2;24;22;26m██[38;2;24;22;26m██[38;2;24;22;26m██[38;2;24;22;26m██[38;2;24;22;26m██[38;2;76;17;85m██[38;2;152;0;176m██[38;2;205;110;220m██                      
                                              [38;2;152;0;176m██[38;2;24;22;26m██[38;2;24;22;26m██[38;2;76;17;85m██[38;2;173;31;31m██[38;2;152;0;176m██[38;2;24;22;26m██[38;2;24;22;26m██[38;2;24;22;26m██[38;2;90;55;30m██[38;2;248;193;64m██[38;2;248;193;64m██[38;2;90;55;30m██[38;2;90;55;30m██[38;2;212;129;28m██[38;2;212;129;28m██[38;2;212;129;28m██[38;2;90;55;30m██[38;2;24;22;26m██[38;2;24;22;26m██[38;2;24;22;26m██[38;2;24;22;26m██[38;2;76;17;85m██[38;2;152;0;176m██[38;2;76;17;85m██[38;2;24;22;26m██[38;2;24;22;26m██[38;2;24;22;26m██[38;2;24;22;26m██[38;2;24;22;26m██[38;2;24;22;26m██[38;2;24;22;26m██[38;2;24;22;26m██[38;2;24;22;26m██[38;2;24;22;26m██[38;2;24;22;26m██[38;2;24;22;26m██[38;2;24;22;26m██[38;2;24;22;26m██[38;2;24;22;26m██[38;2;24;22;26m██[38;2;152;0;176m██[38;2;205;110;220m██                    
                                              [38;2;152;0;176m██[38;2;24;22;26m██[38;2;24;22;26m██[38;2;76;17;85m██[38;2;173;31;31m██[38;2;173;31;31m██[38;2;152;0;176m██[38;2;24;22;26m██[38;2;24;22;26m██[38;2;90;55;30m██[38;2;248;193;64m██[38;2;212;129;28m██[38;2;90;55;30m██[38;2;90;55;30m██[38;2;212;129;28m██[38;2;212;129;28m██[38;2;212;129;28m██[38;2;90;55;30m██[38;2;24;22;26m██[38;2;24;22;26m██[38;2;24;22;26m██[38;2;152;0;176m██[38;2;173;31;31m██[38;2;173;31;31m██[38;2;76;17;85m██[38;2;24;22;26m██[38;2;24;22;26m██[38;2;24;22;26m██[38;2;24;22;26m██[38;2;24;22;26m██[38;2;24;22;26m██[38;2;24;22;26m██[38;2;24;22;26m██[38;2;24;22;26m██[38;2;24;22;26m██[38;2;24;22;26m██[38;2;24;22;26m██[38;2;76;17;85m██[38;2;24;22;26m██[38;2;24;22;26m██[38;2;152;0;176m██[38;2;205;110;220m██                      
                                              [38;2;152;0;176m██[38;2;24;22;26m██[38;2;24;22;26m██[38;2;76;17;85m██[38;2;173;31;31m██[38;2;253;47;47m██[38;2;173;31;31m██[38;2;76;17;85m██[38;2;76;17;85m██[38;2;90;55;30m██[38;2;212;129;28m██[38;2;212;129;28m██[38;2;212;129;28m██[38;2;212;129;28m██[38;2;212;129;28m██[38;2;212;129;28m██[38;2;90;55;30m██[38;2;24;22;26m██[38;2;24;22;26m██[38;2;24;22;26m██[38;2;152;0;176m██[38;2;173;31;31m██[38;2;253;47;47m██[38;2;173;31;31m██[38;2;76;17;85m██[38;2;24;22;26m██[38;2;24;22;26m██[38;2;24;22;26m██[38;2;24;22;26m██[38;2;24;22;26m██[38;2;24;22;26m██[38;2;24;22;26m██[38;2;24;22;26m██[38;2;24;22;26m██[38;2;24;22;26m██[38;2;24;22;26m██[38;2;24;22;26m██[38;2;152;0;176m██[38;2;24;22;26m██[38;2;152;0;176m██[38;2;205;110;220m██                        
                                              [38;2;152;0;176m██[38;2;24;22;26m██[38;2;24;22;26m██[38;2;76;17;85m██[38;2;173;31;31m██[38;2;253;47;47m██[38;2;253;47;47m██[38;2;152;0;176m██[38;2;24;22;26m██[38;2;76;17;85m██[38;2;90;55;30m██[38;2;212;129;28m██[38;2;212;129;28m██[38;2;212;129;28m██[38;2;212;129;28m██[38;2;90;55;30m██[38;2;24;22;26m██[38;2;76;17;85m██[38;2;24;22;26m██[38;2;152;0;176m██[38;2;173;31;31m██[38;2;253;47;47m██[38;2;253;47;47m██[38;2;173;31;31m██[38;2;76;17;85m██[38;2;24;22;26m██[38;2;24;22;26m██[38;2;24;22;26m██[38;2;24;22;26m██[38;2;24;22;26m██[38;2;24;22;26m██[38;2;24;22;26m██[38;2;24;22;26m██[38;2;76;17;85m██[38;2;24;22;26m██[38;2;24;22;26m██[38;2;24;22;26m██[38;2;152;0;176m██[38;2;152;0;176m██[38;2;205;110;220m██                          
                                              [38;2;152;0;176m██[38;2;24;22;26m██[38;2;24;22;26m██[38;2;76;17;85m██[38;2;173;31;31m██[38;2;253;47;47m██[38;2;253;47;47m██[38;2;173;31;31m██[38;2;152;0;176m██[38;2;76;17;85m██[38;2;24;22;26m██[38;2;90;55;30m██[38;2;90;55;30m██[38;2;90;55;30m██[38;2;90;55;30m██[38;2;24;22;26m██[38;2;76;17;85m██[38;2;24;22;26m██[38;2;152;0;176m██[38;2;253;47;47m██[38;2;253;47;47m██[38;2;253;47;47m██[38;2;253;47;47m██[38;2;173;31;31m██[38;2;76;17;85m██[38;2;24;22;26m██[38;2;24;22;26m██[38;2;24;22;26m██[38;2;24;22;26m██[38;2;76;17;85m██[38;2;24;22;26m██[38;2;24;22;26m██[38;2;24;22;26m██[38;2;76;17;85m██[38;2;24;22;26m██[38;2;24;22;26m██[38;2;24;22;26m██[38;2;152;0;176m██[38;2;205;110;220m██                            
                                            [38;2;152;0;176m██[38;2;152;0;176m██[38;2;24;22;26m██[38;2;24;22;26m██[38;2;76;17;85m██[38;2;173;31;31m██[38;2;253;47;47m██[38;2;253;47;47m██[38;2;24;22;26m██[38;2;76;17;85m██[38;2;152;0;176m██[38;2;24;22;26m██[38;2;24;22;26m██[38;2;24;22;26m██[38;2;24;22;26m██[38;2;24;22;26m██[38;2;76;17;85m██[38;2;76;17;85m██[38;2;152;0;176m██[38;2;24;22;26m██[38;2;253;47;47m██[38;2;253;47;47m██[38;2;253;47;47m██[38;2;253;47;47m██[38;2;152;0;176m██[38;2;76;17;85m██[38;2;24;22;26m██[38;2;24;22;26m██[38;2;24;22;26m██[38;2;24;22;26m██[38;2;76;17;85m██[38;2;24;22;26m██[38;2;24;22;26m██[38;2;24;22;26m██[38;2;24;22;26m██[38;2;76;17;85m██[38;2;24;22;26m██[38;2;24;22;26m██[38;2;152;0;176m██                              
                                          [38;2;152;0;176m██[38;2;24;22;26m██[38;2;152;0;176m██[38;2;24;22;26m██[38;2;24;22;26m██[38;2;24;22;26m██[38;2;152;0;176m██[38;2;253;47;47m██[38;2;253;47;47m██[38;2;253;47;47m██[38;2;173;31;31m██[38;2;76;17;85m██[38;2;24;22;26m██[38;2;24;22;26m██[38;2;24;22;26m██[38;2;24;22;26m██[38;2;24;22;26m██[38;2;76;17;85m██[38;2;152;0;176m██[38;2;253;47;47m██[38;2;173;31;31m██[38;2;253;47;47m██[38;2;253;47;47m██[38;2;253;47;47m██[38;2;173;31;31m██[38;2;76;17;85m██[38;2;76;17;85m██[38;2;76;17;85m██[38;2;24;22;26m██[38;2;24;22;26m██[38;2;24;22;26m██[38;2;76;17;85m██[38;2;76;17;85m██[38;2;24;22;26m██[38;2;24;22;26m██[38;2;24;22;26m██[38;2;76;17;85m██[38;2;24;22;26m██[38;2;24;22;26m██[38;2;76;17;85m██[38;2;152;0;176m██                            
                                        [38;2;152;0;176m██[38;2;24;22;26m██[38;2;24;22;26m██[38;2;152;0;176m██[38;2;24;22;26m██[38;2;24;22;26m██[38;2;24;22;26m██[38;2;76;17;85m██[38;2;173;31;31m██[38;2;253;47;47m██[38;2;253;47;47m██[38;2;253;47;47m██[38;2;152;0;176m██[38;2;24;22;26m██[38;2;24;22;26m██[38;2;24;22;26m██[38;2;24;22;26m██[38;2;24;22;26m██[38;2;152;0;176m██[38;2;173;31;31m██[38;2;253;47;47m██[38;2;253;47;47m██[38;2;253;47;47m██[38;2;253;47;47m██[38;2;173;31;31m██[38;2;152;0;176m██[38;2;24;22;26m██[38;2;24;22;26m██[38;2;76;17;85m██[38;2;24;22;26m██[38;2;24;22;26m██[38;2;24;22;26m██[38;2;24;22;26m██[38;2;76;17;85m██[38;2;24;22;26m██[38;2;24;22;26m██[38;2;24;22;26m██[38;2;24;22;26m██[38;2;76;17;85m██[38;2;24;22;26m██[38;2;24;22;26m██[38;2;152;0;176m██                            
                          [38;2;205;110;220m██          [38;2;152;0;176m██[38;2;24;22;26m██[38;2;24;22;26m██[38;2;24;22;26m██[38;2;152;0;176m██[38;2;24;22;26m██[38;2;24;22;26m██[38;2;76;17;85m██[38;2;24;22;26m██[38;2;152;0;176m██[38;2;173;31;31m██[38;2;253;47;47m██[38;2;173;31;31m██[38;2;152;0;176m██[38;2;24;22;26m██[38;2;24;22;26m██[38;2;24;22;26m██[38;2;24;22;26m██[38;2;24;22;26m██[38;2;152;0;176m██[38;2;173;31;31m██[38;2;253;47;47m██[38;2;253;47;47m██[38;2;173;31;31m██[38;2;152;0;176m██[38;2;152;0;176m██[38;2;24;22;26m██[38;2;24;22;26m██[38;2;152;0;176m██[38;2;76;17;85m██[38;2;24;22;26m██[38;2;24;22;26m██[38;2;24;22;26m██[38;2;24;22;26m██[38;2;76;17;85m██[38;2;24;22;26m██[38;2;24;22;26m██[38;2;24;22;26m██[38;2;24;22;26m██[38;2;76;17;85m██[38;2;24;22;26m██[38;2;24;22;26m██[38;2;76;17;85m██[38;2;205;110;220m██                          
                        [38;2;152;0;176m██[38;2;205;110;220m██        [38;2;152;0;176m██[38;2;24;22;26m██[38;2;24;22;26m██[38;2;24;22;26m██[38;2;24;22;26m██[38;2;152;0;176m██[38;2;24;22;26m██[38;2;24;22;26m██[38;2;76;17;85m██[38;2;152;0;176m██[38;2;24;22;26m██[38;2;76;17;85m██[38;2;152;0;176m██[38;2;152;0;176m██[38;2;76;17;85m██[38;2;24;22;26m██[38;2;24;22;26m██[38;2;24;22;26m██[38;2;24;22;26m██[38;2;24;22;26m██[38;2;76;17;85m██[38;2;152;0;176m██[38;2;152;0;176m██[38;2;152;0;176m██[38;2;152;0;176m██[38;2;24;22;26m██[38;2;24;22;26m██[38;2;24;22;26m██[38;2;152;0;176m██[38;2;174;158;178m██[38;2;152;0;176m██[38;2;24;22;26m██[38;2;24;22;26m██[38;2;24;22;26m██[38;2;24;22;26m██[38;2;24;22;26m██[38;2;76;17;85m██[38;2;24;22;26m██[38;2;24;22;26m██[38;2;24;22;26m██[38;2;24;22;26m██[38;2;76;17;85m██[38;2;24;22;26m██[38;2;24;22;26m██[38;2;152;0;176m██[38;2;152;0;176m██                        
                      [38;2;152;0;176m██[38;2;24;22;26m██[38;2;152;0;176m██      [38;2;152;0;176m██[38;2;24;22;26m██[38;2;24;22;26m██[38;2;24;22;26m██[38;2;24;22;26m██[38;2;24;22;26m██[38;2;152;0;176m██[38;2;24;22;26m██[38;2;24;22;26m██[38;2;152;0;176m██[38;2;174;158;178m██[38;2;152;0;176m██[38;2;24;22;26m██[38;2;24;22;26m██[38;2;24;22;26m██[38;2;24;22;26m██[38;2;24;22;26m██[38;2;24;22;26m██[38;2;24;22;26m██[38;2;24;22;26m██[38;2;24;22;26m██[38;2;24;22;26m██[38;2;24;22;26m██[38;2;24;22;26m██[38;2;24;22;26m██[38;2;24;22;26m██[38;2;24;22;26m██[38;2;24;22;26m██[38;2;152;0;176m██[38;2;174;158;178m██[38;2;174;158;178m██[38;2;205;110;220m██[38;2;24;22;26m██[38;2;24;22;26m██[38;2;24;22;26m██[38;2;24;22;26m██[38;2;24;22;26m██[38;2;152;0;176m██[38;2;24;22;26m██[38;2;24;22;26m██[38;2;24;22;26m██[38;2;24;22;26m██[38;2;76;17;85m██[38;2;24;22;26m██[38;2;24;22;26m██[38;2;152;0;176m██[38;2;76;17;85m██[38;2;152;0;176m██                      
                    [38;2;152;0;176m██[38;2;24;22;26m██[38;2;24;22;26m██[38;2;152;0;176m██    [38;2;152;0;176m██[38;2;24;22;26m██[38;2;24;22;26m██[38;2;24;22;26m██[38;2;24;22;26m██[38;2;24;22;26m██[38;2;76;17;85m██[38;2;152;0;176m██[38;2;24;22;26m██[38;2;24;22;26m██[38;2;152;0;176m██[38;2;174;158;178m██[38;2;174;158;178m██[38;2;152;0;176m██[38;2;76;17;85m██[38;2;24;22;26m██[38;2;24;22;26m██[38;2;24;22;26m██[38;2;24;22;26m██[38;2;24;22;26m██[38;2;24;22;26m██[38;2;24;22;26m██[38;2;24;22;26m██[38;2;24;22;26m██[38;2;24;22;26m██[38;2;24;22;26m██[38;2;24;22;26m██[38;2;174;158;178m██[38;2;174;158;178m██[38;2;174;158;178m██[38;2;255;246;255m██[38;2;174;158;178m██[38;2;205;110;220m██[38;2;24;22;26m██[38;2;24;22;26m██[38;2;24;22;26m██[38;2;24;22;26m██[38;2;24;22;26m██[38;2;152;0;176m██[38;2;152;0;176m██[38;2;24;22;26m██[38;2;24;22;26m██[38;2;24;22;26m██[38;2;24;22;26m██[38;2;76;17;85m██[38;2;24;22;26m██[38;2;152;0;176m██[38;2;24;22;26m██[38;2;152;0;176m██[38;2;205;110;220m██                    
                  [38;2;152;0;176m██[38;2;76;17;85m██[38;2;24;22;26m██[38;2;24;22;26m██[38;2;152;0;176m██[38;2;152;0;176m██[38;2;76;17;85m██[38;2;24;22;26m██[38;2;24;22;26m██[38;2;76;17;85m██[38;2;24;22;26m██[38;2;24;22;26m██[38;2;24;22;26m██[38;2;76;17;85m██[38;2;152;0;176m██[38;2;24;22;26m██[38;2;24;22;26m██[38;2;76;17;85m██[38;2;174;158;178m██[38;2;255;246;255m██[38;2;174;158;178m██[38;2;255;246;255m██[38;2;174;158;178m██[38;2;152;0;176m██[38;2;152;0;176m██[38;2;152;0;176m██[38;2;152;0;176m██[38;2;152;0;176m██[38;2;152;0;176m██[38;2;152;0;176m██[38;2;152;0;176m██[38;2;174;158;178m██[38;2;174;158;178m██[38;2;255;246;255m██[38;2;255;246;255m██[38;2;174;158;178m██[38;2;255;246;255m██[38;2;255;246;255m██[38;2;174;158;178m██[38;2;152;0;176m██[38;2;24;22;26m██[38;2;24;22;26m██[38;2;24;22;26m██[38;2;24;22;26m██[38;2;24;22;26m██[38;2;152;0;176m██[38;2;24;22;26m██[38;2;152;0;176m██[38;2;24;22;26m██[38;2;24;22;26m██[38;2;24;22;26m██[38;2;24;22;26m██[38;2;76;17;85m██[38;2;152;0;176m██[38;2;24;22;26m██[38;2;76;17;85m██[38;2;152;0;176m██                    
                  [38;2;76;17;85m██[38;2;24;22;26m██[38;2;24;22;26m██[38;2;24;22;26m██[38;2;152;0;176m██[38;2;24;22;26m██[38;2;24;22;26m██[38;2;24;22;26m██[38;2;152;0;176m██[38;2;152;0;176m██[38;2;24;22;26m██[38;2;24;22;26m██[38;2;76;17;85m██  [38;2;152;0;176m██[38;2;76;17;85m██[38;2;24;22;26m██[38;2;24;22;26m██[38;2;152;0;176m██[38;2;255;246;255m██[38;2;174;158;178m██[38;2;255;246;255m██[38;2;255;246;255m██[38;2;255;246;255m██[38;2;174;158;178m██[38;2;255;246;255m██[38;2;255;246;255m██[38;2;255;246;255m██[38;2;255;246;255m██[38;2;174;158;178m██[38;2;255;246;255m██[38;2;255;246;255m██[38;2;255;246;255m██[38;2;255;246;255m██[38;2;255;246;255m██[38;2;174;158;178m██[38;2;255;246;255m██[38;2;255;246;255m██[38;2;174;158;178m██[38;2;76;17;85m██[38;2;24;22;26m██[38;2;24;22;26m██[38;2;24;22;26m██[38;2;24;22;26m██[38;2;24;22;26m██[38;2;152;0;176m██[38;2;24;22;26m██[38;2;152;0;176m██[38;2;24;22;26m██[38;2;24;22;26m██[38;2;24;22;26m██[38;2;24;22;26m██[38;2;24;22;26m██[38;2;152;0;176m██[38;2;24;22;26m██[38;2;24;22;26m██[38;2;152;0;176m██    [38;2;205;110;220m██              
                [38;2;152;0;176m██[38;2;76;17;85m██[38;2;24;22;26m██[38;2;24;22;26m██[38;2;24;22;26m██[38;2;152;0;176m██[38;2;24;22;26m██[38;2;24;22;26m██[38;2;152;0;176m██[38;2;24;22;26m██[38;2;152;0;176m██[38;2;24;22;26m██[38;2;76;17;85m██      [38;2;152;0;176m██[38;2;24;22;26m██[38;2;24;22;26m██[38;2;76;17;85m██[38;2;174;158;178m██[38;2;174;158;178m██[38;2;255;246;255m██[38;2;255;246;255m██[38;2;255;246;255m██[38;2;174;158;178m██[38;2;255;246;255m██[38;2;255;246;255m██[38;2;255;246;255m██[38;2;255;246;255m██[38;2;174;158;178m██[38;2;255;246;255m██[38;2;255;246;255m██[38;2;255;246;255m██[38;2;255;246;255m██[38;2;255;246;255m██[38;2;174;158;178m██[38;2;255;246;255m██[38;2;174;158;178m██[38;2;76;17;85m██[38;2;24;22;26m██[38;2;24;22;26m██[38;2;24;22;26m██[38;2;24;22;26m██[38;2;24;22;26m██[38;2;24;22;26m██[38;2;152;0;176m██[38;2;24;22;26m██[38;2;24;22;26m██[38;2;152;0;176m██[38;2;24;22;26m██[38;2;24;22;26m██[38;2;24;22;26m██[38;2;24;22;26m██[38;2;152;0;176m██[38;2;24;22;26m██[38;2;24;22;26m██[38;2;76;17;85m██[38;2;205;110;220m██  [38;2;152;0;176m██[38;2;152;0;176m██            
                [38;2;76;17;85m██[38;2;24;22;26m██[38;2;24;22;26m██[38;2;24;22;26m██[38;2;76;17;85m██[38;2;76;17;85m██[38;2;24;22;26m██[38;2;152;0;176m██[38;2;24;22;26m██[38;2;24;22;26m██[38;2;152;0;176m██[38;2;76;17;85m██        [38;2;152;0;176m██[38;2;24;22;26m██[38;2;24;22;26m██[38;2;24;22;26m██[38;2;152;0;176m██[38;2;174;158;178m██[38;2;255;246;255m██[38;2;255;246;255m██[38;2;255;246;255m██[38;2;174;158;178m██[38;2;255;246;255m██[38;2;255;246;255m██[38;2;255;246;255m██[38;2;255;246;255m██[38;2;174;158;178m██[38;2;255;246;255m██[38;2;255;246;255m██[38;2;255;246;255m██[38;2;255;246;255m██[38;2;255;246;255m██[38;2;174;158;178m██[38;2;174;158;178m██[38;2;152;0;176m██[38;2;24;22;26m██[38;2;24;22;26m██[38;2;24;22;26m██[38;2;24;22;26m██[38;2;24;22;26m██[38;2;24;22;26m██[38;2;24;22;26m██[38;2;152;0;176m██[38;2;24;22;26m██[38;2;24;22;26m██[38;2;152;0;176m██[38;2;24;22;26m██[38;2;24;22;26m██[38;2;24;22;26m██[38;2;24;22;26m██[38;2;152;0;176m██[38;2;24;22;26m██[38;2;24;22;26m██[38;2;24;22;26m██[38;2;152;0;176m██[38;2;205;110;220m██[38;2;76;17;85m██[38;2;24;22;26m██[38;2;152;0;176m██          
          [38;2;152;0;176m██  [38;2;152;0;176m██[38;2;24;22;26m██[38;2;24;22;26m██[38;2;24;22;26m██[38;2;24;22;26m██[38;2;152;0;176m██[38;2;24;22;26m██[38;2;152;0;176m██[38;2;24;22;26m██[38;2;24;22;26m██[38;2;24;22;26m██[38;2;152;0;176m██[38;2;76;17;85m██        [38;2;152;0;176m██[38;2;24;22;26m██[38;2;24;22;26m██[38;2;24;22;26m██[38;2;24;22;26m██[38;2;152;0;176m██[38;2;255;246;255m██[38;2;255;246;255m██[38;2;255;246;255m██[38;2;174;158;178m██[38;2;255;246;255m██[38;2;255;246;255m██[38;2;255;246;255m██[38;2;255;246;255m██[38;2;174;158;178m██[38;2;255;246;255m██[38;2;255;246;255m██[38;2;255;246;255m██[38;2;255;246;255m██[38;2;174;158;178m██[38;2;152;0;176m██[38;2;76;17;85m██[38;2;24;22;26m██[38;2;24;22;26m██[38;2;24;22;26m██[38;2;24;22;26m██[38;2;24;22;26m██[38;2;24;22;26m██[38;2;24;22;26m██[38;2;24;22;26m██[38;2;152;0;176m██[38;2;24;22;26m██[38;2;24;22;26m██[38;2;24;22;26m██[38;2;152;0;176m██[38;2;24;22;26m██[38;2;24;22;26m██[38;2;24;22;26m██[38;2;152;0;176m██[38;2;24;22;26m██[38;2;24;22;26m██[38;2;24;22;26m██[38;2;24;22;26m██[38;2;152;0;176m██[38;2;24;22;26m██[38;2;24;22;26m██[38;2;76;17;85m██[38;2;152;0;176m██        
        [38;2;152;0;176m██[38;2;24;22;26m██[38;2;152;0;176m██[38;2;76;17;85m██[38;2;24;22;26m██[38;2;24;22;26m██[38;2;24;22;26m██[38;2;24;22;26m██[38;2;152;0;176m██[38;2;152;0;176m██[38;2;24;22;26m██[38;2;24;22;26m██[38;2;24;22;26m██[38;2;24;22;26m██[38;2;152;0;176m██[38;2;76;17;85m██[38;2;152;0;176m██      [38;2;152;0;176m██[38;2;76;17;85m██[38;2;24;22;26m██[38;2;24;22;26m██[38;2;24;22;26m██[38;2;24;22;26m██[38;2;152;0;176m██[38;2;174;158;178m██[38;2;255;246;255m██[38;2;174;158;178m██[38;2;255;246;255m██[38;2;255;246;255m██[38;2;255;246;255m██[38;2;255;246;255m██[38;2;174;158;178m██[38;2;255;246;255m██[38;2;255;246;255m██[38;2;174;158;178m██[38;2;152;0;176m██[38;2;76;17;85m██[38;2;24;22;26m██[38;2;24;22;26m██[38;2;24;22;26m██[38;2;24;22;26m██[38;2;24;22;26m██[38;2;24;22;26m██[38;2;24;22;26m██[38;2;24;22;26m██[38;2;24;22;26m██[38;2;24;22;26m██[38;2;152;0;176m██[38;2;24;22;26m██[38;2;24;22;26m██[38;2;24;22;26m██[38;2;152;0;176m██[38;2;24;22;26m██[38;2;24;22;26m██[38;2;24;22;26m██[38;2;152;0;176m██[38;2;24;22;26m██[38;2;24;22;26m██[38;2;24;22;26m██[38;2;24;22;26m██[38;2;76;17;85m██[38;2;24;22;26m██[38;2;24;22;26m██[38;2;24;22;26m██[38;2;152;0;176m██        
      [38;2;152;0;176m██[38;2;24;22;26m██[38;2;24;22;26m██[38;2;152;0;176m██[38;2;24;22;26m██[38;2;24;22;26m██[38;2;24;22;26m██[38;2;24;22;26m██[38;2;24;22;26m██[38;2;76;17;85m██[38;2;24;22;26m██[38;2;24;22;26m██[38;2;24;22;26m██[38;2;24;22;26m██[38;2;24;22;26m██[38;2;152;0;176m██[38;2;24;22;26m██[38;2;152;0;176m██        [38;2;152;0;176m██[38;2;24;22;26m██[38;2;24;22;26m██[38;2;24;22;26m██[38;2;24;22;26m██[38;2;24;22;26m██[38;2;76;17;85m██[38;2;152;0;176m██[38;2;174;158;178m██[38;2;174;158;178m██[38;2;174;158;178m██[38;2;174;158;178m██[38;2;174;158;178m██[38;2;174;158;178m██[38;2;174;158;178m██[38;2;152;0;176m██[38;2;76;17;85m██[38;2;24;22;26m██[38;2;24;22;26m██[38;2;24;22;26m██[38;2;24;22;26m██[38;2;24;22;26m██[38;2;24;22;26m██[38;2;24;22;26m██[38;2;24;22;26m██[38;2;24;22;26m██[38;2;152;0;176m██[38;2;24;22;26m██[38;2;24;22;26m██[38;2;76;17;85m██[38;2;76;17;85m██[38;2;24;22;26m██[38;2;24;22;26m██[38;2;24;22;26m██[38;2;152;0;176m██[38;2;24;22;26m██[38;2;24;22;26m██[38;2;152;0;176m██[38;2;24;22;26m██[38;2;24;22;26m██[38;2;24;22;26m██[38;2;24;22;26m██[38;2;24;22;26m██[38;2;24;22;26m██[38;2;24;22;26m██[38;2;24;22;26m██[38;2;76;17;85m██[38;2;152;0;176m██      
    [38;2;152;0;176m██[38;2;76;17;85m██[38;2;24;22;26m██[38;2;24;22;26m██[38;2;76;17;85m██[38;2;24;22;26m██[38;2;24;22;26m██[38;2;24;22;26m██[38;2;24;22;26m██[38;2;76;17;85m██[38;2;24;22;26m██[38;2;24;22;26m██[38;2;24;22;26m██[38;2;24;22;26m██[38;2;24;22;26m██[38;2;76;17;85m██[38;2;76;17;85m██[38;2;24;22;26m██[38;2;76;17;85m██      [38;2;152;0;176m██[38;2;152;0;176m██[38;2;76;17;85m██[38;2;24;22;26m██[38;2;24;22;26m██[38;2;24;22;26m██[38;2;24;22;26m██[38;2;24;22;26m██[38;2;24;22;26m██[38;2;76;17;85m██[38;2;152;0;176m██[38;2;152;0;176m██[38;2;152;0;176m██[38;2;152;0;176m██[38;2;152;0;176m██[38;2;76;17;85m██[38;2;24;22;26m██[38;2;24;22;26m██[38;2;24;22;26m██[38;2;24;22;26m██[38;2;24;22;26m██[38;2;24;22;26m██[38;2;24;22;26m██[38;2;24;22;26m██[38;2;24;22;26m██[38;2;24;22;26m██[38;2;24;22;26m██[38;2;152;0;176m██[38;2;152;0;176m██[38;2;24;22;26m██[38;2;24;22;26m██[38;2;152;0;176m██[38;2;24;22;26m██[38;2;24;22;26m██[38;2;24;22;26m██[38;2;152;0;176m██[38;2;24;22;26m██[38;2;24;22;26m██[38;2;152;0;176m██[38;2;24;22;26m██[38;2;24;22;26m██[38;2;24;22;26m██[38;2;24;22;26m██[38;2;24;22;26m██[38;2;24;22;26m██[38;2;24;22;26m██[38;2;24;22;26m██[38;2;24;22;26m██[38;2;152;0;176m██      
    [38;2;152;0;176m██[38;2;24;22;26m██[38;2;24;22;26m██[38;2;24;22;26m██[38;2;24;22;26m██[38;2;24;22;26m██[38;2;24;22;26m██[38;2;24;22;26m██[38;2;24;22;26m██[38;2;24;22;26m██[38;2;24;22;26m██[38;2;24;22;26m██[38;2;24;22;26m██[38;2;24;22;26m██[38;2;24;22;26m██[38;2;152;0;176m██[38;2;24;22;26m██[38;2;24;22;26m██[38;2;76;17;85m██  [38;2;152;0;176m██[38;2;76;17;85m██[38;2;24;22;26m██[38;2;76;17;85m██[38;2;76;17;85m██[38;2;24;22;26m██[38;2;24;22;26m██[38;2;24;22;26m██[38;2;24;22;26m██[38;2;24;22;26m██[38;2;24;22;26m██[38;2;24;22;26m██[38;2;24;22;26m██[38;2;24;22;26m██[38;2;24;22;26m██[38;2;24;22;26m██[38;2;24;22;26m██[38;2;24;22;26m██[38;2;24;22;26m██[38;2;24;22;26m██[38;2;24;22;26m██[38;2;24;22;26m██[38;2;24;22;26m██[38;2;24;22;26m██[38;2;24;22;26m██[38;2;24;22;26m██[38;2;24;22;26m██[38;2;24;22;26m██[38;2;24;22;26m██[38;2;152;0;176m██[38;2;24;22;26m██[38;2;152;0;176m██[38;2;24;22;26m██[38;2;152;0;176m██[38;2;24;22;26m██[38;2;24;22;26m██[38;2;24;22;26m██[38;2;24;22;26m██[38;2;152;0;176m██[38;2;24;22;26m██[38;2;152;0;176m██[38;2;24;22;26m██[38;2;24;22;26m██[38;2;24;22;26m██[38;2;24;22;26m██[38;2;24;22;26m██[38;2;24;22;26m██[38;2;24;22;26m██[38;2;24;22;26m██[38;2;24;22;26m██[38;2;76;17;85m██[38;2;152;0;176m██    
    [38;2;152;0;176m██[38;2;24;22;26m██[38;2;24;22;26m██[38;2;24;22;26m██[38;2;24;22;26m██[38;2;24;22;26m██[38;2;24;22;26m██[38;2;24;22;26m██[38;2;24;22;26m██[38;2;24;22;26m██[38;2;24;22;26m██[38;2;24;22;26m██[38;2;24;22;26m██[38;2;24;22;26m██[38;2;24;22;26m██[38;2;76;17;85m██[38;2;24;22;26m██[38;2;24;22;26m██[38;2;76;17;85m██[38;2;152;0;176m██[38;2;24;22;26m██[38;2;24;22;26m██[38;2;24;22;26m██[38;2;76;17;85m██[38;2;152;0;176m██[38;2;76;17;85m██[38;2;24;22;26m██[38;2;24;22;26m██[38;2;24;22;26m██[38;2;24;22;26m██[38;2;24;22;26m██[38;2;24;22;26m██[38;2;24;22;26m██[38;2;24;22;26m██[38;2;24;22;26m██[38;2;24;22;26m██[38;2;24;22;26m██[38;2;24;22;26m██[38;2;24;22;26m██[38;2;24;22;26m██[38;2;24;22;26m██[38;2;24;22;26m██[38;2;24;22;26m██[38;2;24;22;26m██[38;2;24;22;26m██[38;2;24;22;26m██[38;2;24;22;26m██[38;2;24;22;26m██[38;2;24;22;26m██[38;2;76;17;85m██[38;2;76;17;85m██[38;2;24;22;26m██[38;2;152;0;176m██[38;2;76;17;85m██[38;2;24;22;26m██[38;2;24;22;26m██[38;2;24;22;26m██[38;2;24;22;26m██[38;2;24;22;26m██[38;2;152;0;176m██[38;2;76;17;85m██[38;2;24;22;26m██[38;2;24;22;26m██[38;2;24;22;26m██[38;2;24;22;26m██[38;2;24;22;26m██[38;2;24;22;26m██[38;2;24;22;26m██[38;2;24;22;26m██[38;2;24;22;26m██[38;2;24;22;26m██[38;2;152;0;176m██    
  [38;2;152;0;176m██[38;2;76;17;85m██[38;2;24;22;26m██[38;2;24;22;26m██[38;2;24;22;26m██[38;2;24;22;26m██[38;2;24;22;26m██[38;2;24;22;26m██[38;2;24;22;26m██[38;2;24;22;26m██[38;2;24;22;26m██[38;2;24;22;26m██[38;2;24;22;26m██[38;2;24;22;26m██[38;2;24;22;26m██[38;2;76;17;85m██[38;2;24;22;26m██[38;2;24;22;26m██[38;2;24;22;26m██[38;2;76;17;85m██[38;2;24;22;26m██[38;2;24;22;26m██[38;2;24;22;26m██[38;2;152;0;176m██    [38;2;152;0;176m██[38;2;24;22;26m██[38;2;24;22;26m██[38;2;24;22;26m██[38;2;24;22;26m██[38;2;24;22;26m██[38;2;24;22;26m██[38;2;24;22;26m██[38;2;24;22;26m██[38;2;24;22;26m██[38;2;24;22;26m██[38;2;24;22;26m██[38;2;24;22;26m██[38;2;24;22;26m██[38;2;24;22;26m██[38;2;24;22;26m██[38;2;24;22;26m██[38;2;24;22;26m██[38;2;24;22;26m██[38;2;24;22;26m██[38;2;24;22;26m██[38;2;24;22;26m██[38;2;24;22;26m██[38;2;24;22;26m██[38;2;24;22;26m██[38;2;152;0;176m██[38;2;24;22;26m██[38;2;24;22;26m██[38;2;76;17;85m██[38;2;24;22;26m██[38;2;24;22;26m██[38;2;24;22;26m██[38;2;24;22;26m██[38;2;24;22;26m██[38;2;24;22;26m██[38;2;76;17;85m██[38;2;24;22;26m██[38;2;24;22;26m██[38;2;24;22;26m██[38;2;24;22;26m██[38;2;24;22;26m██[38;2;24;22;26m██[38;2;24;22;26m██[38;2;24;22;26m██[38;2;24;22;26m██[38;2;24;22;26m██[38;2;152;0;176m██    
  [38;2;152;0;176m██[38;2;24;22;26m██[38;2;24;22;26m██[38;2;24;22;26m██[38;2;24;22;26m██[38;2;24;22;26m██[38;2;24;22;26m██[38;2;24;22;26m██[38;2;24;22;26m██[38;2;24;22;26m██[38;2;24;22;26m██[38;2;24;22;26m██[38;2;24;22;26m██[38;2;24;22;26m██[38;2;24;22;26m██[38;2;76;17;85m██[38;2;24;22;26m██[38;2;24;22;26m██[38;2;24;22;26m██[38;2;24;22;26m██[38;2;24;22;26m██[38;2;24;22;26m██[38;2;152;0;176m██        [38;2;152;0;176m██[38;2;24;22;26m██[38;2;24;22;26m██[38;2;24;22;26m██[38;2;24;22;26m██[38;2;24;22;26m██[38;2;24;22;26m██[38;2;24;22;26m██[38;2;24;22;26m██[38;2;24;22;26m██[38;2;24;22;26m██[38;2;24;22;26m██[38;2;24;22;26m██[38;2;24;22;26m██[38;2;24;22;26m██[38;2;24;22;26m██[38;2;24;22;26m██[38;2;24;22;26m██[38;2;24;22;26m██[38;2;24;22;26m██[38;2;24;22;26m██[38;2;24;22;26m██[38;2;24;22;26m██[38;2;24;22;26m██[38;2;152;0;176m██[38;2;24;22;26m██[38;2;24;22;26m██[38;2;24;22;26m██[38;2;24;22;26m██[38;2;24;22;26m██[38;2;24;22;26m██[38;2;24;22;26m██[38;2;24;22;26m██[38;2;24;22;26m██[38;2;24;22;26m██[38;2;24;22;26m██[38;2;24;22;26m██[38;2;24;22;26m██[38;2;24;22;26m██[38;2;24;22;26m██[38;2;24;22;26m██[38;2;24;22;26m██[38;2;24;22;26m██[38;2;24;22;26m██[38;2;24;22;26m██[38;2;76;17;85m██[38;2;152;0;176m██  
[38;2;152;0;176m██[38;2;76;17;85m██[38;2;24;22;26m██[38;2;24;22;26m██[38;2;24;22;26m██[38;2;24;22;26m██[38;2;24;22;26m██[38;2;24;22;26m██[38;2;24;22;26m██[38;2;24;22;26m██[38;2;24;22;26m██[38;2;24;22;26m██[38;2;24;22;26m██[38;2;24;22;26m██[38;2;24;22;26m██[38;2;24;22;26m██[38;2;24;22;26m██[38;2;24;22;26m██[38;2;24;22;26m██[38;2;24;22;26m██[38;2;24;22;26m██[38;2;24;22;26m██[38;2;76;17;85m██[38;2;152;0;176m██          [38;2;152;0;176m██[38;2;24;22;26m██[38;2;24;22;26m██[38;2;24;22;26m██[38;2;24;22;26m██[38;2;24;22;26m██[38;2;24;22;26m██[38;2;24;22;26m██[38;2;24;22;26m██[38;2;24;22;26m██[38;2;24;22;26m██[38;2;24;22;26m██[38;2;24;22;26m██[38;2;24;22;26m██[38;2;24;22;26m██[38;2;24;22;26m██[38;2;24;22;26m██[38;2;24;22;26m██[38;2;24;22;26m██[38;2;24;22;26m██[38;2;24;22;26m██[38;2;24;22;26m██[38;2;76;17;85m██[38;2;24;22;26m██[38;2;152;0;176m██[38;2;24;22;26m██[38;2;24;22;26m██[38;2;24;22;26m██[38;2;24;22;26m██[38;2;24;22;26m██[38;2;24;22;26m██[38;2;24;22;26m██[38;2;24;22;26m██[38;2;24;22;26m██[38;2;24;22;26m██[38;2;24;22;26m██[38;2;24;22;26m██[38;2;24;22;26m██[38;2;24;22;26m██[38;2;24;22;26m██[38;2;24;22;26m██[38;2;24;22;26m██[38;2;24;22;26m██[38;2;24;22;26m██[38;2;24;22;26m██[38;2;152;0;176m██  
[38;2;152;0;176m██[38;2;24;22;26m██[38;2;24;22;26m██[38;2;24;22;26m██[38;2;24;22;26m██[38;2;24;22;26m██[38;2;24;22;26m██[38;2;24;22;26m██[38;2;24;22;26m██[38;2;24;22;26m██[38;2;24;22;26m██[38;2;24;22;26m██[38;2;24;22;26m██[38;2;24;22;26m██[38;2;24;22;26m██[38;2;24;22;26m██[38;2;24;22;26m██[38;2;24;22;26m██[38;2;24;22;26m██[38;2;24;22;26m██[38;2;24;22;26m██[38;2;24;22;26m██[38;2;152;0;176m██              [38;2;152;0;176m██[38;2;24;22;26m██[38;2;24;22;26m██[38;2;24;22;26m██[38;2;24;22;26m██[38;2;24;22;26m██[38;2;24;22;26m██[38;2;24;22;26m██[38;2;24;22;26m██[38;2;24;22;26m██[38;2;24;22;26m██[38;2;24;22;26m██[38;2;24;22;26m██[38;2;24;22;26m██[38;2;24;22;26m██[38;2;24;22;26m██[38;2;24;22;26m██[38;2;24;22;26m██[38;2;24;22;26m██[38;2;24;22;26m██[38;2;24;22;26m██[38;2;152;0;176m██[38;2;152;0;176m██[38;2;76;17;85m██[38;2;24;22;26m██[38;2;24;22;26m██[38;2;24;22;26m██[38;2;24;22;26m██[38;2;24;22;26m██[38;2;24;22;26m██[38;2;24;22;26m██[38;2;24;22;26m██[38;2;24;22;26m██[38;2;24;22;26m██[38;2;24;22;26m██[38;2;24;22;26m██[38;2;24;22;26m██[38;2;24;22;26m██[38;2;24;22;26m██[38;2;24;22;26m██[38;2;24;22;26m██[38;2;24;22;26m██[38;2;24;22;26m██[38;2;24;22;26m██[38;2;152;0;176m██  
[38;2;152;0;176m██[38;2;24;22;26m██[38;2;24;22;26m██[38;2;24;22;26m██[38;2;24;22;26m██[38;2;24;22;26m██[38;2;24;22;26m██[38;2;24;22;26m██[38;2;24;22;26m██[38;2;24;22;26m██[38;2;24;22;26m██[38;2;24;22;26m██[38;2;24;22;26m██[38;2;24;22;26m██[38;2;24;22;26m██[38;2;24;22;26m██[38;2;24;22;26m██[38;2;24;22;26m██[38;2;24;22;26m██[38;2;24;22;26m██[38;2;24;22;26m██[38;2;76;17;85m██[38;2;152;0;176m██                [38;2;152;0;176m██[38;2;76;17;85m██[38;2;24;22;26m██[38;2;24;22;26m██[38;2;24;22;26m██[38;2;24;22;26m██[38;2;24;22;26m██[38;2;24;22;26m██[38;2;24;22;26m██[38;2;24;22;26m██[38;2;24;22;26m██[38;2;24;22;26m██[38;2;24;22;26m██[38;2;24;22;26m██[38;2;24;22;26m██[38;2;24;22;26m██[38;2;24;22;26m██[38;2;24;22;26m██[38;2;24;22;26m██[38;2;24;22;26m██[38;2;152;0;176m██[38;2;24;22;26m██[38;2;76;17;85m██[38;2;24;22;26m██[38;2;24;22;26m██[38;2;24;22;26m██[38;2;24;22;26m██[38;2;24;22;26m██[38;2;24;22;26m██[38;2;24;22;26m██[38;2;24;22;26m██[38;2;24;22;26m██[38;2;24;22;26m██[38;2;24;22;26m██[38;2;24;22;26m██[38;2;24;22;26m██[38;2;24;22;26m██[38;2;24;22;26m██[38;2;24;22;26m██[38;2;24;22;26m██[38;2;24;22;26m██[38;2;24;22;26m██[38;2;24;22;26m██[38;2;76;17;85m██[38;2;152;0;176m██
[38;2;152;0;176m██[38;2;24;22;26m██[38;2;24;22;26m██[38;2;24;22;26m██[38;2;24;22;26m██[38;2;24;22;26m██[38;2;24;22;26m██[38;2;24;22;26m██[38;2;24;22;26m██[38;2;24;22;26m██[38;2;24;22;26m██[38;2;24;22;26m██[38;2;24;22;26m██[38;2;24;22;26m██[38;2;24;22;26m██[38;2;24;22;26m██[38;2;24;22;26m██[38;2;24;22;26m██[38;2;24;22;26m██[38;2;24;22;26m██[38;2;24;22;26m██[38;2;152;0;176m██                    [38;2;152;0;176m██[38;2;152;0;176m██[38;2;76;17;85m██[38;2;24;22;26m██[38;2;24;22;26m██[38;2;24;22;26m██[38;2;24;22;26m██[38;2;24;22;26m██[38;2;24;22;26m██[38;2;24;22;26m██[38;2;24;22;26m██[38;2;24;22;26m██[38;2;24;22;26m██[38;2;24;22;26m██[38;2;24;22;26m██[38;2;24;22;26m██[38;2;24;22;26m██[38;2;24;22;26m██[38;2;24;22;26m██[38;2;152;0;176m██[38;2;24;22;26m██[38;2;24;22;26m██[38;2;24;22;26m██[38;2;24;22;26m██[38;2;24;22;26m██[38;2;24;22;26m██[38;2;24;22;26m██[38;2;24;22;26m██[38;2;24;22;26m██[38;2;24;22;26m██[38;2;24;22;26m██[38;2;24;22;26m██[38;2;24;22;26m██[38;2;24;22;26m██[38;2;24;22;26m██[38;2;24;22;26m██[38;2;24;22;26m██[38;2;24;22;26m██[38;2;24;22;26m██[38;2;24;22;26m██[38;2;24;22;26m██[38;2;24;22;26m██[38;2;24;22;26m██[38;2;152;0;176m██
[38;2;152;0;176m██[38;2;24;22;26m██[38;2;24;22;26m██[38;2;24;22;26m██[38;2;24;22;26m██[38;2;24;22;26m██[38;2;24;22;26m██[38;2;24;22;26m██[38;2;24;22;26m██[38;2;24;22;26m██[38;2;24;22;26m██[38;2;24;22;26m██[38;2;24;22;26m██[38;2;24;22;26m██[38;2;24;22;26m██[38;2;24;22;26m██[38;2;24;22;26m██[38;2;24;22;26m██[38;2;24;22;26m██[38;2;24;22;26m██[38;2;76;17;85m██[38;2;152;0;176m██                        [38;2;152;0;176m██[38;2;152;0;176m██[38;2;152;0;176m██[38;2;76;17;85m██[38;2;24;22;26m██[38;2;24;22;26m██[38;2;24;22;26m██[38;2;24;22;26m██[38;2;24;22;26m██[38;2;24;22;26m██[38;2;24;22;26m██[38;2;24;22;26m██[38;2;24;22;26m██[38;2;24;22;26m██[38;2;24;22;26m██[38;2;24;22;26m██[38;2;24;22;26m██[38;2;24;22;26m██[38;2;76;17;85m██[38;2;24;22;26m██[38;2;24;22;26m██[38;2;24;22;26m██[38;2;24;22;26m██[38;2;24;22;26m██[38;2;24;22;26m██[38;2;24;22;26m██[38;2;24;22;26m██[38;2;24;22;26m██[38;2;24;22;26m██[38;2;24;22;26m██[38;2;24;22;26m██[38;2;24;22;26m██[38;2;24;22;26m██[38;2;24;22;26m██[38;2;24;22;26m██[38;2;24;22;26m██[38;2;24;22;26m██[38;2;24;22;26m██[38;2;24;22;26m██[38;2;24;22;26m██[38;2;24;22;26m██[38;2;152;0;176m██
[38;2;152;0;176m██[38;2;24;22;26m██[38;2;24;22;26m██[38;2;24;22;26m██[38;2;24;22;26m██[38;2;24;22;26m██[38;2;24;22;26m██[38;2;24;22;26m██[38;2;24;22;26m██[38;2;24;22;26m██[38;2;24;22;26m██[38;2;24;22;26m██[38;2;24;22;26m██[38;2;24;22;26m██[38;2;24;22;26m██[38;2;24;22;26m██[38;2;24;22;26m██[38;2;24;22;26m██[38;2;24;22;26m██[38;2;76;17;85m██[38;2;152;0;176m██                                [38;2;152;0;176m██[38;2;152;0;176m██[38;2;152;0;176m██[38;2;152;0;176m██[38;2;152;0;176m██[38;2;152;0;176m██[38;2;152;0;176m██[38;2;152;0;176m██[38;2;152;0;176m██[38;2;152;0;176m██[38;2;152;0;176m██[38;2;152;0;176m██[38;2;152;0;176m██[38;2;152;0;176m██[38;2;152;0;176m██[38;2;152;0;176m██[38;2;24;22;26m██[38;2;24;22;26m██[38;2;24;22;26m██[38;2;24;22;26m██[38;2;24;22;26m██[38;2;24;22;26m██[38;2;24;22;26m██[38;2;24;22;26m██[38;2;24;22;26m██[38;2;24;22;26m██[38;2;24;22;26m██[38;2;24;22;26m██[38;2;24;22;26m██[38;2;24;22;26m██[38;2;24;22;26m██[38;2;24;22;26m██[38;2;24;22;26m██[38;2;24;22;26m██[38;2;24;22;26m██[38;2;24;22;26m██[38;2;24;22;26m██[38;2;24;22;26m██[38;2;152;0;176m██
[38;2;152;0;176m██[38;2;24;22;26m██[38;2;24;22;26m██[38;2;24;22;26m██[38;2;24;22;26m██[38;2;24;22;26m██[38;2;24;22;26m██[38;2;24;22;26m██[38;2;24;22;26m██[38;2;24;22;26m██[38;2;24;22;26m██[38;2;24;22;26m██[38;2;24;22;26m██[38;2;24;22;26m██[38;2;24;22;26m██[38;2;24;22;26m██[38;2;24;22;26m██[38;2;24;22;26m██[38;2;24;22;26m██[38;2;152;0;176m██                                                                [38;2;76;17;85m██[38;2;76;17;85m██[38;2;24;22;26m██[38;2;24;22;26m██[38;2;24;22;26m██[38;2;24;22;26m██[38;2;24;22;26m██[38;2;24;22;26m██[38;2;24;22;26m██[38;2;24;22;26m██[38;2;24;22;26m██[38;2;24;22;26m██[38;2;24;22;26m██[38;2;24;22;26m██[38;2;24;22;26m██[38;2;24;22;26m██[38;2;24;22;26m██[38;2;24;22;26m██[38;2;24;22;26m██[38;2;24;22;26m██[38;2;24;22;26m██[38;2;24;22;26m██[38;2;24;22;26m██[38;2;152;0;176m██
[38;2;152;0;176m██[38;2;76;17;85m██[38;2;24;22;26m██[38;2;24;22;26m██[38;2;24;22;26m██[38;2;24;22;26m██[38;2;24;22;26m██[38;2;24;22;26m██[38;2;24;22;26m██[38;2;24;22;26m██[38;2;24;22;26m██[38;2;24;22;26m██[38;2;24;22;26m██[38;2;24;22;26m██[38;2;24;22;26m██[38;2;24;22;26m██[38;2;24;22;26m██[38;2;24;22;26m██[38;2;152;0;176m██                                                                    [38;2;152;0;176m██[38;2;24;22;26m██[38;2;24;22;26m██[38;2;24;22;26m██[38;2;24;22;26m██[38;2;24;22;26m██[38;2;24;22;26m██[38;2;24;22;26m██[38;2;24;22;26m██[38;2;24;22;26m██[38;2;24;22;26m██[38;2;24;22;26m██[38;2;24;22;26m██[38;2;24;22;26m██[38;2;24;22;26m██[38;2;24;22;26m██[38;2;24;22;26m██[38;2;24;22;26m██[38;2;24;22;26m██[38;2;24;22;26m██[38;2;24;22;26m██[38;2;24;22;26m██[38;2;152;0;176m██
  [38;2;152;0;176m██[38;2;24;22;26m██[38;2;24;22;26m██[38;2;24;22;26m██[38;2;24;22;26m██[38;2;24;22;26m██[38;2;24;22;26m██[38;2;24;22;26m██[38;2;24;22;26m██[38;2;24;22;26m██[38;2;24;22;26m██[38;2;24;22;26m██[38;2;24;22;26m██[38;2;24;22;26m██[38;2;24;22;26m██[38;2;76;17;85m██[38;2;152;0;176m██                                                                      [38;2;152;0;176m██[38;2;24;22;26m██[38;2;24;22;26m██[38;2;24;22;26m██[38;2;24;22;26m██[38;2;24;22;26m██[38;2;24;22;26m██[38;2;24;22;26m██[38;2;24;22;26m██[38;2;24;22;26m██[38;2;24;22;26m██[38;2;24;22;26m██[38;2;24;22;26m██[38;2;24;22;26m██[38;2;24;22;26m██[38;2;24;22;26m██[38;2;24;22;26m██[38;2;24;22;26m██[38;2;24;22;26m██[38;2;24;22;26m██[38;2;24;22;26m██[38;2;24;22;26m██[38;2;152;0;176m██
    [38;2;152;0;176m██[38;2;76;17;85m██[38;2;24;22;26m██[38;2;24;22;26m██[38;2;24;22;26m██[38;2;24;22;26m██[38;2;24;22;26m██[38;2;24;22;26m██[38;2;24;22;26m██[38;2;76;17;85m██[38;2;152;0;176m██[38;2;152;0;176m██[38;2;152;0;176m██[38;2;152;0;176m██[38;2;152;0;176m██                                                                        [38;2;152;0;176m██[38;2;76;17;85m██[38;2;24;22;26m██[38;2;24;22;26m██[38;2;24;22;26m██[38;2;24;22;26m██[38;2;24;22;26m██[38;2;24;22;26m██[38;2;24;22;26m██[38;2;24;22;26m██[38;2;24;22;26m██[38;2;24;22;26m██[38;2;24;22;26m██[38;2;24;22;26m██[38;2;24;22;26m██[38;2;24;22;26m██[38;2;24;22;26m██[38;2;24;22;26m██[38;2;24;22;26m██[38;2;24;22;26m██[38;2;24;22;26m██[38;2;76;17;85m██[38;2;152;0;176m██
      [38;2;152;0;176m██[38;2;152;0;176m██[38;2;152;0;176m██[38;2;152;0;176m██[38;2;152;0;176m██[38;2;152;0;176m██[38;2;152;0;176m██[38;2;152;0;176m██[38;2;152;0;176m██                                                                                    [38;2;152;0;176m██[38;2;24;22;26m██[38;2;24;22;26m██[38;2;24;22;26m██[38;2;24;22;26m██[38;2;24;22;26m██[38;2;24;22;26m██[38;2;24;22;26m██[38;2;24;22;26m██[38;2;24;22;26m██[38;2;24;22;26m██[38;2;24;22;26m██[38;2;24;22;26m██[38;2;24;22;26m██[38;2;24;22;26m██[38;2;24;22;26m██[38;2;24;22;26m██[38;2;24;22;26m██[38;2;24;22;26m██[38;2;24;22;26m██[38;2;152;0;176m██  
                                                                                                              [38;2;152;0;176m██[38;2;76;17;85m██[38;2;24;22;26m██[38;2;24;22;26m██[38;2;24;22;26m██[38;2;24;22;26m██[38;2;24;22;26m██[38;2;24;22;26m██[38;2;24;22;26m██[38;2;24;22;26m██[38;2;24;22;26m██[38;2;24;22;26m██[38;2;24;22;26m██[38;2;24;22;26m██[38;2;24;22;26m██[38;2;24;22;26m██[38;2;24;22;26m██[38;2;24;22;26m██[38;2;152;0;176m██    
                                                                                                                [38;2;152;0;176m██[38;2;152;0;176m██[38;2;76;17;85m██[38;2;24;22;26m██[38;2;24;22;26m██[38;2;24;22;26m██[38;2;24;22;26m██[38;2;24;22;26m██[38;2;24;22;26m██[38;2;24;22;26m██[38;2;24;22;26m██[38;2;24;22;26m██[38;2;24;22;26m██[38;2;24;22;26m██[38;2;24;22;26m██[38;2;76;17;85m██[38;2;152;0;176m██      
                                                                                                                    [38;2;152;0;176m██[38;2;152;0;176m██[38;2;152;0;176m██[38;2;152;0;176m██[38;2;152;0;176m██[38;2;152;0;176m██[38;2;152;0;176m██[38;2;152;0;176m██[38;2;152;0;176m██[38;2;152;0;176m██[38;2;152;0;176m██[38;2;152;0;176m██[38;2;152;0;176m██[38;2;152;0;176m██        
