                                                                                                                                      [38;2;131;41;8m██[38;2;131;41;8m██[38;2;131;41;8m██                  
                                                                                                                                    [38;2;131;41;8m██[38;2;255;139;82m██[38;2;255;139;82m██[38;2;255;139;82m██[38;2;131;41;8m██                
                                                                                                                                  [38;2;180;90;74m██[38;2;255;139;82m██[38;2;255;139;82m██[38;2;255;139;82m██[38;2;180;90;74m██[38;2;180;90;74m██[38;2;131;41;8m██              
                                                                                                                                  [38;2;180;90;74m██[38;2;255;139;82m██[38;2;255;139;82m██[38;2;180;90;74m██[38;2;180;90;74m██[38;2;180;90;74m██[38;2;180;90;74m██[38;2;131;41;8m██            
                                                                                                                                [38;2;180;90;74m██[38;2;255;139;82m██[38;2;255;139;82m██[38;2;255;139;82m██[38;2;180;90;74m██[38;2;180;90;74m██[38;2;180;90;74m██[38;2;180;90;74m██[38;2;180;90;74m██[38;2;16;16;16m██          
                                                                                                                              [38;2;180;90;74m██[38;2;255;139;82m██[38;2;255;139;82m██[38;2;255;139;82m██[38;2;255;139;82m██[38;2;180;90;74m██[38;2;180;90;74m██[38;2;180;90;74m██[38;2;180;90;74m██[38;2;180;90;74m██[38;2;180;90;74m██[38;2;16;16;16m██        
                      [38;2;180;90;74m██[38;2;180;90;74m██[38;2;180;90;74m██[38;2;180;90;74m██[38;2;180;90;74m██[38;2;180;90;74m██[38;2;180;90;74m██[38;2;180;90;74m██                                                                                    [38;2;180;90;74m██[38;2;180;90;74m██[38;2;255;139;82m██[38;2;255;139;82m██[38;2;255;139;82m██[38;2;255;139;82m██[38;2;255;139;82m██[38;2;180;90;74m██[38;2;180;90;74m██[38;2;180;90;74m██[38;2;180;90;74m██[38;2;180;90;74m██[38;2;180;90;74m██[38;2;16;16;16m██        
                    [38;2;180;90;74m██[38;2;246;197;139m██[38;2;255;139;82m██[38;2;255;139;82m██[38;2;255;139;82m██[38;2;255;139;82m██[38;2;255;139;82m██[38;2;255;139;82m██[38;2;255;139;82m██[38;2;131;41;8m██                                                                              [38;2;180;90;74m██[38;2;180;90;74m██[38;2;255;139;82m██[38;2;255;139;82m██[38;2;255;139;82m██[38;2;255;139;82m██[38;2;255;139;82m██[38;2;255;139;82m██[38;2;255;139;82m██[38;2;255;139;82m██[38;2;180;90;74m██[38;2;180;90;74m██[38;2;180;90;74m██[38;2;180;90;74m██[38;2;180;90;74m██[38;2;180;90;74m██[38;2;16;16;16m██      
                  [38;2;180;90;74m██[38;2;246;197;139m██[38;2;246;197;139m██[38;2;255;139;82m██[38;2;255;139;82m██[38;2;255;139;82m██[38;2;255;139;82m██[38;2;255;139;82m██[38;2;255;139;82m██[38;2;255;139;82m██[38;2;255;139;82m██[38;2;131;41;8m██                                                                          [38;2;180;90;74m██[38;2;255;139;82m██[38;2;255;139;82m██[38;2;255;139;82m██[38;2;255;139;82m██[38;2;255;139;82m██[38;2;255;139;82m██[38;2;255;139;82m██[38;2;255;139;82m██[38;2;255;139;82m██[38;2;255;139;82m██[38;2;180;90;74m██[38;2;180;90;74m██[38;2;180;90;74m██[38;2;180;90;74m██[38;2;180;90;74m██[38;2;180;90;74m██[38;2;16;16;16m██      
                [38;2;180;90;74m██[38;2;246;197;139m██[38;2;246;197;139m██[38;2;255;139;82m██[38;2;255;139;82m██[38;2;255;139;82m██[38;2;255;139;82m██[38;2;255;139;82m██[38;2;255;139;82m██[38;2;131;41;8m██[38;2;16;16;16m██[38;2;16;16;16m██[38;2;16;16;16m██                                                                          [38;2;180;90;74m██[38;2;255;139;82m██[38;2;255;139;82m██[38;2;255;139;82m██[38;2;255;139;82m██[38;2;255;139;82m██[38;2;255;139;82m██[38;2;255;139;82m██[38;2;255;139;82m██[38;2;255;139;82m██[38;2;255;139;82m██[38;2;180;90;74m██[38;2;180;90;74m██[38;2;180;90;74m██[38;2;180;90;74m██[38;2;180;90;74m██[38;2;180;90;74m██[38;2;180;90;74m██[38;2;16;16;16m██    
              [38;2;180;90;74m██[38;2;246;197;139m██[38;2;246;197;139m██[38;2;255;139;82m██[38;2;255;139;82m██[38;2;255;139;82m██[38;2;255;139;82m██[38;2;255;139;82m██[38;2;131;41;8m██[38;2;16;16;16m██                                                                                [38;2;180;90;74m██[38;2;255;139;82m██[38;2;255;139;82m██[38;2;255;139;82m██[38;2;255;139;82m██[38;2;255;139;82m██[38;2;255;139;82m██[38;2;255;139;82m██[38;2;255;139;82m██[38;2;255;139;82m██[38;2;255;139;82m██[38;2;255;139;82m██[38;2;255;139;82m██[38;2;180;90;74m██[38;2;180;90;74m██[38;2;180;90;74m██[38;2;180;90;74m██[38;2;180;90;74m██[38;2;180;90;74m██[38;2;16;16;16m██    
              [38;2;180;90;74m██[38;2;246;197;139m██[38;2;255;139;82m██[38;2;255;139;82m██[38;2;255;139;82m██[38;2;255;139;82m██[38;2;255;139;82m██[38;2;131;41;8m██[38;2;16;16;16m██                                                                                  [38;2;180;90;74m██[38;2;255;139;82m██[38;2;255;139;82m██[38;2;255;139;82m██[38;2;255;139;82m██[38;2;255;139;82m██[38;2;255;139;82m██[38;2;255;139;82m██[38;2;255;139;82m██[38;2;255;139;82m██[38;2;255;139;82m██[38;2;255;139;82m██[38;2;255;139;82m██[38;2;180;90;74m██[38;2;180;90;74m██[38;2;180;90;74m██[38;2;180;90;74m██[38;2;180;90;74m██[38;2;180;90;74m██[38;2;180;90;74m██[38;2;16;16;16m██  
              [38;2;180;90;74m██[38;2;255;139;82m██[38;2;255;139;82m██[38;2;255;139;82m██[38;2;255;139;82m██[38;2;255;139;82m██[38;2;255;139;82m██[38;2;16;16;16m██[38;2;180;90;74m██[38;2;16;16;16m██                                                                                [38;2;180;90;74m██[38;2;255;139;82m██[38;2;255;139;82m██[38;2;255;139;82m██[38;2;255;139;82m██[38;2;255;139;82m██[38;2;255;139;82m██[38;2;255;139;82m██[38;2;255;139;82m██[38;2;255;139;82m██[38;2;255;139;82m██[38;2;255;139;82m██[38;2;255;139;82m██[38;2;255;139;82m██[38;2;180;90;74m██[38;2;180;90;74m██[38;2;180;90;74m██[38;2;180;90;74m██[38;2;180;90;74m██[38;2;180;90;74m██[38;2;16;16;16m██  
            [38;2;131;41;8m██[38;2;255;139;82m██[38;2;255;139;82m██[38;2;255;139;82m██[38;2;255;139;82m██[38;2;255;139;82m██[38;2;255;139;82m██[38;2;131;41;8m██[38;2;180;90;74m██[38;2;180;90;74m██[38;2;180;90;74m██[38;2;16;16;16m██                                                                              [38;2;180;90;74m██[38;2;255;139;82m██[38;2;255;139;82m██[38;2;255;139;82m██[38;2;255;139;82m██[38;2;255;139;82m██[38;2;255;139;82m██[38;2;255;139;82m██[38;2;255;139;82m██[38;2;255;139;82m██[38;2;255;139;82m██[38;2;255;139;82m██[38;2;255;139;82m██[38;2;255;139;82m██[38;2;255;139;82m██[38;2;180;90;74m██[38;2;180;90;74m██[38;2;180;90;74m██[38;2;180;90;74m██[38;2;180;90;74m██[38;2;180;90;74m██[38;2;16;16;16m██
            [38;2;131;41;8m██[38;2;255;139;82m██[38;2;255;139;82m██[38;2;255;139;82m██[38;2;255;139;82m██[38;2;255;139;82m██[38;2;180;90;74m██[38;2;16;16;16m██[38;2;180;90;74m██[38;2;180;90;74m██[38;2;180;90;74m██[38;2;131;41;8m██                                                                              [38;2;180;90;74m██[38;2;255;139;82m██[38;2;255;139;82m██[38;2;255;139;82m██[38;2;255;139;82m██[38;2;255;139;82m██[38;2;255;139;82m██[38;2;255;139;82m██[38;2;255;139;82m██[38;2;255;139;82m██[38;2;255;139;82m██[38;2;255;139;82m██[38;2;255;139;82m██[38;2;255;139;82m██[38;2;255;139;82m██[38;2;180;90;74m██[38;2;180;90;74m██[38;2;180;90;74m██[38;2;180;90;74m██[38;2;180;90;74m██[38;2;180;90;74m██[38;2;16;16;16m██
            [38;2;131;41;8m██[38;2;255;139;82m██[38;2;255;139;82m██[38;2;255;139;82m██[38;2;255;139;82m██[38;2;180;90;74m██[38;2;16;16;16m██[38;2;180;90;74m██[38;2;180;90;74m██[38;2;180;90;74m██[38;2;180;90;74m██[38;2;180;90;74m██[38;2;16;16;16m██                                                                          [38;2;180;90;74m██[38;2;246;197;139m██[38;2;246;197;139m██[38;2;180;90;74m██[38;2;255;139;82m██[38;2;255;139;82m██[38;2;255;139;82m██[38;2;255;139;82m██[38;2;255;139;82m██[38;2;255;139;82m██[38;2;255;139;82m██[38;2;255;139;82m██[38;2;255;139;82m██[38;2;255;139;82m██[38;2;255;139;82m██[38;2;255;139;82m██[38;2;255;139;82m██[38;2;180;90;74m██[38;2;180;90;74m██[38;2;180;90;74m██[38;2;180;90;74m██[38;2;180;90;74m██[38;2;16;16;16m██
            [38;2;131;41;8m██[38;2;255;139;82m██[38;2;255;139;82m██[38;2;255;139;82m██[38;2;180;90;74m██[38;2;180;90;74m██[38;2;131;41;8m██[38;2;180;90;74m██[38;2;180;90;74m██[38;2;180;90;74m██[38;2;180;90;74m██[38;2;180;90;74m██[38;2;131;41;8m██                                                                        [38;2;180;90;74m██[38;2;246;197;139m██[38;2;246;197;139m██[38;2;246;197;139m██[38;2;255;139;82m██[38;2;180;90;74m██[38;2;255;139;82m██[38;2;255;139;82m██[38;2;255;139;82m██[38;2;16;16;16m██[38;2;16;16;16m██[38;2;255;139;82m██[38;2;255;139;82m██[38;2;255;139;82m██[38;2;255;139;82m██[38;2;255;139;82m██[38;2;255;139;82m██[38;2;255;139;82m██[38;2;180;90;74m██[38;2;180;90;74m██[38;2;180;90;74m██[38;2;180;90;74m██[38;2;180;90;74m██[38;2;16;16;16m██
            [38;2;131;41;8m██[38;2;255;139;82m██[38;2;255;139;82m██[38;2;180;90;74m██[38;2;180;90;74m██[38;2;180;90;74m██[38;2;180;90;74m██[38;2;16;16;16m██[38;2;180;90;74m██[38;2;180;90;74m██[38;2;180;90;74m██[38;2;180;90;74m██[38;2;180;90;74m██[38;2;131;41;8m██                                                                    [38;2;180;90;74m██[38;2;246;197;139m██[38;2;246;197;139m██[38;2;255;139;82m██[38;2;255;139;82m██[38;2;255;139;82m██[38;2;180;90;74m██[38;2;255;139;82m██[38;2;255;139;82m██[38;2;16;16;16m██[38;2;74;49;32m██[38;2;16;16;16m██[38;2;255;139;82m██[38;2;255;139;82m██[38;2;255;139;82m██[38;2;255;139;82m██[38;2;255;139;82m██[38;2;255;139;82m██[38;2;255;139;82m██[38;2;255;139;82m██[38;2;180;90;74m██[38;2;180;90;74m██[38;2;180;90;74m██[38;2;16;16;16m██  
            [38;2;131;41;8m██[38;2;255;139;82m██[38;2;180;90;74m██[38;2;180;90;74m██[38;2;180;90;74m██[38;2;180;90;74m██[38;2;180;90;74m██[38;2;180;90;74m██[38;2;16;16;16m██[38;2;180;90;74m██[38;2;180;90;74m██[38;2;180;90;74m██[38;2;180;90;74m██[38;2;16;16;16m██                                                                    [38;2;180;90;74m██[38;2;246;197;139m██[38;2;255;139;82m██[38;2;255;139;82m██[38;2;255;139;82m██[38;2;255;139;82m██[38;2;180;90;74m██[38;2;255;139;82m██[38;2;255;139;82m██[38;2;16;16;16m██[38;2;74;49;32m██[38;2;74;49;32m██[38;2;16;16;16m██[38;2;255;139;82m██[38;2;255;139;82m██[38;2;255;139;82m██[38;2;255;139;82m██[38;2;180;90;74m██[38;2;255;139;82m██[38;2;255;139;82m██[38;2;255;139;82m██[38;2;180;90;74m██[38;2;180;90;74m██[38;2;16;16;16m██  
          [38;2;131;41;8m██[38;2;180;90;74m██[38;2;180;90;74m██[38;2;180;90;74m██[38;2;180;90;74m██[38;2;180;90;74m██[38;2;180;90;74m██[38;2;180;90;74m██[38;2;180;90;74m██[38;2;180;90;74m██[38;2;16;16;16m██[38;2;180;90;74m██[38;2;180;90;74m██[38;2;180;90;74m██[38;2;16;16;16m██                      [38;2;131;41;8m██                [38;2;131;41;8m██                        [38;2;180;90;74m██[38;2;246;197;139m██[38;2;255;139;82m██[38;2;255;139;82m██[38;2;255;139;82m██[38;2;255;139;82m██[38;2;255;139;82m██[38;2;255;139;82m██[38;2;180;90;74m██[38;2;16;16;16m██[38;2;74;49;32m██[38;2;74;49;32m██[38;2;74;49;32m██[38;2;16;16;16m██[38;2;255;139;82m██[38;2;255;139;82m██[38;2;255;139;82m██[38;2;255;139;82m██[38;2;255;139;82m██[38;2;180;90;74m██[38;2;255;139;82m██[38;2;255;139;82m██[38;2;180;90;74m██[38;2;16;16;16m██    
          [38;2;131;41;8m██[38;2;180;90;74m██[38;2;180;90;74m██[38;2;180;90;74m██[38;2;180;90;74m██[38;2;180;90;74m██[38;2;180;90;74m██[38;2;180;90;74m██[38;2;180;90;74m██[38;2;180;90;74m██[38;2;16;16;16m██[38;2;180;90;74m██[38;2;180;90;74m██[38;2;180;90;74m██[38;2;16;16;16m██                    [38;2;131;41;8m██[38;2;246;197;139m██[38;2;131;41;8m██            [38;2;131;41;8m██[38;2;246;197;139m██[38;2;16;16;16m██                      [38;2;131;41;8m██[38;2;255;139;82m██[38;2;180;90;74m██[38;2;180;90;74m██[38;2;255;139;82m██[38;2;255;139;82m██[38;2;255;139;82m██[38;2;255;139;82m██[38;2;180;90;74m██[38;2;16;16;16m██[38;2;74;49;32m██[38;2;74;49;32m██[38;2;74;49;32m██[38;2;74;49;32m██[38;2;16;16;16m██[38;2;255;139;82m██[38;2;255;139;82m██[38;2;255;139;82m██[38;2;255;139;82m██[38;2;255;139;82m██[38;2;180;90;74m██[38;2;180;90;74m██[38;2;131;41;8m██      
          [38;2;131;41;8m██[38;2;180;90;74m██[38;2;180;90;74m██[38;2;180;90;74m██[38;2;180;90;74m██[38;2;180;90;74m██[38;2;180;90;74m██[38;2;180;90;74m██[38;2;180;90;74m██[38;2;16;16;16m██[38;2;180;90;74m██[38;2;180;90;74m██[38;2;180;90;74m██[38;2;180;90;74m██[38;2;16;16;16m██                    [38;2;131;41;8m██[38;2;246;197;139m██[38;2;180;90;74m██            [38;2;180;90;74m██[38;2;246;197;139m██[38;2;16;16;16m██                      [38;2;16;16;16m██[38;2;180;90;74m██[38;2;180;90;74m██[38;2;180;90;74m██[38;2;180;90;74m██[38;2;255;139;82m██[38;2;255;139;82m██[38;2;255;139;82m██[38;2;180;90;74m██[38;2;16;16;16m██[38;2;74;49;32m██[38;2;74;49;32m██[38;2;74;49;32m██[38;2;74;49;32m██[38;2;16;16;16m██[38;2;255;139;82m██[38;2;255;139;82m██[38;2;255;139;82m██[38;2;255;139;82m██[38;2;255;139;82m██[38;2;180;90;74m██[38;2;180;90;74m██[38;2;16;16;16m██      
          [38;2;131;41;8m██[38;2;180;90;74m██[38;2;180;90;74m██[38;2;180;90;74m██[38;2;180;90;74m██[38;2;180;90;74m██[38;2;180;90;74m██[38;2;180;90;74m██[38;2;131;41;8m██[38;2;180;90;74m██[38;2;180;90;74m██[38;2;180;90;74m██[38;2;180;90;74m██[38;2;16;16;16m██        [38;2;131;41;8m██[38;2;131;41;8m██          [38;2;131;41;8m██[38;2;246;197;139m██[38;2;246;197;139m██[38;2;131;41;8m██        [38;2;131;41;8m██[38;2;255;139;82m██[38;2;255;139;82m██[38;2;16;16;16m██        [38;2;131;41;8m██[38;2;131;41;8m██          [38;2;16;16;16m██[38;2;180;90;74m██[38;2;180;90;74m██[38;2;180;90;74m██[38;2;180;90;74m██[38;2;180;90;74m██[38;2;255;139;82m██[38;2;255;139;82m██[38;2;255;139;82m██[38;2;16;16;16m██[38;2;74;49;32m██[38;2;74;49;32m██[38;2;74;49;32m██[38;2;74;49;32m██[38;2;74;49;32m██[38;2;16;16;16m██[38;2;255;139;82m██[38;2;255;139;82m██[38;2;255;139;82m██[38;2;255;139;82m██[38;2;255;139;82m██[38;2;180;90;74m██[38;2;16;16;16m██      
          [38;2;131;41;8m██[38;2;180;90;74m██[38;2;180;90;74m██[38;2;180;90;74m██[38;2;180;90;74m██[38;2;180;90;74m██[38;2;180;90;74m██[38;2;180;90;74m██[38;2;16;16;16m██[38;2;180;90;74m██[38;2;180;90;74m██[38;2;180;90;74m██[38;2;180;90;74m██[38;2;16;16;16m██        [38;2;131;41;8m██[38;2;246;197;139m██[38;2;131;41;8m██        [38;2;131;41;8m██[38;2;255;139;82m██[38;2;255;139;82m██[38;2;131;41;8m██        [38;2;131;41;8m██[38;2;255;139;82m██[38;2;255;139;82m██[38;2;16;16;16m██      [38;2;131;41;8m██[38;2;180;90;74m██[38;2;16;16;16m██            [38;2;131;41;8m██[38;2;180;90;74m██[38;2;180;90;74m██[38;2;180;90;74m██[38;2;180;90;74m██[38;2;255;139;82m██[38;2;255;139;82m██[38;2;255;139;82m██[38;2;16;16;16m██[38;2;74;49;32m██[38;2;74;49;32m██[38;2;74;49;32m██[38;2;74;49;32m██[38;2;74;49;32m██[38;2;16;16;16m██[38;2;255;139;82m██[38;2;255;139;82m██[38;2;255;139;82m██[38;2;255;139;82m██[38;2;255;139;82m██[38;2;180;90;74m██[38;2;16;16;16m██      
          [38;2;131;41;8m██[38;2;180;90;74m██[38;2;180;90;74m██[38;2;180;90;74m██[38;2;180;90;74m██[38;2;180;90;74m██[38;2;180;90;74m██[38;2;131;41;8m██[38;2;180;90;74m██[38;2;180;90;74m██[38;2;180;90;74m██[38;2;180;90;74m██[38;2;16;16;16m██          [38;2;131;41;8m██[38;2;246;197;139m██[38;2;180;90;74m██          [38;2;180;90;74m██[38;2;255;139;82m██[38;2;180;90;74m██        [38;2;180;90;74m██[38;2;255;139;82m██[38;2;255;139;82m██[38;2;131;41;8m██      [38;2;131;41;8m██[38;2;180;90;74m██[38;2;16;16;16m██            [38;2;16;16;16m██[38;2;180;90;74m██[38;2;180;90;74m██[38;2;180;90;74m██[38;2;180;90;74m██[38;2;180;90;74m██[38;2;255;139;82m██[38;2;255;139;82m██[38;2;16;16;16m██[38;2;74;49;32m██[38;2;74;49;32m██[38;2;74;49;32m██[38;2;74;49;32m██[38;2;74;49;32m██[38;2;74;49;32m██[38;2;16;16;16m██[38;2;255;139;82m██[38;2;255;139;82m██[38;2;255;139;82m██[38;2;255;139;82m██[38;2;16;16;16m██        
            [38;2;16;16;16m██[38;2;131;41;8m██[38;2;180;90;74m██[38;2;180;90;74m██[38;2;180;90;74m██[38;2;180;90;74m██[38;2;16;16;16m██[38;2;180;90;74m██[38;2;180;90;74m██[38;2;131;41;8m██[38;2;16;16;16m██            [38;2;131;41;8m██[38;2;246;197;139m██[38;2;255;139;82m██[38;2;131;41;8m██        [38;2;131;41;8m██[38;2;255;139;82m██[38;2;255;139;82m██[38;2;131;41;8m██    [38;2;131;41;8m██[38;2;255;139;82m██[38;2;255;139;82m██[38;2;131;41;8m██      [38;2;131;41;8m██[38;2;180;90;74m██[38;2;180;90;74m██[38;2;131;41;8m██            [38;2;16;16;16m██[38;2;180;90;74m██[38;2;180;90;74m██[38;2;180;90;74m██[38;2;180;90;74m██[38;2;180;90;74m██[38;2;255;139;82m██[38;2;255;139;82m██[38;2;16;16;16m██[38;2;74;49;32m██[38;2;74;49;32m██[38;2;74;49;32m██[38;2;74;49;32m██[38;2;74;49;32m██[38;2;74;49;32m██[38;2;16;16;16m██[38;2;255;139;82m██[38;2;255;139;82m██[38;2;16;16;16m██[38;2;16;16;16m██          
                [38;2;16;16;16m██[38;2;131;41;8m██[38;2;180;90;74m██[38;2;180;90;74m██[38;2;180;90;74m██[38;2;16;16;16m██[38;2;131;41;8m██[38;2;222;172;156m██[38;2;16;16;16m██              [38;2;180;90;74m██[38;2;255;139;82m██[38;2;180;90;74m██[38;2;131;41;8m██      [38;2;131;41;8m██[38;2;255;139;82m██[38;2;255;139;82m██[38;2;131;41;8m██    [38;2;131;41;8m██[38;2;255;139;82m██[38;2;255;139;82m██[38;2;16;16;16m██      [38;2;131;41;8m██[38;2;180;90;74m██[38;2;16;16;16m██        [38;2;131;41;8m██[38;2;16;16;16m██    [38;2;131;41;8m██[38;2;180;90;74m██[38;2;180;90;74m██[38;2;180;90;74m██[38;2;180;90;74m██[38;2;131;41;8m██[38;2;16;16;16m██[38;2;74;49;32m██[38;2;74;49;32m██[38;2;74;49;32m██[38;2;74;49;32m██[38;2;90;65;49m██[38;2;90;65;49m██[38;2;131;41;8m██[38;2;180;90;74m██[38;2;16;16;16m██[38;2;16;16;16m██              
                    [38;2;16;16;16m██[38;2;131;41;8m██[38;2;16;16;16m██[38;2;222;172;156m██[38;2;222;172;156m██[38;2;222;172;156m██[38;2;16;16;16m██              [38;2;131;41;8m██[38;2;255;139;82m██[38;2;255;139;82m██[38;2;131;41;8m██      [38;2;131;41;8m██[38;2;255;139;82m██[38;2;255;139;82m██[38;2;131;41;8m██    [38;2;131;41;8m██[38;2;255;139;82m██[38;2;255;139;82m██[38;2;16;16;16m██    [38;2;131;41;8m██[38;2;180;90;74m██[38;2;180;90;74m██[38;2;16;16;16m██      [38;2;131;41;8m██[38;2;180;90;74m██[38;2;16;16;16m██    [38;2;16;16;16m██[38;2;180;90;74m██[38;2;180;90;74m██[38;2;180;90;74m██[38;2;180;90;74m██[38;2;131;41;8m██[38;2;255;139;82m██[38;2;16;16;16m██[38;2;74;49;32m██[38;2;74;49;32m██[38;2;90;65;49m██[38;2;90;65;49m██[38;2;90;65;49m██[38;2;131;41;8m██[38;2;180;90;74m██[38;2;131;41;8m██                
                      [38;2;16;16;16m██[38;2;222;172;156m██[38;2;222;172;156m██[38;2;222;172;156m██[38;2;115;82;16m██                  [38;2;180;90;74m██[38;2;255;139;82m██[38;2;255;139;82m██[38;2;131;41;8m██    [38;2;131;41;8m██[38;2;255;139;82m██[38;2;255;139;82m██[38;2;255;139;82m██[38;2;16;16;16m██[38;2;16;16;16m██[38;2;180;90;74m██[38;2;255;139;82m██[38;2;255;139;82m██[38;2;131;41;8m██    [38;2;131;41;8m██[38;2;180;90;74m██[38;2;131;41;8m██        [38;2;131;41;8m██[38;2;180;90;74m██[38;2;16;16;16m██  [38;2;115;82;16m██[38;2;16;16;16m██[38;2;180;90;74m██[38;2;180;90;74m██[38;2;180;90;74m██[38;2;131;41;8m██[38;2;180;90;74m██[38;2;255;139;82m██[38;2;16;16;16m██[38;2;74;49;32m██[38;2;90;65;49m██[38;2;90;65;49m██[38;2;90;65;49m██[38;2;90;65;49m██[38;2;90;65;49m██[38;2;131;41;8m██[38;2;180;90;74m██[38;2;131;41;8m██              
                        [38;2;16;16;16m██[38;2;115;82;16m██[38;2;222;172;156m██[38;2;16;16;16m██    [38;2;131;41;8m██[38;2;131;41;8m██          [38;2;131;41;8m██[38;2;255;139;82m██[38;2;255;139;82m██[38;2;255;139;82m██[38;2;131;41;8m██  [38;2;131;41;8m██[38;2;255;139;82m██[38;2;255;139;82m██[38;2;255;139;82m██[38;2;255;139;82m██[38;2;255;139;82m██[38;2;180;90;74m██[38;2;180;90;74m██[38;2;255;139;82m██[38;2;180;90;74m██[38;2;16;16;16m██[38;2;16;16;16m██[38;2;180;90;74m██[38;2;180;90;74m██[38;2;16;16;16m██      [38;2;131;41;8m██[38;2;180;90;74m██[38;2;16;16;16m██    [38;2;115;82;16m██[38;2;255;246;222m██[38;2;131;41;8m██[38;2;180;90;74m██[38;2;180;90;74m██[38;2;131;41;8m██[38;2;180;90;74m██[38;2;180;90;74m██[38;2;255;139;82m██[38;2;131;41;8m██[38;2;90;65;49m██[38;2;90;65;49m██[38;2;90;65;49m██[38;2;90;65;49m██[38;2;90;65;49m██[38;2;131;41;8m██[38;2;180;90;74m██[38;2;131;41;8m██              
                        [38;2;16;16;16m██[38;2;222;172;156m██[38;2;222;172;156m██[38;2;16;16;16m██    [38;2;131;41;8m██[38;2;246;197;139m██[38;2;180;90;74m██[38;2;131;41;8m██        [38;2;180;90;74m██[38;2;255;139;82m██[38;2;255;139;82m██[38;2;255;139;82m██[38;2;131;41;8m██[38;2;255;139;82m██[38;2;255;139;82m██[38;2;255;139;82m██[38;2;255;139;82m██[38;2;255;139;82m██[38;2;131;41;8m██[38;2;16;16;16m██[38;2;16;16;16m██[38;2;180;90;74m██[38;2;180;90;74m██[38;2;180;90;74m██[38;2;180;90;74m██[38;2;180;90;74m██[38;2;180;90;74m██[38;2;16;16;16m██    [38;2;131;41;8m██[38;2;180;90;74m██[38;2;180;90;74m██[38;2;16;16;16m██    [38;2;115;82;16m██[38;2;255;246;222m██[38;2;16;16;16m██[38;2;180;90;74m██[38;2;131;41;8m██[38;2;180;90;74m██[38;2;180;90;74m██[38;2;180;90;74m██[38;2;255;139;82m██[38;2;131;41;8m██[38;2;90;65;49m██[38;2;90;65;49m██[38;2;90;65;49m██[38;2;90;65;49m██[38;2;90;65;49m██[38;2;90;65;49m██[38;2;16;16;16m██[38;2;16;16;16m██[38;2;16;16;16m██            
                        [38;2;16;16;16m██[38;2;222;172;156m██[38;2;222;172;156m██[38;2;115;82;16m██      [38;2;131;41;8m██[38;2;246;197;139m██[38;2;246;197;139m██[38;2;180;90;74m██[38;2;131;41;8m██    [38;2;131;41;8m██[38;2;255;139;82m██[38;2;255;139;82m██[38;2;255;139;82m██[38;2;255;139;82m██[38;2;255;139;82m██[38;2;255;139;82m██[38;2;255;139;82m██[38;2;180;90;74m██[38;2;131;41;8m██[38;2;246;197;139m██[38;2;246;197;139m██[38;2;255;139;82m██[38;2;16;16;16m██[38;2;16;16;16m██[38;2;180;90;74m██[38;2;180;90;74m██[38;2;180;90;74m██[38;2;180;90;74m██[38;2;180;90;74m██[38;2;16;16;16m██[38;2;16;16;16m██[38;2;180;90;74m██[38;2;180;90;74m██[38;2;16;16;16m██        [38;2;16;16;16m██[38;2;255;246;222m██[38;2;16;16;16m██[38;2;16;16;16m██[38;2;180;90;74m██[38;2;180;90;74m██[38;2;180;90;74m██[38;2;180;90;74m██[38;2;255;139;82m██[38;2;131;41;8m██[38;2;16;16;16m██[38;2;90;65;49m██[38;2;90;65;49m██[38;2;16;16;16m██[38;2;131;41;8m██[38;2;255;139;82m██[38;2;255;139;82m██[38;2;16;16;16m██            
                        [38;2;115;82;16m██[38;2;222;172;156m██[38;2;222;172;156m██[38;2;222;172;156m██[38;2;115;82;16m██      [38;2;131;41;8m██[38;2;255;139;82m██[38;2;255;139;82m██[38;2;255;139;82m██[38;2;131;41;8m██[38;2;131;41;8m██[38;2;255;139;82m██[38;2;255;139;82m██[38;2;255;139;82m██[38;2;255;139;82m██[38;2;255;139;82m██[38;2;255;139;82m██[38;2;131;41;8m██[38;2;180;90;74m██[38;2;255;139;82m██[38;2;255;139;82m██[38;2;246;197;139m██[38;2;246;197;139m██[38;2;255;139;82m██[38;2;180;90;74m██[38;2;180;90;74m██[38;2;131;41;8m██[38;2;16;16;16m██[38;2;180;90;74m██[38;2;180;90;74m██[38;2;180;90;74m██[38;2;180;90;74m██[38;2;180;90;74m██[38;2;180;90;74m██[38;2;180;90;74m██[38;2;16;16;16m██[38;2;16;16;16m██      [38;2;16;16;16m██[38;2;255;246;222m██[38;2;255;246;222m██[38;2;222;172;156m██[38;2;16;16;16m██[38;2;180;90;74m██[38;2;180;90;74m██[38;2;180;90;74m██[38;2;180;90;74m██[38;2;255;139;82m██[38;2;255;139;82m██[38;2;16;16;16m██[38;2;16;16;16m██[38;2;255;139;82m██[38;2;255;139;82m██[38;2;180;90;74m██[38;2;180;90;74m██[38;2;16;16;16m██            
                        [38;2;115;82;16m██[38;2;222;172;156m██[38;2;222;172;156m██[38;2;222;172;156m██[38;2;115;82;16m██        [38;2;131;41;8m██[38;2;180;90;74m██[38;2;255;139;82m██[38;2;180;90;74m██[38;2;115;82;16m██[38;2;16;16;16m██[38;2;255;139;82m██[38;2;255;139;82m██[38;2;131;41;8m██[38;2;131;41;8m██[38;2;131;41;8m██[38;2;255;139;82m██[38;2;255;139;82m██[38;2;255;139;82m██[38;2;255;139;82m██[38;2;255;139;82m██[38;2;246;197;139m██[38;2;255;139;82m██[38;2;180;90;74m██[38;2;180;90;74m██[38;2;180;90;74m██[38;2;180;90;74m██[38;2;180;90;74m██[38;2;180;90;74m██[38;2;131;41;8m██[38;2;131;41;8m██[38;2;131;41;8m██[38;2;180;90;74m██[38;2;180;90;74m██[38;2;16;16;16m██[38;2;255;246;222m██[38;2;16;16;16m██      [38;2;16;16;16m██[38;2;115;82;16m██[38;2;222;172;156m██[38;2;222;172;156m██[38;2;16;16;16m██[38;2;180;90;74m██[38;2;180;90;74m██[38;2;180;90;74m██[38;2;180;90;74m██[38;2;180;90;74m██[38;2;180;90;74m██[38;2;255;139;82m██[38;2;255;139;82m██[38;2;180;90;74m██[38;2;180;90;74m██[38;2;131;41;8m██[38;2;180;90;74m██[38;2;16;16;16m██          
                          [38;2;115;82;16m██[38;2;222;172;156m██[38;2;115;82;16m██[38;2;222;172;156m██[38;2;164;106;65m██[38;2;164;106;65m██      [38;2;131;41;8m██[38;2;180;90;74m██[38;2;115;82;16m██[38;2;255;246;222m██[38;2;16;16;16m██[38;2;255;139;82m██[38;2;131;41;8m██[38;2;255;255;255m██[38;2;255;255;255m██[38;2;255;255;255m██[38;2;180;90;74m██[38;2;131;41;8m██[38;2;255;139;82m██[38;2;255;139;82m██[38;2;255;139;82m██[38;2;255;139;82m██[38;2;255;139;82m██[38;2;255;139;82m██[38;2;180;90;74m██[38;2;180;90;74m██[38;2;180;90;74m██[38;2;131;41;8m██[38;2;131;41;8m██[38;2;255;255;255m██[38;2;255;255;255m██[38;2;255;255;255m██[38;2;131;41;8m██[38;2;180;90;74m██[38;2;16;16;16m██[38;2;255;246;222m██[38;2;115;82;16m██      [38;2;115;82;16m██[38;2;255;246;222m██[38;2;115;82;16m██[38;2;16;16;16m██[38;2;16;16;16m██[38;2;16;16;16m██[38;2;180;90;74m██[38;2;180;90;74m██[38;2;180;90;74m██[38;2;180;90;74m██[38;2;180;90;74m██[38;2;180;90;74m██[38;2;180;90;74m██[38;2;180;90;74m██[38;2;180;90;74m██[38;2;180;90;74m██[38;2;180;90;74m██[38;2;16;16;16m██          
                            [38;2;16;16;16m██[38;2;222;172;156m██[38;2;222;172;156m██[38;2;255;246;222m██[38;2;255;246;222m██[38;2;164;106;65m██[38;2;164;106;65m██    [38;2;115;82;16m██[38;2;255;246;222m██[38;2;255;246;222m██[38;2;16;16;16m██[38;2;180;90;74m██[38;2;255;255;255m██[38;2;255;255;255m██[38;2;255;255;255m██[38;2;255;255;255m██[38;2;255;255;255m██[38;2;255;255;255m██[38;2;131;41;8m██[38;2;255;139;82m██[38;2;255;139;82m██[38;2;255;139;82m██[38;2;255;139;82m██[38;2;255;139;82m██[38;2;180;90;74m██[38;2;180;90;74m██[38;2;131;41;8m██[38;2;189;189;230m██[38;2;255;255;255m██[38;2;255;255;255m██[38;2;255;255;255m██[38;2;255;255;255m██[38;2;255;255;255m██[38;2;180;90;74m██[38;2;115;82;16m██[38;2;255;246;222m██[38;2;255;246;222m██[38;2;16;16;16m██    [38;2;115;82;16m██[38;2;255;246;222m██[38;2;255;246;222m██[38;2;255;246;222m██[38;2;222;172;156m██[38;2;222;172;156m██[38;2;16;16;16m██[38;2;180;90;74m██[38;2;180;90;74m██[38;2;180;90;74m██[38;2;180;90;74m██[38;2;180;90;74m██[38;2;180;90;74m██[38;2;180;90;74m██[38;2;180;90;74m██[38;2;180;90;74m██[38;2;16;16;16m██            
                              [38;2;16;16;16m██[38;2;115;82;16m██[38;2;255;246;222m██[38;2;255;246;222m██[38;2;255;246;222m██[38;2;255;246;222m██[38;2;115;82;16m██[38;2;115;82;16m██[38;2;115;82;16m██[38;2;255;246;222m██[38;2;255;246;222m██[38;2;16;16;16m██[38;2;180;90;74m██[38;2;255;255;255m██[38;2;255;255;255m██[38;2;255;255;255m██[38;2;255;255;255m██[38;2;255;255;255m██[38;2;255;255;255m██[38;2;255;255;255m██[38;2;16;16;16m██[38;2;255;139;82m██[38;2;255;139;82m██[38;2;255;139;82m██[38;2;255;139;82m██[38;2;255;139;82m██[38;2;180;90;74m██[38;2;131;41;8m██[38;2;255;255;255m██[38;2;255;255;255m██[38;2;255;255;255m██[38;2;255;255;255m██[38;2;255;255;255m██[38;2;255;255;255m██[38;2;180;90;74m██[38;2;115;82;16m██[38;2;255;246;222m██[38;2;255;246;222m██[38;2;16;16;16m██[38;2;115;82;16m██[38;2;115;82;16m██[38;2;222;172;156m██[38;2;115;82;16m██[38;2;255;246;222m██[38;2;255;246;222m██[38;2;222;172;156m██[38;2;115;82;16m██  [38;2;16;16;16m██[38;2;180;90;74m██[38;2;180;90;74m██[38;2;180;90;74m██[38;2;180;90;74m██[38;2;180;90;74m██[38;2;180;90;74m██[38;2;180;90;74m██[38;2;16;16;16m██              
                        [38;2;115;82;16m██[38;2;115;82;16m██      [38;2;16;16;16m██[38;2;115;82;16m██[38;2;255;246;222m██[38;2;255;246;222m██[38;2;222;172;156m██[38;2;115;82;16m██[38;2;255;246;222m██[38;2;255;246;222m██[38;2;255;246;222m██[38;2;16;16;16m██[38;2;180;90;74m██[38;2;255;255;255m██[38;2;255;255;255m██[38;2;255;255;255m██[38;2;16;16;16m██[38;2;255;255;255m██[38;2;255;255;255m██[38;2;255;255;255m██[38;2;189;189;230m██[38;2;16;16;16m██[38;2;255;139;82m██[38;2;255;139;82m██[38;2;255;139;82m██[38;2;255;139;82m██[38;2;131;41;8m██[38;2;189;189;230m██[38;2;255;255;255m██[38;2;16;16;16m██[38;2;255;255;255m██[38;2;255;255;255m██[38;2;180;90;74m██[38;2;131;41;8m██[38;2;180;90;74m██[38;2;115;82;16m██[38;2;255;246;222m██[38;2;255;246;222m██[38;2;16;16;16m██[38;2;222;172;156m██[38;2;222;172;156m██[38;2;222;172;156m██[38;2;16;16;16m██[38;2;255;246;222m██[38;2;222;172;156m██[38;2;222;172;156m██[38;2;16;16;16m██    [38;2;16;16;16m██[38;2;180;90;74m██[38;2;180;90;74m██[38;2;180;90;74m██[38;2;180;90;74m██[38;2;180;90;74m██[38;2;16;16;16m██                
                  [38;2;115;82;16m██[38;2;115;82;16m██[38;2;115;82;16m██[38;2;255;246;222m██[38;2;222;172;156m██[38;2;115;82;16m██[38;2;115;82;16m██      [38;2;16;16;16m██[38;2;16;16;16m██[38;2;222;172;156m██[38;2;115;82;16m██[38;2;255;246;222m██[38;2;255;246;222m██[38;2;255;246;222m██[38;2;255;246;222m██[38;2;16;16;16m██[38;2;180;90;74m██[38;2;255;255;255m██[38;2;255;255;255m██[38;2;255;255;255m██[38;2;255;255;255m██[38;2;255;255;255m██[38;2;255;255;255m██[38;2;255;255;255m██[38;2;180;90;74m██[38;2;255;139;82m██[38;2;255;139;82m██[38;2;255;139;82m██[38;2;255;139;82m██[38;2;131;41;8m██[38;2;255;255;255m██[38;2;255;255;255m██[38;2;255;255;255m██[38;2;180;90;74m██[38;2;131;41;8m██[38;2;180;90;74m██[38;2;180;90;74m██[38;2;115;82;16m██[38;2;255;246;222m██[38;2;255;246;222m██[38;2;255;246;222m██[38;2;115;82;16m██[38;2;222;172;156m██[38;2;222;172;156m██[38;2;222;172;156m██[38;2;222;172;156m██[38;2;16;16;16m██[38;2;16;16;16m██[38;2;16;16;16m██        [38;2;16;16;16m██[38;2;115;82;16m██[38;2;180;90;74m██[38;2;180;90;74m██[38;2;16;16;16m██                  
                [38;2;115;82;16m██[38;2;255;246;222m██[38;2;255;246;222m██[38;2;115;82;16m██[38;2;255;246;222m██[38;2;222;172;156m██[38;2;115;82;16m██[38;2;222;172;156m██[38;2;115;82;16m██        [38;2;115;82;16m██[38;2;115;82;16m██[38;2;255;246;222m██[38;2;255;246;222m██[38;2;255;246;222m██[38;2;255;246;222m██[38;2;16;16;16m██[38;2;255;139;82m██[38;2;180;90;74m██[38;2;180;90;74m██[38;2;255;139;82m██[38;2;131;41;8m██[38;2;131;41;8m██[38;2;131;41;8m██[38;2;115;82;16m██[38;2;255;139;82m██[38;2;255;139;82m██[38;2;255;139;82m██[38;2;255;139;82m██[38;2;255;139;82m██[38;2;255;139;82m██[38;2;255;139;82m██[38;2;115;82;16m██[38;2;16;16;16m██[38;2;180;90;74m██[38;2;180;90;74m██[38;2;16;16;16m██[38;2;16;16;16m██[38;2;16;16;16m██[38;2;255;246;222m██[38;2;255;246;222m██[38;2;255;246;222m██[38;2;222;172;156m██[38;2;16;16;16m██[38;2;222;172;156m██[38;2;16;16;16m██[38;2;16;16;16m██[38;2;16;16;16m██      [38;2;115;82;16m██[38;2;115;82;16m██      [38;2;16;16;16m██[38;2;16;16;16m██                    
              [38;2;115;82;16m██[38;2;255;246;222m██[38;2;255;246;222m██[38;2;115;82;16m██[38;2;255;246;222m██[38;2;222;172;156m██[38;2;222;172;156m██[38;2;115;82;16m██[38;2;222;172;156m██[38;2;222;172;156m██[38;2;115;82;16m██      [38;2;115;82;16m██[38;2;222;172;156m██[38;2;255;246;222m██[38;2;255;246;222m██[38;2;255;246;222m██[38;2;255;246;222m██[38;2;255;246;222m██[38;2;16;16;16m██[38;2;255;139;82m██[38;2;255;139;82m██[38;2;115;82;16m██[38;2;16;16;16m██[38;2;255;139;82m██[38;2;115;82;16m██[38;2;255;246;222m██[38;2;16;16;16m██[38;2;255;139;82m██[38;2;255;139;82m██[38;2;255;139;82m██[38;2;255;139;82m██[38;2;255;139;82m██[38;2;180;90;74m██[38;2;115;82;16m██[38;2;255;246;222m██[38;2;16;16;16m██[38;2;180;90;74m██[38;2;16;16;16m██[38;2;255;246;222m██[38;2;115;82;16m██[38;2;255;246;222m██[38;2;255;246;222m██[38;2;255;246;222m██[38;2;222;172;156m██[38;2;16;16;16m██[38;2;16;16;16m██      [38;2;115;82;16m██[38;2;115;82;16m██[38;2;16;16;16m██[38;2;222;172;156m██[38;2;222;172;156m██[38;2;115;82;16m██                            
              [38;2;115;82;16m██[38;2;255;246;222m██[38;2;222;172;156m██[38;2;115;82;16m██[38;2;255;246;222m██[38;2;222;172;156m██[38;2;16;16;16m██[38;2;16;16;16m██[38;2;222;172;156m██[38;2;222;172;156m██[38;2;222;172;156m██[38;2;16;16;16m██  [38;2;115;82;16m██[38;2;222;172;156m██[38;2;222;172;156m██[38;2;222;172;156m██[38;2;255;246;222m██[38;2;255;246;222m██[38;2;255;246;222m██[38;2;255;246;222m██[38;2;115;82;16m██[38;2;180;90;74m██[38;2;115;82;16m██[38;2;255;246;222m██[38;2;16;16;16m██[38;2;115;82;16m██[38;2;255;246;222m██[38;2;255;246;222m██[38;2;16;16;16m██[38;2;255;139;82m██[38;2;255;139;82m██[38;2;255;139;82m██[38;2;180;90;74m██[38;2;180;90;74m██[38;2;180;90;74m██[38;2;115;82;16m██[38;2;255;246;222m██[38;2;255;246;222m██[38;2;16;16;16m██[38;2;115;82;16m██[38;2;255;246;222m██[38;2;255;246;222m██[38;2;255;246;222m██[38;2;255;246;222m██[38;2;255;246;222m██[38;2;222;172;156m██[38;2;222;172;156m██[38;2;16;16;16m██  [38;2;115;82;16m██[38;2;115;82;16m██[38;2;164;106;65m██[38;2;16;16;16m██[38;2;222;172;156m██[38;2;115;82;16m██[38;2;222;172;156m██[38;2;222;172;156m██[38;2;115;82;16m██                          
            [38;2;115;82;16m██[38;2;255;246;222m██[38;2;222;172;156m██[38;2;115;82;16m██[38;2;255;246;222m██[38;2;222;172;156m██[38;2;115;82;16m██[38;2;115;82;16m██[38;2;164;106;65m██[38;2;16;16;16m██[38;2;222;172;156m██[38;2;222;172;156m██[38;2;222;172;156m██[38;2;16;16;16m██[38;2;115;82;16m██[38;2;222;172;156m██[38;2;222;172;156m██[38;2;222;172;156m██[38;2;222;172;156m██[38;2;255;246;222m██[38;2;255;246;222m██[38;2;255;246;222m██[38;2;255;246;222m██[38;2;115;82;16m██[38;2;255;246;222m██[38;2;255;246;222m██[38;2;115;82;16m██[38;2;255;246;222m██[38;2;255;246;222m██[38;2;255;246;222m██[38;2;115;82;16m██[38;2;115;82;16m██[38;2;115;82;16m██[38;2;115;82;16m██[38;2;115;82;16m██[38;2;115;82;16m██[38;2;115;82;16m██[38;2;255;246;222m██[38;2;255;246;222m██[38;2;255;246;222m██[38;2;255;246;222m██[38;2;255;246;222m██[38;2;255;246;222m██[38;2;255;246;222m██[38;2;255;246;222m██[38;2;255;246;222m██[38;2;222;172;156m██[38;2;222;172;156m██[38;2;222;172;156m██[38;2;16;16;16m██[38;2;115;82;16m██[38;2;164;106;65m██[38;2;16;16;16m██[38;2;115;82;16m██[38;2;222;172;156m██[38;2;222;172;156m██[38;2;115;82;16m██[38;2;222;172;156m██[38;2;222;172;156m██[38;2;222;172;156m██[38;2;115;82;16m██                        
            [38;2;115;82;16m██[38;2;255;246;222m██[38;2;222;172;156m██[38;2;115;82;16m██[38;2;255;246;222m██[38;2;222;172;156m██[38;2;16;16;16m██  [38;2;115;82;16m██[38;2;164;106;65m██[38;2;16;16;16m██[38;2;222;172;156m██[38;2;222;172;156m██[38;2;222;172;156m██[38;2;16;16;16m██[38;2;222;172;156m██[38;2;222;172;156m██[38;2;222;172;156m██[38;2;222;172;156m██[38;2;222;172;156m██[38;2;222;172;156m██[38;2;255;246;222m██[38;2;255;246;222m██[38;2;255;246;222m██[38;2;255;246;222m██[38;2;255;246;222m██[38;2;255;246;222m██[38;2;255;246;222m██[38;2;255;246;222m██[38;2;255;246;222m██[38;2;255;246;222m██[38;2;255;246;222m██[38;2;255;246;222m██[38;2;255;246;222m██[38;2;255;246;222m██[38;2;255;246;222m██[38;2;255;246;222m██[38;2;255;246;222m██[38;2;255;246;222m██[38;2;255;246;222m██[38;2;255;246;222m██[38;2;255;246;222m██[38;2;255;246;222m██[38;2;255;246;222m██[38;2;222;172;156m██[38;2;222;172;156m██[38;2;222;172;156m██[38;2;222;172;156m██[38;2;222;172;156m██[38;2;16;16;16m██[38;2;16;16;16m██[38;2;115;82;16m██[38;2;222;172;156m██[38;2;222;172;156m██[38;2;222;172;156m██[38;2;16;16;16m██[38;2;164;106;65m██[38;2;16;16;16m██[38;2;222;172;156m██[38;2;222;172;156m██[38;2;222;172;156m██[38;2;115;82;16m██                      
          [38;2;115;82;16m██[38;2;222;172;156m██[38;2;222;172;156m██[38;2;115;82;16m██[38;2;255;246;222m██[38;2;222;172;156m██[38;2;115;82;16m██      [38;2;115;82;16m██[38;2;164;106;65m██[38;2;16;16;16m██[38;2;222;172;156m██[38;2;222;172;156m██[38;2;222;172;156m██[38;2;16;16;16m██[38;2;222;172;156m██[38;2;222;172;156m██[38;2;222;172;156m██[38;2;222;172;156m██[38;2;222;172;156m██[38;2;222;172;156m██[38;2;222;172;156m██[38;2;222;172;156m██[38;2;255;246;222m██[38;2;255;246;222m██[38;2;255;246;222m██[38;2;255;246;222m██[38;2;255;246;222m██[38;2;255;246;222m██[38;2;255;246;222m██[38;2;255;246;222m██[38;2;255;246;222m██[38;2;255;246;222m██[38;2;255;246;222m██[38;2;255;246;222m██[38;2;255;246;222m██[38;2;255;246;222m██[38;2;255;246;222m██[38;2;255;246;222m██[38;2;255;246;222m██[38;2;255;246;222m██[38;2;222;172;156m██[38;2;222;172;156m██[38;2;222;172;156m██[38;2;222;172;156m██[38;2;222;172;156m██[38;2;222;172;156m██[38;2;16;16;16m██[38;2;222;172;156m██[38;2;222;172;156m██[38;2;222;172;156m██[38;2;222;172;156m██[38;2;222;172;156m██[38;2;16;16;16m██[38;2;16;16;16m██[38;2;164;106;65m██[38;2;164;106;65m██[38;2;16;16;16m██[38;2;222;172;156m██[38;2;222;172;156m██[38;2;255;246;222m██[38;2;115;82;16m██                    
        [38;2;115;82;16m██[38;2;222;172;156m██[38;2;222;172;156m██[38;2;222;172;156m██[38;2;115;82;16m██[38;2;255;246;222m██[38;2;222;172;156m██[38;2;16;16;16m██        [38;2;115;82;16m██[38;2;164;106;65m██[38;2;16;16;16m██[38;2;222;172;156m██[38;2;222;172;156m██[38;2;222;172;156m██[38;2;115;82;16m██[38;2;222;172;156m██[38;2;222;172;156m██[38;2;115;82;16m██[38;2;115;82;16m██[38;2;164;106;65m██[38;2;222;172;156m██[38;2;222;172;156m██[38;2;222;172;156m██[38;2;222;172;156m██[38;2;222;172;156m██[38;2;222;172;156m██[38;2;222;172;156m██[38;2;255;246;222m██[38;2;255;246;222m██[38;2;255;246;222m██[38;2;255;246;222m██[38;2;255;246;222m██[38;2;255;246;222m██[38;2;255;246;222m██[38;2;255;246;222m██[38;2;255;246;222m██[38;2;222;172;156m██[38;2;222;172;156m██[38;2;222;172;156m██[38;2;222;172;156m██[38;2;222;172;156m██[38;2;164;106;65m██[38;2;115;82;16m██[38;2;115;82;16m██[38;2;222;172;156m██[38;2;115;82;16m██[38;2;164;106;65m██[38;2;164;106;65m██[38;2;222;172;156m██[38;2;222;172;156m██[38;2;16;16;16m██[38;2;16;16;16m██    [38;2;16;16;16m██[38;2;164;106;65m██[38;2;164;106;65m██[38;2;16;16;16m██[38;2;255;246;222m██[38;2;255;246;222m██[38;2;255;246;222m██[38;2;115;82;16m██                  
      [38;2;115;82;16m██[38;2;222;172;156m██[38;2;222;172;156m██[38;2;222;172;156m██[38;2;115;82;16m██[38;2;255;246;222m██[38;2;222;172;156m██[38;2;115;82;16m██            [38;2;115;82;16m██[38;2;164;106;65m██[38;2;16;16;16m██[38;2;222;172;156m██[38;2;115;82;16m██[38;2;222;172;156m██[38;2;115;82;16m██[38;2;115;82;16m██[38;2;222;172;156m██[38;2;222;172;156m██[38;2;222;172;156m██[38;2;222;172;156m██[38;2;164;106;65m██[38;2;164;106;65m██[38;2;222;172;156m██[38;2;222;172;156m██[38;2;222;172;156m██[38;2;222;172;156m██[38;2;222;172;156m██[38;2;222;172;156m██[38;2;222;172;156m██[38;2;222;172;156m██[38;2;222;172;156m██[38;2;222;172;156m██[38;2;222;172;156m██[38;2;222;172;156m██[38;2;222;172;156m██[38;2;222;172;156m██[38;2;222;172;156m██[38;2;164;106;65m██[38;2;164;106;65m██[38;2;222;172;156m██[38;2;222;172;156m██[38;2;222;172;156m██[38;2;222;172;156m██[38;2;115;82;16m██[38;2;164;106;65m██[38;2;164;106;65m██[38;2;164;106;65m██[38;2;16;16;16m██[38;2;16;16;16m██          [38;2;16;16;16m██[38;2;164;106;65m██[38;2;164;106;65m██[38;2;16;16;16m██[38;2;255;246;222m██[38;2;255;246;222m██[38;2;255;246;222m██[38;2;115;82;16m██[38;2;16;16;16m██              
  [38;2;115;82;16m██[38;2;115;82;16m██[38;2;115;82;16m██[38;2;222;172;156m██[38;2;222;172;156m██[38;2;16;16;16m██[38;2;255;246;222m██[38;2;255;246;222m██[38;2;222;172;156m██[38;2;16;16;16m██              [38;2;115;82;16m██[38;2;115;82;16m██[38;2;16;16;16m██[38;2;222;172;156m██[38;2;222;172;156m██[38;2;115;82;16m██[38;2;222;172;156m██[38;2;222;172;156m██[38;2;222;172;156m██[38;2;222;172;156m██[38;2;222;172;156m██[38;2;222;172;156m██[38;2;222;172;156m██[38;2;164;106;65m██[38;2;115;82;16m██[38;2;222;172;156m██[38;2;222;172;156m██[38;2;222;172;156m██[38;2;222;172;156m██[38;2;222;172;156m██[38;2;222;172;156m██[38;2;222;172;156m██[38;2;222;172;156m██[38;2;222;172;156m██[38;2;222;172;156m██[38;2;222;172;156m██[38;2;115;82;16m██[38;2;164;106;65m██[38;2;222;172;156m██[38;2;222;172;156m██[38;2;222;172;156m██[38;2;222;172;156m██[38;2;222;172;156m██[38;2;222;172;156m██[38;2;115;82;16m██[38;2;164;106;65m██[38;2;16;16;16m██[38;2;16;16;16m██                [38;2;115;82;16m██[38;2;164;106;65m██[38;2;164;106;65m██[38;2;16;16;16m██[38;2;255;246;222m██[38;2;255;246;222m██[38;2;255;246;222m██[38;2;255;246;222m██[38;2;16;16;16m██            
[38;2;115;82;16m██[38;2;255;246;222m██[38;2;255;246;222m██[38;2;164;106;65m██[38;2;115;82;16m██[38;2;16;16;16m██[38;2;255;246;222m██[38;2;255;246;222m██[38;2;222;172;156m██[38;2;115;82;16m██                      [38;2;16;16;16m██[38;2;16;16;16m██[38;2;16;16;16m██[38;2;222;172;156m██[38;2;222;172;156m██[38;2;222;172;156m██[38;2;222;172;156m██[38;2;222;172;156m██[38;2;222;172;156m██[38;2;222;172;156m██[38;2;222;172;156m██[38;2;222;172;156m██[38;2;164;106;65m██[38;2;115;82;16m██[38;2;222;172;156m██[38;2;222;172;156m██[38;2;222;172;156m██[38;2;222;172;156m██[38;2;222;172;156m██[38;2;222;172;156m██[38;2;222;172;156m██[38;2;222;172;156m██[38;2;115;82;16m██[38;2;222;172;156m██[38;2;222;172;156m██[38;2;222;172;156m██[38;2;222;172;156m██[38;2;222;172;156m██[38;2;222;172;156m██[38;2;222;172;156m██[38;2;16;16;16m██[38;2;16;16;16m██[38;2;16;16;16m██                      [38;2;115;82;16m██[38;2;115;82;16m██[38;2;164;106;65m██[38;2;16;16;16m██[38;2;255;246;222m██[38;2;255;246;222m██[38;2;255;246;222m██[38;2;115;82;16m██[38;2;115;82;16m██          
[38;2;115;82;16m██[38;2;164;106;65m██[38;2;16;16;16m██[38;2;16;16;16m██[38;2;16;16;16m██[38;2;255;246;222m██[38;2;255;246;222m██[38;2;222;172;156m██[38;2;222;172;156m██[38;2;16;16;16m██                            [38;2;16;16;16m██[38;2;115;82;16m██[38;2;222;172;156m██[38;2;222;172;156m██[38;2;222;172;156m██[38;2;222;172;156m██[38;2;222;172;156m██[38;2;222;172;156m██[38;2;222;172;156m██[38;2;222;172;156m██[38;2;222;172;156m██[38;2;115;82;16m██[38;2;222;172;156m██[38;2;222;172;156m██[38;2;222;172;156m██[38;2;222;172;156m██[38;2;222;172;156m██[38;2;222;172;156m██[38;2;115;82;16m██[38;2;222;172;156m██[38;2;222;172;156m██[38;2;222;172;156m██[38;2;222;172;156m██[38;2;222;172;156m██[38;2;222;172;156m██[38;2;222;172;156m██[38;2;16;16;16m██                                [38;2;115;82;16m██[38;2;115;82;16m██[38;2;16;16;16m██[38;2;255;246;222m██[38;2;255;246;222m██[38;2;16;16;16m██[38;2;222;172;156m██[38;2;115;82;16m██[38;2;16;16;16m██      
[38;2;16;16;16m██[38;2;16;16;16m██    [38;2;16;16;16m██[38;2;222;172;156m██[38;2;222;172;156m██[38;2;222;172;156m██[38;2;115;82;16m██                                  [38;2;16;16;16m██[38;2;16;16;16m██[38;2;115;82;16m██[38;2;222;172;156m██[38;2;222;172;156m██[38;2;222;172;156m██[38;2;222;172;156m██[38;2;222;172;156m██[38;2;16;16;16m██[38;2;16;16;16m██[38;2;16;16;16m██[38;2;16;16;16m██[38;2;16;16;16m██[38;2;16;16;16m██[38;2;16;16;16m██[38;2;16;16;16m██[38;2;222;172;156m██[38;2;222;172;156m██[38;2;222;172;156m██[38;2;222;172;156m██[38;2;222;172;156m██[38;2;222;172;156m██[38;2;115;82;16m██[38;2;16;16;16m██                                        [38;2;16;16;16m██[38;2;16;16;16m██[38;2;16;16;16m██[38;2;222;172;156m██[38;2;222;172;156m██[38;2;164;106;65m██[38;2;16;16;16m██    
        [38;2;115;82;16m██[38;2;115;82;16m██[38;2;222;172;156m██[38;2;222;172;156m██[38;2;16;16;16m██                                        [38;2;16;16;16m██[38;2;16;16;16m██[38;2;16;16;16m██[38;2;16;16;16m██                  [38;2;16;16;16m██[38;2;16;16;16m██[38;2;16;16;16m██[38;2;16;16;16m██[38;2;16;16;16m██[38;2;16;16;16m██                                                [38;2;115;82;16m██[38;2;16;16;16m██[38;2;16;16;16m██[38;2;222;172;156m██[38;2;16;16;16m██    
    [38;2;115;82;16m██[38;2;115;82;16m██[38;2;222;172;156m██[38;2;222;172;156m██[38;2;16;16;16m██[38;2;16;16;16m██                                                                                                                                      [38;2;16;16;16m██[38;2;16;16;16m██    
  [38;2;115;82;16m██[38;2;255;246;222m██[38;2;222;172;156m██[38;2;222;172;156m██[38;2;222;172;156m██[38;2;115;82;16m██                                                                                                                                                
  [38;2;115;82;16m██[38;2;222;172;156m██[38;2;16;16;16m██[38;2;16;16;16m██[38;2;16;16;16m██                                                                                                                                                  
  [38;2;16;16;16m██[38;2;16;16;16m██                                                                                                                                                        
