                        [38;2;26;25;29m██[38;2;26;25;29m██[38;2;26;25;29m██[38;2;26;25;29m██[38;2;26;25;29m██[38;2;26;25;29m██                        
                  [38;2;26;25;29m██[38;2;26;25;29m██[38;2;26;25;29m██[38;2;255;249;118m██[38;2;255;249;118m██[38;2;255;249;118m██[38;2;255;249;118m██[38;2;189;154;36m██[38;2;45;45;45m██[38;2;26;25;29m██[38;2;26;25;29m██[38;2;26;25;29m██                  
              [38;2;26;25;29m██[38;2;26;25;29m██[38;2;255;249;118m██[38;2;255;249;118m██[38;2;255;241;67m██[38;2;255;241;67m██[38;2;255;241;67m██[38;2;255;241;67m██[38;2;249;203;25m██[38;2;249;203;25m██[38;2;249;203;25m██[38;2;249;203;25m██[38;2;146;119;40m██[38;2;45;45;45m██[38;2;26;25;29m██[38;2;26;25;29m██              
            [38;2;26;25;29m██[38;2;255;249;118m██[38;2;255;249;118m██[38;2;255;241;67m██[38;2;249;203;25m██[38;2;189;154;36m██[38;2;45;45;45m██[38;2;45;45;45m██[38;2;45;45;45m██[38;2;249;203;25m██[38;2;249;203;25m██[38;2;249;203;25m██[38;2;249;203;25m██[38;2;249;203;25m██[38;2;249;203;25m██[38;2;249;203;25m██[38;2;249;203;25m██[38;2;26;25;29m██            
          [38;2;26;25;29m██[38;2;255;241;67m██[38;2;255;241;67m██[38;2;249;203;25m██[38;2;146;119;40m██[38;2;45;45;45m██[38;2;45;45;45m██[38;2;45;45;45m██[38;2;45;45;45m██[38;2;45;45;45m██[38;2;33;33;33m██[38;2;240;189;39m██[38;2;240;189;39m██[38;2;240;189;39m██[38;2;240;189;39m██[38;2;249;203;25m██[38;2;249;203;25m██[38;2;249;203;25m██[38;2;249;203;25m██[38;2;26;25;29m██          
        [38;2;26;25;29m██[38;2;255;241;67m██[38;2;249;203;25m██[38;2;249;203;25m██[38;2;146;119;40m██[38;2;45;45;45m██[38;2;45;45;45m██[38;2;45;45;45m██[38;2;45;45;45m██[38;2;45;45;45m██[38;2;33;33;33m██[38;2;33;33;33m██[38;2;240;189;39m██[38;2;240;189;39m██[38;2;240;189;39m██[38;2;240;189;39m██[38;2;146;119;40m██[38;2;33;33;33m██[38;2;45;45;45m██[38;2;45;45;45m██[38;2;249;203;25m██[38;2;26;25;29m██        
      [38;2;26;25;29m██[38;2;146;119;40m██[38;2;249;203;25m██[38;2;249;203;25m██[38;2;249;203;25m██[38;2;45;45;45m██[38;2;45;45;45m██[38;2;45;45;45m██[38;2;45;45;45m██[38;2;45;45;45m██[38;2;45;45;45m██[38;2;33;33;33m██[38;2;240;189;39m██[38;2;240;189;39m██[38;2;240;189;39m██[38;2;240;189;39m██[38;2;240;189;39m██[38;2;33;33;33m██[38;2;33;33;33m██[38;2;33;33;33m██[38;2;33;33;33m██[38;2;45;45;45m██[38;2;189;154;36m██[38;2;26;25;29m██[38;2;26;25;29m██    
    [38;2;26;25;29m██[38;2;45;45;45m██[38;2;249;203;25m██[38;2;249;203;25m██[38;2;240;189;39m██[38;2;249;203;25m██[38;2;45;45;45m██[38;2;45;45;45m██[38;2;45;45;45m██[38;2;45;45;45m██[38;2;45;45;45m██[38;2;33;33;33m██[38;2;33;33;33m██[38;2;240;189;39m██[38;2;240;189;39m██[38;2;240;189;39m██[38;2;240;189;39m██[38;2;33;33;33m██[38;2;33;33;33m██[38;2;33;33;33m██[38;2;33;33;33m██[38;2;33;33;33m██[38;2;33;33;33m██[38;2;45;45;45m██[38;2;189;154;36m██[38;2;255;241;67m██[38;2;26;25;29m██  
    [38;2;26;25;29m██[38;2;45;45;45m██[38;2;249;203;25m██[38;2;240;189;39m██[38;2;240;189;39m██[38;2;146;119;40m██[38;2;45;45;45m██[38;2;45;45;45m██[38;2;45;45;45m██[38;2;33;33;33m██[38;2;33;33;33m██[38;2;33;33;33m██[38;2;146;119;40m██[38;2;240;189;39m██[38;2;240;189;39m██[38;2;240;189;39m██[38;2;240;189;39m██[38;2;33;33;33m██[38;2;33;33;33m██[38;2;33;33;33m██[38;2;33;33;33m██[38;2;33;33;33m██[38;2;26;25;29m██[38;2;26;25;29m██[38;2;26;25;29m██[38;2;189;154;36m██[38;2;249;203;25m██[38;2;26;25;29m██
  [38;2;26;25;29m██[38;2;45;45;45m██[38;2;45;45;45m██[38;2;240;189;39m██[38;2;240;189;39m██[38;2;240;189;39m██[38;2;33;33;33m██[38;2;33;33;33m██[38;2;33;33;33m██[38;2;33;33;33m██[38;2;33;33;33m██[38;2;33;33;33m██[38;2;33;33;33m██[38;2;240;189;39m██[38;2;240;189;39m██[38;2;240;189;39m██[38;2;240;189;39m██[38;2;146;119;40m██[38;2;33;33;33m██[38;2;33;33;33m██[38;2;33;33;33m██[38;2;33;33;33m██[38;2;33;33;33m██[38;2;33;33;33m██[38;2;180;172;189m██[38;2;180;172;189m██[38;2;26;25;29m██[38;2;189;154;36m██[38;2;26;25;29m██
  [38;2;26;25;29m██[38;2;45;45;45m██[38;2;45;45;45m██[38;2;240;189;39m██[38;2;240;189;39m██[38;2;240;189;39m██[38;2;33;33;33m██[38;2;33;33;33m██[38;2;33;33;33m██[38;2;33;33;33m██[38;2;33;33;33m██[38;2;33;33;33m██[38;2;33;33;33m██[38;2;240;189;39m██[38;2;240;189;39m██[38;2;240;189;39m██[38;2;240;189;39m██[38;2;33;33;33m██[38;2;33;33;33m██[38;2;33;33;33m██[38;2;33;33;33m██[38;2;33;33;33m██[38;2;33;33;33m██[38;2;33;33;33m██[38;2;222;213;213m██[38;2;255;255;255m██[38;2;180;172;189m██[38;2;16;16;16m██[38;2;26;25;29m██
  [38;2;26;25;29m██[38;2;45;45;45m██[38;2;146;119;40m██[38;2;240;189;39m██[38;2;240;189;39m██[38;2;240;189;39m██[38;2;33;33;33m██[38;2;33;33;33m██[38;2;33;33;33m██[38;2;33;33;33m██[38;2;33;33;33m██[38;2;33;33;33m██[38;2;33;33;33m██[38;2;240;189;39m██[38;2;240;189;39m██[38;2;240;189;39m██[38;2;189;154;36m██[38;2;33;33;33m██[38;2;33;33;33m██[38;2;33;33;33m██[38;2;33;33;33m██[38;2;33;33;33m██[38;2;33;33;33m██[38;2;33;33;33m██[38;2;33;33;33m██[38;2;222;213;213m██[38;2;255;255;255m██[38;2;16;16;16m██  
[38;2;26;25;29m██[38;2;45;45;45m██[38;2;45;45;45m██[38;2;240;189;39m██[38;2;240;189;39m██[38;2;240;189;39m██[38;2;189;154;36m██[38;2;33;33;33m██[38;2;33;33;33m██[38;2;33;33;33m██[38;2;33;33;33m██[38;2;33;33;33m██[38;2;33;33;33m██[38;2;146;119;40m██[38;2;240;189;39m██[38;2;240;189;39m██[38;2;240;189;39m██[38;2;146;119;40m██[38;2;33;33;33m██[38;2;33;33;33m██[38;2;33;33;33m██[38;2;33;33;33m██[38;2;33;33;33m██[38;2;33;33;33m██[38;2;33;33;33m██[38;2;33;33;33m██[38;2;222;213;213m██[38;2;255;255;255m██[38;2;255;255;255m██[38;2;26;25;29m██
[38;2;26;25;29m██[38;2;45;45;45m██[38;2;33;33;33m██[38;2;240;189;39m██[38;2;240;189;39m██[38;2;240;189;39m██[38;2;146;119;40m██[38;2;33;33;33m██[38;2;33;33;33m██[38;2;33;33;33m██[38;2;33;33;33m██[38;2;33;33;33m██[38;2;33;33;33m██[38;2;240;189;39m██[38;2;240;189;39m██[38;2;240;189;39m██[38;2;240;189;39m██[38;2;33;33;33m██[38;2;33;33;33m██[38;2;33;33;33m██[38;2;33;33;33m██[38;2;33;33;33m██[38;2;33;33;33m██[38;2;33;33;33m██[38;2;33;33;33m██[38;2;33;33;33m██[38;2;33;33;33m██[38;2;222;213;213m██[38;2;71;71;73m██[38;2;16;16;16m██
[38;2;26;25;29m██[38;2;45;45;45m██[38;2;33;33;33m██[38;2;240;189;39m██[38;2;240;189;39m██[38;2;240;189;39m██[38;2;146;119;40m██[38;2;33;33;33m██[38;2;33;33;33m██[38;2;33;33;33m██[38;2;33;33;33m██[38;2;33;33;33m██[38;2;33;33;33m██[38;2;240;189;39m██[38;2;240;189;39m██[38;2;240;189;39m██[38;2;240;189;39m██[38;2;33;33;33m██[38;2;33;33;33m██[38;2;33;33;33m██[38;2;33;33;33m██[38;2;33;33;33m██[38;2;33;33;33m██[38;2;33;33;33m██[38;2;33;33;33m██[38;2;33;33;33m██[38;2;33;33;33m██[38;2;71;71;73m██[38;2;71;71;73m██[38;2;16;16;16m██
[38;2;26;25;29m██[38;2;45;45;45m██[38;2;33;33;33m██[38;2;240;189;39m██[38;2;240;189;39m██[38;2;240;189;39m██[38;2;146;119;40m██[38;2;33;33;33m██[38;2;33;33;33m██[38;2;33;33;33m██[38;2;33;33;33m██[38;2;33;33;33m██[38;2;33;33;33m██[38;2;240;189;39m██[38;2;240;189;39m██[38;2;240;189;39m██[38;2;240;189;39m██[38;2;33;33;33m██[38;2;33;33;33m██[38;2;33;33;33m██[38;2;33;33;33m██[38;2;33;33;33m██[38;2;33;33;33m██[38;2;33;33;33m██[38;2;33;33;33m██[38;2;33;33;33m██[38;2;33;33;33m██[38;2;71;71;73m██[38;2;255;255;255m██[38;2;16;16;16m██
[38;2;26;25;29m██[38;2;33;33;33m██[38;2;33;33;33m██[38;2;240;189;39m██[38;2;240;189;39m██[38;2;240;189;39m██[38;2;146;119;40m██[38;2;33;33;33m██[38;2;33;33;33m██[38;2;33;33;33m██[38;2;33;33;33m██[38;2;33;33;33m██[38;2;33;33;33m██[38;2;240;189;39m██[38;2;240;189;39m██[38;2;240;189;39m██[38;2;240;189;39m██[38;2;33;33;33m██[38;2;33;33;33m██[38;2;33;33;33m██[38;2;33;33;33m██[38;2;33;33;33m██[38;2;33;33;33m██[38;2;33;33;33m██[38;2;33;33;33m██[38;2;33;33;33m██[38;2;33;33;33m██[38;2;71;71;73m██[38;2;222;213;213m██[38;2;16;16;16m██
[38;2;26;25;29m██[38;2;33;33;33m██[38;2;33;33;33m██[38;2;240;189;39m██[38;2;240;189;39m██[38;2;240;189;39m██[38;2;146;119;40m██[38;2;33;33;33m██[38;2;33;33;33m██[38;2;33;33;33m██[38;2;33;33;33m██[38;2;33;33;33m██[38;2;33;33;33m██[38;2;240;189;39m██[38;2;240;189;39m██[38;2;240;189;39m██[38;2;240;189;39m██[38;2;33;33;33m██[38;2;33;33;33m██[38;2;33;33;33m██[38;2;33;33;33m██[38;2;33;33;33m██[38;2;33;33;33m██[38;2;33;33;33m██[38;2;33;33;33m██[38;2;33;33;33m██[38;2;33;33;33m██[38;2;222;213;213m██[38;2;180;172;189m██[38;2;16;16;16m██
  [38;2;26;25;29m██[38;2;33;33;33m██[38;2;240;189;39m██[38;2;240;189;39m██[38;2;240;189;39m██[38;2;189;154;36m██[38;2;33;33;33m██[38;2;33;33;33m██[38;2;33;33;33m██[38;2;33;33;33m██[38;2;33;33;33m██[38;2;33;33;33m██[38;2;240;189;39m██[38;2;240;189;39m██[38;2;240;189;39m██[38;2;240;189;39m██[38;2;33;33;33m██[38;2;33;33;33m██[38;2;33;33;33m██[38;2;33;33;33m██[38;2;33;33;33m██[38;2;33;33;33m██[38;2;33;33;33m██[38;2;33;33;33m██[38;2;33;33;33m██[38;2;180;172;189m██[38;2;222;213;213m██[38;2;16;16;16m██  
  [38;2;26;25;29m██[38;2;33;33;33m██[38;2;146;119;40m██[38;2;240;189;39m██[38;2;240;189;39m██[38;2;240;189;39m██[38;2;33;33;33m██[38;2;33;33;33m██[38;2;33;33;33m██[38;2;33;33;33m██[38;2;33;33;33m██[38;2;33;33;33m██[38;2;240;189;39m██[38;2;240;189;39m██[38;2;240;189;39m██[38;2;240;189;39m██[38;2;33;33;33m██[38;2;33;33;33m██[38;2;33;33;33m██[38;2;33;33;33m██[38;2;33;33;33m██[38;2;33;33;33m██[38;2;33;33;33m██[38;2;33;33;33m██[38;2;180;172;189m██[38;2;180;172;189m██[38;2;180;172;189m██[38;2;16;16;16m██  
  [38;2;26;25;29m██[38;2;33;33;33m██[38;2;33;33;33m██[38;2;240;189;39m██[38;2;240;189;39m██[38;2;240;189;39m██[38;2;33;33;33m██[38;2;33;33;33m██[38;2;33;33;33m██[38;2;33;33;33m██[38;2;33;33;33m██[38;2;33;33;33m██[38;2;240;189;39m██[38;2;240;189;39m██[38;2;240;189;39m██[38;2;240;189;39m██[38;2;33;33;33m██[38;2;33;33;33m██[38;2;33;33;33m██[38;2;33;33;33m██[38;2;33;33;33m██[38;2;33;33;33m██[38;2;180;172;189m██[38;2;180;172;189m██[38;2;180;172;189m██[38;2;180;172;189m██[38;2;180;172;189m██[38;2;16;16;16m██  
    [38;2;26;25;29m██[38;2;33;33;33m██[38;2;240;189;39m██[38;2;240;189;39m██[38;2;240;189;39m██[38;2;33;33;33m██[38;2;33;33;33m██[38;2;33;33;33m██[38;2;33;33;33m██[38;2;33;33;33m██[38;2;33;33;33m██[38;2;240;189;39m██[38;2;240;189;39m██[38;2;240;189;39m██[38;2;240;189;39m██[38;2;33;33;33m██[38;2;33;33;33m██[38;2;33;33;33m██[38;2;33;33;33m██[38;2;180;172;189m██[38;2;180;172;189m██[38;2;180;172;189m██[38;2;180;172;189m██[38;2;180;172;189m██[38;2;180;172;189m██[38;2;16;16;16m██    
    [38;2;26;25;29m██[38;2;33;33;33m██[38;2;240;189;39m██[38;2;240;189;39m██[38;2;240;189;39m██[38;2;33;33;33m██[38;2;33;33;33m██[38;2;33;33;33m██[38;2;33;33;33m██[38;2;33;33;33m██[38;2;33;33;33m██[38;2;240;189;39m██[38;2;240;189;39m██[38;2;240;189;39m██[38;2;240;189;39m██[38;2;146;119;40m██[38;2;33;33;33m██[38;2;180;172;189m██[38;2;180;172;189m██[38;2;180;172;189m██[38;2;180;172;189m██[38;2;180;172;189m██[38;2;180;172;189m██[38;2;180;172;189m██[38;2;180;172;189m██[38;2;16;16;16m██    
      [38;2;16;16;16m██[38;2;180;172;189m██[38;2;180;172;189m██[38;2;240;189;39m██[38;2;33;33;33m██[38;2;33;33;33m██[38;2;33;33;33m██[38;2;33;33;33m██[38;2;33;33;33m██[38;2;33;33;33m██[38;2;146;119;40m██[38;2;240;189;39m██[38;2;240;189;39m██[38;2;180;172;189m██[38;2;180;172;189m██[38;2;180;172;189m██[38;2;180;172;189m██[38;2;180;172;189m██[38;2;180;172;189m██[38;2;180;172;189m██[38;2;180;172;189m██[38;2;180;172;189m██[38;2;180;172;189m██[38;2;16;16;16m██      
        [38;2;16;16;16m██[38;2;180;172;189m██[38;2;180;172;189m██[38;2;180;172;189m██[38;2;180;172;189m██[38;2;180;172;189m██[38;2;180;172;189m██[38;2;180;172;189m██[38;2;180;172;189m██[38;2;180;172;189m██[38;2;180;172;189m██[38;2;180;172;189m██[38;2;180;172;189m██[38;2;180;172;189m██[38;2;180;172;189m██[38;2;180;172;189m██[38;2;180;172;189m██[38;2;180;172;189m██[38;2;180;172;189m██[38;2;180;172;189m██[38;2;180;172;189m██[38;2;16;16;16m██        
          [38;2;16;16;16m██[38;2;180;172;189m██[38;2;180;172;189m██[38;2;180;172;189m██[38;2;180;172;189m██[38;2;180;172;189m██[38;2;180;172;189m██[38;2;180;172;189m██[38;2;180;172;189m██[38;2;180;172;189m██[38;2;180;172;189m██[38;2;180;172;189m██[38;2;180;172;189m██[38;2;180;172;189m██[38;2;180;172;189m██[38;2;180;172;189m██[38;2;180;172;189m██[38;2;180;172;189m██[38;2;180;172;189m██[38;2;16;16;16m██          
            [38;2;16;16;16m██[38;2;180;172;189m██[38;2;180;172;189m██[38;2;180;172;189m██[38;2;180;172;189m██[38;2;180;172;189m██[38;2;180;172;189m██[38;2;180;172;189m██[38;2;180;172;189m██[38;2;180;172;189m██[38;2;180;172;189m██[38;2;180;172;189m██[38;2;180;172;189m██[38;2;180;172;189m██[38;2;180;172;189m██[38;2;180;172;189m██[38;2;180;172;189m██[38;2;16;16;16m██            
              [38;2;16;16;16m██[38;2;16;16;16m██[38;2;180;172;189m██[38;2;180;172;189m██[38;2;180;172;189m██[38;2;180;172;189m██[38;2;180;172;189m██[38;2;180;172;189m██[38;2;180;172;189m██[38;2;180;172;189m██[38;2;180;172;189m██[38;2;180;172;189m██[38;2;180;172;189m██[38;2;180;172;189m██[38;2;16;16;16m██[38;2;16;16;16m██              
                  [38;2;16;16;16m██[38;2;16;16;16m██[38;2;16;16;16m██[38;2;180;172;189m██[38;2;180;172;189m██[38;2;180;172;189m██[38;2;180;172;189m██[38;2;180;172;189m██[38;2;180;172;189m██[38;2;16;16;16m██[38;2;16;16;16m██[38;2;16;16;16m██                  
                        [38;2;16;16;16m██[38;2;16;16;16m██[38;2;16;16;16m██[38;2;16;16;16m██[38;2;16;16;16m██[38;2;16;16;16m██                        
