                                                [38;2;118;118;118m██[38;2;118;118;118m██[38;2;118;118;118m██[38;2;118;118;118m██[38;2;118;118;118m██[38;2;118;118;118m██                                                                            
                                              [38;2;118;118;118m██[38;2;202;202;202m██[38;2;202;202;202m██[38;2;118;118;118m██[38;2;118;118;118m██[38;2;159;159;159m██[38;2;159;159;159m██[38;2;118;118;118m██                                                                          
                                            [38;2;118;118;118m██[38;2;202;202;202m██[38;2;202;202;202m██[38;2;118;118;118m██[38;2;159;159;159m██[38;2;159;159;159m██[38;2;159;159;159m██[38;2;159;159;159m██[38;2;118;118;118m██                                                                          
                                            [38;2;84;84;84m██[38;2;202;202;202m██[38;2;118;118;118m██[38;2;159;159;159m██[38;2;159;159;159m██[38;2;159;159;159m██[38;2;159;159;159m██[38;2;159;159;159m██[38;2;118;118;118m██                                                                          
                                            [38;2;84;84;84m██[38;2;159;159;159m██[38;2;118;118;118m██[38;2;159;159;159m██[38;2;159;159;159m██[38;2;159;159;159m██[38;2;159;159;159m██[38;2;159;159;159m██[38;2;118;118;118m██                [38;2;118;118;118m██[38;2;118;118;118m██[38;2;118;118;118m██                                                    
                                          [38;2;16;16;16m██[38;2;159;159;159m██[38;2;159;159;159m██[38;2;84;84;84m██[38;2;159;159;159m██[38;2;159;159;159m██[38;2;159;159;159m██[38;2;159;159;159m██[38;2;159;159;159m██[38;2;159;159;159m██[38;2;118;118;118m██            [38;2;118;118;118m██[38;2;202;202;202m██[38;2;159;159;159m██[38;2;159;159;159m██[38;2;118;118;118m██                                                  
                                          [38;2;16;16;16m██[38;2;159;159;159m██[38;2;159;159;159m██[38;2;84;84;84m██[38;2;159;159;159m██[38;2;159;159;159m██[38;2;159;159;159m██[38;2;159;159;159m██[38;2;159;159;159m██[38;2;159;159;159m██[38;2;84;84;84m██          [38;2;84;84;84m██[38;2;202;202;202m██[38;2;159;159;159m██[38;2;202;202;202m██[38;2;202;202;202m██[38;2;202;202;202m██[38;2;118;118;118m██                                                
                                          [38;2;16;16;16m██[38;2;159;159;159m██[38;2;159;159;159m██[38;2;84;84;84m██[38;2;159;159;159m██[38;2;159;159;159m██[38;2;159;159;159m██[38;2;159;159;159m██[38;2;159;159;159m██[38;2;159;159;159m██[38;2;159;159;159m██[38;2;84;84;84m██    [38;2;84;84;84m██[38;2;84;84;84m██[38;2;202;202;202m██[38;2;202;202;202m██[38;2;118;118;118m██[38;2;202;202;202m██[38;2;202;202;202m██[38;2;202;202;202m██[38;2;118;118;118m██                                                
                                        [38;2;16;16;16m██[38;2;159;159;159m██[38;2;159;159;159m██[38;2;84;84;84m██[38;2;159;159;159m██[38;2;159;159;159m██[38;2;159;159;159m██[38;2;159;159;159m██[38;2;159;159;159m██[38;2;159;159;159m██[38;2;159;159;159m██[38;2;159;159;159m██[38;2;159;159;159m██[38;2;84;84;84m██[38;2;84;84;84m██[38;2;159;159;159m██[38;2;159;159;159m██[38;2;159;159;159m██[38;2;118;118;118m██[38;2;202;202;202m██[38;2;202;202;202m██[38;2;202;202;202m██[38;2;202;202;202m██[38;2;118;118;118m██                                                
                                        [38;2;16;16;16m██[38;2;159;159;159m██[38;2;159;159;159m██[38;2;84;84;84m██[38;2;159;159;159m██[38;2;159;159;159m██[38;2;159;159;159m██[38;2;159;159;159m██[38;2;159;159;159m██[38;2;159;159;159m██[38;2;159;159;159m██[38;2;159;159;159m██[38;2;159;159;159m██[38;2;159;159;159m██[38;2;159;159;159m██[38;2;159;159;159m██[38;2;118;118;118m██[38;2;118;118;118m██[38;2;202;202;202m██[38;2;202;202;202m██[38;2;202;202;202m██[38;2;202;202;202m██[38;2;202;202;202m██[38;2;202;202;202m██[38;2;118;118;118m██                                              
                                      [38;2;16;16;16m██[38;2;159;159;159m██[38;2;159;159;159m██[38;2;159;159;159m██[38;2;84;84;84m██[38;2;159;159;159m██[38;2;159;159;159m██[38;2;159;159;159m██[38;2;159;159;159m██[38;2;159;159;159m██[38;2;159;159;159m██[38;2;159;159;159m██[38;2;159;159;159m██[38;2;159;159;159m██[38;2;159;159;159m██[38;2;159;159;159m██[38;2;159;159;159m██[38;2;159;159;159m██[38;2;159;159;159m██[38;2;202;202;202m██[38;2;202;202;202m██[38;2;202;202;202m██[38;2;202;202;202m██[38;2;202;202;202m██[38;2;202;202;202m██[38;2;118;118;118m██    [38;2;16;16;16m██[38;2;16;16;16m██[38;2;84;84;84m██[38;2;84;84;84m██                                  
                                    [38;2;16;16;16m██[38;2;159;159;159m██[38;2;159;159;159m██[38;2;159;159;159m██[38;2;84;84;84m██[38;2;159;159;159m██[38;2;159;159;159m██[38;2;159;159;159m██[38;2;159;159;159m██[38;2;159;159;159m██[38;2;159;159;159m██[38;2;159;159;159m██[38;2;159;159;159m██[38;2;159;159;159m██[38;2;159;159;159m██[38;2;159;159;159m██[38;2;159;159;159m██[38;2;159;159;159m██[38;2;159;159;159m██[38;2;159;159;159m██[38;2;159;159;159m██[38;2;202;202;202m██[38;2;202;202;202m██[38;2;202;202;202m██[38;2;202;202;202m██[38;2;202;202;202m██[38;2;118;118;118m██  [38;2;16;16;16m██[38;2;159;159;159m██[38;2;159;159;159m██[38;2;159;159;159m██[38;2;159;159;159m██[38;2;118;118;118m██[38;2;118;118;118m██                              
          [38;2;118;118;118m██[38;2;118;118;118m██[38;2;118;118;118m██[38;2;118;118;118m██[38;2;118;118;118m██              [38;2;16;16;16m██[38;2;159;159;159m██[38;2;159;159;159m██[38;2;159;159;159m██[38;2;159;159;159m██[38;2;84;84;84m██[38;2;159;159;159m██[38;2;159;159;159m██[38;2;159;159;159m██[38;2;159;159;159m██[38;2;159;159;159m██[38;2;159;159;159m██[38;2;159;159;159m██[38;2;159;159;159m██[38;2;159;159;159m██[38;2;159;159;159m██[38;2;159;159;159m██[38;2;159;159;159m██[38;2;159;159;159m██[38;2;159;159;159m██[38;2;159;159;159m██[38;2;159;159;159m██[38;2;202;202;202m██[38;2;202;202;202m██[38;2;202;202;202m██[38;2;202;202;202m██[38;2;202;202;202m██[38;2;202;202;202m██[38;2;16;16;16m██[38;2;159;159;159m██[38;2;159;159;159m██[38;2;159;159;159m██[38;2;159;159;159m██[38;2;202;202;202m██[38;2;202;202;202m██[38;2;236;236;236m██[38;2;118;118;118m██                            
        [38;2;16;16;16m██[38;2;42;42;42m██[38;2;202;202;202m██[38;2;202;202;202m██[38;2;202;202;202m██[38;2;202;202;202m██[38;2;118;118;118m██[38;2;118;118;118m██[38;2;118;118;118m██      [38;2;118;118;118m██[38;2;16;16;16m██[38;2;16;16;16m██[38;2;16;16;16m██[38;2;159;159;159m██[38;2;159;159;159m██[38;2;84;84;84m██[38;2;159;159;159m██[38;2;159;159;159m██[38;2;159;159;159m██[38;2;159;159;159m██[38;2;159;159;159m██[38;2;159;159;159m██[38;2;159;159;159m██[38;2;159;159;159m██[38;2;159;159;159m██[38;2;159;159;159m██[38;2;159;159;159m██[38;2;159;159;159m██[38;2;159;159;159m██[38;2;159;159;159m██[38;2;159;159;159m██[38;2;159;159;159m██[38;2;159;159;159m██[38;2;202;202;202m██[38;2;202;202;202m██[38;2;202;202;202m██[38;2;202;202;202m██[38;2;202;202;202m██[38;2;202;202;202m██[38;2;16;16;16m██[38;2;159;159;159m██[38;2;159;159;159m██[38;2;202;202;202m██[38;2;202;202;202m██[38;2;236;236;236m██[38;2;236;236;236m██[38;2;236;236;236m██[38;2;118;118;118m██                          
        [38;2;16;16;16m██[38;2;42;42;42m██[38;2;42;42;42m██[38;2;118;118;118m██[38;2;118;118;118m██[38;2;202;202;202m██[38;2;202;202;202m██[38;2;202;202;202m██[38;2;202;202;202m██[38;2;118;118;118m██[38;2;118;118;118m██[38;2;118;118;118m██[38;2;202;202;202m██[38;2;202;202;202m██[38;2;202;202;202m██[38;2;16;16;16m██[38;2;159;159;159m██[38;2;84;84;84m██[38;2;159;159;159m██[38;2;159;159;159m██[38;2;159;159;159m██[38;2;159;159;159m██[38;2;159;159;159m██[38;2;159;159;159m██[38;2;159;159;159m██[38;2;159;159;159m██[38;2;159;159;159m██[38;2;159;159;159m██[38;2;159;159;159m██[38;2;159;159;159m██[38;2;159;159;159m██[38;2;159;159;159m██[38;2;159;159;159m██[38;2;84;84;84m██[38;2;84;84;84m██[38;2;84;84;84m██[38;2;84;84;84m██[38;2;84;84;84m██[38;2;159;159;159m██[38;2;159;159;159m██[38;2;202;202;202m██[38;2;202;202;202m██[38;2;16;16;16m██[38;2;159;159;159m██[38;2;202;202;202m██[38;2;202;202;202m██[38;2;202;202;202m██[38;2;202;202;202m██[38;2;236;236;236m██[38;2;236;236;236m██[38;2;118;118;118m██                          
          [38;2;16;16;16m██[38;2;42;42;42m██[38;2;42;42;42m██[38;2;42;42;42m██[38;2;118;118;118m██[38;2;118;118;118m██[38;2;202;202;202m██[38;2;202;202;202m██[38;2;202;202;202m██[38;2;202;202;202m██[38;2;202;202;202m██[38;2;202;202;202m██[38;2;202;202;202m██[38;2;202;202;202m██[38;2;16;16;16m██[38;2;159;159;159m██[38;2;84;84;84m██[38;2;159;159;159m██[38;2;159;159;159m██[38;2;159;159;159m██[38;2;159;159;159m██[38;2;159;159;159m██[38;2;159;159;159m██[38;2;159;159;159m██[38;2;159;159;159m██[38;2;159;159;159m██[38;2;159;159;159m██[38;2;159;159;159m██[38;2;159;159;159m██[38;2;159;159;159m██[38;2;159;159;159m██[38;2;16;16;16m██[38;2;16;16;16m██[38;2;202;202;202m██[38;2;202;202;202m██[38;2;202;202;202m██[38;2;159;159;159m██[38;2;84;84;84m██[38;2;84;84;84m██[38;2;84;84;84m██[38;2;159;159;159m██[38;2;159;159;159m██[38;2;118;118;118m██[38;2;118;118;118m██[38;2;202;202;202m██[38;2;202;202;202m██[38;2;202;202;202m██[38;2;202;202;202m██[38;2;84;84;84m██[38;2;84;84;84m██[38;2;118;118;118m██                        
            [38;2;16;16;16m██[38;2;42;42;42m██[38;2;42;42;42m██[38;2;42;42;42m██[38;2;42;42;42m██[38;2;118;118;118m██[38;2;202;202;202m██[38;2;202;202;202m██[38;2;202;202;202m██[38;2;202;202;202m██[38;2;202;202;202m██[38;2;202;202;202m██[38;2;16;16;16m██[38;2;159;159;159m██[38;2;159;159;159m██[38;2;84;84;84m██[38;2;159;159;159m██[38;2;159;159;159m██[38;2;159;159;159m██[38;2;159;159;159m██[38;2;159;159;159m██[38;2;159;159;159m██[38;2;159;159;159m██[38;2;159;159;159m██[38;2;159;159;159m██[38;2;159;159;159m██[38;2;159;159;159m██[38;2;159;159;159m██[38;2;16;16;16m██[38;2;16;16;16m██[38;2;159;159;159m██[38;2;16;16;16m██[38;2;159;159;159m██[38;2;118;118;118m██[38;2;202;202;202m██[38;2;202;202;202m██[38;2;236;236;236m██[38;2;236;236;236m██[38;2;236;236;236m██[38;2;118;118;118m██[38;2;118;118;118m██[38;2;202;202;202m██[38;2;202;202;202m██[38;2;118;118;118m██[38;2;202;202;202m██[38;2;84;84;84m██[38;2;84;84;84m██[38;2;159;159;159m██[38;2;202;202;202m██[38;2;118;118;118m██                        
            [38;2;16;16;16m██[38;2;42;42;42m██[38;2;42;42;42m██[38;2;42;42;42m██[38;2;42;42;42m██[38;2;42;42;42m██[38;2;118;118;118m██[38;2;202;202;202m██[38;2;202;202;202m██[38;2;202;202;202m██[38;2;202;202;202m██[38;2;202;202;202m██[38;2;16;16;16m██[38;2;159;159;159m██[38;2;159;159;159m██[38;2;84;84;84m██[38;2;159;159;159m██[38;2;159;159;159m██[38;2;159;159;159m██[38;2;159;159;159m██[38;2;159;159;159m██[38;2;159;159;159m██[38;2;159;159;159m██[38;2;159;159;159m██[38;2;159;159;159m██[38;2;159;159;159m██[38;2;159;159;159m██[38;2;16;16;16m██[38;2;159;159;159m██[38;2;159;159;159m██[38;2;159;159;159m██[38;2;159;159;159m██[38;2;16;16;16m██[38;2;159;159;159m██[38;2;118;118;118m██[38;2;202;202;202m██[38;2;202;202;202m██[38;2;236;236;236m██[38;2;118;118;118m██[38;2;202;202;202m██[38;2;202;202;202m██[38;2;118;118;118m██[38;2;118;118;118m██[38;2;202;202;202m██[38;2;118;118;118m██[38;2;159;159;159m██[38;2;159;159;159m██[38;2;84;84;84m██[38;2;202;202;202m██[38;2;118;118;118m██                        
              [38;2;16;16;16m██[38;2;42;42;42m██[38;2;42;42;42m██[38;2;42;42;42m██[38;2;42;42;42m██[38;2;42;42;42m██[38;2;118;118;118m██[38;2;202;202;202m██[38;2;202;202;202m██[38;2;202;202;202m██[38;2;159;159;159m██[38;2;16;16;16m██[38;2;159;159;159m██[38;2;159;159;159m██[38;2;84;84;84m██[38;2;159;159;159m██[38;2;159;159;159m██[38;2;159;159;159m██[38;2;159;159;159m██[38;2;159;159;159m██[38;2;159;159;159m██[38;2;159;159;159m██[38;2;159;159;159m██[38;2;159;159;159m██[38;2;159;159;159m██[38;2;16;16;16m██[38;2;118;118;118m██[38;2;118;118;118m██[38;2;118;118;118m██[38;2;118;118;118m██[38;2;118;118;118m██[38;2;16;16;16m██[38;2;159;159;159m██[38;2;118;118;118m██[38;2;159;159;159m██[38;2;16;16;16m██[38;2;118;118;118m██[38;2;202;202;202m██[38;2;202;202;202m██[38;2;118;118;118m██[38;2;159;159;159m██[38;2;202;202;202m██[38;2;202;202;202m██[38;2;118;118;118m██[38;2;159;159;159m██[38;2;159;159;159m██[38;2;16;16;16m██[38;2;16;16;16m██[38;2;202;202;202m██[38;2;118;118;118m██                      
              [38;2;16;16;16m██[38;2;42;42;42m██[38;2;42;42;42m██[38;2;42;42;42m██[38;2;42;42;42m██[38;2;42;42;42m██[38;2;118;118;118m██[38;2;159;159;159m██[38;2;159;159;159m██[38;2;159;159;159m██[38;2;159;159;159m██[38;2;159;159;159m██[38;2;16;16;16m██[38;2;159;159;159m██[38;2;159;159;159m██[38;2;84;84;84m██[38;2;159;159;159m██[38;2;159;159;159m██[38;2;159;159;159m██[38;2;159;159;159m██[38;2;159;159;159m██[38;2;159;159;159m██[38;2;159;159;159m██[38;2;16;16;16m██[38;2;16;16;16m██[38;2;118;118;118m██[38;2;159;159;159m██[38;2;159;159;159m██[38;2;118;118;118m██[38;2;159;159;159m██[38;2;159;159;159m██[38;2;159;159;159m██[38;2;16;16;16m██[38;2;16;16;16m██[38;2;16;16;16m██[38;2;159;159;159m██[38;2;159;159;159m██[38;2;159;159;159m██[38;2;118;118;118m██[38;2;159;159;159m██[38;2;159;159;159m██[38;2;202;202;202m██[38;2;202;202;202m██[38;2;118;118;118m██[38;2;159;159;159m██[38;2;159;159;159m██[38;2;16;16;16m██[38;2;16;16;16m██[38;2;118;118;118m██[38;2;118;118;118m██                      
              [38;2;16;16;16m██[38;2;42;42;42m██[38;2;42;42;42m██[38;2;42;42;42m██[38;2;42;42;42m██[38;2;42;42;42m██[38;2;42;42;42m██[38;2;84;84;84m██[38;2;159;159;159m██[38;2;159;159;159m██[38;2;159;159;159m██[38;2;159;159;159m██[38;2;16;16;16m██[38;2;159;159;159m██[38;2;159;159;159m██[38;2;84;84;84m██[38;2;159;159;159m██[38;2;159;159;159m██[38;2;159;159;159m██[38;2;159;159;159m██[38;2;159;159;159m██[38;2;159;159;159m██[38;2;16;16;16m██[38;2;159;159;159m██[38;2;84;84;84m██[38;2;159;159;159m██[38;2;159;159;159m██[38;2;84;84;84m██[38;2;159;159;159m██[38;2;159;159;159m██[38;2;159;159;159m██[38;2;159;159;159m██[38;2;159;159;159m██[38;2;159;159;159m██[38;2;159;159;159m██[38;2;159;159;159m██[38;2;118;118;118m██[38;2;118;118;118m██[38;2;159;159;159m██[38;2;159;159;159m██[38;2;159;159;159m██[38;2;202;202;202m██[38;2;202;202;202m██[38;2;118;118;118m██[38;2;84;84;84m██[38;2;159;159;159m██[38;2;118;118;118m██[38;2;16;16;16m██[38;2;118;118;118m██[38;2;236;236;236m██[38;2;118;118;118m██                    
            [38;2;16;16;16m██[38;2;60;60;60m██[38;2;60;60;60m██[38;2;60;60;60m██[38;2;42;42;42m██[38;2;42;42;42m██[38;2;42;42;42m██[38;2;42;42;42m██[38;2;84;84;84m██[38;2;159;159;159m██[38;2;159;159;159m██[38;2;159;159;159m██[38;2;159;159;159m██[38;2;159;159;159m██[38;2;16;16;16m██[38;2;159;159;159m██[38;2;159;159;159m██[38;2;84;84;84m██[38;2;159;159;159m██[38;2;159;159;159m██[38;2;159;159;159m██[38;2;159;159;159m██[38;2;159;159;159m██[38;2;16;16;16m██[38;2;159;159;159m██[38;2;84;84;84m██[38;2;159;159;159m██[38;2;159;159;159m██[38;2;84;84;84m██[38;2;159;159;159m██[38;2;159;159;159m██[38;2;159;159;159m██[38;2;159;159;159m██[38;2;159;159;159m██[38;2;159;159;159m██[38;2;118;118;118m██[38;2;118;118;118m██[38;2;159;159;159m██[38;2;159;159;159m██[38;2;159;159;159m██[38;2;159;159;159m██[38;2;159;159;159m██[38;2;159;159;159m██[38;2;202;202;202m██[38;2;202;202;202m██[38;2;118;118;118m██[38;2;84;84;84m██[38;2;159;159;159m██[38;2;159;159;159m██[38;2;202;202;202m██[38;2;236;236;236m██[38;2;118;118;118m██                    
            [38;2;16;16;16m██[38;2;60;60;60m██[38;2;60;60;60m██[38;2;60;60;60m██[38;2;60;60;60m██[38;2;60;60;60m██[38;2;42;42;42m██[38;2;42;42;42m██[38;2;84;84;84m██[38;2;159;159;159m██[38;2;159;159;159m██[38;2;159;159;159m██[38;2;159;159;159m██[38;2;159;159;159m██[38;2;159;159;159m██[38;2;16;16;16m██[38;2;159;159;159m██[38;2;159;159;159m██[38;2;84;84;84m██[38;2;159;159;159m██[38;2;159;159;159m██[38;2;159;159;159m██[38;2;16;16;16m██[38;2;159;159;159m██[38;2;159;159;159m██[38;2;84;84;84m██[38;2;159;159;159m██[38;2;159;159;159m██[38;2;84;84;84m██[38;2;159;159;159m██[38;2;159;159;159m██[38;2;159;159;159m██[38;2;159;159;159m██[38;2;159;159;159m██[38;2;159;159;159m██[38;2;159;159;159m██[38;2;159;159;159m██[38;2;159;159;159m██[38;2;159;159;159m██[38;2;159;159;159m██[38;2;159;159;159m██[38;2;159;159;159m██[38;2;159;159;159m██[38;2;202;202;202m██[38;2;202;202;202m██[38;2;118;118;118m██[38;2;84;84;84m██[38;2;159;159;159m██[38;2;159;159;159m██[38;2;202;202;202m██[38;2;236;236;236m██[38;2;236;236;236m██[38;2;118;118;118m██                  
          [38;2;16;16;16m██[38;2;60;60;60m██[38;2;60;60;60m██[38;2;60;60;60m██[38;2;60;60;60m██[38;2;60;60;60m██[38;2;60;60;60m██[38;2;60;60;60m██[38;2;42;42;42m██[38;2;42;42;42m██[38;2;84;84;84m██[38;2;159;159;159m██[38;2;159;159;159m██[38;2;159;159;159m██[38;2;159;159;159m██[38;2;159;159;159m██[38;2;159;159;159m██[38;2;16;16;16m██[38;2;16;16;16m██[38;2;159;159;159m██[38;2;84;84;84m██[38;2;159;159;159m██[38;2;84;84;84m██[38;2;159;159;159m██[38;2;159;159;159m██[38;2;84;84;84m██[38;2;16;16;16m██[38;2;16;16;16m██[38;2;159;159;159m██[38;2;159;159;159m██[38;2;84;84;84m██[38;2;84;84;84m██[38;2;159;159;159m██[38;2;159;159;159m██[38;2;159;159;159m██[38;2;159;159;159m██[38;2;159;159;159m██[38;2;159;159;159m██[38;2;159;159;159m██[38;2;159;159;159m██[38;2;159;159;159m██[38;2;159;159;159m██[38;2;159;159;159m██[38;2;159;159;159m██[38;2;159;159;159m██[38;2;202;202;202m██[38;2;202;202;202m██[38;2;118;118;118m██[38;2;84;84;84m██[38;2;159;159;159m██[38;2;159;159;159m██[38;2;202;202;202m██[38;2;236;236;236m██[38;2;236;236;236m██[38;2;118;118;118m██                
          [38;2;16;16;16m██[38;2;60;60;60m██[38;2;60;60;60m██[38;2;60;60;60m██[38;2;60;60;60m██[38;2;60;60;60m██[38;2;60;60;60m██[38;2;60;60;60m██[38;2;60;60;60m██[38;2;42;42;42m██[38;2;16;16;16m██[38;2;159;159;159m██[38;2;159;159;159m██[38;2;159;159;159m██[38;2;159;159;159m██[38;2;159;159;159m██[38;2;159;159;159m██[38;2;159;159;159m██[38;2;159;159;159m██[38;2;16;16;16m██[38;2;16;16;16m██[38;2;84;84;84m██[38;2;159;159;159m██[38;2;159;159;159m██[38;2;84;84;84m██[38;2;159;159;159m██[38;2;159;159;159m██[38;2;118;118;118m██[38;2;16;16;16m██[38;2;16;16;16m██[38;2;159;159;159m██[38;2;159;159;159m██[38;2;84;84;84m██[38;2;84;84;84m██[38;2;159;159;159m██[38;2;159;159;159m██[38;2;159;159;159m██[38;2;159;159;159m██[38;2;159;159;159m██[38;2;159;159;159m██[38;2;159;159;159m██[38;2;159;159;159m██[38;2;159;159;159m██[38;2;159;159;159m██[38;2;159;159;159m██[38;2;202;202;202m██[38;2;202;202;202m██[38;2;118;118;118m██[38;2;159;159;159m██[38;2;84;84;84m██[38;2;159;159;159m██[38;2;202;202;202m██[38;2;202;202;202m██[38;2;236;236;236m██[38;2;118;118;118m██                
          [38;2;16;16;16m██[38;2;60;60;60m██[38;2;60;60;60m██[38;2;60;60;60m██[38;2;60;60;60m██[38;2;60;60;60m██[38;2;60;60;60m██[38;2;60;60;60m██[38;2;60;60;60m██[38;2;42;42;42m██[38;2;16;16;16m██[38;2;159;159;159m██[38;2;159;159;159m██[38;2;159;159;159m██[38;2;159;159;159m██[38;2;159;159;159m██[38;2;159;159;159m██[38;2;159;159;159m██[38;2;159;159;159m██[38;2;159;159;159m██[38;2;84;84;84m██[38;2;159;159;159m██[38;2;159;159;159m██[38;2;84;84;84m██[38;2;159;159;159m██[38;2;159;159;159m██[38;2;159;159;159m██[38;2;159;159;159m██[38;2;16;16;16m██[38;2;16;16;16m██[38;2;16;16;16m██[38;2;16;16;16m██[38;2;159;159;159m██[38;2;159;159;159m██[38;2;84;84;84m██[38;2;159;159;159m██[38;2;159;159;159m██[38;2;159;159;159m██[38;2;159;159;159m██[38;2;159;159;159m██[38;2;159;159;159m██[38;2;159;159;159m██[38;2;159;159;159m██[38;2;159;159;159m██[38;2;159;159;159m██[38;2;202;202;202m██[38;2;202;202;202m██[38;2;118;118;118m██[38;2;159;159;159m██[38;2;159;159;159m██[38;2;84;84;84m██[38;2;159;159;159m██[38;2;202;202;202m██[38;2;202;202;202m██[38;2;236;236;236m██[38;2;84;84;84m██        [38;2;118;118;118m██[38;2;118;118;118m██[38;2;118;118;118m██
        [38;2;16;16;16m██[38;2;60;60;60m██[38;2;60;60;60m██[38;2;60;60;60m██[38;2;60;60;60m██[38;2;60;60;60m██[38;2;60;60;60m██[38;2;60;60;60m██[38;2;60;60;60m██[38;2;60;60;60m██[38;2;60;60;60m██[38;2;42;42;42m██[38;2;16;16;16m██[38;2;159;159;159m██[38;2;159;159;159m██[38;2;159;159;159m██[38;2;159;159;159m██[38;2;159;159;159m██[38;2;159;159;159m██[38;2;16;16;16m██[38;2;84;84;84m██[38;2;159;159;159m██[38;2;159;159;159m██[38;2;84;84;84m██[38;2;159;159;159m██[38;2;159;159;159m██[38;2;159;159;159m██[38;2;159;159;159m██[38;2;159;159;159m██[38;2;16;16;16m██[38;2;16;16;16m██[38;2;16;16;16m██[38;2;16;16;16m██[38;2;16;16;16m██[38;2;159;159;159m██[38;2;159;159;159m██[38;2;84;84;84m██[38;2;159;159;159m██[38;2;159;159;159m██[38;2;159;159;159m██[38;2;159;159;159m██[38;2;159;159;159m██[38;2;159;159;159m██[38;2;159;159;159m██[38;2;159;159;159m██[38;2;159;159;159m██[38;2;159;159;159m██[38;2;202;202;202m██[38;2;202;202;202m██[38;2;84;84;84m██[38;2;159;159;159m██[38;2;159;159;159m██[38;2;84;84;84m██[38;2;84;84;84m██[38;2;202;202;202m██[38;2;202;202;202m██[38;2;202;202;202m██[38;2;84;84;84m██[38;2;118;118;118m██[38;2;118;118;118m██[38;2;118;118;118m██[38;2;202;202;202m██[38;2;236;236;236m██[38;2;118;118;118m██
  [38;2;16;16;16m██[38;2;16;16;16m██[38;2;16;16;16m██[38;2;16;16;16m██[38;2;60;60;60m██[38;2;60;60;60m██[38;2;60;60;60m██[38;2;60;60;60m██[38;2;60;60;60m██[38;2;60;60;60m██[38;2;60;60;60m██[38;2;60;60;60m██[38;2;60;60;60m██[38;2;60;60;60m██[38;2;42;42;42m██[38;2;16;16;16m██[38;2;159;159;159m██[38;2;159;159;159m██[38;2;159;159;159m██[38;2;159;159;159m██[38;2;16;16;16m██[38;2;16;16;16m██[38;2;159;159;159m██[38;2;159;159;159m██[38;2;84;84;84m██[38;2;84;84;84m██[38;2;159;159;159m██[38;2;159;159;159m██[38;2;159;159;159m██[38;2;159;159;159m██[38;2;159;159;159m██[38;2;159;159;159m██[38;2;118;118;118m██[38;2;16;16;16m██[38;2;16;16;16m██[38;2;159;159;159m██[38;2;159;159;159m██[38;2;16;16;16m██[38;2;159;159;159m██[38;2;159;159;159m██[38;2;84;84;84m██[38;2;159;159;159m██[38;2;159;159;159m██[38;2;159;159;159m██[38;2;159;159;159m██[38;2;159;159;159m██[38;2;159;159;159m██[38;2;159;159;159m██[38;2;159;159;159m██[38;2;159;159;159m██[38;2;202;202;202m██[38;2;202;202;202m██[38;2;84;84;84m██[38;2;159;159;159m██[38;2;159;159;159m██[38;2;159;159;159m██[38;2;159;159;159m██[38;2;84;84;84m██[38;2;202;202;202m██[38;2;202;202;202m██[38;2;202;202;202m██[38;2;84;84;84m██[38;2;202;202;202m██[38;2;236;236;236m██[38;2;236;236;236m██[38;2;202;202;202m██[38;2;118;118;118m██
[38;2;16;16;16m██[38;2;60;60;60m██[38;2;16;16;16m██[38;2;42;42;42m██[38;2;16;16;16m██[38;2;60;60;60m██[38;2;60;60;60m██[38;2;60;60;60m██[38;2;60;60;60m██[38;2;60;60;60m██[38;2;60;60;60m██[38;2;60;60;60m██[38;2;60;60;60m██[38;2;60;60;60m██[38;2;60;60;60m██[38;2;60;60;60m██[38;2;42;42;42m██[38;2;16;16;16m██[38;2;16;16;16m██[38;2;16;16;16m██[38;2;16;16;16m██[38;2;159;159;159m██[38;2;159;159;159m██[38;2;84;84;84m██[38;2;84;84;84m██[38;2;159;159;159m██[38;2;159;159;159m██[38;2;159;159;159m██[38;2;159;159;159m██[38;2;159;159;159m██[38;2;159;159;159m██[38;2;159;159;159m██[38;2;159;159;159m██[38;2;159;159;159m██[38;2;16;16;16m██[38;2;159;159;159m██[38;2;159;159;159m██[38;2;84;84;84m██[38;2;159;159;159m██[38;2;16;16;16m██[38;2;159;159;159m██[38;2;159;159;159m██[38;2;84;84;84m██[38;2;159;159;159m██[38;2;159;159;159m██[38;2;159;159;159m██[38;2;159;159;159m██[38;2;84;84;84m██[38;2;84;84;84m██[38;2;84;84;84m██[38;2;84;84;84m██[38;2;202;202;202m██[38;2;202;202;202m██[38;2;84;84;84m██[38;2;159;159;159m██[38;2;159;159;159m██[38;2;159;159;159m██[38;2;159;159;159m██[38;2;159;159;159m██[38;2;84;84;84m██[38;2;16;16;16m██[38;2;202;202;202m██[38;2;202;202;202m██[38;2;84;84;84m██[38;2;202;202;202m██[38;2;202;202;202m██[38;2;84;84;84m██  
[38;2;16;16;16m██[38;2;60;60;60m██[38;2;16;16;16m██[38;2;42;42;42m██[38;2;16;16;16m██[38;2;60;60;60m██[38;2;60;60;60m██[38;2;60;60;60m██[38;2;60;60;60m██[38;2;60;60;60m██[38;2;60;60;60m██[38;2;60;60;60m██[38;2;60;60;60m██[38;2;60;60;60m██[38;2;60;60;60m██[38;2;60;60;60m██[38;2;16;16;16m██[38;2;159;159;159m██[38;2;84;84;84m██[38;2;118;118;118m██[38;2;118;118;118m██[38;2;84;84;84m██[38;2;84;84;84m██[38;2;159;159;159m██[38;2;159;159;159m██[38;2;159;159;159m██[38;2;159;159;159m██[38;2;159;159;159m██[38;2;159;159;159m██[38;2;159;159;159m██[38;2;159;159;159m██[38;2;159;159;159m██[38;2;159;159;159m██[38;2;16;16;16m██[38;2;159;159;159m██[38;2;159;159;159m██[38;2;84;84;84m██[38;2;159;159;159m██[38;2;159;159;159m██[38;2;159;159;159m██[38;2;16;16;16m██[38;2;159;159;159m██[38;2;159;159;159m██[38;2;84;84;84m██[38;2;159;159;159m██[38;2;159;159;159m██[38;2;84;84;84m██[38;2;159;159;159m██[38;2;159;159;159m██[38;2;159;159;159m██[38;2;159;159;159m██[38;2;118;118;118m██[38;2;118;118;118m██[38;2;118;118;118m██[38;2;159;159;159m██[38;2;84;84;84m██[38;2;84;84;84m██[38;2;84;84;84m██[38;2;159;159;159m██[38;2;159;159;159m██[38;2;255;255;255m██[38;2;16;16;16m██[38;2;118;118;118m██[38;2;202;202;202m██[38;2;84;84;84m██[38;2;202;202;202m██[38;2;84;84;84m██  
  [38;2;16;16;16m██[38;2;60;60;60m██[38;2;28;28;28m██[38;2;60;60;60m██[38;2;60;60;60m██[38;2;60;60;60m██[38;2;60;60;60m██[38;2;60;60;60m██[38;2;60;60;60m██[38;2;60;60;60m██[38;2;60;60;60m██[38;2;60;60;60m██[38;2;60;60;60m██[38;2;60;60;60m██[38;2;60;60;60m██[38;2;16;16;16m██[38;2;159;159;159m██[38;2;84;84;84m██[38;2;159;159;159m██[38;2;159;159;159m██[38;2;159;159;159m██[38;2;159;159;159m██[38;2;159;159;159m██[38;2;159;159;159m██[38;2;159;159;159m██[38;2;159;159;159m██[38;2;159;159;159m██[38;2;159;159;159m██[38;2;159;159;159m██[38;2;159;159;159m██[38;2;16;16;16m██[38;2;16;16;16m██[38;2;159;159;159m██[38;2;159;159;159m██[38;2;84;84;84m██[38;2;159;159;159m██[38;2;159;159;159m██[38;2;159;159;159m██[38;2;159;159;159m██[38;2;159;159;159m██[38;2;16;16;16m██[38;2;159;159;159m██[38;2;159;159;159m██[38;2;84;84;84m██[38;2;84;84;84m██[38;2;16;16;16m██[38;2;159;159;159m██[38;2;159;159;159m██[38;2;159;159;159m██[38;2;159;159;159m██[38;2;202;202;202m██[38;2;202;202;202m██[38;2;118;118;118m██[38;2;118;118;118m██[38;2;202;202;202m██[38;2;202;202;202m██[38;2;202;202;202m██[38;2;84;84;84m██[38;2;159;159;159m██[38;2;255;255;255m██[38;2;28;107;43m██[38;2;134;134;134m██[38;2;84;84;84m██[38;2;84;84;84m██[38;2;16;16;16m██    
    [38;2;16;16;16m██[38;2;28;28;28m██[38;2;60;60;60m██[38;2;60;60;60m██[38;2;60;60;60m██[38;2;60;60;60m██[38;2;60;60;60m██[38;2;60;60;60m██[38;2;60;60;60m██[38;2;60;60;60m██[38;2;60;60;60m██[38;2;60;60;60m██[38;2;60;60;60m██[38;2;60;60;60m██[38;2;60;60;60m██[38;2;16;16;16m██[38;2;159;159;159m██[38;2;84;84;84m██[38;2;159;159;159m██[38;2;159;159;159m██[38;2;159;159;159m██[38;2;159;159;159m██[38;2;159;159;159m██[38;2;159;159;159m██[38;2;159;159;159m██[38;2;159;159;159m██[38;2;159;159;159m██[38;2;159;159;159m██[38;2;16;16;16m██[38;2;159;159;159m██[38;2;159;159;159m██[38;2;84;84;84m██[38;2;84;84;84m██[38;2;159;159;159m██[38;2;159;159;159m██[38;2;159;159;159m██[38;2;159;159;159m██[38;2;159;159;159m██[38;2;159;159;159m██[38;2;159;159;159m██[38;2;16;16;16m██[38;2;159;159;159m██[38;2;159;159;159m██[38;2;159;159;159m██[38;2;16;16;16m██[38;2;16;16;16m██[38;2;118;118;118m██[38;2;118;118;118m██[38;2;118;118;118m██[38;2;159;159;159m██[38;2;202;202;202m██[38;2;202;202;202m██[38;2;202;202;202m██[38;2;118;118;118m██[38;2;118;118;118m██[38;2;202;202;202m██[38;2;84;84;84m██[38;2;159;159;159m██[38;2;159;159;159m██[38;2;28;107;43m██[38;2;16;16;16m██[38;2;255;255;255m██[38;2;118;118;118m██[38;2;84;84;84m██    
      [38;2;28;28;28m██[38;2;60;60;60m██[38;2;60;60;60m██[38;2;60;60;60m██[38;2;60;60;60m██[38;2;60;60;60m██[38;2;60;60;60m██[38;2;60;60;60m██[38;2;60;60;60m██[38;2;60;60;60m██[38;2;60;60;60m██[38;2;60;60;60m██[38;2;60;60;60m██[38;2;60;60;60m██[38;2;60;60;60m██[38;2;16;16;16m██[38;2;16;16;16m██[38;2;159;159;159m██[38;2;159;159;159m██[38;2;159;159;159m██[38;2;159;159;159m██[38;2;159;159;159m██[38;2;159;159;159m██[38;2;159;159;159m██[38;2;159;159;159m██[38;2;16;16;16m██[38;2;16;16;16m██[38;2;159;159;159m██[38;2;159;159;159m██[38;2;84;84;84m██[38;2;159;159;159m██[38;2;159;159;159m██[38;2;159;159;159m██[38;2;159;159;159m██[38;2;159;159;159m██[38;2;159;159;159m██[38;2;159;159;159m██[38;2;159;159;159m██[38;2;159;159;159m██[38;2;159;159;159m██[38;2;16;16;16m██[38;2;16;16;16m██[38;2;159;159;159m██[38;2;159;159;159m██[38;2;159;159;159m██[38;2;16;16;16m██[38;2;159;159;159m██[38;2;159;159;159m██[38;2;118;118;118m██[38;2;159;159;159m██[38;2;202;202;202m██[38;2;202;202;202m██[38;2;202;202;202m██[38;2;202;202;202m██[38;2;202;202;202m██[38;2;84;84;84m██[38;2;159;159;159m██[38;2;159;159;159m██[38;2;159;159;159m██[38;2;202;202;202m██[38;2;202;202;202m██[38;2;118;118;118m██[38;2;84;84;84m██    
      [38;2;28;28;28m██[38;2;60;60;60m██[38;2;60;60;60m██[38;2;60;60;60m██[38;2;60;60;60m██[38;2;60;60;60m██[38;2;60;60;60m██[38;2;60;60;60m██[38;2;60;60;60m██[38;2;60;60;60m██[38;2;60;60;60m██[38;2;60;60;60m██[38;2;60;60;60m██[38;2;60;60;60m██[38;2;60;60;60m██[38;2;60;60;60m██[38;2;60;60;60m██[38;2;16;16;16m██[38;2;16;16;16m██[38;2;159;159;159m██[38;2;159;159;159m██[38;2;159;159;159m██[38;2;159;159;159m██[38;2;159;159;159m██[38;2;16;16;16m██[38;2;159;159;159m██[38;2;159;159;159m██[38;2;84;84;84m██[38;2;84;84;84m██[38;2;159;159;159m██[38;2;159;159;159m██[38;2;159;159;159m██[38;2;159;159;159m██[38;2;159;159;159m██[38;2;159;159;159m██[38;2;159;159;159m██[38;2;159;159;159m██[38;2;159;159;159m██[38;2;159;159;159m██[38;2;159;159;159m██[38;2;159;159;159m██[38;2;159;159;159m██[38;2;16;16;16m██[38;2;16;16;16m██[38;2;159;159;159m██[38;2;159;159;159m██[38;2;16;16;16m██[38;2;159;159;159m██[38;2;159;159;159m██[38;2;118;118;118m██[38;2;202;202;202m██[38;2;202;202;202m██[38;2;202;202;202m██[38;2;202;202;202m██[38;2;202;202;202m██[38;2;84;84;84m██[38;2;159;159;159m██[38;2;16;16;16m██[38;2;159;159;159m██[38;2;159;159;159m██[38;2;202;202;202m██[38;2;202;202;202m██[38;2;118;118;118m██[38;2;84;84;84m██  
      [38;2;28;28;28m██[38;2;60;60;60m██[38;2;60;60;60m██[38;2;60;60;60m██[38;2;60;60;60m██[38;2;60;60;60m██[38;2;60;60;60m██[38;2;60;60;60m██[38;2;60;60;60m██[38;2;60;60;60m██[38;2;60;60;60m██[38;2;60;60;60m██[38;2;60;60;60m██[38;2;60;60;60m██[38;2;60;60;60m██[38;2;60;60;60m██[38;2;60;60;60m██[38;2;60;60;60m██[38;2;60;60;60m██[38;2;16;16;16m██[38;2;16;16;16m██[38;2;159;159;159m██[38;2;16;16;16m██[38;2;16;16;16m██[38;2;159;159;159m██[38;2;159;159;159m██[38;2;84;84;84m██[38;2;159;159;159m██[38;2;159;159;159m██[38;2;159;159;159m██[38;2;159;159;159m██[38;2;159;159;159m██[38;2;159;159;159m██[38;2;159;159;159m██[38;2;159;159;159m██[38;2;159;159;159m██[38;2;159;159;159m██[38;2;159;159;159m██[38;2;159;159;159m██[38;2;159;159;159m██[38;2;159;159;159m██[38;2;159;159;159m██[38;2;118;118;118m██[38;2;16;16;16m██[38;2;16;16;16m██[38;2;16;16;16m██[38;2;16;16;16m██[38;2;159;159;159m██[38;2;159;159;159m██[38;2;118;118;118m██[38;2;202;202;202m██[38;2;202;202;202m██[38;2;202;202;202m██[38;2;202;202;202m██[38;2;202;202;202m██[38;2;16;16;16m██[38;2;84;84;84m██[38;2;189;189;205m██[38;2;16;16;16m██[38;2;159;159;159m██[38;2;159;159;159m██[38;2;202;202;202m██[38;2;202;202;202m██[38;2;84;84;84m██  
  [38;2;16;16;16m██[38;2;16;16;16m██[38;2;28;28;28m██[38;2;60;60;60m██[38;2;60;60;60m██[38;2;60;60;60m██[38;2;60;60;60m██[38;2;60;60;60m██[38;2;60;60;60m██[38;2;60;60;60m██[38;2;60;60;60m██[38;2;60;60;60m██[38;2;60;60;60m██[38;2;60;60;60m██[38;2;60;60;60m██[38;2;60;60;60m██[38;2;60;60;60m██[38;2;60;60;60m██[38;2;60;60;60m██[38;2;60;60;60m██[38;2;60;60;60m██[38;2;60;60;60m██[38;2;60;60;60m██[38;2;16;16;16m██[38;2;118;118;118m██[38;2;118;118;118m██[38;2;84;84;84m██[38;2;84;84;84m██[38;2;159;159;159m██[38;2;159;159;159m██[38;2;159;159;159m██[38;2;159;159;159m██[38;2;159;159;159m██[38;2;159;159;159m██[38;2;159;159;159m██[38;2;159;159;159m██[38;2;159;159;159m██[38;2;159;159;159m██[38;2;159;159;159m██[38;2;159;159;159m██[38;2;159;159;159m██[38;2;159;159;159m██[38;2;159;159;159m██[38;2;159;159;159m██[38;2;16;16;16m██[38;2;16;16;16m██[38;2;16;16;16m██[38;2;16;16;16m██[38;2;16;16;16m██[38;2;159;159;159m██[38;2;159;159;159m██[38;2;84;84;84m██[38;2;202;202;202m██[38;2;202;202;202m██[38;2;202;202;202m██[38;2;202;202;202m██[38;2;16;16;16m██[38;2;118;118;118m██[38;2;84;84;84m██[38;2;255;255;255m██[38;2;255;255;255m██[38;2;16;16;16m██[38;2;159;159;159m██[38;2;202;202;202m██[38;2;202;202;202m██[38;2;16;16;16m██  
[38;2;16;16;16m██[38;2;60;60;60m██[38;2;16;16;16m██[38;2;28;28;28m██[38;2;60;60;60m██[38;2;60;60;60m██[38;2;60;60;60m██[38;2;60;60;60m██[38;2;60;60;60m██[38;2;60;60;60m██[38;2;60;60;60m██[38;2;60;60;60m██[38;2;60;60;60m██[38;2;60;60;60m██[38;2;60;60;60m██[38;2;60;60;60m██[38;2;60;60;60m██[38;2;60;60;60m██[38;2;60;60;60m██[38;2;60;60;60m██[38;2;60;60;60m██[38;2;35;35;35m██[38;2;35;35;35m██[38;2;35;35;35m██[38;2;159;159;159m██[38;2;159;159;159m██[38;2;159;159;159m██[38;2;159;159;159m██[38;2;159;159;159m██[38;2;159;159;159m██[38;2;159;159;159m██[38;2;159;159;159m██[38;2;159;159;159m██[38;2;159;159;159m██[38;2;159;159;159m██[38;2;159;159;159m██[38;2;159;159;159m██[38;2;159;159;159m██[38;2;159;159;159m██[38;2;159;159;159m██[38;2;159;159;159m██[38;2;159;159;159m██[38;2;159;159;159m██[38;2;159;159;159m██[38;2;159;159;159m██[38;2;16;16;16m██[38;2;16;16;16m██[38;2;16;16;16m██[38;2;16;16;16m██[38;2;16;16;16m██[38;2;159;159;159m██[38;2;159;159;159m██[38;2;84;84;84m██[38;2;202;202;202m██[38;2;202;202;202m██[38;2;159;159;159m██[38;2;16;16;16m██[38;2;118;118;118m██[38;2;118;118;118m██[38;2;84;84;84m██[38;2;255;255;255m██[38;2;84;84;84m██[38;2;84;84;84m██[38;2;159;159;159m██[38;2;202;202;202m██[38;2;202;202;202m██[38;2;16;16;16m██  
[38;2;16;16;16m██[38;2;60;60;60m██[38;2;16;16;16m██[38;2;60;60;60m██[38;2;28;28;28m██[38;2;60;60;60m██[38;2;60;60;60m██[38;2;60;60;60m██[38;2;60;60;60m██[38;2;60;60;60m██[38;2;60;60;60m██[38;2;60;60;60m██[38;2;60;60;60m██[38;2;60;60;60m██[38;2;60;60;60m██[38;2;60;60;60m██[38;2;60;60;60m██[38;2;60;60;60m██[38;2;60;60;60m██[38;2;60;60;60m██[38;2;16;16;16m██[38;2;159;159;159m██[38;2;84;84;84m██[38;2;159;159;159m██[38;2;159;159;159m██[38;2;159;159;159m██[38;2;159;159;159m██[38;2;159;159;159m██[38;2;159;159;159m██[38;2;159;159;159m██[38;2;159;159;159m██[38;2;159;159;159m██[38;2;159;159;159m██[38;2;159;159;159m██[38;2;159;159;159m██[38;2;159;159;159m██[38;2;159;159;159m██[38;2;159;159;159m██[38;2;159;159;159m██[38;2;159;159;159m██[38;2;159;159;159m██[38;2;159;159;159m██[38;2;159;159;159m██[38;2;159;159;159m██[38;2;159;159;159m██[38;2;16;16;16m██[38;2;16;16;16m██[38;2;16;16;16m██[38;2;16;16;16m██[38;2;159;159;159m██[38;2;159;159;159m██[38;2;16;16;16m██[38;2;159;159;159m██[38;2;202;202;202m██[38;2;159;159;159m██[38;2;16;16;16m██[38;2;60;60;60m██[38;2;16;16;16m██[38;2;118;118;118m██[38;2;84;84;84m██[38;2;84;84;84m██[38;2;159;159;159m██[38;2;202;202;202m██[38;2;84;84;84m██[38;2;159;159;159m██[38;2;202;202;202m██[38;2;16;16;16m██  
  [38;2;16;16;16m██[38;2;60;60;60m██[38;2;16;16;16m██[38;2;28;28;28m██[38;2;60;60;60m██[38;2;60;60;60m██[38;2;60;60;60m██[38;2;60;60;60m██[38;2;60;60;60m██[38;2;60;60;60m██[38;2;60;60;60m██[38;2;60;60;60m██[38;2;60;60;60m██[38;2;60;60;60m██[38;2;60;60;60m██[38;2;60;60;60m██[38;2;60;60;60m██[38;2;60;60;60m██[38;2;60;60;60m██[38;2;16;16;16m██[38;2;159;159;159m██[38;2;84;84;84m██[38;2;159;159;159m██[38;2;159;159;159m██[38;2;159;159;159m██[38;2;159;159;159m██[38;2;159;159;159m██[38;2;159;159;159m██[38;2;159;159;159m██[38;2;159;159;159m██[38;2;84;84;84m██[38;2;84;84;84m██[38;2;84;84;84m██[38;2;159;159;159m██[38;2;159;159;159m██[38;2;159;159;159m██[38;2;159;159;159m██[38;2;159;159;159m██[38;2;159;159;159m██[38;2;159;159;159m██[38;2;159;159;159m██[38;2;159;159;159m██[38;2;159;159;159m██[38;2;159;159;159m██[38;2;118;118;118m██[38;2;16;16;16m██[38;2;16;16;16m██[38;2;159;159;159m██[38;2;16;16;16m██[38;2;16;16;16m██[38;2;159;159;159m██[38;2;159;159;159m██[38;2;159;159;159m██[38;2;159;159;159m██[38;2;16;16;16m██[38;2;79;79;79m██[38;2;16;16;16m██[38;2;118;118;118m██[38;2;118;118;118m██[38;2;118;118;118m██[38;2;202;202;202m██[38;2;202;202;202m██[38;2;16;16;16m██[38;2;16;16;16m██[38;2;16;16;16m██    
    [38;2;16;16;16m██[38;2;16;16;16m██[38;2;16;16;16m██[38;2;28;28;28m██[38;2;60;60;60m██[38;2;60;60;60m██[38;2;60;60;60m██[38;2;60;60;60m██[38;2;60;60;60m██[38;2;60;60;60m██[38;2;60;60;60m██[38;2;60;60;60m██[38;2;60;60;60m██[38;2;60;60;60m██[38;2;60;60;60m██[38;2;60;60;60m██[38;2;60;60;60m██[38;2;60;60;60m██[38;2;60;60;60m██[38;2;16;16;16m██[38;2;159;159;159m██[38;2;84;84;84m██[38;2;159;159;159m██[38;2;159;159;159m██[38;2;159;159;159m██[38;2;159;159;159m██[38;2;84;84;84m██[38;2;84;84;84m██[38;2;84;84;84m██[38;2;159;159;159m██[38;2;159;159;159m██[38;2;159;159;159m██[38;2;84;84;84m██[38;2;159;159;159m██[38;2;159;159;159m██[38;2;159;159;159m██[38;2;159;159;159m██[38;2;159;159;159m██[38;2;159;159;159m██[38;2;159;159;159m██[38;2;159;159;159m██[38;2;159;159;159m██[38;2;159;159;159m██[38;2;159;159;159m██[38;2;118;118;118m██[38;2;16;16;16m██[38;2;159;159;159m██[38;2;159;159;159m██[38;2;159;159;159m██[38;2;159;159;159m██[38;2;159;159;159m██[38;2;159;159;159m██[38;2;16;16;16m██[38;2;79;79;79m██[38;2;79;79;79m██[38;2;79;79;79m██[38;2;16;16;16m██[38;2;118;118;118m██[38;2;118;118;118m██[38;2;202;202;202m██[38;2;202;202;202m██[38;2;16;16;16m██        
          [38;2;28;28;28m██[38;2;60;60;60m██[38;2;60;60;60m██[38;2;60;60;60m██[38;2;60;60;60m██[38;2;60;60;60m██[38;2;60;60;60m██[38;2;60;60;60m██[38;2;60;60;60m██[38;2;60;60;60m██[38;2;60;60;60m██[38;2;60;60;60m██[38;2;60;60;60m██[38;2;60;60;60m██[38;2;60;60;60m██[38;2;60;60;60m██[38;2;60;60;60m██[38;2;16;16;16m██[38;2;16;16;16m██[38;2;16;16;16m██[38;2;16;16;16m██[38;2;16;16;16m██[38;2;16;16;16m██[38;2;16;16;16m██[38;2;16;16;16m██[38;2;159;159;159m██[38;2;159;159;159m██[38;2;159;159;159m██[38;2;159;159;159m██[38;2;159;159;159m██[38;2;84;84;84m██[38;2;159;159;159m██[38;2;159;159;159m██[38;2;159;159;159m██[38;2;159;159;159m██[38;2;159;159;159m██[38;2;159;159;159m██[38;2;159;159;159m██[38;2;159;159;159m██[38;2;159;159;159m██[38;2;159;159;159m██[38;2;159;159;159m██[38;2;16;16;16m██[38;2;159;159;159m██[38;2;159;159;159m██[38;2;159;159;159m██[38;2;159;159;159m██[38;2;159;159;159m██[38;2;16;16;16m██[38;2;60;60;60m██[38;2;79;79;79m██[38;2;79;79;79m██[38;2;79;79;79m██[38;2;16;16;16m██[38;2;118;118;118m██[38;2;159;159;159m██[38;2;159;159;159m██[38;2;16;16;16m██          
            [38;2;28;28;28m██[38;2;60;60;60m██[38;2;60;60;60m██[38;2;60;60;60m██[38;2;60;60;60m██[38;2;60;60;60m██[38;2;60;60;60m██[38;2;60;60;60m██[38;2;60;60;60m██[38;2;60;60;60m██[38;2;60;60;60m██[38;2;60;60;60m██[38;2;60;60;60m██[38;2;60;60;60m██[38;2;60;60;60m██[38;2;60;60;60m██[38;2;60;60;60m██[38;2;60;60;60m██[38;2;60;60;60m██[38;2;60;60;60m██[38;2;60;60;60m██[38;2;60;60;60m██[38;2;60;60;60m██[38;2;60;60;60m██[38;2;16;16;16m██[38;2;16;16;16m██[38;2;159;159;159m██[38;2;159;159;159m██[38;2;159;159;159m██[38;2;84;84;84m██[38;2;159;159;159m██[38;2;159;159;159m██[38;2;159;159;159m██[38;2;159;159;159m██[38;2;159;159;159m██[38;2;159;159;159m██[38;2;159;159;159m██[38;2;159;159;159m██[38;2;159;159;159m██[38;2;159;159;159m██[38;2;159;159;159m██[38;2;16;16;16m██[38;2;159;159;159m██[38;2;159;159;159m██[38;2;159;159;159m██[38;2;16;16;16m██[38;2;16;16;16m██[38;2;60;60;60m██[38;2;60;60;60m██[38;2;60;60;60m██[38;2;79;79;79m██[38;2;79;79;79m██[38;2;79;79;79m██[38;2;16;16;16m██[38;2;16;16;16m██[38;2;16;16;16m██            
          [38;2;16;16;16m██[38;2;42;42;42m██[38;2;28;28;28m██[38;2;60;60;60m██[38;2;60;60;60m██[38;2;60;60;60m██[38;2;60;60;60m██[38;2;60;60;60m██[38;2;60;60;60m██[38;2;60;60;60m██[38;2;60;60;60m██[38;2;60;60;60m██[38;2;60;60;60m██[38;2;60;60;60m██[38;2;60;60;60m██[38;2;60;60;60m██[38;2;60;60;60m██[38;2;60;60;60m██[38;2;60;60;60m██[38;2;60;60;60m██[38;2;60;60;60m██[38;2;60;60;60m██[38;2;60;60;60m██[38;2;60;60;60m██[38;2;60;60;60m██[38;2;42;42;42m██[38;2;42;42;42m██[38;2;16;16;16m██[38;2;159;159;159m██[38;2;159;159;159m██[38;2;84;84;84m██[38;2;159;159;159m██[38;2;159;159;159m██[38;2;159;159;159m██[38;2;159;159;159m██[38;2;159;159;159m██[38;2;159;159;159m██[38;2;159;159;159m██[38;2;159;159;159m██[38;2;159;159;159m██[38;2;159;159;159m██[38;2;159;159;159m██[38;2;159;159;159m██[38;2;16;16;16m██[38;2;16;16;16m██[38;2;16;16;16m██[38;2;60;60;60m██[38;2;60;60;60m██[38;2;60;60;60m██[38;2;60;60;60m██[38;2;60;60;60m██[38;2;79;79;79m██[38;2;79;79;79m██[38;2;79;79;79m██[38;2;42;42;42m██[38;2;42;42;42m██              
          [38;2;16;16;16m██[38;2;42;42;42m██[38;2;42;42;42m██[38;2;28;28;28m██[38;2;28;28;28m██[38;2;60;60;60m██[38;2;60;60;60m██[38;2;60;60;60m██[38;2;60;60;60m██[38;2;60;60;60m██[38;2;60;60;60m██[38;2;60;60;60m██[38;2;60;60;60m██[38;2;60;60;60m██[38;2;60;60;60m██[38;2;60;60;60m██[38;2;60;60;60m██[38;2;60;60;60m██[38;2;60;60;60m██[38;2;60;60;60m██[38;2;60;60;60m██[38;2;60;60;60m██[38;2;60;60;60m██[38;2;60;60;60m██[38;2;42;42;42m██[38;2;42;42;42m██[38;2;16;16;16m██[38;2;16;16;16m██[38;2;159;159;159m██[38;2;84;84;84m██[38;2;159;159;159m██[38;2;159;159;159m██[38;2;159;159;159m██[38;2;159;159;159m██[38;2;159;159;159m██[38;2;159;159;159m██[38;2;159;159;159m██[38;2;159;159;159m██[38;2;159;159;159m██[38;2;159;159;159m██[38;2;159;159;159m██[38;2;159;159;159m██[38;2;16;16;16m██[38;2;60;60;60m██[38;2;60;60;60m██[38;2;60;60;60m██[38;2;60;60;60m██[38;2;60;60;60m██[38;2;60;60;60m██[38;2;60;60;60m██[38;2;60;60;60m██[38;2;60;60;60m██[38;2;79;79;79m██[38;2;42;42;42m██[38;2;79;79;79m██[38;2;79;79;79m██[38;2;42;42;42m██            
        [38;2;16;16;16m██[38;2;42;42;42m██[38;2;42;42;42m██[38;2;42;42;42m██[38;2;42;42;42m██[38;2;42;42;42m██[38;2;28;28;28m██[38;2;28;28;28m██[38;2;60;60;60m██[38;2;60;60;60m██[38;2;60;60;60m██[38;2;60;60;60m██[38;2;60;60;60m██[38;2;60;60;60m██[38;2;60;60;60m██[38;2;60;60;60m██[38;2;60;60;60m██[38;2;60;60;60m██[38;2;60;60;60m██[38;2;60;60;60m██[38;2;60;60;60m██[38;2;60;60;60m██[38;2;60;60;60m██[38;2;42;42;42m██[38;2;42;42;42m██[38;2;42;42;42m██[38;2;42;42;42m██[38;2;16;16;16m██[38;2;16;16;16m██[38;2;159;159;159m██[38;2;84;84;84m██[38;2;159;159;159m██[38;2;159;159;159m██[38;2;159;159;159m██[38;2;159;159;159m██[38;2;16;16;16m██[38;2;16;16;16m██[38;2;16;16;16m██[38;2;159;159;159m██[38;2;159;159;159m██[38;2;159;159;159m██[38;2;16;16;16m██[38;2;16;16;16m██  [38;2;16;16;16m██[38;2;16;16;16m██[38;2;60;60;60m██[38;2;60;60;60m██[38;2;60;60;60m██[38;2;60;60;60m██[38;2;60;60;60m██[38;2;28;28;28m██[38;2;28;28;28m██[38;2;28;28;28m██[38;2;79;79;79m██[38;2;79;79;79m██[38;2;42;42;42m██[38;2;255;255;255m██[38;2;42;42;42m██          
        [38;2;16;16;16m██[38;2;42;42;42m██[38;2;42;42;42m██[38;2;42;42;42m██[38;2;42;42;42m██[38;2;42;42;42m██[38;2;42;42;42m██[38;2;42;42;42m██[38;2;28;28;28m██[38;2;42;42;42m██[38;2;42;42;42m██[38;2;42;42;42m██[38;2;60;60;60m██[38;2;60;60;60m██[38;2;60;60;60m██[38;2;60;60;60m██[38;2;60;60;60m██[38;2;60;60;60m██[38;2;60;60;60m██[38;2;42;42;42m██[38;2;42;42;42m██[38;2;42;42;42m██[38;2;42;42;42m██[38;2;42;42;42m██[38;2;42;42;42m██[38;2;42;42;42m██[38;2;16;16;16m██[38;2;60;60;60m██[38;2;16;16;16m██[38;2;159;159;159m██[38;2;84;84;84m██[38;2;159;159;159m██[38;2;159;159;159m██[38;2;159;159;159m██[38;2;16;16;16m██[38;2;16;16;16m██[38;2;16;16;16m██  [38;2;16;16;16m██[38;2;16;16;16m██[38;2;16;16;16m██          [38;2;16;16;16m██[38;2;28;28;28m██[38;2;28;28;28m██[38;2;28;28;28m██[38;2;28;28;28m██[38;2;60;60;60m██[38;2;60;60;60m██[38;2;60;60;60m██[38;2;79;79;79m██[38;2;42;42;42m██[38;2;255;255;255m██[38;2;255;255;255m██[38;2;255;255;255m██[38;2;42;42;42m██        
        [38;2;16;16;16m██[38;2;42;42;42m██[38;2;42;42;42m██[38;2;42;42;42m██[38;2;42;42;42m██[38;2;42;42;42m██[38;2;42;42;42m██[38;2;42;42;42m██[38;2;42;42;42m██[38;2;16;16;16m██[38;2;16;16;16m██[38;2;42;42;42m██[38;2;42;42;42m██[38;2;42;42;42m██[38;2;16;16;16m██[38;2;16;16;16m██[38;2;42;42;42m██[38;2;42;42;42m██[38;2;42;42;42m██[38;2;42;42;42m██[38;2;42;42;42m██[38;2;42;42;42m██[38;2;42;42;42m██[38;2;42;42;42m██[38;2;42;42;42m██[38;2;16;16;16m██[38;2;60;60;60m██[38;2;60;60;60m██[38;2;16;16;16m██[38;2;159;159;159m██[38;2;159;159;159m██[38;2;84;84;84m██[38;2;159;159;159m██[38;2;16;16;16m██[38;2;42;42;42m██[38;2;42;42;42m██[38;2;16;16;16m██                    [38;2;16;16;16m██[38;2;60;60;60m██[38;2;60;60;60m██[38;2;60;60;60m██[38;2;60;60;60m██[38;2;60;60;60m██[38;2;60;60;60m██[38;2;60;60;60m██[38;2;79;79;79m██[38;2;16;16;16m██[38;2;16;16;16m██[38;2;16;16;16m██[38;2;16;16;16m██        
        [38;2;16;16;16m██[38;2;42;42;42m██[38;2;42;42;42m██[38;2;42;42;42m██[38;2;42;42;42m██[38;2;42;42;42m██[38;2;42;42;42m██[38;2;42;42;42m██[38;2;42;42;42m██[38;2;42;42;42m██[38;2;42;42;42m██[38;2;16;16;16m██[38;2;16;16;16m██[38;2;16;16;16m██      [38;2;16;16;16m██[38;2;16;16;16m██[38;2;16;16;16m██[38;2;16;16;16m██[38;2;42;42;42m██[38;2;42;42;42m██[38;2;42;42;42m██[38;2;42;42;42m██[38;2;16;16;16m██[38;2;60;60;60m██[38;2;60;60;60m██[38;2;60;60;60m██[38;2;16;16;16m██[38;2;159;159;159m██[38;2;159;159;159m██[38;2;16;16;16m██[38;2;42;42;42m██[38;2;28;28;28m██[38;2;28;28;28m██[38;2;28;28;28m██[38;2;16;16;16m██                    [38;2;16;16;16m██[38;2;16;16;16m██[38;2;16;16;16m██[38;2;16;16;16m██[38;2;16;16;16m██[38;2;16;16;16m██[38;2;16;16;16m██[38;2;16;16;16m██                
          [38;2;16;16;16m██[38;2;42;42;42m██[38;2;42;42;42m██[38;2;42;42;42m██[38;2;42;42;42m██[38;2;42;42;42m██[38;2;42;42;42m██[38;2;42;42;42m██[38;2;42;42;42m██[38;2;42;42;42m██[38;2;42;42;42m██[38;2;189;189;205m██[38;2;16;16;16m██              [38;2;16;16;16m██[38;2;16;16;16m██[38;2;16;16;16m██[38;2;16;16;16m██[38;2;28;28;28m██[38;2;60;60;60m██[38;2;60;60;60m██[38;2;60;60;60m██[38;2;60;60;60m██[38;2;16;16;16m██[38;2;16;16;16m██[38;2;60;60;60m██[38;2;79;79;79m██[38;2;79;79;79m██[38;2;79;79;79m██[38;2;79;79;79m██[38;2;42;42;42m██                                                    
            [38;2;16;16;16m██[38;2;16;16;16m██[38;2;42;42;42m██[38;2;42;42;42m██[38;2;42;42;42m██[38;2;42;42;42m██[38;2;42;42;42m██[38;2;42;42;42m██[38;2;42;42;42m██[38;2;16;16;16m██[38;2;16;16;16m██[38;2;16;16;16m██                      [38;2;16;16;16m██[38;2;60;60;60m██[38;2;60;60;60m██[38;2;60;60;60m██[38;2;60;60;60m██[38;2;60;60;60m██[38;2;60;60;60m██[38;2;60;60;60m██[38;2;60;60;60m██[38;2;79;79;79m██[38;2;79;79;79m██[38;2;79;79;79m██[38;2;79;79;79m██[38;2;42;42;42m██                                                  
                [38;2;16;16;16m██[38;2;16;16;16m██[38;2;16;16;16m██[38;2;16;16;16m██[38;2;16;16;16m██[38;2;16;16;16m██[38;2;16;16;16m██                              [38;2;16;16;16m██[38;2;60;60;60m██[38;2;60;60;60m██[38;2;60;60;60m██[38;2;60;60;60m██[38;2;60;60;60m██[38;2;60;60;60m██[38;2;60;60;60m██[38;2;79;79;79m██[38;2;79;79;79m██[38;2;79;79;79m██[38;2;42;42;42m██[38;2;255;255;255m██[38;2;42;42;42m██                                                
                                                            [38;2;16;16;16m██[38;2;60;60;60m██[38;2;60;60;60m██[38;2;60;60;60m██[38;2;60;60;60m██[38;2;60;60;60m██[38;2;60;60;60m██[38;2;60;60;60m██[38;2;60;60;60m██[38;2;79;79;79m██[38;2;42;42;42m██[38;2;255;255;255m██[38;2;255;255;255m██[38;2;255;255;255m██[38;2;42;42;42m██                                              
                                                              [38;2;16;16;16m██[38;2;60;60;60m██[38;2;60;60;60m██[38;2;60;60;60m██[38;2;60;60;60m██[38;2;60;60;60m██[38;2;60;60;60m██[38;2;60;60;60m██[38;2;16;16;16m██[38;2;16;16;16m██[38;2;16;16;16m██[38;2;16;16;16m██[38;2;16;16;16m██[38;2;16;16;16m██                                              
                                                                [38;2;16;16;16m██[38;2;16;16;16m██[38;2;16;16;16m██[38;2;16;16;16m██[38;2;16;16;16m██[38;2;16;16;16m██[38;2;16;16;16m██                                                          
