                                                                                        [38;2;197;123;16m██[38;2;123;82;49m██                                
                                                                  [38;2;197;123;16m██[38;2;123;82;49m██[38;2;123;82;49m██                [38;2;197;123;16m██[38;2;255;238;74m██[38;2;123;82;49m██                              
                                                                  [38;2;197;123;16m██[38;2;255;238;74m██[38;2;255;238;74m██[38;2;123;82;49m██[38;2;123;82;49m██          [38;2;197;123;16m██[38;2;255;238;74m██[38;2;255;238;74m██[38;2;123;82;49m██                              
                                                                    [38;2;197;123;16m██[38;2;255;238;74m██[38;2;255;238;74m██[38;2;255;238;74m██[38;2;123;82;49m██      [38;2;197;123;16m██[38;2;255;238;74m██[38;2;255;238;74m██[38;2;255;238;74m██[38;2;255;238;74m██[38;2;123;82;49m██                            
                                                                      [38;2;197;123;16m██[38;2;255;238;74m██[38;2;255;238;74m██[38;2;255;238;74m██[38;2;123;82;49m██    [38;2;197;123;16m██[38;2;255;238;74m██[38;2;255;238;74m██[38;2;255;238;74m██[38;2;255;238;74m██[38;2;123;82;49m██                            
                                                                      [38;2;197;123;16m██[38;2;255;238;74m██[38;2;255;238;74m██[38;2;123;82;49m██      [38;2;197;123;16m██[38;2;255;246;205m██[38;2;255;238;74m██[38;2;255;238;74m██[38;2;123;82;49m██                              
                                                                  [38;2;197;123;16m██[38;2;197;123;16m██[38;2;255;246;205m██[38;2;255;238;74m██[38;2;123;82;49m██    [38;2;197;123;16m██[38;2;197;123;16m██[38;2;255;246;205m██[38;2;255;246;205m██[38;2;255;238;74m██[38;2;123;82;49m██                                
                                                                [38;2;197;123;16m██[38;2;255;246;205m██[38;2;255;246;205m██[38;2;255;246;205m██[38;2;255;238;74m██[38;2;123;82;49m██  [38;2;197;123;16m██[38;2;255;246;205m██[38;2;255;246;205m██[38;2;255;246;205m██[38;2;255;238;74m██[38;2;255;238;74m██[38;2;123;82;49m██                                
                                                              [38;2;197;123;16m██[38;2;255;246;205m██[38;2;255;246;205m██[38;2;255;238;74m██[38;2;255;238;74m██[38;2;255;238;74m██[38;2;255;238;74m██[38;2;123;82;49m██[38;2;197;123;16m██[38;2;255;238;74m██[38;2;255;238;74m██[38;2;255;238;74m██[38;2;255;238;74m██[38;2;255;238;74m██[38;2;230;189;49m██[38;2;123;82;49m██                              
                                                              [38;2;123;82;49m██[38;2;255;238;74m██[38;2;255;238;74m██[38;2;255;238;74m██[38;2;255;238;74m██[38;2;255;74;49m██[38;2;255;238;74m██[38;2;230;189;49m██[38;2;230;189;49m██[38;2;123;82;49m██[38;2;255;238;74m██[38;2;255;238;74m██[38;2;255;238;74m██[38;2;255;74;49m██[38;2;230;189;49m██[38;2;230;189;49m██[38;2;123;82;49m██                            
                                                                [38;2;123;82;49m██[38;2;255;238;74m██[38;2;255;74;49m██[38;2;255;238;74m██[38;2;255;74;49m██[38;2;255;74;49m██[38;2;230;189;49m██[38;2;230;189;49m██[38;2;255;74;49m██[38;2;123;82;49m██[38;2;255;238;74m██[38;2;255;74;49m██[38;2;255;74;49m██[38;2;230;189;49m██[38;2;230;189;49m██[38;2;0;0;0m██                            
                                                                  [38;2;106;32;32m██[38;2;106;32;32m██[38;2;255;74;49m██[38;2;255;74;49m██[38;2;255;74;49m██[38;2;255;74;49m██[38;2;106;32;32m██[38;2;106;32;32m██[38;2;255;74;49m██[38;2;255;74;49m██[38;2;255;74;49m██[38;2;230;189;49m██[38;2;230;189;49m██[38;2;230;189;49m██[38;2;0;0;0m██                            
                                                            [38;2;205;16;65m██[38;2;205;16;65m██[38;2;106;32;32m██[38;2;255;74;49m██[38;2;255;74;49m██[38;2;106;32;32m██[38;2;106;32;32m██[38;2;106;32;32m██[38;2;106;32;32m██[38;2;255;74;49m██[38;2;255;74;49m██[38;2;255;74;49m██[38;2;255;74;49m██[38;2;205;16;65m██[38;2;230;189;49m██[38;2;230;189;49m██[38;2;230;189;49m██[38;2;0;0;0m██                            
                                                          [38;2;205;16;65m██[38;2;255;74;49m██[38;2;255;139;98m██[38;2;255;139;98m██[38;2;106;32;32m██[38;2;106;32;32m██[38;2;255;74;49m██[38;2;255;139;98m██[38;2;255;139;98m██[38;2;255;74;49m██[38;2;255;74;49m██[38;2;255;74;49m██[38;2;255;74;49m██[38;2;205;16;65m██[38;2;230;189;49m██[38;2;230;189;49m██[38;2;230;189;49m██[38;2;0;0;0m██                              
                                                        [38;2;205;16;65m██[38;2;255;74;49m██[38;2;255;139;98m██[38;2;255;139;98m██[38;2;106;32;32m██[38;2;255;74;49m██[38;2;255;74;49m██[38;2;255;139;98m██[38;2;255;139;98m██[38;2;255;74;49m██[38;2;255;74;49m██[38;2;255;74;49m██[38;2;255;74;49m██[38;2;205;16;65m██[38;2;205;16;65m██[38;2;205;16;65m██[38;2;230;189;49m██[38;2;123;82;49m██                                
                                                        [38;2;106;32;32m██[38;2;255;74;49m██[38;2;255;74;49m██[38;2;255;74;49m██[38;2;0;0;0m██[38;2;205;16;65m██[38;2;255;74;49m██[38;2;255;74;49m██[38;2;255;74;49m██[38;2;255;74;49m██[38;2;255;74;49m██[38;2;205;16;65m██[38;2;205;16;65m██[38;2;205;16;65m██[38;2;205;16;65m██[38;2;205;16;65m██[38;2;230;189;49m██[38;2;0;0;0m██                                
                              [38;2;98;98;98m██[38;2;98;98;98m██                      [38;2;106;32;32m██[38;2;205;16;65m██[38;2;205;16;65m██[38;2;205;16;65m██[38;2;0;0;0m██[38;2;205;16;65m██[38;2;205;16;65m██[38;2;205;16;65m██[38;2;205;16;65m██[38;2;205;16;65m██[38;2;205;16;65m██[38;2;0;0;0m██[38;2;106;32;32m██[38;2;205;16;65m██[38;2;205;16;65m██[38;2;205;16;65m██[38;2;0;0;0m██                                  
                        [38;2;98;98;98m██[38;2;98;98;98m██  [38;2;0;0;0m██[38;2;255;255;255m██[38;2;98;98;98m██                  [38;2;106;32;32m██[38;2;106;32;32m██[38;2;0;0;0m██[38;2;205;16;65m██[38;2;106;32;32m██[38;2;205;16;65m██[38;2;0;0;0m██[38;2;0;0;0m██[38;2;106;32;32m██[38;2;106;32;32m██[38;2;0;0;0m██[38;2;0;0;0m██[38;2;205;16;65m██[38;2;205;16;65m██[38;2;205;16;65m██[38;2;205;16;65m██[38;2;205;16;65m██[38;2;106;32;32m██[38;2;106;32;32m██[38;2;106;32;32m██                              
                        [38;2;0;0;0m██[38;2;255;255;255m██[38;2;98;98;98m██[38;2;0;0;0m██[38;2;255;255;255m██[38;2;98;98;98m██                [38;2;106;32;32m██[38;2;255;205;189m██[38;2;255;205;189m██[38;2;106;32;32m██[38;2;106;32;32m██[38;2;197;197;197m██[38;2;205;16;65m██[38;2;205;16;65m██[38;2;197;197;197m██[38;2;255;255;255m██[38;2;255;255;255m██[38;2;255;255;255m██[38;2;255;255;255m██[38;2;106;32;32m██[38;2;205;16;65m██[38;2;205;16;65m██[38;2;205;16;65m██[38;2;205;16;65m██[38;2;205;16;65m██[38;2;205;16;65m██[38;2;0;0;0m██                              
                        [38;2;0;0;0m██[38;2;197;197;197m██[38;2;255;255;255m██[38;2;0;0;0m██[38;2;255;255;255m██[38;2;255;255;255m██[38;2;98;98;98m██            [38;2;106;32;32m██[38;2;255;139;98m██[38;2;98;98;98m██[38;2;255;205;189m██[38;2;255;205;189m██[38;2;255;205;189m██[38;2;255;139;98m██[38;2;255;139;98m██[38;2;106;32;32m██[38;2;205;16;65m██[38;2;0;0;0m██[38;2;255;255;255m██[38;2;197;197;197m██[38;2;106;32;32m██[38;2;205;16;65m██[38;2;205;16;65m██[38;2;255;74;49m██[38;2;255;74;49m██[38;2;255;74;49m██[38;2;205;16;65m██[38;2;0;0;0m██                                
                    [38;2;0;0;0m██[38;2;0;0;0m██[38;2;0;0;0m██[38;2;98;98;98m██[38;2;197;197;197m██[38;2;98;98;98m██[38;2;255;255;255m██[38;2;255;255;255m██[38;2;106;32;32m██            [38;2;106;32;32m██[38;2;255;139;98m██[38;2;0;0;0m██[38;2;98;98;98m██[38;2;255;205;189m██[38;2;255;205;189m██[38;2;255;205;189m██[38;2;255;205;189m██[38;2;255;139;98m██[38;2;106;32;32m██[38;2;205;16;65m██[38;2;205;16;65m██[38;2;205;16;65m██[38;2;205;16;65m██[38;2;255;74;49m██[38;2;255;74;49m██[38;2;255;74;49m██[38;2;255;74;49m██[38;2;255;74;49m██[38;2;205;16;65m██[38;2;205;16;65m██[38;2;0;0;0m██                              
                    [38;2;0;0;0m██[38;2;197;197;197m██[38;2;197;197;197m██[38;2;98;98;98m██[38;2;197;197;197m██[38;2;205;16;65m██[38;2;106;32;32m██[38;2;255;74;49m██[38;2;255;74;49m██[38;2;106;32;32m██  [38;2;106;32;32m██[38;2;106;32;32m██[38;2;106;32;32m██    [38;2;106;32;32m██[38;2;255;139;98m██[38;2;255;139;98m██[38;2;255;205;189m██[38;2;255;205;189m██[38;2;255;205;189m██[38;2;255;205;189m██[38;2;255;139;98m██[38;2;255;139;98m██[38;2;255;139;98m██[38;2;106;32;32m██[38;2;255;74;49m██[38;2;255;74;49m██[38;2;255;74;49m██[38;2;255;74;49m██[38;2;255;74;49m██[38;2;255;74;49m██[38;2;205;16;65m██[38;2;0;0;0m██[38;2;0;0;0m██                                
    [38;2;255;238;74m██                [38;2;0;0;0m██[38;2;0;0;0m██[38;2;205;16;65m██[38;2;205;16;65m██[38;2;205;16;65m██[38;2;205;16;65m██[38;2;255;74;49m██[38;2;255;74;49m██[38;2;106;32;32m██[38;2;106;32;32m██[38;2;255;74;49m██[38;2;255;74;49m██[38;2;106;32;32m██[38;2;106;32;32m██    [38;2;0;0;0m██[38;2;106;32;32m██[38;2;255;205;189m██[38;2;255;205;189m██[38;2;255;205;189m██[38;2;255;139;98m██[38;2;255;139;98m██[38;2;255;139;98m██[38;2;255;139;98m██[38;2;106;32;32m██[38;2;255;74;49m██[38;2;255;74;49m██[38;2;255;74;49m██[38;2;255;74;49m██[38;2;205;16;65m██[38;2;205;16;65m██[38;2;205;16;65m██[38;2;0;0;0m██                                  
      [38;2;255;238;74m██            [38;2;0;0;0m██[38;2;197;197;197m██[38;2;197;197;197m██[38;2;205;16;65m██[38;2;205;16;65m██[38;2;205;16;65m██[38;2;205;16;65m██[38;2;205;16;65m██[38;2;255;74;49m██[38;2;255;74;49m██[38;2;106;32;32m██[38;2;255;74;49m██[38;2;255;74;49m██[38;2;106;32;32m██[38;2;205;16;65m██[38;2;106;32;32m██[38;2;106;32;32m██    [38;2;0;0;0m██[38;2;106;32;32m██[38;2;255;139;98m██[38;2;255;139;98m██[38;2;106;32;32m██[38;2;106;32;32m██[38;2;106;32;32m██[38;2;205;16;65m██[38;2;205;16;65m██[38;2;205;16;65m██[38;2;205;16;65m██[38;2;205;16;65m██[38;2;205;16;65m██[38;2;205;16;65m██[38;2;0;0;0m██                        [38;2;98;98;98m██[38;2;98;98;98m██[38;2;98;98;98m██      
      [38;2;255;238;74m██[38;2;255;238;74m██            [38;2;0;0;0m██[38;2;106;32;32m██[38;2;205;16;65m██[38;2;205;16;65m██[38;2;205;16;65m██[38;2;205;16;65m██[38;2;205;16;65m██[38;2;255;74;49m██[38;2;255;74;49m██[38;2;0;0;0m██[38;2;255;74;49m██[38;2;106;32;32m██[38;2;205;16;65m██[38;2;106;32;32m██[38;2;255;74;49m██[38;2;255;74;49m██[38;2;106;32;32m██      [38;2;0;0;0m██[38;2;106;32;32m██[38;2;205;16;65m██[38;2;205;16;65m██[38;2;205;16;65m██[38;2;205;16;65m██[38;2;205;16;65m██[38;2;205;16;65m██[38;2;205;16;65m██[38;2;205;16;65m██[38;2;205;16;65m██[38;2;0;0;0m██                        [38;2;98;98;98m██[38;2;255;255;255m██[38;2;98;98;98m██[38;2;255;255;255m██[38;2;98;98;98m██    
    [38;2;255;238;74m██[38;2;255;238;74m██[38;2;255;238;74m██              [38;2;106;32;32m██[38;2;205;16;65m██[38;2;205;16;65m██[38;2;205;16;65m██[38;2;106;32;32m██[38;2;106;32;32m██[38;2;255;74;49m██[38;2;255;74;49m██[38;2;0;0;0m██[38;2;255;74;49m██[38;2;255;74;49m██[38;2;106;32;32m██[38;2;255;74;49m██[38;2;255;74;49m██[38;2;255;74;49m██[38;2;106;32;32m██[38;2;106;32;32m██[38;2;106;32;32m██[38;2;106;32;32m██[38;2;106;32;32m██[38;2;106;32;32m██[38;2;0;0;0m██[38;2;0;0;0m██[38;2;205;16;65m██[38;2;205;16;65m██[38;2;205;16;65m██[38;2;205;16;65m██[38;2;205;16;65m██[38;2;106;32;32m██[38;2;0;0;0m██[38;2;123;82;49m██[38;2;123;82;49m██[38;2;123;82;49m██    [38;2;106;32;32m██[38;2;106;32;32m██[38;2;106;32;32m██  [38;2;106;32;32m██[38;2;106;32;32m██  [38;2;98;98;98m██[38;2;255;255;255m██[38;2;98;98;98m██[38;2;255;255;255m██[38;2;255;255;255m██[38;2;98;98;98m██[38;2;98;98;98m██  
  [38;2;255;238;74m██[38;2;255;238;74m██[38;2;255;238;74m██[38;2;255;238;74m██    [38;2;255;238;74m██          [38;2;106;32;32m██[38;2;0;0;0m██[38;2;98;98;98m██[38;2;255;255;255m██[38;2;255;255;255m██[38;2;255;74;49m██[38;2;0;0;0m██[38;2;255;74;49m██[38;2;255;74;49m██[38;2;255;74;49m██[38;2;106;32;32m██[38;2;255;74;49m██[38;2;255;74;49m██[38;2;106;32;32m██[38;2;106;32;32m██[38;2;255;74;49m██[38;2;106;32;32m██[38;2;255;238;74m██[38;2;255;238;74m██[38;2;123;82;49m██[38;2;123;82;49m██[38;2;98;98;98m██[38;2;106;32;32m██[38;2;0;0;0m██[38;2;0;0;0m██[38;2;0;0;0m██[38;2;106;32;32m██[38;2;98;98;98m██[38;2;0;0;0m██[38;2;255;238;74m██[38;2;255;238;74m██[38;2;255;238;74m██[38;2;197;123;16m██[38;2;123;82;49m██[38;2;255;74;49m██[38;2;255;74;49m██[38;2;106;32;32m██  [38;2;106;32;32m██[38;2;255;74;49m██[38;2;106;32;32m██[38;2;98;98;98m██[38;2;106;32;32m██[38;2;106;32;32m██[38;2;255;255;255m██[38;2;98;98;98m██[38;2;98;98;98m██[38;2;255;255;255m██[38;2;98;98;98m██
[38;2;255;238;74m██[38;2;255;238;74m██[38;2;255;238;74m██[38;2;255;238;74m██    [38;2;255;238;74m██[38;2;255;238;74m██  [38;2;255;238;74m██        [38;2;0;0;0m██[38;2;255;255;255m██[38;2;255;255;255m██[38;2;255;255;255m██[38;2;0;0;0m██[38;2;255;74;49m██[38;2;255;74;49m██[38;2;0;0;0m██[38;2;0;0;0m██[38;2;0;0;0m██[38;2;255;74;49m██[38;2;106;32;32m██[38;2;106;32;32m██[38;2;205;16;65m██[38;2;255;74;49m██[38;2;106;32;32m██[38;2;255;238;74m██[38;2;255;238;74m██[38;2;255;238;74m██[38;2;255;238;74m██[38;2;123;82;49m██[38;2;98;98;98m██[38;2;98;98;98m██[38;2;98;98;98m██[38;2;98;98;98m██[38;2;98;98;98m██[38;2;98;98;98m██[38;2;0;0;0m██[38;2;106;32;32m██[38;2;255;238;74m██[38;2;255;238;74m██[38;2;255;238;74m██[38;2;255;238;74m██[38;2;123;82;49m██[38;2;255;74;49m██[38;2;255;74;49m██[38;2;106;32;32m██[38;2;255;74;49m██[38;2;255;74;49m██[38;2;106;32;32m██[38;2;106;32;32m██[38;2;255;74;49m██[38;2;106;32;32m██[38;2;255;255;255m██[38;2;98;98;98m██[38;2;255;255;255m██[38;2;255;255;255m██[38;2;0;0;0m██
[38;2;255;238;74m██[38;2;255;238;74m██[38;2;255;238;74m██[38;2;255;238;74m██    [38;2;255;238;74m██[38;2;255;238;74m██[38;2;255;238;74m██          [38;2;0;0;0m██[38;2;0;0;0m██[38;2;0;0;0m██[38;2;106;32;32m██[38;2;205;16;65m██[38;2;255;74;49m██[38;2;255;74;49m██[38;2;106;32;32m██[38;2;205;16;65m██[38;2;205;16;65m██[38;2;205;16;65m██[38;2;255;74;49m██[38;2;255;74;49m██[38;2;106;32;32m██[38;2;205;16;65m██[38;2;205;16;65m██[38;2;106;32;32m██[38;2;106;32;32m██[38;2;255;238;74m██[38;2;255;238;74m██[38;2;255;238;74m██[38;2;123;82;49m██[38;2;98;98;98m██[38;2;98;98;98m██[38;2;98;98;98m██[38;2;98;98;98m██[38;2;106;32;32m██[38;2;0;0;0m██[38;2;255;74;49m██[38;2;106;32;32m██[38;2;255;238;74m██[38;2;255;238;74m██[38;2;255;238;74m██[38;2;255;238;74m██[38;2;123;82;49m██[38;2;255;74;49m██[38;2;106;32;32m██[38;2;255;74;49m██[38;2;255;74;49m██[38;2;255;74;49m██[38;2;255;74;49m██[38;2;255;74;49m██[38;2;106;32;32m██[38;2;106;32;32m██[38;2;255;74;49m██[38;2;255;255;255m██[38;2;0;0;0m██  
[38;2;255;238;74m██[38;2;255;238;74m██[38;2;255;238;74m██[38;2;255;238;74m██[38;2;255;238;74m██[38;2;255;238;74m██[38;2;255;238;74m██[38;2;255;238;74m██[38;2;255;238;74m██        [38;2;0;0;0m██[38;2;205;16;65m██[38;2;205;16;65m██[38;2;205;16;65m██[38;2;205;16;65m██[38;2;205;16;65m██[38;2;205;16;65m██[38;2;255;74;49m██[38;2;255;74;49m██[38;2;106;32;32m██[38;2;205;16;65m██[38;2;205;16;65m██[38;2;255;74;49m██[38;2;255;74;49m██[38;2;106;32;32m██[38;2;255;74;49m██[38;2;255;74;49m██[38;2;255;74;49m██[38;2;106;32;32m██[38;2;255;238;74m██[38;2;255;238;74m██[38;2;255;238;74m██[38;2;123;82;49m██[38;2;0;0;0m██[38;2;0;0;0m██[38;2;0;0;0m██[38;2;106;32;32m██[38;2;255;74;49m██[38;2;255;74;49m██[38;2;255;74;49m██[38;2;255;74;49m██[38;2;106;32;32m██[38;2;255;238;74m██[38;2;255;238;74m██[38;2;255;238;74m██[38;2;123;82;49m██[38;2;106;32;32m██[38;2;106;32;32m██[38;2;106;32;32m██[38;2;106;32;32m██[38;2;255;74;49m██[38;2;106;32;32m██[38;2;106;32;32m██[38;2;255;74;49m██[38;2;106;32;32m██[38;2;255;74;49m██[38;2;255;74;49m██[38;2;106;32;32m██  
  [38;2;255;238;74m██[38;2;255;238;74m██[38;2;255;238;74m██[38;2;255;238;74m██[38;2;255;238;74m██[38;2;255;238;74m██[38;2;255;238;74m██[38;2;255;74;49m██[38;2;205;16;65m██      [38;2;0;0;0m██[38;2;0;0;0m██[38;2;205;16;65m██[38;2;0;0;0m██[38;2;255;74;49m██[38;2;205;16;65m██[38;2;0;0;0m██[38;2;255;74;49m██[38;2;255;74;49m██[38;2;106;32;32m██[38;2;205;16;65m██[38;2;0;0;0m██[38;2;0;0;0m██[38;2;0;0;0m██[38;2;0;0;0m██[38;2;255;74;49m██[38;2;255;74;49m██[38;2;255;74;49m██[38;2;106;32;32m██[38;2;255;238;74m██[38;2;255;238;74m██[38;2;255;238;74m██[38;2;255;238;74m██[38;2;123;82;49m██[38;2;255;74;49m██[38;2;255;74;49m██[38;2;255;74;49m██[38;2;255;74;49m██[38;2;255;74;49m██[38;2;255;74;49m██[38;2;255;74;49m██[38;2;255;74;49m██[38;2;106;32;32m██[38;2;255;238;74m██[38;2;255;238;74m██[38;2;230;189;49m██[38;2;123;82;49m██[38;2;255;74;49m██[38;2;255;74;49m██[38;2;106;32;32m██[38;2;205;16;65m██[38;2;255;74;49m██[38;2;106;32;32m██[38;2;255;74;49m██[38;2;106;32;32m██[38;2;255;74;49m██[38;2;106;32;32m██    
    [38;2;255;238;74m██[38;2;255;238;74m██[38;2;255;238;74m██[38;2;255;74;49m██[38;2;255;238;74m██[38;2;255;238;74m██[38;2;255;238;74m██[38;2;255;74;49m██[38;2;205;16;65m██      [38;2;0;0;0m██[38;2;0;0;0m██[38;2;0;0;0m██[38;2;255;74;49m██[38;2;0;0;0m██[38;2;205;16;65m██[38;2;0;0;0m██[38;2;0;0;0m██[38;2;205;16;65m██[38;2;205;16;65m██[38;2;255;74;49m██[38;2;106;32;32m██[38;2;205;16;65m██[38;2;205;16;65m██[38;2;205;16;65m██[38;2;106;32;32m██[38;2;106;32;32m██[38;2;106;32;32m██[38;2;255;238;74m██[38;2;255;238;74m██[38;2;255;238;74m██[38;2;255;238;74m██[38;2;123;82;49m██[38;2;255;74;49m██[38;2;255;74;49m██[38;2;255;74;49m██[38;2;255;74;49m██[38;2;255;74;49m██[38;2;255;74;49m██[38;2;255;74;49m██[38;2;255;74;49m██[38;2;106;32;32m██[38;2;230;189;49m██[38;2;230;189;49m██[38;2;230;189;49m██[38;2;123;82;49m██[38;2;255;74;49m██[38;2;255;74;49m██[38;2;106;32;32m██[38;2;255;74;49m██[38;2;255;74;49m██[38;2;106;32;32m██[38;2;106;32;32m██[38;2;106;32;32m██[38;2;255;74;49m██[38;2;0;0;0m██    
      [38;2;255;238;74m██[38;2;255;238;74m██[38;2;255;238;74m██[38;2;255;74;49m██[38;2;255;238;74m██[38;2;255;238;74m██[38;2;255;74;49m██[38;2;255;74;49m██[38;2;205;16;65m██        [38;2;0;0;0m██[38;2;0;0;0m██[38;2;0;0;0m██[38;2;106;32;32m██[38;2;205;16;65m██[38;2;205;16;65m██[38;2;106;32;32m██[38;2;255;74;49m██[38;2;255;74;49m██[38;2;106;32;32m██[38;2;205;16;65m██[38;2;205;16;65m██[38;2;255;74;49m██[38;2;255;74;49m██[38;2;106;32;32m██[38;2;255;238;74m██[38;2;255;238;74m██[38;2;255;238;74m██[38;2;255;238;74m██[38;2;255;238;74m██[38;2;123;82;49m██[38;2;255;74;49m██[38;2;255;74;49m██[38;2;255;74;49m██[38;2;255;74;49m██[38;2;255;74;49m██[38;2;255;74;49m██[38;2;255;74;49m██[38;2;255;74;49m██[38;2;255;74;49m██[38;2;106;32;32m██[38;2;230;189;49m██[38;2;230;189;49m██[38;2;123;82;49m██[38;2;205;16;65m██[38;2;106;32;32m██[38;2;205;16;65m██[38;2;106;32;32m██[38;2;0;0;0m██[38;2;0;0;0m██[38;2;205;16;65m██[38;2;205;16;65m██[38;2;205;16;65m██[38;2;0;0;0m██    
      [38;2;255;238;74m██[38;2;255;238;74m██[38;2;255;238;74m██[38;2;255;74;49m██[38;2;255;74;49m██[38;2;255;238;74m██[38;2;255;74;49m██[38;2;255;74;49m██[38;2;205;16;65m██              [38;2;0;0;0m██[38;2;205;16;65m██[38;2;205;16;65m██[38;2;106;32;32m██[38;2;255;74;49m██[38;2;0;0;0m██[38;2;205;16;65m██[38;2;0;0;0m██[38;2;0;0;0m██[38;2;255;74;49m██[38;2;255;74;49m██[38;2;106;32;32m██[38;2;230;189;49m██[38;2;255;238;74m██[38;2;255;238;74m██[38;2;255;238;74m██[38;2;255;238;74m██[38;2;123;82;49m██[38;2;255;74;49m██[38;2;255;74;49m██[38;2;255;74;49m██[38;2;255;74;49m██[38;2;255;74;49m██[38;2;255;74;49m██[38;2;255;74;49m██[38;2;255;74;49m██[38;2;255;74;49m██[38;2;106;32;32m██[38;2;230;189;49m██[38;2;230;189;49m██[38;2;123;82;49m██[38;2;106;32;32m██[38;2;106;32;32m██[38;2;205;16;65m██[38;2;0;0;0m██[38;2;205;16;65m██[38;2;106;32;32m██[38;2;106;32;32m██[38;2;205;16;65m██[38;2;255;255;255m██[38;2;0;0;0m██    
      [38;2;255;238;74m██[38;2;255;238;74m██[38;2;255;74;49m██[38;2;255;74;49m██[38;2;255;74;49m██[38;2;255;74;49m██[38;2;255;74;49m██[38;2;205;16;65m██[38;2;205;16;65m██              [38;2;0;0;0m██[38;2;0;0;0m██[38;2;0;0;0m██  [38;2;0;0;0m██[38;2;205;16;65m██[38;2;205;16;65m██[38;2;0;0;0m██[38;2;230;189;49m██[38;2;0;0;0m██[38;2;106;32;32m██[38;2;230;189;49m██[38;2;230;189;49m██[38;2;230;189;49m██[38;2;255;238;74m██[38;2;255;238;74m██[38;2;197;123;16m██[38;2;255;74;49m██[38;2;255;74;49m██[38;2;255;74;49m██[38;2;255;74;49m██[38;2;255;74;49m██[38;2;255;74;49m██[38;2;255;74;49m██[38;2;255;74;49m██[38;2;255;74;49m██[38;2;255;74;49m██[38;2;255;74;49m██[38;2;106;32;32m██[38;2;230;189;49m██[38;2;123;82;49m██[38;2;0;0;0m██[38;2;205;16;65m██[38;2;0;0;0m██[38;2;205;16;65m██[38;2;205;16;65m██[38;2;106;32;32m██[38;2;0;0;0m██[38;2;197;197;197m██[38;2;255;255;255m██[38;2;0;0;0m██    
    [38;2;255;238;74m██[38;2;255;238;74m██[38;2;255;238;74m██[38;2;205;16;65m██[38;2;205;16;65m██[38;2;255;74;49m██[38;2;255;74;49m██[38;2;255;74;49m██[38;2;205;16;65m██[38;2;205;16;65m██                      [38;2;0;0;0m██[38;2;205;16;65m██[38;2;205;16;65m██[38;2;0;0;0m██[38;2;230;189;49m██[38;2;230;189;49m██[38;2;230;189;49m██[38;2;230;189;49m██[38;2;230;189;49m██[38;2;230;189;49m██[38;2;230;189;49m██[38;2;230;189;49m██[38;2;123;82;49m██[38;2;255;74;49m██[38;2;255;74;49m██[38;2;255;74;49m██[38;2;255;74;49m██[38;2;255;74;49m██[38;2;255;74;49m██[38;2;255;74;49m██[38;2;255;74;49m██[38;2;255;74;49m██[38;2;255;74;49m██[38;2;255;74;49m██[38;2;106;32;32m██[38;2;123;82;49m██[38;2;205;16;65m██[38;2;205;16;65m██[38;2;0;0;0m██[38;2;0;0;0m██[38;2;205;16;65m██[38;2;0;0;0m██    [38;2;0;0;0m██[38;2;197;197;197m██[38;2;255;255;255m██[38;2;0;0;0m██  
    [38;2;255;238;74m██[38;2;255;238;74m██[38;2;255;238;74m██[38;2;255;238;74m██[38;2;255;74;49m██[38;2;205;16;65m██[38;2;255;74;49m██[38;2;205;16;65m██[38;2;205;16;65m██                          [38;2;0;0;0m██[38;2;0;0;0m██[38;2;230;189;49m██[38;2;230;189;49m██[38;2;230;189;49m██[38;2;230;189;49m██[38;2;230;189;49m██[38;2;230;189;49m██[38;2;230;189;49m██[38;2;230;189;49m██[38;2;0;0;0m██[38;2;255;74;49m██[38;2;255;74;49m██[38;2;255;238;74m██[38;2;255;74;49m██[38;2;255;74;49m██[38;2;255;74;49m██[38;2;255;74;49m██[38;2;255;238;74m██[38;2;255;139;98m██[38;2;255;74;49m██[38;2;255;74;49m██[38;2;255;74;49m██[38;2;255;74;49m██[38;2;106;32;32m██[38;2;205;16;65m██[38;2;205;16;65m██[38;2;0;0;0m██  [38;2;0;0;0m██[38;2;0;0;0m██      [38;2;106;32;32m██[38;2;0;0;0m██[38;2;0;0;0m██  
    [38;2;255;238;74m██[38;2;255;238;74m██[38;2;255;74;49m██[38;2;255;238;74m██[38;2;255;74;49m██[38;2;255;74;49m██[38;2;205;16;65m██[38;2;205;16;65m██[38;2;205;16;65m██                              [38;2;0;0;0m██[38;2;0;0;0m██[38;2;230;189;49m██[38;2;230;189;49m██[38;2;230;189;49m██[38;2;230;189;49m██[38;2;123;82;49m██[38;2;0;0;0m██[38;2;255;74;49m██[38;2;255;74;49m██[38;2;255;238;74m██[38;2;255;139;98m██[38;2;255;74;49m██[38;2;255;74;49m██[38;2;255;74;49m██[38;2;255;74;49m██[38;2;255;74;49m██[38;2;255;238;74m██[38;2;255;238;74m██[38;2;255;74;49m██[38;2;255;74;49m██[38;2;255;74;49m██[38;2;0;0;0m██[38;2;0;0;0m██[38;2;0;0;0m██                      
      [38;2;205;16;65m██[38;2;255;74;49m██[38;2;255;74;49m██[38;2;255;74;49m██[38;2;205;16;65m██[38;2;205;16;65m██[38;2;255;74;49m██[38;2;255;74;49m██                [38;2;106;32;32m██[38;2;106;32;32m██[38;2;106;32;32m██[38;2;106;32;32m██[38;2;106;32;32m██[38;2;106;32;32m██[38;2;106;32;32m██[38;2;0;0;0m██[38;2;205;16;65m██[38;2;0;0;0m██[38;2;0;0;0m██[38;2;0;0;0m██[38;2;0;0;0m██[38;2;255;74;49m██[38;2;255;74;49m██[38;2;255;74;49m██[38;2;255;74;49m██[38;2;255;139;98m██[38;2;255;238;74m██[38;2;255;139;98m██[38;2;255;74;49m██[38;2;255;74;49m██[38;2;255;74;49m██[38;2;255;74;49m██[38;2;255;74;49m██[38;2;255;238;74m██[38;2;255;238;74m██[38;2;255;74;49m██[38;2;255;74;49m██[38;2;0;0;0m██                          
        [38;2;205;16;65m██[38;2;205;16;65m██[38;2;205;16;65m██    [38;2;255;74;49m██[38;2;255;139;98m██[38;2;255;74;49m██              [38;2;106;32;32m██[38;2;255;74;49m██[38;2;255;74;49m██[38;2;255;74;49m██[38;2;255;74;49m██[38;2;205;16;65m██[38;2;0;0;0m██[38;2;255;74;49m██[38;2;255;74;49m██[38;2;255;74;49m██[38;2;255;74;49m██[38;2;255;74;49m██[38;2;255;74;49m██[38;2;255;74;49m██[38;2;255;74;49m██[38;2;255;74;49m██[38;2;255;74;49m██[38;2;255;139;98m██[38;2;255;238;74m██[38;2;255;238;74m██[38;2;255;74;49m██[38;2;255;74;49m██[38;2;255;74;49m██[38;2;255;139;98m██[38;2;255;238;74m██[38;2;255;238;74m██[38;2;255;238;74m██[38;2;255;238;74m██[38;2;255;74;49m██[38;2;255;74;49m██[38;2;106;32;32m██                        
                  [38;2;255;74;49m██[38;2;255;139;98m██[38;2;255;74;49m██                [38;2;0;0;0m██[38;2;106;32;32m██[38;2;255;74;49m██[38;2;205;16;65m██[38;2;205;16;65m██[38;2;0;0;0m██[38;2;255;74;49m██[38;2;123;82;49m██[38;2;123;82;49m██[38;2;123;82;49m██[38;2;255;74;49m██[38;2;255;74;49m██[38;2;255;74;49m██[38;2;255;74;49m██[38;2;255;74;49m██[38;2;255;139;98m██[38;2;255;238;74m██[38;2;255;238;74m██[38;2;255;139;98m██[38;2;255;74;49m██[38;2;255;74;49m██[38;2;255;74;49m██[38;2;255;238;74m██[38;2;255;238;74m██[38;2;255;238;74m██[38;2;255;238;74m██[38;2;255;238;74m██[38;2;255;139;98m██[38;2;255;74;49m██[38;2;106;32;32m██[38;2;123;82;49m██                      
                  [38;2;255;74;49m██[38;2;255;139;98m██[38;2;255;139;98m██[38;2;205;16;65m██                  [38;2;0;0;0m██[38;2;106;32;32m██[38;2;205;16;65m██[38;2;123;82;49m██[38;2;123;82;49m██[38;2;255;238;74m██[38;2;255;238;74m██[38;2;255;238;74m██[38;2;123;82;49m██[38;2;123;82;49m██[38;2;255;74;49m██[38;2;255;74;49m██[38;2;255;74;49m██[38;2;255;238;74m██[38;2;255;238;74m██[38;2;255;238;74m██[38;2;255;74;49m██[38;2;255;74;49m██[38;2;255;74;49m██[38;2;255;74;49m██[38;2;255;238;74m██[38;2;255;238;74m██[38;2;255;238;74m██[38;2;255;238;74m██[38;2;255;238;74m██[38;2;255;238;74m██[38;2;255;74;49m██[38;2;106;32;32m██[38;2;230;189;49m██[38;2;123;82;49m██                    
                    [38;2;255;74;49m██[38;2;255;139;98m██[38;2;205;16;65m██                      [38;2;123;82;49m██[38;2;255;246;205m██[38;2;255;246;205m██[38;2;255;238;74m██[38;2;255;238;74m██[38;2;255;238;74m██[38;2;255;238;74m██[38;2;255;238;74m██[38;2;123;82;49m██[38;2;255;74;49m██[38;2;255;238;74m██[38;2;255;238;74m██[38;2;255;238;74m██[38;2;255;238;74m██[38;2;255;238;74m██[38;2;255;74;49m██[38;2;255;74;49m██[38;2;255;74;49m██[38;2;255;139;98m██[38;2;255;238;74m██[38;2;255;238;74m██[38;2;255;238;74m██[38;2;255;238;74m██[38;2;255;238;74m██[38;2;255;74;49m██[38;2;106;32;32m██[38;2;230;189;49m██[38;2;197;123;16m██                    
                    [38;2;205;16;65m██[38;2;255;74;49m██[38;2;255;74;49m██[38;2;123;82;49m██                  [38;2;123;82;49m██[38;2;255;238;74m██[38;2;255;246;205m██[38;2;255;246;205m██[38;2;255;246;205m██[38;2;255;238;74m██[38;2;255;238;74m██[38;2;255;238;74m██[38;2;255;238;74m██[38;2;255;238;74m██[38;2;123;82;49m██[38;2;255;238;74m██[38;2;255;238;74m██[38;2;255;238;74m██[38;2;255;238;74m██[38;2;255;238;74m██[38;2;255;238;74m██[38;2;255;139;98m██[38;2;255;74;49m██[38;2;255;74;49m██[38;2;255;139;98m██[38;2;255;238;74m██[38;2;255;238;74m██[38;2;255;238;74m██[38;2;255;238;74m██[38;2;123;82;49m██[38;2;230;189;49m██[38;2;230;189;49m██[38;2;230;189;49m██[38;2;123;82;49m██                  
                    [38;2;205;16;65m██[38;2;255;74;49m██[38;2;255;74;49m██[38;2;255;238;74m██[38;2;197;123;16m██                [38;2;197;123;16m██[38;2;255;246;205m██[38;2;255;246;205m██[38;2;255;246;205m██[38;2;255;246;205m██[38;2;255;238;74m██[38;2;255;238;74m██[38;2;255;238;74m██[38;2;255;238;74m██[38;2;255;238;74m██[38;2;197;123;16m██[38;2;230;189;49m██[38;2;230;189;49m██[38;2;255;238;74m██[38;2;255;238;74m██[38;2;255;238;74m██[38;2;255;238;74m██[38;2;255;238;74m██[38;2;255;139;98m██[38;2;255;74;49m██[38;2;255;74;49m██[38;2;255;238;74m██[38;2;255;238;74m██[38;2;255;238;74m██[38;2;255;238;74m██[38;2;123;82;49m██[38;2;230;189;49m██[38;2;230;189;49m██[38;2;230;189;49m██[38;2;0;0;0m██                  
                      [38;2;0;0;0m██[38;2;255;238;74m██[38;2;255;238;74m██[38;2;255;238;74m██[38;2;197;123;16m██[38;2;123;82;49m██          [38;2;123;82;49m██[38;2;255;238;74m██[38;2;255;238;74m██[38;2;255;246;205m██[38;2;255;246;205m██[38;2;255;238;74m██[38;2;255;238;74m██[38;2;255;238;74m██[38;2;255;238;74m██[38;2;255;238;74m██[38;2;255;238;74m██[38;2;255;238;74m██[38;2;123;82;49m██[38;2;230;189;49m██[38;2;230;189;49m██[38;2;230;189;49m██[38;2;255;238;74m██[38;2;255;238;74m██[38;2;255;238;74m██[38;2;255;238;74m██[38;2;255;139;98m██[38;2;255;74;49m██[38;2;255;238;74m██[38;2;255;238;74m██[38;2;255;238;74m██[38;2;197;123;16m██[38;2;230;189;49m██[38;2;230;189;49m██[38;2;230;189;49m██[38;2;230;189;49m██[38;2;0;0;0m██                  
                      [38;2;0;0;0m██[38;2;255;238;74m██[38;2;255;238;74m██[38;2;255;238;74m██[38;2;255;238;74m██[38;2;255;238;74m██[38;2;197;123;16m██[38;2;123;82;49m██      [38;2;123;82;49m██[38;2;255;238;74m██[38;2;255;238;74m██[38;2;255;238;74m██[38;2;255;238;74m██[38;2;255;238;74m██[38;2;255;238;74m██[38;2;255;238;74m██[38;2;255;238;74m██[38;2;255;238;74m██[38;2;255;238;74m██[38;2;255;238;74m██[38;2;123;82;49m██[38;2;230;189;49m██[38;2;230;189;49m██[38;2;230;189;49m██[38;2;230;189;49m██[38;2;230;189;49m██[38;2;230;189;49m██[38;2;255;238;74m██[38;2;255;74;49m██[38;2;230;189;49m██[38;2;255;238;74m██[38;2;255;238;74m██[38;2;230;189;49m██[38;2;123;82;49m██[38;2;230;189;49m██[38;2;230;189;49m██[38;2;230;189;49m██[38;2;230;189;49m██[38;2;0;0;0m██                  
                        [38;2;123;82;49m██[38;2;255;238;74m██[38;2;255;238;74m██[38;2;255;238;74m██[38;2;255;238;74m██[38;2;255;238;74m██[38;2;255;238;74m██[38;2;123;82;49m██[38;2;123;82;49m██[38;2;123;82;49m██[38;2;123;82;49m██[38;2;255;238;74m██[38;2;255;238;74m██[38;2;255;238;74m██[38;2;255;238;74m██[38;2;255;238;74m██[38;2;255;238;74m██[38;2;255;238;74m██[38;2;255;238;74m██[38;2;255;238;74m██[38;2;230;189;49m██[38;2;230;189;49m██[38;2;123;82;49m██[38;2;230;189;49m██[38;2;230;189;49m██[38;2;230;189;49m██[38;2;230;189;49m██[38;2;230;189;49m██[38;2;230;189;49m██[38;2;230;189;49m██[38;2;230;189;49m██[38;2;230;189;49m██[38;2;230;189;49m██[38;2;230;189;49m██[38;2;123;82;49m██[38;2;230;189;49m██[38;2;230;189;49m██[38;2;230;189;49m██[38;2;230;189;49m██[38;2;123;82;49m██                    
                        [38;2;0;0;0m██[38;2;255;238;74m██[38;2;255;238;74m██[38;2;255;238;74m██[38;2;255;238;74m██[38;2;255;238;74m██[38;2;255;238;74m██[38;2;255;238;74m██[38;2;230;189;49m██[38;2;230;189;49m██[38;2;123;82;49m██[38;2;230;189;49m██[38;2;255;238;74m██[38;2;255;238;74m██[38;2;255;238;74m██[38;2;255;238;74m██[38;2;255;238;74m██[38;2;230;189;49m██[38;2;230;189;49m██[38;2;230;189;49m██[38;2;230;189;49m██[38;2;230;189;49m██[38;2;123;82;49m██[38;2;230;189;49m██[38;2;230;189;49m██[38;2;230;189;49m██[38;2;230;189;49m██[38;2;230;189;49m██[38;2;230;189;49m██[38;2;230;189;49m██[38;2;230;189;49m██[38;2;230;189;49m██[38;2;197;123;16m██[38;2;123;82;49m██[38;2;230;189;49m██[38;2;230;189;49m██[38;2;230;189;49m██[38;2;230;189;49m██[38;2;230;189;49m██[38;2;0;0;0m██                    
                          [38;2;0;0;0m██[38;2;255;238;74m██[38;2;255;238;74m██[38;2;255;238;74m██[38;2;255;238;74m██[38;2;255;238;74m██[38;2;230;189;49m██[38;2;230;189;49m██[38;2;230;189;49m██[38;2;230;189;49m██[38;2;123;82;49m██[38;2;230;189;49m██[38;2;230;189;49m██[38;2;230;189;49m██[38;2;230;189;49m██[38;2;230;189;49m██[38;2;230;189;49m██[38;2;230;189;49m██[38;2;230;189;49m██[38;2;230;189;49m██[38;2;123;82;49m██[38;2;230;189;49m██[38;2;230;189;49m██[38;2;230;189;49m██[38;2;230;189;49m██[38;2;230;189;49m██[38;2;230;189;49m██[38;2;230;189;49m██[38;2;230;189;49m██[38;2;197;123;16m██[38;2;123;82;49m██[38;2;230;189;49m██[38;2;230;189;49m██[38;2;230;189;49m██[38;2;230;189;49m██[38;2;230;189;49m██[38;2;230;189;49m██[38;2;0;0;0m██                      
                            [38;2;0;0;0m██[38;2;255;238;74m██[38;2;255;238;74m██[38;2;255;238;74m██[38;2;255;238;74m██[38;2;230;189;49m██[38;2;230;189;49m██[38;2;230;189;49m██[38;2;230;189;49m██[38;2;0;0;0m██[38;2;230;189;49m██[38;2;230;189;49m██[38;2;230;189;49m██[38;2;230;189;49m██[38;2;230;189;49m██[38;2;230;189;49m██[38;2;230;189;49m██[38;2;230;189;49m██[38;2;230;189;49m██[38;2;0;0;0m██[38;2;230;189;49m██[38;2;230;189;49m██[38;2;230;189;49m██[38;2;230;189;49m██[38;2;230;189;49m██[38;2;197;123;16m██[38;2;123;82;49m██[38;2;123;82;49m██[38;2;0;0;0m██[38;2;0;0;0m██[38;2;230;189;49m██[38;2;230;189;49m██[38;2;230;189;49m██[38;2;230;189;49m██[38;2;0;0;0m██[38;2;0;0;0m██                        
                              [38;2;0;0;0m██[38;2;255;238;74m██[38;2;255;238;74m██[38;2;230;189;49m██[38;2;230;189;49m██[38;2;230;189;49m██[38;2;230;189;49m██[38;2;230;189;49m██[38;2;0;0;0m██[38;2;0;0;0m██[38;2;0;0;0m██[38;2;230;189;49m██[38;2;230;189;49m██[38;2;230;189;49m██[38;2;230;189;49m██[38;2;230;189;49m██[38;2;230;189;49m██[38;2;0;0;0m██[38;2;123;82;49m██[38;2;123;82;49m██[38;2;123;82;49m██[38;2;123;82;49m██[38;2;123;82;49m██[38;2;123;82;49m██[38;2;230;189;49m██[38;2;0;0;0m██[38;2;0;0;0m██    [38;2;0;0;0m██[38;2;0;0;0m██[38;2;0;0;0m██[38;2;0;0;0m██[38;2;98;98;98m██[38;2;98;98;98m██[38;2;0;0;0m██                      
                                [38;2;0;0;0m██[38;2;255;238;74m██[38;2;230;189;49m██[38;2;230;189;49m██[38;2;230;189;49m██[38;2;230;189;49m██[38;2;0;0;0m██[38;2;98;98;98m██[38;2;98;98;98m██[38;2;98;98;98m██[38;2;0;0;0m██[38;2;230;189;49m██[38;2;230;189;49m██[38;2;230;189;49m██[38;2;123;82;49m██[38;2;0;0;0m██[38;2;230;189;49m██[38;2;230;189;49m██[38;2;230;189;49m██[38;2;230;189;49m██[38;2;230;189;49m██[38;2;230;189;49m██[38;2;0;0;0m██[38;2;0;0;0m██            [38;2;0;0;0m██[38;2;98;98;98m██[38;2;98;98;98m██[38;2;98;98;98m██[38;2;0;0;0m██                      
                                  [38;2;0;0;0m██[38;2;0;0;0m██[38;2;230;189;49m██[38;2;230;189;49m██[38;2;230;189;49m██[38;2;0;0;0m██[38;2;98;98;98m██[38;2;98;98;98m██[38;2;98;98;98m██[38;2;98;98;98m██[38;2;0;0;0m██[38;2;0;0;0m██[38;2;0;0;0m██[38;2;230;189;49m██[38;2;230;189;49m██[38;2;230;189;49m██[38;2;230;189;49m██[38;2;230;189;49m██[38;2;0;0;0m██[38;2;0;0;0m██[38;2;0;0;0m██                [38;2;0;0;0m██[38;2;98;98;98m██[38;2;98;98;98m██[38;2;98;98;98m██[38;2;98;98;98m██[38;2;106;32;32m██[38;2;106;32;32m██                  
                                      [38;2;123;82;49m██[38;2;123;82;49m██[38;2;106;32;32m██[38;2;106;32;32m██[38;2;98;98;98m██[38;2;98;98;98m██[38;2;98;98;98m██[38;2;0;0;0m██[38;2;230;189;49m██[38;2;230;189;49m██[38;2;230;189;49m██[38;2;230;189;49m██[38;2;230;189;49m██[38;2;0;0;0m██[38;2;0;0;0m██[38;2;0;0;0m██                    [38;2;0;0;0m██[38;2;255;74;49m██[38;2;106;32;32m██[38;2;0;0;0m██[38;2;0;0;0m██[38;2;205;16;65m██[38;2;205;16;65m██[38;2;205;16;65m██[38;2;205;16;65m██[38;2;106;32;32m██[38;2;106;32;32m██            
                                      [38;2;0;0;0m██[38;2;106;32;32m██[38;2;255;74;49m██[38;2;255;74;49m██[38;2;0;0;0m██[38;2;0;0;0m██[38;2;0;0;0m██[38;2;255;74;49m██[38;2;106;32;32m██[38;2;0;0;0m██[38;2;0;0;0m██[38;2;0;0;0m██[38;2;0;0;0m██                          [38;2;0;0;0m██[38;2;255;74;49m██[38;2;255;74;49m██[38;2;255;74;49m██[38;2;255;74;49m██[38;2;255;74;49m██[38;2;255;74;49m██[38;2;255;74;49m██[38;2;255;74;49m██[38;2;255;74;49m██[38;2;205;16;65m██[38;2;106;32;32m██          
                                    [38;2;0;0;0m██[38;2;205;16;65m██[38;2;255;74;49m██[38;2;255;74;49m██[38;2;255;74;49m██[38;2;255;74;49m██[38;2;255;74;49m██[38;2;255;74;49m██[38;2;255;74;49m██[38;2;106;32;32m██                                  [38;2;0;0;0m██[38;2;255;74;49m██[38;2;255;74;49m██[38;2;255;74;49m██[38;2;255;74;49m██[38;2;255;74;49m██[38;2;205;16;65m██[38;2;205;16;65m██[38;2;255;74;49m██[38;2;205;16;65m██[38;2;255;255;255m██[38;2;255;255;255m██[38;2;0;0;0m██        
                                  [38;2;98;98;98m██[38;2;255;255;255m██[38;2;255;255;255m██[38;2;205;16;65m██[38;2;255;74;49m██[38;2;205;16;65m██[38;2;205;16;65m██[38;2;255;74;49m██[38;2;255;74;49m██[38;2;255;74;49m██[38;2;0;0;0m██                                    [38;2;0;0;0m██[38;2;255;74;49m██[38;2;255;74;49m██[38;2;255;74;49m██[38;2;205;16;65m██[38;2;255;255;255m██[38;2;255;255;255m██[38;2;106;32;32m██[38;2;205;16;65m██[38;2;255;255;255m██[38;2;255;255;255m██[38;2;255;255;255m██[38;2;0;0;0m██      
                                [38;2;98;98;98m██[38;2;255;255;255m██[38;2;255;255;255m██[38;2;255;255;255m██[38;2;205;16;65m██[38;2;98;98;98m██[38;2;255;255;255m██[38;2;255;255;255m██[38;2;205;16;65m██[38;2;255;74;49m██[38;2;0;0;0m██                                        [38;2;0;0;0m██[38;2;106;32;32m██[38;2;255;74;49m██[38;2;205;16;65m██[38;2;255;255;255m██[38;2;255;255;255m██[38;2;255;255;255m██[38;2;98;98;98m██[38;2;0;0;0m██[38;2;0;0;0m██[38;2;255;255;255m██[38;2;0;0;0m██      
                                [38;2;98;98;98m██[38;2;255;255;255m██[38;2;0;0;0m██[38;2;0;0;0m██[38;2;98;98;98m██[38;2;255;255;255m██[38;2;255;255;255m██[38;2;255;255;255m██[38;2;0;0;0m██[38;2;0;0;0m██                                              [38;2;0;0;0m██[38;2;0;0;0m██[38;2;0;0;0m██[38;2;98;98;98m██[38;2;255;255;255m██[38;2;0;0;0m██    [38;2;0;0;0m██[38;2;0;0;0m██      
                                [38;2;0;0;0m██[38;2;0;0;0m██    [38;2;98;98;98m██[38;2;255;255;255m██[38;2;0;0;0m██[38;2;0;0;0m██                                                          [38;2;0;0;0m██[38;2;0;0;0m██              
                                        [38;2;0;0;0m██[38;2;0;0;0m██                                                                                
