                                                [38;2;61;61;61m██[38;2;61;61;61m██            [38;2;61;61;61m██[38;2;61;61;61m██                                                                      
                                    [38;2;45;45;45m██    [38;2;61;61;61m██[38;2;61;61;61m██[38;2;61;61;61m██[38;2;102;102;102m██[38;2;102;102;102m██[38;2;45;45;45m██        [38;2;45;45;45m██[38;2;102;102;102m██[38;2;102;102;102m██[38;2;61;61;61m██[38;2;61;61;61m██                                                                  
                                  [38;2;45;45;45m██[38;2;102;102;102m██[38;2;45;45;45m██[38;2;45;45;45m██[38;2;102;102;102m██[38;2;102;102;102m██[38;2;102;102;102m██[38;2;102;102;102m██[38;2;102;102;102m██[38;2;30;30;30m██        [38;2;30;30;30m██[38;2;102;102;102m██[38;2;102;102;102m██[38;2;102;102;102m██[38;2;102;102;102m██[38;2;45;45;45m██[38;2;45;45;45m██                                                              
                                  [38;2;45;45;45m██[38;2;102;102;102m██[38;2;61;61;61m██[38;2;102;102;102m██[38;2;102;102;102m██[38;2;102;102;102m██[38;2;102;102;102m██[38;2;76;76;76m██[38;2;30;30;30m██            [38;2;30;30;30m██[38;2;102;102;102m██[38;2;102;102;102m██[38;2;102;102;102m██[38;2;102;102;102m██[38;2;102;102;102m██[38;2;45;45;45m██                                                            
                                  [38;2;45;45;45m██[38;2;102;102;102m██[38;2;102;102;102m██[38;2;102;102;102m██[38;2;102;102;102m██[38;2;76;76;76m██[38;2;61;61;61m██[38;2;30;30;30m██                [38;2;30;30;30m██[38;2;76;76;76m██[38;2;76;76;76m██[38;2;102;102;102m██[38;2;102;102;102m██[38;2;102;102;102m██[38;2;45;45;45m██                                                          
                                [38;2;45;45;45m██[38;2;102;102;102m██[38;2;102;102;102m██[38;2;102;102;102m██[38;2;76;76;76m██[38;2;76;76;76m██[38;2;61;61;61m██[38;2;76;76;76m██[38;2;76;76;76m██[38;2;45;45;45m██              [38;2;30;30;30m██[38;2;76;76;76m██[38;2;45;45;45m██[38;2;45;45;45m██[38;2;76;76;76m██[38;2;102;102;102m██[38;2;102;102;102m██[38;2;45;45;45m██[38;2;45;45;45m██[38;2;45;45;45m██                                                    
                              [38;2;45;45;45m██[38;2;102;102;102m██[38;2;102;102;102m██[38;2;76;76;76m██[38;2;76;76;76m██[38;2;61;61;61m██[38;2;61;61;61m██[38;2;61;61;61m██[38;2;76;76;76m██[38;2;30;30;30m██[38;2;30;30;30m██                [38;2;30;30;30m██[38;2;76;76;76m██[38;2;45;45;45m██[38;2;76;76;76m██[38;2;76;76;76m██[38;2;76;76;76m██[38;2;61;61;61m██[38;2;102;102;102m██[38;2;102;102;102m██[38;2;30;30;30m██                                                  
                            [38;2;45;45;45m██[38;2;76;76;76m██[38;2;76;76;76m██[38;2;76;76;76m██[38;2;76;76;76m██[38;2;61;61;61m██[38;2;61;61;61m██[38;2;61;61;61m██[38;2;61;61;61m██[38;2;30;30;30m██                    [38;2;30;30;30m██[38;2;76;76;76m██[38;2;76;76;76m██[38;2;76;76;76m██[38;2;76;76;76m██[38;2;76;76;76m██[38;2;76;76;76m██[38;2;76;76;76m██[38;2;0;0;0m██                                                    
                            [38;2;45;45;45m██[38;2;76;76;76m██[38;2;76;76;76m██[38;2;76;76;76m██[38;2;76;76;76m██[38;2;61;61;61m██[38;2;61;61;61m██[38;2;61;61;61m██[38;2;61;61;61m██[38;2;30;30;30m██                      [38;2;30;30;30m██[38;2;61;61;61m██[38;2;61;61;61m██[38;2;76;76;76m██[38;2;76;76;76m██[38;2;76;76;76m██[38;2;76;76;76m██[38;2;76;76;76m██[38;2;30;30;30m██                                                  
                          [38;2;45;45;45m██[38;2;76;76;76m██[38;2;76;76;76m██[38;2;76;76;76m██[38;2;45;45;45m██[38;2;45;45;45m██[38;2;61;61;61m██[38;2;61;61;61m██[38;2;61;61;61m██[38;2;30;30;30m██                        [38;2;0;0;0m██[38;2;61;61;61m██[38;2;61;61;61m██[38;2;61;61;61m██[38;2;76;76;76m██[38;2;76;76;76m██[38;2;76;76;76m██[38;2;76;76;76m██[38;2;30;30;30m██                                                  
                          [38;2;45;45;45m██[38;2;76;76;76m██[38;2;76;76;76m██[38;2;76;76;76m██[38;2;30;30;30m██[38;2;76;76;76m██[38;2;45;45;45m██[38;2;61;61;61m██[38;2;61;61;61m██[38;2;30;30;30m██                      [38;2;30;30;30m██[38;2;0;0;0m██[38;2;61;61;61m██[38;2;61;61;61m██[38;2;61;61;61m██[38;2;61;61;61m██[38;2;61;61;61m██[38;2;76;76;76m██[38;2;76;76;76m██[38;2;61;61;61m██[38;2;30;30;30m██                                                
                      [38;2;45;45;45m██[38;2;45;45;45m██[38;2;45;45;45m██[38;2;76;76;76m██[38;2;76;76;76m██[38;2;76;76;76m██[38;2;30;30;30m██[38;2;76;76;76m██[38;2;61;61;61m██[38;2;61;61;61m██[38;2;61;61;61m██[38;2;30;30;30m██                    [38;2;30;30;30m██[38;2;76;76;76m██[38;2;45;45;45m██[38;2;61;61;61m██[38;2;61;61;61m██[38;2;61;61;61m██[38;2;61;61;61m██[38;2;45;45;45m██[38;2;45;45;45m██[38;2;61;61;61m██[38;2;61;61;61m██[38;2;30;30;30m██                                                
                      [38;2;30;30;30m██[38;2;76;76;76m██[38;2;45;45;45m██[38;2;76;76;76m██[38;2;61;61;61m██[38;2;61;61;61m██[38;2;61;61;61m██[38;2;30;30;30m██[38;2;61;61;61m██[38;2;61;61;61m██[38;2;61;61;61m██[38;2;30;30;30m██                      [38;2;0;0;0m██[38;2;0;0;0m██[38;2;45;45;45m██[38;2;61;61;61m██[38;2;61;61;61m██[38;2;30;30;30m██[38;2;76;76;76m██[38;2;45;45;45m██[38;2;61;61;61m██[38;2;61;61;61m██[38;2;61;61;61m██[38;2;30;30;30m██                                              
                        [38;2;30;30;30m██[38;2;61;61;61m██[38;2;61;61;61m██[38;2;61;61;61m██[38;2;61;61;61m██[38;2;61;61;61m██[38;2;61;61;61m██[38;2;61;61;61m██[38;2;61;61;61m██[38;2;61;61;61m██[38;2;30;30;30m██[38;2;45;45;45m██[38;2;45;45;45m██                      [38;2;0;0;0m██[38;2;61;61;61m██[38;2;61;61;61m██[38;2;76;76;76m██[38;2;76;76;76m██[38;2;45;45;45m██[38;2;61;61;61m██[38;2;61;61;61m██[38;2;61;61;61m██[38;2;30;30;30m██                                              
                        [38;2;30;30;30m██[38;2;61;61;61m██[38;2;30;30;30m██[38;2;61;61;61m██[38;2;61;61;61m██[38;2;61;61;61m██[38;2;61;61;61m██[38;2;61;61;61m██[38;2;61;61;61m██[38;2;61;61;61m██[38;2;61;61;61m██[38;2;76;76;76m██[38;2;30;30;30m██                      [38;2;0;0;0m██[38;2;61;61;61m██[38;2;61;61;61m██[38;2;61;61;61m██[38;2;45;45;45m██[38;2;61;61;61m██[38;2;61;61;61m██[38;2;61;61;61m██[38;2;61;61;61m██[38;2;30;30;30m██                                              
                        [38;2;30;30;30m██[38;2;30;30;30m██[38;2;76;76;76m██[38;2;30;30;30m██[38;2;61;61;61m██[38;2;61;61;61m██[38;2;61;61;61m██[38;2;61;61;61m██[38;2;61;61;61m██[38;2;61;61;61m██[38;2;76;76;76m██[38;2;30;30;30m██                        [38;2;0;0;0m██[38;2;61;61;61m██[38;2;61;61;61m██[38;2;61;61;61m██[38;2;61;61;61m██[38;2;61;61;61m██[38;2;61;61;61m██[38;2;61;61;61m██[38;2;61;61;61m██[38;2;0;0;0m██                                              
                        [38;2;30;30;30m██[38;2;45;45;45m██[38;2;76;76;76m██[38;2;61;61;61m██[38;2;61;61;61m██[38;2;61;61;61m██[38;2;61;61;61m██[38;2;61;61;61m██[38;2;61;61;61m██[38;2;45;45;45m██[38;2;30;30;30m██[38;2;61;61;61m██[38;2;30;30;30m██                    [38;2;30;30;30m██[38;2;61;61;61m██[38;2;61;61;61m██[38;2;61;61;61m██[38;2;61;61;61m██[38;2;61;61;61m██[38;2;61;61;61m██[38;2;61;61;61m██[38;2;61;61;61m██[38;2;61;61;61m██[38;2;0;0;0m██                                              
                          [38;2;30;30;30m██[38;2;45;45;45m██[38;2;61;61;61m██[38;2;61;61;61m██[38;2;61;61;61m██[38;2;61;61;61m██[38;2;61;61;61m██[38;2;61;61;61m██[38;2;61;61;61m██[38;2;61;61;61m██[38;2;61;61;61m██[38;2;61;61;61m██[38;2;0;37;56m██[38;2;0;37;56m██[38;2;0;37;56m██[38;2;0;37;56m██[38;2;0;37;56m██[38;2;0;37;56m██[38;2;0;37;56m██      [38;2;30;30;30m██[38;2;61;61;61m██[38;2;61;61;61m██[38;2;61;61;61m██[38;2;61;61;61m██[38;2;61;61;61m██[38;2;61;61;61m██[38;2;61;61;61m██[38;2;61;61;61m██[38;2;45;45;45m██[38;2;45;45;45m██[38;2;45;45;45m██                                            
                          [38;2;30;30;30m██[38;2;61;61;61m██[38;2;61;61;61m██[38;2;61;61;61m██[38;2;61;61;61m██[38;2;61;61;61m██[38;2;61;61;61m██[38;2;61;61;61m██[38;2;61;61;61m██[38;2;61;61;61m██[38;2;0;37;56m██[38;2;0;37;56m██[38;2;0;156;234m██[38;2;0;156;234m██[38;2;0;156;234m██[38;2;0;156;234m██[38;2;0;156;234m██[38;2;0;129;193m██[38;2;0;69;104m██[38;2;0;37;56m██[38;2;0;37;56m██[38;2;0;37;56m██[38;2;61;61;61m██[38;2;61;61;61m██[38;2;61;61;61m██[38;2;61;61;61m██[38;2;61;61;61m██[38;2;61;61;61m██[38;2;61;61;61m██[38;2;61;61;61m██[38;2;61;61;61m██[38;2;76;76;76m██[38;2;76;76;76m██[38;2;30;30;30m██                                            
                            [38;2;0;0;0m██[38;2;61;61;61m██[38;2;61;61;61m██[38;2;61;61;61m██[38;2;61;61;61m██[38;2;61;61;61m██[38;2;61;61;61m██[38;2;0;37;56m██[38;2;0;37;56m██[38;2;0;156;234m██[38;2;0;156;234m██[38;2;0;156;234m██[38;2;0;156;234m██[38;2;0;156;234m██[38;2;0;156;234m██[38;2;0;156;234m██[38;2;0;101;153m██[38;2;0;69;104m██[38;2;0;69;104m██[38;2;0;69;104m██[38;2;0;37;56m██[38;2;61;61;61m██[38;2;61;61;61m██[38;2;61;61;61m██[38;2;61;61;61m██[38;2;61;61;61m██[38;2;61;61;61m██[38;2;61;61;61m██[38;2;61;61;61m██[38;2;61;61;61m██[38;2;61;61;61m██[38;2;30;30;30m██                                              
                            [38;2;0;0;0m██[38;2;61;61;61m██[38;2;61;61;61m██[38;2;61;61;61m██[38;2;61;61;61m██[38;2;61;61;61m██[38;2;0;37;56m██[38;2;0;156;234m██[38;2;0;156;234m██[38;2;0;156;234m██[38;2;0;156;234m██[38;2;0;156;234m██[38;2;0;156;234m██[38;2;0;156;234m██[38;2;0;156;234m██[38;2;0;129;193m██[38;2;0;69;104m██[38;2;0;69;104m██[38;2;0;69;104m██[38;2;0;69;104m██[38;2;0;37;56m██[38;2;61;61;61m██[38;2;61;61;61m██[38;2;61;61;61m██[38;2;61;61;61m██[38;2;61;61;61m██[38;2;61;61;61m██[38;2;61;61;61m██[38;2;61;61;61m██[38;2;61;61;61m██[38;2;0;0;0m██                                                
                              [38;2;30;30;30m██[38;2;61;61;61m██[38;2;61;61;61m██[38;2;61;61;61m██[38;2;0;37;56m██[38;2;0;156;234m██[38;2;0;156;234m██[38;2;0;156;234m██[38;2;0;156;234m██[38;2;0;156;234m██[38;2;0;156;234m██[38;2;0;156;234m██[38;2;0;156;234m██[38;2;0;129;193m██[38;2;0;69;104m██[38;2;0;69;104m██[38;2;0;69;104m██[38;2;0;69;104m██[38;2;0;69;104m██[38;2;0;69;104m██[38;2;0;37;56m██[38;2;61;61;61m██[38;2;61;61;61m██[38;2;61;61;61m██[38;2;61;61;61m██[38;2;61;61;61m██[38;2;61;61;61m██[38;2;61;61;61m██[38;2;61;61;61m██[38;2;0;0;0m██                                                
                                [38;2;30;30;30m██[38;2;61;61;61m██[38;2;0;0;0m██[38;2;0;129;193m██[38;2;0;156;234m██[38;2;0;156;234m██[38;2;0;156;234m██[38;2;0;156;234m██[38;2;0;156;234m██[38;2;0;156;234m██[38;2;0;156;234m██[38;2;0;129;193m██[38;2;0;69;104m██[38;2;0;69;104m██[38;2;0;69;104m██[38;2;0;69;104m██[38;2;0;69;104m██[38;2;0;69;104m██[38;2;0;69;104m██[38;2;0;37;56m██[38;2;61;61;61m██[38;2;61;61;61m██[38;2;61;61;61m██[38;2;61;61;61m██[38;2;61;61;61m██[38;2;61;61;61m██[38;2;61;61;61m██[38;2;0;0;0m██                                                  
                                  [38;2;30;30;30m██[38;2;0;0;0m██[38;2;0;129;193m██[38;2;0;156;234m██[38;2;0;156;234m██[38;2;0;156;234m██[38;2;0;156;234m██[38;2;0;156;234m██[38;2;0;156;234m██[38;2;0;129;193m██[38;2;0;69;104m██[38;2;0;69;104m██[38;2;0;69;104m██[38;2;0;69;104m██[38;2;0;69;104m██[38;2;0;69;104m██[38;2;0;69;104m██[38;2;0;69;104m██[38;2;0;69;104m██[38;2;0;37;56m██[38;2;61;61;61m██[38;2;61;61;61m██[38;2;61;61;61m██[38;2;61;61;61m██[38;2;61;61;61m██[38;2;61;61;61m██[38;2;0;0;0m██                                                  
                                  [38;2;0;0;0m██[38;2;0;69;104m██[38;2;0;69;104m██[38;2;0;129;193m██[38;2;0;156;234m██[38;2;0;156;234m██[38;2;0;156;234m██[38;2;0;129;193m██[38;2;0;101;153m██[38;2;0;69;104m██[38;2;0;69;104m██[38;2;0;69;104m██[38;2;0;69;104m██[38;2;0;69;104m██[38;2;0;69;104m██[38;2;0;69;104m██[38;2;0;69;104m██[38;2;0;69;104m██[38;2;0;69;104m██[38;2;0;69;104m██[38;2;0;37;56m██[38;2;0;37;56m██[38;2;61;61;61m██[38;2;61;61;61m██[38;2;61;61;61m██[38;2;0;0;0m██                                                    
                          [38;2;0;37;56m██[38;2;0;37;56m██[38;2;0;37;56m██[38;2;0;37;56m██[38;2;0;0;0m██[38;2;0;69;104m██[38;2;0;69;104m██[38;2;0;69;104m██[38;2;0;69;104m██[38;2;0;69;104m██[38;2;0;69;104m██[38;2;0;69;104m██[38;2;0;69;104m██[38;2;0;69;104m██[38;2;0;69;104m██[38;2;0;69;104m██[38;2;0;69;104m██[38;2;0;69;104m██[38;2;0;69;104m██[38;2;0;69;104m██[38;2;0;69;104m██[38;2;0;69;104m██[38;2;0;69;104m██[38;2;0;69;104m██[38;2;0;69;104m██[38;2;0;69;104m██[38;2;0;37;56m██[38;2;0;37;56m██[38;2;0;0;0m██                                                      
                      [38;2;0;37;56m██[38;2;0;37;56m██[38;2;0;156;234m██[38;2;0;129;193m██[38;2;0;69;104m██[38;2;0;0;0m██[38;2;0;69;104m██[38;2;0;69;104m██[38;2;0;69;104m██[38;2;0;69;104m██[38;2;0;69;104m██[38;2;0;69;104m██[38;2;0;69;104m██[38;2;0;69;104m██[38;2;0;69;104m██[38;2;0;69;104m██[38;2;0;69;104m██[38;2;0;69;104m██[38;2;0;69;104m██[38;2;0;69;104m██[38;2;0;69;104m██[38;2;0;69;104m██[38;2;0;69;104m██[38;2;0;69;104m██[38;2;0;69;104m██[38;2;0;69;104m██[38;2;0;69;104m██[38;2;0;69;104m██[38;2;0;69;104m██[38;2;0;69;104m██[38;2;0;0;0m██                                                      
                    [38;2;0;37;56m██[38;2;0;156;234m██[38;2;0;156;234m██[38;2;0;156;234m██[38;2;0;129;193m██[38;2;0;69;104m██[38;2;0;0;0m██[38;2;0;69;104m██[38;2;0;69;104m██[38;2;0;69;104m██[38;2;0;69;104m██[38;2;0;69;104m██[38;2;0;69;104m██[38;2;0;69;104m██[38;2;0;69;104m██[38;2;0;69;104m██[38;2;0;69;104m██[38;2;0;69;104m██[38;2;0;69;104m██[38;2;0;69;104m██[38;2;0;69;104m██[38;2;0;69;104m██[38;2;0;69;104m██[38;2;0;69;104m██[38;2;0;69;104m██[38;2;0;69;104m██[38;2;0;69;104m██[38;2;0;69;104m██[38;2;0;69;104m██[38;2;0;69;104m██[38;2;0;37;56m██[38;2;0;37;56m██[38;2;0;69;104m██[38;2;0;69;104m██[38;2;0;69;104m██                                                
                    [38;2;0;37;56m██[38;2;0;156;234m██[38;2;0;156;234m██[38;2;0;129;193m██[38;2;0;101;153m██[38;2;0;69;104m██[38;2;0;0;0m██[38;2;0;69;104m██[38;2;0;69;104m██[38;2;0;69;104m██[38;2;0;69;104m██[38;2;0;69;104m██[38;2;0;69;104m██[38;2;0;69;104m██[38;2;0;69;104m██[38;2;0;69;104m██[38;2;0;69;104m██[38;2;0;69;104m██[38;2;0;69;104m██[38;2;0;69;104m██[38;2;0;69;104m██[38;2;0;69;104m██[38;2;0;69;104m██[38;2;0;69;104m██[38;2;0;69;104m██[38;2;0;69;104m██[38;2;0;69;104m██[38;2;0;69;104m██[38;2;0;69;104m██[38;2;0;37;56m██[38;2;0;69;104m██[38;2;0;69;104m██[38;2;0;129;193m██[38;2;0;156;234m██[38;2;0;156;234m██[38;2;0;69;104m██                                              
                  [38;2;0;37;56m██[38;2;0;101;153m██[38;2;0;129;193m██[38;2;0;129;193m██[38;2;0;101;153m██[38;2;0;69;104m██[38;2;0;0;0m██[38;2;0;0;0m██[38;2;0;69;104m██[38;2;0;69;104m██[38;2;0;69;104m██[38;2;0;69;104m██[38;2;0;37;56m██[38;2;0;37;56m██[38;2;0;37;56m██[38;2;0;37;56m██[38;2;0;37;56m██[38;2;0;37;56m██[38;2;0;37;56m██[38;2;0;69;104m██[38;2;0;69;104m██[38;2;0;69;104m██[38;2;0;69;104m██[38;2;0;69;104m██[38;2;0;69;104m██[38;2;0;69;104m██[38;2;0;69;104m██[38;2;0;69;104m██[38;2;0;69;104m██[38;2;0;37;56m██[38;2;0;69;104m██[38;2;0;69;104m██[38;2;0;69;104m██[38;2;0;101;153m██[38;2;0;156;234m██[38;2;0;156;234m██[38;2;0;156;234m██[38;2;0;69;104m██                                            
                  [38;2;0;37;56m██[38;2;0;69;104m██[38;2;0;69;104m██[38;2;0;69;104m██[38;2;0;69;104m██[38;2;0;69;104m██[38;2;0;0;0m██[38;2;0;69;104m██[38;2;0;37;56m██[38;2;0;37;56m██[38;2;0;37;56m██[38;2;0;37;56m██[38;2;0;69;104m██[38;2;0;69;104m██[38;2;0;69;104m██[38;2;0;69;104m██[38;2;0;69;104m██[38;2;0;69;104m██[38;2;0;69;104m██[38;2;0;37;56m██[38;2;0;37;56m██[38;2;0;37;56m██[38;2;0;37;56m██[38;2;0;37;56m██[38;2;0;37;56m██[38;2;0;37;56m██[38;2;0;69;104m██[38;2;0;69;104m██[38;2;0;37;56m██[38;2;0;69;104m██[38;2;0;69;104m██[38;2;0;69;104m██[38;2;0;69;104m██[38;2;0;69;104m██[38;2;0;129;193m██[38;2;0;156;234m██[38;2;0;156;234m██[38;2;0;69;104m██                                            
                  [38;2;0;0;0m██[38;2;0;69;104m██[38;2;0;69;104m██[38;2;0;69;104m██[38;2;0;69;104m██[38;2;0;69;104m██[38;2;0;0;0m██[38;2;0;69;104m██[38;2;0;69;104m██[38;2;0;69;104m██[38;2;0;69;104m██[38;2;0;69;104m██[38;2;0;69;104m██[38;2;0;69;104m██[38;2;0;69;104m██[38;2;0;69;104m██[38;2;0;69;104m██[38;2;0;69;104m██[38;2;0;69;104m██[38;2;0;69;104m██[38;2;0;69;104m██[38;2;0;69;104m██[38;2;0;69;104m██[38;2;0;69;104m██[38;2;0;69;104m██[38;2;0;69;104m██[38;2;0;37;56m██[38;2;0;37;56m██[38;2;0;0;0m██[38;2;0;69;104m██[38;2;0;69;104m██[38;2;0;69;104m██[38;2;0;69;104m██[38;2;0;69;104m██[38;2;0;69;104m██[38;2;0;101;153m██[38;2;0;101;153m██[38;2;0;101;153m██[38;2;0;37;56m██                                          
                  [38;2;0;0;0m██[38;2;0;69;104m██[38;2;0;69;104m██[38;2;0;69;104m██[38;2;0;69;104m██[38;2;0;69;104m██[38;2;0;0;0m██[38;2;0;69;104m██[38;2;0;69;104m██[38;2;0;69;104m██[38;2;0;69;104m██[38;2;0;69;104m██[38;2;0;69;104m██[38;2;0;69;104m██[38;2;0;69;104m██[38;2;0;69;104m██[38;2;0;69;104m██[38;2;0;69;104m██[38;2;0;69;104m██[38;2;0;69;104m██[38;2;0;69;104m██[38;2;0;69;104m██[38;2;0;69;104m██[38;2;0;69;104m██[38;2;0;69;104m██[38;2;0;69;104m██[38;2;0;69;104m██[38;2;0;69;104m██[38;2;0;0;0m██[38;2;0;69;104m██[38;2;0;69;104m██[38;2;0;69;104m██[38;2;0;69;104m██[38;2;0;69;104m██[38;2;0;69;104m██[38;2;0;69;104m██[38;2;0;69;104m██[38;2;0;69;104m██[38;2;0;37;56m██                                          
                    [38;2;0;0;0m██[38;2;0;69;104m██[38;2;0;69;104m██[38;2;0;69;104m██[38;2;0;69;104m██[38;2;0;0;0m██[38;2;0;69;104m██[38;2;0;69;104m██[38;2;0;69;104m██[38;2;0;69;104m██[38;2;0;69;104m██[38;2;0;69;104m██[38;2;0;69;104m██[38;2;0;69;104m██[38;2;0;69;104m██[38;2;0;69;104m██[38;2;0;69;104m██[38;2;0;69;104m██[38;2;0;69;104m██[38;2;0;69;104m██[38;2;0;69;104m██[38;2;0;69;104m██[38;2;0;69;104m██[38;2;0;69;104m██[38;2;0;69;104m██[38;2;0;69;104m██[38;2;0;69;104m██[38;2;0;0;0m██[38;2;0;69;104m██[38;2;0;69;104m██[38;2;0;69;104m██[38;2;0;69;104m██[38;2;0;69;104m██[38;2;0;69;104m██[38;2;0;69;104m██[38;2;0;69;104m██[38;2;0;69;104m██[38;2;0;37;56m██                                          
          [38;2;45;45;45m██[38;2;45;45;45m██      [38;2;0;37;56m██[38;2;0;0;0m██[38;2;0;69;104m██[38;2;0;69;104m██[38;2;0;69;104m██[38;2;0;0;0m██[38;2;0;69;104m██[38;2;0;69;104m██[38;2;0;69;104m██[38;2;0;69;104m██[38;2;0;69;104m██[38;2;0;69;104m██[38;2;0;69;104m██[38;2;0;69;104m██[38;2;0;69;104m██[38;2;0;69;104m██[38;2;0;69;104m██[38;2;0;69;104m██[38;2;0;69;104m██[38;2;0;69;104m██[38;2;0;69;104m██[38;2;0;69;104m██[38;2;0;69;104m██[38;2;0;69;104m██[38;2;0;69;104m██[38;2;0;69;104m██[38;2;0;69;104m██[38;2;0;0;0m██[38;2;0;69;104m██[38;2;0;69;104m██[38;2;0;69;104m██[38;2;0;69;104m██[38;2;0;69;104m██[38;2;0;69;104m██[38;2;0;69;104m██[38;2;0;69;104m██[38;2;0;69;104m██[38;2;0;69;104m██[38;2;0;37;56m██                                        
        [38;2;45;45;45m██[38;2;102;102;102m██[38;2;102;102;102m██[38;2;45;45;45m██  [38;2;0;0;0m██[38;2;0;129;193m██[38;2;0;0;0m██[38;2;0;69;104m██[38;2;0;69;104m██[38;2;0;0;0m██[38;2;0;0;0m██[38;2;0;37;56m██[38;2;0;69;104m██[38;2;0;69;104m██[38;2;0;69;104m██[38;2;0;69;104m██[38;2;0;37;56m██[38;2;0;37;56m██[38;2;0;37;56m██[38;2;0;37;56m██[38;2;0;37;56m██[38;2;0;37;56m██[38;2;0;69;104m██[38;2;0;69;104m██[38;2;0;69;104m██[38;2;0;69;104m██[38;2;0;69;104m██[38;2;0;69;104m██[38;2;0;69;104m██[38;2;0;69;104m██[38;2;0;69;104m██[38;2;0;69;104m██[38;2;0;69;104m██[38;2;0;0;0m██[38;2;0;69;104m██[38;2;0;69;104m██[38;2;0;69;104m██[38;2;0;69;104m██[38;2;0;69;104m██[38;2;0;69;104m██[38;2;0;69;104m██[38;2;0;69;104m██[38;2;0;37;56m██[38;2;0;37;56m██                                        
      [38;2;45;45;45m██[38;2;102;102;102m██[38;2;0;37;56m██[38;2;0;37;56m██[38;2;0;37;56m██[38;2;0;0;0m██[38;2;0;129;193m██[38;2;0;101;153m██[38;2;0;69;104m██[38;2;0;0;0m██[38;2;0;0;0m██  [38;2;0;0;0m██[38;2;0;69;104m██[38;2;0;37;56m██[38;2;0;37;56m██[38;2;0;37;56m██[38;2;0;37;56m██[38;2;0;69;104m██[38;2;0;69;104m██[38;2;0;69;104m██[38;2;0;69;104m██[38;2;0;69;104m██[38;2;0;69;104m██[38;2;0;37;56m██[38;2;0;37;56m██[38;2;0;37;56m██[38;2;0;37;56m██[38;2;0;37;56m██[38;2;0;37;56m██[38;2;0;37;56m██[38;2;0;69;104m██[38;2;0;69;104m██[38;2;0;69;104m██[38;2;0;69;104m██[38;2;0;69;104m██[38;2;0;0;0m██[38;2;0;69;104m██[38;2;0;69;104m██[38;2;0;69;104m██[38;2;0;69;104m██[38;2;0;69;104m██[38;2;0;69;104m██[38;2;0;37;56m██[38;2;0;101;153m██[38;2;0;129;193m██[38;2;0;37;56m██                          [38;2;45;45;45m██[38;2;45;45;45m██        
    [38;2;45;45;45m██[38;2;45;45;45m██[38;2;0;37;56m██[38;2;0;156;234m██[38;2;0;129;193m██[38;2;0;0;0m██[38;2;0;37;56m██[38;2;0;101;153m██[38;2;0;69;104m██[38;2;0;69;104m██[38;2;0;0;0m██    [38;2;0;0;0m██[38;2;0;69;104m██[38;2;0;69;104m██[38;2;0;69;104m██[38;2;0;69;104m██[38;2;0;69;104m██[38;2;0;69;104m██[38;2;0;69;104m██[38;2;0;69;104m██[38;2;0;69;104m██[38;2;0;69;104m██[38;2;0;69;104m██[38;2;0;69;104m██[38;2;0;69;104m██[38;2;0;69;104m██[38;2;0;69;104m██[38;2;0;69;104m██[38;2;0;69;104m██[38;2;0;69;104m██[38;2;0;37;56m██[38;2;0;37;56m██[38;2;0;37;56m██[38;2;0;69;104m██[38;2;0;69;104m██[38;2;0;69;104m██[38;2;0;0;0m██[38;2;0;0;0m██[38;2;0;0;0m██[38;2;0;0;0m██[38;2;0;0;0m██[38;2;0;0;0m██[38;2;0;69;104m██[38;2;0;69;104m██[38;2;0;101;153m██[38;2;0;129;193m██[38;2;0;37;56m██[38;2;0;37;56m██[38;2;0;37;56m██[38;2;0;37;56m██            [38;2;0;37;56m██[38;2;0;37;56m██[38;2;0;37;56m██[38;2;102;102;102m██[38;2;102;102;102m██[38;2;45;45;45m██      
  [38;2;45;45;45m██[38;2;102;102;102m██[38;2;0;37;56m██[38;2;0;129;193m██[38;2;0;129;193m██[38;2;0;0;0m██[38;2;0;69;104m██[38;2;0;69;104m██[38;2;0;37;56m██[38;2;0;69;104m██[38;2;0;0;0m██        [38;2;0;0;0m██[38;2;0;69;104m██[38;2;0;69;104m██[38;2;0;69;104m██[38;2;0;69;104m██[38;2;0;69;104m██[38;2;0;69;104m██[38;2;0;69;104m██[38;2;0;69;104m██[38;2;0;69;104m██[38;2;0;69;104m██[38;2;0;69;104m██[38;2;0;69;104m██[38;2;0;69;104m██[38;2;0;69;104m██[38;2;0;69;104m██[38;2;0;69;104m██[38;2;0;69;104m██[38;2;0;69;104m██[38;2;0;69;104m██[38;2;0;69;104m██[38;2;0;37;56m██[38;2;0;37;56m██[38;2;0;37;56m██[38;2;0;37;56m██[38;2;0;37;56m██[38;2;0;101;153m██[38;2;0;37;56m██    [38;2;0;0;0m██[38;2;0;0;0m██[38;2;0;69;104m██[38;2;0;101;153m██[38;2;0;129;193m██[38;2;0;37;56m██[38;2;0;129;193m██[38;2;0;129;193m██[38;2;0;37;56m██[38;2;0;37;56m██[38;2;0;37;56m██[38;2;0;37;56m██  [38;2;0;37;56m██[38;2;0;156;234m██[38;2;0;156;234m██[38;2;0;129;193m██[38;2;0;0;0m██[38;2;0;37;56m██[38;2;0;0;0m██      
[38;2;0;0;0m██[38;2;76;76;76m██[38;2;76;76;76m██[38;2;0;0;0m██[38;2;0;129;193m██[38;2;0;101;153m██[38;2;0;0;0m██[38;2;0;69;104m██[38;2;0;69;104m██[38;2;0;69;104m██[38;2;0;0;0m██          [38;2;0;0;0m██[38;2;0;69;104m██[38;2;0;69;104m██[38;2;0;69;104m██[38;2;0;69;104m██[38;2;0;69;104m██[38;2;0;69;104m██[38;2;0;69;104m██[38;2;0;69;104m██[38;2;0;69;104m██[38;2;0;69;104m██[38;2;0;69;104m██[38;2;0;69;104m██[38;2;0;69;104m██[38;2;0;69;104m██[38;2;0;69;104m██[38;2;0;69;104m██[38;2;0;69;104m██[38;2;0;69;104m██[38;2;0;69;104m██[38;2;0;69;104m██[38;2;0;69;104m██[38;2;0;69;104m██[38;2;0;69;104m██[38;2;0;69;104m██[38;2;0;101;153m██[38;2;0;101;153m██[38;2;0;37;56m██        [38;2;0;0;0m██[38;2;0;69;104m██[38;2;0;69;104m██[38;2;0;37;56m██[38;2;0;101;153m██[38;2;0;101;153m██[38;2;0;129;193m██[38;2;0;129;193m██[38;2;0;129;193m██[38;2;0;129;193m██[38;2;0;37;56m██[38;2;0;37;56m██[38;2;0;37;56m██[38;2;0;37;56m██[38;2;0;129;193m██[38;2;0;129;193m██[38;2;0;129;193m██[38;2;0;129;193m██[38;2;45;45;45m██    
[38;2;0;0;0m██[38;2;0;0;0m██[38;2;0;0;0m██[38;2;0;0;0m██[38;2;0;101;153m██[38;2;0;69;104m██[38;2;0;69;104m██[38;2;0;0;0m██[38;2;0;0;0m██[38;2;0;0;0m██            [38;2;0;0;0m██[38;2;0;69;104m██[38;2;0;69;104m██[38;2;0;69;104m██[38;2;0;69;104m██[38;2;0;69;104m██[38;2;0;37;56m██[38;2;0;37;56m██[38;2;0;37;56m██[38;2;0;37;56m██[38;2;0;37;56m██[38;2;0;37;56m██[38;2;0;69;104m██[38;2;0;69;104m██[38;2;0;69;104m██[38;2;0;69;104m██[38;2;0;69;104m██[38;2;0;69;104m██[38;2;0;69;104m██[38;2;0;69;104m██[38;2;0;69;104m██[38;2;0;69;104m██[38;2;0;69;104m██[38;2;0;69;104m██[38;2;0;69;104m██[38;2;0;101;153m██[38;2;0;37;56m██            [38;2;0;0;0m██[38;2;0;37;56m██[38;2;0;69;104m██[38;2;0;69;104m██[38;2;0;69;104m██[38;2;0;69;104m██[38;2;0;69;104m██[38;2;0;101;153m██[38;2;0;101;153m██[38;2;0;129;193m██[38;2;0;129;193m██[38;2;0;129;193m██[38;2;0;129;193m██[38;2;0;37;56m██[38;2;0;129;193m██[38;2;0;101;153m██[38;2;0;101;153m██[38;2;0;129;193m██[38;2;0;0;0m██  
        [38;2;0;0;0m██[38;2;0;69;104m██[38;2;0;69;104m██[38;2;0;69;104m██[38;2;0;69;104m██[38;2;0;0;0m██            [38;2;0;0;0m██[38;2;0;37;56m██[38;2;0;37;56m██[38;2;0;37;56m██[38;2;0;37;56m██[38;2;0;37;56m██[38;2;0;69;104m██[38;2;0;69;104m██[38;2;0;69;104m██[38;2;0;69;104m██[38;2;0;69;104m██[38;2;0;69;104m██[38;2;0;37;56m██[38;2;0;37;56m██[38;2;0;37;56m██[38;2;0;37;56m██[38;2;0;37;56m██[38;2;0;69;104m██[38;2;0;69;104m██[38;2;0;69;104m██[38;2;0;69;104m██[38;2;0;69;104m██[38;2;0;69;104m██[38;2;0;69;104m██[38;2;0;69;104m██[38;2;0;101;153m██[38;2;0;37;56m██              [38;2;0;0;0m██[38;2;0;0;0m██[38;2;0;0;0m██[38;2;0;0;0m██[38;2;0;0;0m██[38;2;0;0;0m██[38;2;0;0;0m██[38;2;0;69;104m██[38;2;0;69;104m██[38;2;0;69;104m██[38;2;0;69;104m██[38;2;0;69;104m██[38;2;0;0;0m██[38;2;0;69;104m██[38;2;0;69;104m██[38;2;0;69;104m██[38;2;0;101;153m██[38;2;0;0;0m██[38;2;45;45;45m██
          [38;2;0;0;0m██[38;2;0;0;0m██[38;2;0;37;56m██[38;2;0;0;0m██                [38;2;0;0;0m██[38;2;0;69;104m██[38;2;0;69;104m██[38;2;0;69;104m██[38;2;0;69;104m██[38;2;0;69;104m██[38;2;0;69;104m██[38;2;0;69;104m██[38;2;0;69;104m██[38;2;0;69;104m██[38;2;0;69;104m██[38;2;0;69;104m██[38;2;0;69;104m██[38;2;0;69;104m██[38;2;0;69;104m██[38;2;0;69;104m██[38;2;0;37;56m██[38;2;0;37;56m██[38;2;0;37;56m██[38;2;0;37;56m██[38;2;0;69;104m██[38;2;0;69;104m██[38;2;0;69;104m██[38;2;0;101;153m██[38;2;0;101;153m██[38;2;0;37;56m██                            [38;2;0;0;0m██[38;2;0;0;0m██[38;2;0;0;0m██[38;2;0;0;0m██[38;2;0;0;0m██[38;2;0;69;104m██[38;2;0;69;104m██[38;2;0;69;104m██[38;2;0;69;104m██[38;2;0;0;0m██[38;2;102;102;102m██[38;2;45;45;45m██
            [38;2;0;0;0m██[38;2;76;76;76m██[38;2;0;0;0m██              [38;2;0;37;56m██[38;2;0;0;0m██[38;2;0;69;104m██[38;2;0;69;104m██[38;2;0;69;104m██[38;2;0;69;104m██[38;2;0;69;104m██[38;2;0;69;104m██[38;2;0;69;104m██[38;2;0;69;104m██[38;2;0;69;104m██[38;2;0;69;104m██[38;2;0;69;104m██[38;2;0;69;104m██[38;2;0;69;104m██[38;2;0;69;104m██[38;2;0;69;104m██[38;2;0;69;104m██[38;2;0;69;104m██[38;2;0;69;104m██[38;2;0;69;104m██[38;2;0;37;56m██[38;2;0;37;56m██[38;2;0;37;56m██[38;2;0;101;153m██[38;2;0;37;56m██                                  [38;2;0;0;0m██[38;2;76;76;76m██[38;2;0;37;56m██[38;2;0;69;104m██[38;2;0;69;104m██[38;2;0;69;104m██[38;2;0;69;104m██[38;2;0;0;0m██[38;2;76;76;76m██[38;2;0;0;0m██
            [38;2;0;0;0m██[38;2;0;0;0m██              [38;2;0;37;56m██[38;2;0;129;193m██[38;2;0;0;0m██[38;2;0;69;104m██[38;2;0;69;104m██[38;2;0;69;104m██[38;2;0;69;104m██[38;2;0;69;104m██[38;2;0;69;104m██[38;2;0;69;104m██[38;2;0;69;104m██[38;2;0;69;104m██[38;2;0;69;104m██[38;2;0;69;104m██[38;2;0;69;104m██[38;2;0;69;104m██[38;2;0;69;104m██[38;2;0;69;104m██[38;2;0;69;104m██[38;2;0;69;104m██[38;2;0;69;104m██[38;2;0;69;104m██[38;2;0;0;0m██[38;2;0;0;0m██[38;2;0;0;0m██[38;2;0;0;0m██[38;2;0;37;56m██                                  [38;2;0;0;0m██[38;2;76;76;76m██[38;2;0;37;56m██[38;2;0;0;0m██[38;2;0;0;0m██[38;2;0;0;0m██[38;2;0;0;0m██  [38;2;0;0;0m██[38;2;0;0;0m██
                            [38;2;0;37;56m██[38;2;0;156;234m██[38;2;0;129;193m██[38;2;0;69;104m██[38;2;0;0;0m██[38;2;0;69;104m██[38;2;0;69;104m██[38;2;0;69;104m██[38;2;0;69;104m██[38;2;0;37;56m██[38;2;0;37;56m██[38;2;0;37;56m██[38;2;0;37;56m██[38;2;0;37;56m██[38;2;0;69;104m██[38;2;0;69;104m██[38;2;0;69;104m██[38;2;0;69;104m██[38;2;0;69;104m██[38;2;0;69;104m██[38;2;0;69;104m██[38;2;0;0;0m██[38;2;0;0;0m██[38;2;0;69;104m██[38;2;0;69;104m██[38;2;0;69;104m██[38;2;0;69;104m██[38;2;0;0;0m██[38;2;0;37;56m██                                  [38;2;0;0;0m██[38;2;0;0;0m██              
                          [38;2;0;37;56m██[38;2;0;156;234m██[38;2;0;156;234m██[38;2;0;101;153m██[38;2;0;69;104m██[38;2;0;0;0m██[38;2;0;37;56m██[38;2;0;37;56m██[38;2;0;37;56m██[38;2;0;37;56m██[38;2;0;69;104m██[38;2;0;69;104m██[38;2;0;69;104m██[38;2;0;69;104m██[38;2;0;69;104m██[38;2;0;37;56m██[38;2;0;37;56m██[38;2;0;37;56m██[38;2;0;37;56m██[38;2;0;69;104m██[38;2;0;69;104m██[38;2;0;0;0m██[38;2;0;69;104m██[38;2;0;69;104m██[38;2;0;69;104m██[38;2;0;69;104m██[38;2;0;69;104m██[38;2;0;69;104m██[38;2;0;69;104m██[38;2;0;129;193m██[38;2;0;37;56m██                                                  
                          [38;2;0;37;56m██[38;2;0;129;193m██[38;2;0;101;153m██[38;2;0;69;104m██[38;2;0;69;104m██[38;2;0;69;104m██[38;2;0;0;0m██[38;2;0;69;104m██[38;2;0;69;104m██[38;2;0;69;104m██[38;2;0;69;104m██[38;2;0;69;104m██[38;2;0;69;104m██[38;2;0;69;104m██[38;2;0;69;104m██[38;2;0;69;104m██[38;2;0;69;104m██[38;2;0;69;104m██[38;2;0;69;104m██[38;2;0;37;56m██[38;2;0;37;56m██[38;2;0;0;0m██[38;2;0;69;104m██[38;2;0;69;104m██[38;2;0;69;104m██[38;2;0;69;104m██[38;2;0;69;104m██[38;2;0;69;104m██[38;2;0;69;104m██[38;2;0;129;193m██[38;2;0;156;234m██[38;2;0;37;56m██                                                
                        [38;2;0;37;56m██[38;2;0;101;153m██[38;2;0;37;56m██[38;2;0;69;104m██[38;2;0;69;104m██[38;2;0;69;104m██[38;2;0;69;104m██[38;2;0;69;104m██[38;2;0;0;0m██[38;2;0;69;104m██[38;2;0;69;104m██[38;2;0;69;104m██[38;2;0;69;104m██[38;2;0;69;104m██[38;2;0;69;104m██[38;2;0;69;104m██[38;2;0;69;104m██[38;2;0;69;104m██[38;2;0;69;104m██[38;2;0;69;104m██[38;2;0;69;104m██[38;2;0;0;0m██[38;2;0;69;104m██[38;2;0;69;104m██[38;2;0;69;104m██[38;2;0;69;104m██[38;2;0;69;104m██[38;2;0;69;104m██[38;2;0;69;104m██[38;2;0;69;104m██[38;2;0;101;153m██[38;2;0;156;234m██[38;2;0;37;56m██                                                
                        [38;2;0;37;56m██[38;2;0;69;104m██[38;2;0;37;56m██[38;2;0;69;104m██[38;2;0;69;104m██[38;2;0;69;104m██[38;2;0;69;104m██[38;2;0;69;104m██[38;2;0;69;104m██[38;2;0;0;0m██[38;2;0;69;104m██[38;2;0;69;104m██[38;2;0;69;104m██[38;2;0;69;104m██[38;2;0;69;104m██[38;2;0;69;104m██[38;2;0;69;104m██[38;2;0;69;104m██[38;2;0;69;104m██[38;2;0;69;104m██[38;2;0;69;104m██[38;2;0;0;0m██[38;2;0;69;104m██[38;2;0;69;104m██[38;2;0;69;104m██[38;2;0;69;104m██[38;2;0;69;104m██[38;2;0;69;104m██[38;2;0;69;104m██[38;2;0;69;104m██[38;2;0;69;104m██[38;2;0;156;234m██[38;2;0;37;56m██[38;2;0;37;56m██                                              
                        [38;2;0;0;0m██[38;2;0;69;104m██[38;2;0;69;104m██[38;2;0;37;56m██[38;2;0;37;56m██[38;2;0;69;104m██[38;2;0;69;104m██[38;2;0;69;104m██[38;2;0;69;104m██[38;2;0;69;104m██[38;2;0;0;0m██[38;2;0;0;0m██[38;2;0;69;104m██[38;2;0;69;104m██[38;2;0;69;104m██[38;2;0;69;104m██[38;2;0;69;104m██[38;2;0;69;104m██[38;2;0;69;104m██[38;2;0;69;104m██[38;2;0;69;104m██[38;2;0;0;0m██[38;2;0;69;104m██[38;2;0;69;104m██[38;2;0;69;104m██[38;2;0;69;104m██[38;2;0;69;104m██[38;2;0;69;104m██[38;2;0;69;104m██[38;2;0;69;104m██[38;2;0;69;104m██[38;2;0;37;56m██[38;2;0;129;193m██[38;2;0;37;56m██                                              
                        [38;2;0;0;0m██[38;2;0;69;104m██[38;2;0;69;104m██[38;2;0;69;104m██[38;2;0;69;104m██[38;2;0;37;56m██[38;2;0;37;56m██[38;2;0;37;56m██[38;2;0;37;56m██[38;2;0;37;56m██[38;2;0;37;56m██[38;2;0;0;0m██[38;2;0;0;0m██[38;2;0;0;0m██[38;2;0;69;104m██[38;2;0;69;104m██[38;2;0;69;104m██[38;2;0;69;104m██[38;2;0;69;104m██[38;2;0;69;104m██[38;2;0;0;0m██[38;2;0;0;0m██[38;2;0;69;104m██[38;2;0;69;104m██[38;2;0;69;104m██[38;2;0;69;104m██[38;2;0;69;104m██[38;2;0;69;104m██[38;2;0;37;56m██[38;2;0;37;56m██[38;2;0;37;56m██[38;2;0;101;153m██[38;2;0;129;193m██[38;2;0;37;56m██                                              
                        [38;2;0;0;0m██[38;2;0;37;56m██[38;2;0;0;0m██[38;2;0;37;56m██[38;2;0;69;104m██[38;2;0;69;104m██[38;2;0;69;104m██[38;2;0;69;104m██[38;2;0;69;104m██[38;2;0;69;104m██[38;2;0;0;0m██      [38;2;0;0;0m██[38;2;0;0;0m██[38;2;0;0;0m██[38;2;0;0;0m██[38;2;0;0;0m██[38;2;0;0;0m██    [38;2;0;0;0m██[38;2;0;37;56m██[38;2;0;37;56m██[38;2;0;37;56m██[38;2;0;37;56m██[38;2;0;37;56m██[38;2;0;69;104m██[38;2;0;69;104m██[38;2;0;69;104m██[38;2;0;69;104m██[38;2;0;101;153m██[38;2;0;37;56m██                                              
                          [38;2;0;37;56m██[38;2;102;102;102m██[38;2;0;0;0m██[38;2;0;37;56m██[38;2;0;69;104m██[38;2;0;69;104m██[38;2;0;69;104m██[38;2;0;69;104m██[38;2;0;69;104m██[38;2;0;0;0m██[38;2;0;37;56m██                    [38;2;0;0;0m██[38;2;0;69;104m██[38;2;0;69;104m██[38;2;0;69;104m██[38;2;0;69;104m██[38;2;0;69;104m██[38;2;0;69;104m██[38;2;0;69;104m██[38;2;0;69;104m██[38;2;0;69;104m██[38;2;0;69;104m██[38;2;0;0;0m██                                              
                        [38;2;45;45;45m██[38;2;102;102;102m██[38;2;102;102;102m██[38;2;102;102;102m██[38;2;0;0;0m██[38;2;0;37;56m██[38;2;0;69;104m██[38;2;0;69;104m██[38;2;0;37;56m██[38;2;0;0;0m██[38;2;76;76;76m██[38;2;76;76;76m██[38;2;0;37;56m██                  [38;2;0;0;0m██[38;2;0;69;104m██[38;2;0;69;104m██[38;2;0;69;104m██[38;2;0;69;104m██[38;2;0;69;104m██[38;2;0;69;104m██[38;2;0;69;104m██[38;2;0;69;104m██[38;2;0;69;104m██[38;2;0;0;0m██                                                
                        [38;2;45;45;45m██[38;2;102;102;102m██[38;2;102;102;102m██[38;2;76;76;76m██[38;2;0;0;0m██[38;2;0;0;0m██[38;2;0;69;104m██[38;2;0;0;0m██[38;2;0;0;0m██[38;2;0;0;0m██[38;2;0;0;0m██[38;2;0;0;0m██[38;2;0;0;0m██                [38;2;0;0;0m██[38;2;0;69;104m██[38;2;0;37;56m██[38;2;0;0;0m██[38;2;0;0;0m██[38;2;0;69;104m██[38;2;0;69;104m██[38;2;0;69;104m██[38;2;0;69;104m██[38;2;0;69;104m██[38;2;0;69;104m██[38;2;0;0;0m██[38;2;45;45;45m██                                              
                        [38;2;45;45;45m██[38;2;102;102;102m██[38;2;102;102;102m██[38;2;76;76;76m██[38;2;0;0;0m██[38;2;0;0;0m██[38;2;0;0;0m██                            [38;2;0;0;0m██[38;2;0;37;56m██[38;2;102;102;102m██[38;2;102;102;102m██[38;2;0;0;0m██[38;2;0;0;0m██[38;2;0;37;56m██[38;2;0;69;104m██[38;2;0;69;104m██[38;2;0;69;104m██[38;2;0;0;0m██[38;2;102;102;102m██[38;2;102;102;102m██[38;2;45;45;45m██                                            
                        [38;2;45;45;45m██[38;2;102;102;102m██[38;2;0;0;0m██[38;2;0;0;0m██                                    [38;2;0;37;56m██[38;2;102;102;102m██[38;2;102;102;102m██[38;2;76;76;76m██[38;2;0;0;0m██[38;2;0;0;0m██[38;2;0;37;56m██[38;2;0;69;104m██[38;2;0;0;0m██[38;2;76;76;76m██[38;2;76;76;76m██[38;2;102;102;102m██[38;2;102;102;102m██[38;2;45;45;45m██                                          
                        [38;2;0;0;0m██[38;2;0;0;0m██                                      [38;2;45;45;45m██[38;2;102;102;102m██[38;2;102;102;102m██[38;2;102;102;102m██[38;2;76;76;76m██[38;2;0;0;0m██[38;2;0;0;0m██[38;2;0;0;0m██[38;2;0;0;0m██  [38;2;0;0;0m██[38;2;0;0;0m██[38;2;0;0;0m██[38;2;0;0;0m██[38;2;0;0;0m██                                          
                                                                  [38;2;45;45;45m██[38;2;102;102;102m██[38;2;102;102;102m██[38;2;0;0;0m██[38;2;0;0;0m██                                                              
                                                                  [38;2;0;0;0m██[38;2;0;0;0m██[38;2;0;0;0m██                                                                  
