                                                                                                                [38;2;115;123;123m██[38;2;115;123;123m██                                                                  
                                                                                                              [38;2;115;123;123m██[38;2;246;246;246m██[38;2;246;246;246m██[38;2;24;24;24m██                                                                
                                                                                                              [38;2;115;123;123m██[38;2;246;246;246m██[38;2;246;246;246m██[38;2;24;24;24m██                                                                
                                                                                                              [38;2;115;123;123m██[38;2;246;246;246m██[38;2;246;246;246m██[38;2;24;24;24m██                                                                
                                                                                                              [38;2;115;123;123m██[38;2;246;246;246m██[38;2;246;246;246m██[38;2;246;246;246m██[38;2;24;24;24m██                                                              
                        [38;2;115;123;123m██[38;2;115;123;123m██                                                                                    [38;2;115;123;123m██[38;2;246;246;246m██[38;2;246;246;246m██[38;2;24;24;24m██                                                              
                      [38;2;115;123;123m██[38;2;246;246;246m██[38;2;246;246;246m██[38;2;115;123;123m██                                                                                  [38;2;115;123;123m██[38;2;246;246;246m██[38;2;246;246;246m██[38;2;246;246;246m██[38;2;24;24;24m██    [38;2;115;123;123m██                    [38;2;115;0;0m██                                
                      [38;2;24;24;24m██[38;2;246;246;246m██[38;2;246;246;246m██[38;2;115;123;123m██                                                                            [38;2;115;123;123m██[38;2;115;123;123m██  [38;2;24;24;24m██[38;2;246;246;246m██[38;2;246;246;246m██[38;2;246;246;246m██[38;2;24;24;24m██  [38;2;115;123;123m██[38;2;246;246;246m██[38;2;115;123;123m██                [38;2;115;0;0m██[38;2;189;24;57m██[38;2;115;0;0m██                              
                      [38;2;24;24;24m██[38;2;213;222;246m██[38;2;246;246;246m██[38;2;246;246;246m██[38;2;115;123;123m██                                                                        [38;2;115;123;123m██[38;2;246;246;246m██[38;2;246;246;246m██[38;2;115;123;123m██[38;2;24;24;24m██[38;2;246;246;246m██[38;2;246;246;246m██[38;2;246;246;246m██[38;2;24;24;24m██[38;2;115;123;123m██[38;2;246;246;246m██[38;2;246;246;246m██[38;2;24;24;24m██                [38;2;115;0;0m██[38;2;189;24;57m██[38;2;115;0;0m██                              
                        [38;2;24;24;24m██[38;2;246;246;246m██[38;2;246;246;246m██[38;2;115;123;123m██      [38;2;115;123;123m██                                                                [38;2;115;123;123m██[38;2;213;222;246m██[38;2;246;246;246m██[38;2;246;246;246m██[38;2;246;246;246m██[38;2;246;246;246m██[38;2;246;246;246m██[38;2;246;246;246m██[38;2;246;246;246m██[38;2;24;24;24m██[38;2;246;246;246m██[38;2;246;246;246m██[38;2;24;24;24m██                [38;2;115;0;0m██[38;2;189;24;57m██[38;2;115;0;0m██                              
                        [38;2;24;24;24m██[38;2;246;246;246m██[38;2;246;246;246m██[38;2;246;246;246m██[38;2;115;123;123m██  [38;2;115;123;123m██[38;2;246;246;246m██[38;2;115;123;123m██                                                                [38;2;115;123;123m██[38;2;246;246;246m██[38;2;246;246;246m██[38;2;246;246;246m██[38;2;246;246;246m██[38;2;246;246;246m██[38;2;246;246;246m██[38;2;246;246;246m██[38;2;246;246;246m██[38;2;246;246;246m██[38;2;115;123;123m██                  [38;2;115;0;0m██[38;2;189;24;57m██[38;2;189;24;57m██[38;2;115;0;0m██                            
                [38;2;115;123;123m██[38;2;115;123;123m██[38;2;115;123;123m██  [38;2;115;123;123m██[38;2;246;246;246m██[38;2;246;246;246m██[38;2;246;246;246m██[38;2;115;123;123m██  [38;2;115;123;123m██[38;2;246;246;246m██[38;2;24;24;24m██                                                                  [38;2;24;24;24m██[38;2;213;222;246m██[38;2;246;246;246m██[38;2;246;246;246m██[38;2;246;246;246m██[38;2;246;246;246m██[38;2;246;246;246m██[38;2;246;246;246m██[38;2;246;246;246m██[38;2;24;24;24m██                  [38;2;115;0;0m██[38;2;156;0;8m██[38;2;189;24;57m██[38;2;115;0;0m██                            
                [38;2;24;24;24m██[38;2;246;246;246m██[38;2;246;246;246m██[38;2;115;123;123m██[38;2;115;123;123m██[38;2;115;123;123m██[38;2;246;246;246m██[38;2;246;246;246m██[38;2;246;246;246m██[38;2;115;123;123m██[38;2;115;123;123m██[38;2;246;246;246m██[38;2;24;24;24m██                                                                    [38;2;24;24;24m██[38;2;246;246;246m██[38;2;246;246;246m██[38;2;246;246;246m██[38;2;246;246;246m██[38;2;246;246;246m██[38;2;246;246;246m██[38;2;246;246;246m██[38;2;24;24;24m██                    [38;2;115;0;0m██[38;2;189;24;57m██[38;2;156;0;8m██[38;2;115;0;0m██                          
                  [38;2;24;24;24m██[38;2;246;246;246m██[38;2;246;246;246m██[38;2;246;246;246m██[38;2;246;246;246m██[38;2;246;246;246m██[38;2;246;246;246m██[38;2;246;246;246m██[38;2;246;246;246m██[38;2;115;123;123m██[38;2;246;246;246m██[38;2;213;222;246m██[38;2;115;123;123m██                                                                  [38;2;24;24;24m██[38;2;213;222;246m██[38;2;246;246;246m██[38;2;246;246;246m██[38;2;246;246;246m██[38;2;246;246;246m██[38;2;246;246;246m██[38;2;115;123;123m██                      [38;2;115;0;0m██[38;2;156;0;8m██[38;2;156;0;8m██[38;2;24;24;24m██                          
                    [38;2;115;123;123m██[38;2;246;246;246m██[38;2;246;246;246m██[38;2;246;246;246m██[38;2;246;246;246m██[38;2;246;246;246m██[38;2;246;246;246m██[38;2;246;246;246m██[38;2;246;246;246m██[38;2;246;246;246m██[38;2;246;246;246m██[38;2;24;24;24m██                                                                    [38;2;115;123;123m██[38;2;213;222;246m██[38;2;246;246;246m██[38;2;246;246;246m██[38;2;246;246;246m██[38;2;246;246;246m██[38;2;24;24;24m██                      [38;2;115;0;0m██[38;2;156;0;8m██[38;2;156;0;8m██[38;2;24;24;24m██                          
                    [38;2;24;24;24m██[38;2;213;222;246m██[38;2;246;246;246m██[38;2;246;246;246m██[38;2;246;246;246m██[38;2;246;246;246m██[38;2;246;246;246m██[38;2;246;246;246m██[38;2;246;246;246m██[38;2;246;246;246m██[38;2;246;246;246m██[38;2;24;24;24m██                                                              [38;2;189;24;57m██[38;2;189;24;57m██[38;2;189;24;57m██[38;2;24;24;24m██[38;2;213;222;246m██[38;2;213;222;246m██[38;2;213;222;246m██[38;2;213;222;246m██[38;2;213;222;246m██[38;2;24;24;24m██                      [38;2;115;0;0m██[38;2;156;0;8m██[38;2;156;0;8m██[38;2;156;0;8m██[38;2;115;0;0m██                        
                      [38;2;24;24;24m██[38;2;246;246;246m██[38;2;246;246;246m██[38;2;246;246;246m██[38;2;246;246;246m██[38;2;246;246;246m██[38;2;246;246;246m██[38;2;246;246;246m██[38;2;246;246;246m██[38;2;246;246;246m██[38;2;213;222;246m██[38;2;115;123;123m██                                      [38;2;115;123;123m██            [38;2;115;123;123m██  [38;2;189;24;57m██[38;2;189;24;57m██[38;2;230;65;74m██[38;2;230;65;74m██[38;2;230;65;74m██[38;2;230;65;74m██[38;2;189;24;57m██[38;2;189;24;57m██[38;2;230;65;74m██[38;2;230;65;74m██[38;2;189;24;57m██[38;2;24;24;24m██                        [38;2;115;0;0m██[38;2;156;0;8m██[38;2;156;0;8m██[38;2;24;24;24m██                        
                        [38;2;115;123;123m██[38;2;246;246;246m██[38;2;246;246;246m██[38;2;246;246;246m██[38;2;246;246;246m██[38;2;246;246;246m██[38;2;246;246;246m██[38;2;246;246;246m██[38;2;246;246;246m██[38;2;246;246;246m██[38;2;24;24;24m██                                    [38;2;115;123;123m██[38;2;246;246;246m██[38;2;115;123;123m██[38;2;115;123;123m██      [38;2;115;123;123m██[38;2;246;246;246m██[38;2;115;123;123m██[38;2;230;65;74m██[38;2;230;65;74m██[38;2;230;65;74m██[38;2;230;65;74m██[38;2;230;65;74m██[38;2;230;65;74m██[38;2;230;65;74m██[38;2;230;65;74m██[38;2;230;65;74m██[38;2;230;65;74m██[38;2;230;65;74m██[38;2;230;65;74m██[38;2;115;0;0m██[38;2;115;0;0m██                    [38;2;115;0;0m██[38;2;156;0;8m██[38;2;156;0;8m██[38;2;24;24;24m██                        
                      [38;2;115;123;123m██[38;2;115;123;123m██[38;2;213;222;246m██[38;2;246;246;246m██[38;2;213;222;246m██[38;2;246;246;246m██[38;2;246;246;246m██[38;2;246;246;246m██[38;2;246;246;246m██[38;2;246;246;246m██[38;2;246;246;246m██[38;2;24;24;24m██                                    [38;2;115;123;123m██[38;2;246;246;246m██[38;2;246;246;246m██[38;2;246;246;246m██[38;2;115;123;123m██[38;2;115;123;123m██  [38;2;115;123;123m██[38;2;246;246;246m██[38;2;246;246;246m██[38;2;115;123;123m██[38;2;24;24;24m██[38;2;24;24;24m██[38;2;24;24;24m██[38;2;189;24;57m██[38;2;189;24;57m██[38;2;189;24;57m██[38;2;189;24;57m██[38;2;189;24;57m██[38;2;230;65;74m██[38;2;230;65;74m██[38;2;230;65;74m██[38;2;230;65;74m██[38;2;230;65;74m██[38;2;115;0;0m██        [38;2;115;0;0m██[38;2;24;24;24m██[38;2;24;24;24m██[38;2;24;24;24m██[38;2;24;24;24m██[38;2;115;0;0m██[38;2;156;0;8m██[38;2;156;0;8m██[38;2;156;0;8m██[38;2;115;0;0m██                      
                  [38;2;115;123;123m██[38;2;115;123;123m██[38;2;213;222;246m██[38;2;213;222;246m██[38;2;246;246;246m██[38;2;213;222;246m██[38;2;246;246;246m██[38;2;213;222;246m██[38;2;246;246;246m██[38;2;246;246;246m██[38;2;246;246;246m██[38;2;246;246;246m██[38;2;246;246;246m██[38;2;24;24;24m██                                      [38;2;24;24;24m██[38;2;246;246;246m██[38;2;246;246;246m██[38;2;246;246;246m██[38;2;246;246;246m██[38;2;115;123;123m██[38;2;115;123;123m██[38;2;246;246;246m██[38;2;246;246;246m██[38;2;115;123;123m██[38;2;115;0;0m██[38;2;115;0;0m██[38;2;115;0;0m██[38;2;24;24;24m██[38;2;24;24;24m██[38;2;189;24;57m██[38;2;189;24;57m██[38;2;189;24;57m██[38;2;189;24;57m██[38;2;189;24;57m██[38;2;189;24;57m██[38;2;189;24;57m██[38;2;230;65;74m██[38;2;230;65;74m██[38;2;115;0;0m██  [38;2;115;0;0m██[38;2;115;0;0m██[38;2;230;65;74m██[38;2;230;65;74m██[38;2;230;65;74m██[38;2;230;65;74m██[38;2;230;65;74m██[38;2;24;24;24m██[38;2;24;24;24m██[38;2;156;0;8m██[38;2;156;0;8m██[38;2;24;24;24m██                      
                  [38;2;24;24;24m██[38;2;213;222;246m██[38;2;213;222;246m██[38;2;213;222;246m██[38;2;213;222;246m██[38;2;246;246;246m██[38;2;213;222;246m██[38;2;213;222;246m██[38;2;213;222;246m██[38;2;213;222;246m██[38;2;246;246;246m██[38;2;246;246;246m██[38;2;213;222;246m██[38;2;213;222;246m██[38;2;115;123;123m██                                      [38;2;115;123;123m██[38;2;213;222;246m██[38;2;246;246;246m██[38;2;246;246;246m██[38;2;246;246;246m██[38;2;246;246;246m██[38;2;246;246;246m██[38;2;246;246;246m██[38;2;246;246;246m██[38;2;115;123;123m██[38;2;115;0;0m██[38;2;115;0;0m██[38;2;115;0;0m██[38;2;115;0;0m██[38;2;24;24;24m██[38;2;24;24;24m██[38;2;189;24;57m██[38;2;189;24;57m██[38;2;189;24;57m██[38;2;189;24;57m██[38;2;189;24;57m██[38;2;189;24;57m██[38;2;189;24;57m██[38;2;189;24;57m██[38;2;24;24;24m██[38;2;230;65;74m██[38;2;230;65;74m██[38;2;230;65;74m██[38;2;230;65;74m██[38;2;230;65;74m██[38;2;230;65;74m██[38;2;230;65;74m██[38;2;230;65;74m██[38;2;230;65;74m██[38;2;24;24;24m██[38;2;156;0;8m██[38;2;24;24;24m██                [38;2;115;0;0m██[38;2;115;0;0m██  
                    [38;2;115;123;123m██[38;2;24;24;24m██[38;2;213;222;246m██[38;2;213;222;246m██[38;2;213;222;246m██[38;2;213;222;246m██[38;2;213;222;246m██[38;2;213;222;246m██[38;2;213;222;246m██[38;2;213;222;246m██[38;2;213;222;246m██[38;2;213;222;246m██[38;2;213;222;246m██[38;2;24;24;24m██                                        [38;2;24;24;24m██[38;2;246;246;246m██[38;2;246;246;246m██[38;2;246;246;246m██[38;2;246;246;246m██[38;2;246;246;246m██[38;2;246;246;246m██[38;2;246;246;246m██[38;2;115;123;123m██[38;2;115;0;0m██[38;2;115;0;0m██[38;2;115;0;0m██[38;2;115;0;0m██[38;2;115;0;0m██[38;2;115;0;0m██[38;2;24;24;24m██[38;2;189;24;57m██[38;2;189;24;57m██[38;2;189;24;57m██[38;2;189;24;57m██[38;2;189;24;57m██[38;2;189;24;57m██[38;2;189;24;57m██[38;2;189;24;57m██[38;2;24;24;24m██[38;2;189;24;57m██[38;2;189;24;57m██[38;2;230;65;74m██[38;2;230;65;74m██[38;2;230;65;74m██[38;2;230;65;74m██[38;2;230;65;74m██[38;2;230;65;74m██[38;2;230;65;74m██[38;2;24;24;24m██[38;2;156;0;8m██[38;2;115;0;0m██          [38;2;115;0;0m██[38;2;115;0;0m██[38;2;189;24;57m██[38;2;189;24;57m██[38;2;115;0;0m██
                        [38;2;115;123;123m██[38;2;24;24;24m██[38;2;213;222;246m██[38;2;213;222;246m██[38;2;213;222;246m██[38;2;213;222;246m██[38;2;213;222;246m██[38;2;213;222;246m██[38;2;213;222;246m██[38;2;213;222;246m██[38;2;213;222;246m██[38;2;24;24;24m██                                          [38;2;115;123;123m██[38;2;246;246;246m██[38;2;246;246;246m██[38;2;246;246;246m██[38;2;246;246;246m██[38;2;246;246;246m██[38;2;246;246;246m██[38;2;246;246;246m██[38;2;115;123;123m██[38;2;115;0;0m██[38;2;115;0;0m██[38;2;115;0;0m██[38;2;115;0;0m██[38;2;115;0;0m██[38;2;24;24;24m██[38;2;189;24;57m██[38;2;189;24;57m██[38;2;189;24;57m██[38;2;189;24;57m██[38;2;189;24;57m██[38;2;189;24;57m██[38;2;189;24;57m██[38;2;189;24;57m██[38;2;24;24;24m██[38;2;189;24;57m██[38;2;189;24;57m██[38;2;189;24;57m██[38;2;189;24;57m██[38;2;189;24;57m██[38;2;230;65;74m██[38;2;230;65;74m██[38;2;230;65;74m██[38;2;230;65;74m██[38;2;230;65;74m██[38;2;24;24;24m██[38;2;115;0;0m██      [38;2;115;0;0m██[38;2;115;0;0m██[38;2;156;0;8m██[38;2;156;0;8m██[38;2;156;0;8m██[38;2;115;0;0m██  
                            [38;2;24;24;24m██[38;2;24;24;24m██[38;2;213;222;246m██[38;2;213;222;246m██[38;2;213;222;246m██[38;2;213;222;246m██[38;2;213;222;246m██[38;2;213;222;246m██[38;2;213;222;246m██[38;2;24;24;24m██  [38;2;189;24;57m██[38;2;189;24;57m██[38;2;189;24;57m██[38;2;189;24;57m██[38;2;189;24;57m██                                [38;2;115;123;123m██[38;2;213;222;246m██[38;2;213;222;246m██[38;2;213;222;246m██[38;2;246;246;246m██[38;2;246;246;246m██[38;2;246;246;246m██[38;2;246;246;246m██[38;2;115;0;0m██[38;2;156;0;8m██[38;2;156;0;8m██[38;2;115;0;0m██[38;2;115;0;0m██[38;2;115;0;0m██[38;2;24;24;24m██[38;2;189;24;57m██[38;2;189;24;57m██[38;2;189;24;57m██[38;2;189;24;57m██[38;2;189;24;57m██[38;2;189;24;57m██[38;2;189;24;57m██[38;2;189;24;57m██[38;2;24;24;24m██[38;2;189;24;57m██[38;2;189;24;57m██[38;2;189;24;57m██[38;2;189;24;57m██[38;2;189;24;57m██[38;2;189;24;57m██[38;2;189;24;57m██[38;2;230;65;74m██[38;2;189;24;57m██[38;2;24;24;24m██[38;2;156;0;8m██[38;2;115;0;0m██[38;2;115;0;0m██[38;2;115;0;0m██[38;2;156;0;8m██[38;2;156;0;8m██[38;2;156;0;8m██[38;2;115;0;0m██[38;2;115;0;0m██    
                                [38;2;24;24;24m██[38;2;213;222;246m██[38;2;213;222;246m██[38;2;213;222;246m██[38;2;213;222;246m██[38;2;213;222;246m██[38;2;189;24;57m██[38;2;115;0;0m██[38;2;115;0;0m██[38;2;230;65;74m██[38;2;230;65;74m██[38;2;230;65;74m██[38;2;230;65;74m██[38;2;230;65;74m██[38;2;189;24;57m██[38;2;189;24;57m██                        [38;2;115;123;123m██[38;2;115;123;123m██[38;2;115;123;123m██[38;2;213;222;246m██[38;2;213;222;246m██[38;2;213;222;246m██[38;2;213;222;246m██[38;2;213;222;246m██[38;2;213;222;246m██[38;2;246;246;246m██[38;2;156;0;8m██[38;2;189;24;57m██[38;2;189;24;57m██[38;2;189;24;57m██[38;2;115;0;0m██[38;2;115;0;0m██[38;2;115;0;0m██[38;2;115;0;0m██[38;2;189;24;57m██[38;2;189;24;57m██[38;2;189;24;57m██[38;2;189;24;57m██[38;2;189;24;57m██[38;2;189;24;57m██[38;2;189;24;57m██[38;2;24;24;24m██[38;2;189;24;57m██[38;2;189;24;57m██[38;2;189;24;57m██[38;2;189;24;57m██[38;2;189;24;57m██[38;2;189;24;57m██[38;2;189;24;57m██[38;2;189;24;57m██[38;2;189;24;57m██[38;2;189;24;57m██[38;2;115;0;0m██[38;2;156;0;8m██[38;2;156;0;8m██[38;2;156;0;8m██[38;2;156;0;8m██[38;2;156;0;8m██[38;2;115;0;0m██        
                            [38;2;189;24;57m██[38;2;156;0;8m██[38;2;230;65;74m██[38;2;24;24;24m██[38;2;213;222;246m██[38;2;213;222;246m██[38;2;189;24;57m██[38;2;189;24;57m██[38;2;230;65;74m██[38;2;230;65;74m██[38;2;230;65;74m██[38;2;115;0;0m██[38;2;115;0;0m██[38;2;230;65;74m██[38;2;230;65;74m██[38;2;230;65;74m██[38;2;230;65;74m██[38;2;230;65;74m██[38;2;189;24;57m██                    [38;2;115;123;123m██[38;2;213;222;246m██[38;2;213;222;246m██[38;2;213;222;246m██[38;2;213;222;246m██[38;2;213;222;246m██[38;2;213;222;246m██[38;2;213;222;246m██[38;2;213;222;246m██[38;2;213;222;246m██[38;2;156;0;8m██[38;2;189;24;57m██[38;2;189;24;57m██[38;2;189;24;57m██[38;2;189;24;57m██[38;2;189;24;57m██[38;2;115;0;0m██[38;2;115;0;0m██[38;2;115;0;0m██[38;2;24;24;24m██[38;2;156;0;8m██[38;2;189;24;57m██[38;2;230;65;74m██[38;2;230;65;74m██[38;2;230;65;74m██[38;2;189;24;57m██[38;2;115;0;0m██[38;2;189;24;57m██[38;2;189;24;57m██[38;2;189;24;57m██[38;2;189;24;57m██[38;2;189;24;57m██[38;2;189;24;57m██[38;2;189;24;57m██[38;2;189;24;57m██[38;2;189;24;57m██[38;2;189;24;57m██[38;2;189;24;57m██[38;2;24;24;24m██[38;2;156;0;8m██[38;2;156;0;8m██[38;2;115;0;0m██[38;2;115;0;0m██          
                          [38;2;156;0;8m██[38;2;189;24;57m██[38;2;230;65;74m██[38;2;230;65;74m██[38;2;189;24;57m██[38;2;189;24;57m██[38;2;189;24;57m██[38;2;230;65;74m██[38;2;230;65;74m██[38;2;230;65;74m██[38;2;230;65;74m██[38;2;230;65;74m██[38;2;230;65;74m██[38;2;230;65;74m██[38;2;115;0;0m██[38;2;230;65;74m██[38;2;230;65;74m██[38;2;230;65;74m██[38;2;230;65;74m██[38;2;230;65;74m██[38;2;189;24;57m██                  [38;2;24;24;24m██[38;2;213;222;246m██[38;2;213;222;246m██[38;2;213;222;246m██[38;2;213;222;246m██[38;2;213;222;246m██[38;2;213;222;246m██[38;2;213;222;246m██[38;2;213;222;246m██[38;2;156;0;8m██[38;2;189;24;57m██[38;2;189;24;57m██[38;2;189;24;57m██[38;2;189;24;57m██[38;2;189;24;57m██[38;2;189;24;57m██[38;2;156;0;8m██[38;2;115;0;0m██[38;2;115;0;0m██[38;2;115;0;0m██[38;2;24;24;24m██[38;2;24;24;24m██[38;2;230;65;74m██[38;2;230;65;74m██[38;2;230;65;74m██[38;2;230;65;74m██[38;2;230;65;74m██[38;2;115;0;0m██[38;2;189;24;57m██[38;2;189;24;57m██[38;2;189;24;57m██[38;2;189;24;57m██[38;2;189;24;57m██[38;2;189;24;57m██[38;2;189;24;57m██[38;2;189;24;57m██[38;2;189;24;57m██[38;2;189;24;57m██[38;2;24;24;24m██[38;2;156;0;8m██[38;2;24;24;24m██              
                        [38;2;189;24;57m██[38;2;230;65;74m██[38;2;230;65;74m██[38;2;230;65;74m██[38;2;230;65;74m██[38;2;230;65;74m██[38;2;230;65;74m██[38;2;230;65;74m██[38;2;230;65;74m██[38;2;230;65;74m██[38;2;230;65;74m██[38;2;230;65;74m██[38;2;230;65;74m██[38;2;246;230;172m██[38;2;246;230;172m██[38;2;115;0;0m██[38;2;189;24;57m██[38;2;230;65;74m██[38;2;230;65;74m██[38;2;230;65;74m██[38;2;230;65;74m██[38;2;230;65;74m██[38;2;115;0;0m██                  [38;2;24;24;24m██[38;2;24;24;24m██[38;2;213;222;246m██[38;2;213;222;246m██[38;2;213;222;246m██[38;2;213;222;246m██[38;2;213;222;246m██[38;2;156;0;8m██[38;2;189;24;57m██[38;2;189;24;57m██[38;2;189;24;57m██[38;2;189;24;57m██[38;2;189;24;57m██[38;2;189;24;57m██[38;2;189;24;57m██[38;2;189;24;57m██[38;2;115;0;0m██[38;2;115;0;0m██[38;2;115;0;0m██[38;2;115;0;0m██[38;2;115;0;0m██[38;2;24;24;24m██[38;2;189;24;57m██[38;2;189;24;57m██[38;2;230;65;74m██[38;2;230;65;74m██[38;2;230;65;74m██[38;2;115;0;0m██[38;2;115;0;0m██[38;2;189;24;57m██[38;2;189;24;57m██[38;2;189;24;57m██[38;2;189;24;57m██[38;2;189;24;57m██[38;2;189;24;57m██[38;2;189;24;57m██[38;2;189;24;57m██[38;2;189;24;57m██[38;2;24;24;24m██[38;2;24;24;24m██[38;2;115;0;0m██[38;2;115;0;0m██[38;2;115;0;0m██[38;2;115;0;0m██      
                      [38;2;115;0;0m██[38;2;115;0;0m██[38;2;115;0;0m██[38;2;115;0;0m██[38;2;230;65;74m██[38;2;230;65;74m██[38;2;230;65;74m██[38;2;230;65;74m██[38;2;230;65;74m██[38;2;230;65;74m██[38;2;230;65;74m██[38;2;230;65;74m██[38;2;230;65;74m██[38;2;246;230;172m██[38;2;246;230;172m██[38;2;205;180;123m██[38;2;205;180;123m██[38;2;115;0;0m██[38;2;189;24;57m██[38;2;230;65;74m██[38;2;230;65;74m██[38;2;246;230;172m██[38;2;246;230;172m██[38;2;115;0;0m██[38;2;189;24;57m██[38;2;189;24;57m██                  [38;2;24;24;24m██[38;2;24;24;24m██[38;2;213;222;246m██[38;2;213;222;246m██[38;2;156;0;8m██[38;2;189;24;57m██[38;2;189;24;57m██[38;2;189;24;57m██[38;2;189;24;57m██[38;2;189;24;57m██[38;2;189;24;57m██[38;2;189;24;57m██[38;2;189;24;57m██[38;2;189;24;57m██[38;2;156;0;8m██[38;2;115;0;0m██[38;2;115;0;0m██[38;2;115;0;0m██[38;2;115;0;0m██[38;2;24;24;24m██[38;2;189;24;57m██[38;2;189;24;57m██[38;2;189;24;57m██[38;2;189;24;57m██[38;2;189;24;57m██[38;2;189;24;57m██[38;2;189;24;57m██[38;2;115;0;0m██[38;2;189;24;57m██[38;2;189;24;57m██[38;2;189;24;57m██[38;2;189;24;57m██[38;2;189;24;57m██[38;2;189;24;57m██[38;2;189;24;57m██[38;2;115;0;0m██[38;2;115;0;0m██[38;2;115;0;0m██[38;2;230;65;74m██[38;2;230;65;74m██[38;2;230;65;74m██[38;2;230;65;74m██[38;2;24;24;24m██    
                    [38;2;156;0;8m██[38;2;156;0;8m██[38;2;230;65;74m██[38;2;230;65;74m██[38;2;189;24;57m██[38;2;115;0;0m██[38;2;115;0;0m██[38;2;230;65;74m██[38;2;230;65;74m██[38;2;230;65;74m██[38;2;230;65;74m██[38;2;230;65;74m██[38;2;189;24;57m██[38;2;189;24;57m██[38;2;205;180;123m██[38;2;205;180;123m██[38;2;205;180;123m██[38;2;205;180;123m██[38;2;115;0;0m██[38;2;189;24;57m██[38;2;189;24;57m██[38;2;189;24;57m██[38;2;246;230;172m██[38;2;246;230;172m██[38;2;246;230;172m██[38;2;115;0;0m██[38;2;230;65;74m██[38;2;189;24;57m██              [38;2;115;0;0m██[38;2;189;24;57m██[38;2;189;24;57m██[38;2;156;0;8m██[38;2;156;0;8m██[38;2;189;24;57m██[38;2;189;24;57m██[38;2;189;24;57m██[38;2;189;24;57m██[38;2;189;24;57m██[38;2;189;24;57m██[38;2;189;24;57m██[38;2;189;24;57m██[38;2;189;24;57m██[38;2;189;24;57m██[38;2;189;24;57m██[38;2;115;0;0m██[38;2;115;0;0m██[38;2;115;0;0m██[38;2;24;24;24m██[38;2;115;0;0m██[38;2;189;24;57m██[38;2;189;24;57m██[38;2;189;24;57m██[38;2;189;24;57m██[38;2;189;24;57m██[38;2;189;24;57m██[38;2;189;24;57m██[38;2;189;24;57m██[38;2;24;24;24m██[38;2;189;24;57m██[38;2;189;24;57m██[38;2;189;24;57m██[38;2;189;24;57m██[38;2;24;24;24m██[38;2;115;0;0m██[38;2;230;65;74m██[38;2;230;65;74m██[38;2;230;65;74m██[38;2;115;123;123m██[38;2;115;123;123m██[38;2;24;24;24m██[38;2;24;24;24m██      
                  [38;2;115;0;0m██[38;2;230;65;74m██[38;2;230;65;74m██[38;2;230;65;74m██[38;2;230;65;74m██[38;2;230;65;74m██[38;2;230;65;74m██[38;2;189;24;57m██[38;2;115;0;0m██[38;2;189;24;57m██[38;2;189;24;57m██[38;2;189;24;57m██[38;2;189;24;57m██[38;2;189;24;57m██[38;2;189;24;57m██[38;2;189;24;57m██[38;2;230;65;74m██[38;2;205;180;123m██[38;2;205;180;123m██[38;2;115;0;0m██[38;2;189;24;57m██[38;2;189;24;57m██[38;2;189;24;57m██[38;2;230;65;74m██[38;2;205;180;123m██[38;2;246;230;172m██[38;2;115;0;0m██[38;2;230;65;74m██[38;2;230;65;74m██[38;2;189;24;57m██          [38;2;24;24;24m██[38;2;189;24;57m██[38;2;189;24;57m██[38;2;189;24;57m██[38;2;156;0;8m██[38;2;156;0;8m██[38;2;156;0;8m██[38;2;156;0;8m██[38;2;156;0;8m██[38;2;156;0;8m██[38;2;156;0;8m██[38;2;189;24;57m██[38;2;189;24;57m██[38;2;189;24;57m██[38;2;189;24;57m██[38;2;189;24;57m██[38;2;189;24;57m██[38;2;156;0;8m██[38;2;24;24;24m██[38;2;24;24;24m██[38;2;156;0;8m██[38;2;156;0;8m██[38;2;156;0;8m██[38;2;156;0;8m██[38;2;156;0;8m██[38;2;189;24;57m██[38;2;189;24;57m██[38;2;189;24;57m██[38;2;189;24;57m██[38;2;189;24;57m██[38;2;24;24;24m██[38;2;189;24;57m██[38;2;189;24;57m██[38;2;24;24;24m██[38;2;115;0;0m██[38;2;230;65;74m██[38;2;230;65;74m██[38;2;115;123;123m██[38;2;115;123;123m██[38;2;115;123;123m██[38;2;213;222;246m██[38;2;213;222;246m██[38;2;24;24;24m██        
                [38;2;115;0;0m██[38;2;230;65;74m██[38;2;230;65;74m██[38;2;230;65;74m██[38;2;230;65;74m██[38;2;230;65;74m██[38;2;230;65;74m██[38;2;230;65;74m██[38;2;189;24;57m██[38;2;189;24;57m██[38;2;115;0;0m██[38;2;189;24;57m██[38;2;189;24;57m██[38;2;189;24;57m██[38;2;189;24;57m██[38;2;189;24;57m██[38;2;189;24;57m██[38;2;189;24;57m██[38;2;189;24;57m██[38;2;189;24;57m██[38;2;115;0;0m██[38;2;189;24;57m██[38;2;189;24;57m██[38;2;189;24;57m██[38;2;189;24;57m██[38;2;205;180;123m██[38;2;205;180;123m██[38;2;115;0;0m██[38;2;230;65;74m██[38;2;230;65;74m██[38;2;189;24;57m██          [38;2;24;24;24m██[38;2;189;24;57m██[38;2;156;0;8m██[38;2;156;0;8m██[38;2;189;24;57m██[38;2;189;24;57m██[38;2;189;24;57m██[38;2;189;24;57m██[38;2;189;24;57m██[38;2;189;24;57m██[38;2;189;24;57m██[38;2;156;0;8m██[38;2;156;0;8m██[38;2;156;0;8m██[38;2;189;24;57m██[38;2;189;24;57m██[38;2;189;24;57m██[38;2;115;0;0m██[38;2;156;0;8m██[38;2;156;0;8m██[38;2;156;0;8m██[38;2;156;0;8m██[38;2;115;0;0m██[38;2;115;0;0m██[38;2;115;0;0m██[38;2;115;0;0m██[38;2;115;0;0m██[38;2;115;0;0m██[38;2;24;24;24m██[38;2;24;24;24m██[38;2;189;24;57m██[38;2;189;24;57m██[38;2;24;24;24m██[38;2;230;65;74m██[38;2;230;65;74m██[38;2;189;24;57m██[38;2;115;123;123m██[38;2;213;222;246m██[38;2;213;222;246m██[38;2;213;222;246m██[38;2;213;222;246m██[38;2;24;24;24m██          
                [38;2;115;0;0m██[38;2;230;65;74m██[38;2;230;65;74m██[38;2;230;65;74m██[38;2;230;65;74m██[38;2;230;65;74m██[38;2;230;65;74m██[38;2;189;24;57m██[38;2;189;24;57m██[38;2;205;180;123m██[38;2;115;0;0m██[38;2;189;24;57m██[38;2;189;24;57m██[38;2;189;24;57m██[38;2;189;24;57m██[38;2;189;24;57m██[38;2;189;24;57m██[38;2;189;24;57m██[38;2;189;24;57m██[38;2;189;24;57m██[38;2;115;0;0m██[38;2;189;24;57m██[38;2;189;24;57m██[38;2;189;24;57m██[38;2;189;24;57m██[38;2;189;24;57m██[38;2;205;180;123m██[38;2;115;0;0m██[38;2;230;65;74m██[38;2;230;65;74m██[38;2;230;65;74m██[38;2;115;0;0m██        [38;2;24;24;24m██[38;2;115;0;0m██[38;2;189;24;57m██[38;2;230;65;74m██[38;2;230;65;74m██[38;2;189;24;57m██[38;2;189;24;57m██[38;2;189;24;57m██[38;2;189;24;57m██[38;2;189;24;57m██[38;2;189;24;57m██[38;2;189;24;57m██[38;2;189;24;57m██[38;2;189;24;57m██[38;2;115;0;0m██[38;2;189;24;57m██[38;2;115;0;0m██[38;2;156;0;8m██[38;2;156;0;8m██[38;2;156;0;8m██[38;2;156;0;8m██[38;2;156;0;8m██[38;2;156;0;8m██[38;2;156;0;8m██[38;2;156;0;8m██[38;2;156;0;8m██[38;2;24;24;24m██[38;2;24;24;24m██[38;2;189;24;57m██[38;2;189;24;57m██[38;2;189;24;57m██[38;2;24;24;24m██[38;2;189;24;57m██[38;2;156;0;8m██[38;2;115;123;123m██[38;2;213;222;246m██[38;2;213;222;246m██[38;2;213;222;246m██[38;2;213;222;246m██[38;2;213;222;246m██[38;2;115;123;123m██            
              [38;2;115;0;0m██[38;2;189;24;57m██[38;2;189;24;57m██[38;2;230;65;74m██[38;2;230;65;74m██[38;2;230;65;74m██[38;2;189;24;57m██[38;2;189;24;57m██[38;2;189;24;57m██[38;2;230;65;74m██[38;2;205;180;123m██[38;2;205;180;123m██[38;2;115;0;0m██[38;2;189;24;57m██[38;2;189;24;57m██[38;2;189;24;57m██[38;2;189;24;57m██[38;2;189;24;57m██[38;2;189;24;57m██[38;2;189;24;57m██[38;2;189;24;57m██[38;2;115;0;0m██[38;2;230;65;74m██[38;2;189;24;57m██[38;2;189;24;57m██[38;2;189;24;57m██[38;2;189;24;57m██[38;2;189;24;57m██[38;2;115;0;0m██[38;2;230;65;74m██[38;2;230;65;74m██[38;2;230;65;74m██[38;2;115;0;0m██          [38;2;115;0;0m██[38;2;230;65;74m██[38;2;230;65;74m██[38;2;230;65;74m██[38;2;189;24;57m██[38;2;189;24;57m██[38;2;189;24;57m██[38;2;189;24;57m██[38;2;189;24;57m██[38;2;189;24;57m██[38;2;189;24;57m██[38;2;189;24;57m██[38;2;189;24;57m██[38;2;189;24;57m██[38;2;115;0;0m██[38;2;115;0;0m██[38;2;156;0;8m██[38;2;156;0;8m██[38;2;156;0;8m██[38;2;156;0;8m██[38;2;156;0;8m██[38;2;156;0;8m██[38;2;156;0;8m██[38;2;156;0;8m██[38;2;24;24;24m██[38;2;189;24;57m██[38;2;189;24;57m██[38;2;189;24;57m██[38;2;189;24;57m██[38;2;24;24;24m██[38;2;189;24;57m██[38;2;189;24;57m██[38;2;156;0;8m██[38;2;213;222;246m██[38;2;213;222;246m██[38;2;213;222;246m██[38;2;213;222;246m██[38;2;213;222;246m██[38;2;213;222;246m██[38;2;115;123;123m██            
  [38;2;115;123;123m██[38;2;115;123;123m██[38;2;115;123;123m██      [38;2;115;0;0m██[38;2;189;24;57m██[38;2;189;24;57m██[38;2;189;24;57m██[38;2;189;24;57m██[38;2;189;24;57m██[38;2;189;24;57m██[38;2;189;24;57m██[38;2;189;24;57m██[38;2;205;180;123m██[38;2;205;180;123m██[38;2;205;180;123m██[38;2;115;0;0m██[38;2;189;24;57m██[38;2;230;65;74m██[38;2;205;180;123m██[38;2;205;180;123m██[38;2;205;180;123m██[38;2;230;65;74m██[38;2;189;24;57m██[38;2;115;0;0m██[38;2;205;180;123m██[38;2;205;180;123m██[38;2;205;180;123m██[38;2;230;65;74m██[38;2;189;24;57m██[38;2;189;24;57m██[38;2;115;0;0m██[38;2;189;24;57m██[38;2;230;65;74m██[38;2;230;65;74m██[38;2;246;230;172m██[38;2;115;0;0m██        [38;2;115;0;0m██[38;2;230;65;74m██[38;2;230;65;74m██[38;2;230;65;74m██[38;2;230;65;74m██[38;2;230;65;74m██[38;2;189;24;57m██[38;2;189;24;57m██[38;2;189;24;57m██[38;2;189;24;57m██[38;2;189;24;57m██[38;2;189;24;57m██[38;2;189;24;57m██[38;2;189;24;57m██[38;2;189;24;57m██[38;2;189;24;57m██[38;2;115;0;0m██[38;2;156;0;8m██[38;2;156;0;8m██[38;2;156;0;8m██[38;2;156;0;8m██[38;2;156;0;8m██[38;2;156;0;8m██[38;2;156;0;8m██[38;2;156;0;8m██[38;2;24;24;24m██[38;2;189;24;57m██[38;2;189;24;57m██[38;2;189;24;57m██[38;2;189;24;57m██[38;2;115;0;0m██[38;2;189;24;57m██[38;2;156;0;8m██[38;2;213;222;246m██[38;2;213;222;246m██[38;2;213;222;246m██[38;2;213;222;246m██[38;2;213;222;246m██[38;2;213;222;246m██[38;2;115;123;123m██              
[38;2;24;24;24m██[38;2;246;246;246m██[38;2;246;246;246m██[38;2;213;222;246m██[38;2;115;123;123m██[38;2;115;123;123m██  [38;2;115;0;0m██[38;2;189;24;57m██[38;2;189;24;57m██[38;2;189;24;57m██[38;2;189;24;57m██[38;2;189;24;57m██[38;2;189;24;57m██[38;2;189;24;57m██[38;2;189;24;57m██[38;2;205;180;123m██[38;2;205;180;123m██[38;2;189;24;57m██[38;2;115;0;0m██[38;2;205;180;123m██[38;2;205;180;123m██[38;2;205;180;123m██[38;2;205;180;123m██[38;2;205;180;123m██[38;2;205;180;123m██[38;2;230;65;74m██[38;2;115;0;0m██[38;2;205;180;123m██[38;2;205;180;123m██[38;2;205;180;123m██[38;2;205;180;123m██[38;2;230;65;74m██[38;2;189;24;57m██[38;2;115;0;0m██[38;2;189;24;57m██[38;2;189;24;57m██[38;2;230;65;74m██[38;2;246;230;172m██[38;2;246;230;172m██[38;2;115;0;0m██      [38;2;115;0;0m██[38;2;230;65;74m██[38;2;230;65;74m██[38;2;230;65;74m██[38;2;156;0;8m██[38;2;156;0;8m██[38;2;156;0;8m██[38;2;156;0;8m██[38;2;156;0;8m██[38;2;189;24;57m██[38;2;189;24;57m██[38;2;189;24;57m██[38;2;189;24;57m██[38;2;189;24;57m██[38;2;189;24;57m██[38;2;189;24;57m██[38;2;189;24;57m██[38;2;115;0;0m██[38;2;156;0;8m██[38;2;156;0;8m██[38;2;156;0;8m██[38;2;156;0;8m██[38;2;156;0;8m██[38;2;156;0;8m██[38;2;24;24;24m██[38;2;189;24;57m██[38;2;189;24;57m██[38;2;189;24;57m██[38;2;189;24;57m██[38;2;115;0;0m██[38;2;189;24;57m██[38;2;156;0;8m██[38;2;213;222;246m██[38;2;213;222;246m██[38;2;213;222;246m██[38;2;213;222;246m██[38;2;213;222;246m██[38;2;213;222;246m██[38;2;213;222;246m██[38;2;115;123;123m██              
  [38;2;24;24;24m██[38;2;246;246;246m██[38;2;246;246;246m██[38;2;246;246;246m██[38;2;246;246;246m██[38;2;115;123;123m██[38;2;24;24;24m██[38;2;24;24;24m██[38;2;24;24;24m██[38;2;24;24;24m██[38;2;189;24;57m██[38;2;189;24;57m██[38;2;189;24;57m██[38;2;189;24;57m██[38;2;189;24;57m██[38;2;189;24;57m██[38;2;189;24;57m██[38;2;189;24;57m██[38;2;115;0;0m██[38;2;205;180;123m██[38;2;205;180;123m██[38;2;205;180;123m██[38;2;205;180;123m██[38;2;205;180;123m██[38;2;205;180;123m██[38;2;115;0;0m██[38;2;205;180;123m██[38;2;205;180;123m██[38;2;205;180;123m██[38;2;205;180;123m██[38;2;205;180;123m██[38;2;205;180;123m██[38;2;115;0;0m██[38;2;189;24;57m██[38;2;189;24;57m██[38;2;189;24;57m██[38;2;189;24;57m██[38;2;246;230;172m██[38;2;246;230;172m██[38;2;115;0;0m██      [38;2;156;0;8m██[38;2;115;0;0m██[38;2;115;0;0m██[38;2;156;0;8m██[38;2;230;65;74m██[38;2;230;65;74m██[38;2;189;24;57m██[38;2;189;24;57m██[38;2;189;24;57m██[38;2;115;0;0m██[38;2;115;0;0m██[38;2;115;0;0m██[38;2;189;24;57m██[38;2;189;24;57m██[38;2;189;24;57m██[38;2;189;24;57m██[38;2;189;24;57m██[38;2;115;0;0m██[38;2;156;0;8m██[38;2;156;0;8m██[38;2;156;0;8m██[38;2;156;0;8m██[38;2;156;0;8m██[38;2;156;0;8m██[38;2;24;24;24m██[38;2;189;24;57m██[38;2;189;24;57m██[38;2;189;24;57m██[38;2;189;24;57m██[38;2;115;0;0m██[38;2;189;24;57m██[38;2;156;0;8m██[38;2;213;222;246m██[38;2;213;222;246m██[38;2;213;222;246m██[38;2;213;222;246m██[38;2;246;246;246m██[38;2;246;246;246m██[38;2;246;246;246m██[38;2;213;222;246m██[38;2;115;123;123m██            
    [38;2;115;123;123m██[38;2;246;246;246m██[38;2;246;246;246m██[38;2;246;246;246m██[38;2;246;246;246m██[38;2;156;0;8m██[38;2;189;24;57m██[38;2;189;24;57m██[38;2;189;24;57m██[38;2;115;0;0m██[38;2;115;0;0m██[38;2;189;24;57m██[38;2;189;24;57m██[38;2;189;24;57m██[38;2;189;24;57m██[38;2;189;24;57m██[38;2;205;180;123m██[38;2;24;24;24m██[38;2;24;24;24m██[38;2;205;180;123m██[38;2;205;180;123m██[38;2;205;180;123m██[38;2;205;180;123m██[38;2;115;0;0m██[38;2;205;180;123m██[38;2;205;180;123m██[38;2;205;180;123m██[38;2;205;180;123m██[38;2;205;180;123m██[38;2;205;180;123m██[38;2;90;65;32m██[38;2;189;24;57m██[38;2;189;24;57m██[38;2;189;24;57m██[38;2;189;24;57m██[38;2;189;24;57m██[38;2;230;65;74m██[38;2;205;180;123m██[38;2;24;24;24m██      [38;2;115;0;0m██[38;2;230;65;74m██[38;2;230;65;74m██[38;2;230;65;74m██[38;2;230;65;74m██[38;2;230;65;74m██[38;2;189;24;57m██[38;2;189;24;57m██[38;2;189;24;57m██[38;2;189;24;57m██[38;2;189;24;57m██[38;2;189;24;57m██[38;2;115;0;0m██[38;2;115;0;0m██[38;2;189;24;57m██[38;2;189;24;57m██[38;2;189;24;57m██[38;2;189;24;57m██[38;2;115;0;0m██[38;2;115;0;0m██[38;2;156;0;8m██[38;2;156;0;8m██[38;2;24;24;24m██[38;2;24;24;24m██[38;2;189;24;57m██[38;2;189;24;57m██[38;2;189;24;57m██[38;2;189;24;57m██[38;2;189;24;57m██[38;2;189;24;57m██[38;2;156;0;8m██[38;2;213;222;246m██[38;2;213;222;246m██[38;2;213;222;246m██[38;2;246;246;246m██[38;2;246;246;246m██[38;2;246;246;246m██[38;2;246;246;246m██[38;2;246;246;246m██[38;2;246;246;246m██[38;2;24;24;24m██            
  [38;2;115;123;123m██[38;2;246;246;246m██[38;2;246;246;246m██[38;2;246;246;246m██[38;2;246;246;246m██[38;2;213;222;246m██[38;2;213;222;246m██[38;2;156;0;8m██[38;2;189;24;57m██[38;2;189;24;57m██[38;2;189;24;57m██[38;2;189;24;57m██[38;2;115;0;0m██[38;2;189;24;57m██[38;2;189;24;57m██[38;2;189;24;57m██[38;2;205;180;123m██[38;2;24;24;24m██    [38;2;24;24;24m██[38;2;24;24;24m██[38;2;24;24;24m██[38;2;24;24;24m██[38;2;205;180;123m██[38;2;205;180;123m██[38;2;205;180;123m██[38;2;205;180;123m██[38;2;205;180;123m██[38;2;90;65;32m██[38;2;90;65;32m██[38;2;205;180;123m██[38;2;230;65;74m██[38;2;189;24;57m██[38;2;189;24;57m██[38;2;189;24;57m██[38;2;189;24;57m██[38;2;189;24;57m██[38;2;205;180;123m██[38;2;115;0;0m██    [38;2;115;0;0m██[38;2;230;65;74m██[38;2;230;65;74m██[38;2;230;65;74m██[38;2;230;65;74m██[38;2;230;65;74m██[38;2;230;65;74m██[38;2;230;65;74m██[38;2;189;24;57m██[38;2;189;24;57m██[38;2;189;24;57m██[38;2;189;24;57m██[38;2;189;24;57m██[38;2;189;24;57m██[38;2;189;24;57m██[38;2;115;0;0m██[38;2;189;24;57m██[38;2;189;24;57m██[38;2;189;24;57m██[38;2;115;0;0m██[38;2;189;24;57m██[38;2;24;24;24m██[38;2;24;24;24m██[38;2;189;24;57m██[38;2;189;24;57m██[38;2;189;24;57m██[38;2;189;24;57m██[38;2;189;24;57m██[38;2;189;24;57m██[38;2;189;24;57m██[38;2;156;0;8m██[38;2;213;222;246m██[38;2;213;222;246m██[38;2;213;222;246m██[38;2;246;246;246m██[38;2;246;246;246m██[38;2;246;246;246m██[38;2;115;123;123m██[38;2;115;123;123m██[38;2;115;123;123m██[38;2;115;123;123m██[38;2;24;24;24m██            
    [38;2;24;24;24m██[38;2;115;123;123m██[38;2;246;246;246m██[38;2;213;222;246m██[38;2;213;222;246m██[38;2;213;222;246m██[38;2;156;0;8m██[38;2;189;24;57m██[38;2;189;24;57m██[38;2;189;24;57m██[38;2;205;180;123m██[38;2;205;180;123m██[38;2;115;0;0m██[38;2;189;24;57m██[38;2;205;180;123m██[38;2;205;180;123m██[38;2;24;24;24m██        [38;2;90;65;32m██[38;2;205;180;123m██[38;2;24;24;24m██[38;2;24;24;24m██[38;2;24;24;24m██[38;2;24;24;24m██[38;2;24;24;24m██[38;2;205;180;123m██[38;2;205;180;123m██[38;2;205;180;123m██[38;2;205;180;123m██[38;2;205;180;123m██[38;2;189;24;57m██[38;2;189;24;57m██[38;2;189;24;57m██[38;2;189;24;57m██[38;2;189;24;57m██[38;2;115;0;0m██[38;2;24;24;24m██  [38;2;115;0;0m██[38;2;230;65;74m██[38;2;230;65;74m██[38;2;230;65;74m██[38;2;230;65;74m██[38;2;230;65;74m██[38;2;230;65;74m██[38;2;230;65;74m██[38;2;189;24;57m██[38;2;189;24;57m██[38;2;189;24;57m██[38;2;189;24;57m██[38;2;189;24;57m██[38;2;189;24;57m██[38;2;189;24;57m██[38;2;189;24;57m██[38;2;115;0;0m██[38;2;189;24;57m██[38;2;189;24;57m██[38;2;205;180;123m██[38;2;24;24;24m██[38;2;115;0;0m██[38;2;189;24;57m██[38;2;189;24;57m██[38;2;189;24;57m██[38;2;189;24;57m██[38;2;189;24;57m██[38;2;156;0;8m██[38;2;189;24;57m██[38;2;189;24;57m██[38;2;156;0;8m██[38;2;213;222;246m██[38;2;213;222;246m██[38;2;213;222;246m██[38;2;115;123;123m██[38;2;115;123;123m██[38;2;115;123;123m██[38;2;213;222;246m██[38;2;213;222;246m██[38;2;213;222;246m██[38;2;24;24;24m██              
  [38;2;115;123;123m██[38;2;246;246;246m██[38;2;213;222;246m██[38;2;213;222;246m██[38;2;213;222;246m██[38;2;213;222;246m██[38;2;156;0;8m██[38;2;189;24;57m██[38;2;189;24;57m██[38;2;189;24;57m██[38;2;230;65;74m██[38;2;205;180;123m██[38;2;205;180;123m██[38;2;189;24;57m██[38;2;115;0;0m██[38;2;205;180;123m██[38;2;24;24;24m██          [38;2;90;65;32m██[38;2;205;180;123m██[38;2;205;180;123m██[38;2;205;180;123m██[38;2;205;180;123m██[38;2;205;180;123m██[38;2;205;180;123m██[38;2;205;180;123m██[38;2;205;180;123m██[38;2;205;180;123m██[38;2;205;180;123m██[38;2;205;180;123m██[38;2;205;180;123m██[38;2;189;24;57m██[38;2;189;24;57m██[38;2;189;24;57m██[38;2;115;0;0m██[38;2;230;65;74m██[38;2;230;65;74m██[38;2;24;24;24m██[38;2;230;65;74m██[38;2;230;65;74m██[38;2;230;65;74m██[38;2;230;65;74m██[38;2;230;65;74m██[38;2;230;65;74m██[38;2;230;65;74m██[38;2;230;65;74m██[38;2;189;24;57m██[38;2;189;24;57m██[38;2;189;24;57m██[38;2;189;24;57m██[38;2;189;24;57m██[38;2;189;24;57m██[38;2;189;24;57m██[38;2;189;24;57m██[38;2;115;0;0m██[38;2;189;24;57m██[38;2;205;180;123m██[38;2;205;180;123m██[38;2;24;24;24m██[38;2;189;24;57m██[38;2;189;24;57m██[38;2;189;24;57m██[38;2;189;24;57m██[38;2;189;24;57m██[38;2;189;24;57m██[38;2;156;0;8m██[38;2;189;24;57m██[38;2;156;0;8m██[38;2;213;222;246m██[38;2;213;222;246m██[38;2;213;222;246m██[38;2;213;222;246m██[38;2;213;222;246m██[38;2;213;222;246m██[38;2;213;222;246m██[38;2;213;222;246m██[38;2;213;222;246m██[38;2;24;24;24m██                
    [38;2;115;123;123m██[38;2;115;123;123m██[38;2;213;222;246m██[38;2;213;222;246m██[38;2;213;222;246m██[38;2;156;0;8m██[38;2;189;24;57m██[38;2;189;24;57m██[38;2;189;24;57m██[38;2;205;180;123m██[38;2;205;180;123m██[38;2;189;24;57m██[38;2;189;24;57m██[38;2;115;0;0m██[38;2;24;24;24m██              [38;2;90;65;32m██[38;2;205;180;123m██[38;2;205;180;123m██[38;2;205;180;123m██[38;2;205;180;123m██[38;2;205;180;123m██[38;2;205;180;123m██[38;2;205;180;123m██[38;2;205;180;123m██[38;2;205;180;123m██[38;2;205;180;123m██[38;2;205;180;123m██[38;2;230;65;74m██[38;2;189;24;57m██[38;2;189;24;57m██[38;2;115;0;0m██[38;2;230;65;74m██[38;2;230;65;74m██[38;2;24;24;24m██[38;2;230;65;74m██[38;2;230;65;74m██[38;2;230;65;74m██[38;2;230;65;74m██[38;2;230;65;74m██[38;2;230;65;74m██[38;2;230;65;74m██[38;2;230;65;74m██[38;2;189;24;57m██[38;2;189;24;57m██[38;2;189;24;57m██[38;2;189;24;57m██[38;2;189;24;57m██[38;2;189;24;57m██[38;2;189;24;57m██[38;2;189;24;57m██[38;2;189;24;57m██[38;2;115;0;0m██[38;2;205;180;123m██[38;2;189;24;57m██[38;2;24;24;24m██[38;2;189;24;57m██[38;2;189;24;57m██[38;2;189;24;57m██[38;2;189;24;57m██[38;2;189;24;57m██[38;2;189;24;57m██[38;2;156;0;8m██[38;2;189;24;57m██[38;2;156;0;8m██[38;2;213;222;246m██[38;2;213;222;246m██[38;2;213;222;246m██[38;2;213;222;246m██[38;2;213;222;246m██[38;2;213;222;246m██[38;2;213;222;246m██[38;2;213;222;246m██[38;2;24;24;24m██                  
        [38;2;115;123;123m██[38;2;115;123;123m██[38;2;115;123;123m██[38;2;189;24;57m██[38;2;189;24;57m██[38;2;189;24;57m██[38;2;189;24;57m██[38;2;189;24;57m██[38;2;189;24;57m██[38;2;189;24;57m██[38;2;115;0;0m██                  [38;2;90;65;32m██[38;2;205;180;123m██[38;2;205;180;123m██[38;2;205;180;123m██[38;2;205;180;123m██[38;2;205;180;123m██[38;2;205;180;123m██[38;2;205;180;123m██[38;2;205;180;123m██[38;2;205;180;123m██[38;2;205;180;123m██[38;2;205;180;123m██[38;2;205;180;123m██[38;2;189;24;57m██[38;2;115;0;0m██[38;2;189;24;57m██[38;2;230;65;74m██[38;2;230;65;74m██[38;2;230;65;74m██[38;2;24;24;24m██[38;2;230;65;74m██[38;2;230;65;74m██[38;2;230;65;74m██[38;2;230;65;74m██[38;2;230;65;74m██[38;2;230;65;74m██[38;2;230;65;74m██[38;2;189;24;57m██[38;2;189;24;57m██[38;2;189;24;57m██[38;2;189;24;57m██[38;2;189;24;57m██[38;2;189;24;57m██[38;2;189;24;57m██[38;2;189;24;57m██[38;2;189;24;57m██[38;2;115;0;0m██[38;2;189;24;57m██[38;2;24;24;24m██[38;2;189;24;57m██[38;2;189;24;57m██[38;2;189;24;57m██[38;2;189;24;57m██[38;2;189;24;57m██[38;2;189;24;57m██[38;2;189;24;57m██[38;2;189;24;57m██[38;2;115;0;0m██[38;2;24;24;24m██[38;2;213;222;246m██[38;2;213;222;246m██[38;2;213;222;246m██[38;2;213;222;246m██[38;2;213;222;246m██[38;2;213;222;246m██[38;2;213;222;246m██[38;2;213;222;246m██[38;2;24;24;24m██                  
          [38;2;115;0;0m██[38;2;189;24;57m██[38;2;189;24;57m██[38;2;189;24;57m██[38;2;189;24;57m██[38;2;189;24;57m██[38;2;189;24;57m██[38;2;189;24;57m██[38;2;156;0;8m██                      [38;2;24;24;24m██[38;2;205;180;123m██[38;2;205;180;123m██[38;2;205;180;123m██[38;2;205;180;123m██[38;2;205;180;123m██[38;2;205;180;123m██[38;2;205;180;123m██[38;2;205;180;123m██[38;2;205;180;123m██[38;2;205;180;123m██[38;2;205;180;123m██[38;2;115;0;0m██[38;2;189;24;57m██[38;2;189;24;57m██[38;2;189;24;57m██[38;2;230;65;74m██[38;2;246;230;172m██[38;2;24;24;24m██[38;2;189;24;57m██[38;2;230;65;74m██[38;2;230;65;74m██[38;2;230;65;74m██[38;2;230;65;74m██[38;2;230;65;74m██[38;2;230;65;74m██[38;2;189;24;57m██[38;2;189;24;57m██[38;2;189;24;57m██[38;2;189;24;57m██[38;2;189;24;57m██[38;2;189;24;57m██[38;2;189;24;57m██[38;2;189;24;57m██[38;2;189;24;57m██[38;2;189;24;57m██[38;2;115;0;0m██[38;2;24;24;24m██[38;2;189;24;57m██[38;2;189;24;57m██[38;2;189;24;57m██[38;2;189;24;57m██[38;2;189;24;57m██[38;2;189;24;57m██[38;2;189;24;57m██[38;2;189;24;57m██[38;2;115;0;0m██[38;2;90;65;32m██[38;2;24;24;24m██[38;2;213;222;246m██[38;2;213;222;246m██[38;2;213;222;246m██[38;2;246;246;246m██[38;2;246;246;246m██[38;2;246;246;246m██[38;2;213;222;246m██[38;2;115;123;123m██                  
          [38;2;24;24;24m██[38;2;24;24;24m██[38;2;24;24;24m██[38;2;115;0;0m██[38;2;189;24;57m██[38;2;189;24;57m██[38;2;189;24;57m██[38;2;189;24;57m██[38;2;24;24;24m██                        [38;2;24;24;24m██[38;2;205;180;123m██[38;2;205;180;123m██[38;2;205;180;123m██[38;2;205;180;123m██[38;2;205;180;123m██[38;2;205;180;123m██[38;2;205;180;123m██[38;2;205;180;123m██[38;2;205;180;123m██[38;2;115;0;0m██[38;2;189;24;57m██[38;2;189;24;57m██[38;2;189;24;57m██[38;2;189;24;57m██[38;2;230;65;74m██[38;2;246;230;172m██[38;2;246;230;172m██[38;2;24;24;24m██[38;2;189;24;57m██[38;2;230;65;74m██[38;2;230;65;74m██[38;2;230;65;74m██[38;2;230;65;74m██[38;2;189;24;57m██[38;2;189;24;57m██[38;2;189;24;57m██[38;2;189;24;57m██[38;2;189;24;57m██[38;2;189;24;57m██[38;2;189;24;57m██[38;2;189;24;57m██[38;2;189;24;57m██[38;2;230;65;74m██[38;2;205;180;123m██[38;2;115;0;0m██[38;2;24;24;24m██[38;2;189;24;57m██[38;2;189;24;57m██[38;2;189;24;57m██[38;2;189;24;57m██[38;2;189;24;57m██[38;2;189;24;57m██[38;2;189;24;57m██[38;2;189;24;57m██[38;2;115;123;123m██[38;2;115;123;123m██[38;2;205;180;123m██[38;2;24;24;24m██[38;2;213;222;246m██[38;2;246;246;246m██[38;2;246;246;246m██[38;2;246;246;246m██[38;2;246;246;246m██[38;2;246;246;246m██[38;2;115;123;123m██                  
        [38;2;156;0;8m██[38;2;189;24;57m██[38;2;189;24;57m██[38;2;189;24;57m██[38;2;189;24;57m██[38;2;115;0;0m██[38;2;115;0;0m██[38;2;189;24;57m██[38;2;24;24;24m██                          [38;2;90;65;32m██[38;2;24;24;24m██[38;2;24;24;24m██[38;2;205;180;123m██[38;2;205;180;123m██[38;2;205;180;123m██[38;2;205;180;123m██[38;2;205;180;123m██[38;2;90;65;32m██[38;2;90;65;32m██[38;2;189;24;57m██[38;2;189;24;57m██[38;2;189;24;57m██[38;2;189;24;57m██[38;2;189;24;57m██[38;2;189;24;57m██[38;2;205;180;123m██[38;2;246;230;172m██[38;2;24;24;24m██[38;2;189;24;57m██[38;2;115;0;0m██[38;2;115;0;0m██[38;2;115;0;0m██[38;2;115;0;0m██[38;2;115;0;0m██[38;2;115;0;0m██[38;2;115;0;0m██[38;2;189;24;57m██[38;2;189;24;57m██[38;2;189;24;57m██[38;2;189;24;57m██[38;2;189;24;57m██[38;2;189;24;57m██[38;2;205;180;123m██[38;2;205;180;123m██[38;2;24;24;24m██[38;2;189;24;57m██[38;2;189;24;57m██[38;2;189;24;57m██[38;2;189;24;57m██[38;2;189;24;57m██[38;2;189;24;57m██[38;2;189;24;57m██[38;2;189;24;57m██[38;2;24;24;24m██[38;2;213;222;246m██[38;2;213;222;246m██[38;2;115;123;123m██[38;2;115;123;123m██[38;2;24;24;24m██[38;2;213;222;246m██[38;2;246;246;246m██[38;2;246;246;246m██[38;2;246;246;246m██[38;2;246;246;246m██[38;2;213;222;246m██[38;2;115;123;123m██                
        [38;2;156;0;8m██[38;2;189;24;57m██[38;2;189;24;57m██[38;2;189;24;57m██[38;2;189;24;57m██[38;2;189;24;57m██[38;2;205;180;123m██[38;2;115;0;0m██                            [38;2;90;65;32m██[38;2;205;180;123m██[38;2;205;180;123m██[38;2;90;65;32m██[38;2;24;24;24m██[38;2;24;24;24m██[38;2;24;24;24m██[38;2;90;65;32m██[38;2;205;180;123m██[38;2;205;180;123m██[38;2;230;65;74m██[38;2;189;24;57m██[38;2;189;24;57m██[38;2;189;24;57m██[38;2;189;24;57m██[38;2;189;24;57m██[38;2;230;65;74m██[38;2;205;180;123m██[38;2;24;24;24m██[38;2;230;65;74m██[38;2;230;65;74m██[38;2;230;65;74m██[38;2;230;65;74m██[38;2;230;65;74m██[38;2;230;65;74m██[38;2;189;24;57m██[38;2;189;24;57m██[38;2;115;0;0m██[38;2;115;0;0m██[38;2;189;24;57m██[38;2;189;24;57m██[38;2;189;24;57m██[38;2;189;24;57m██[38;2;205;180;123m██[38;2;230;65;74m██[38;2;24;24;24m██[38;2;189;24;57m██[38;2;189;24;57m██[38;2;189;24;57m██[38;2;189;24;57m██[38;2;156;0;8m██[38;2;189;24;57m██[38;2;189;24;57m██[38;2;189;24;57m██[38;2;115;123;123m██[38;2;24;24;24m██[38;2;24;24;24m██[38;2;213;222;246m██[38;2;213;222;246m██[38;2;115;123;123m██[38;2;24;24;24m██[38;2;24;24;24m██[38;2;246;246;246m██[38;2;246;246;246m██[38;2;246;246;246m██[38;2;246;246;246m██[38;2;24;24;24m██                
      [38;2;115;0;0m██[38;2;189;24;57m██[38;2;189;24;57m██[38;2;189;24;57m██[38;2;189;24;57m██[38;2;189;24;57m██[38;2;205;180;123m██[38;2;205;180;123m██[38;2;115;0;0m██                            [38;2;90;65;32m██[38;2;205;180;123m██[38;2;205;180;123m██[38;2;205;180;123m██[38;2;205;180;123m██[38;2;205;180;123m██[38;2;205;180;123m██[38;2;205;180;123m██[38;2;205;180;123m██[38;2;205;180;123m██[38;2;205;180;123m██[38;2;205;180;123m██[38;2;189;24;57m██[38;2;189;24;57m██[38;2;189;24;57m██[38;2;189;24;57m██[38;2;189;24;57m██[38;2;205;180;123m██[38;2;24;24;24m██[38;2;230;65;74m██[38;2;230;65;74m██[38;2;230;65;74m██[38;2;230;65;74m██[38;2;230;65;74m██[38;2;230;65;74m██[38;2;230;65;74m██[38;2;189;24;57m██[38;2;189;24;57m██[38;2;189;24;57m██[38;2;115;0;0m██[38;2;189;24;57m██[38;2;189;24;57m██[38;2;189;24;57m██[38;2;189;24;57m██[38;2;189;24;57m██[38;2;24;24;24m██[38;2;115;0;0m██[38;2;189;24;57m██[38;2;189;24;57m██[38;2;189;24;57m██[38;2;189;24;57m██[38;2;156;0;8m██[38;2;189;24;57m██[38;2;189;24;57m██[38;2;189;24;57m██[38;2;90;65;32m██[38;2;205;180;123m██[38;2;24;24;24m██[38;2;24;24;24m██[38;2;213;222;246m██[38;2;115;123;123m██  [38;2;24;24;24m██[38;2;24;24;24m██[38;2;246;246;246m██[38;2;246;246;246m██[38;2;24;24;24m██                
      [38;2;115;0;0m██[38;2;189;24;57m██[38;2;189;24;57m██[38;2;189;24;57m██[38;2;189;24;57m██[38;2;189;24;57m██[38;2;205;180;123m██[38;2;189;24;57m██[38;2;24;24;24m██                            [38;2;24;24;24m██[38;2;205;180;123m██[38;2;205;180;123m██[38;2;205;180;123m██[38;2;205;180;123m██[38;2;205;180;123m██[38;2;205;180;123m██[38;2;205;180;123m██[38;2;205;180;123m██[38;2;205;180;123m██[38;2;205;180;123m██[38;2;205;180;123m██[38;2;205;180;123m██[38;2;189;24;57m██[38;2;189;24;57m██[38;2;189;24;57m██[38;2;189;24;57m██[38;2;24;24;24m██[38;2;115;0;0m██[38;2;230;65;74m██[38;2;230;65;74m██[38;2;230;65;74m██[38;2;230;65;74m██[38;2;230;65;74m██[38;2;230;65;74m██[38;2;230;65;74m██[38;2;189;24;57m██[38;2;189;24;57m██[38;2;189;24;57m██[38;2;189;24;57m██[38;2;115;0;0m██[38;2;189;24;57m██[38;2;189;24;57m██[38;2;189;24;57m██[38;2;24;24;24m██[38;2;115;123;123m██[38;2;115;0;0m██[38;2;189;24;57m██[38;2;189;24;57m██[38;2;189;24;57m██[38;2;189;24;57m██[38;2;156;0;8m██[38;2;189;24;57m██[38;2;189;24;57m██[38;2;189;24;57m██[38;2;90;65;32m██[38;2;205;180;123m██[38;2;90;65;32m██  [38;2;24;24;24m██[38;2;213;222;246m██[38;2;115;123;123m██    [38;2;24;24;24m██[38;2;24;24;24m██[38;2;24;24;24m██                
      [38;2;115;0;0m██[38;2;189;24;57m██[38;2;189;24;57m██[38;2;189;24;57m██[38;2;189;24;57m██[38;2;189;24;57m██[38;2;189;24;57m██[38;2;156;0;8m██                              [38;2;24;24;24m██[38;2;205;180;123m██[38;2;205;180;123m██[38;2;205;180;123m██[38;2;205;180;123m██[38;2;205;180;123m██[38;2;205;180;123m██[38;2;205;180;123m██[38;2;205;180;123m██[38;2;205;180;123m██[38;2;205;180;123m██[38;2;205;180;123m██[38;2;205;180;123m██[38;2;230;65;74m██[38;2;189;24;57m██[38;2;189;24;57m██[38;2;189;24;57m██[38;2;24;24;24m██[38;2;230;65;74m██[38;2;115;0;0m██[38;2;230;65;74m██[38;2;230;65;74m██[38;2;230;65;74m██[38;2;230;65;74m██[38;2;230;65;74m██[38;2;230;65;74m██[38;2;230;65;74m██[38;2;189;24;57m██[38;2;189;24;57m██[38;2;189;24;57m██[38;2;189;24;57m██[38;2;115;0;0m██[38;2;189;24;57m██[38;2;189;24;57m██[38;2;24;24;24m██[38;2;24;24;24m██[38;2;115;0;0m██[38;2;115;0;0m██[38;2;189;24;57m██[38;2;189;24;57m██[38;2;189;24;57m██[38;2;189;24;57m██[38;2;156;0;8m██[38;2;189;24;57m██[38;2;189;24;57m██[38;2;90;65;32m██[38;2;246;230;172m██[38;2;90;65;32m██    [38;2;24;24;24m██[38;2;213;222;246m██[38;2;115;123;123m██                        
        [38;2;115;0;0m██[38;2;24;24;24m██[38;2;24;24;24m██[38;2;115;0;0m██[38;2;115;0;0m██[38;2;189;24;57m██[38;2;115;0;0m██                                [38;2;24;24;24m██[38;2;205;180;123m██[38;2;205;180;123m██[38;2;205;180;123m██[38;2;205;180;123m██[38;2;205;180;123m██[38;2;205;180;123m██[38;2;205;180;123m██[38;2;205;180;123m██[38;2;205;180;123m██[38;2;205;180;123m██[38;2;205;180;123m██[38;2;230;65;74m██[38;2;189;24;57m██[38;2;189;24;57m██[38;2;115;0;0m██[38;2;189;24;57m██[38;2;230;65;74m██[38;2;115;0;0m██[38;2;230;65;74m██[38;2;230;65;74m██[38;2;230;65;74m██[38;2;230;65;74m██[38;2;230;65;74m██[38;2;230;65;74m██[38;2;230;65;74m██[38;2;189;24;57m██[38;2;189;24;57m██[38;2;189;24;57m██[38;2;189;24;57m██[38;2;115;0;0m██[38;2;189;24;57m██[38;2;115;0;0m██      [38;2;115;0;0m██[38;2;189;24;57m██[38;2;189;24;57m██[38;2;189;24;57m██[38;2;189;24;57m██[38;2;115;0;0m██[38;2;189;24;57m██[38;2;189;24;57m██[38;2;90;65;32m██[38;2;246;230;172m██[38;2;90;65;32m██      [38;2;24;24;24m██[38;2;213;222;246m██[38;2;115;123;123m██                      
        [38;2;24;24;24m██[38;2;189;24;57m██[38;2;189;24;57m██[38;2;189;24;57m██[38;2;189;24;57m██[38;2;115;0;0m██                                  [38;2;24;24;24m██[38;2;205;180;123m██[38;2;205;180;123m██[38;2;205;180;123m██[38;2;205;180;123m██[38;2;205;180;123m██[38;2;205;180;123m██[38;2;205;180;123m██[38;2;205;180;123m██[38;2;205;180;123m██[38;2;205;180;123m██[38;2;205;180;123m██[38;2;230;65;74m██[38;2;189;24;57m██[38;2;115;0;0m██[38;2;189;24;57m██[38;2;189;24;57m██[38;2;230;65;74m██[38;2;230;65;74m██[38;2;24;24;24m██[38;2;230;65;74m██[38;2;230;65;74m██[38;2;230;65;74m██[38;2;230;65;74m██[38;2;230;65;74m██[38;2;230;65;74m██[38;2;189;24;57m██[38;2;189;24;57m██[38;2;189;24;57m██[38;2;189;24;57m██[38;2;189;24;57m██[38;2;115;0;0m██[38;2;115;0;0m██      [38;2;24;24;24m██[38;2;189;24;57m██[38;2;189;24;57m██[38;2;189;24;57m██[38;2;189;24;57m██[38;2;189;24;57m██[38;2;115;0;0m██[38;2;189;24;57m██[38;2;90;65;32m██[38;2;246;230;172m██[38;2;205;180;123m██[38;2;90;65;32m██[38;2;90;65;32m██  [38;2;24;24;24m██[38;2;213;222;246m██[38;2;115;123;123m██                      
      [38;2;24;24;24m██[38;2;189;24;57m██[38;2;189;24;57m██[38;2;189;24;57m██[38;2;189;24;57m██[38;2;189;24;57m██[38;2;189;24;57m██[38;2;115;0;0m██                                  [38;2;24;24;24m██[38;2;205;180;123m██[38;2;205;180;123m██[38;2;205;180;123m██[38;2;205;180;123m██[38;2;205;180;123m██[38;2;205;180;123m██[38;2;205;180;123m██[38;2;205;180;123m██[38;2;205;180;123m██[38;2;230;65;74m██[38;2;115;0;0m██[38;2;115;0;0m██[38;2;189;24;57m██[38;2;189;24;57m██[38;2;189;24;57m██[38;2;230;65;74m██[38;2;230;65;74m██[38;2;24;24;24m██[38;2;230;65;74m██[38;2;230;65;74m██[38;2;230;65;74m██[38;2;230;65;74m██[38;2;230;65;74m██[38;2;230;65;74m██[38;2;189;24;57m██[38;2;189;24;57m██[38;2;189;24;57m██[38;2;230;65;74m██[38;2;205;180;123m██[38;2;115;0;0m██        [38;2;24;24;24m██[38;2;189;24;57m██[38;2;189;24;57m██[38;2;189;24;57m██[38;2;189;24;57m██[38;2;189;24;57m██[38;2;115;0;0m██[38;2;189;24;57m██[38;2;156;0;8m██[38;2;246;230;172m██[38;2;205;180;123m██[38;2;246;246;246m██[38;2;24;24;24m██    [38;2;115;123;123m██[38;2;213;222;246m██[38;2;115;123;123m██                    
      [38;2;24;24;24m██[38;2;189;24;57m██[38;2;189;24;57m██[38;2;189;24;57m██[38;2;189;24;57m██[38;2;189;24;57m██[38;2;189;24;57m██[38;2;115;0;0m██                                  [38;2;90;65;32m██[38;2;24;24;24m██[38;2;205;180;123m██[38;2;205;180;123m██[38;2;205;180;123m██[38;2;205;180;123m██[38;2;205;180;123m██[38;2;205;180;123m██[38;2;205;180;123m██[38;2;90;65;32m██[38;2;90;65;32m██[38;2;189;24;57m██[38;2;189;24;57m██[38;2;189;24;57m██[38;2;189;24;57m██[38;2;189;24;57m██[38;2;246;230;172m██[38;2;246;230;172m██[38;2;24;24;24m██[38;2;230;65;74m██[38;2;230;65;74m██[38;2;230;65;74m██[38;2;230;65;74m██[38;2;230;65;74m██[38;2;230;65;74m██[38;2;189;24;57m██[38;2;189;24;57m██[38;2;189;24;57m██[38;2;230;65;74m██[38;2;205;180;123m██[38;2;115;0;0m██          [38;2;24;24;24m██[38;2;189;24;57m██[38;2;189;24;57m██[38;2;189;24;57m██[38;2;189;24;57m██[38;2;189;24;57m██[38;2;115;0;0m██[38;2;189;24;57m██[38;2;90;65;32m██[38;2;205;180;123m██[38;2;24;24;24m██      [38;2;115;123;123m██[38;2;246;246;246m██[38;2;24;24;24m██                    
      [38;2;115;0;0m██[38;2;189;24;57m██[38;2;189;24;57m██[38;2;189;24;57m██[38;2;189;24;57m██[38;2;189;24;57m██[38;2;189;24;57m██[38;2;24;24;24m██                                [38;2;90;65;32m██[38;2;205;180;123m██[38;2;205;180;123m██[38;2;90;65;32m██[38;2;24;24;24m██[38;2;24;24;24m██[38;2;24;24;24m██[38;2;24;24;24m██[38;2;24;24;24m██[38;2;90;65;32m██[38;2;205;180;123m██[38;2;230;65;74m██[38;2;189;24;57m██[38;2;189;24;57m██[38;2;189;24;57m██[38;2;189;24;57m██[38;2;189;24;57m██[38;2;205;180;123m██[38;2;246;230;172m██[38;2;24;24;24m██[38;2;189;24;57m██[38;2;189;24;57m██[38;2;189;24;57m██[38;2;189;24;57m██[38;2;230;65;74m██[38;2;189;24;57m██[38;2;189;24;57m██[38;2;189;24;57m██[38;2;189;24;57m██[38;2;230;65;74m██[38;2;205;180;123m██[38;2;24;24;24m██          [38;2;24;24;24m██[38;2;189;24;57m██[38;2;189;24;57m██[38;2;189;24;57m██[38;2;189;24;57m██[38;2;189;24;57m██[38;2;115;0;0m██[38;2;189;24;57m██[38;2;90;65;32m██[38;2;246;230;172m██[38;2;24;24;24m██      [38;2;115;123;123m██[38;2;246;246;246m██[38;2;24;24;24m██                    
      [38;2;115;0;0m██[38;2;189;24;57m██[38;2;189;24;57m██[38;2;189;24;57m██[38;2;189;24;57m██[38;2;189;24;57m██[38;2;189;24;57m██[38;2;24;24;24m██                                [38;2;90;65;32m██[38;2;205;180;123m██[38;2;205;180;123m██[38;2;205;180;123m██[38;2;205;180;123m██[38;2;205;180;123m██[38;2;205;180;123m██[38;2;205;180;123m██[38;2;205;180;123m██[38;2;205;180;123m██[38;2;205;180;123m██[38;2;205;180;123m██[38;2;205;180;123m██[38;2;189;24;57m██[38;2;189;24;57m██[38;2;189;24;57m██[38;2;189;24;57m██[38;2;189;24;57m██[38;2;205;180;123m██[38;2;189;24;57m██[38;2;24;24;24m██[38;2;230;65;74m██[38;2;230;65;74m██[38;2;230;65;74m██[38;2;115;0;0m██[38;2;115;0;0m██[38;2;189;24;57m██[38;2;189;24;57m██[38;2;189;24;57m██[38;2;189;24;57m██[38;2;205;180;123m██[38;2;24;24;24m██          [38;2;24;24;24m██[38;2;189;24;57m██[38;2;189;24;57m██[38;2;189;24;57m██[38;2;189;24;57m██[38;2;189;24;57m██[38;2;189;24;57m██[38;2;189;24;57m██[38;2;90;65;32m██[38;2;246;230;172m██[38;2;24;24;24m██      [38;2;115;123;123m██[38;2;246;246;246m██[38;2;24;24;24m██                    
        [38;2;115;0;0m██[38;2;189;24;57m██[38;2;156;0;8m██[38;2;156;0;8m██[38;2;189;24;57m██[38;2;24;24;24m██                                  [38;2;24;24;24m██[38;2;205;180;123m██[38;2;205;180;123m██[38;2;205;180;123m██[38;2;205;180;123m██[38;2;205;180;123m██[38;2;205;180;123m██[38;2;205;180;123m██[38;2;205;180;123m██[38;2;205;180;123m██[38;2;205;180;123m██[38;2;205;180;123m██[38;2;205;180;123m██[38;2;205;180;123m██[38;2;189;24;57m██[38;2;189;24;57m██[38;2;189;24;57m██[38;2;189;24;57m██[38;2;115;0;0m██[38;2;230;65;74m██[38;2;24;24;24m██[38;2;230;65;74m██[38;2;230;65;74m██[38;2;230;65;74m██[38;2;189;24;57m██[38;2;189;24;57m██[38;2;115;0;0m██[38;2;189;24;57m██[38;2;189;24;57m██[38;2;189;24;57m██[38;2;189;24;57m██[38;2;24;24;24m██            [38;2;24;24;24m██[38;2;24;24;24m██[38;2;24;24;24m██[38;2;189;24;57m██[38;2;189;24;57m██[38;2;189;24;57m██[38;2;24;24;24m██[38;2;205;180;123m██[38;2;24;24;24m██      [38;2;24;24;24m██[38;2;246;246;246m██[38;2;115;123;123m██                      
          [38;2;24;24;24m██[38;2;189;24;57m██[38;2;189;24;57m██[38;2;156;0;8m██[38;2;115;0;0m██[38;2;24;24;24m██[38;2;24;24;24m██                              [38;2;24;24;24m██[38;2;205;180;123m██[38;2;205;180;123m██[38;2;205;180;123m██[38;2;205;180;123m██[38;2;205;180;123m██[38;2;205;180;123m██[38;2;205;180;123m██[38;2;205;180;123m██[38;2;205;180;123m██[38;2;205;180;123m██[38;2;205;180;123m██[38;2;205;180;123m██[38;2;205;180;123m██[38;2;230;65;74m██[38;2;189;24;57m██[38;2;189;24;57m██[38;2;189;24;57m██[38;2;115;0;0m██[38;2;230;65;74m██[38;2;24;24;24m██[38;2;230;65;74m██[38;2;230;65;74m██[38;2;230;65;74m██[38;2;189;24;57m██[38;2;189;24;57m██[38;2;189;24;57m██[38;2;24;24;24m██[38;2;189;24;57m██[38;2;189;24;57m██[38;2;189;24;57m██[38;2;24;24;24m██                  [38;2;24;24;24m██[38;2;24;24;24m██[38;2;24;24;24m██[38;2;24;24;24m██[38;2;24;24;24m██      [38;2;115;123;123m██[38;2;115;123;123m██[38;2;213;222;246m██[38;2;24;24;24m██                      
          [38;2;24;24;24m██[38;2;189;24;57m██[38;2;189;24;57m██[38;2;189;24;57m██[38;2;115;0;0m██[38;2;156;0;8m██[38;2;156;0;8m██[38;2;24;24;24m██[38;2;24;24;24m██                          [38;2;24;24;24m██[38;2;205;180;123m██[38;2;205;180;123m██[38;2;205;180;123m██[38;2;205;180;123m██[38;2;205;180;123m██[38;2;205;180;123m██[38;2;205;180;123m██[38;2;205;180;123m██[38;2;205;180;123m██[38;2;205;180;123m██[38;2;205;180;123m██[38;2;205;180;123m██[38;2;205;180;123m██[38;2;205;180;123m██[38;2;189;24;57m██[38;2;189;24;57m██[38;2;115;0;0m██[38;2;189;24;57m██[38;2;189;24;57m██[38;2;230;65;74m██[38;2;24;24;24m██[38;2;230;65;74m██[38;2;189;24;57m██[38;2;189;24;57m██[38;2;189;24;57m██[38;2;189;24;57m██[38;2;189;24;57m██[38;2;24;24;24m██[38;2;189;24;57m██[38;2;189;24;57m██[38;2;24;24;24m██                                [38;2;24;24;24m██[38;2;115;123;123m██[38;2;246;246;246m██[38;2;24;24;24m██                        
          [38;2;24;24;24m██[38;2;115;0;0m██[38;2;189;24;57m██[38;2;189;24;57m██[38;2;115;0;0m██[38;2;115;0;0m██[38;2;115;0;0m██[38;2;156;0;8m██[38;2;156;0;8m██[38;2;24;24;24m██[38;2;24;24;24m██                        [38;2;24;24;24m██[38;2;205;180;123m██[38;2;205;180;123m██[38;2;205;180;123m██[38;2;205;180;123m██[38;2;205;180;123m██[38;2;205;180;123m██[38;2;205;180;123m██[38;2;205;180;123m██[38;2;205;180;123m██[38;2;205;180;123m██[38;2;205;180;123m██[38;2;205;180;123m██[38;2;205;180;123m██[38;2;189;24;57m██[38;2;189;24;57m██[38;2;115;0;0m██[38;2;189;24;57m██[38;2;189;24;57m██[38;2;189;24;57m██[38;2;24;24;24m██[38;2;189;24;57m██[38;2;189;24;57m██[38;2;189;24;57m██[38;2;189;24;57m██[38;2;189;24;57m██[38;2;189;24;57m██[38;2;24;24;24m██[38;2;189;24;57m██[38;2;115;0;0m██                              [38;2;24;24;24m██[38;2;115;123;123m██[38;2;246;246;246m██[38;2;246;246;246m██[38;2;24;24;24m██                          
        [38;2;24;24;24m██[38;2;156;0;8m██[38;2;156;0;8m██[38;2;189;24;57m██[38;2;189;24;57m██[38;2;156;0;8m██[38;2;115;0;0m██[38;2;213;222;246m██[38;2;115;123;123m██[38;2;156;0;8m██[38;2;156;0;8m██[38;2;156;0;8m██[38;2;24;24;24m██                      [38;2;24;24;24m██[38;2;205;180;123m██[38;2;205;180;123m██[38;2;205;180;123m██[38;2;205;180;123m██[38;2;205;180;123m██[38;2;205;180;123m██[38;2;205;180;123m██[38;2;205;180;123m██[38;2;205;180;123m██[38;2;205;180;123m██[38;2;205;180;123m██[38;2;205;180;123m██[38;2;230;65;74m██[38;2;189;24;57m██[38;2;115;0;0m██[38;2;189;24;57m██[38;2;189;24;57m██[38;2;189;24;57m██[38;2;189;24;57m██[38;2;115;0;0m██[38;2;189;24;57m██[38;2;189;24;57m██[38;2;189;24;57m██[38;2;189;24;57m██[38;2;189;24;57m██[38;2;205;180;123m██[38;2;189;24;57m██[38;2;115;0;0m██[38;2;115;0;0m██                            [38;2;24;24;24m██[38;2;115;123;123m██[38;2;246;246;246m██[38;2;115;123;123m██[38;2;24;24;24m██                            
        [38;2;24;24;24m██[38;2;156;0;8m██[38;2;213;222;246m██[38;2;115;0;0m██[38;2;189;24;57m██[38;2;189;24;57m██[38;2;115;0;0m██[38;2;213;222;246m██[38;2;213;222;246m██[38;2;213;222;246m██[38;2;115;0;0m██[38;2;156;0;8m██[38;2;156;0;8m██[38;2;115;0;0m██                    [38;2;90;65;32m██[38;2;24;24;24m██[38;2;205;180;123m██[38;2;205;180;123m██[38;2;205;180;123m██[38;2;205;180;123m██[38;2;205;180;123m██[38;2;205;180;123m██[38;2;205;180;123m██[38;2;205;180;123m██[38;2;205;180;123m██[38;2;205;180;123m██[38;2;205;180;123m██[38;2;189;24;57m██[38;2;115;0;0m██[38;2;189;24;57m██[38;2;189;24;57m██[38;2;189;24;57m██[38;2;189;24;57m██[38;2;189;24;57m██[38;2;115;0;0m██[38;2;189;24;57m██[38;2;189;24;57m██[38;2;189;24;57m██[38;2;189;24;57m██[38;2;230;65;74m██[38;2;205;180;123m██[38;2;205;180;123m██[38;2;115;0;0m██                            [38;2;24;24;24m██[38;2;115;123;123m██[38;2;246;246;246m██[38;2;24;24;24m██[38;2;24;24;24m██                              
        [38;2;115;0;0m██[38;2;189;24;57m██[38;2;213;222;246m██[38;2;156;0;8m██[38;2;189;24;57m██[38;2;189;24;57m██[38;2;115;0;0m██[38;2;213;222;246m██[38;2;213;222;246m██[38;2;213;222;246m██[38;2;213;222;246m██[38;2;115;123;123m██[38;2;156;0;8m██[38;2;156;0;8m██[38;2;115;0;0m██                  [38;2;90;65;32m██[38;2;205;180;123m██[38;2;24;24;24m██[38;2;24;24;24m██[38;2;205;180;123m██[38;2;205;180;123m██[38;2;205;180;123m██[38;2;205;180;123m██[38;2;205;180;123m██[38;2;205;180;123m██[38;2;205;180;123m██[38;2;205;180;123m██[38;2;90;65;32m██[38;2;90;65;32m██[38;2;205;180;123m██[38;2;189;24;57m██[38;2;189;24;57m██[38;2;189;24;57m██[38;2;189;24;57m██[38;2;189;24;57m██[38;2;115;0;0m██[38;2;189;24;57m██[38;2;189;24;57m██[38;2;189;24;57m██[38;2;189;24;57m██[38;2;205;180;123m██[38;2;205;180;123m██[38;2;205;180;123m██[38;2;24;24;24m██                          [38;2;24;24;24m██[38;2;213;222;246m██[38;2;246;246;246m██[38;2;115;123;123m██                                  
        [38;2;115;0;0m██[38;2;189;24;57m██[38;2;213;222;246m██[38;2;213;222;246m██[38;2;156;0;8m██[38;2;189;24;57m██[38;2;189;24;57m██[38;2;115;0;0m██[38;2;213;222;246m██[38;2;213;222;246m██[38;2;213;222;246m██[38;2;213;222;246m██[38;2;213;222;246m██[38;2;156;0;8m██[38;2;189;24;57m██[38;2;115;0;0m██                [38;2;90;65;32m██[38;2;205;180;123m██[38;2;205;180;123m██[38;2;205;180;123m██[38;2;90;65;32m██[38;2;24;24;24m██[38;2;24;24;24m██[38;2;24;24;24m██[38;2;24;24;24m██[38;2;24;24;24m██[38;2;24;24;24m██[38;2;90;65;32m██[38;2;205;180;123m██[38;2;205;180;123m██[38;2;205;180;123m██[38;2;205;180;123m██[38;2;189;24;57m██[38;2;189;24;57m██[38;2;189;24;57m██[38;2;189;24;57m██[38;2;115;0;0m██[38;2;189;24;57m██[38;2;189;24;57m██[38;2;189;24;57m██[38;2;189;24;57m██[38;2;205;180;123m██[38;2;205;180;123m██[38;2;205;180;123m██[38;2;24;24;24m██                        [38;2;115;123;123m██[38;2;115;123;123m██[38;2;246;246;246m██[38;2;115;123;123m██                                    
        [38;2;115;0;0m██[38;2;189;24;57m██[38;2;213;222;246m██[38;2;213;222;246m██[38;2;156;0;8m██[38;2;189;24;57m██[38;2;189;24;57m██[38;2;115;0;0m██[38;2;213;222;246m██[38;2;213;222;246m██[38;2;213;222;246m██[38;2;213;222;246m██[38;2;213;222;246m██[38;2;213;222;246m██[38;2;156;0;8m██[38;2;189;24;57m██[38;2;115;0;0m██                [38;2;90;65;32m██[38;2;205;180;123m██[38;2;205;180;123m██[38;2;205;180;123m██[38;2;205;180;123m██[38;2;205;180;123m██[38;2;205;180;123m██[38;2;205;180;123m██[38;2;205;180;123m██[38;2;205;180;123m██[38;2;205;180;123m██[38;2;205;180;123m██[38;2;205;180;123m██[38;2;205;180;123m██[38;2;205;180;123m██[38;2;189;24;57m██[38;2;189;24;57m██[38;2;189;24;57m██[38;2;115;0;0m██[38;2;189;24;57m██[38;2;189;24;57m██[38;2;189;24;57m██[38;2;189;24;57m██[38;2;189;24;57m██[38;2;205;180;123m██[38;2;205;180;123m██[38;2;189;24;57m██[38;2;24;24;24m██                        [38;2;24;24;24m██[38;2;246;246;246m██[38;2;24;24;24m██                                      
        [38;2;156;0;8m██[38;2;189;24;57m██[38;2;213;222;246m██[38;2;213;222;246m██[38;2;213;222;246m██[38;2;156;0;8m██[38;2;189;24;57m██[38;2;189;24;57m██[38;2;115;0;0m██[38;2;213;222;246m██[38;2;213;222;246m██[38;2;213;222;246m██[38;2;213;222;246m██[38;2;213;222;246m██[38;2;213;222;246m██[38;2;156;0;8m██[38;2;189;24;57m██[38;2;115;0;0m██              [38;2;90;65;32m██[38;2;205;180;123m██[38;2;205;180;123m██[38;2;205;180;123m██[38;2;205;180;123m██[38;2;205;180;123m██[38;2;205;180;123m██[38;2;205;180;123m██[38;2;205;180;123m██[38;2;205;180;123m██[38;2;205;180;123m██[38;2;205;180;123m██[38;2;205;180;123m██[38;2;205;180;123m██[38;2;205;180;123m██[38;2;205;180;123m██[38;2;189;24;57m██[38;2;189;24;57m██[38;2;115;0;0m██[38;2;189;24;57m██[38;2;189;24;57m██[38;2;189;24;57m██[38;2;189;24;57m██[38;2;189;24;57m██[38;2;189;24;57m██[38;2;189;24;57m██[38;2;24;24;24m██                        [38;2;24;24;24m██[38;2;246;246;246m██[38;2;115;123;123m██[38;2;115;123;123m██                                      
        [38;2;156;0;8m██[38;2;189;24;57m██[38;2;213;222;246m██[38;2;213;222;246m██[38;2;213;222;246m██[38;2;213;222;246m██[38;2;189;24;57m██[38;2;189;24;57m██[38;2;115;0;0m██[38;2;213;222;246m██[38;2;213;222;246m██[38;2;213;222;246m██[38;2;213;222;246m██[38;2;213;222;246m██[38;2;246;246;246m██[38;2;213;222;246m██[38;2;156;0;8m██[38;2;115;0;0m██                [38;2;90;65;32m██[38;2;205;180;123m██[38;2;205;180;123m██[38;2;205;180;123m██[38;2;205;180;123m██[38;2;205;180;123m██[38;2;205;180;123m██[38;2;205;180;123m██[38;2;205;180;123m██[38;2;205;180;123m██[38;2;205;180;123m██[38;2;205;180;123m██[38;2;205;180;123m██[38;2;205;180;123m██[38;2;205;180;123m██[38;2;115;0;0m██[38;2;115;0;0m██[38;2;189;24;57m██[38;2;189;24;57m██[38;2;189;24;57m██[38;2;189;24;57m██[38;2;189;24;57m██[38;2;189;24;57m██[38;2;189;24;57m██[38;2;189;24;57m██[38;2;24;24;24m██                        [38;2;24;24;24m██[38;2;246;246;246m██[38;2;24;24;24m██                                        
        [38;2;156;0;8m██[38;2;189;24;57m██[38;2;189;24;57m██[38;2;213;222;246m██[38;2;213;222;246m██[38;2;213;222;246m██[38;2;156;0;8m██[38;2;189;24;57m██[38;2;189;24;57m██[38;2;115;0;0m██[38;2;213;222;246m██[38;2;246;246;246m██[38;2;213;222;246m██[38;2;246;246;246m██[38;2;115;123;123m██[38;2;246;246;246m██[38;2;213;222;246m██[38;2;189;24;57m██[38;2;115;0;0m██              [38;2;90;65;32m██[38;2;205;180;123m██[38;2;205;180;123m██[38;2;205;180;123m██[38;2;205;180;123m██[38;2;205;180;123m██[38;2;205;180;123m██[38;2;205;180;123m██[38;2;205;180;123m██[38;2;205;180;123m██[38;2;205;180;123m██[38;2;205;180;123m██[38;2;205;180;123m██[38;2;205;180;123m██[38;2;205;180;123m██[38;2;115;0;0m██[38;2;205;180;123m██[38;2;230;65;74m██[38;2;189;24;57m██[38;2;189;24;57m██[38;2;189;24;57m██[38;2;189;24;57m██[38;2;189;24;57m██[38;2;189;24;57m██[38;2;24;24;24m██                          [38;2;24;24;24m██[38;2;246;246;246m██[38;2;115;123;123m██                                        
          [38;2;156;0;8m██[38;2;189;24;57m██[38;2;246;246;246m██[38;2;213;222;246m██[38;2;213;222;246m██[38;2;213;222;246m██[38;2;156;0;8m██[38;2;230;65;74m██[38;2;189;24;57m██[38;2;115;0;0m██[38;2;213;222;246m██[38;2;246;246;246m██[38;2;246;246;246m██[38;2;115;123;123m██[38;2;24;24;24m██[38;2;246;246;246m██[38;2;156;0;8m██[38;2;115;0;0m██                [38;2;90;65;32m██[38;2;205;180;123m██[38;2;205;180;123m██[38;2;205;180;123m██[38;2;205;180;123m██[38;2;205;180;123m██[38;2;205;180;123m██[38;2;205;180;123m██[38;2;205;180;123m██[38;2;205;180;123m██[38;2;205;180;123m██[38;2;205;180;123m██[38;2;90;65;32m██[38;2;90;65;32m██[38;2;205;180;123m██[38;2;205;180;123m██[38;2;205;180;123m██[38;2;205;180;123m██[38;2;230;65;74m██[38;2;189;24;57m██[38;2;189;24;57m██[38;2;189;24;57m██[38;2;189;24;57m██[38;2;24;24;24m██                          [38;2;24;24;24m██[38;2;115;123;123m██[38;2;246;246;246m██[38;2;115;123;123m██    [38;2;115;123;123m██[38;2;115;123;123m██                              
          [38;2;156;0;8m██[38;2;189;24;57m██[38;2;246;246;246m██[38;2;213;222;246m██[38;2;213;222;246m██[38;2;213;222;246m██[38;2;213;222;246m██[38;2;156;0;8m██[38;2;230;65;74m██[38;2;189;24;57m██[38;2;115;0;0m██[38;2;213;222;246m██[38;2;115;123;123m██    [38;2;115;123;123m██[38;2;24;24;24m██[38;2;115;0;0m██                  [38;2;90;65;32m██[38;2;90;65;32m██[38;2;205;180;123m██[38;2;205;180;123m██[38;2;205;180;123m██[38;2;205;180;123m██[38;2;205;180;123m██[38;2;205;180;123m██[38;2;205;180;123m██[38;2;90;65;32m██[38;2;90;65;32m██[38;2;205;180;123m██[38;2;205;180;123m██[38;2;205;180;123m██[38;2;205;180;123m██[38;2;205;180;123m██[38;2;205;180;123m██[38;2;205;180;123m██[38;2;230;65;74m██[38;2;189;24;57m██[38;2;189;24;57m██[38;2;115;0;0m██                              [38;2;24;24;24m██[38;2;246;246;246m██[38;2;213;222;246m██[38;2;115;123;123m██[38;2;115;123;123m██[38;2;246;246;246m██[38;2;246;246;246m██[38;2;115;123;123m██                            
          [38;2;24;24;24m██[38;2;189;24;57m██[38;2;189;24;57m██[38;2;246;246;246m██[38;2;213;222;246m██[38;2;213;222;246m██[38;2;213;222;246m██[38;2;213;222;246m██[38;2;156;0;8m██[38;2;230;65;74m██[38;2;115;0;0m██[38;2;115;123;123m██[38;2;115;123;123m██                              [38;2;24;24;24m██[38;2;90;65;32m██[38;2;90;65;32m██[38;2;90;65;32m██[38;2;90;65;32m██[38;2;90;65;32m██[38;2;90;65;32m██[38;2;90;65;32m██[38;2;205;180;123m██[38;2;205;180;123m██[38;2;205;180;123m██[38;2;205;180;123m██[38;2;205;180;123m██[38;2;205;180;123m██[38;2;205;180;123m██[38;2;205;180;123m██[38;2;205;180;123m██[38;2;205;180;123m██[38;2;230;65;74m██[38;2;24;24;24m██                                  [38;2;24;24;24m██[38;2;246;246;246m██[38;2;246;246;246m██[38;2;246;246;246m██[38;2;24;24;24m██[38;2;24;24;24m██                              
            [38;2;156;0;8m██[38;2;189;24;57m██[38;2;246;246;246m██[38;2;246;246;246m██[38;2;115;123;123m██[38;2;246;246;246m██[38;2;213;222;246m██[38;2;24;24;24m██[38;2;24;24;24m██[38;2;230;65;74m██[38;2;115;0;0m██                                  [38;2;24;24;24m██[38;2;205;180;123m██[38;2;205;180;123m██[38;2;205;180;123m██[38;2;205;180;123m██[38;2;205;180;123m██[38;2;205;180;123m██[38;2;205;180;123m██[38;2;205;180;123m██[38;2;205;180;123m██[38;2;205;180;123m██[38;2;205;180;123m██[38;2;205;180;123m██[38;2;205;180;123m██[38;2;205;180;123m██[38;2;205;180;123m██[38;2;205;180;123m██[38;2;24;24;24m██                                      [38;2;24;24;24m██[38;2;24;24;24m██[38;2;24;24;24m██                                  
            [38;2;24;24;24m██[38;2;189;24;57m██[38;2;246;246;246m██[38;2;246;246;246m██[38;2;115;123;123m██[38;2;115;123;123m██[38;2;246;246;246m██[38;2;115;123;123m██  [38;2;24;24;24m██[38;2;24;24;24m██                                    [38;2;24;24;24m██[38;2;24;24;24m██[38;2;205;180;123m██[38;2;205;180;123m██[38;2;205;180;123m██[38;2;205;180;123m██[38;2;205;180;123m██[38;2;205;180;123m██[38;2;205;180;123m██[38;2;205;180;123m██[38;2;205;180;123m██[38;2;205;180;123m██[38;2;205;180;123m██[38;2;205;180;123m██[38;2;24;24;24m██[38;2;24;24;24m██                                                                                
              [38;2;156;0;8m██[38;2;189;24;57m██[38;2;246;246;246m██[38;2;115;123;123m██  [38;2;115;123;123m██                                                [38;2;24;24;24m██[38;2;24;24;24m██[38;2;24;24;24m██[38;2;205;180;123m██[38;2;205;180;123m██[38;2;205;180;123m██[38;2;205;180;123m██[38;2;205;180;123m██[38;2;205;180;123m██[38;2;205;180;123m██[38;2;24;24;24m██[38;2;24;24;24m██                                                                                    
              [38;2;24;24;24m██[38;2;189;24;57m██[38;2;246;246;246m██[38;2;115;123;123m██                                                          [38;2;24;24;24m██[38;2;24;24;24m██[38;2;24;24;24m██[38;2;24;24;24m██[38;2;24;24;24m██[38;2;24;24;24m██[38;2;24;24;24m██                                                                                        
                [38;2;24;24;24m██[38;2;189;24;57m██[38;2;156;0;8m██                                                                                                                                                                
                  [38;2;24;24;24m██[38;2;156;0;8m██                                                                                                                                                                
