      [38;2;31;30;36m██                                                                                                      
    [38;2;31;30;36m██[38;2;160;30;95m██[38;2;14;12;12m██                                                                                                    
    [38;2;31;30;36m██[38;2;160;30;95m██[38;2;14;12;12m██                                                [38;2;14;12;12m██                                    [38;2;68;46;74m██[38;2;68;46;74m██          
    [38;2;31;30;36m██[38;2;160;30;95m██[38;2;14;12;12m██                                              [38;2;31;30;36m██[38;2;209;59;134m██[38;2;14;12;12m██                                  [38;2;47;22;54m██[38;2;143;82;158m██[38;2;68;46;74m██        
    [38;2;31;30;36m██[38;2;160;30;95m██[38;2;14;12;12m██                                              [38;2;31;30;36m██[38;2;209;59;134m██[38;2;14;12;12m██                                    [38;2;47;22;54m██[38;2;143;82;158m██[38;2;47;22;54m██      
    [38;2;31;30;36m██[38;2;160;30;95m██[38;2;160;30;95m██[38;2;14;12;12m██                                          [38;2;31;30;36m██[38;2;209;59;134m██[38;2;209;59;134m██[38;2;209;59;134m██[38;2;14;12;12m██                                    [38;2;68;46;74m██[38;2;143;82;158m██[38;2;47;22;54m██    
    [38;2;31;30;36m██[38;2;160;30;95m██[38;2;160;30;95m██[38;2;14;12;12m██        [38;2;47;22;54m██[38;2;47;22;54m██                          [38;2;31;30;36m██[38;2;31;30;36m██[38;2;209;59;134m██[38;2;160;30;95m██[38;2;14;12;12m██[38;2;160;30;95m██[38;2;14;12;12m██                                    [38;2;68;46;74m██[38;2;143;82;158m██[38;2;68;46;74m██[38;2;47;22;54m██  
  [38;2;31;30;36m██[38;2;160;30;95m██[38;2;160;30;95m██[38;2;160;30;95m██[38;2;160;30;95m██[38;2;14;12;12m██    [38;2;47;22;54m██[38;2;68;46;74m██[38;2;114;54;138m██[38;2;47;22;54m██[38;2;47;22;54m██                  [38;2;31;30;36m██[38;2;31;30;36m██[38;2;209;59;134m██[38;2;209;59;134m██[38;2;160;30;95m██[38;2;14;12;12m██[38;2;160;30;95m██[38;2;14;12;12m██                                    [38;2;68;46;74m██[38;2;114;54;138m██[38;2;143;82;158m██[38;2;143;82;158m██[38;2;47;22;54m██  
    [38;2;31;30;36m██[38;2;160;30;95m██[38;2;160;30;95m██[38;2;160;30;95m██[38;2;14;12;12m██      [38;2;47;22;54m██[38;2;143;82;158m██[38;2;114;54;138m██[38;2;68;46;74m██[38;2;47;22;54m██          [38;2;31;30;36m██  [38;2;31;30;36m██[38;2;209;59;134m██[38;2;209;59;134m██[38;2;209;59;134m██[38;2;160;30;95m██[38;2;14;12;12m██[38;2;14;12;12m██[38;2;160;30;95m██[38;2;14;12;12m██            [38;2;68;46;74m██                      [38;2;68;46;74m██[38;2;143;82;158m██[38;2;143;82;158m██[38;2;143;82;158m██[38;2;47;22;54m██  
    [38;2;31;30;36m██[38;2;160;30;95m██[38;2;160;30;95m██[38;2;160;30;95m██[38;2;160;30;95m██[38;2;14;12;12m██    [38;2;47;22;54m██[38;2;143;82;158m██[38;2;143;82;158m██[38;2;114;54;138m██[38;2;68;46;74m██[38;2;14;12;12m██      [38;2;31;30;36m██[38;2;209;59;134m██[38;2;31;30;36m██[38;2;209;59;134m██[38;2;209;59;134m██[38;2;160;30;95m██[38;2;14;12;12m██[38;2;14;12;12m██[38;2;14;12;12m██[38;2;160;30;95m██[38;2;14;12;12m██            [38;2;68;46;74m██[38;2;143;82;158m██[38;2;47;22;54m██    [38;2;68;46;74m██[38;2;68;46;74m██            [38;2;68;46;74m██[38;2;143;82;158m██[38;2;143;82;158m██[38;2;143;82;158m██[38;2;68;46;74m██[38;2;14;12;12m██
    [38;2;31;30;36m██[38;2;160;30;95m██[38;2;160;30;95m██[38;2;160;30;95m██[38;2;160;30;95m██[38;2;14;12;12m██  [38;2;68;46;74m██[38;2;143;82;158m██[38;2;143;82;158m██[38;2;143;82;158m██[38;2;143;82;158m██[38;2;114;54;138m██[38;2;14;12;12m██      [38;2;31;30;36m██[38;2;209;59;134m██[38;2;209;59;134m██[38;2;209;59;134m██[38;2;14;12;12m██[38;2;14;12;12m██[38;2;14;12;12m██[38;2;14;12;12m██[38;2;14;12;12m██[38;2;160;30;95m██[38;2;14;12;12m██          [38;2;68;46;74m██[38;2;143;82;158m██[38;2;143;82;158m██[38;2;47;22;54m██[38;2;68;46;74m██[38;2;68;46;74m██[38;2;143;82;158m██[38;2;143;82;158m██[38;2;68;46;74m██[38;2;68;46;74m██    [38;2;68;46;74m██[38;2;68;46;74m██[38;2;143;82;158m██[38;2;143;82;158m██[38;2;143;82;158m██[38;2;143;82;158m██[38;2;143;82;158m██[38;2;14;12;12m██
    [38;2;31;30;36m██[38;2;160;30;95m██[38;2;160;30;95m██[38;2;160;30;95m██[38;2;160;30;95m██[38;2;68;46;74m██[38;2;68;46;74m██[38;2;143;82;158m██[38;2;143;82;158m██[38;2;143;82;158m██[38;2;143;82;158m██[38;2;143;82;158m██[38;2;114;54;138m██[38;2;68;46;74m██[38;2;14;12;12m██    [38;2;31;30;36m██[38;2;209;59;134m██[38;2;209;59;134m██[38;2;14;12;12m██[38;2;14;12;12m██[38;2;14;12;12m██[38;2;14;12;12m██[38;2;66;31;46m██[38;2;160;30;95m██[38;2;14;12;12m██        [38;2;68;46;74m██[38;2;68;46;74m██[38;2;143;82;158m██[38;2;143;82;158m██[38;2;143;82;158m██[38;2;47;22;54m██[38;2;143;82;158m██[38;2;143;82;158m██[38;2;143;82;158m██[38;2;143;82;158m██[38;2;143;82;158m██[38;2;143;82;158m██[38;2;68;46;74m██[38;2;68;46;74m██[38;2;143;82;158m██[38;2;143;82;158m██[38;2;143;82;158m██[38;2;143;82;158m██[38;2;143;82;158m██[38;2;143;82;158m██[38;2;143;82;158m██[38;2;14;12;12m██
      [38;2;31;30;36m██[38;2;160;30;95m██[38;2;160;30;95m██[38;2;68;46;74m██[38;2;143;82;158m██[38;2;143;82;158m██[38;2;143;82;158m██[38;2;143;82;158m██[38;2;143;82;158m██[38;2;114;54;138m██[38;2;143;82;158m██[38;2;114;54;138m██[38;2;68;46;74m██[38;2;14;12;12m██  [38;2;31;30;36m██[38;2;209;59;134m██[38;2;209;59;134m██[38;2;160;30;95m██[38;2;14;12;12m██[38;2;14;12;12m██[38;2;66;31;46m██[38;2;66;31;46m██[38;2;66;31;46m██[38;2;160;30;95m██[38;2;14;12;12m██      [38;2;68;46;74m██[38;2;143;82;158m██[38;2;143;82;158m██[38;2;143;82;158m██[38;2;143;82;158m██[38;2;47;22;54m██[38;2;143;82;158m██[38;2;143;82;158m██[38;2;143;82;158m██[38;2;143;82;158m██[38;2;143;82;158m██[38;2;143;82;158m██[38;2;143;82;158m██[38;2;143;82;158m██[38;2;143;82;158m██[38;2;143;82;158m██[38;2;143;82;158m██[38;2;143;82;158m██[38;2;143;82;158m██[38;2;143;82;158m██[38;2;143;82;158m██[38;2;143;82;158m██[38;2;14;12;12m██
      [38;2;31;30;36m██[38;2;160;30;95m██[38;2;160;30;95m██[38;2;68;46;74m██[38;2;143;82;158m██[38;2;143;82;158m██[38;2;143;82;158m██[38;2;143;82;158m██[38;2;143;82;158m██[38;2;143;82;158m██[38;2;68;46;74m██[38;2;68;46;74m██[38;2;68;46;74m██[38;2;14;12;12m██[38;2;31;30;36m██[38;2;209;59;134m██[38;2;209;59;134m██[38;2;14;12;12m██[38;2;14;12;12m██[38;2;14;12;12m██[38;2;66;31;46m██[38;2;66;31;46m██[38;2;66;31;46m██[38;2;160;30;95m██[38;2;14;12;12m██      [38;2;68;46;74m██[38;2;143;82;158m██[38;2;143;82;158m██[38;2;143;82;158m██[38;2;143;82;158m██[38;2;143;82;158m██[38;2;143;82;158m██[38;2;143;82;158m██[38;2;143;82;158m██[38;2;143;82;158m██[38;2;143;82;158m██[38;2;143;82;158m██[38;2;143;82;158m██[38;2;143;82;158m██[38;2;143;82;158m██[38;2;143;82;158m██[38;2;143;82;158m██[38;2;143;82;158m██[38;2;143;82;158m██[38;2;143;82;158m██[38;2;143;82;158m██[38;2;143;82;158m██[38;2;143;82;158m██[38;2;14;12;12m██
        [38;2;31;30;36m██[38;2;68;46;74m██[38;2;143;82;158m██[38;2;143;82;158m██[38;2;143;82;158m██[38;2;143;82;158m██[38;2;143;82;158m██[38;2;143;82;158m██[38;2;143;82;158m██[38;2;143;82;158m██[38;2;47;22;54m██[38;2;68;46;74m██[38;2;14;12;12m██[38;2;209;59;134m██[38;2;31;30;36m██[38;2;31;30;36m██[38;2;31;30;36m██[38;2;14;12;12m██[38;2;66;31;46m██[38;2;66;31;46m██[38;2;66;31;46m██[38;2;160;30;95m██[38;2;160;30;95m██[38;2;14;12;12m██      [38;2;68;46;74m██[38;2;143;82;158m██[38;2;143;82;158m██[38;2;143;82;158m██[38;2;143;82;158m██[38;2;143;82;158m██[38;2;143;82;158m██[38;2;143;82;158m██[38;2;143;82;158m██[38;2;143;82;158m██[38;2;143;82;158m██[38;2;143;82;158m██[38;2;143;82;158m██[38;2;143;82;158m██[38;2;143;82;158m██[38;2;143;82;158m██[38;2;143;82;158m██[38;2;143;82;158m██[38;2;143;82;158m██[38;2;143;82;158m██[38;2;143;82;158m██[38;2;143;82;158m██[38;2;14;12;12m██  
        [38;2;31;30;36m██[38;2;47;22;54m██[38;2;143;82;158m██[38;2;143;82;158m██[38;2;143;82;158m██[38;2;143;82;158m██[38;2;143;82;158m██[38;2;143;82;158m██[38;2;143;82;158m██[38;2;143;82;158m██[38;2;47;22;54m██[38;2;68;46;74m██[38;2;14;12;12m██[38;2;209;59;134m██[38;2;209;59;134m██[38;2;209;59;134m██[38;2;14;12;12m██[38;2;66;31;46m██[38;2;66;31;46m██[38;2;14;12;12m██[38;2;160;30;95m██[38;2;160;30;95m██[38;2;14;12;12m██      [38;2;68;46;74m██[38;2;114;54;138m██[38;2;143;82;158m██[38;2;143;82;158m██[38;2;143;82;158m██[38;2;143;82;158m██[38;2;143;82;158m██[38;2;143;82;158m██[38;2;143;82;158m██[38;2;143;82;158m██[38;2;143;82;158m██[38;2;143;82;158m██[38;2;143;82;158m██[38;2;143;82;158m██[38;2;143;82;158m██[38;2;143;82;158m██[38;2;143;82;158m██[38;2;143;82;158m██[38;2;143;82;158m██[38;2;143;82;158m██[38;2;143;82;158m██[38;2;143;82;158m██[38;2;114;54;138m██[38;2;47;22;54m██[38;2;47;22;54m██
          [38;2;47;22;54m██[38;2;143;82;158m██[38;2;143;82;158m██[38;2;143;82;158m██[38;2;143;82;158m██[38;2;143;82;158m██[38;2;143;82;158m██[38;2;143;82;158m██[38;2;143;82;158m██[38;2;47;22;54m██[38;2;14;12;12m██[38;2;209;59;134m██[38;2;209;59;134m██[38;2;209;59;134m██[38;2;14;12;12m██[38;2;14;12;12m██[38;2;14;12;12m██[38;2;160;30;95m██[38;2;160;30;95m██[38;2;160;30;95m██[38;2;14;12;12m██      [38;2;47;22;54m██[38;2;68;46;74m██[38;2;143;82;158m██[38;2;143;82;158m██[38;2;143;82;158m██[38;2;143;82;158m██[38;2;143;82;158m██[38;2;143;82;158m██[38;2;143;82;158m██[38;2;143;82;158m██[38;2;143;82;158m██[38;2;143;82;158m██[38;2;143;82;158m██[38;2;143;82;158m██[38;2;143;82;158m██[38;2;143;82;158m██[38;2;143;82;158m██[38;2;143;82;158m██[38;2;143;82;158m██[38;2;143;82;158m██[38;2;143;82;158m██[38;2;143;82;158m██[38;2;114;54;138m██[38;2;68;46;74m██[38;2;68;46;74m██[38;2;14;12;12m██
          [38;2;47;22;54m██[38;2;114;54;138m██[38;2;143;82;158m██[38;2;143;82;158m██[38;2;143;82;158m██[38;2;143;82;158m██[38;2;143;82;158m██[38;2;143;82;158m██[38;2;68;46;74m██[38;2;47;22;54m██[38;2;14;12;12m██[38;2;209;59;134m██[38;2;209;59;134m██[38;2;14;12;12m██[38;2;14;12;12m██[38;2;160;30;95m██[38;2;160;30;95m██[38;2;160;30;95m██[38;2;14;12;12m██[38;2;14;12;12m██        [38;2;47;22;54m██[38;2;114;54;138m██[38;2;143;82;158m██[38;2;143;82;158m██[38;2;143;82;158m██[38;2;143;82;158m██[38;2;143;82;158m██[38;2;143;82;158m██[38;2;143;82;158m██[38;2;143;82;158m██[38;2;143;82;158m██[38;2;143;82;158m██[38;2;143;82;158m██[38;2;143;82;158m██[38;2;143;82;158m██[38;2;143;82;158m██[38;2;143;82;158m██[38;2;143;82;158m██[38;2;143;82;158m██[38;2;143;82;158m██[38;2;143;82;158m██[38;2;114;54;138m██[38;2;68;46;74m██[38;2;68;46;74m██[38;2;68;46;74m██[38;2;14;12;12m██
        [38;2;47;22;54m██[38;2;31;30;36m██[38;2;47;22;54m██[38;2;114;54;138m██[38;2;143;82;158m██[38;2;143;82;158m██[38;2;114;54;138m██[38;2;68;46;74m██[38;2;68;46;74m██[38;2;47;22;54m██[38;2;14;12;12m██[38;2;209;59;134m██[38;2;209;59;134m██[38;2;209;59;134m██[38;2;14;12;12m██[38;2;160;30;95m██[38;2;31;30;36m██[38;2;14;12;12m██[38;2;14;12;12m██[38;2;143;82;158m██[38;2;143;82;158m██[38;2;47;22;54m██    [38;2;47;22;54m██[38;2;68;46;74m██[38;2;114;54;138m██[38;2;143;82;158m██[38;2;143;82;158m██[38;2;143;82;158m██[38;2;143;82;158m██[38;2;143;82;158m██[38;2;143;82;158m██[38;2;143;82;158m██[38;2;143;82;158m██[38;2;143;82;158m██[38;2;143;82;158m██[38;2;143;82;158m██[38;2;143;82;158m██[38;2;143;82;158m██[38;2;143;82;158m██[38;2;143;82;158m██[38;2;143;82;158m██[38;2;114;54;138m██[38;2;143;82;158m██[38;2;143;82;158m██[38;2;143;82;158m██[38;2;114;54;138m██[38;2;68;46;74m██[38;2;14;12;12m██  
      [38;2;47;22;54m██[38;2;178;94;201m██[38;2;31;30;36m██[38;2;160;30;95m██[38;2;47;22;54m██[38;2;47;22;54m██[38;2;68;46;74m██[38;2;68;46;74m██[38;2;14;12;12m██[38;2;14;12;12m██[38;2;209;59;134m██[38;2;209;59;134m██[38;2;209;59;134m██[38;2;209;59;134m██[38;2;209;59;134m██[38;2;160;30;95m██[38;2;160;30;95m██[38;2;14;12;12m██[38;2;143;82;158m██[38;2;143;82;158m██[38;2;143;82;158m██[38;2;143;82;158m██[38;2;143;82;158m██[38;2;47;22;54m██  [38;2;47;22;54m██[38;2;68;46;74m██[38;2;68;46;74m██[38;2;114;54;138m██[38;2;143;82;158m██[38;2;143;82;158m██[38;2;143;82;158m██[38;2;143;82;158m██[38;2;143;82;158m██[38;2;143;82;158m██[38;2;143;82;158m██[38;2;143;82;158m██[38;2;143;82;158m██[38;2;143;82;158m██[38;2;143;82;158m██[38;2;143;82;158m██[38;2;143;82;158m██[38;2;114;54;138m██[38;2;114;54;138m██[38;2;143;82;158m██[38;2;143;82;158m██[38;2;143;82;158m██[38;2;143;82;158m██[38;2;114;54;138m██[38;2;14;12;12m██    
    [38;2;47;22;54m██[38;2;143;82;158m██[38;2;31;30;36m██[38;2;160;30;95m██[38;2;209;59;134m██[38;2;209;59;134m██[38;2;209;59;134m██[38;2;14;12;12m██[38;2;14;12;12m██[38;2;209;59;134m██[38;2;209;59;134m██[38;2;160;30;95m██[38;2;160;30;95m██[38;2;160;30;95m██[38;2;209;59;134m██[38;2;209;59;134m██[38;2;160;30;95m██[38;2;160;30;95m██[38;2;14;12;12m██[38;2;143;82;158m██[38;2;143;82;158m██[38;2;143;82;158m██[38;2;143;82;158m██[38;2;14;12;12m██[38;2;47;22;54m██  [38;2;47;22;54m██[38;2;68;46;74m██[38;2;68;46;74m██[38;2;114;54;138m██[38;2;143;82;158m██[38;2;143;82;158m██[38;2;143;82;158m██[38;2;143;82;158m██[38;2;143;82;158m██[38;2;143;82;158m██[38;2;143;82;158m██[38;2;143;82;158m██[38;2;143;82;158m██[38;2;143;82;158m██[38;2;143;82;158m██[38;2;143;82;158m██[38;2;114;54;138m██[38;2;68;46;74m██[38;2;114;54;138m██[38;2;143;82;158m██[38;2;143;82;158m██[38;2;143;82;158m██[38;2;114;54;138m██[38;2;68;46;74m██[38;2;14;12;12m██    
    [38;2;47;22;54m██[38;2;143;82;158m██[38;2;230;230;230m██[38;2;160;30;95m██[38;2;209;59;134m██[38;2;209;59;134m██[38;2;209;59;134m██[38;2;209;59;134m██[38;2;209;59;134m██[38;2;209;59;134m██[38;2;31;30;36m██[38;2;14;12;12m██[38;2;14;12;12m██[38;2;14;12;12m██[38;2;209;59;134m██[38;2;209;59;134m██[38;2;160;30;95m██[38;2;160;30;95m██[38;2;14;12;12m██[38;2;143;82;158m██[38;2;143;82;158m██[38;2;143;82;158m██[38;2;143;82;158m██[38;2;114;54;138m██[38;2;14;12;12m██[38;2;31;30;36m██[38;2;31;30;36m██[38;2;31;30;36m██[38;2;31;30;36m██[38;2;68;46;74m██[38;2;114;54;138m██[38;2;143;82;158m██[38;2;143;82;158m██[38;2;143;82;158m██[38;2;143;82;158m██[38;2;143;82;158m██[38;2;143;82;158m██[38;2;143;82;158m██[38;2;143;82;158m██[38;2;143;82;158m██[38;2;114;54;138m██[38;2;114;54;138m██[38;2;68;46;74m██[38;2;68;46;74m██[38;2;143;82;158m██[38;2;143;82;158m██[38;2;143;82;158m██[38;2;114;54;138m██[38;2;68;46;74m██[38;2;68;46;74m██[38;2;14;12;12m██    
  [38;2;47;22;54m██[38;2;143;82;158m██[38;2;143;82;158m██[38;2;14;12;12m██[38;2;66;31;46m██[38;2;209;59;134m██[38;2;209;59;134m██[38;2;209;59;134m██[38;2;209;59;134m██[38;2;209;59;134m██[38;2;133;13;73m██[38;2;14;12;12m██[38;2;230;230;230m██[38;2;66;31;46m██[38;2;66;31;46m██[38;2;209;59;134m██[38;2;160;30;95m██[38;2;160;30;95m██[38;2;160;30;95m██[38;2;14;12;12m██[38;2;143;82;158m██[38;2;143;82;158m██[38;2;143;82;158m██[38;2;114;54;138m██[38;2;68;46;74m██[38;2;68;46;74m██[38;2;14;12;12m██[38;2;14;12;12m██[38;2;209;59;134m██[38;2;209;59;134m██[38;2;31;30;36m██[38;2;31;30;36m██[38;2;114;54;138m██[38;2;114;54;138m██[38;2;143;82;158m██[38;2;143;82;158m██[38;2;143;82;158m██[38;2;143;82;158m██[38;2;143;82;158m██[38;2;114;54;138m██[38;2;114;54;138m██[38;2;68;46;74m██[38;2;68;46;74m██[38;2;68;46;74m██[38;2;114;54;138m██[38;2;143;82;158m██[38;2;143;82;158m██[38;2;143;82;158m██[38;2;114;54;138m██[38;2;68;46;74m██[38;2;68;46;74m██[38;2;14;12;12m██    
  [38;2;47;22;54m██[38;2;143;82;158m██[38;2;143;82;158m██[38;2;14;12;12m██[38;2;66;31;46m██[38;2;209;59;134m██[38;2;209;59;134m██[38;2;209;59;134m██[38;2;209;59;134m██[38;2;209;59;134m██[38;2;31;30;36m██[38;2;14;12;12m██[38;2;14;12;12m██[38;2;66;31;46m██[38;2;66;31;46m██[38;2;209;59;134m██[38;2;160;30;95m██[38;2;160;30;95m██[38;2;160;30;95m██[38;2;14;12;12m██[38;2;114;54;138m██[38;2;143;82;158m██[38;2;143;82;158m██[38;2;68;46;74m██[38;2;114;54;138m██[38;2;68;46;74m██[38;2;114;54;138m██[38;2;143;82;158m██[38;2;14;12;12m██[38;2;209;59;134m██[38;2;209;59;134m██[38;2;209;59;134m██[38;2;31;30;36m██[38;2;31;30;36m██[38;2;114;54;138m██[38;2;114;54;138m██[38;2;114;54;138m██[38;2;114;54;138m██[38;2;68;46;74m██[38;2;68;46;74m██[38;2;68;46;74m██[38;2;68;46;74m██[38;2;68;46;74m██[38;2;114;54;138m██[38;2;143;82;158m██[38;2;143;82;158m██[38;2;143;82;158m██[38;2;114;54;138m██[38;2;68;46;74m██[38;2;68;46;74m██[38;2;68;46;74m██[38;2;68;46;74m██[38;2;47;22;54m██  
  [38;2;47;22;54m██[38;2;143;82;158m██[38;2;143;82;158m██[38;2;31;30;36m██[38;2;209;59;134m██[38;2;209;59;134m██[38;2;209;59;134m██[38;2;209;59;134m██[38;2;209;59;134m██[38;2;209;59;134m██[38;2;31;30;36m██[38;2;14;12;12m██[38;2;14;12;12m██[38;2;14;12;12m██[38;2;160;30;95m██[38;2;160;30;95m██[38;2;160;30;95m██[38;2;160;30;95m██[38;2;14;12;12m██[38;2;68;46;74m██[38;2;68;46;74m██[38;2;114;54;138m██[38;2;68;46;74m██[38;2;114;54;138m██[38;2;68;46;74m██[38;2;114;54;138m██[38;2;143;82;158m██[38;2;14;12;12m██[38;2;209;59;134m██[38;2;209;59;134m██[38;2;209;59;134m██[38;2;209;59;134m██[38;2;209;59;134m██[38;2;209;59;134m██[38;2;31;30;36m██[38;2;68;46;74m██[38;2;68;46;74m██[38;2;68;46;74m██[38;2;68;46;74m██[38;2;68;46;74m██[38;2;68;46;74m██[38;2;68;46;74m██[38;2;114;54;138m██[38;2;143;82;158m██[38;2;114;54;138m██[38;2;114;54;138m██[38;2;114;54;138m██[38;2;68;46;74m██[38;2;68;46;74m██[38;2;68;46;74m██[38;2;68;46;74m██[38;2;68;46;74m██[38;2;68;46;74m██[38;2;47;22;54m██
[38;2;47;22;54m██[38;2;114;54;138m██[38;2;143;82;158m██[38;2;143;82;158m██[38;2;31;30;36m██[38;2;209;59;134m██[38;2;14;12;12m██[38;2;31;30;36m██[38;2;209;59;134m██[38;2;209;59;134m██[38;2;209;59;134m██[38;2;209;59;134m██[38;2;209;59;134m██[38;2;209;59;134m██[38;2;209;59;134m██[38;2;160;30;95m██[38;2;160;30;95m██[38;2;160;30;95m██[38;2;160;30;95m██[38;2;14;12;12m██[38;2;68;46;74m██[38;2;114;54;138m██[38;2;68;46;74m██[38;2;114;54;138m██[38;2;68;46;74m██[38;2;68;46;74m██[38;2;54;23;33m██[38;2;14;12;12m██[38;2;209;59;134m██[38;2;209;59;134m██[38;2;209;59;134m██[38;2;209;59;134m██[38;2;209;59;134m██[38;2;209;59;134m██[38;2;209;59;134m██[38;2;209;59;134m██[38;2;31;30;36m██[38;2;68;46;74m██[38;2;68;46;74m██[38;2;68;46;74m██[38;2;68;46;74m██[38;2;68;46;74m██[38;2;68;46;74m██[38;2;68;46;74m██[38;2;114;54;138m██[38;2;68;46;74m██[38;2;68;46;74m██[38;2;68;46;74m██[38;2;68;46;74m██[38;2;68;46;74m██[38;2;68;46;74m██[38;2;68;46;74m██[38;2;14;12;12m██[38;2;14;12;12m██  
[38;2;47;22;54m██[38;2;143;82;158m██[38;2;143;82;158m██[38;2;143;82;158m██[38;2;143;82;158m██[38;2;31;30;36m██[38;2;209;59;134m██[38;2;209;59;134m██[38;2;209;59;134m██[38;2;209;59;134m██[38;2;209;59;134m██[38;2;209;59;134m██[38;2;209;59;134m██[38;2;160;30;95m██[38;2;160;30;95m██[38;2;160;30;95m██[38;2;160;30;95m██[38;2;160;30;95m██[38;2;14;12;12m██[38;2;68;46;74m██[38;2;68;46;74m██[38;2;68;46;74m██[38;2;114;54;138m██[38;2;68;46;74m██[38;2;68;46;74m██[38;2;68;46;74m██[38;2;114;54;138m██[38;2;143;82;158m██[38;2;14;12;12m██[38;2;209;59;134m██[38;2;209;59;134m██[38;2;209;59;134m██[38;2;209;59;134m██[38;2;209;59;134m██[38;2;209;59;134m██[38;2;209;59;134m██[38;2;31;30;36m██[38;2;68;46;74m██[38;2;68;46;74m██[38;2;68;46;74m██[38;2;68;46;74m██[38;2;68;46;74m██[38;2;68;46;74m██[38;2;114;54;138m██[38;2;68;46;74m██[38;2;68;46;74m██[38;2;68;46;74m██[38;2;68;46;74m██[38;2;68;46;74m██[38;2;47;22;54m██[38;2;47;22;54m██[38;2;14;12;12m██      
[38;2;47;22;54m██[38;2;143;82;158m██[38;2;143;82;158m██[38;2;143;82;158m██[38;2;143;82;158m██[38;2;143;82;158m██[38;2;31;30;36m██[38;2;160;30;95m██[38;2;160;30;95m██[38;2;160;30;95m██[38;2;160;30;95m██[38;2;160;30;95m██[38;2;160;30;95m██[38;2;160;30;95m██[38;2;160;30;95m██[38;2;160;30;95m██[38;2;160;30;95m██[38;2;14;12;12m██[38;2;68;46;74m██[38;2;68;46;74m██[38;2;68;46;74m██[38;2;68;46;74m██[38;2;68;46;74m██[38;2;68;46;74m██[38;2;68;46;74m██[38;2;114;54;138m██[38;2;143;82;158m██[38;2;143;82;158m██[38;2;14;12;12m██[38;2;209;59;134m██[38;2;209;59;134m██[38;2;209;59;134m██[38;2;209;59;134m██[38;2;209;59;134m██[38;2;209;59;134m██[38;2;209;59;134m██[38;2;209;59;134m██[38;2;31;30;36m██[38;2;68;46;74m██[38;2;68;46;74m██[38;2;68;46;74m██[38;2;68;46;74m██[38;2;68;46;74m██[38;2;68;46;74m██[38;2;68;46;74m██[38;2;68;46;74m██[38;2;68;46;74m██[38;2;47;22;54m██[38;2;47;22;54m██[38;2;68;46;74m██[38;2;14;12;12m██        
[38;2;47;22;54m██[38;2;143;82;158m██[38;2;143;82;158m██[38;2;114;54;138m██[38;2;143;82;158m██[38;2;143;82;158m██[38;2;143;82;158m██[38;2;14;12;12m██[38;2;14;12;12m██[38;2;160;30;95m██[38;2;160;30;95m██[38;2;160;30;95m██[38;2;160;30;95m██[38;2;160;30;95m██[38;2;160;30;95m██[38;2;14;12;12m██[38;2;14;12;12m██[38;2;68;46;74m██[38;2;68;46;74m██[38;2;68;46;74m██[38;2;68;46;74m██[38;2;68;46;74m██[38;2;68;46;74m██[38;2;68;46;74m██[38;2;68;46;74m██[38;2;114;54;138m██[38;2;143;82;158m██[38;2;114;54;138m██[38;2;14;12;12m██[38;2;209;59;134m██[38;2;209;59;134m██[38;2;209;59;134m██[38;2;209;59;134m██[38;2;209;59;134m██[38;2;209;59;134m██[38;2;209;59;134m██[38;2;209;59;134m██[38;2;31;30;36m██[38;2;68;46;74m██[38;2;68;46;74m██[38;2;68;46;74m██[38;2;68;46;74m██[38;2;68;46;74m██[38;2;68;46;74m██[38;2;68;46;74m██[38;2;68;46;74m██[38;2;68;46;74m██[38;2;68;46;74m██[38;2;68;46;74m██[38;2;47;22;54m██          
[38;2;47;22;54m██[38;2;143;82;158m██[38;2;114;54;138m██[38;2;143;82;158m██[38;2;143;82;158m██[38;2;143;82;158m██[38;2;143;82;158m██[38;2;143;82;158m██[38;2;143;82;158m██[38;2;14;12;12m██[38;2;14;12;12m██[38;2;14;12;12m██[38;2;14;12;12m██[38;2;14;12;12m██[38;2;14;12;12m██[38;2;68;46;74m██[38;2;68;46;74m██[38;2;68;46;74m██[38;2;68;46;74m██[38;2;114;54;138m██[38;2;68;46;74m██[38;2;68;46;74m██[38;2;68;46;74m██[38;2;68;46;74m██[38;2;68;46;74m██[38;2;143;82;158m██[38;2;114;54;138m██[38;2;47;22;54m██[38;2;209;59;134m██[38;2;209;59;134m██[38;2;209;59;134m██[38;2;209;59;134m██[38;2;209;59;134m██[38;2;209;59;134m██[38;2;209;59;134m██[38;2;209;59;134m██[38;2;209;59;134m██[38;2;31;30;36m██[38;2;68;46;74m██[38;2;68;46;74m██[38;2;68;46;74m██[38;2;68;46;74m██[38;2;68;46;74m██[38;2;68;46;74m██[38;2;68;46;74m██[38;2;68;46;74m██[38;2;68;46;74m██[38;2;68;46;74m██[38;2;68;46;74m██[38;2;14;12;12m██          
  [38;2;47;22;54m██[38;2;68;46;74m██[38;2;143;82;158m██[38;2;143;82;158m██[38;2;143;82;158m██[38;2;143;82;158m██[38;2;143;82;158m██[38;2;143;82;158m██[38;2;143;82;158m██[38;2;143;82;158m██[38;2;114;54;138m██[38;2;114;54;138m██[38;2;114;54;138m██[38;2;68;46;74m██[38;2;68;46;74m██[38;2;68;46;74m██[38;2;114;54;138m██[38;2;114;54;138m██[38;2;68;46;74m██[38;2;68;46;74m██[38;2;68;46;74m██[38;2;68;46;74m██[38;2;68;46;74m██[38;2;68;46;74m██[38;2;68;46;74m██[38;2;68;46;74m██[38;2;68;46;74m██[38;2;47;22;54m██[38;2;209;59;134m██[38;2;209;59;134m██[38;2;209;59;134m██[38;2;209;59;134m██[38;2;209;59;134m██[38;2;209;59;134m██[38;2;209;59;134m██[38;2;209;59;134m██[38;2;31;30;36m██[38;2;68;46;74m██[38;2;68;46;74m██[38;2;68;46;74m██[38;2;68;46;74m██[38;2;68;46;74m██[38;2;68;46;74m██[38;2;68;46;74m██[38;2;68;46;74m██[38;2;68;46;74m██[38;2;68;46;74m██[38;2;47;22;54m██            
  [38;2;47;22;54m██[38;2;143;82;158m██[38;2;143;82;158m██[38;2;143;82;158m██[38;2;143;82;158m██[38;2;143;82;158m██[38;2;143;82;158m██[38;2;143;82;158m██[38;2;143;82;158m██[38;2;143;82;158m██[38;2;143;82;158m██[38;2;143;82;158m██[38;2;143;82;158m██[38;2;114;54;138m██[38;2;114;54;138m██[38;2;114;54;138m██[38;2;114;54;138m██[38;2;114;54;138m██[38;2;68;46;74m██[38;2;68;46;74m██[38;2;68;46;74m██[38;2;68;46;74m██[38;2;68;46;74m██[38;2;68;46;74m██[38;2;68;46;74m██[38;2;68;46;74m██[38;2;47;22;54m██[38;2;209;59;134m██[38;2;209;59;134m██[38;2;209;59;134m██[38;2;209;59;134m██[38;2;209;59;134m██[38;2;209;59;134m██[38;2;209;59;134m██[38;2;209;59;134m██[38;2;160;30;95m██[38;2;31;30;36m██[38;2;68;46;74m██[38;2;68;46;74m██[38;2;68;46;74m██[38;2;68;46;74m██[38;2;68;46;74m██[38;2;68;46;74m██[38;2;68;46;74m██[38;2;68;46;74m██[38;2;68;46;74m██[38;2;68;46;74m██[38;2;14;12;12m██            
  [38;2;14;12;12m██[38;2;143;82;158m██[38;2;143;82;158m██[38;2;143;82;158m██[38;2;143;82;158m██[38;2;143;82;158m██[38;2;143;82;158m██[38;2;143;82;158m██[38;2;143;82;158m██[38;2;143;82;158m██[38;2;143;82;158m██[38;2;143;82;158m██[38;2;143;82;158m██[38;2;143;82;158m██[38;2;143;82;158m██[38;2;143;82;158m██[38;2;114;54;138m██[38;2;68;46;74m██[38;2;68;46;74m██[38;2;68;46;74m██[38;2;68;46;74m██[38;2;68;46;74m██[38;2;68;46;74m██[38;2;68;46;74m██[38;2;47;22;54m██[38;2;14;12;12m██[38;2;14;12;12m██[38;2;209;59;134m██[38;2;209;59;134m██[38;2;209;59;134m██[38;2;209;59;134m██[38;2;209;59;134m██[38;2;209;59;134m██[38;2;209;59;134m██[38;2;209;59;134m██[38;2;31;30;36m██[38;2;31;30;36m██[38;2;68;46;74m██[38;2;68;46;74m██[38;2;68;46;74m██[38;2;68;46;74m██[38;2;68;46;74m██[38;2;68;46;74m██[38;2;68;46;74m██[38;2;68;46;74m██[38;2;68;46;74m██[38;2;68;46;74m██[38;2;14;12;12m██            
  [38;2;14;12;12m██[38;2;143;82;158m██[38;2;114;54;138m██[38;2;143;82;158m██[38;2;143;82;158m██[38;2;143;82;158m██[38;2;143;82;158m██[38;2;143;82;158m██[38;2;143;82;158m██[38;2;143;82;158m██[38;2;143;82;158m██[38;2;143;82;158m██[38;2;143;82;158m██[38;2;143;82;158m██[38;2;143;82;158m██[38;2;114;54;138m██[38;2;68;46;74m██[38;2;68;46;74m██[38;2;68;46;74m██[38;2;68;46;74m██[38;2;68;46;74m██[38;2;47;22;54m██[38;2;68;46;74m██[38;2;68;46;74m██[38;2;47;22;54m██[38;2;160;30;95m██[38;2;160;30;95m██[38;2;209;59;134m██[38;2;209;59;134m██[38;2;209;59;134m██[38;2;209;59;134m██[38;2;209;59;134m██[38;2;209;59;134m██[38;2;209;59;134m██[38;2;160;30;95m██[38;2;31;30;36m██[38;2;14;12;12m██[38;2;14;12;12m██[38;2;14;12;12m██[38;2;68;46;74m██[38;2;68;46;74m██[38;2;68;46;74m██[38;2;68;46;74m██[38;2;68;46;74m██[38;2;68;46;74m██[38;2;14;12;12m██[38;2;14;12;12m██              
    [38;2;14;12;12m██[38;2;68;46;74m██[38;2;143;82;158m██[38;2;143;82;158m██[38;2;143;82;158m██[38;2;143;82;158m██[38;2;143;82;158m██[38;2;143;82;158m██[38;2;143;82;158m██[38;2;143;82;158m██[38;2;143;82;158m██[38;2;143;82;158m██[38;2;114;54;138m██[38;2;114;54;138m██[38;2;114;54;138m██[38;2;68;46;74m██[38;2;114;54;138m██[38;2;68;46;74m██[38;2;68;46;74m██[38;2;68;46;74m██[38;2;68;46;74m██[38;2;14;12;12m██[38;2;14;12;12m██[38;2;14;12;12m██[38;2;160;30;95m██[38;2;160;30;95m██[38;2;160;30;95m██[38;2;209;59;134m██[38;2;209;59;134m██[38;2;209;59;134m██[38;2;209;59;134m██[38;2;209;59;134m██[38;2;209;59;134m██[38;2;160;30;95m██[38;2;31;30;36m██      [38;2;14;12;12m██[38;2;14;12;12m██[38;2;14;12;12m██[38;2;14;12;12m██[38;2;14;12;12m██[38;2;47;22;54m██                  
    [38;2;14;12;12m██[38;2;68;46;74m██[38;2;114;54;138m██[38;2;143;82;158m██[38;2;143;82;158m██[38;2;143;82;158m██[38;2;114;54;138m██[38;2;143;82;158m██[38;2;143;82;158m██[38;2;143;82;158m██[38;2;143;82;158m██[38;2;143;82;158m██[38;2;143;82;158m██[38;2;143;82;158m██[38;2;143;82;158m██[38;2;114;54;138m██[38;2;68;46;74m██[38;2;68;46;74m██[38;2;68;46;74m██[38;2;68;46;74m██[38;2;68;46;74m██[38;2;68;46;74m██[38;2;47;22;54m██[38;2;14;12;12m██[38;2;14;12;12m██[38;2;160;30;95m██[38;2;160;30;95m██[38;2;160;30;95m██[38;2;160;30;95m██[38;2;209;59;134m██[38;2;209;59;134m██[38;2;160;30;95m██[38;2;160;30;95m██[38;2;160;30;95m██[38;2;31;30;36m██                                    
      [38;2;47;22;54m██[38;2;114;54;138m██[38;2;114;54;138m██[38;2;143;82;158m██[38;2;143;82;158m██[38;2;114;54;138m██[38;2;114;54;138m██[38;2;143;82;158m██[38;2;143;82;158m██[38;2;143;82;158m██[38;2;143;82;158m██[38;2;143;82;158m██[38;2;143;82;158m██[38;2;114;54;138m██[38;2;68;46;74m██[38;2;68;46;74m██[38;2;68;46;74m██[38;2;68;46;74m██[38;2;68;46;74m██[38;2;68;46;74m██[38;2;68;46;74m██[38;2;47;22;54m██[38;2;133;13;73m██[38;2;31;30;36m██[38;2;14;12;12m██[38;2;160;30;95m██[38;2;160;30;95m██[38;2;160;30;95m██[38;2;160;30;95m██[38;2;160;30;95m██[38;2;160;30;95m██[38;2;160;30;95m██[38;2;160;30;95m██[38;2;31;30;36m██                                    
        [38;2;47;22;54m██[38;2;114;54;138m██[38;2;114;54;138m██[38;2;114;54;138m██[38;2;114;54;138m██[38;2;114;54;138m██[38;2;114;54;138m██[38;2;114;54;138m██[38;2;114;54;138m██[38;2;114;54;138m██[38;2;114;54;138m██[38;2;114;54;138m██[38;2;68;46;74m██[38;2;68;46;74m██[38;2;68;46;74m██[38;2;14;12;12m██[38;2;14;12;12m██[38;2;14;12;12m██[38;2;14;12;12m██[38;2;14;12;12m██[38;2;14;12;12m██[38;2;133;13;73m██[38;2;31;30;36m██  [38;2;14;12;12m██[38;2;14;12;12m██[38;2;160;30;95m██[38;2;160;30;95m██[38;2;160;30;95m██[38;2;160;30;95m██[38;2;160;30;95m██[38;2;160;30;95m██[38;2;160;30;95m██[38;2;14;12;12m██                                  
          [38;2;47;22;54m██[38;2;47;22;54m██[38;2;14;12;12m██[38;2;68;46;74m██[38;2;114;54;138m██[38;2;114;54;138m██[38;2;114;54;138m██[38;2;114;54;138m██[38;2;68;46;74m██[38;2;68;46;74m██[38;2;68;46;74m██[38;2;68;46;74m██[38;2;14;12;12m██[38;2;14;12;12m██[38;2;160;30;95m██[38;2;160;30;95m██[38;2;160;30;95m██[38;2;160;30;95m██[38;2;14;12;12m██[38;2;133;13;73m██[38;2;133;13;73m██[38;2;31;30;36m██      [38;2;14;12;12m██[38;2;14;12;12m██[38;2;160;30;95m██[38;2;160;30;95m██[38;2;160;30;95m██[38;2;160;30;95m██[38;2;160;30;95m██[38;2;14;12;12m██                                  
                [38;2;14;12;12m██[38;2;14;12;12m██[38;2;14;12;12m██[38;2;14;12;12m██[38;2;14;12;12m██[38;2;68;46;74m██[38;2;68;46;74m██[38;2;68;46;74m██[38;2;14;12;12m██[38;2;31;30;36m██[38;2;160;30;95m██[38;2;160;30;95m██[38;2;160;30;95m██[38;2;160;30;95m██[38;2;160;30;95m██[38;2;14;12;12m██[38;2;133;13;73m██[38;2;133;13;73m██[38;2;31;30;36m██        [38;2;31;30;36m██[38;2;160;30;95m██[38;2;160;30;95m██[38;2;160;30;95m██[38;2;160;30;95m██[38;2;160;30;95m██[38;2;14;12;12m██                                  
                [38;2;31;30;36m██[38;2;160;30;95m██[38;2;160;30;95m██[38;2;160;30;95m██[38;2;160;30;95m██[38;2;14;12;12m██[38;2;14;12;12m██[38;2;14;12;12m██  [38;2;31;30;36m██[38;2;160;30;95m██[38;2;160;30;95m██[38;2;160;30;95m██[38;2;160;30;95m██[38;2;160;30;95m██[38;2;14;12;12m██[38;2;133;13;73m██[38;2;31;30;36m██          [38;2;31;30;36m██[38;2;160;30;95m██[38;2;160;30;95m██[38;2;160;30;95m██[38;2;160;30;95m██[38;2;14;12;12m██                                    
                [38;2;31;30;36m██[38;2;160;30;95m██[38;2;160;30;95m██[38;2;160;30;95m██[38;2;160;30;95m██[38;2;14;12;12m██      [38;2;31;30;36m██[38;2;209;59;134m██[38;2;209;59;134m██[38;2;160;30;95m██[38;2;160;30;95m██[38;2;160;30;95m██[38;2;14;12;12m██[38;2;133;13;73m██[38;2;31;30;36m██          [38;2;31;30;36m██[38;2;160;30;95m██[38;2;160;30;95m██[38;2;160;30;95m██[38;2;160;30;95m██[38;2;14;12;12m██                                    
                [38;2;31;30;36m██[38;2;160;30;95m██[38;2;160;30;95m██[38;2;160;30;95m██[38;2;160;30;95m██[38;2;14;12;12m██      [38;2;31;30;36m██[38;2;209;59;134m██[38;2;209;59;134m██[38;2;209;59;134m██[38;2;209;59;134m██[38;2;14;12;12m██[38;2;133;13;73m██[38;2;31;30;36m██          [38;2;31;30;36m██[38;2;160;30;95m██[38;2;160;30;95m██[38;2;160;30;95m██[38;2;160;30;95m██[38;2;14;12;12m██                                      
                [38;2;31;30;36m██[38;2;160;30;95m██[38;2;160;30;95m██[38;2;160;30;95m██[38;2;160;30;95m██[38;2;14;12;12m██      [38;2;31;30;36m██[38;2;209;59;134m██[38;2;209;59;134m██[38;2;209;59;134m██[38;2;209;59;134m██[38;2;14;12;12m██[38;2;31;30;36m██          [38;2;31;30;36m██[38;2;160;30;95m██[38;2;160;30;95m██[38;2;160;30;95m██[38;2;160;30;95m██[38;2;160;30;95m██[38;2;14;12;12m██                                      
              [38;2;31;30;36m██[38;2;160;30;95m██[38;2;160;30;95m██[38;2;160;30;95m██[38;2;160;30;95m██[38;2;160;30;95m██[38;2;14;12;12m██      [38;2;31;30;36m██[38;2;209;59;134m██[38;2;209;59;134m██[38;2;209;59;134m██[38;2;209;59;134m██[38;2;14;12;12m██            [38;2;14;12;12m██[38;2;133;13;73m██[38;2;160;30;95m██[38;2;133;13;73m██[38;2;160;30;95m██[38;2;14;12;12m██                                        
              [38;2;31;30;36m██[38;2;133;13;73m██[38;2;160;30;95m██[38;2;133;13;73m██[38;2;160;30;95m██[38;2;14;12;12m██      [38;2;31;30;36m██[38;2;209;59;134m██[38;2;209;59;134m██[38;2;209;59;134m██[38;2;209;59;134m██[38;2;209;59;134m██[38;2;14;12;12m██            [38;2;14;12;12m██[38;2;31;30;36m██[38;2;160;30;95m██[38;2;31;30;36m██[38;2;160;30;95m██[38;2;14;12;12m██                                        
              [38;2;14;12;12m██[38;2;31;30;36m██[38;2;160;30;95m██[38;2;31;30;36m██[38;2;160;30;95m██[38;2;14;12;12m██      [38;2;31;30;36m██[38;2;160;30;95m██[38;2;209;59;134m██[38;2;133;13;73m██[38;2;209;59;134m██[38;2;209;59;134m██[38;2;14;12;12m██              [38;2;14;12;12m██[38;2;14;12;12m██[38;2;14;12;12m██[38;2;14;12;12m██                                          
                [38;2;14;12;12m██[38;2;14;12;12m██[38;2;14;12;12m██[38;2;14;12;12m██        [38;2;31;30;36m██[38;2;160;30;95m██[38;2;209;59;134m██[38;2;31;30;36m██[38;2;209;59;134m██[38;2;14;12;12m██                                                                  
                                  [38;2;14;12;12m██[38;2;14;12;12m██[38;2;14;12;12m██[38;2;14;12;12m██                                                                    
