                                                                                                                                    [38;2;0;0;0m██                                                          
                                                                                                                                  [38;2;0;0;0m██[38;2;40;9;9m██[38;2;0;0;0m██                                                        
                                                                                                                                  [38;2;0;0;0m██[38;2;40;9;9m██[38;2;40;9;9m██[38;2;0;0;0m██                                                      
                                                                                                                                  [38;2;0;0;0m██[38;2;40;9;9m██[38;2;40;9;9m██[38;2;0;0;0m██                                                      
                                                                                                                                  [38;2;0;0;0m██[38;2;104;28;28m██[38;2;40;9;9m██[38;2;40;9;9m██[38;2;0;0;0m██                                                    
                                                                                                                                  [38;2;0;0;0m██[38;2;104;28;28m██[38;2;40;9;9m██[38;2;40;9;9m██[38;2;0;0;0m██                                                    
                                                                                                                                  [38;2;0;0;0m██[38;2;104;28;28m██[38;2;104;28;28m██[38;2;40;9;9m██[38;2;40;9;9m██[38;2;0;0;0m██                                                  
                                                                                                                                  [38;2;0;0;0m██[38;2;104;28;28m██[38;2;104;28;28m██[38;2;40;9;9m██[38;2;40;9;9m██[38;2;0;0;0m██                  [38;2;0;0;0m██[38;2;0;0;0m██                            
                                                                                                                                  [38;2;0;0;0m██[38;2;104;28;28m██[38;2;104;28;28m██[38;2;40;9;9m██[38;2;40;9;9m██[38;2;0;0;0m██                [38;2;0;0;0m██[38;2;40;9;9m██[38;2;0;0;0m██                            
      [38;2;0;0;0m██[38;2;0;0;0m██                                                                                                                        [38;2;0;0;0m██[38;2;104;28;28m██[38;2;104;28;28m██[38;2;104;28;28m██[38;2;40;9;9m██[38;2;40;9;9m██[38;2;0;0;0m██            [38;2;0;0;0m██[38;2;40;9;9m██[38;2;40;9;9m██[38;2;0;0;0m██                            
      [38;2;0;0;0m██[38;2;104;28;28m██[38;2;0;0;0m██                                                                                                                      [38;2;0;0;0m██[38;2;104;28;28m██[38;2;104;28;28m██[38;2;104;28;28m██[38;2;40;9;9m██[38;2;40;9;9m██[38;2;0;0;0m██          [38;2;0;0;0m██[38;2;40;9;9m██[38;2;40;9;9m██[38;2;40;9;9m██[38;2;0;0;0m██                            
      [38;2;0;0;0m██[38;2;104;28;28m██[38;2;104;28;28m██[38;2;0;0;0m██                                                                                                                    [38;2;0;0;0m██[38;2;40;9;9m██[38;2;104;28;28m██[38;2;104;28;28m██[38;2;40;9;9m██[38;2;40;9;9m██[38;2;0;0;0m██        [38;2;0;0;0m██[38;2;40;9;9m██[38;2;40;9;9m██[38;2;40;9;9m██[38;2;0;0;0m██                              
        [38;2;0;0;0m██[38;2;104;28;28m██[38;2;104;28;28m██[38;2;0;0;0m██                                                                      [38;2;0;0;0m██[38;2;0;0;0m██[38;2;0;0;0m██                                      [38;2;0;0;0m██[38;2;156;42;42m██[38;2;104;28;28m██[38;2;104;28;28m██[38;2;40;9;9m██[38;2;40;9;9m██[38;2;156;42;42m██[38;2;0;0;0m██    [38;2;0;0;0m██[38;2;40;9;9m██[38;2;40;9;9m██[38;2;40;9;9m██[38;2;40;9;9m██[38;2;0;0;0m██                              
        [38;2;0;0;0m██[38;2;40;9;9m██[38;2;104;28;28m██[38;2;104;28;28m██[38;2;0;0;0m██                                    [38;2;0;0;0m██                          [38;2;0;0;0m██[38;2;0;0;0m██[38;2;40;9;9m██[38;2;40;9;9m██[38;2;0;0;0m██                      [38;2;0;0;0m██[38;2;0;0;0m██            [38;2;0;0;0m██[38;2;194;64;64m██[38;2;40;9;9m██[38;2;104;28;28m██[38;2;40;9;9m██[38;2;40;9;9m██[38;2;194;64;64m██[38;2;0;0;0m██    [38;2;0;0;0m██[38;2;40;9;9m██[38;2;40;9;9m██[38;2;40;9;9m██[38;2;40;9;9m██[38;2;0;0;0m██                              
[38;2;0;0;0m██[38;2;0;0;0m██[38;2;0;0;0m██    [38;2;0;0;0m██[38;2;40;9;9m██[38;2;104;28;28m██[38;2;104;28;28m██[38;2;0;0;0m██                                  [38;2;0;0;0m██[38;2;0;0;0m██                    [38;2;0;0;0m██[38;2;0;0;0m██[38;2;104;28;28m██[38;2;40;9;9m██[38;2;40;9;9m██[38;2;0;0;0m██                        [38;2;0;0;0m██[38;2;40;9;9m██[38;2;0;0;0m██[38;2;0;0;0m██        [38;2;0;0;0m██[38;2;194;64;64m██[38;2;156;42;42m██[38;2;104;28;28m██[38;2;40;9;9m██[38;2;40;9;9m██[38;2;194;64;64m██[38;2;194;64;64m██[38;2;0;0;0m██[38;2;0;0;0m██[38;2;156;42;42m██[38;2;40;9;9m██[38;2;40;9;9m██[38;2;40;9;9m██[38;2;0;0;0m██                                
[38;2;0;0;0m██[38;2;104;28;28m██[38;2;104;28;28m██[38;2;0;0;0m██[38;2;0;0;0m██[38;2;0;0;0m██[38;2;40;9;9m██[38;2;40;9;9m██[38;2;40;9;9m██[38;2;104;28;28m██[38;2;0;0;0m██                                [38;2;0;0;0m██[38;2;40;9;9m██[38;2;0;0;0m██              [38;2;0;0;0m██[38;2;0;0;0m██[38;2;104;28;28m██[38;2;104;28;28m██[38;2;40;9;9m██[38;2;40;9;9m██[38;2;0;0;0m██                          [38;2;0;0;0m██[38;2;40;9;9m██[38;2;40;9;9m██[38;2;40;9;9m██[38;2;0;0;0m██[38;2;0;0;0m██    [38;2;0;0;0m██[38;2;194;64;64m██[38;2;194;64;64m██[38;2;156;42;42m██[38;2;40;9;9m██[38;2;156;42;42m██[38;2;194;64;64m██[38;2;156;42;42m██[38;2;194;64;64m██[38;2;194;64;64m██[38;2;156;42;42m██[38;2;40;9;9m██[38;2;40;9;9m██[38;2;156;42;42m██[38;2;0;0;0m██                                
[38;2;0;0;0m██[38;2;40;9;9m██[38;2;104;28;28m██[38;2;104;28;28m██[38;2;104;28;28m██[38;2;40;9;9m██[38;2;0;0;0m██[38;2;40;9;9m██[38;2;40;9;9m██[38;2;40;9;9m██[38;2;40;9;9m██[38;2;0;0;0m██    [38;2;0;0;0m██                        [38;2;0;0;0m██[38;2;40;9;9m██[38;2;40;9;9m██[38;2;0;0;0m██    [38;2;0;0;0m██[38;2;0;0;0m██[38;2;0;0;0m██[38;2;0;0;0m██[38;2;156;42;42m██[38;2;156;42;42m██[38;2;104;28;28m██[38;2;40;9;9m██[38;2;40;9;9m██[38;2;0;0;0m██                              [38;2;0;0;0m██[38;2;40;9;9m██[38;2;40;9;9m██[38;2;156;42;42m██[38;2;156;42;42m██[38;2;0;0;0m██[38;2;0;0;0m██[38;2;194;64;64m██[38;2;194;64;64m██[38;2;194;64;64m██[38;2;194;64;64m██[38;2;156;42;42m██[38;2;194;64;64m██[38;2;194;64;64m██[38;2;156;42;42m██[38;2;194;64;64m██[38;2;194;64;64m██[38;2;194;64;64m██[38;2;40;9;9m██[38;2;156;42;42m██[38;2;194;64;64m██[38;2;0;0;0m██[38;2;0;0;0m██        [38;2;40;9;9m██[38;2;40;9;9m██                  
  [38;2;0;0;0m██[38;2;40;9;9m██[38;2;40;9;9m██[38;2;104;28;28m██[38;2;104;28;28m██[38;2;40;9;9m██[38;2;0;0;0m██[38;2;40;9;9m██[38;2;40;9;9m██[38;2;40;9;9m██[38;2;40;9;9m██[38;2;0;0;0m██  [38;2;0;0;0m██[38;2;0;0;0m██                      [38;2;0;0;0m██[38;2;0;0;0m██[38;2;40;9;9m██[38;2;0;0;0m██[38;2;0;0;0m██[38;2;0;0;0m██[38;2;40;9;9m██[38;2;40;9;9m██[38;2;156;42;42m██[38;2;194;64;64m██[38;2;194;64;64m██[38;2;104;28;28m██[38;2;40;9;9m██[38;2;40;9;9m██[38;2;0;0;0m██                                [38;2;0;0;0m██[38;2;40;9;9m██[38;2;40;9;9m██[38;2;40;9;9m██[38;2;194;64;64m██[38;2;194;64;64m██[38;2;194;64;64m██[38;2;194;64;64m██[38;2;194;64;64m██[38;2;194;64;64m██[38;2;194;64;64m██[38;2;194;64;64m██[38;2;194;64;64m██[38;2;156;42;42m██[38;2;104;28;28m██[38;2;194;64;64m██[38;2;156;42;42m██[38;2;194;64;64m██[38;2;194;64;64m██[38;2;194;64;64m██[38;2;194;64;64m██[38;2;194;64;64m██[38;2;194;64;64m██[38;2;0;0;0m██[38;2;0;0;0m██  [38;2;40;9;9m██[38;2;40;9;9m██[38;2;40;9;9m██                  
    [38;2;0;0;0m██[38;2;40;9;9m██[38;2;40;9;9m██[38;2;40;9;9m██[38;2;40;9;9m██[38;2;40;9;9m██[38;2;0;0;0m██[38;2;40;9;9m██[38;2;40;9;9m██[38;2;40;9;9m██[38;2;156;42;42m██[38;2;0;0;0m██[38;2;0;0;0m██[38;2;40;9;9m██[38;2;0;0;0m██                  [38;2;0;0;0m██[38;2;40;9;9m██[38;2;40;9;9m██[38;2;0;0;0m██[38;2;40;9;9m██[38;2;40;9;9m██[38;2;104;28;28m██[38;2;104;28;28m██[38;2;40;9;9m██[38;2;40;9;9m██[38;2;194;64;64m██[38;2;156;42;42m██[38;2;40;9;9m██[38;2;40;9;9m██[38;2;0;0;0m██                                    [38;2;0;0;0m██[38;2;40;9;9m██[38;2;40;9;9m██[38;2;156;42;42m██[38;2;194;64;64m██[38;2;194;64;64m██[38;2;104;28;28m██[38;2;194;64;64m██[38;2;156;42;42m██[38;2;156;42;42m██[38;2;194;64;64m██[38;2;156;42;42m██[38;2;156;42;42m██[38;2;104;28;28m██[38;2;194;64;64m██[38;2;156;42;42m██[38;2;156;42;42m██[38;2;156;42;42m██[38;2;156;42;42m██[38;2;156;42;42m██[38;2;156;42;42m██[38;2;194;64;64m██[38;2;194;64;64m██[38;2;194;64;64m██[38;2;0;0;0m██[38;2;40;9;9m██[38;2;40;9;9m██[38;2;40;9;9m██                  
      [38;2;0;0;0m██[38;2;0;0;0m██[38;2;40;9;9m██[38;2;40;9;9m██[38;2;40;9;9m██[38;2;0;0;0m██[38;2;156;42;42m██[38;2;40;9;9m██[38;2;40;9;9m██[38;2;156;42;42m██[38;2;156;42;42m██[38;2;0;0;0m██[38;2;40;9;9m██[38;2;0;0;0m██              [38;2;40;9;9m██[38;2;40;9;9m██[38;2;0;0;0m██[38;2;104;28;28m██[38;2;0;0;0m██[38;2;40;9;9m██[38;2;104;28;28m██[38;2;104;28;28m██[38;2;40;9;9m██[38;2;40;9;9m██[38;2;40;9;9m██[38;2;194;64;64m██[38;2;194;64;64m██[38;2;40;9;9m██[38;2;40;9;9m██[38;2;0;0;0m██                                      [38;2;0;0;0m██[38;2;156;42;42m██[38;2;40;9;9m██[38;2;156;42;42m██[38;2;194;64;64m██[38;2;194;64;64m██[38;2;104;28;28m██[38;2;156;42;42m██[38;2;156;42;42m██[38;2;156;42;42m██[38;2;156;42;42m██[38;2;156;42;42m██[38;2;156;42;42m██[38;2;104;28;28m██[38;2;156;42;42m██[38;2;156;42;42m██[38;2;156;42;42m██[38;2;156;42;42m██[38;2;156;42;42m██[38;2;156;42;42m██[38;2;156;42;42m██[38;2;156;42;42m██[38;2;156;42;42m██[38;2;156;42;42m██[38;2;194;64;64m██[38;2;194;64;64m██[38;2;40;9;9m██[38;2;0;0;0m██      [38;2;40;9;9m██[38;2;40;9;9m██[38;2;40;9;9m██      
[38;2;0;0;0m██[38;2;0;0;0m██[38;2;0;0;0m██[38;2;40;9;9m██[38;2;0;0;0m██[38;2;40;9;9m██[38;2;40;9;9m██[38;2;40;9;9m██[38;2;0;0;0m██[38;2;156;42;42m██[38;2;156;42;42m██[38;2;156;42;42m██[38;2;156;42;42m██[38;2;156;42;42m██[38;2;0;0;0m██[38;2;40;9;9m██[38;2;40;9;9m██[38;2;0;0;0m██          [38;2;40;9;9m██[38;2;156;42;42m██[38;2;156;42;42m██[38;2;40;9;9m██[38;2;104;28;28m██[38;2;0;0;0m██[38;2;104;28;28m██[38;2;104;28;28m██[38;2;104;28;28m██[38;2;162;79;0m██[38;2;250;250;250m██[38;2;156;42;42m██[38;2;156;42;42m██[38;2;194;64;64m██[38;2;40;9;9m██[38;2;0;0;0m██                                        [38;2;0;0;0m██[38;2;194;64;64m██[38;2;194;64;64m██[38;2;194;64;64m██[38;2;194;64;64m██[38;2;156;42;42m██[38;2;156;42;42m██[38;2;104;28;28m██[38;2;156;42;42m██[38;2;156;42;42m██[38;2;156;42;42m██[38;2;156;42;42m██[38;2;156;42;42m██[38;2;40;9;9m██[38;2;156;42;42m██[38;2;156;42;42m██[38;2;156;42;42m██[38;2;156;42;42m██[38;2;156;42;42m██[38;2;156;42;42m██[38;2;40;9;9m██[38;2;40;9;9m██[38;2;40;9;9m██[38;2;156;42;42m██[38;2;156;42;42m██[38;2;194;64;64m██[38;2;194;64;64m██[38;2;194;64;64m██[38;2;0;0;0m██  [38;2;40;9;9m██[38;2;40;9;9m██[38;2;40;9;9m██[38;2;40;9;9m██      
[38;2;0;0;0m██[38;2;40;9;9m██[38;2;104;28;28m██[38;2;104;28;28m██[38;2;40;9;9m██[38;2;0;0;0m██[38;2;0;0;0m██[38;2;0;0;0m██[38;2;156;42;42m██[38;2;194;64;64m██[38;2;194;64;64m██[38;2;194;64;64m██[38;2;194;64;64m██[38;2;156;42;42m██[38;2;0;0;0m██[38;2;40;9;9m██[38;2;40;9;9m██[38;2;0;0;0m██[38;2;0;0;0m██      [38;2;40;9;9m██[38;2;156;42;42m██[38;2;194;64;64m██[38;2;194;64;64m██[38;2;156;42;42m██[38;2;40;9;9m██[38;2;0;0;0m██[38;2;40;9;9m██[38;2;104;28;28m██[38;2;255;123;0m██[38;2;0;0;0m██[38;2;255;123;0m██[38;2;250;250;250m██[38;2;40;9;9m██[38;2;194;64;64m██[38;2;156;42;42m██[38;2;0;0;0m██                                      [38;2;40;9;9m██[38;2;194;64;64m██[38;2;194;64;64m██[38;2;194;64;64m██[38;2;156;42;42m██[38;2;156;42;42m██[38;2;156;42;42m██[38;2;156;42;42m██[38;2;104;28;28m██[38;2;156;42;42m██[38;2;156;42;42m██[38;2;156;42;42m██[38;2;156;42;42m██[38;2;104;28;28m██[38;2;55;55;55m██[38;2;40;9;9m██[38;2;156;42;42m██[38;2;156;42;42m██[38;2;40;9;9m██[38;2;40;9;9m██[38;2;40;9;9m██[38;2;55;55;55m██[38;2;40;9;9m██[38;2;156;42;42m██[38;2;156;42;42m██[38;2;156;42;42m██[38;2;156;42;42m██[38;2;156;42;42m██[38;2;194;64;64m██[38;2;194;64;64m██[38;2;0;0;0m██[38;2;40;9;9m██[38;2;40;9;9m██[38;2;40;9;9m██        
  [38;2;0;0;0m██[38;2;40;9;9m██[38;2;104;28;28m██[38;2;104;28;28m██[38;2;40;9;9m██[38;2;0;0;0m██[38;2;0;0;0m██[38;2;194;64;64m██[38;2;194;64;64m██[38;2;194;64;64m██[38;2;194;64;64m██[38;2;194;64;64m██[38;2;194;64;64m██[38;2;0;0;0m██[38;2;40;9;9m██[38;2;0;0;0m██[38;2;194;64;64m██[38;2;194;64;64m██[38;2;0;0;0m██    [38;2;40;9;9m██[38;2;194;64;64m██[38;2;194;64;64m██[38;2;194;64;64m██[38;2;194;64;64m██[38;2;194;64;64m██[38;2;156;42;42m██[38;2;0;0;0m██[38;2;0;0;0m██[38;2;162;79;0m██[38;2;162;79;0m██[38;2;255;123;0m██[38;2;250;250;250m██[38;2;156;42;42m██[38;2;194;64;64m██[38;2;194;64;64m██[38;2;0;0;0m██                                    [38;2;40;9;9m██[38;2;194;64;64m██[38;2;194;64;64m██[38;2;194;64;64m██[38;2;104;28;28m██[38;2;104;28;28m██[38;2;156;42;42m██[38;2;156;42;42m██[38;2;156;42;42m██[38;2;156;42;42m██[38;2;40;9;9m██[38;2;40;9;9m██[38;2;156;42;42m██[38;2;156;42;42m██[38;2;40;9;9m██[38;2;55;55;55m██[38;2;40;9;9m██[38;2;40;9;9m██[38;2;40;9;9m██[38;2;55;55;55m██[38;2;55;55;55m██[38;2;55;55;55m██[38;2;40;9;9m██[38;2;156;42;42m██[38;2;156;42;42m██[38;2;156;42;42m██[38;2;156;42;42m██[38;2;156;42;42m██[38;2;156;42;42m██[38;2;156;42;42m██[38;2;194;64;64m██[38;2;194;64;64m██[38;2;194;64;64m██[38;2;0;0;0m██[38;2;43;44;57m██        
    [38;2;0;0;0m██[38;2;0;0;0m██[38;2;40;9;9m██[38;2;40;9;9m██[38;2;0;0;0m██[38;2;156;42;42m██[38;2;194;64;64m██[38;2;194;64;64m██[38;2;194;64;64m██[38;2;194;64;64m██[38;2;55;55;55m██[38;2;156;42;42m██[38;2;156;42;42m██[38;2;0;0;0m██[38;2;156;42;42m██[38;2;194;64;64m██[38;2;194;64;64m██[38;2;194;64;64m██[38;2;0;0;0m██[38;2;40;9;9m██[38;2;156;42;42m██[38;2;194;64;64m██[38;2;194;64;64m██[38;2;194;64;64m██[38;2;194;64;64m██[38;2;194;64;64m██[38;2;194;64;64m██[38;2;194;64;64m██[38;2;194;64;64m██[38;2;40;9;9m██[38;2;40;9;9m██[38;2;156;42;42m██[38;2;156;42;42m██[38;2;194;64;64m██[38;2;194;64;64m██[38;2;194;64;64m██[38;2;0;0;0m██[38;2;0;0;0m██[38;2;0;0;0m██[38;2;0;0;0m██[38;2;0;0;0m██  [38;2;0;0;0m██[38;2;0;0;0m██                    [38;2;40;9;9m██[38;2;194;64;64m██[38;2;194;64;64m██[38;2;156;42;42m██[38;2;104;28;28m██[38;2;55;55;55m██[38;2;55;55;55m██[38;2;104;28;28m██[38;2;40;9;9m██[38;2;156;42;42m██[38;2;156;42;42m██[38;2;40;9;9m██[38;2;55;55;55m██[38;2;40;9;9m██[38;2;156;42;42m██[38;2;40;9;9m██[38;2;55;55;55m██[38;2;55;55;55m██[38;2;55;55;55m██[38;2;55;55;55m██[38;2;55;55;55m██[38;2;55;55;55m██[38;2;55;55;55m██[38;2;40;9;9m██[38;2;40;9;9m██[38;2;40;9;9m██[38;2;40;9;9m██[38;2;40;9;9m██[38;2;40;9;9m██[38;2;104;28;28m██[38;2;156;42;42m██[38;2;156;42;42m██[38;2;156;42;42m██[38;2;194;64;64m██[38;2;194;64;64m██[38;2;0;0;0m██        
      [38;2;0;0;0m██[38;2;0;0;0m██[38;2;40;9;9m██[38;2;0;0;0m██[38;2;194;64;64m██[38;2;55;55;55m██[38;2;55;55;55m██[38;2;156;42;42m██[38;2;194;64;64m██[38;2;55;55;55m██[38;2;55;55;55m██[38;2;156;42;42m██[38;2;156;42;42m██[38;2;55;55;55m██[38;2;55;55;55m██[38;2;55;55;55m██[38;2;194;64;64m██[38;2;194;64;64m██[38;2;40;9;9m██[38;2;194;64;64m██[38;2;194;64;64m██[38;2;156;42;42m██[38;2;104;28;28m██[38;2;194;64;64m██[38;2;194;64;64m██[38;2;156;42;42m██[38;2;156;42;42m██[38;2;194;64;64m██[38;2;194;64;64m██[38;2;194;64;64m██[38;2;194;64;64m██[38;2;194;64;64m██[38;2;194;64;64m██[38;2;194;64;64m██[38;2;156;42;42m██[38;2;40;9;9m██[38;2;104;28;28m██[38;2;104;28;28m██[38;2;40;9;9m██[38;2;0;0;0m██[38;2;0;0;0m██[38;2;40;9;9m██[38;2;0;0;0m██                  [38;2;40;9;9m██[38;2;194;64;64m██[38;2;194;64;64m██[38;2;156;42;42m██[38;2;104;28;28m██[38;2;55;55;55m██[38;2;55;55;55m██[38;2;55;55;55m██[38;2;55;55;55m██[38;2;55;55;55m██[38;2;40;9;9m██[38;2;40;9;9m██[38;2;40;9;9m██[38;2;55;55;55m██[38;2;55;55;55m██[38;2;40;9;9m██[38;2;40;9;9m██[38;2;55;55;55m██[38;2;55;55;55m██[38;2;55;55;55m██[38;2;55;55;55m██[38;2;55;55;55m██[38;2;55;55;55m██[38;2;55;55;55m██[38;2;55;55;55m██[38;2;55;55;55m██[38;2;55;55;55m██[38;2;55;55;55m██[38;2;55;55;55m██[38;2;55;55;55m██[38;2;40;9;9m██[38;2;156;42;42m██[38;2;156;42;42m██[38;2;156;42;42m██[38;2;156;42;42m██[38;2;156;42;42m██[38;2;194;64;64m██[38;2;0;0;0m██      
        [38;2;0;0;0m██[38;2;0;0;0m██[38;2;194;64;64m██[38;2;194;64;64m██[38;2;55;55;55m██[38;2;82;82;82m██[38;2;55;55;55m██[38;2;156;42;42m██[38;2;82;82;82m██[38;2;55;55;55m██[38;2;55;55;55m██[38;2;156;42;42m██[38;2;55;55;55m██[38;2;55;55;55m██[38;2;55;55;55m██[38;2;55;55;55m██[38;2;55;55;55m██[38;2;0;0;0m██[38;2;194;64;64m██[38;2;156;42;42m██[38;2;104;28;28m██[38;2;194;64;64m██[38;2;194;64;64m██[38;2;156;42;42m██[38;2;156;42;42m██[38;2;156;42;42m██[38;2;156;42;42m██[38;2;194;64;64m██[38;2;194;64;64m██[38;2;194;64;64m██[38;2;194;64;64m██[38;2;194;64;64m██[38;2;194;64;64m██[38;2;0;0;0m██[38;2;104;28;28m██[38;2;104;28;28m██[38;2;104;28;28m██[38;2;0;0;0m██  [38;2;0;0;0m██[38;2;40;9;9m██[38;2;0;0;0m██                [38;2;40;9;9m██[38;2;194;64;64m██[38;2;194;64;64m██[38;2;156;42;42m██[38;2;104;28;28m██[38;2;55;55;55m██[38;2;55;55;55m██[38;2;55;55;55m██[38;2;55;55;55m██[38;2;55;55;55m██[38;2;55;55;55m██[38;2;55;55;55m██[38;2;55;55;55m██[38;2;55;55;55m██[38;2;55;55;55m██[38;2;55;55;55m██[38;2;55;55;55m██[38;2;55;55;55m██[38;2;55;55;55m██[38;2;55;55;55m██[38;2;55;55;55m██[38;2;55;55;55m██[38;2;55;55;55m██[38;2;55;55;55m██[38;2;55;55;55m██[38;2;55;55;55m██[38;2;55;55;55m██[38;2;55;55;55m██[38;2;55;55;55m██[38;2;55;55;55m██[38;2;40;9;9m██[38;2;156;42;42m██[38;2;156;42;42m██[38;2;156;42;42m██[38;2;156;42;42m██[38;2;156;42;42m██[38;2;156;42;42m██[38;2;156;42;42m██[38;2;156;42;42m██[38;2;0;0;0m██    
        [38;2;0;0;0m██[38;2;156;42;42m██[38;2;194;64;64m██[38;2;194;64;64m██[38;2;156;42;42m██[38;2;82;82;82m██[38;2;82;82;82m██[38;2;55;55;55m██[38;2;82;82;82m██[38;2;82;82;82m██[38;2;55;55;55m██[38;2;55;55;55m██[38;2;55;55;55m██[38;2;55;55;55m██[38;2;55;55;55m██[38;2;55;55;55m██[38;2;55;55;55m██[38;2;0;0;0m██[38;2;194;64;64m██[38;2;194;64;64m██[38;2;194;64;64m██[38;2;156;42;42m██[38;2;156;42;42m██[38;2;156;42;42m██[38;2;156;42;42m██[38;2;40;9;9m██[38;2;40;9;9m██[38;2;40;9;9m██[38;2;40;9;9m██[38;2;40;9;9m██[38;2;40;9;9m██[38;2;194;64;64m██[38;2;194;64;64m██[38;2;0;0;0m██[38;2;40;9;9m██[38;2;40;9;9m██[38;2;0;0;0m██  [38;2;0;0;0m██[38;2;40;9;9m██[38;2;40;9;9m██[38;2;0;0;0m██              [38;2;40;9;9m██[38;2;194;64;64m██[38;2;194;64;64m██[38;2;156;42;42m██[38;2;55;55;55m██[38;2;55;55;55m██[38;2;55;55;55m██[38;2;55;55;55m██[38;2;55;55;55m██[38;2;55;55;55m██[38;2;55;55;55m██[38;2;55;55;55m██[38;2;55;55;55m██[38;2;55;55;55m██[38;2;55;55;55m██[38;2;55;55;55m██[38;2;55;55;55m██[38;2;55;55;55m██[38;2;55;55;55m██[38;2;55;55;55m██[38;2;55;55;55m██[38;2;55;55;55m██[38;2;55;55;55m██[38;2;55;55;55m██[38;2;55;55;55m██[38;2;55;55;55m██[38;2;55;55;55m██[38;2;55;55;55m██[38;2;55;55;55m██[38;2;55;55;55m██[38;2;55;55;55m██[38;2;40;9;9m██[38;2;40;9;9m██[38;2;40;9;9m██[38;2;40;9;9m██[38;2;40;9;9m██[38;2;156;42;42m██[38;2;156;42;42m██[38;2;156;42;42m██[38;2;156;42;42m██[38;2;0;0;0m██    
  [38;2;0;0;0m██[38;2;0;0;0m██[38;2;0;0;0m██[38;2;0;0;0m██[38;2;194;64;64m██[38;2;194;64;64m██[38;2;55;55;55m██[38;2;55;55;55m██[38;2;55;55;55m██[38;2;82;82;82m██[38;2;82;82;82m██[38;2;82;82;82m██[38;2;82;82;82m██[38;2;82;82;82m██[38;2;55;55;55m██[38;2;55;55;55m██[38;2;55;55;55m██[38;2;55;55;55m██[38;2;55;55;55m██[38;2;55;55;55m██[38;2;55;55;55m██[38;2;0;0;0m██[38;2;156;42;42m██[38;2;156;42;42m██[38;2;156;42;42m██[38;2;0;0;0m██[38;2;0;0;0m██[38;2;0;0;0m██[38;2;124;69;73m██[38;2;124;69;73m██[38;2;124;69;73m██[38;2;124;69;73m██[38;2;124;69;73m██[38;2;194;64;64m██[38;2;194;64;64m██[38;2;156;42;42m██[38;2;156;42;42m██[38;2;156;42;42m██[38;2;0;0;0m██    [38;2;0;0;0m██[38;2;40;9;9m██[38;2;40;9;9m██[38;2;0;0;0m██            [38;2;40;9;9m██[38;2;194;64;64m██[38;2;194;64;64m██[38;2;156;42;42m██[38;2;55;55;55m██[38;2;82;82;82m██[38;2;82;82;82m██[38;2;82;82;82m██[38;2;82;82;82m██[38;2;82;82;82m██[38;2;82;82;82m██[38;2;82;82;82m██[38;2;82;82;82m██[38;2;82;82;82m██[38;2;55;55;55m██[38;2;55;55;55m██[38;2;55;55;55m██[38;2;55;55;55m██[38;2;55;55;55m██[38;2;55;55;55m██[38;2;55;55;55m██[38;2;55;55;55m██[38;2;55;55;55m██[38;2;55;55;55m██[38;2;55;55;55m██[38;2;55;55;55m██[38;2;55;55;55m██[38;2;55;55;55m██[38;2;55;55;55m██[38;2;55;55;55m██[38;2;55;55;55m██[38;2;55;55;55m██[38;2;55;55;55m██[38;2;55;55;55m██[38;2;55;55;55m██[38;2;55;55;55m██[38;2;55;55;55m██[38;2;40;9;9m██[38;2;40;9;9m██[38;2;156;42;42m██[38;2;156;42;42m██[38;2;156;42;42m██[38;2;0;0;0m██  
  [38;2;0;0;0m██[38;2;40;9;9m██[38;2;40;9;9m██[38;2;0;0;0m██[38;2;194;64;64m██[38;2;194;64;64m██[38;2;55;55;55m██[38;2;82;82;82m██[38;2;82;82;82m██[38;2;82;82;82m██[38;2;82;82;82m██[38;2;82;82;82m██[38;2;82;82;82m██[38;2;82;82;82m██[38;2;82;82;82m██[38;2;55;55;55m██[38;2;55;55;55m██[38;2;55;55;55m██[38;2;55;55;55m██[38;2;55;55;55m██[38;2;55;55;55m██[38;2;55;55;55m██[38;2;0;0;0m██[38;2;0;0;0m██[38;2;0;0;0m██[38;2;55;55;55m██[38;2;124;69;73m██[38;2;124;69;73m██[38;2;198;140;146m██[38;2;198;140;146m██[38;2;198;140;146m██[38;2;124;69;73m██[38;2;124;69;73m██[38;2;156;42;42m██[38;2;156;42;42m██[38;2;156;42;42m██[38;2;156;42;42m██[38;2;0;0;0m██    [38;2;0;0;0m██[38;2;40;9;9m██[38;2;40;9;9m██[38;2;40;9;9m██[38;2;0;0;0m██        [38;2;40;9;9m██[38;2;40;9;9m██[38;2;194;64;64m██[38;2;194;64;64m██[38;2;156;42;42m██[38;2;55;55;55m██[38;2;82;82;82m██[38;2;82;82;82m██[38;2;82;82;82m██[38;2;82;82;82m██[38;2;82;82;82m██[38;2;82;82;82m██[38;2;82;82;82m██[38;2;82;82;82m██[38;2;82;82;82m██[38;2;82;82;82m██[38;2;82;82;82m██[38;2;82;82;82m██[38;2;82;82;82m██[38;2;82;82;82m██[38;2;55;55;55m██[38;2;55;55;55m██[38;2;55;55;55m██[38;2;55;55;55m██[38;2;55;55;55m██[38;2;55;55;55m██[38;2;55;55;55m██[38;2;55;55;55m██[38;2;55;55;55m██[38;2;55;55;55m██[38;2;55;55;55m██[38;2;55;55;55m██[38;2;55;55;55m██[38;2;55;55;55m██[38;2;55;55;55m██[38;2;55;55;55m██[38;2;55;55;55m██[38;2;55;55;55m██[38;2;55;55;55m██[38;2;55;55;55m██[38;2;55;55;55m██[38;2;40;9;9m██[38;2;156;42;42m██[38;2;156;42;42m██[38;2;0;0;0m██  
    [38;2;0;0;0m██[38;2;40;9;9m██[38;2;0;0;0m██[38;2;194;64;64m██[38;2;156;42;42m██[38;2;156;42;42m██[38;2;55;55;55m██[38;2;82;82;82m██[38;2;82;82;82m██[38;2;82;82;82m██[38;2;82;82;82m██[38;2;82;82;82m██[38;2;82;82;82m██[38;2;82;82;82m██[38;2;55;55;55m██[38;2;55;55;55m██[38;2;55;55;55m██[38;2;55;55;55m██[38;2;55;55;55m██[38;2;55;55;55m██[38;2;55;55;55m██[38;2;55;55;55m██[38;2;55;55;55m██[38;2;55;55;55m██[38;2;113;128;142m██[38;2;124;69;73m██[38;2;198;140;146m██[38;2;198;140;146m██[38;2;198;140;146m██[38;2;198;140;146m██[38;2;113;128;142m██[38;2;124;69;73m██[38;2;156;42;42m██[38;2;156;42;42m██[38;2;156;42;42m██[38;2;0;0;0m██[38;2;156;42;42m██[38;2;0;0;0m██  [38;2;0;0;0m██[38;2;40;9;9m██[38;2;40;9;9m██[38;2;40;9;9m██[38;2;0;0;0m██    [38;2;40;9;9m██[38;2;40;9;9m██[38;2;194;64;64m██[38;2;194;64;64m██[38;2;156;42;42m██[38;2;55;55;55m██[38;2;55;55;55m██[38;2;82;82;82m██[38;2;55;55;55m██[38;2;55;55;55m██[38;2;82;82;82m██[38;2;82;82;82m██[38;2;82;82;82m██[38;2;82;82;82m██[38;2;82;82;82m██[38;2;82;82;82m██[38;2;82;82;82m██[38;2;82;82;82m██[38;2;82;82;82m██[38;2;82;82;82m██[38;2;82;82;82m██[38;2;82;82;82m██[38;2;82;82;82m██[38;2;82;82;82m██[38;2;82;82;82m██[38;2;55;55;55m██[38;2;55;55;55m██[38;2;55;55;55m██[38;2;55;55;55m██[38;2;55;55;55m██[38;2;55;55;55m██[38;2;40;9;9m██[38;2;40;9;9m██[38;2;40;9;9m██[38;2;40;9;9m██[38;2;40;9;9m██[38;2;40;9;9m██[38;2;40;9;9m██[38;2;40;9;9m██[38;2;40;9;9m██[38;2;40;9;9m██[38;2;40;9;9m██[38;2;156;42;42m██[38;2;156;42;42m██[38;2;156;42;42m██[38;2;156;42;42m██[38;2;156;42;42m██[38;2;0;0;0m██
      [38;2;40;9;9m██[38;2;194;64;64m██[38;2;156;42;42m██[38;2;55;55;55m██[38;2;55;55;55m██[38;2;55;55;55m██[38;2;82;82;82m██[38;2;82;82;82m██[38;2;82;82;82m██[38;2;82;82;82m██[38;2;82;82;82m██[38;2;82;82;82m██[38;2;82;82;82m██[38;2;82;82;82m██[38;2;55;55;55m██[38;2;55;55;55m██[38;2;55;55;55m██[38;2;55;55;55m██[38;2;55;55;55m██[38;2;55;55;55m██[38;2;55;55;55m██[38;2;55;55;55m██[38;2;40;9;9m██[38;2;250;250;250m██[38;2;198;140;146m██[38;2;224;180;200m██[38;2;198;140;146m██[38;2;198;140;146m██[38;2;40;9;9m██[38;2;250;250;250m██[38;2;156;42;42m██[38;2;156;42;42m██[38;2;156;42;42m██[38;2;0;0;0m██[38;2;156;42;42m██[38;2;156;42;42m██[38;2;156;42;42m██[38;2;0;0;0m██[38;2;40;9;9m██[38;2;40;9;9m██[38;2;40;9;9m██[38;2;40;9;9m██[38;2;0;0;0m██[38;2;40;9;9m██[38;2;40;9;9m██[38;2;194;64;64m██[38;2;194;64;64m██[38;2;194;64;64m██[38;2;156;42;42m██[38;2;55;55;55m██[38;2;82;82;82m██[38;2;82;82;82m██[38;2;82;82;82m██[38;2;82;82;82m██[38;2;82;82;82m██[38;2;55;55;55m██[38;2;55;55;55m██[38;2;82;82;82m██[38;2;82;82;82m██[38;2;82;82;82m██[38;2;82;82;82m██[38;2;82;82;82m██[38;2;82;82;82m██[38;2;82;82;82m██[38;2;82;82;82m██[38;2;82;82;82m██[38;2;82;82;82m██[38;2;82;82;82m██[38;2;82;82;82m██[38;2;82;82;82m██[38;2;82;82;82m██[38;2;82;82;82m██[38;2;55;55;55m██[38;2;40;9;9m██[38;2;40;9;9m██[38;2;40;9;9m██[38;2;156;42;42m██[38;2;156;42;42m██[38;2;156;42;42m██[38;2;156;42;42m██[38;2;156;42;42m██[38;2;156;42;42m██[38;2;156;42;42m██[38;2;156;42;42m██[38;2;156;42;42m██[38;2;156;42;42m██[38;2;156;42;42m██[38;2;156;42;42m██[38;2;0;0;0m██[38;2;0;0;0m██[38;2;0;0;0m██[38;2;0;0;0m██[38;2;0;0;0m██
      [38;2;40;9;9m██[38;2;194;64;64m██[38;2;55;55;55m██[38;2;82;82;82m██[38;2;82;82;82m██[38;2;82;82;82m██[38;2;82;82;82m██[38;2;82;82;82m██[38;2;82;82;82m██[38;2;82;82;82m██[38;2;82;82;82m██[38;2;82;82;82m██[38;2;82;82;82m██[38;2;82;82;82m██[38;2;55;55;55m██[38;2;55;55;55m██[38;2;55;55;55m██[38;2;55;55;55m██[38;2;55;55;55m██[38;2;55;55;55m██[38;2;55;55;55m██[38;2;55;55;55m██[38;2;113;128;142m██[38;2;198;140;146m██[38;2;224;180;200m██[38;2;224;180;200m██[38;2;224;180;200m██[38;2;224;180;200m██[38;2;113;128;142m██[38;2;124;69;73m██[38;2;156;42;42m██[38;2;0;0;0m██[38;2;0;0;0m██[38;2;156;42;42m██[38;2;156;42;42m██[38;2;156;42;42m██[38;2;194;64;64m██[38;2;156;42;42m██[38;2;0;0;0m██[38;2;40;9;9m██[38;2;0;0;0m██[38;2;0;0;0m██[38;2;0;0;0m██[38;2;194;64;64m██[38;2;194;64;64m██[38;2;156;42;42m██[38;2;55;55;55m██[38;2;55;55;55m██[38;2;40;9;9m██[38;2;82;82;82m██[38;2;82;82;82m██[38;2;82;82;82m██[38;2;82;82;82m██[38;2;82;82;82m██[38;2;82;82;82m██[38;2;82;82;82m██[38;2;55;55;55m██[38;2;55;55;55m██[38;2;82;82;82m██[38;2;82;82;82m██[38;2;82;82;82m██[38;2;82;82;82m██[38;2;82;82;82m██[38;2;82;82;82m██[38;2;82;82;82m██[38;2;82;82;82m██[38;2;82;82;82m██[38;2;82;82;82m██[38;2;82;82;82m██[38;2;82;82;82m██[38;2;82;82;82m██[38;2;55;55;55m██[38;2;40;9;9m██[38;2;156;42;42m██[38;2;156;42;42m██[38;2;156;42;42m██[38;2;156;42;42m██[38;2;0;0;0m██[38;2;0;0;0m██[38;2;0;0;0m██[38;2;0;0;0m██[38;2;0;0;0m██[38;2;0;0;0m██[38;2;0;0;0m██[38;2;0;0;0m██[38;2;0;0;0m██[38;2;0;0;0m██[38;2;0;0;0m██          
      [38;2;40;9;9m██[38;2;194;64;64m██[38;2;55;55;55m██[38;2;82;82;82m██[38;2;82;82;82m██[38;2;82;82;82m██[38;2;82;82;82m██[38;2;82;82;82m██[38;2;82;82;82m██[38;2;55;55;55m██[38;2;55;55;55m██[38;2;55;55;55m██[38;2;55;55;55m██[38;2;55;55;55m██[38;2;55;55;55m██[38;2;55;55;55m██[38;2;55;55;55m██[38;2;55;55;55m██[38;2;55;55;55m██[38;2;55;55;55m██[38;2;55;55;55m██[38;2;40;9;9m██[38;2;250;250;250m██[38;2;224;180;200m██[38;2;224;180;200m██[38;2;224;180;200m██[38;2;224;180;200m██[38;2;40;9;9m██[38;2;250;250;250m██[38;2;194;64;64m██[38;2;156;42;42m██[38;2;0;0;0m██[38;2;156;42;42m██[38;2;156;42;42m██[38;2;156;42;42m██[38;2;194;64;64m██[38;2;194;64;64m██[38;2;194;64;64m██[38;2;156;42;42m██[38;2;0;0;0m██[38;2;194;64;64m██[38;2;194;64;64m██[38;2;194;64;64m██[38;2;194;64;64m██[38;2;55;55;55m██[38;2;55;55;55m██[38;2;82;82;82m██[38;2;82;82;82m██[38;2;82;82;82m██[38;2;82;82;82m██[38;2;82;82;82m██[38;2;82;82;82m██[38;2;82;82;82m██[38;2;82;82;82m██[38;2;82;82;82m██[38;2;82;82;82m██[38;2;82;82;82m██[38;2;82;82;82m██[38;2;55;55;55m██[38;2;82;82;82m██[38;2;82;82;82m██[38;2;82;82;82m██[38;2;82;82;82m██[38;2;82;82;82m██[38;2;82;82;82m██[38;2;82;82;82m██[38;2;82;82;82m██[38;2;82;82;82m██[38;2;82;82;82m██[38;2;82;82;82m██[38;2;55;55;55m██[38;2;156;42;42m██[38;2;156;42;42m██[38;2;0;0;0m██[38;2;0;0;0m██[38;2;0;0;0m██[38;2;0;0;0m██                                
      [38;2;40;9;9m██[38;2;194;64;64m██[38;2;55;55;55m██[38;2;82;82;82m██[38;2;82;82;82m██[38;2;82;82;82m██[38;2;82;82;82m██[38;2;55;55;55m██[38;2;55;55;55m██[38;2;156;42;42m██[38;2;156;42;42m██[38;2;156;42;42m██[38;2;156;42;42m██[38;2;156;42;42m██[38;2;156;42;42m██[38;2;156;42;42m██[38;2;0;0;0m██[38;2;55;55;55m██[38;2;55;55;55m██[38;2;55;55;55m██[38;2;40;9;9m██[38;2;40;9;9m██[38;2;198;140;146m██[38;2;224;180;200m██[38;2;224;180;200m██[38;2;40;9;9m██[38;2;40;9;9m██[38;2;40;9;9m██[38;2;124;69;73m██[38;2;194;64;64m██[38;2;156;42;42m██[38;2;0;0;0m██[38;2;194;64;64m██[38;2;156;42;42m██[38;2;194;64;64m██[38;2;194;64;64m██[38;2;194;64;64m██[38;2;194;64;64m██[38;2;156;42;42m██[38;2;194;64;64m██[38;2;194;64;64m██[38;2;194;64;64m██[38;2;156;42;42m██[38;2;55;55;55m██[38;2;82;82;82m██[38;2;82;82;82m██[38;2;82;82;82m██[38;2;82;82;82m██[38;2;82;82;82m██[38;2;82;82;82m██[38;2;82;82;82m██[38;2;82;82;82m██[38;2;82;82;82m██[38;2;82;82;82m██[38;2;82;82;82m██[38;2;82;82;82m██[38;2;82;82;82m██[38;2;82;82;82m██[38;2;82;82;82m██[38;2;55;55;55m██[38;2;82;82;82m██[38;2;82;82;82m██[38;2;82;82;82m██[38;2;82;82;82m██[38;2;82;82;82m██[38;2;82;82;82m██[38;2;82;82;82m██[38;2;82;82;82m██[38;2;82;82;82m██[38;2;55;55;55m██[38;2;156;42;42m██[38;2;0;0;0m██[38;2;0;0;0m██                                        
      [38;2;40;9;9m██[38;2;194;64;64m██[38;2;55;55;55m██[38;2;82;82;82m██[38;2;82;82;82m██[38;2;55;55;55m██[38;2;55;55;55m██[38;2;156;42;42m██[38;2;156;42;42m██[38;2;156;42;42m██[38;2;0;0;0m██[38;2;0;0;0m██[38;2;0;0;0m██[38;2;0;0;0m██[38;2;0;0;0m██[38;2;0;0;0m██[38;2;0;0;0m██[38;2;156;42;42m██[38;2;0;0;0m██[38;2;55;55;55m██[38;2;40;9;9m██[38;2;194;64;64m██[38;2;40;9;9m██[38;2;224;180;200m██[38;2;224;180;200m██[38;2;40;9;9m██[38;2;194;64;64m██[38;2;124;69;73m██[38;2;156;42;42m██[38;2;156;42;42m██[38;2;0;0;0m██[38;2;156;42;42m██[38;2;194;64;64m██[38;2;194;64;64m██[38;2;194;64;64m██[38;2;194;64;64m██[38;2;194;64;64m██[38;2;194;64;64m██[38;2;194;64;64m██[38;2;194;64;64m██[38;2;156;42;42m██[38;2;156;42;42m██[38;2;55;55;55m██[38;2;82;82;82m██[38;2;82;82;82m██[38;2;82;82;82m██[38;2;82;82;82m██[38;2;55;55;55m██[38;2;55;55;55m██[38;2;0;0;0m██[38;2;0;0;0m██[38;2;0;0;0m██[38;2;0;0;0m██[38;2;0;0;0m██[38;2;82;82;82m██[38;2;82;82;82m██[38;2;82;82;82m██[38;2;82;82;82m██[38;2;82;82;82m██[38;2;82;82;82m██[38;2;55;55;55m██[38;2;82;82;82m██[38;2;82;82;82m██[38;2;82;82;82m██[38;2;82;82;82m██[38;2;82;82;82m██[38;2;82;82;82m██[38;2;82;82;82m██[38;2;55;55;55m██[38;2;82;82;82m██[38;2;0;0;0m██                                            
      [38;2;40;9;9m██[38;2;156;42;42m██[38;2;55;55;55m██[38;2;55;55;55m██[38;2;40;9;9m██[38;2;156;42;42m██[38;2;156;42;42m██[38;2;0;0;0m██[38;2;0;0;0m██[38;2;0;0;0m██            [38;2;0;0;0m██[38;2;0;0;0m██[38;2;0;0;0m██[38;2;0;0;0m██[38;2;40;9;9m██[38;2;194;64;64m██[38;2;194;64;64m██[38;2;40;9;9m██[38;2;40;9;9m██[38;2;40;9;9m██[38;2;194;64;64m██[38;2;194;64;64m██[38;2;156;42;42m██[38;2;156;42;42m██[38;2;0;0;0m██[38;2;194;64;64m██[38;2;194;64;64m██[38;2;194;64;64m██[38;2;194;64;64m██[38;2;194;64;64m██[38;2;194;64;64m██[38;2;194;64;64m██[38;2;194;64;64m██[38;2;156;42;42m██[38;2;156;42;42m██[38;2;0;0;0m██[38;2;82;82;82m██[38;2;82;82;82m██[38;2;82;82;82m██[38;2;55;55;55m██[38;2;55;55;55m██[38;2;40;9;9m██[38;2;0;0;0m██          [38;2;0;0;0m██[38;2;0;0;0m██[38;2;0;0;0m██[38;2;0;0;0m██[38;2;82;82;82m██[38;2;82;82;82m██[38;2;82;82;82m██[38;2;55;55;55m██[38;2;82;82;82m██[38;2;82;82;82m██[38;2;82;82;82m██[38;2;82;82;82m██[38;2;82;82;82m██[38;2;82;82;82m██[38;2;55;55;55m██[38;2;0;0;0m██                                              
      [38;2;40;9;9m██[38;2;156;42;42m██[38;2;156;42;42m██[38;2;156;42;42m██[38;2;156;42;42m██[38;2;0;0;0m██[38;2;0;0;0m██                      [38;2;0;0;0m██[38;2;156;42;42m██[38;2;40;9;9m██[38;2;194;64;64m██[38;2;194;64;64m██[38;2;194;64;64m██[38;2;194;64;64m██[38;2;194;64;64m██[38;2;194;64;64m██[38;2;156;42;42m██[38;2;156;42;42m██[38;2;0;0;0m██[38;2;156;42;42m██[38;2;194;64;64m██[38;2;194;64;64m██[38;2;194;64;64m██[38;2;194;64;64m██[38;2;194;64;64m██[38;2;194;64;64m██[38;2;194;64;64m██[38;2;194;64;64m██[38;2;194;64;64m██[38;2;194;64;64m██[38;2;0;0;0m██[38;2;82;82;82m██[38;2;55;55;55m██[38;2;55;55;55m██[38;2;55;55;55m██[38;2;40;9;9m██[38;2;0;0;0m██                    [38;2;0;0;0m██[38;2;0;0;0m██[38;2;0;0;0m██[38;2;0;0;0m██[38;2;0;0;0m██[38;2;82;82;82m██[38;2;82;82;82m██[38;2;82;82;82m██[38;2;82;82;82m██[38;2;55;55;55m██[38;2;0;0;0m██                                                
      [38;2;40;9;9m██[38;2;156;42;42m██[38;2;156;42;42m██[38;2;0;0;0m██[38;2;0;0;0m██                          [38;2;0;0;0m██[38;2;156;42;42m██[38;2;156;42;42m██[38;2;40;9;9m██[38;2;194;64;64m██[38;2;194;64;64m██[38;2;194;64;64m██[38;2;194;64;64m██[38;2;156;42;42m██[38;2;0;0;0m██[38;2;0;0;0m██[38;2;156;42;42m██[38;2;156;42;42m██[38;2;194;64;64m██[38;2;194;64;64m██[38;2;194;64;64m██[38;2;194;64;64m██[38;2;156;42;42m██[38;2;194;64;64m██[38;2;194;64;64m██[38;2;194;64;64m██[38;2;194;64;64m██[38;2;194;64;64m██[38;2;0;0;0m██[38;2;55;55;55m██[38;2;55;55;55m██[38;2;55;55;55m██[38;2;40;9;9m██[38;2;0;0;0m██                                [38;2;0;0;0m██[38;2;0;0;0m██[38;2;82;82;82m██[38;2;55;55;55m██[38;2;0;0;0m██                                                  
      [38;2;0;0;0m██[38;2;156;42;42m██[38;2;0;0;0m██                                [38;2;0;0;0m██[38;2;156;42;42m██[38;2;156;42;42m██[38;2;0;0;0m██[38;2;0;0;0m██[38;2;0;0;0m██[38;2;0;0;0m██[38;2;0;0;0m██[38;2;40;9;9m██[38;2;0;0;0m██[38;2;194;64;64m██[38;2;156;42;42m██[38;2;194;64;64m██[38;2;194;64;64m██[38;2;194;64;64m██[38;2;156;42;42m██[38;2;194;64;64m██[38;2;194;64;64m██[38;2;194;64;64m██[38;2;194;64;64m██[38;2;194;64;64m██[38;2;194;64;64m██[38;2;194;64;64m██[38;2;0;0;0m██[38;2;55;55;55m██[38;2;40;9;9m██[38;2;0;0;0m██                                      [38;2;0;0;0m██[38;2;0;0;0m██                                                    
      [38;2;0;0;0m██[38;2;0;0;0m██                                    [38;2;0;0;0m██[38;2;0;0;0m██[38;2;0;0;0m██[38;2;104;28;28m██[38;2;40;9;9m██[38;2;40;9;9m██[38;2;40;9;9m██[38;2;0;0;0m██  [38;2;40;9;9m██[38;2;194;64;64m██[38;2;156;42;42m██[38;2;194;64;64m██[38;2;156;42;42m██[38;2;194;64;64m██[38;2;194;64;64m██[38;2;194;64;64m██[38;2;194;64;64m██[38;2;194;64;64m██[38;2;194;64;64m██[38;2;194;64;64m██[38;2;194;64;64m██[38;2;194;64;64m██[38;2;0;0;0m██[38;2;40;9;9m██[38;2;0;0;0m██                                                                                              
      [38;2;0;0;0m██                                          [38;2;0;0;0m██[38;2;104;28;28m██[38;2;104;28;28m██[38;2;40;9;9m██[38;2;40;9;9m██[38;2;0;0;0m██  [38;2;40;9;9m██[38;2;194;64;64m██[38;2;194;64;64m██[38;2;194;64;64m██[38;2;194;64;64m██[38;2;194;64;64m██[38;2;194;64;64m██[38;2;194;64;64m██[38;2;194;64;64m██[38;2;194;64;64m██[38;2;194;64;64m██[38;2;194;64;64m██[38;2;194;64;64m██[38;2;194;64;64m██[38;2;194;64;64m██[38;2;0;0;0m██                                                                                                
                                                  [38;2;0;0;0m██[38;2;104;28;28m██[38;2;104;28;28m██[38;2;40;9;9m██[38;2;0;0;0m██  [38;2;40;9;9m██[38;2;40;9;9m██[38;2;40;9;9m██[38;2;156;42;42m██[38;2;194;64;64m██[38;2;194;64;64m██[38;2;194;64;64m██[38;2;156;42;42m██[38;2;40;9;9m██[38;2;40;9;9m██[38;2;156;42;42m██[38;2;194;64;64m██[38;2;194;64;64m██[38;2;194;64;64m██[38;2;194;64;64m██[38;2;194;64;64m██[38;2;40;9;9m██                                                                                                
                                                  [38;2;0;0;0m██[38;2;104;28;28m██[38;2;104;28;28m██[38;2;40;9;9m██[38;2;0;0;0m██  [38;2;40;9;9m██[38;2;40;9;9m██[38;2;40;9;9m██[38;2;40;9;9m██[38;2;194;64;64m██[38;2;194;64;64m██[38;2;194;64;64m██[38;2;40;9;9m██[38;2;40;9;9m██[38;2;40;9;9m██[38;2;40;9;9m██[38;2;194;64;64m██[38;2;194;64;64m██[38;2;194;64;64m██[38;2;194;64;64m██[38;2;194;64;64m██[38;2;194;64;64m██[38;2;40;9;9m██                                                                                              
                                                  [38;2;0;0;0m██[38;2;104;28;28m██[38;2;104;28;28m██[38;2;0;0;0m██    [38;2;40;9;9m██[38;2;156;42;42m██[38;2;40;9;9m██[38;2;40;9;9m██[38;2;194;64;64m██[38;2;194;64;64m██[38;2;194;64;64m██[38;2;40;9;9m██[38;2;40;9;9m██[38;2;40;9;9m██[38;2;40;9;9m██[38;2;194;64;64m██[38;2;194;64;64m██[38;2;194;64;64m██[38;2;194;64;64m██[38;2;194;64;64m██[38;2;194;64;64m██[38;2;40;9;9m██                                                                                              
                                                  [38;2;0;0;0m██[38;2;104;28;28m██[38;2;40;9;9m██[38;2;0;0;0m██    [38;2;40;9;9m██[38;2;194;64;64m██[38;2;194;64;64m██[38;2;194;64;64m██[38;2;194;64;64m██[38;2;156;42;42m██[38;2;194;64;64m██[38;2;194;64;64m██[38;2;156;42;42m██[38;2;40;9;9m██[38;2;40;9;9m██[38;2;194;64;64m██[38;2;194;64;64m██[38;2;194;64;64m██[38;2;194;64;64m██[38;2;194;64;64m██[38;2;194;64;64m██[38;2;194;64;64m██[38;2;40;9;9m██                                                                                            
                                                  [38;2;0;0;0m██[38;2;104;28;28m██[38;2;40;9;9m██[38;2;0;0;0m██    [38;2;40;9;9m██[38;2;194;64;64m██[38;2;194;64;64m██[38;2;194;64;64m██[38;2;194;64;64m██[38;2;40;9;9m██[38;2;156;42;42m██[38;2;194;64;64m██[38;2;194;64;64m██[38;2;194;64;64m██[38;2;194;64;64m██[38;2;194;64;64m██[38;2;194;64;64m██[38;2;194;64;64m██[38;2;194;64;64m██[38;2;194;64;64m██[38;2;156;42;42m██[38;2;194;64;64m██[38;2;194;64;64m██[38;2;40;9;9m██                                                                                          
                                                  [38;2;0;0;0m██[38;2;40;9;9m██[38;2;0;0;0m██    [38;2;40;9;9m██[38;2;194;64;64m██[38;2;194;64;64m██[38;2;194;64;64m██[38;2;194;64;64m██[38;2;156;42;42m██[38;2;40;9;9m██[38;2;40;9;9m██[38;2;194;64;64m██[38;2;194;64;64m██[38;2;194;64;64m██[38;2;194;64;64m██[38;2;194;64;64m██[38;2;194;64;64m██[38;2;194;64;64m██[38;2;194;64;64m██[38;2;194;64;64m██[38;2;156;42;42m██[38;2;194;64;64m██[38;2;194;64;64m██[38;2;194;64;64m██[38;2;40;9;9m██                                                                                        
                                                  [38;2;0;0;0m██[38;2;40;9;9m██[38;2;0;0;0m██    [38;2;40;9;9m██[38;2;194;64;64m██[38;2;194;64;64m██[38;2;156;42;42m██[38;2;194;64;64m██[38;2;40;9;9m██[38;2;40;9;9m██[38;2;40;9;9m██[38;2;156;42;42m██[38;2;194;64;64m██[38;2;194;64;64m██[38;2;194;64;64m██[38;2;194;64;64m██[38;2;194;64;64m██[38;2;194;64;64m██[38;2;194;64;64m██[38;2;194;64;64m██[38;2;40;9;9m██[38;2;194;64;64m██[38;2;194;64;64m██[38;2;194;64;64m██[38;2;40;9;9m██                                                                                        
                                                  [38;2;0;0;0m██[38;2;0;0;0m██    [38;2;40;9;9m██[38;2;194;64;64m██[38;2;194;64;64m██[38;2;194;64;64m██[38;2;156;42;42m██[38;2;194;64;64m██[38;2;40;9;9m██[38;2;40;9;9m██[38;2;40;9;9m██[38;2;40;9;9m██[38;2;194;64;64m██[38;2;194;64;64m██[38;2;194;64;64m██[38;2;194;64;64m██[38;2;194;64;64m██[38;2;194;64;64m██[38;2;194;64;64m██[38;2;156;42;42m██[38;2;156;42;42m██[38;2;194;64;64m██[38;2;194;64;64m██[38;2;194;64;64m██[38;2;194;64;64m██[38;2;40;9;9m██                                                                                      
                                                  [38;2;0;0;0m██      [38;2;40;9;9m██[38;2;194;64;64m██[38;2;194;64;64m██[38;2;194;64;64m██[38;2;40;9;9m██[38;2;156;42;42m██[38;2;40;9;9m██[38;2;40;9;9m██[38;2;40;9;9m██[38;2;40;9;9m██[38;2;156;42;42m██[38;2;194;64;64m██[38;2;194;64;64m██[38;2;194;64;64m██[38;2;194;64;64m██[38;2;194;64;64m██[38;2;156;42;42m██[38;2;40;9;9m██[38;2;194;64;64m██[38;2;194;64;64m██[38;2;194;64;64m██[38;2;194;64;64m██[38;2;194;64;64m██[38;2;40;9;9m██                                                                                      
                                                          [38;2;40;9;9m██[38;2;194;64;64m██[38;2;194;64;64m██[38;2;194;64;64m██[38;2;40;9;9m██[38;2;156;42;42m██[38;2;156;42;42m██[38;2;40;9;9m██[38;2;40;9;9m██[38;2;40;9;9m██[38;2;40;9;9m██[38;2;194;64;64m██[38;2;194;64;64m██[38;2;194;64;64m██[38;2;156;42;42m██[38;2;156;42;42m██[38;2;156;42;42m██[38;2;40;9;9m██[38;2;194;64;64m██[38;2;194;64;64m██[38;2;194;64;64m██[38;2;194;64;64m██[38;2;194;64;64m██[38;2;194;64;64m██[38;2;40;9;9m██    [38;2;0;0;0m██                                                                              
                                                        [38;2;40;9;9m██[38;2;194;64;64m██[38;2;194;64;64m██[38;2;194;64;64m██[38;2;194;64;64m██[38;2;40;9;9m██[38;2;156;42;42m██[38;2;156;42;42m██[38;2;40;9;9m██[38;2;40;9;9m██[38;2;40;9;9m██[38;2;40;9;9m██[38;2;156;42;42m██[38;2;156;42;42m██[38;2;156;42;42m██[38;2;156;42;42m██[38;2;156;42;42m██[38;2;40;9;9m██[38;2;156;42;42m██[38;2;194;64;64m██[38;2;194;64;64m██[38;2;194;64;64m██[38;2;194;64;64m██[38;2;194;64;64m██[38;2;194;64;64m██[38;2;40;9;9m██  [38;2;0;0;0m██[38;2;40;9;9m██                                                                              
                                                        [38;2;40;9;9m██[38;2;194;64;64m██[38;2;194;64;64m██[38;2;194;64;64m██[38;2;194;64;64m██[38;2;194;64;64m██[38;2;40;9;9m██[38;2;156;42;42m██[38;2;156;42;42m██[38;2;40;9;9m██[38;2;40;9;9m██[38;2;40;9;9m██[38;2;156;42;42m██[38;2;156;42;42m██[38;2;156;42;42m██[38;2;156;42;42m██[38;2;156;42;42m██[38;2;40;9;9m██[38;2;194;64;64m██[38;2;194;64;64m██[38;2;194;64;64m██[38;2;194;64;64m██[38;2;194;64;64m██[38;2;194;64;64m██[38;2;194;64;64m██[38;2;0;0;0m██[38;2;0;0;0m██[38;2;40;9;9m██[38;2;0;0;0m██                                                                              
                                                      [38;2;40;9;9m██[38;2;194;64;64m██[38;2;194;64;64m██[38;2;194;64;64m██[38;2;194;64;64m██[38;2;194;64;64m██[38;2;156;42;42m██[38;2;40;9;9m██[38;2;156;42;42m██[38;2;156;42;42m██[38;2;156;42;42m██[38;2;40;9;9m██[38;2;156;42;42m██[38;2;156;42;42m██[38;2;156;42;42m██[38;2;156;42;42m██[38;2;156;42;42m██[38;2;156;42;42m██[38;2;40;9;9m██[38;2;194;64;64m██[38;2;194;64;64m██[38;2;194;64;64m██[38;2;194;64;64m██[38;2;194;64;64m██[38;2;194;64;64m██[38;2;156;42;42m██[38;2;0;0;0m██[38;2;40;9;9m██[38;2;40;9;9m██[38;2;0;0;0m██                                                                              
                                                      [38;2;40;9;9m██[38;2;194;64;64m██[38;2;194;64;64m██[38;2;194;64;64m██[38;2;194;64;64m██[38;2;156;42;42m██[38;2;156;42;42m██[38;2;156;42;42m██[38;2;40;9;9m██[38;2;156;42;42m██[38;2;156;42;42m██[38;2;156;42;42m██[38;2;156;42;42m██[38;2;156;42;42m██[38;2;156;42;42m██[38;2;156;42;42m██[38;2;156;42;42m██[38;2;156;42;42m██[38;2;40;9;9m██[38;2;194;64;64m██[38;2;194;64;64m██[38;2;194;64;64m██[38;2;194;64;64m██[38;2;194;64;64m██[38;2;194;64;64m██[38;2;156;42;42m██[38;2;0;0;0m██[38;2;40;9;9m██[38;2;0;0;0m██                                                                                
                                                      [38;2;40;9;9m██[38;2;194;64;64m██[38;2;194;64;64m██[38;2;156;42;42m██[38;2;156;42;42m██[38;2;156;42;42m██[38;2;156;42;42m██[38;2;156;42;42m██[38;2;0;0;0m██[38;2;0;0;0m██[38;2;0;0;0m██[38;2;156;42;42m██[38;2;156;42;42m██[38;2;156;42;42m██[38;2;156;42;42m██[38;2;156;42;42m██[38;2;156;42;42m██[38;2;156;42;42m██[38;2;40;9;9m██[38;2;194;64;64m██[38;2;194;64;64m██[38;2;194;64;64m██[38;2;194;64;64m██[38;2;194;64;64m██[38;2;156;42;42m██[38;2;156;42;42m██[38;2;0;0;0m██[38;2;0;0;0m██                                                                                  
                                                      [38;2;40;9;9m██[38;2;156;42;42m██[38;2;156;42;42m██[38;2;156;42;42m██[38;2;156;42;42m██[38;2;156;42;42m██[38;2;156;42;42m██[38;2;40;9;9m██  [38;2;0;0;0m██[38;2;40;9;9m██[38;2;0;0;0m██[38;2;0;0;0m██[38;2;0;0;0m██[38;2;0;0;0m██[38;2;0;0;0m██[38;2;0;0;0m██[38;2;0;0;0m██[38;2;40;9;9m██[38;2;156;42;42m██[38;2;194;64;64m██[38;2;194;64;64m██[38;2;194;64;64m██[38;2;156;42;42m██[38;2;156;42;42m██[38;2;156;42;42m██[38;2;0;0;0m██        [38;2;0;0;0m██                                                                          
                                                      [38;2;40;9;9m██[38;2;156;42;42m██[38;2;156;42;42m██[38;2;156;42;42m██[38;2;156;42;42m██[38;2;40;9;9m██[38;2;40;9;9m██[38;2;0;0;0m██[38;2;0;0;0m██[38;2;156;42;42m██[38;2;156;42;42m██[38;2;156;42;42m██[38;2;40;9;9m██            [38;2;40;9;9m██[38;2;156;42;42m██[38;2;156;42;42m██[38;2;156;42;42m██[38;2;156;42;42m██[38;2;156;42;42m██[38;2;156;42;42m██[38;2;0;0;0m██      [38;2;0;0;0m██[38;2;0;0;0m██                                                                          
                                                        [38;2;40;9;9m██[38;2;156;42;42m██[38;2;156;42;42m██[38;2;156;42;42m██[38;2;156;42;42m██[38;2;156;42;42m██[38;2;156;42;42m██[38;2;156;42;42m██[38;2;156;42;42m██[38;2;156;42;42m██[38;2;156;42;42m██[38;2;0;0;0m██              [38;2;0;0;0m██[38;2;156;42;42m██[38;2;156;42;42m██[38;2;156;42;42m██[38;2;156;42;42m██[38;2;156;42;42m██[38;2;0;0;0m██[38;2;0;0;0m██  [38;2;0;0;0m██[38;2;40;9;9m██[38;2;0;0;0m██                                                                          
                                                          [38;2;40;9;9m██[38;2;40;9;9m██[38;2;0;0;0m██[38;2;0;0;0m██[38;2;0;0;0m██[38;2;156;42;42m██[38;2;156;42;42m██[38;2;156;42;42m██[38;2;156;42;42m██[38;2;156;42;42m██[38;2;0;0;0m██                [38;2;0;0;0m██[38;2;156;42;42m██[38;2;156;42;42m██[38;2;156;42;42m██[38;2;0;0;0m██[38;2;40;9;9m██[38;2;40;9;9m██[38;2;0;0;0m██[38;2;40;9;9m██[38;2;40;9;9m██[38;2;0;0;0m██                                                                          
                                                                    [38;2;40;9;9m██[38;2;156;42;42m██[38;2;156;42;42m██[38;2;156;42;42m██[38;2;0;0;0m██                    [38;2;0;0;0m██[38;2;156;42;42m██[38;2;156;42;42m██[38;2;156;42;42m██[38;2;0;0;0m██[38;2;156;42;42m██[38;2;40;9;9m██[38;2;0;0;0m██[38;2;40;9;9m██[38;2;0;0;0m██                                                                          
                                                                [38;2;40;9;9m██[38;2;40;9;9m██[38;2;156;42;42m██[38;2;156;42;42m██[38;2;156;42;42m██[38;2;156;42;42m██[38;2;0;0;0m██                    [38;2;0;0;0m██[38;2;156;42;42m██[38;2;156;42;42m██[38;2;156;42;42m██[38;2;0;0;0m██[38;2;156;42;42m██[38;2;156;42;42m██[38;2;40;9;9m██[38;2;0;0;0m██                                                                            
                                                              [38;2;40;9;9m██[38;2;156;42;42m██[38;2;156;42;42m██[38;2;156;42;42m██[38;2;156;42;42m██[38;2;156;42;42m██[38;2;0;0;0m██                      [38;2;0;0;0m██[38;2;156;42;42m██[38;2;156;42;42m██[38;2;156;42;42m██[38;2;156;42;42m██[38;2;0;0;0m██[38;2;156;42;42m██[38;2;156;42;42m██[38;2;0;0;0m██                                                                            
                                                            [38;2;40;9;9m██[38;2;156;42;42m██[38;2;156;42;42m██[38;2;156;42;42m██[38;2;40;9;9m██[38;2;156;42;42m██[38;2;156;42;42m██[38;2;0;0;0m██                    [38;2;0;0;0m██[38;2;156;42;42m██[38;2;156;42;42m██[38;2;40;9;9m██[38;2;156;42;42m██[38;2;156;42;42m██[38;2;0;0;0m██[38;2;40;9;9m██[38;2;156;42;42m██[38;2;156;42;42m██[38;2;0;0;0m██                                                                          
                                                            [38;2;40;9;9m██[38;2;194;64;64m██[38;2;156;42;42m██[38;2;40;9;9m██[38;2;40;9;9m██[38;2;156;42;42m██[38;2;156;42;42m██[38;2;0;0;0m██                    [38;2;40;9;9m██[38;2;156;42;42m██[38;2;156;42;42m██[38;2;40;9;9m██[38;2;156;42;42m██[38;2;156;42;42m██[38;2;156;42;42m██[38;2;0;0;0m██[38;2;0;0;0m██[38;2;0;0;0m██[38;2;156;42;42m██[38;2;0;0;0m██                                                                        
                                                            [38;2;40;9;9m██[38;2;194;64;64m██[38;2;194;64;64m██[38;2;40;9;9m██[38;2;194;64;64m██[38;2;156;42;42m██[38;2;156;42;42m██[38;2;0;0;0m██                    [38;2;40;9;9m██[38;2;194;64;64m██[38;2;194;64;64m██[38;2;156;42;42m██[38;2;0;0;0m██[38;2;194;64;64m██[38;2;194;64;64m██[38;2;0;0;0m██  [38;2;0;0;0m██[38;2;156;42;42m██[38;2;0;0;0m██                                                                        
                                                            [38;2;40;9;9m██[38;2;156;42;42m██[38;2;194;64;64m██[38;2;40;9;9m██[38;2;194;64;64m██[38;2;194;64;64m██[38;2;156;42;42m██[38;2;0;0;0m██                    [38;2;40;9;9m██[38;2;194;64;64m██[38;2;0;0;0m██[38;2;40;9;9m██  [38;2;0;0;0m██[38;2;194;64;64m██[38;2;0;0;0m██    [38;2;0;0;0m██[38;2;156;42;42m██[38;2;0;0;0m██                                                                      
                                                              [38;2;40;9;9m██[38;2;40;9;9m██  [38;2;40;9;9m██[38;2;194;64;64m██[38;2;0;0;0m██                      [38;2;40;9;9m██[38;2;194;64;64m██[38;2;0;0;0m██    [38;2;40;9;9m██[38;2;194;64;64m██[38;2;0;0;0m██    [38;2;0;0;0m██[38;2;156;42;42m██[38;2;0;0;0m██                                                                      
                                                                [38;2;40;9;9m██  [38;2;40;9;9m██[38;2;156;42;42m██[38;2;0;0;0m██                      [38;2;40;9;9m██[38;2;156;42;42m██[38;2;40;9;9m██    [38;2;0;0;0m██[38;2;156;42;42m██[38;2;0;0;0m██      [38;2;0;0;0m██[38;2;156;42;42m██[38;2;40;9;9m██                                                                    
                                                                      [38;2;0;0;0m██[38;2;0;0;0m██                        [38;2;40;9;9m██[38;2;40;9;9m██      [38;2;0;0;0m██[38;2;0;0;0m██      [38;2;0;0;0m██[38;2;156;42;42m██[38;2;0;0;0m██                                                                    
                                                                                                                    [38;2;0;0;0m██[38;2;40;9;9m██[38;2;156;42;42m██[38;2;40;9;9m██[38;2;0;0;0m██                                                                  
                                                                                                                  [38;2;0;0;0m██[38;2;156;42;42m██[38;2;40;9;9m██[38;2;156;42;42m██[38;2;156;42;42m██[38;2;40;9;9m██[38;2;0;0;0m██                                                                
                                                                                                                    [38;2;0;0;0m██[38;2;156;42;42m██[38;2;40;9;9m██[38;2;156;42;42m██[38;2;40;9;9m██[38;2;156;42;42m██[38;2;0;0;0m██                                                              
                                                                                                                    [38;2;0;0;0m██[38;2;156;42;42m██[38;2;40;9;9m██[38;2;156;42;42m██[38;2;40;9;9m██[38;2;156;42;42m██[38;2;0;0;0m██                                                              
                                                                                                                      [38;2;0;0;0m██[38;2;156;42;42m██[38;2;156;42;42m██[38;2;156;42;42m██[38;2;0;0;0m██                                                                
                                                                                                                      [38;2;0;0;0m██[38;2;156;42;42m██[38;2;156;42;42m██[38;2;156;42;42m██[38;2;0;0;0m██                                                                
                                                                                                                        [38;2;0;0;0m██[38;2;156;42;42m██[38;2;0;0;0m██                                                                  
                                                                                                                        [38;2;0;0;0m██[38;2;0;0;0m██                                                                    
