            [38;2;118;118;118m██[38;2;118;118;118m██                                                                                                                          
          [38;2;118;118;118m██[38;2;247;247;247m██[38;2;247;247;247m██[38;2;118;118;118m██[38;2;118;118;118m██                                                                                                                      
          [38;2;0;0;0m██[38;2;247;247;247m██[38;2;247;247;247m██[38;2;247;247;247m██[38;2;175;175;175m██[38;2;118;118;118m██                                                                                                            [38;2;118;118;118m██[38;2;118;118;118m██[38;2;118;118;118m██  
            [38;2;118;118;118m██[38;2;247;247;247m██[38;2;247;247;247m██[38;2;247;247;247m██[38;2;247;247;247m██[38;2;118;118;118m██[38;2;118;118;118m██                                                                                                  [38;2;118;118;118m██[38;2;118;118;118m██[38;2;118;118;118m██[38;2;247;247;247m██[38;2;247;247;247m██[38;2;247;247;247m██[38;2;118;118;118m██
      [38;2;118;118;118m██[38;2;118;118;118m██  [38;2;0;0;0m██[38;2;247;247;247m██[38;2;247;247;247m██[38;2;247;247;247m██[38;2;247;247;247m██[38;2;247;247;247m██[38;2;175;175;175m██[38;2;118;118;118m██                                                                                          [38;2;118;118;118m██[38;2;118;118;118m██[38;2;118;118;118m██[38;2;247;247;247m██[38;2;247;247;247m██[38;2;247;247;247m██[38;2;247;247;247m██[38;2;247;247;247m██[38;2;247;247;247m██[38;2;118;118;118m██
    [38;2;118;118;118m██[38;2;247;247;247m██[38;2;247;247;247m██[38;2;118;118;118m██  [38;2;0;0;0m██[38;2;247;247;247m██[38;2;247;247;247m██[38;2;247;247;247m██[38;2;247;247;247m██[38;2;247;247;247m██[38;2;247;247;247m██[38;2;118;118;118m██                                                                                    [38;2;118;118;118m██[38;2;118;118;118m██[38;2;247;247;247m██[38;2;247;247;247m██[38;2;247;247;247m██[38;2;247;247;247m██[38;2;247;247;247m██[38;2;247;247;247m██[38;2;247;247;247m██[38;2;247;247;247m██[38;2;247;247;247m██[38;2;0;0;0m██
    [38;2;118;118;118m██[38;2;247;247;247m██[38;2;247;247;247m██[38;2;247;247;247m██[38;2;118;118;118m██  [38;2;0;0;0m██[38;2;247;247;247m██[38;2;247;247;247m██[38;2;210;210;210m██[38;2;210;210;210m██[38;2;247;247;247m██[38;2;247;247;247m██[38;2;118;118;118m██[38;2;118;118;118m██                                                                            [38;2;118;118;118m██[38;2;118;118;118m██[38;2;247;247;247m██[38;2;247;247;247m██[38;2;175;175;175m██[38;2;210;210;210m██[38;2;247;247;247m██[38;2;247;247;247m██[38;2;247;247;247m██[38;2;247;247;247m██[38;2;247;247;247m██[38;2;247;247;247m██[38;2;0;0;0m██  
    [38;2;41;41;41m██[38;2;247;247;247m██[38;2;247;247;247m██[38;2;247;247;247m██[38;2;247;247;247m██[38;2;41;41;41m██[38;2;41;41;41m██[38;2;118;118;118m██[38;2;210;210;210m██[38;2;247;247;247m██[38;2;210;210;210m██[38;2;210;210;210m██[38;2;247;247;247m██[38;2;247;247;247m██[38;2;175;175;175m██[38;2;118;118;118m██                                                                      [38;2;118;118;118m██[38;2;118;118;118m██[38;2;247;247;247m██[38;2;247;247;247m██[38;2;175;175;175m██[38;2;175;175;175m██[38;2;210;210;210m██[38;2;247;247;247m██[38;2;247;247;247m██[38;2;247;247;247m██[38;2;247;247;247m██[38;2;247;247;247m██[38;2;41;41;41m██[38;2;0;0;0m██    
      [38;2;41;41;41m██[38;2;247;247;247m██[38;2;247;247;247m██[38;2;247;247;247m██[38;2;247;247;247m██[38;2;118;118;118m██[38;2;41;41;41m██[38;2;118;118;118m██[38;2;210;210;210m██[38;2;210;210;210m██[38;2;210;210;210m██[38;2;210;210;210m██[38;2;210;210;210m██[38;2;247;247;247m██[38;2;247;247;247m██[38;2;118;118;118m██                                                                [38;2;118;118;118m██[38;2;118;118;118m██[38;2;247;247;247m██[38;2;247;247;247m██[38;2;175;175;175m██[38;2;175;175;175m██[38;2;210;210;210m██[38;2;210;210;210m██[38;2;247;247;247m██[38;2;247;247;247m██[38;2;247;247;247m██[38;2;247;247;247m██[38;2;41;41;41m██[38;2;0;0;0m██[38;2;118;118;118m██[38;2;118;118;118m██[38;2;118;118;118m██  
      [38;2;0;0;0m██[38;2;247;247;247m██[38;2;247;247;247m██[38;2;247;247;247m██[38;2;247;247;247m██[38;2;210;210;210m██[38;2;210;210;210m██[38;2;118;118;118m██[38;2;118;118;118m██[38;2;210;210;210m██[38;2;210;210;210m██[38;2;210;210;210m██[38;2;175;175;175m██[38;2;210;210;210m██[38;2;247;247;247m██[38;2;247;247;247m██[38;2;118;118;118m██                                                          [38;2;118;118;118m██[38;2;118;118;118m██[38;2;247;247;247m██[38;2;247;247;247m██[38;2;118;118;118m██[38;2;175;175;175m██[38;2;210;210;210m██[38;2;210;210;210m██[38;2;210;210;210m██[38;2;247;247;247m██[38;2;247;247;247m██[38;2;247;247;247m██[38;2;41;41;41m██[38;2;0;0;0m██[38;2;118;118;118m██[38;2;118;118;118m██[38;2;247;247;247m██[38;2;247;247;247m██[38;2;247;247;247m██[38;2;118;118;118m██
        [38;2;0;0;0m██[38;2;247;247;247m██[38;2;247;247;247m██[38;2;247;247;247m██[38;2;247;247;247m██[38;2;210;210;210m██[38;2;210;210;210m██[38;2;210;210;210m██[38;2;175;175;175m██[38;2;210;210;210m██[38;2;210;210;210m██[38;2;210;210;210m██[38;2;175;175;175m██[38;2;210;210;210m██[38;2;247;247;247m██[38;2;210;210;210m██[38;2;118;118;118m██                                                    [38;2;118;118;118m██[38;2;118;118;118m██[38;2;247;247;247m██[38;2;247;247;247m██[38;2;118;118;118m██[38;2;118;118;118m██[38;2;175;175;175m██[38;2;210;210;210m██[38;2;210;210;210m██[38;2;210;210;210m██[38;2;210;210;210m██[38;2;210;210;210m██[38;2;118;118;118m██[38;2;0;0;0m██[38;2;118;118;118m██[38;2;210;210;210m██[38;2;247;247;247m██[38;2;247;247;247m██[38;2;247;247;247m██[38;2;247;247;247m██[38;2;247;247;247m██[38;2;41;41;41m██
          [38;2;0;0;0m██[38;2;247;247;247m██[38;2;210;210;210m██[38;2;247;247;247m██[38;2;247;247;247m██[38;2;210;210;210m██[38;2;210;210;210m██[38;2;210;210;210m██[38;2;210;210;210m██[38;2;210;210;210m██[38;2;210;210;210m██[38;2;118;118;118m██[38;2;175;175;175m██[38;2;210;210;210m██[38;2;247;247;247m██[38;2;118;118;118m██                                                  [38;2;118;118;118m██[38;2;210;210;210m██[38;2;247;247;247m██[38;2;247;247;247m██[38;2;118;118;118m██[38;2;175;175;175m██[38;2;210;210;210m██[38;2;210;210;210m██[38;2;210;210;210m██[38;2;210;210;210m██[38;2;210;210;210m██[38;2;118;118;118m██[38;2;118;118;118m██[38;2;175;175;175m██[38;2;210;210;210m██[38;2;247;247;247m██[38;2;247;247;247m██[38;2;247;247;247m██[38;2;247;247;247m██[38;2;247;247;247m██[38;2;247;247;247m██[38;2;41;41;41m██  
      [38;2;118;118;118m██[38;2;118;118;118m██  [38;2;0;0;0m██[38;2;175;175;175m██[38;2;210;210;210m██[38;2;210;210;210m██[38;2;210;210;210m██[38;2;210;210;210m██[38;2;210;210;210m██[38;2;210;210;210m██[38;2;210;210;210m██[38;2;210;210;210m██[38;2;210;210;210m██[38;2;118;118;118m██[38;2;175;175;175m██[38;2;210;210;210m██[38;2;210;210;210m██[38;2;118;118;118m██                                              [38;2;118;118;118m██[38;2;210;210;210m██[38;2;247;247;247m██[38;2;210;210;210m██[38;2;118;118;118m██[38;2;175;175;175m██[38;2;210;210;210m██[38;2;210;210;210m██[38;2;210;210;210m██[38;2;210;210;210m██[38;2;175;175;175m██[38;2;118;118;118m██[38;2;210;210;210m██[38;2;210;210;210m██[38;2;210;210;210m██[38;2;247;247;247m██[38;2;247;247;247m██[38;2;247;247;247m██[38;2;247;247;247m██[38;2;247;247;247m██[38;2;175;175;175m██[38;2;41;41;41m██    
    [38;2;118;118;118m██[38;2;247;247;247m██[38;2;247;247;247m██[38;2;118;118;118m██[38;2;118;118;118m██[38;2;41;41;41m██[38;2;41;41;41m██[38;2;210;210;210m██[38;2;210;210;210m██[38;2;210;210;210m██[38;2;210;210;210m██[38;2;210;210;210m██[38;2;210;210;210m██[38;2;210;210;210m██[38;2;210;210;210m██[38;2;210;210;210m██[38;2;118;118;118m██[38;2;210;210;210m██[38;2;210;210;210m██[38;2;41;41;41m██                                              [38;2;41;41;41m██[38;2;247;247;247m██[38;2;210;210;210m██[38;2;118;118;118m██[38;2;175;175;175m██[38;2;210;210;210m██[38;2;210;210;210m██[38;2;210;210;210m██[38;2;210;210;210m██[38;2;210;210;210m██[38;2;210;210;210m██[38;2;210;210;210m██[38;2;210;210;210m██[38;2;210;210;210m██[38;2;247;247;247m██[38;2;247;247;247m██[38;2;247;247;247m██[38;2;247;247;247m██[38;2;247;247;247m██[38;2;118;118;118m██[38;2;41;41;41m██      
    [38;2;0;0;0m██[38;2;247;247;247m██[38;2;247;247;247m██[38;2;247;247;247m██[38;2;247;247;247m██[38;2;118;118;118m██[38;2;118;118;118m██[38;2;118;118;118m██[38;2;210;210;210m██[38;2;210;210;210m██[38;2;210;210;210m██[38;2;210;210;210m██[38;2;210;210;210m██[38;2;210;210;210m██[38;2;210;210;210m██[38;2;210;210;210m██[38;2;41;41;41m██[38;2;175;175;175m██[38;2;210;210;210m██[38;2;41;41;41m██                                              [38;2;41;41;41m██[38;2;210;210;210m██[38;2;118;118;118m██[38;2;175;175;175m██[38;2;210;210;210m██[38;2;210;210;210m██[38;2;210;210;210m██[38;2;210;210;210m██[38;2;210;210;210m██[38;2;210;210;210m██[38;2;210;210;210m██[38;2;210;210;210m██[38;2;210;210;210m██[38;2;247;247;247m██[38;2;247;247;247m██[38;2;247;247;247m██[38;2;247;247;247m██[38;2;118;118;118m██[38;2;41;41;41m██          
      [38;2;0;0;0m██[38;2;247;247;247m██[38;2;247;247;247m██[38;2;247;247;247m██[38;2;247;247;247m██[38;2;210;210;210m██[38;2;210;210;210m██[38;2;118;118;118m██[38;2;175;175;175m██[38;2;210;210;210m██[38;2;210;210;210m██[38;2;210;210;210m██[38;2;210;210;210m██[38;2;210;210;210m██[38;2;210;210;210m██[38;2;41;41;41m██[38;2;175;175;175m██[38;2;210;210;210m██[38;2;41;41;41m██                              [38;2;118;118;118m██[38;2;118;118;118m██[38;2;41;41;41m██        [38;2;41;41;41m██[38;2;210;210;210m██[38;2;210;210;210m██[38;2;41;41;41m██[38;2;175;175;175m██[38;2;210;210;210m██[38;2;210;210;210m██[38;2;210;210;210m██[38;2;210;210;210m██[38;2;210;210;210m██[38;2;210;210;210m██[38;2;210;210;210m██[38;2;210;210;210m██[38;2;247;247;247m██[38;2;247;247;247m██[38;2;210;210;210m██[38;2;41;41;41m██[38;2;0;0;0m██[38;2;0;0;0m██[38;2;0;0;0m██[38;2;118;118;118m██[38;2;118;118;118m██[38;2;118;118;118m██    
        [38;2;0;0;0m██[38;2;247;247;247m██[38;2;247;247;247m██[38;2;247;247;247m██[38;2;247;247;247m██[38;2;210;210;210m██[38;2;210;210;210m██[38;2;210;210;210m██[38;2;210;210;210m██[38;2;210;210;210m██[38;2;210;210;210m██[38;2;210;210;210m██[38;2;210;210;210m██[38;2;210;210;210m██[38;2;41;41;41m██[38;2;175;175;175m██[38;2;210;210;210m██[38;2;0;0;0m██            [38;2;41;41;41m██          [38;2;118;118;118m██[38;2;118;118;118m██[38;2;118;118;118m██[38;2;175;175;175m██[38;2;175;175;175m██[38;2;0;0;0m██        [38;2;41;41;41m██[38;2;210;210;210m██[38;2;210;210;210m██[38;2;41;41;41m██[38;2;210;210;210m██[38;2;210;210;210m██[38;2;210;210;210m██[38;2;210;210;210m██[38;2;210;210;210m██[38;2;210;210;210m██[38;2;210;210;210m██[38;2;210;210;210m██[38;2;210;210;210m██[38;2;210;210;210m██[38;2;210;210;210m██[38;2;41;41;41m██[38;2;41;41;41m██[38;2;118;118;118m██[38;2;118;118;118m██[38;2;118;118;118m██[38;2;247;247;247m██[38;2;247;247;247m██[38;2;247;247;247m██[38;2;118;118;118m██  
        [38;2;41;41;41m██[38;2;0;0;0m██[38;2;0;0;0m██[38;2;210;210;210m██[38;2;247;247;247m██[38;2;247;247;247m██[38;2;210;210;210m██[38;2;210;210;210m██[38;2;210;210;210m██[38;2;210;210;210m██[38;2;210;210;210m██[38;2;210;210;210m██[38;2;210;210;210m██[38;2;210;210;210m██[38;2;118;118;118m██[38;2;175;175;175m██[38;2;210;210;210m██[38;2;0;0;0m██          [38;2;118;118;118m██[38;2;175;175;175m██[38;2;0;0;0m██    [38;2;118;118;118m██[38;2;118;118;118m██[38;2;247;247;247m██[38;2;210;210;210m██[38;2;175;175;175m██[38;2;175;175;175m██[38;2;0;0;0m██          [38;2;41;41;41m██[38;2;210;210;210m██[38;2;41;41;41m██[38;2;175;175;175m██[38;2;210;210;210m██[38;2;210;210;210m██[38;2;210;210;210m██[38;2;210;210;210m██[38;2;210;210;210m██[38;2;210;210;210m██[38;2;210;210;210m██[38;2;210;210;210m██[38;2;118;118;118m██[38;2;118;118;118m██[38;2;118;118;118m██[38;2;247;247;247m██[38;2;247;247;247m██[38;2;247;247;247m██[38;2;247;247;247m██[38;2;247;247;247m██[38;2;247;247;247m██[38;2;247;247;247m██[38;2;247;247;247m██[38;2;41;41;41m██  
      [38;2;41;41;41m██[38;2;247;247;247m██[38;2;247;247;247m██[38;2;247;247;247m██[38;2;0;0;0m██[38;2;0;0;0m██[38;2;210;210;210m██[38;2;210;210;210m██[38;2;210;210;210m██[38;2;210;210;210m██[38;2;210;210;210m██[38;2;210;210;210m██[38;2;210;210;210m██[38;2;210;210;210m██[38;2;210;210;210m██[38;2;175;175;175m██[38;2;175;175;175m██[38;2;210;210;210m██[38;2;0;0;0m██          [38;2;118;118;118m██[38;2;210;210;210m██[38;2;41;41;41m██  [38;2;41;41;41m██[38;2;247;247;247m██[38;2;210;210;210m██[38;2;175;175;175m██[38;2;175;175;175m██[38;2;175;175;175m██[38;2;0;0;0m██            [38;2;41;41;41m██[38;2;210;210;210m██[38;2;41;41;41m██[38;2;210;210;210m██[38;2;210;210;210m██[38;2;210;210;210m██[38;2;210;210;210m██[38;2;210;210;210m██[38;2;210;210;210m██[38;2;175;175;175m██[38;2;118;118;118m██[38;2;118;118;118m██[38;2;210;210;210m██[38;2;210;210;210m██[38;2;247;247;247m██[38;2;247;247;247m██[38;2;247;247;247m██[38;2;247;247;247m██[38;2;247;247;247m██[38;2;247;247;247m██[38;2;247;247;247m██[38;2;175;175;175m██[38;2;41;41;41m██    
      [38;2;0;0;0m██[38;2;247;247;247m██[38;2;247;247;247m██[38;2;247;247;247m██[38;2;247;247;247m██[38;2;118;118;118m██[38;2;41;41;41m██[38;2;41;41;41m██[38;2;210;210;210m██[38;2;210;210;210m██[38;2;210;210;210m██[38;2;210;210;210m██[38;2;210;210;210m██[38;2;210;210;210m██[38;2;210;210;210m██[38;2;175;175;175m██[38;2;175;175;175m██[38;2;210;210;210m██[38;2;0;0;0m██        [38;2;41;41;41m██[38;2;210;210;210m██[38;2;175;175;175m██[38;2;118;118;118m██[38;2;0;0;0m██[38;2;210;210;210m██[38;2;175;175;175m██[38;2;175;175;175m██[38;2;118;118;118m██[38;2;118;118;118m██[38;2;0;0;0m██            [38;2;0;0;0m██[38;2;210;210;210m██[38;2;210;210;210m██[38;2;41;41;41m██[38;2;210;210;210m██[38;2;210;210;210m██[38;2;210;210;210m██[38;2;210;210;210m██[38;2;210;210;210m██[38;2;210;210;210m██[38;2;210;210;210m██[38;2;210;210;210m██[38;2;210;210;210m██[38;2;210;210;210m██[38;2;247;247;247m██[38;2;247;247;247m██[38;2;247;247;247m██[38;2;247;247;247m██[38;2;247;247;247m██[38;2;175;175;175m██[38;2;41;41;41m██[38;2;0;0;0m██[38;2;0;0;0m██      
        [38;2;0;0;0m██[38;2;247;247;247m██[38;2;247;247;247m██[38;2;247;247;247m██[38;2;210;210;210m██[38;2;210;210;210m██[38;2;210;210;210m██[38;2;118;118;118m██[38;2;175;175;175m██[38;2;210;210;210m██[38;2;210;210;210m██[38;2;210;210;210m██[38;2;210;210;210m██[38;2;175;175;175m██[38;2;175;175;175m██[38;2;210;210;210m██[38;2;210;210;210m██[38;2;0;0;0m██        [38;2;41;41;41m██[38;2;175;175;175m██[38;2;175;175;175m██[38;2;0;0;0m██[38;2;175;175;175m██[38;2;118;118;118m██[38;2;118;118;118m██[38;2;118;118;118m██[38;2;41;41;41m██[38;2;41;41;41m██[38;2;0;0;0m██            [38;2;0;0;0m██[38;2;210;210;210m██[38;2;210;210;210m██[38;2;41;41;41m██[38;2;210;210;210m██[38;2;210;210;210m██[38;2;210;210;210m██[38;2;210;210;210m██[38;2;210;210;210m██[38;2;210;210;210m██[38;2;210;210;210m██[38;2;210;210;210m██[38;2;210;210;210m██[38;2;247;247;247m██[38;2;247;247;247m██[38;2;247;247;247m██[38;2;175;175;175m██[38;2;41;41;41m██[38;2;0;0;0m██[38;2;0;0;0m██            
          [38;2;0;0;0m██[38;2;247;247;247m██[38;2;247;247;247m██[38;2;247;247;247m██[38;2;210;210;210m██[38;2;210;210;210m██[38;2;210;210;210m██[38;2;210;210;210m██[38;2;210;210;210m██[38;2;210;210;210m██[38;2;210;210;210m██[38;2;210;210;210m██[38;2;175;175;175m██[38;2;175;175;175m██[38;2;210;210;210m██[38;2;0;0;0m██          [38;2;0;0;0m██[38;2;118;118;118m██[38;2;0;0;0m██[38;2;118;118;118m██[38;2;118;118;118m██[38;2;118;118;118m██[38;2;0;0;0m██[38;2;41;41;41m██[38;2;247;247;247m██[38;2;210;210;210m██[38;2;210;210;210m██[38;2;0;0;0m██[38;2;0;0;0m██[38;2;0;0;0m██      [38;2;0;0;0m██[38;2;210;210;210m██[38;2;41;41;41m██[38;2;175;175;175m██[38;2;210;210;210m██[38;2;210;210;210m██[38;2;210;210;210m██[38;2;210;210;210m██[38;2;210;210;210m██[38;2;210;210;210m██[38;2;210;210;210m██[38;2;210;210;210m██[38;2;210;210;210m██[38;2;175;175;175m██[38;2;41;41;41m██[38;2;0;0;0m██[38;2;0;0;0m██[38;2;41;41;41m██[38;2;41;41;41m██[38;2;118;118;118m██[38;2;118;118;118m██[38;2;118;118;118m██[38;2;118;118;118m██      
          [38;2;41;41;41m██[38;2;0;0;0m██[38;2;118;118;118m██[38;2;247;247;247m██[38;2;247;247;247m██[38;2;210;210;210m██[38;2;210;210;210m██[38;2;210;210;210m██[38;2;210;210;210m██[38;2;210;210;210m██[38;2;210;210;210m██[38;2;210;210;210m██[38;2;175;175;175m██[38;2;175;175;175m██[38;2;210;210;210m██[38;2;0;0;0m██          [38;2;0;0;0m██[38;2;118;118;118m██[38;2;0;0;0m██[38;2;118;118;118m██[38;2;0;0;0m██[38;2;41;41;41m██[38;2;175;175;175m██[38;2;210;210;210m██[38;2;210;210;210m██[38;2;175;175;175m██[38;2;175;175;175m██[38;2;175;175;175m██[38;2;175;175;175m██[38;2;118;118;118m██[38;2;0;0;0m██    [38;2;0;0;0m██[38;2;210;210;210m██[38;2;41;41;41m██[38;2;210;210;210m██[38;2;210;210;210m██[38;2;210;210;210m██[38;2;210;210;210m██[38;2;210;210;210m██[38;2;210;210;210m██[38;2;210;210;210m██[38;2;175;175;175m██[38;2;118;118;118m██[38;2;41;41;41m██[38;2;41;41;41m██[38;2;41;41;41m██[38;2;41;41;41m██[38;2;41;41;41m██[38;2;247;247;247m██[38;2;247;247;247m██[38;2;247;247;247m██[38;2;247;247;247m██[38;2;247;247;247m██[38;2;247;247;247m██[38;2;118;118;118m██    
        [38;2;41;41;41m██[38;2;247;247;247m██[38;2;247;247;247m██[38;2;0;0;0m██[38;2;0;0;0m██[38;2;41;41;41m██[38;2;210;210;210m██[38;2;210;210;210m██[38;2;210;210;210m██[38;2;210;210;210m██[38;2;210;210;210m██[38;2;210;210;210m██[38;2;210;210;210m██[38;2;175;175;175m██[38;2;175;175;175m██[38;2;210;210;210m██[38;2;0;0;0m██        [38;2;0;0;22m██[38;2;0;0;22m██[38;2;41;41;41m██[38;2;41;41;41m██[38;2;0;0;0m██[38;2;175;175;175m██[38;2;175;175;175m██[38;2;175;175;175m██[38;2;175;175;175m██[38;2;175;175;175m██[38;2;175;175;175m██[38;2;175;175;175m██[38;2;118;118;118m██[38;2;0;0;0m██[38;2;0;0;0m██      [38;2;41;41;41m██[38;2;210;210;210m██[38;2;41;41;41m██[38;2;210;210;210m██[38;2;210;210;210m██[38;2;210;210;210m██[38;2;210;210;210m██[38;2;210;210;210m██[38;2;210;210;210m██[38;2;210;210;210m██[38;2;210;210;210m██[38;2;210;210;210m██[38;2;210;210;210m██[38;2;247;247;247m██[38;2;247;247;247m██[38;2;247;247;247m██[38;2;247;247;247m██[38;2;247;247;247m██[38;2;247;247;247m██[38;2;247;247;247m██[38;2;247;247;247m██[38;2;247;247;247m██[38;2;247;247;247m██[38;2;41;41;41m██    
        [38;2;41;41;41m██[38;2;247;247;247m██[38;2;247;247;247m██[38;2;247;247;247m██[38;2;210;210;210m██[38;2;210;210;210m██[38;2;118;118;118m██[38;2;118;118;118m██[38;2;175;175;175m██[38;2;210;210;210m██[38;2;210;210;210m██[38;2;210;210;210m██[38;2;175;175;175m██[38;2;175;175;175m██[38;2;175;175;175m██[38;2;210;210;210m██[38;2;41;41;41m██      [38;2;0;0;0m██[38;2;62;61;127m██[38;2;62;61;127m██[38;2;62;61;127m██[38;2;0;0;0m██[38;2;41;41;41m██[38;2;41;41;41m██[38;2;189;41;57m██[38;2;0;0;0m██[38;2;118;118;118m██[38;2;41;41;41m██[38;2;0;0;0m██[38;2;0;0;0m██[38;2;0;0;0m██          [38;2;41;41;41m██[38;2;210;210;210m██[38;2;41;41;41m██[38;2;210;210;210m██[38;2;210;210;210m██[38;2;210;210;210m██[38;2;210;210;210m██[38;2;210;210;210m██[38;2;210;210;210m██[38;2;210;210;210m██[38;2;210;210;210m██[38;2;247;247;247m██[38;2;247;247;247m██[38;2;247;247;247m██[38;2;247;247;247m██[38;2;247;247;247m██[38;2;247;247;247m██[38;2;247;247;247m██[38;2;247;247;247m██[38;2;247;247;247m██[38;2;247;247;247m██[38;2;41;41;41m██[38;2;0;0;0m██      
          [38;2;0;0;0m██[38;2;247;247;247m██[38;2;247;247;247m██[38;2;247;247;247m██[38;2;210;210;210m██[38;2;210;210;210m██[38;2;210;210;210m██[38;2;210;210;210m██[38;2;175;175;175m██[38;2;175;175;175m██[38;2;175;175;175m██[38;2;175;175;175m██[38;2;175;175;175m██[38;2;175;175;175m██[38;2;210;210;210m██[38;2;175;175;175m██[38;2;41;41;41m██    [38;2;0;0;0m██[38;2;0;0;22m██[38;2;20;22;70m██[38;2;62;61;127m██[38;2;62;61;127m██[38;2;0;0;0m██[38;2;189;41;57m██[38;2;239;99;115m██[38;2;255;255;255m██[38;2;0;0;0m██[38;2;175;175;175m██[38;2;175;175;175m██[38;2;0;0;0m██          [38;2;0;0;0m██[38;2;210;210;210m██[38;2;210;210;210m██[38;2;41;41;41m██[38;2;210;210;210m██[38;2;210;210;210m██[38;2;210;210;210m██[38;2;210;210;210m██[38;2;210;210;210m██[38;2;210;210;210m██[38;2;210;210;210m██[38;2;210;210;210m██[38;2;210;210;210m██[38;2;210;210;210m██[38;2;210;210;210m██[38;2;210;210;210m██[38;2;247;247;247m██[38;2;247;247;247m██[38;2;41;41;41m██[38;2;41;41;41m██[38;2;0;0;0m██[38;2;0;0;0m██          
            [38;2;0;0;0m██[38;2;41;41;41m██[38;2;210;210;210m██[38;2;210;210;210m██[38;2;210;210;210m██[38;2;210;210;210m██[38;2;210;210;210m██[38;2;210;210;210m██[38;2;210;210;210m██[38;2;175;175;175m██[38;2;175;175;175m██[38;2;175;175;175m██[38;2;175;175;175m██[38;2;210;210;210m██[38;2;210;210;210m██[38;2;41;41;41m██        [38;2;0;0;22m██[38;2;154;75;44m██[38;2;62;61;127m██[38;2;0;0;0m██[38;2;0;0;0m██[38;2;189;41;57m██[38;2;255;255;255m██[38;2;175;175;175m██[38;2;210;210;210m██[38;2;175;175;175m██[38;2;0;0;0m██          [38;2;0;0;0m██[38;2;210;210;210m██[38;2;41;41;41m██[38;2;175;175;175m██[38;2;210;210;210m██[38;2;210;210;210m██[38;2;210;210;210m██[38;2;210;210;210m██[38;2;210;210;210m██[38;2;210;210;210m██[38;2;210;210;210m██[38;2;210;210;210m██[38;2;210;210;210m██[38;2;41;41;41m██[38;2;41;41;41m██[38;2;0;0;0m██[38;2;0;0;0m██[38;2;0;0;0m██                  
              [38;2;0;0;0m██[38;2;0;0;0m██[38;2;41;41;41m██[38;2;175;175;175m██[38;2;210;210;210m██[38;2;210;210;210m██[38;2;210;210;210m██[38;2;210;210;210m██[38;2;210;210;210m██[38;2;175;175;175m██[38;2;175;175;175m██[38;2;175;175;175m██[38;2;175;175;175m██[38;2;210;210;210m██[38;2;175;175;175m██[38;2;41;41;41m██  [38;2;0;0;0m██[38;2;0;0;22m██[38;2;154;75;44m██[38;2;154;75;44m██[38;2;20;22;70m██[38;2;0;0;0m██[38;2;210;210;210m██[38;2;210;210;210m██[38;2;210;210;210m██[38;2;210;210;210m██[38;2;210;210;210m██[38;2;210;210;210m██[38;2;0;0;0m██          [38;2;41;41;41m██[38;2;210;210;210m██[38;2;41;41;41m██[38;2;210;210;210m██[38;2;210;210;210m██[38;2;210;210;210m██[38;2;210;210;210m██[38;2;210;210;210m██[38;2;210;210;210m██[38;2;175;175;175m██[38;2;118;118;118m██[38;2;0;0;0m██[38;2;0;0;0m██                            
                [38;2;41;41;41m██[38;2;0;0;0m██[38;2;0;0;0m██[38;2;41;41;41m██[38;2;175;175;175m██[38;2;175;175;175m██[38;2;175;175;175m██[38;2;175;175;175m██[38;2;175;175;175m██[38;2;175;175;175m██[38;2;175;175;175m██[38;2;175;175;175m██[38;2;210;210;210m██[38;2;210;210;210m██[38;2;41;41;41m██  [38;2;0;0;0m██[38;2;62;61;127m██[38;2;62;61;127m██[38;2;62;61;127m██[38;2;0;0;0m██[38;2;210;210;210m██[38;2;210;210;210m██[38;2;210;210;210m██[38;2;210;210;210m██[38;2;210;210;210m██[38;2;210;210;210m██[38;2;210;210;210m██[38;2;0;0;0m██        [38;2;0;0;0m██[38;2;210;210;210m██[38;2;210;210;210m██[38;2;41;41;41m██[38;2;210;210;210m██[38;2;210;210;210m██[38;2;210;210;210m██[38;2;210;210;210m██[38;2;210;210;210m██[38;2;210;210;210m██[38;2;210;210;210m██[38;2;210;210;210m██[38;2;118;118;118m██[38;2;41;41;41m██[38;2;41;41;41m██[38;2;41;41;41m██                        
              [38;2;41;41;41m██[38;2;175;175;175m██[38;2;210;210;210m██[38;2;210;210;210m██[38;2;210;210;210m██[38;2;210;210;210m██[38;2;210;210;210m██[38;2;175;175;175m██[38;2;175;175;175m██[38;2;175;175;175m██[38;2;175;175;175m██[38;2;175;175;175m██[38;2;175;175;175m██[38;2;175;175;175m██[38;2;210;210;210m██[38;2;210;210;210m██[38;2;41;41;41m██[38;2;210;210;210m██[38;2;118;118;118m██[38;2;0;0;0m██[38;2;0;0;0m██[38;2;210;210;210m██[38;2;210;210;210m██[38;2;210;210;210m██[38;2;210;210;210m██[38;2;210;210;210m██[38;2;210;210;210m██[38;2;210;210;210m██[38;2;41;41;41m██        [38;2;41;41;41m██[38;2;210;210;210m██[38;2;210;210;210m██[38;2;175;175;175m██[38;2;41;41;41m██[38;2;210;210;210m██[38;2;210;210;210m██[38;2;210;210;210m██[38;2;210;210;210m██[38;2;210;210;210m██[38;2;210;210;210m██[38;2;210;210;210m██[38;2;210;210;210m██[38;2;210;210;210m██[38;2;210;210;210m██[38;2;210;210;210m██[38;2;210;210;210m██[38;2;41;41;41m██[38;2;41;41;41m██[38;2;118;118;118m██[38;2;118;118;118m██                
              [38;2;0;0;0m██[38;2;210;210;210m██[38;2;210;210;210m██[38;2;210;210;210m██[38;2;175;175;175m██[38;2;175;175;175m██[38;2;41;41;41m██[38;2;41;41;41m██[38;2;175;175;175m██[38;2;175;175;175m██[38;2;175;175;175m██[38;2;175;175;175m██[38;2;175;175;175m██[38;2;175;175;175m██[38;2;118;118;118m██[38;2;118;118;118m██[38;2;230;230;230m██[38;2;230;230;230m██[38;2;210;210;210m██[38;2;210;210;210m██[38;2;210;210;210m██[38;2;210;210;210m██[38;2;210;210;210m██[38;2;210;210;210m██[38;2;210;210;210m██[38;2;210;210;210m██[38;2;210;210;210m██[38;2;210;210;210m██[38;2;0;0;0m██    [38;2;41;41;41m██[38;2;41;41;41m██[38;2;210;210;210m██[38;2;210;210;210m██[38;2;175;175;175m██[38;2;41;41;41m██[38;2;210;210;210m██[38;2;210;210;210m██[38;2;210;210;210m██[38;2;210;210;210m██[38;2;210;210;210m██[38;2;210;210;210m██[38;2;210;210;210m██[38;2;210;210;210m██[38;2;210;210;210m██[38;2;210;210;210m██[38;2;247;247;247m██[38;2;247;247;247m██[38;2;247;247;247m██[38;2;247;247;247m██[38;2;247;247;247m██[38;2;247;247;247m██[38;2;247;247;247m██[38;2;118;118;118m██              
                [38;2;0;0;0m██[38;2;0;0;0m██[38;2;0;0;0m██[38;2;41;41;41m██[38;2;41;41;41m██[38;2;210;210;210m██[38;2;210;210;210m██[38;2;210;210;210m██[38;2;175;175;175m██[38;2;175;175;175m██[38;2;175;175;175m██[38;2;175;175;175m██[38;2;118;118;118m██[38;2;230;230;230m██[38;2;230;230;230m██[38;2;230;230;230m██[38;2;230;230;230m██[38;2;230;230;230m██[38;2;230;230;230m██[38;2;210;210;210m██[38;2;210;210;210m██[38;2;210;210;210m██[38;2;210;210;210m██[38;2;210;210;210m██[38;2;210;210;210m██[38;2;210;210;210m██[38;2;210;210;210m██[38;2;0;0;0m██[38;2;41;41;41m██[38;2;41;41;41m██[38;2;210;210;210m██[38;2;210;210;210m██[38;2;210;210;210m██[38;2;41;41;41m██[38;2;41;41;41m██[38;2;210;210;210m██[38;2;210;210;210m██[38;2;210;210;210m██[38;2;210;210;210m██[38;2;210;210;210m██[38;2;175;175;175m██[38;2;175;175;175m██[38;2;175;175;175m██[38;2;210;210;210m██[38;2;210;210;210m██[38;2;210;210;210m██[38;2;210;210;210m██[38;2;210;210;210m██[38;2;247;247;247m██[38;2;247;247;247m██[38;2;247;247;247m██[38;2;247;247;247m██[38;2;175;175;175m██[38;2;41;41;41m██              
                  [38;2;41;41;41m██[38;2;41;41;41m██[38;2;210;210;210m██[38;2;210;210;210m██[38;2;210;210;210m██[38;2;175;175;175m██[38;2;175;175;175m██[38;2;175;175;175m██[38;2;175;175;175m██[38;2;175;175;175m██[38;2;118;118;118m██[38;2;230;230;230m██[38;2;230;230;230m██[38;2;230;230;230m██[38;2;230;230;230m██[38;2;230;230;230m██[38;2;230;230;230m██[38;2;230;230;230m██[38;2;175;175;175m██[38;2;210;210;210m██[38;2;210;210;210m██[38;2;210;210;210m██[38;2;210;210;210m██[38;2;210;210;210m██[38;2;210;210;210m██[38;2;118;118;118m██[38;2;118;118;118m██[38;2;210;210;210m██[38;2;210;210;210m██[38;2;210;210;210m██[38;2;41;41;41m██[38;2;41;41;41m██[38;2;175;175;175m██[38;2;210;210;210m██[38;2;210;210;210m██[38;2;210;210;210m██[38;2;210;210;210m██[38;2;210;210;210m██[38;2;210;210;210m██[38;2;210;210;210m██[38;2;41;41;41m██[38;2;0;0;0m██[38;2;0;0;0m██[38;2;0;0;0m██[38;2;41;41;41m██[38;2;175;175;175m██[38;2;175;175;175m██[38;2;175;175;175m██[38;2;175;175;175m██[38;2;175;175;175m██[38;2;41;41;41m██[38;2;0;0;0m██                
                [38;2;41;41;41m██[38;2;175;175;175m██[38;2;210;210;210m██[38;2;210;210;210m██[38;2;175;175;175m██[38;2;175;175;175m██[38;2;41;41;41m██[38;2;175;175;175m██[38;2;175;175;175m██[38;2;175;175;175m██[38;2;118;118;118m██[38;2;230;230;230m██[38;2;230;230;230m██[38;2;230;230;230m██[38;2;230;230;230m██[38;2;230;230;230m██[38;2;230;230;230m██[38;2;230;230;230m██[38;2;230;230;230m██[38;2;0;0;0m██[38;2;210;210;210m██[38;2;210;210;210m██[38;2;210;210;210m██[38;2;210;210;210m██[38;2;210;210;210m██[38;2;118;118;118m██[38;2;210;210;210m██[38;2;210;210;210m██[38;2;210;210;210m██[38;2;41;41;41m██[38;2;41;41;41m██[38;2;118;118;118m██[38;2;175;175;175m██[38;2;175;175;175m██[38;2;210;210;210m██[38;2;210;210;210m██[38;2;210;210;210m██[38;2;210;210;210m██[38;2;210;210;210m██[38;2;210;210;210m██[38;2;210;210;210m██[38;2;210;210;210m██[38;2;41;41;41m██[38;2;41;41;41m██    [38;2;0;0;0m██[38;2;0;0;0m██[38;2;0;0;0m██[38;2;0;0;0m██[38;2;0;0;0m██                    
                [38;2;0;0;0m██[38;2;175;175;175m██[38;2;175;175;175m██[38;2;175;175;175m██[38;2;0;0;0m██[38;2;41;41;41m██[38;2;175;175;175m██[38;2;175;175;175m██[38;2;175;175;175m██[38;2;175;175;175m██[38;2;210;210;210m██[38;2;230;230;230m██[38;2;230;230;230m██[38;2;230;230;230m██[38;2;230;230;230m██[38;2;230;230;230m██[38;2;230;230;230m██[38;2;230;230;230m██[38;2;230;230;230m██[38;2;175;175;175m██[38;2;210;210;210m██[38;2;210;210;210m██[38;2;210;210;210m██[38;2;210;210;210m██[38;2;175;175;175m██[38;2;210;210;210m██[38;2;210;210;210m██[38;2;41;41;41m██[38;2;41;41;41m██[38;2;118;118;118m██[38;2;175;175;175m██[38;2;175;175;175m██[38;2;175;175;175m██[38;2;175;175;175m██[38;2;175;175;175m██[38;2;210;210;210m██[38;2;210;210;210m██[38;2;175;175;175m██[38;2;210;210;210m██[38;2;210;210;210m██[38;2;210;210;210m██[38;2;210;210;210m██[38;2;210;210;210m██[38;2;210;210;210m██[38;2;41;41;41m██[38;2;41;41;41m██[38;2;41;41;41m██                            
                  [38;2;0;0;0m██[38;2;0;0;0m██[38;2;0;0;0m██[38;2;41;41;41m██[38;2;175;175;175m██[38;2;175;175;175m██[38;2;175;175;175m██[38;2;175;175;175m██[38;2;118;118;118m██[38;2;230;230;230m██[38;2;230;230;230m██[38;2;230;230;230m██[38;2;230;230;230m██[38;2;230;230;230m██[38;2;230;230;230m██[38;2;230;230;230m██[38;2;230;230;230m██[38;2;230;230;230m██[38;2;247;247;247m██[38;2;175;175;175m██[38;2;210;210;210m██[38;2;210;210;210m██[38;2;210;210;210m██[38;2;210;210;210m██[38;2;41;41;41m██[38;2;118;118;118m██[38;2;118;118;118m██[38;2;175;175;175m██[38;2;175;175;175m██[38;2;175;175;175m██[38;2;210;210;210m██[38;2;175;175;175m██[38;2;210;210;210m██[38;2;175;175;175m██[38;2;210;210;210m██[38;2;210;210;210m██[38;2;210;210;210m██[38;2;175;175;175m██[38;2;0;0;0m██[38;2;210;210;210m██[38;2;210;210;210m██[38;2;210;210;210m██[38;2;210;210;210m██[38;2;210;210;210m██[38;2;210;210;210m██[38;2;210;210;210m██[38;2;41;41;41m██                          
                      [38;2;0;0;0m██[38;2;175;175;175m██[38;2;175;175;175m██[38;2;175;175;175m██[38;2;41;41;41m██[38;2;175;175;175m██[38;2;118;118;118m██[38;2;230;230;230m██[38;2;230;230;230m██[38;2;230;230;230m██[38;2;230;230;230m██[38;2;230;230;230m██[38;2;230;230;230m██[38;2;230;230;230m██[38;2;230;230;230m██[38;2;230;230;230m██[38;2;247;247;247m██[38;2;175;175;175m██[38;2;210;210;210m██[38;2;210;210;210m██[38;2;210;210;210m██[38;2;118;118;118m██[38;2;175;175;175m██[38;2;175;175;175m██[38;2;175;175;175m██[38;2;175;175;175m██[38;2;175;175;175m██[38;2;175;175;175m██[38;2;210;210;210m██[38;2;210;210;210m██[38;2;175;175;175m██[38;2;210;210;210m██[38;2;175;175;175m██[38;2;210;210;210m██[38;2;210;210;210m██[38;2;210;210;210m██[38;2;175;175;175m██[38;2;0;0;0m██[38;2;0;0;0m██[38;2;41;41;41m██[38;2;210;210;210m██[38;2;210;210;210m██[38;2;210;210;210m██[38;2;210;210;210m██[38;2;0;0;0m██                          
                      [38;2;0;0;0m██[38;2;175;175;175m██[38;2;175;175;175m██[38;2;41;41;41m██[38;2;175;175;175m██[38;2;175;175;175m██[38;2;210;210;210m██[38;2;230;230;230m██[38;2;230;230;230m██[38;2;230;230;230m██[38;2;230;230;230m██[38;2;230;230;230m██[38;2;230;230;230m██[38;2;230;230;230m██[38;2;230;230;230m██[38;2;247;247;247m██[38;2;247;247;247m██[38;2;41;41;41m██[38;2;210;210;210m██[38;2;210;210;210m██[38;2;210;210;210m██[38;2;118;118;118m██[38;2;175;175;175m██[38;2;175;175;175m██[38;2;175;175;175m██[38;2;175;175;175m██[38;2;175;175;175m██[38;2;175;175;175m██[38;2;210;210;210m██[38;2;210;210;210m██[38;2;175;175;175m██[38;2;210;210;210m██[38;2;175;175;175m██[38;2;175;175;175m██[38;2;210;210;210m██[38;2;210;210;210m██[38;2;210;210;210m██[38;2;210;210;210m██[38;2;175;175;175m██[38;2;41;41;41m██[38;2;0;0;0m██[38;2;0;0;0m██[38;2;0;0;0m██[38;2;0;0;0m██                            
                        [38;2;0;0;0m██[38;2;0;0;0m██[38;2;41;41;41m██[38;2;175;175;175m██[38;2;118;118;118m██[38;2;230;230;230m██[38;2;230;230;230m██[38;2;230;230;230m██[38;2;230;230;230m██[38;2;230;230;230m██[38;2;230;230;230m██[38;2;247;247;247m██[38;2;230;230;230m██[38;2;230;230;230m██[38;2;247;247;247m██[38;2;247;247;247m██[38;2;0;0;0m██[38;2;210;210;210m██[38;2;210;210;210m██[38;2;210;210;210m██[38;2;175;175;175m██[38;2;175;175;175m██[38;2;175;175;175m██[38;2;175;175;175m██[38;2;175;175;175m██[38;2;210;210;210m██[38;2;175;175;175m██[38;2;175;175;175m██[38;2;210;210;210m██[38;2;41;41;41m██[38;2;175;175;175m██[38;2;210;210;210m██[38;2;175;175;175m██[38;2;0;0;0m██[38;2;210;210;210m██[38;2;210;210;210m██[38;2;210;210;210m██[38;2;210;210;210m██[38;2;210;210;210m██[38;2;41;41;41m██                                  
                            [38;2;0;0;0m██[38;2;175;175;175m██[38;2;118;118;118m██[38;2;230;230;230m██[38;2;230;230;230m██[38;2;230;230;230m██[38;2;230;230;230m██[38;2;230;230;230m██[38;2;247;247;247m██[38;2;230;230;230m██[38;2;230;230;230m██[38;2;230;230;230m██[38;2;247;247;247m██[38;2;247;247;247m██[38;2;0;0;0m██[38;2;210;210;210m██[38;2;210;210;210m██[38;2;175;175;175m██[38;2;175;175;175m██[38;2;175;175;175m██[38;2;175;175;175m██[38;2;175;175;175m██[38;2;175;175;175m██[38;2;210;210;210m██[38;2;175;175;175m██[38;2;175;175;175m██[38;2;210;210;210m██[38;2;210;210;210m██[38;2;41;41;41m██[38;2;210;210;210m██[38;2;210;210;210m██[38;2;175;175;175m██[38;2;0;0;0m██[38;2;41;41;41m██[38;2;210;210;210m██[38;2;210;210;210m██[38;2;210;210;210m██[38;2;41;41;41m██                                  
                              [38;2;0;0;0m██[38;2;0;0;0m██[38;2;230;230;230m██[38;2;247;247;247m██[38;2;230;230;230m██[38;2;230;230;230m██[38;2;230;230;230m██[38;2;247;247;247m██[38;2;230;230;230m██[38;2;230;230;230m██[38;2;247;247;247m██[38;2;247;247;247m██[38;2;247;247;247m██[38;2;0;0;0m██[38;2;210;210;210m██[38;2;210;210;210m██[38;2;175;175;175m██[38;2;175;175;175m██[38;2;175;175;175m██[38;2;175;175;175m██[38;2;175;175;175m██[38;2;118;118;118m██[38;2;210;210;210m██[38;2;210;210;210m██[38;2;175;175;175m██[38;2;210;210;210m██[38;2;210;210;210m██[38;2;0;0;0m██[38;2;175;175;175m██[38;2;210;210;210m██[38;2;210;210;210m██[38;2;41;41;41m██  [38;2;0;0;0m██[38;2;0;0;0m██[38;2;0;0;0m██      [38;2;41;41;41m██[38;2;41;41;41m██[38;2;41;41;41m██[38;2;41;41;41m██[38;2;41;41;41m██                    
                                [38;2;0;0;0m██[38;2;247;247;247m██[38;2;247;247;247m██[38;2;230;230;230m██[38;2;230;230;230m██[38;2;247;247;247m██[38;2;247;247;247m██[38;2;230;230;230m██[38;2;230;230;230m██[38;2;247;247;247m██[38;2;247;247;247m██[38;2;247;247;247m██[38;2;0;0;0m██[38;2;210;210;210m██[38;2;175;175;175m██[38;2;175;175;175m██[38;2;175;175;175m██[38;2;175;175;175m██[38;2;175;175;175m██[38;2;175;175;175m██[38;2;118;118;118m██[38;2;210;210;210m██[38;2;210;210;210m██[38;2;175;175;175m██[38;2;175;175;175m██[38;2;210;210;210m██[38;2;210;210;210m██[38;2;0;0;0m██[38;2;210;210;210m██[38;2;210;210;210m██[38;2;41;41;41m██        [38;2;41;41;41m██[38;2;41;41;41m██[38;2;41;41;41m██[38;2;210;210;210m██[38;2;210;210;210m██[38;2;210;210;210m██[38;2;210;210;210m██[38;2;210;210;210m██[38;2;41;41;41m██[38;2;0;0;0m██[38;2;0;0;0m██              
                                [38;2;0;0;0m██[38;2;247;247;247m██[38;2;247;247;247m██[38;2;247;247;247m██[38;2;230;230;230m██[38;2;247;247;247m██[38;2;247;247;247m██[38;2;230;230;230m██[38;2;247;247;247m██[38;2;247;247;247m██[38;2;247;247;247m██[38;2;247;247;247m██[38;2;41;41;41m██[38;2;175;175;175m██[38;2;175;175;175m██[38;2;175;175;175m██[38;2;175;175;175m██[38;2;175;175;175m██[38;2;41;41;41m██[38;2;175;175;175m██[38;2;175;175;175m██[38;2;118;118;118m██[38;2;210;210;210m██[38;2;210;210;210m██[38;2;41;41;41m██[38;2;210;210;210m██[38;2;210;210;210m██[38;2;41;41;41m██[38;2;0;0;0m██[38;2;0;0;0m██      [38;2;41;41;41m██[38;2;41;41;41m██[38;2;175;175;175m██[38;2;210;210;210m██[38;2;210;210;210m██[38;2;210;210;210m██[38;2;210;210;210m██[38;2;210;210;210m██[38;2;175;175;175m██[38;2;175;175;175m██[38;2;175;175;175m██[38;2;175;175;175m██[38;2;175;175;175m██[38;2;41;41;41m██[38;2;0;0;0m██          
                                  [38;2;41;41;41m██[38;2;247;247;247m██[38;2;247;247;247m██[38;2;230;230;230m██[38;2;247;247;247m██[38;2;247;247;247m██[38;2;247;247;247m██[38;2;247;247;247m██[38;2;247;247;247m██[38;2;247;247;247m██[38;2;118;118;118m██[38;2;175;175;175m██[38;2;175;175;175m██[38;2;175;175;175m██[38;2;175;175;175m██[38;2;175;175;175m██[38;2;175;175;175m██[38;2;41;41;41m██[38;2;175;175;175m██[38;2;175;175;175m██[38;2;118;118;118m██[38;2;210;210;210m██[38;2;210;210;210m██[38;2;41;41;41m██[38;2;41;41;41m██[38;2;41;41;41m██        [38;2;41;41;41m██[38;2;41;41;41m██[38;2;118;118;118m██[38;2;210;210;210m██[38;2;210;210;210m██[38;2;210;210;210m██[38;2;210;210;210m██[38;2;210;210;210m██[38;2;210;210;210m██[38;2;175;175;175m██[38;2;118;118;118m██[38;2;118;118;118m██[38;2;118;118;118m██[38;2;118;118;118m██[38;2;118;118;118m██[38;2;175;175;175m██[38;2;175;175;175m██[38;2;0;0;0m██        
                                  [38;2;0;0;0m██[38;2;247;247;247m██[38;2;247;247;247m██[38;2;247;247;247m██[38;2;247;247;247m██[38;2;247;247;247m██[38;2;247;247;247m██[38;2;247;247;247m██[38;2;247;247;247m██[38;2;247;247;247m██[38;2;0;0;0m██[38;2;175;175;175m██[38;2;175;175;175m██[38;2;118;118;118m██[38;2;210;210;210m██[38;2;210;210;210m██[38;2;210;210;210m██[38;2;118;118;118m██[38;2;41;41;41m██[38;2;175;175;175m██[38;2;175;175;175m██[38;2;41;41;41m██[38;2;41;41;41m██          [38;2;41;41;41m██[38;2;41;41;41m██[38;2;210;210;210m██[38;2;118;118;118m██[38;2;210;210;210m██[38;2;210;210;210m██[38;2;210;210;210m██[38;2;210;210;210m██[38;2;210;210;210m██[38;2;118;118;118m██[38;2;118;118;118m██[38;2;118;118;118m██[38;2;210;210;210m██[38;2;210;210;210m██[38;2;210;210;210m██[38;2;175;175;175m██[38;2;175;175;175m██[38;2;118;118;118m██[38;2;118;118;118m██[38;2;175;175;175m██[38;2;0;0;0m██      
                                    [38;2;0;0;0m██[38;2;247;247;247m██[38;2;247;247;247m██[38;2;247;247;247m██[38;2;247;247;247m██[38;2;247;247;247m██[38;2;247;247;247m██[38;2;247;247;247m██[38;2;0;0;0m██[38;2;175;175;175m██[38;2;175;175;175m██[38;2;41;41;41m██[38;2;210;210;210m██[38;2;210;210;210m██[38;2;210;210;210m██[38;2;210;210;210m██[38;2;210;210;210m██[38;2;118;118;118m██[38;2;0;0;0m██[38;2;0;0;0m██            [38;2;41;41;41m██[38;2;210;210;210m██[38;2;210;210;210m██[38;2;118;118;118m██[38;2;210;210;210m██[38;2;210;210;210m██[38;2;210;210;210m██[38;2;210;210;210m██[38;2;118;118;118m██[38;2;175;175;175m██[38;2;210;210;210m██[38;2;210;210;210m██[38;2;210;210;210m██[38;2;210;210;210m██[38;2;175;175;175m██[38;2;175;175;175m██[38;2;175;175;175m██[38;2;175;175;175m██[38;2;175;175;175m██[38;2;175;175;175m██[38;2;118;118;118m██[38;2;41;41;41m██      
                                    [38;2;41;41;41m██[38;2;0;0;0m██[38;2;247;247;247m██[38;2;247;247;247m██[38;2;247;247;247m██[38;2;247;247;247m██[38;2;247;247;247m██[38;2;118;118;118m██[38;2;175;175;175m██[38;2;175;175;175m██[38;2;175;175;175m██[38;2;118;118;118m██[38;2;210;210;210m██[38;2;210;210;210m██[38;2;210;210;210m██[38;2;210;210;210m██[38;2;210;210;210m██[38;2;210;210;210m██[38;2;41;41;41m██            [38;2;41;41;41m██[38;2;210;210;210m██[38;2;175;175;175m██[38;2;118;118;118m██[38;2;210;210;210m██[38;2;210;210;210m██[38;2;210;210;210m██[38;2;210;210;210m██[38;2;175;175;175m██[38;2;210;210;210m██[38;2;210;210;210m██[38;2;210;210;210m██[38;2;210;210;210m██[38;2;175;175;175m██[38;2;175;175;175m██[38;2;175;175;175m██[38;2;175;175;175m██[38;2;175;175;175m██[38;2;175;175;175m██[38;2;175;175;175m██[38;2;175;175;175m██[38;2;175;175;175m██[38;2;118;118;118m██[38;2;0;0;0m██    
                                    [38;2;41;41;41m██[38;2;210;210;210m██[38;2;0;0;0m██[38;2;247;247;247m██[38;2;247;247;247m██[38;2;247;247;247m██[38;2;247;247;247m██[38;2;0;0;0m██[38;2;175;175;175m██[38;2;175;175;175m██[38;2;41;41;41m██[38;2;210;210;210m██[38;2;210;210;210m██[38;2;210;210;210m██[38;2;210;210;210m██[38;2;210;210;210m██[38;2;210;210;210m██[38;2;210;210;210m██[38;2;41;41;41m██          [38;2;41;41;41m██[38;2;175;175;175m██[38;2;118;118;118m██[38;2;118;118;118m██[38;2;210;210;210m██[38;2;175;175;175m██[38;2;210;210;210m██[38;2;175;175;175m██[38;2;118;118;118m██[38;2;210;210;210m██[38;2;210;210;210m██[38;2;210;210;210m██[38;2;210;210;210m██[38;2;175;175;175m██[38;2;175;175;175m██[38;2;175;175;175m██[38;2;41;41;41m██[38;2;0;0;0m██[38;2;0;0;0m██[38;2;0;0;0m██[38;2;41;41;41m██[38;2;118;118;118m██[38;2;175;175;175m██[38;2;175;175;175m██[38;2;0;0;0m██    
                                    [38;2;41;41;41m██[38;2;210;210;210m██[38;2;0;0;0m██[38;2;247;247;247m██[38;2;247;247;247m██[38;2;247;247;247m██[38;2;0;0;0m██[38;2;175;175;175m██[38;2;175;175;175m██[38;2;175;175;175m██[38;2;41;41;41m██[38;2;210;210;210m██[38;2;210;210;210m██[38;2;210;210;210m██[38;2;210;210;210m██[38;2;210;210;210m██[38;2;210;210;210m██[38;2;210;210;210m██[38;2;175;175;175m██[38;2;41;41;41m██      [38;2;41;41;41m██[38;2;41;41;41m██[38;2;118;118;118m██[38;2;175;175;175m██[38;2;175;175;175m██[38;2;175;175;175m██[38;2;175;175;175m██[38;2;175;175;175m██[38;2;118;118;118m██[38;2;210;210;210m██[38;2;210;210;210m██[38;2;210;210;210m██[38;2;175;175;175m██[38;2;175;175;175m██[38;2;41;41;41m██[38;2;0;0;0m██[38;2;0;0;0m██[38;2;41;41;41m██[38;2;118;118;118m██[38;2;118;118;118m██[38;2;41;41;41m██[38;2;118;118;118m██[38;2;0;0;0m██[38;2;118;118;118m██[38;2;175;175;175m██[38;2;41;41;41m██    
                                    [38;2;41;41;41m██[38;2;210;210;210m██[38;2;210;210;210m██[38;2;0;0;0m██[38;2;247;247;247m██[38;2;0;0;0m██[38;2;175;175;175m██[38;2;175;175;175m██[38;2;175;175;175m██[38;2;175;175;175m██[38;2;118;118;118m██[38;2;210;210;210m██[38;2;210;210;210m██[38;2;210;210;210m██[38;2;210;210;210m██[38;2;210;210;210m██[38;2;210;210;210m██[38;2;175;175;175m██[38;2;175;175;175m██[38;2;41;41;41m██[38;2;41;41;41m██[38;2;41;41;41m██[38;2;41;41;41m██[38;2;118;118;118m██[38;2;118;118;118m██[38;2;175;175;175m██[38;2;175;175;175m██[38;2;175;175;175m██[38;2;175;175;175m██[38;2;118;118;118m██[38;2;118;118;118m██[38;2;175;175;175m██[38;2;210;210;210m██[38;2;175;175;175m██[38;2;175;175;175m██[38;2;41;41;41m██[38;2;0;0;0m██  [38;2;0;0;0m██[38;2;118;118;118m██[38;2;41;41;41m██[38;2;118;118;118m██[38;2;118;118;118m██[38;2;118;118;118m██[38;2;41;41;41m██[38;2;118;118;118m██[38;2;41;41;41m██[38;2;118;118;118m██[38;2;175;175;175m██[38;2;0;0;0m██  
                                      [38;2;41;41;41m██[38;2;210;210;210m██[38;2;175;175;175m██[38;2;0;0;0m██[38;2;0;0;0m██[38;2;175;175;175m██[38;2;175;175;175m██[38;2;175;175;175m██[38;2;175;175;175m██[38;2;118;118;118m██[38;2;175;175;175m██[38;2;210;210;210m██[38;2;210;210;210m██[38;2;210;210;210m██[38;2;210;210;210m██[38;2;175;175;175m██[38;2;175;175;175m██[38;2;175;175;175m██[38;2;0;0;0m██[38;2;118;118;118m██[38;2;118;118;118m██[38;2;118;118;118m██[38;2;118;118;118m██[38;2;175;175;175m██[38;2;175;175;175m██[38;2;175;175;175m██[38;2;118;118;118m██[38;2;118;118;118m██[38;2;175;175;175m██[38;2;175;175;175m██[38;2;175;175;175m██[38;2;175;175;175m██[38;2;175;175;175m██[38;2;0;0;0m██      [38;2;41;41;41m██[38;2;118;118;118m██[38;2;41;41;41m██[38;2;118;118;118m██[38;2;118;118;118m██[38;2;118;118;118m██[38;2;41;41;41m██[38;2;118;118;118m██[38;2;118;118;118m██[38;2;41;41;41m██[38;2;175;175;175m██[38;2;0;0;0m██  
                                      [38;2;0;0;0m██[38;2;175;175;175m██[38;2;175;175;175m██[38;2;175;175;175m██[38;2;175;175;175m██[38;2;41;41;41m██[38;2;41;41;41m██[38;2;175;175;175m██[38;2;175;175;175m██[38;2;118;118;118m██[38;2;175;175;175m██[38;2;175;175;175m██[38;2;175;175;175m██[38;2;175;175;175m██[38;2;175;175;175m██[38;2;175;175;175m██[38;2;175;175;175m██[38;2;175;175;175m██[38;2;0;0;0m██[38;2;118;118;118m██[38;2;118;118;118m██[38;2;118;118;118m██[38;2;118;118;118m██[38;2;118;118;118m██[38;2;118;118;118m██[38;2;118;118;118m██[38;2;175;175;175m██[38;2;175;175;175m██[38;2;175;175;175m██[38;2;175;175;175m██[38;2;175;175;175m██[38;2;0;0;0m██[38;2;0;0;0m██        [38;2;41;41;41m██[38;2;118;118;118m██[38;2;41;41;41m██[38;2;118;118;118m██[38;2;118;118;118m██[38;2;118;118;118m██[38;2;41;41;41m██[38;2;118;118;118m██[38;2;118;118;118m██[38;2;41;41;41m██[38;2;175;175;175m██[38;2;0;0;0m██  
                                        [38;2;0;0;0m██[38;2;175;175;175m██[38;2;175;175;175m██[38;2;175;175;175m██[38;2;175;175;175m██[38;2;118;118;118m██[38;2;0;0;0m██[38;2;0;0;0m██[38;2;41;41;41m██[38;2;118;118;118m██[38;2;175;175;175m██[38;2;175;175;175m██[38;2;175;175;175m██[38;2;175;175;175m██[38;2;175;175;175m██[38;2;175;175;175m██[38;2;175;175;175m██[38;2;0;0;0m██[38;2;118;118;118m██[38;2;118;118;118m██[38;2;118;118;118m██[38;2;118;118;118m██[38;2;118;118;118m██[38;2;175;175;175m██[38;2;175;175;175m██[38;2;175;175;175m██[38;2;118;118;118m██[38;2;118;118;118m██[38;2;0;0;0m██[38;2;0;0;0m██            [38;2;118;118;118m██[38;2;118;118;118m██[38;2;41;41;41m██[38;2;118;118;118m██[38;2;118;118;118m██[38;2;118;118;118m██[38;2;41;41;41m██[38;2;118;118;118m██[38;2;118;118;118m██[38;2;41;41;41m██[38;2;175;175;175m██[38;2;0;0;0m██  
                                          [38;2;0;0;0m██[38;2;0;0;0m██[38;2;118;118;118m██[38;2;118;118;118m██[38;2;0;0;0m██[38;2;0;0;0m██    [38;2;41;41;41m██[38;2;175;175;175m██[38;2;175;175;175m██[38;2;175;175;175m██[38;2;175;175;175m██[38;2;175;175;175m██[38;2;175;175;175m██[38;2;0;0;0m██  [38;2;0;0;0m██[38;2;0;0;0m██[38;2;118;118;118m██[38;2;118;118;118m██[38;2;118;118;118m██[38;2;118;118;118m██[38;2;118;118;118m██[38;2;0;0;0m██[38;2;0;0;0m██[38;2;0;0;0m██              [38;2;41;41;41m██[38;2;118;118;118m██[38;2;41;41;41m██[38;2;118;118;118m██[38;2;118;118;118m██[38;2;118;118;118m██[38;2;118;118;118m██[38;2;41;41;41m██[38;2;118;118;118m██[38;2;118;118;118m██[38;2;118;118;118m██[38;2;118;118;118m██[38;2;0;0;0m██  
                            [38;2;118;118;118m██[38;2;118;118;118m██[38;2;118;118;118m██[38;2;118;118;118m██[38;2;118;118;118m██[38;2;41;41;41m██[38;2;41;41;41m██[38;2;41;41;41m██[38;2;41;41;41m██[38;2;0;0;22m██[38;2;20;22;70m██[38;2;20;22;70m██[38;2;0;0;0m██[38;2;41;41;41m██[38;2;41;41;41m██  [38;2;0;0;0m██[38;2;41;41;41m██[38;2;175;175;175m██[38;2;175;175;175m██[38;2;175;175;175m██[38;2;118;118;118m██[38;2;0;0;0m██      [38;2;0;0;0m██[38;2;0;0;0m██[38;2;0;0;0m██[38;2;0;0;0m██[38;2;0;0;0m██                  [38;2;41;41;41m██[38;2;118;118;118m██[38;2;175;175;175m██[38;2;41;41;41m██[38;2;118;118;118m██[38;2;118;118;118m██[38;2;118;118;118m██[38;2;41;41;41m██[38;2;118;118;118m██[38;2;118;118;118m██[38;2;118;118;118m██[38;2;118;118;118m██[38;2;41;41;41m██    
                  [38;2;118;118;118m██[38;2;118;118;118m██[38;2;118;118;118m██[38;2;118;118;118m██[38;2;118;118;118m██[38;2;175;175;175m██[38;2;175;175;175m██[38;2;175;175;175m██[38;2;175;175;175m██[38;2;175;175;175m██[38;2;175;175;175m██[38;2;175;175;175m██[38;2;175;175;175m██[38;2;175;175;175m██[38;2;0;0;0m██[38;2;20;22;70m██[38;2;20;22;70m██[38;2;0;0;0m██[38;2;175;175;175m██[38;2;175;175;175m██[38;2;41;41;41m██[38;2;41;41;41m██[38;2;41;41;41m██[38;2;0;0;0m██[38;2;0;0;0m██[38;2;0;0;0m██[38;2;0;0;0m██                              [38;2;0;0;0m██[38;2;0;0;0m██[38;2;41;41;41m██[38;2;175;175;175m██[38;2;175;175;175m██[38;2;118;118;118m██[38;2;118;118;118m██[38;2;118;118;118m██[38;2;118;118;118m██[38;2;118;118;118m██[38;2;41;41;41m██[38;2;118;118;118m██[38;2;118;118;118m██[38;2;118;118;118m██[38;2;118;118;118m██[38;2;0;0;0m██    
            [38;2;118;118;118m██[38;2;118;118;118m██[38;2;118;118;118m██[38;2;175;175;175m██[38;2;175;175;175m██[38;2;175;175;175m██[38;2;175;175;175m██[38;2;175;175;175m██[38;2;175;175;175m██[38;2;175;175;175m██[38;2;175;175;175m██[38;2;175;175;175m██[38;2;175;175;175m██[38;2;175;175;175m██[38;2;175;175;175m██[38;2;175;175;175m██[38;2;175;175;175m██[38;2;175;175;175m██[38;2;0;0;0m██[38;2;20;22;70m██[38;2;20;22;70m██[38;2;0;0;0m██[38;2;175;175;175m██[38;2;175;175;175m██[38;2;175;175;175m██[38;2;118;118;118m██[38;2;0;0;0m██[38;2;20;22;70m██[38;2;20;22;70m██[38;2;0;0;0m██[38;2;41;41;41m██[38;2;41;41;41m██[38;2;41;41;41m██[38;2;41;41;41m██              [38;2;0;0;0m██[38;2;0;0;0m██[38;2;41;41;41m██[38;2;41;41;41m██[38;2;175;175;175m██[38;2;175;175;175m██[38;2;175;175;175m██[38;2;175;175;175m██[38;2;118;118;118m██[38;2;175;175;175m██[38;2;118;118;118m██[38;2;118;118;118m██[38;2;118;118;118m██[38;2;41;41;41m██[38;2;118;118;118m██[38;2;118;118;118m██[38;2;118;118;118m██[38;2;118;118;118m██[38;2;0;0;0m██      
        [38;2;118;118;118m██[38;2;118;118;118m██[38;2;210;210;210m██[38;2;210;210;210m██[38;2;175;175;175m██[38;2;175;175;175m██[38;2;175;175;175m██[38;2;175;175;175m██[38;2;118;118;118m██[38;2;118;118;118m██[38;2;118;118;118m██[38;2;118;118;118m██[38;2;118;118;118m██[38;2;118;118;118m██[38;2;118;118;118m██[38;2;118;118;118m██[38;2;118;118;118m██[38;2;118;118;118m██[38;2;175;175;175m██[38;2;175;175;175m██[38;2;0;0;0m██[38;2;62;61;127m██[38;2;20;22;70m██[38;2;0;0;0m██[38;2;175;175;175m██[38;2;175;175;175m██[38;2;175;175;175m██[38;2;175;175;175m██[38;2;175;175;175m██[38;2;0;0;22m██[38;2;20;22;70m██[38;2;0;0;22m██[38;2;118;118;118m██[38;2;118;118;118m██[38;2;175;175;175m██[38;2;175;175;175m██[38;2;41;41;41m██[38;2;41;41;41m██[38;2;41;41;41m██[38;2;41;41;41m██[38;2;41;41;41m██[38;2;41;41;41m██[38;2;41;41;41m██[38;2;175;175;175m██[38;2;175;175;175m██[38;2;175;175;175m██[38;2;175;175;175m██[38;2;175;175;175m██[38;2;175;175;175m██[38;2;118;118;118m██[38;2;118;118;118m██[38;2;175;175;175m██[38;2;175;175;175m██[38;2;175;175;175m██[38;2;118;118;118m██[38;2;41;41;41m██[38;2;118;118;118m██[38;2;118;118;118m██[38;2;118;118;118m██[38;2;118;118;118m██[38;2;118;118;118m██[38;2;0;0;0m██      
      [38;2;118;118;118m██[38;2;210;210;210m██[38;2;210;210;210m██[38;2;210;210;210m██[38;2;175;175;175m██[38;2;175;175;175m██[38;2;118;118;118m██[38;2;118;118;118m██[38;2;118;118;118m██[38;2;175;175;175m██[38;2;175;175;175m██[38;2;175;175;175m██[38;2;175;175;175m██[38;2;175;175;175m██[38;2;175;175;175m██[38;2;175;175;175m██[38;2;175;175;175m██[38;2;175;175;175m██[38;2;175;175;175m██[38;2;118;118;118m██[38;2;118;118;118m██[38;2;0;0;22m██[38;2;62;61;127m██[38;2;0;0;22m██[38;2;118;118;118m██[38;2;118;118;118m██[38;2;118;118;118m██[38;2;175;175;175m██[38;2;175;175;175m██[38;2;175;175;175m██[38;2;0;0;0m██[38;2;0;0;22m██[38;2;20;22;70m██[38;2;0;0;22m██[38;2;175;175;175m██[38;2;118;118;118m██[38;2;118;118;118m██[38;2;118;118;118m██[38;2;175;175;175m██[38;2;175;175;175m██[38;2;175;175;175m██[38;2;175;175;175m██[38;2;175;175;175m██[38;2;175;175;175m██[38;2;175;175;175m██[38;2;175;175;175m██[38;2;118;118;118m██[38;2;118;118;118m██[38;2;118;118;118m██[38;2;118;118;118m██[38;2;175;175;175m██[38;2;175;175;175m██[38;2;175;175;175m██[38;2;175;175;175m██[38;2;175;175;175m██[38;2;41;41;41m██[38;2;118;118;118m██[38;2;118;118;118m██[38;2;118;118;118m██[38;2;118;118;118m██[38;2;118;118;118m██[38;2;0;0;0m██        
    [38;2;41;41;41m██[38;2;175;175;175m██[38;2;175;175;175m██[38;2;210;210;210m██[38;2;210;210;210m██[38;2;118;118;118m██[38;2;118;118;118m██[38;2;175;175;175m██[38;2;175;175;175m██[38;2;41;41;41m██[38;2;41;41;41m██[38;2;0;0;0m██[38;2;0;0;0m██[38;2;0;0;0m██[38;2;0;0;0m██[38;2;0;0;0m██[38;2;0;0;0m██[38;2;0;0;0m██[38;2;0;0;0m██[38;2;118;118;118m██[38;2;118;118;118m██[38;2;0;0;22m██[38;2;62;61;127m██[38;2;20;22;70m██[38;2;0;0;0m██[38;2;175;175;175m██[38;2;175;175;175m██[38;2;175;175;175m██[38;2;118;118;118m██[38;2;118;118;118m██[38;2;118;118;118m██[38;2;175;175;175m██[38;2;0;0;0m██[38;2;20;22;70m██[38;2;0;0;0m██[38;2;175;175;175m██[38;2;175;175;175m██[38;2;175;175;175m██[38;2;175;175;175m██[38;2;118;118;118m██[38;2;118;118;118m██[38;2;118;118;118m██[38;2;118;118;118m██[38;2;118;118;118m██[38;2;118;118;118m██[38;2;118;118;118m██[38;2;118;118;118m██[38;2;175;175;175m██[38;2;175;175;175m██[38;2;175;175;175m██[38;2;175;175;175m██[38;2;175;175;175m██[38;2;175;175;175m██[38;2;175;175;175m██[38;2;175;175;175m██[38;2;118;118;118m██[38;2;175;175;175m██[38;2;118;118;118m██[38;2;118;118;118m██[38;2;118;118;118m██[38;2;118;118;118m██[38;2;0;0;0m██          
  [38;2;41;41;41m██[38;2;175;175;175m██[38;2;175;175;175m██[38;2;210;210;210m██[38;2;118;118;118m██[38;2;118;118;118m██[38;2;41;41;41m██[38;2;0;0;0m██[38;2;0;0;0m██[38;2;0;0;0m██                      [38;2;0;0;22m██[38;2;62;61;127m██[38;2;62;61;127m██[38;2;20;22;70m██[38;2;82;82;82m██[38;2;0;0;0m██[38;2;0;0;0m██[38;2;0;0;0m██[38;2;175;175;175m██[38;2;175;175;175m██[38;2;175;175;175m██[38;2;118;118;118m██[38;2;0;0;0m██[38;2;20;22;70m██[38;2;0;0;0m██[38;2;118;118;118m██[38;2;118;118;118m██[38;2;175;175;175m██[38;2;175;175;175m██[38;2;175;175;175m██[38;2;175;175;175m██[38;2;175;175;175m██[38;2;175;175;175m██[38;2;175;175;175m██[38;2;175;175;175m██[38;2;175;175;175m██[38;2;175;175;175m██[38;2;175;175;175m██[38;2;175;175;175m██[38;2;175;175;175m██[38;2;175;175;175m██[38;2;175;175;175m██[38;2;175;175;175m██[38;2;118;118;118m██[38;2;118;118;118m██[38;2;175;175;175m██[38;2;175;175;175m██[38;2;175;175;175m██[38;2;175;175;175m██[38;2;0;0;0m██[38;2;0;0;0m██            
  [38;2;118;118;118m██[38;2;175;175;175m██[38;2;175;175;175m██[38;2;41;41;41m██[38;2;0;0;0m██[38;2;0;0;0m██                        [38;2;0;0;22m██[38;2;0;0;22m██[38;2;62;61;127m██[38;2;62;61;127m██[38;2;62;61;127m██[38;2;20;22;70m██[38;2;20;22;70m██[38;2;214;214;214m██[38;2;0;0;0m██    [38;2;0;0;0m██[38;2;0;0;0m██[38;2;0;0;0m██[38;2;175;175;175m██[38;2;0;0;22m██[38;2;20;22;70m██[38;2;0;0;0m██[38;2;175;175;175m██[38;2;175;175;175m██[38;2;118;118;118m██[38;2;118;118;118m██[38;2;118;118;118m██[38;2;118;118;118m██[38;2;175;175;175m██[38;2;175;175;175m██[38;2;175;175;175m██[38;2;175;175;175m██[38;2;175;175;175m██[38;2;175;175;175m██[38;2;175;175;175m██[38;2;175;175;175m██[38;2;118;118;118m██[38;2;118;118;118m██[38;2;118;118;118m██[38;2;118;118;118m██[38;2;175;175;175m██[38;2;175;175;175m██[38;2;175;175;175m██[38;2;175;175;175m██[38;2;0;0;0m██[38;2;0;0;0m██                
[38;2;41;41;41m██[38;2;175;175;175m██[38;2;175;175;175m██[38;2;41;41;41m██[38;2;118;118;118m██[38;2;41;41;41m██                    [38;2;82;82;82m██[38;2;0;0;22m██[38;2;0;0;22m██[38;2;20;22;70m██[38;2;62;61;127m██[38;2;62;61;127m██[38;2;62;61;127m██[38;2;20;22;70m██[38;2;20;22;70m██[38;2;20;22;70m██[38;2;0;0;0m██[38;2;0;0;0m██          [38;2;0;0;0m██[38;2;20;22;70m██[38;2;62;61;127m██[38;2;20;22;70m██[38;2;82;82;82m██[38;2;82;82;82m██[38;2;175;175;175m██[38;2;175;175;175m██[38;2;175;175;175m██[38;2;175;175;175m██[38;2;118;118;118m██[38;2;118;118;118m██[38;2;118;118;118m██[38;2;118;118;118m██[38;2;118;118;118m██[38;2;118;118;118m██[38;2;118;118;118m██[38;2;118;118;118m██[38;2;175;175;175m██[38;2;175;175;175m██[38;2;175;175;175m██[38;2;175;175;175m██[38;2;175;175;175m██[38;2;0;0;0m██[38;2;0;0;0m██[38;2;0;0;0m██                    
[38;2;41;41;41m██[38;2;175;175;175m██[38;2;118;118;118m██[38;2;118;118;118m██[38;2;41;41;41m██                    [38;2;82;82;82m██[38;2;255;255;255m██[38;2;82;82;82m██[38;2;62;61;127m██[38;2;62;61;127m██[38;2;62;61;127m██[38;2;0;0;22m██[38;2;20;22;70m██[38;2;20;22;70m██[38;2;0;0;0m██[38;2;0;0;0m██              [38;2;0;0;22m██[38;2;62;61;127m██[38;2;62;61;127m██[38;2;20;22;70m██[38;2;214;214;214m██[38;2;0;0;0m██[38;2;0;0;0m██[38;2;0;0;0m██[38;2;175;175;175m██[38;2;175;175;175m██[38;2;175;175;175m██[38;2;175;175;175m██[38;2;175;175;175m██[38;2;175;175;175m██[38;2;175;175;175m██[38;2;175;175;175m██[38;2;175;175;175m██[38;2;175;175;175m██[38;2;175;175;175m██[38;2;0;0;0m██[38;2;0;0;0m██[38;2;0;0;0m██[38;2;0;0;0m██                          
[38;2;41;41;41m██[38;2;175;175;175m██[38;2;41;41;41m██[38;2;118;118;118m██[38;2;41;41;41m██                    [38;2;0;0;0m██[38;2;82;82;82m██[38;2;255;255;255m██[38;2;62;61;127m██[38;2;0;0;22m██[38;2;0;0;22m██[38;2;62;61;127m██[38;2;20;22;70m██[38;2;0;0;0m██              [38;2;0;0;22m██[38;2;0;0;22m██[38;2;62;61;127m██[38;2;62;61;127m██[38;2;62;61;127m██[38;2;20;22;70m██[38;2;0;0;0m██      [38;2;0;0;0m██[38;2;0;0;0m██[38;2;0;0;0m██[38;2;0;0;0m██[38;2;0;0;0m██[38;2;0;0;0m██[38;2;0;0;0m██[38;2;0;0;0m██[38;2;0;0;0m██[38;2;0;0;0m██[38;2;0;0;0m██                                  
[38;2;41;41;41m██[38;2;118;118;118m██[38;2;118;118;118m██[38;2;41;41;41m██                        [38;2;0;0;0m██[38;2;0;0;0m██[38;2;0;0;0m██  [38;2;0;0;0m██[38;2;255;255;255m██[38;2;0;0;0m██            [38;2;0;0;22m██[38;2;0;0;22m██[38;2;20;22;70m██[38;2;62;61;127m██[38;2;62;61;127m██[38;2;62;61;127m██[38;2;62;61;127m██[38;2;0;0;22m██                                                                
  [38;2;41;41;41m██[38;2;118;118;118m██[38;2;0;0;0m██                                [38;2;0;0;0m██[38;2;0;0;0m██            [38;2;82;82;82m██[38;2;62;61;127m██[38;2;20;22;70m██[38;2;20;22;70m██[38;2;0;0;22m██[38;2;62;61;127m██[38;2;20;22;70m██[38;2;62;61;127m██[38;2;0;0;22m██                                                                
  [38;2;41;41;41m██[38;2;118;118;118m██[38;2;0;0;0m██                                              [38;2;82;82;82m██[38;2;255;255;255m██[38;2;0;0;0m██[38;2;0;0;0m██[38;2;0;0;22m██[38;2;20;22;70m██[38;2;20;22;70m██[38;2;0;0;22m██[38;2;20;22;70m██[38;2;0;0;0m██                                                                
    [38;2;41;41;41m██[38;2;41;41;41m██[38;2;0;0;0m██                                            [38;2;0;0;0m██[38;2;0;0;0m██  [38;2;0;0;22m██[38;2;62;61;127m██[38;2;20;22;70m██[38;2;0;0;0m██[38;2;0;0;22m██[38;2;62;61;127m██[38;2;0;0;0m██                                                                
        [38;2;41;41;41m██[38;2;0;0;0m██[38;2;0;0;0m██                                              [38;2;82;82;82m██[38;2;255;255;255m██[38;2;0;0;0m██  [38;2;82;82;82m██[38;2;255;255;255m██[38;2;0;0;0m██                                                                
                                                            [38;2;0;0;0m██[38;2;0;0;0m██      [38;2;82;82;82m██[38;2;0;0;0m██                                                                
