              [38;2;90;90;90m██[38;2;156;148;139m██                                                              
              [38;2;0;0;0m██[38;2;255;255;255m██[38;2;156;148;139m██                                                            
              [38;2;0;0;0m██[38;2;255;255;255m██[38;2;255;255;255m██[38;2;90;90;90m██                                                          
              [38;2;0;0;0m██[38;2;222;213;222m██[38;2;255;255;255m██[38;2;255;255;255m██[38;2;90;90;90m██              [38;2;156;148;139m██[38;2;156;148;139m██                                      
                [38;2;90;90;90m██[38;2;222;213;222m██[38;2;255;255;255m██[38;2;90;90;90m██              [38;2;156;148;139m██[38;2;255;255;255m██[38;2;156;148;139m██                                    
                [38;2;90;90;90m██[38;2;222;213;222m██[38;2;222;213;222m██[38;2;222;213;222m██[38;2;90;90;90m██            [38;2;156;148;139m██[38;2;255;255;255m██[38;2;255;255;255m██[38;2;156;148;139m██                                  
            [38;2;90;90;90m██[38;2;90;90;90m██[38;2;222;213;222m██[38;2;222;213;222m██[38;2;222;213;222m██[38;2;222;213;222m██[38;2;90;90;90m██            [38;2;90;90;90m██[38;2;255;255;255m██[38;2;255;255;255m██[38;2;156;148;139m██                                  
          [38;2;90;90;90m██[38;2;222;213;222m██[38;2;222;213;222m██[38;2;156;148;139m██[38;2;222;213;222m██[38;2;222;213;222m██[38;2;222;213;222m██[38;2;41;49;131m██[38;2;41;49;131m██[38;2;90;98;189m██[38;2;90;98;189m██[38;2;90;98;189m██[38;2;90;98;189m██  [38;2;90;90;90m██[38;2;255;255;255m██[38;2;255;255;255m██[38;2;255;255;255m██[38;2;156;148;139m██                                
            [38;2;90;90;90m██[38;2;222;213;222m██[38;2;222;213;222m██[38;2;222;213;222m██[38;2;41;49;131m██[38;2;90;98;189m██[38;2;139;156;246m██[38;2;139;156;246m██[38;2;139;156;246m██[38;2;139;156;246m██[38;2;139;156;246m██[38;2;0;0;0m██[38;2;0;0;0m██[38;2;0;0;0m██[38;2;222;213;222m██[38;2;255;255;255m██[38;2;255;255;255m██[38;2;156;148;139m██                                
              [38;2;90;90;90m██[38;2;222;213;222m██[38;2;41;49;131m██[38;2;139;156;246m██[38;2;139;156;246m██[38;2;139;156;246m██[38;2;139;156;246m██[38;2;90;90;90m██[38;2;255;255;255m██[38;2;255;255;255m██[38;2;222;213;222m██[38;2;222;213;222m██[38;2;156;148;139m██[38;2;222;213;222m██[38;2;255;255;255m██[38;2;255;255;255m██[38;2;255;255;255m██[38;2;90;90;90m██                              
            [38;2;90;90;90m██[38;2;222;213;222m██[38;2;41;49;131m██[38;2;139;156;246m██[38;2;139;156;246m██[38;2;139;156;246m██[38;2;139;156;246m██[38;2;139;156;246m██[38;2;139;156;246m██[38;2;90;90;90m██[38;2;255;255;255m██[38;2;255;255;255m██[38;2;255;255;255m██[38;2;222;213;222m██[38;2;222;213;222m██[38;2;255;255;255m██[38;2;255;255;255m██[38;2;255;255;255m██[38;2;90;90;90m██                              
              [38;2;90;90;90m██[38;2;115;131;213m██[38;2;115;131;213m██[38;2;115;131;213m██[38;2;139;156;246m██[38;2;139;156;246m██[38;2;139;156;246m██[38;2;139;156;246m██[38;2;115;131;213m██[38;2;0;0;0m██[38;2;255;255;255m██[38;2;255;255;255m██[38;2;255;255;255m██[38;2;222;213;222m██[38;2;255;255;255m██[38;2;255;255;255m██[38;2;255;255;255m██[38;2;90;90;90m██                              
              [38;2;41;49;131m██[38;2;115;131;213m██[38;2;115;131;213m██[38;2;115;131;213m██[38;2;115;131;213m██[38;2;115;131;213m██[38;2;115;131;213m██[38;2;115;131;213m██[38;2;90;90;90m██[38;2;0;0;0m██[38;2;222;213;222m██[38;2;156;148;139m██[38;2;255;255;255m██[38;2;255;255;255m██[38;2;255;255;255m██[38;2;255;255;255m██[38;2;90;90;90m██                                
              [38;2;41;49;131m██[38;2;115;131;213m██[38;2;115;131;213m██[38;2;115;131;213m██[38;2;115;131;213m██[38;2;115;131;213m██[38;2;115;131;213m██[38;2;90;90;90m██[38;2;222;213;222m██[38;2;222;213;222m██[38;2;222;213;222m██[38;2;222;213;222m██[38;2;156;148;139m██[38;2;255;255;255m██[38;2;255;255;255m██[38;2;255;255;255m██[38;2;90;90;90m██                                
            [38;2;41;49;131m██[38;2;115;131;213m██[38;2;115;131;213m██[38;2;115;131;213m██[38;2;115;131;213m██[38;2;115;131;213m██[38;2;115;131;213m██[38;2;115;131;213m██[38;2;115;131;213m██[38;2;90;90;90m██[38;2;90;90;90m██[38;2;222;213;222m██[38;2;222;213;222m██[38;2;156;148;139m██[38;2;255;255;255m██[38;2;255;255;255m██[38;2;90;90;90m██                                  
            [38;2;41;49;131m██[38;2;115;131;213m██[38;2;115;131;213m██[38;2;115;131;213m██[38;2;115;131;213m██[38;2;115;131;213m██[38;2;115;131;213m██[38;2;115;131;213m██[38;2;115;131;213m██[38;2;115;131;213m██[38;2;115;131;213m██[38;2;90;90;90m██[38;2;90;90;90m██[38;2;0;0;0m██[38;2;0;0;0m██[38;2;0;0;0m██                                    
          [38;2;41;49;131m██[38;2;115;131;213m██[38;2;115;131;213m██[38;2;115;131;213m██[38;2;115;131;213m██[38;2;115;131;213m██[38;2;115;131;213m██[38;2;115;131;213m██[38;2;115;131;213m██[38;2;115;131;213m██[38;2;115;131;213m██[38;2;90;98;189m██[38;2;90;98;189m██[38;2;90;98;189m██[38;2;90;98;189m██[38;2;41;49;131m██[38;2;255;255;255m██[38;2;90;90;90m██                                  
        [38;2;41;49;131m██[38;2;115;131;213m██[38;2;115;131;213m██[38;2;115;131;213m██[38;2;115;131;213m██[38;2;115;131;213m██[38;2;115;131;213m██[38;2;115;131;213m██[38;2;115;131;213m██[38;2;115;131;213m██[38;2;115;131;213m██[38;2;90;98;189m██[38;2;90;98;189m██[38;2;90;98;189m██[38;2;90;98;189m██[38;2;41;49;131m██[38;2;255;255;255m██[38;2;255;255;255m██[38;2;90;90;90m██                                  
        [38;2;41;49;131m██[38;2;115;131;213m██[38;2;115;131;213m██[38;2;115;131;213m██[38;2;115;131;213m██[38;2;115;131;213m██[38;2;115;131;213m██[38;2;115;131;213m██[38;2;115;131;213m██[38;2;115;131;213m██[38;2;90;98;189m██[38;2;90;98;189m██[38;2;90;98;189m██[38;2;41;49;131m██[38;2;0;0;0m██[38;2;222;213;222m██[38;2;255;255;255m██[38;2;255;255;255m██[38;2;90;90;90m██                                  
      [38;2;41;49;131m██[38;2;90;98;189m██[38;2;115;131;213m██[38;2;115;131;213m██[38;2;115;131;213m██[38;2;115;131;213m██[38;2;115;131;213m██[38;2;115;131;213m██[38;2;115;131;213m██[38;2;90;98;189m██[38;2;90;98;189m██[38;2;90;98;189m██[38;2;41;49;131m██[38;2;0;0;0m██[38;2;222;213;222m██[38;2;222;213;222m██[38;2;222;213;222m██[38;2;255;255;255m██[38;2;90;90;90m██                                    
      [38;2;41;49;131m██[38;2;90;98;189m██[38;2;90;98;189m██[38;2;115;131;213m██[38;2;115;131;213m██[38;2;115;131;213m██[38;2;115;131;213m██[38;2;90;98;189m██[38;2;90;98;189m██[38;2;90;98;189m██[38;2;90;98;189m██[38;2;41;49;131m██[38;2;156;148;139m██[38;2;222;213;222m██[38;2;222;213;222m██[38;2;222;213;222m██[38;2;222;213;222m██[38;2;222;213;222m██[38;2;90;90;90m██                                    
    [38;2;41;49;131m██[38;2;90;98;189m██[38;2;90;98;189m██[38;2;90;98;189m██[38;2;90;98;189m██[38;2;90;98;189m██[38;2;90;98;189m██[38;2;90;98;189m██[38;2;90;98;189m██[38;2;90;98;189m██[38;2;90;98;189m██[38;2;156;148;139m██[38;2;0;0;0m██[38;2;0;0;0m██[38;2;222;213;222m██[38;2;222;213;222m██[38;2;222;213;222m██[38;2;90;90;90m██[38;2;90;90;90m██                                      
    [38;2;41;49;131m██[38;2;90;98;189m██[38;2;90;98;189m██[38;2;90;98;189m██[38;2;90;98;189m██[38;2;90;98;189m██[38;2;90;98;189m██[38;2;90;98;189m██[38;2;90;98;189m██[38;2;90;98;189m██[38;2;222;213;222m██[38;2;0;0;0m██    [38;2;0;0;0m██[38;2;0;0;0m██[38;2;0;0;0m██                                          
    [38;2;41;49;131m██[38;2;90;98;189m██[38;2;90;98;189m██[38;2;90;98;189m██[38;2;90;98;189m██[38;2;90;98;189m██[38;2;90;98;189m██[38;2;90;98;189m██[38;2;90;98;189m██[38;2;222;213;222m██[38;2;90;90;90m██                                                      
  [38;2;41;49;131m██[38;2;90;98;189m██[38;2;90;98;189m██[38;2;90;98;189m██[38;2;90;98;189m██[38;2;90;98;189m██[38;2;90;98;189m██[38;2;90;98;189m██[38;2;90;98;189m██[38;2;90;98;189m██[38;2;222;213;222m██[38;2;0;0;0m██                                                      
  [38;2;0;0;0m██[38;2;90;98;189m██[38;2;90;98;189m██[38;2;90;98;189m██[38;2;90;98;189m██[38;2;90;98;189m██[38;2;90;98;189m██[38;2;90;98;189m██[38;2;90;98;189m██[38;2;156;148;139m██[38;2;222;213;222m██[38;2;0;0;0m██                                                      
  [38;2;0;0;0m██[38;2;90;98;189m██[38;2;90;98;189m██[38;2;90;98;189m██[38;2;90;98;189m██[38;2;90;98;189m██[38;2;90;98;189m██[38;2;90;98;189m██[38;2;90;98;189m██[38;2;222;213;222m██[38;2;222;213;222m██[38;2;0;0;0m██                                                      
  [38;2;0;0;0m██[38;2;90;98;189m██[38;2;90;98;189m██[38;2;90;98;189m██[38;2;90;98;189m██[38;2;90;98;189m██[38;2;90;98;189m██[38;2;90;98;189m██[38;2;90;98;189m██[38;2;222;213;222m██[38;2;0;0;0m██                                                        
[38;2;41;49;131m██[38;2;90;98;189m██[38;2;90;98;189m██[38;2;90;98;189m██[38;2;90;98;189m██[38;2;90;98;189m██[38;2;90;98;189m██[38;2;90;98;189m██[38;2;90;98;189m██[38;2;90;98;189m██[38;2;222;213;222m██[38;2;0;0;0m██                                                        
[38;2;0;0;0m██[38;2;90;98;189m██[38;2;90;98;189m██[38;2;90;98;189m██[38;2;90;98;189m██[38;2;90;98;189m██[38;2;90;98;189m██[38;2;90;98;189m██[38;2;90;98;189m██[38;2;90;98;189m██[38;2;222;213;222m██[38;2;0;0;0m██                                                        
[38;2;0;0;0m██[38;2;90;98;189m██[38;2;90;98;189m██[38;2;90;98;189m██[38;2;90;98;189m██[38;2;90;98;189m██[38;2;90;98;189m██[38;2;90;98;189m██[38;2;90;98;189m██[38;2;90;98;189m██[38;2;222;213;222m██[38;2;90;90;90m██[38;2;0;0;0m██[38;2;0;0;0m██[38;2;0;0;0m██[38;2;0;0;0m██[38;2;0;0;0m██[38;2;0;0;0m██                                            
[38;2;0;0;0m██[38;2;90;98;189m██[38;2;90;98;189m██[38;2;90;98;189m██[38;2;90;98;189m██[38;2;90;98;189m██[38;2;90;98;189m██[38;2;90;98;189m██[38;2;90;98;189m██[38;2;90;98;189m██[38;2;0;0;0m██[38;2;0;0;0m██[38;2;90;98;189m██[38;2;90;98;189m██[38;2;90;98;189m██[38;2;90;98;189m██[38;2;90;98;189m██[38;2;90;98;189m██[38;2;41;49;131m██[38;2;41;49;131m██[38;2;41;49;131m██                            [38;2;41;49;131m██[38;2;90;98;189m██      
[38;2;0;0;0m██[38;2;90;98;189m██[38;2;90;98;189m██[38;2;90;98;189m██[38;2;90;98;189m██[38;2;90;98;189m██[38;2;90;98;189m██[38;2;90;98;189m██[38;2;90;98;189m██[38;2;0;0;0m██[38;2;90;98;189m██[38;2;90;98;189m██[38;2;90;98;189m██[38;2;90;98;189m██[38;2;90;98;189m██[38;2;90;98;189m██[38;2;90;98;189m██[38;2;90;98;189m██[38;2;90;98;189m██[38;2;90;98;189m██[38;2;90;98;189m██[38;2;41;49;131m██[38;2;41;49;131m██                        [38;2;41;49;131m██[38;2;139;156;246m██[38;2;90;98;189m██    
[38;2;0;0;0m██[38;2;90;98;189m██[38;2;90;98;189m██[38;2;90;98;189m██[38;2;90;98;189m██[38;2;90;98;189m██[38;2;90;98;189m██[38;2;90;98;189m██[38;2;41;49;131m██[38;2;90;98;189m██[38;2;90;98;189m██[38;2;90;98;189m██[38;2;90;98;189m██[38;2;90;98;189m██[38;2;90;98;189m██[38;2;90;98;189m██[38;2;90;98;189m██[38;2;90;98;189m██[38;2;90;98;189m██[38;2;90;98;189m██[38;2;90;98;189m██[38;2;90;98;189m██[38;2;115;131;213m██[38;2;90;98;189m██[38;2;90;98;189m██                      [38;2;90;98;189m██[38;2;139;156;246m██[38;2;90;98;189m██  
[38;2;0;0;0m██[38;2;90;98;189m██[38;2;90;98;189m██[38;2;90;98;189m██[38;2;90;98;189m██[38;2;90;98;189m██[38;2;90;98;189m██[38;2;90;98;189m██[38;2;90;98;189m██[38;2;90;98;189m██[38;2;90;98;189m██[38;2;90;98;189m██[38;2;90;98;189m██[38;2;90;98;189m██[38;2;90;98;189m██[38;2;90;98;189m██[38;2;90;98;189m██[38;2;90;98;189m██[38;2;90;98;189m██[38;2;90;98;189m██[38;2;90;98;189m██[38;2;90;98;189m██[38;2;139;156;246m██[38;2;139;156;246m██[38;2;139;156;246m██[38;2;90;98;189m██                    [38;2;41;49;131m██[38;2;139;156;246m██[38;2;90;98;189m██  
  [38;2;0;0;0m██[38;2;90;98;189m██[38;2;90;98;189m██[38;2;90;98;189m██[38;2;90;98;189m██[38;2;90;98;189m██[38;2;90;98;189m██[38;2;90;98;189m██[38;2;90;98;189m██[38;2;90;98;189m██[38;2;90;98;189m██[38;2;90;98;189m██[38;2;90;98;189m██[38;2;90;98;189m██[38;2;90;98;189m██[38;2;90;98;189m██[38;2;90;98;189m██[38;2;90;98;189m██[38;2;90;98;189m██[38;2;90;98;189m██[38;2;90;98;189m██[38;2;139;156;246m██[38;2;139;156;246m██[38;2;139;156;246m██[38;2;139;156;246m██[38;2;90;98;189m██[38;2;90;98;189m██                [38;2;41;49;131m██[38;2;139;156;246m██[38;2;139;156;246m██[38;2;90;98;189m██
  [38;2;0;0;0m██[38;2;90;98;189m██[38;2;90;98;189m██[38;2;90;98;189m██[38;2;90;98;189m██[38;2;90;98;189m██[38;2;90;98;189m██[38;2;90;98;189m██[38;2;90;98;189m██[38;2;90;98;189m██[38;2;90;98;189m██[38;2;90;98;189m██[38;2;90;98;189m██[38;2;90;98;189m██[38;2;90;98;189m██[38;2;90;98;189m██[38;2;90;98;189m██[38;2;90;98;189m██[38;2;90;98;189m██[38;2;90;98;189m██[38;2;90;98;189m██[38;2;115;131;213m██[38;2;139;156;246m██[38;2;139;156;246m██[38;2;139;156;246m██[38;2;139;156;246m██[38;2;139;156;246m██[38;2;90;98;189m██            [38;2;41;49;131m██[38;2;115;131;213m██[38;2;222;213;222m██[38;2;139;156;246m██[38;2;90;98;189m██
  [38;2;0;0;0m██[38;2;90;98;189m██[38;2;90;98;189m██[38;2;90;98;189m██[38;2;90;98;189m██[38;2;90;98;189m██[38;2;90;98;189m██[38;2;90;98;189m██[38;2;90;98;189m██[38;2;90;98;189m██[38;2;90;98;189m██[38;2;90;98;189m██[38;2;90;98;189m██[38;2;90;98;189m██[38;2;156;148;139m██[38;2;156;148;139m██[38;2;156;148;139m██[38;2;156;148;139m██[38;2;156;148;139m██[38;2;90;98;189m██[38;2;90;98;189m██[38;2;90;98;189m██[38;2;139;156;246m██[38;2;139;156;246m██[38;2;139;156;246m██[38;2;139;156;246m██[38;2;139;156;246m██[38;2;139;156;246m██[38;2;41;49;131m██          [38;2;41;49;131m██[38;2;115;131;213m██[38;2;222;213;222m██[38;2;222;213;222m██[38;2;41;49;131m██
    [38;2;41;49;131m██[38;2;90;98;189m██[38;2;90;98;189m██[38;2;90;98;189m██[38;2;90;98;189m██[38;2;90;98;189m██[38;2;90;98;189m██[38;2;90;98;189m██[38;2;90;98;189m██[38;2;90;98;189m██[38;2;90;98;189m██[38;2;156;148;139m██[38;2;156;148;139m██[38;2;156;148;139m██[38;2;156;148;139m██[38;2;156;148;139m██[38;2;156;148;139m██[38;2;156;148;139m██[38;2;156;148;139m██[38;2;156;148;139m██[38;2;90;98;189m██[38;2;115;131;213m██[38;2;139;156;246m██[38;2;139;156;246m██[38;2;139;156;246m██[38;2;139;156;246m██[38;2;139;156;246m██[38;2;139;156;246m██[38;2;41;49;131m██      [38;2;41;49;131m██[38;2;115;131;213m██[38;2;222;213;222m██[38;2;222;213;222m██[38;2;222;213;222m██[38;2;41;49;131m██
    [38;2;0;0;0m██[38;2;90;98;189m██[38;2;90;98;189m██[38;2;90;98;189m██[38;2;90;98;189m██[38;2;90;98;189m██[38;2;90;98;189m██[38;2;90;98;189m██[38;2;90;98;189m██[38;2;156;148;139m██[38;2;156;148;139m██[38;2;156;148;139m██[38;2;156;148;139m██[38;2;41;49;131m██[38;2;0;0;0m██[38;2;0;0;0m██[38;2;0;0;0m██[38;2;0;0;0m██[38;2;156;148;139m██[38;2;156;148;139m██[38;2;156;148;139m██[38;2;90;98;189m██[38;2;90;98;189m██[38;2;115;131;213m██[38;2;139;156;246m██[38;2;139;156;246m██[38;2;115;131;213m██[38;2;90;98;189m██[38;2;90;98;189m██[38;2;41;49;131m██[38;2;41;49;131m██[38;2;41;49;131m██[38;2;90;98;189m██[38;2;115;131;213m██[38;2;222;213;222m██[38;2;222;213;222m██[38;2;222;213;222m██[38;2;41;49;131m██
      [38;2;0;0;0m██[38;2;90;98;189m██[38;2;90;98;189m██[38;2;90;98;189m██[38;2;90;98;189m██[38;2;90;98;189m██[38;2;90;98;189m██[38;2;90;98;189m██[38;2;156;148;139m██[38;2;156;148;139m██[38;2;0;0;0m██[38;2;0;0;0m██          [38;2;0;0;0m██[38;2;0;0;0m██[38;2;41;49;131m██[38;2;156;148;139m██[38;2;90;98;189m██[38;2;90;98;189m██[38;2;90;98;189m██[38;2;90;98;189m██[38;2;90;98;189m██[38;2;90;98;189m██[38;2;90;98;189m██[38;2;90;98;189m██[38;2;90;98;189m██[38;2;90;98;189m██[38;2;90;98;189m██[38;2;222;213;222m██[38;2;222;213;222m██[38;2;222;213;222m██[38;2;41;49;131m██  
        [38;2;0;0;0m██[38;2;41;49;131m██[38;2;90;98;189m██[38;2;90;98;189m██[38;2;90;98;189m██[38;2;90;98;189m██[38;2;156;148;139m██[38;2;0;0;0m██[38;2;0;0;0m██                    [38;2;0;0;0m██[38;2;156;148;139m██[38;2;90;98;189m██[38;2;90;98;189m██[38;2;90;98;189m██[38;2;90;98;189m██[38;2;90;98;189m██[38;2;90;98;189m██[38;2;90;98;189m██[38;2;90;98;189m██[38;2;90;98;189m██[38;2;222;213;222m██[38;2;222;213;222m██[38;2;222;213;222m██[38;2;222;213;222m██[38;2;41;49;131m██  
            [38;2;0;0;0m██[38;2;0;0;0m██[38;2;0;0;0m██[38;2;0;0;0m██[38;2;0;0;0m██                          [38;2;0;0;0m██[38;2;0;0;0m██[38;2;156;148;139m██[38;2;156;148;139m██[38;2;90;98;189m██[38;2;90;98;189m██[38;2;90;98;189m██[38;2;156;148;139m██[38;2;222;213;222m██[38;2;222;213;222m██[38;2;222;213;222m██[38;2;222;213;222m██[38;2;222;213;222m██[38;2;0;0;0m██    
                                                    [38;2;0;0;0m██[38;2;156;148;139m██[38;2;156;148;139m██[38;2;222;213;222m██[38;2;222;213;222m██[38;2;222;213;222m██[38;2;222;213;222m██[38;2;222;213;222m██[38;2;222;213;222m██[38;2;222;213;222m██[38;2;0;0;0m██      
                                                      [38;2;0;0;0m██[38;2;0;0;0m██[38;2;156;148;139m██[38;2;222;213;222m██[38;2;222;213;222m██[38;2;222;213;222m██[38;2;222;213;222m██[38;2;41;49;131m██[38;2;41;49;131m██        
                                                          [38;2;0;0;0m██[38;2;0;0;0m██[38;2;0;0;0m██[38;2;0;0;0m██[38;2;0;0;0m██            
