                                                  [38;2;0;97;138m██                                  
                                                [38;2;0;97;138m██[38;2;0;97;138m██                                  
                                                [38;2;0;128;183m██[38;2;0;97;138m██                    [38;2;0;97;138m██            
                                              [38;2;0;97;138m██[38;2;0;128;183m██[38;2;0;97;138m██                  [38;2;0;97;138m██[38;2;0;97;138m██            
                                              [38;2;0;97;138m██[38;2;0;128;183m██[38;2;0;97;138m██                [38;2;0;97;138m██[38;2;0;128;183m██[38;2;0;97;138m██            
                                  [38;2;0;97;138m██        [38;2;0;97;138m██[38;2;0;128;183m██[38;2;0;128;183m██[38;2;0;97;138m██        [38;2;0;97;138m██    [38;2;0;97;138m██[38;2;0;128;183m██[38;2;0;128;183m██[38;2;0;97;138m██            
                                  [38;2;0;97;138m██[38;2;0;97;138m██      [38;2;0;97;138m██[38;2;0;128;183m██[38;2;0;128;183m██[38;2;0;97;138m██  [38;2;0;97;138m██  [38;2;0;97;138m██[38;2;0;97;138m██  [38;2;0;97;138m██[38;2;0;128;183m██[38;2;0;128;183m██[38;2;0;97;138m██              
                                  [38;2;0;97;138m██[38;2;0;97;138m██    [38;2;0;97;138m██[38;2;0;128;183m██[38;2;0;128;183m██[38;2;0;128;183m██[38;2;0;128;183m██[38;2;0;97;138m██[38;2;0;128;183m██[38;2;0;97;138m██[38;2;0;128;183m██[38;2;0;97;138m██[38;2;0;97;138m██[38;2;0;128;183m██[38;2;0;128;183m██[38;2;0;128;183m██[38;2;0;97;138m██              
                                  [38;2;0;97;138m██[38;2;0;128;183m██[38;2;0;97;138m██  [38;2;0;97;138m██[38;2;0;128;183m██[38;2;0;128;183m██[38;2;0;128;183m██[38;2;0;128;183m██[38;2;0;128;183m██[38;2;0;128;183m██[38;2;0;128;183m██[38;2;0;128;183m██[38;2;0;97;138m██[38;2;0;128;183m██[38;2;0;128;183m██[38;2;0;128;183m██[38;2;0;128;183m██[38;2;0;97;138m██              
                              [38;2;0;97;138m██  [38;2;0;97;138m██[38;2;0;128;183m██[38;2;0;128;183m██[38;2;0;97;138m██[38;2;0;128;183m██[38;2;0;128;183m██[38;2;0;128;183m██[38;2;0;128;183m██[38;2;0;128;183m██[38;2;0;128;183m██[38;2;0;128;183m██[38;2;0;128;183m██[38;2;0;128;183m██[38;2;0;128;183m██[38;2;0;128;183m██[38;2;0;128;183m██[38;2;0;128;183m██[38;2;0;97;138m██                
                              [38;2;0;97;138m██[38;2;0;97;138m██[38;2;0;97;138m██[38;2;0;128;183m██[38;2;0;128;183m██[38;2;0;128;183m██[38;2;0;128;183m██[38;2;0;128;183m██[38;2;0;128;183m██[38;2;0;128;183m██[38;2;0;128;183m██[38;2;0;128;183m██[38;2;0;128;183m██[38;2;0;128;183m██[38;2;0;128;183m██[38;2;0;128;183m██[38;2;0;128;183m██[38;2;0;128;183m██[38;2;0;128;183m██[38;2;0;97;138m██                
                              [38;2;0;97;138m██[38;2;0;128;183m██[38;2;0;128;183m██[38;2;0;128;183m██[38;2;0;128;183m██[38;2;0;128;183m██[38;2;0;128;183m██[38;2;0;128;183m██[38;2;0;128;183m██[38;2;0;128;183m██[38;2;0;128;183m██[38;2;0;128;183m██[38;2;0;128;183m██[38;2;0;128;183m██[38;2;0;128;183m██[38;2;0;128;183m██[38;2;0;128;183m██[38;2;0;128;183m██[38;2;0;128;183m██[38;2;0;97;138m██[38;2;0;97;138m██[38;2;0;97;138m██[38;2;0;97;138m██[38;2;0;97;138m██[38;2;0;97;138m██      
                              [38;2;0;97;138m██[38;2;0;128;183m██[38;2;0;128;183m██[38;2;0;128;183m██[38;2;0;128;183m██[38;2;0;128;183m██[38;2;0;128;183m██[38;2;0;128;183m██[38;2;0;128;183m██[38;2;0;128;183m██[38;2;0;128;183m██[38;2;0;162;232m██[38;2;0;128;183m██[38;2;0;128;183m██[38;2;0;128;183m██[38;2;0;128;183m██[38;2;0;128;183m██[38;2;0;128;183m██[38;2;0;128;183m██[38;2;0;128;183m██[38;2;0;128;183m██[38;2;0;128;183m██[38;2;0;128;183m██[38;2;0;97;138m██        
                      [38;2;59;59;59m██[38;2;59;59;59m██[38;2;26;26;26m██[38;2;26;26;26m██[38;2;26;26;26m██[38;2;0;128;183m██[38;2;0;128;183m██[38;2;0;128;183m██[38;2;0;128;183m██[38;2;0;128;183m██[38;2;0;128;183m██[38;2;0;162;232m██[38;2;0;128;183m██[38;2;0;128;183m██[38;2;0;162;232m██[38;2;0;162;232m██[38;2;0;128;183m██[38;2;0;162;232m██[38;2;0;162;232m██[38;2;0;162;232m██[38;2;0;128;183m██[38;2;0;128;183m██[38;2;0;128;183m██[38;2;0;128;183m██[38;2;0;128;183m██[38;2;0;128;183m██[38;2;0;97;138m██          
                  [38;2;59;59;59m██[38;2;59;59;59m██[38;2;89;89;89m██[38;2;89;89;89m██[38;2;89;89;89m██[38;2;59;59;59m██[38;2;59;59;59m██[38;2;26;26;26m██[38;2;16;16;16m██[38;2;0;128;183m██[38;2;0;128;183m██[38;2;0;128;183m██[38;2;0;162;232m██[38;2;53;194;255m██[38;2;0;162;232m██[38;2;0;128;183m██[38;2;0;162;232m██[38;2;0;162;232m██[38;2;0;162;232m██[38;2;53;194;255m██[38;2;53;194;255m██[38;2;0;162;232m██[38;2;0;128;183m██[38;2;0;128;183m██[38;2;0;128;183m██[38;2;0;128;183m██[38;2;0;128;183m██[38;2;0;97;138m██            
              [38;2;59;59;59m██[38;2;59;59;59m██[38;2;89;89;89m██[38;2;89;89;89m██[38;2;89;89;89m██[38;2;89;89;89m██[38;2;89;89;89m██[38;2;59;59;59m██[38;2;59;59;59m██[38;2;59;59;59m██[38;2;59;59;59m██[38;2;16;16;16m██[38;2;0;128;183m██[38;2;0;128;183m██[38;2;0;162;232m██[38;2;53;194;255m██[38;2;0;162;232m██[38;2;0;162;232m██[38;2;0;162;232m██[38;2;0;162;232m██[38;2;53;194;255m██[38;2;53;194;255m██[38;2;0;162;232m██[38;2;0;128;183m██[38;2;0;128;183m██[38;2;0;128;183m██[38;2;0;128;183m██[38;2;0;128;183m██[38;2;0;97;138m██[38;2;0;97;138m██[38;2;0;97;138m██[38;2;0;97;138m██[38;2;0;97;138m██[38;2;0;97;138m██[38;2;0;97;138m██[38;2;0;97;138m██
            [38;2;59;59;59m██[38;2;59;59;59m██[38;2;89;89;89m██[38;2;89;89;89m██[38;2;89;89;89m██[38;2;89;89;89m██[38;2;89;89;89m██[38;2;59;59;59m██[38;2;59;59;59m██[38;2;59;59;59m██[38;2;59;59;59m██[38;2;59;59;59m██[38;2;59;59;59m██[38;2;16;16;16m██[38;2;0;162;232m██[38;2;53;194;255m██[38;2;53;194;255m██[38;2;53;194;255m██[38;2;0;162;232m██[38;2;0;162;232m██[38;2;53;194;255m██[38;2;53;194;255m██[38;2;53;194;255m██[38;2;0;162;232m██[38;2;0;128;183m██[38;2;0;128;183m██[38;2;0;128;183m██[38;2;0;128;183m██[38;2;0;128;183m██[38;2;0;128;183m██[38;2;0;128;183m██[38;2;0;128;183m██[38;2;0;128;183m██[38;2;0;128;183m██[38;2;0;128;183m██[38;2;0;97;138m██  
            [38;2;59;59;59m██[38;2;89;89;89m██[38;2;89;89;89m██[38;2;89;89;89m██[38;2;89;89;89m██[38;2;89;89;89m██[38;2;59;59;59m██[38;2;59;59;59m██[38;2;59;59;59m██[38;2;59;59;59m██[38;2;59;59;59m██[38;2;59;59;59m██[38;2;59;59;59m██[38;2;59;59;59m██[38;2;16;16;16m██[38;2;53;194;255m██[38;2;53;194;255m██[38;2;53;194;255m██[38;2;0;162;232m██[38;2;53;194;255m██[38;2;53;194;255m██[38;2;53;194;255m██[38;2;0;162;232m██[38;2;0;128;183m██[38;2;0;128;183m██[38;2;0;128;183m██[38;2;0;128;183m██[38;2;0;128;183m██[38;2;0;128;183m██[38;2;0;128;183m██[38;2;0;128;183m██[38;2;0;128;183m██[38;2;0;128;183m██[38;2;0;97;138m██[38;2;0;97;138m██    
          [38;2;36;36;36m██[38;2;59;59;59m██[38;2;89;89;89m██[38;2;89;89;89m██[38;2;89;89;89m██[38;2;59;59;59m██[38;2;59;59;59m██[38;2;59;59;59m██[38;2;59;59;59m██[38;2;59;59;59m██[38;2;59;59;59m██[38;2;59;59;59m██[38;2;59;59;59m██[38;2;59;59;59m██[38;2;59;59;59m██[38;2;16;57;82m██[38;2;53;194;255m██[38;2;53;194;255m██[38;2;53;194;255m██[38;2;53;194;255m██[38;2;53;194;255m██[38;2;53;194;255m██[38;2;53;194;255m██[38;2;0;162;232m██[38;2;0;128;183m██[38;2;0;128;183m██[38;2;0;128;183m██[38;2;0;128;183m██[38;2;0;128;183m██[38;2;0;128;183m██[38;2;0;128;183m██[38;2;0;128;183m██[38;2;0;97;138m██[38;2;0;97;138m██        
          [38;2;36;36;36m██[38;2;59;59;59m██[38;2;59;59;59m██[38;2;59;59;59m██[38;2;59;59;59m██[38;2;59;59;59m██[38;2;59;59;59m██[38;2;59;59;59m██[38;2;205;172;82m██[38;2;255;246;164m██[38;2;255;246;164m██[38;2;205;172;82m██[38;2;59;59;59m██[38;2;59;59;59m██[38;2;59;59;59m██[38;2;59;59;59m██[38;2;16;16;16m██[38;2;53;194;255m██[38;2;53;194;255m██[38;2;53;194;255m██[38;2;53;194;255m██[38;2;53;194;255m██[38;2;53;194;255m██[38;2;0;162;232m██[38;2;0;162;232m██[38;2;0;162;232m██[38;2;0;162;232m██[38;2;0;128;183m██[38;2;0;128;183m██[38;2;0;128;183m██[38;2;0;128;183m██[38;2;0;97;138m██            
        [38;2;36;36;36m██[38;2;59;59;59m██[38;2;59;59;59m██[38;2;59;59;59m██[38;2;59;59;59m██[38;2;59;59;59m██[38;2;59;59;59m██[38;2;59;59;59m██[38;2;255;246;164m██[38;2;255;246;164m██[38;2;255;246;164m██[38;2;255;246;164m██[38;2;255;246;164m██[38;2;205;172;82m██[38;2;59;59;59m██[38;2;59;59;59m██[38;2;59;59;59m██[38;2;16;16;16m██[38;2;53;194;255m██[38;2;53;194;255m██[38;2;53;194;255m██[38;2;53;194;255m██[38;2;53;194;255m██[38;2;53;194;255m██[38;2;53;194;255m██[38;2;53;194;255m██[38;2;53;194;255m██[38;2;0;162;232m██[38;2;0;128;183m██[38;2;0;128;183m██[38;2;0;128;183m██[38;2;0;128;183m██[38;2;0;128;183m██[38;2;0;97;138m██[38;2;0;97;138m██        
        [38;2;36;36;36m██[38;2;59;59;59m██[38;2;59;59;59m██[38;2;59;59;59m██[38;2;59;59;59m██[38;2;59;59;59m██[38;2;59;59;59m██[38;2;255;246;164m██[38;2;255;246;164m██[38;2;255;246;164m██[38;2;255;246;164m██[38;2;255;246;164m██[38;2;255;246;164m██[38;2;255;246;164m██[38;2;59;59;59m██[38;2;59;59;59m██[38;2;59;59;59m██[38;2;16;16;16m██[38;2;53;194;255m██[38;2;53;194;255m██[38;2;53;194;255m██[38;2;53;194;255m██[38;2;53;194;255m██[38;2;53;194;255m██[38;2;53;194;255m██[38;2;53;194;255m██[38;2;0;162;232m██[38;2;0;128;183m██[38;2;0;128;183m██[38;2;0;128;183m██[38;2;0;128;183m██[38;2;0;128;183m██[38;2;0;128;183m██[38;2;0;128;183m██[38;2;0;128;183m██[38;2;0;97;138m██[38;2;0;97;138m██    
        [38;2;36;36;36m██[38;2;59;59;59m██[38;2;59;59;59m██[38;2;59;59;59m██[38;2;59;59;59m██[38;2;59;59;59m██[38;2;205;172;82m██[38;2;255;246;164m██[38;2;255;246;164m██[38;2;16;16;16m██[38;2;16;16;16m██[38;2;255;246;164m██[38;2;255;246;164m██[38;2;255;246;164m██[38;2;205;172;82m██[38;2;59;59;59m██[38;2;59;59;59m██[38;2;16;16;16m██[38;2;53;194;255m██[38;2;53;194;255m██[38;2;53;194;255m██[38;2;53;194;255m██[38;2;53;194;255m██[38;2;53;194;255m██[38;2;53;194;255m██[38;2;0;162;232m██[38;2;0;162;232m██[38;2;0;162;232m██[38;2;0;128;183m██[38;2;0;128;183m██[38;2;0;128;183m██[38;2;0;128;183m██[38;2;0;128;183m██[38;2;0;128;183m██[38;2;0;128;183m██[38;2;0;128;183m██[38;2;0;128;183m██[38;2;0;97;138m██  
        [38;2;36;36;36m██[38;2;59;59;59m██[38;2;59;59;59m██[38;2;59;59;59m██[38;2;59;59;59m██[38;2;59;59;59m██[38;2;255;246;164m██[38;2;255;246;164m██[38;2;123;98;32m██[38;2;255;246;164m██[38;2;255;246;164m██[38;2;123;98;32m██[38;2;255;246;164m██[38;2;255;246;164m██[38;2;255;246;164m██[38;2;59;59;59m██[38;2;26;26;26m██[38;2;53;194;255m██[38;2;53;194;255m██[38;2;53;194;255m██[38;2;53;194;255m██[38;2;53;194;255m██[38;2;53;194;255m██[38;2;53;194;255m██[38;2;53;194;255m██[38;2;53;194;255m██[38;2;53;194;255m██[38;2;53;194;255m██[38;2;0;162;232m██[38;2;0;128;183m██[38;2;0;128;183m██[38;2;0;128;183m██[38;2;0;128;183m██[38;2;0;128;183m██[38;2;0;128;183m██[38;2;0;97;138m██[38;2;0;97;138m██    
        [38;2;26;26;26m██[38;2;59;59;59m██[38;2;59;59;59m██[38;2;59;59;59m██[38;2;26;26;26m██[38;2;205;172;82m██[38;2;255;246;164m██[38;2;205;172;82m██[38;2;255;246;164m██[38;2;255;246;164m██[38;2;255;246;164m██[38;2;205;172;82m██[38;2;255;246;164m██[38;2;255;246;164m██[38;2;255;246;164m██[38;2;59;59;59m██[38;2;16;16;16m██[38;2;26;26;26m██[38;2;53;194;255m██[38;2;53;194;255m██[38;2;42;42;42m██[38;2;53;194;255m██[38;2;53;194;255m██[38;2;53;194;255m██[38;2;53;194;255m██[38;2;53;194;255m██[38;2;0;162;232m██[38;2;0;162;232m██[38;2;0;128;183m██[38;2;0;128;183m██[38;2;0;128;183m██[38;2;0;128;183m██[38;2;0;97;138m██[38;2;0;97;138m██[38;2;0;97;138m██        
        [38;2;26;26;26m██[38;2;59;59;59m██[38;2;59;59;59m██[38;2;59;59;59m██[38;2;26;26;26m██[38;2;255;246;164m██[38;2;255;246;164m██[38;2;123;98;32m██[38;2;255;246;164m██[38;2;255;246;164m██[38;2;255;246;164m██[38;2;255;246;164m██[38;2;255;246;164m██[38;2;255;246;164m██[38;2;255;246;164m██[38;2;26;26;26m██[38;2;42;42;42m██[38;2;42;42;42m██[38;2;26;26;26m██[38;2;42;42;42m██[38;2;42;42;42m██[38;2;53;194;255m██[38;2;53;194;255m██[38;2;53;194;255m██[38;2;53;194;255m██[38;2;0;128;183m██[38;2;0;128;183m██[38;2;0;128;183m██[38;2;0;97;138m██[38;2;0;97;138m██[38;2;0;97;138m██[38;2;0;97;138m██              
      [38;2;59;59;59m██[38;2;89;89;89m██[38;2;59;59;59m██[38;2;59;59;59m██[38;2;59;59;59m██[38;2;26;26;26m██[38;2;255;246;164m██[38;2;255;246;164m██[38;2;255;246;164m██[38;2;255;246;164m██[38;2;255;246;164m██[38;2;255;246;164m██[38;2;255;246;164m██[38;2;255;246;164m██[38;2;255;246;164m██[38;2;42;42;42m██[38;2;16;16;16m██[38;2;42;42;42m██[38;2;42;42;42m██[38;2;42;42;42m██[38;2;42;42;42m██[38;2;42;42;42m██[38;2;42;42;42m██[38;2;42;42;42m██[38;2;53;194;255m██[38;2;0;162;232m██[38;2;0;128;183m██[38;2;0;128;183m██[38;2;0;128;183m██[38;2;0;97;138m██                    
    [38;2;59;59;59m██[38;2;89;89;89m██[38;2;89;89;89m██[38;2;89;89;89m██[38;2;59;59;59m██[38;2;59;59;59m██[38;2;255;246;164m██[38;2;255;246;164m██[38;2;255;246;164m██[38;2;255;246;164m██[38;2;255;246;164m██[38;2;255;246;164m██[38;2;255;246;164m██[38;2;255;246;164m██[38;2;255;246;164m██[38;2;205;172;82m██[38;2;16;16;16m██[38;2;42;42;42m██[38;2;42;42;42m██[38;2;42;42;42m██[38;2;42;42;42m██[38;2;42;42;42m██[38;2;42;42;42m██[38;2;42;42;42m██[38;2;53;194;255m██[38;2;53;194;255m██[38;2;53;194;255m██[38;2;0;162;232m██[38;2;0;128;183m██[38;2;0;128;183m██[38;2;0;128;183m██[38;2;0;97;138m██                  
  [38;2;59;59;59m██[38;2;89;89;89m██[38;2;89;89;89m██[38;2;89;89;89m██[38;2;59;59;59m██[38;2;59;59;59m██[38;2;255;246;164m██[38;2;255;246;164m██[38;2;255;246;164m██[38;2;255;246;164m██[38;2;255;246;164m██[38;2;255;246;164m██[38;2;255;246;164m██[38;2;255;246;164m██[38;2;205;172;82m██[38;2;123;98;32m██[38;2;123;98;32m██[38;2;205;172;82m██[38;2;42;42;42m██[38;2;42;42;42m██[38;2;42;42;42m██[38;2;42;42;42m██[38;2;42;42;42m██[38;2;42;42;42m██[38;2;42;42;42m██[38;2;16;16;16m██[38;2;0;162;232m██[38;2;0;128;183m██[38;2;0;128;183m██[38;2;0;97;138m██[38;2;0;97;138m██[38;2;0;97;138m██[38;2;0;97;138m██[38;2;0;97;138m██                
[38;2;59;59;59m██[38;2;89;89;89m██[38;2;89;89;89m██[38;2;59;59;59m██[38;2;59;59;59m██[38;2;255;246;164m██[38;2;255;246;164m██[38;2;255;246;164m██[38;2;255;246;164m██[38;2;123;98;32m██[38;2;16;16;16m██[38;2;16;16;16m██[38;2;123;98;32m██[38;2;205;172;82m██[38;2;123;98;32m██[38;2;123;98;32m██[38;2;205;172;82m██[38;2;205;172;82m██[38;2;205;172;82m██[38;2;205;172;82m██[38;2;42;42;42m██[38;2;42;42;42m██[38;2;42;42;42m██[38;2;42;42;42m██[38;2;42;42;42m██[38;2;42;42;42m██[38;2;42;42;42m██[38;2;16;16;16m██[38;2;0;128;183m██[38;2;0;128;183m██[38;2;0;128;183m██[38;2;0;97;138m██                      
[38;2;16;16;16m██[38;2;59;59;59m██[38;2;59;59;59m██[38;2;255;246;164m██[38;2;255;246;164m██[38;2;255;246;164m██[38;2;255;246;164m██[38;2;123;98;32m██[38;2;16;16;16m██[38;2;255;246;164m██[38;2;205;172;82m██[38;2;123;98;32m██[38;2;205;172;82m██[38;2;205;172;82m██[38;2;205;172;82m██[38;2;205;172;82m██[38;2;205;172;82m██[38;2;205;172;82m██[38;2;205;172;82m██[38;2;205;172;82m██[38;2;205;172;82m██[38;2;42;42;42m██[38;2;42;42;42m██[38;2;42;42;42m██[38;2;205;172;82m██[38;2;205;172;82m██[38;2;42;42;42m██[38;2;16;16;16m██[38;2;0;97;138m██[38;2;0;97;138m██[38;2;0;97;138m██[38;2;0;97;138m██[38;2;0;97;138m██                    
[38;2;16;16;16m██[38;2;255;246;164m██[38;2;205;172;82m██[38;2;255;246;164m██[38;2;123;98;32m██[38;2;16;16;16m██[38;2;16;16;16m██  [38;2;123;98;32m██[38;2;255;246;164m██[38;2;255;246;164m██[38;2;205;172;82m██[38;2;16;16;16m██[38;2;205;172;82m██[38;2;205;172;82m██[38;2;123;98;32m██[38;2;205;172;82m██[38;2;205;172;82m██[38;2;205;172;82m██[38;2;205;172;82m██[38;2;205;172;82m██[38;2;205;172;82m██[38;2;205;172;82m██[38;2;255;246;164m██[38;2;255;246;164m██[38;2;205;172;82m██[38;2;205;172;82m██[38;2;49;106;131m██[38;2;16;16;16m██                            
  [38;2;16;16;16m██[38;2;16;16;16m██[38;2;16;16;16m██          [38;2;123;98;32m██[38;2;255;246;164m██[38;2;205;172;82m██[38;2;16;16;16m██[38;2;205;172;82m██[38;2;16;16;16m██[38;2;205;172;82m██[38;2;205;172;82m██[38;2;255;246;164m██[38;2;255;246;164m██[38;2;123;98;32m██[38;2;205;172;82m██[38;2;205;172;82m██[38;2;123;98;32m██[38;2;255;246;164m██[38;2;255;246;164m██[38;2;255;246;164m██[38;2;205;172;82m██[38;2;205;172;82m██[38;2;16;16;16m██                            
                  [38;2;123;98;32m██[38;2;16;16;16m██[38;2;16;16;16m██[38;2;123;98;32m██[38;2;205;172;82m██[38;2;16;16;16m██[38;2;205;172;82m██[38;2;255;246;164m██[38;2;255;246;164m██[38;2;123;98;32m██[38;2;205;172;82m██[38;2;205;172;82m██[38;2;123;98;32m██[38;2;255;246;164m██[38;2;255;246;164m██[38;2;255;246;164m██[38;2;255;246;164m██[38;2;205;172;82m██[38;2;205;172;82m██[38;2;16;16;16m██                            
                  [38;2;123;98;32m██[38;2;255;246;164m██[38;2;255;246;164m██[38;2;205;172;82m██[38;2;123;98;32m██[38;2;205;172;82m██[38;2;16;16;16m██[38;2;16;16;16m██[38;2;123;98;32m██[38;2;205;172;82m██[38;2;205;172;82m██[38;2;205;172;82m██[38;2;16;16;16m██[38;2;255;246;164m██[38;2;255;246;164m██[38;2;255;246;164m██[38;2;255;246;164m██[38;2;205;172;82m██[38;2;205;172;82m██[38;2;16;16;16m██                            
                  [38;2;123;98;32m██[38;2;255;246;164m██[38;2;255;246;164m██[38;2;205;172;82m██[38;2;205;172;82m██[38;2;123;98;32m██[38;2;205;172;82m██[38;2;205;172;82m██[38;2;205;172;82m██[38;2;205;172;82m██[38;2;205;172;82m██[38;2;205;172;82m██[38;2;16;16;16m██[38;2;255;246;164m██[38;2;255;246;164m██[38;2;255;246;164m██[38;2;255;246;164m██[38;2;205;172;82m██[38;2;205;172;82m██[38;2;16;16;16m██                            
                    [38;2;123;98;32m██[38;2;205;172;82m██[38;2;205;172;82m██[38;2;205;172;82m██[38;2;205;172;82m██[38;2;205;172;82m██[38;2;16;16;16m██[38;2;16;16;16m██[38;2;123;98;32m██[38;2;205;172;82m██[38;2;205;172;82m██[38;2;16;16;16m██[38;2;205;172;82m██[38;2;255;246;164m██[38;2;255;246;164m██[38;2;205;172;82m██[38;2;205;172;82m██[38;2;123;98;32m██                              
                    [38;2;123;98;32m██[38;2;123;98;32m██[38;2;205;172;82m██[38;2;205;172;82m██[38;2;205;172;82m██[38;2;16;16;16m██      [38;2;16;16;16m██[38;2;16;16;16m██[38;2;16;16;16m██[38;2;123;98;32m██[38;2;205;172;82m██[38;2;205;172;82m██[38;2;205;172;82m██[38;2;205;172;82m██[38;2;16;16;16m██                              
                  [38;2;16;16;16m██[38;2;255;255;255m██[38;2;172;172;172m██[38;2;123;98;32m██[38;2;16;16;16m██[38;2;16;16;16m██              [38;2;16;16;16m██[38;2;123;98;32m██[38;2;123;98;32m██[38;2;205;172;82m██[38;2;16;16;16m██                                
                    [38;2;16;16;16m██[38;2;16;16;16m██[38;2;16;16;16m██                  [38;2;16;16;16m██[38;2;255;255;255m██[38;2;255;255;255m██[38;2;205;172;82m██[38;2;16;16;16m██                                
                                              [38;2;16;16;16m██[38;2;16;16;16m██[38;2;16;16;16m██                                  
