                                          [38;2;82;41;32m██[38;2;82;41;32m██                                        
                                        [38;2;82;41;32m██[38;2;230;197;74m██[38;2;123;65;57m██                                        
                                        [38;2;82;41;32m██[38;2;230;197;74m██[38;2;123;65;57m██                            [38;2;32;32;41m██[38;2;32;32;41m██[38;2;32;32;41m██[38;2;82;41;32m██[38;2;82;41;32m██  
                                      [38;2;82;41;32m██[38;2;156;98;74m██[38;2;197;156;65m██[38;2;123;65;57m██                      [38;2;32;32;41m██[38;2;32;32;41m██[38;2;32;32;41m██[38;2;230;197;74m██[38;2;230;197;74m██[38;2;255;238;148m██[38;2;255;238;148m██[38;2;82;41;32m██  
                                      [38;2;82;41;32m██[38;2;156;98;74m██[38;2;156;98;74m██[38;2;156;98;74m██[38;2;123;65;57m██                [38;2;32;32;41m██[38;2;32;32;41m██[38;2;156;98;74m██[38;2;156;98;74m██[38;2;230;197;74m██[38;2;255;238;148m██[38;2;255;238;148m██[38;2;255;238;148m██[38;2;82;41;32m██    
                                      [38;2;123;65;57m██[38;2;156;98;74m██[38;2;156;98;74m██[38;2;156;98;74m██[38;2;123;65;57m██            [38;2;32;32;41m██[38;2;32;32;41m██[38;2;156;98;74m██[38;2;156;98;74m██[38;2;156;98;74m██[38;2;230;197;74m██[38;2;230;197;74m██[38;2;230;197;74m██[38;2;172;131;41m██[38;2;82;41;32m██      
                                    [38;2;123;65;57m██[38;2;156;98;74m██[38;2;156;98;74m██[38;2;156;98;74m██[38;2;156;98;74m██[38;2;123;65;57m██[38;2;82;41;32m██[38;2;82;41;32m██[38;2;82;41;32m██[38;2;82;41;32m██[38;2;82;41;32m██[38;2;32;32;41m██[38;2;123;65;57m██[38;2;156;98;74m██[38;2;156;98;74m██[38;2;156;98;74m██[38;2;156;98;74m██[38;2;156;98;74m██[38;2;156;98;74m██[38;2;156;98;74m██[38;2;82;41;32m██        
                                    [38;2;82;41;32m██[38;2;156;98;74m██[38;2;156;98;74m██[38;2;156;98;74m██[38;2;123;65;57m██[38;2;123;65;57m██[38;2;156;98;74m██[38;2;156;98;74m██[38;2;156;98;74m██[38;2;156;98;74m██[38;2;123;65;57m██[38;2;123;65;57m██[38;2;156;98;74m██[38;2;156;98;74m██[38;2;156;98;74m██[38;2;156;98;74m██[38;2;156;98;74m██[38;2;156;98;74m██[38;2;156;98;74m██[38;2;82;41;32m██          
                                    [38;2;82;41;32m██[38;2;156;98;74m██[38;2;123;65;57m██[38;2;156;98;74m██[38;2;156;98;74m██[38;2;156;98;74m██[38;2;156;98;74m██[38;2;156;98;74m██[38;2;156;98;74m██[38;2;156;98;74m██[38;2;156;98;74m██[38;2;156;98;74m██[38;2;156;98;74m██[38;2;156;98;74m██[38;2;156;98;74m██[38;2;156;98;74m██[38;2;156;98;74m██[38;2;156;98;74m██[38;2;32;32;41m██            
                                    [38;2;82;41;32m██[38;2;123;65;57m██[38;2;156;98;74m██[38;2;156;98;74m██[38;2;156;98;74m██[38;2;156;98;74m██[38;2;156;98;74m██[38;2;156;98;74m██[38;2;156;98;74m██[38;2;156;98;74m██[38;2;156;98;74m██[38;2;156;98;74m██[38;2;156;98;74m██[38;2;156;98;74m██[38;2;156;98;74m██[38;2;156;98;74m██[38;2;82;41;32m██[38;2;32;32;41m██              
                                    [38;2;123;65;57m██[38;2;172;131;41m██[38;2;156;98;74m██[38;2;156;98;74m██[38;2;156;98;74m██[38;2;156;98;74m██[38;2;156;98;74m██[38;2;156;98;74m██[38;2;230;197;74m██[38;2;230;197;74m██[38;2;230;197;74m██[38;2;230;197;74m██[38;2;156;98;74m██[38;2;156;98;74m██[38;2;156;98;74m██[38;2;82;41;32m██[38;2;82;41;32m██                
                                    [38;2;172;131;41m██[38;2;255;255;197m██[38;2;156;98;74m██[38;2;156;98;74m██[38;2;156;98;74m██[38;2;156;98;74m██[38;2;230;197;74m██[38;2;255;238;148m██[38;2;255;255;197m██[38;2;255;255;197m██[38;2;255;255;197m██[38;2;255;255;197m██[38;2;255;238;148m██[38;2;156;98;74m██[38;2;156;98;74m██[38;2;123;65;57m██[38;2;82;41;32m██                
                                  [38;2;172;131;41m██[38;2;255;255;197m██[38;2;255;255;197m██[38;2;156;98;74m██[38;2;156;98;74m██[38;2;230;197;74m██[38;2;255;255;197m██[38;2;255;255;197m██[38;2;255;255;197m██[38;2;255;255;197m██[38;2;32;32;41m██[38;2;156;98;74m██[38;2;255;255;197m██[38;2;255;255;197m██[38;2;230;197;74m██[38;2;156;98;74m██[38;2;156;98;74m██[38;2;123;65;57m██[38;2;82;41;32m██              
                                  [38;2;32;32;41m██[38;2;255;238;148m██[38;2;255;255;197m██[38;2;230;197;74m██[38;2;230;197;74m██[38;2;255;255;197m██[38;2;255;255;197m██[38;2;255;255;197m██[38;2;255;255;197m██[38;2;32;32;41m██[38;2;255;255;255m██[38;2;32;32;41m██[38;2;156;98;74m██[38;2;255;238;148m██[38;2;255;238;148m██[38;2;156;98;74m██[38;2;156;98;74m██[38;2;156;98;74m██[38;2;82;41;32m██              
                                [38;2;32;32;41m██[38;2;255;255;255m██[38;2;156;98;74m██[38;2;255;255;197m██[38;2;255;255;197m██[38;2;255;255;197m██[38;2;255;255;197m██[38;2;255;255;197m██[38;2;255;255;197m██[38;2;255;255;197m██[38;2;32;32;41m██[38;2;115;115;115m██[38;2;32;32;41m██[38;2;156;98;74m██[38;2;255;238;148m██[38;2;255;238;148m██[38;2;172;131;41m██[38;2;156;98;74m██[38;2;156;98;74m██[38;2;156;98;74m██[38;2;32;32;41m██            
                                [38;2;32;32;41m██[38;2;115;115;115m██[38;2;156;98;74m██[38;2;255;255;197m██[38;2;255;255;197m██[38;2;255;255;197m██[38;2;255;255;197m██[38;2;255;255;197m██[38;2;255;255;197m██[38;2;255;238;148m██[38;2;230;197;74m██[38;2;32;32;41m██[38;2;172;131;41m██[38;2;255;238;148m██[38;2;255;238;148m██[38;2;255;238;148m██[38;2;255;238;148m██[38;2;156;98;74m██[38;2;156;98;74m██[38;2;156;98;74m██[38;2;32;32;41m██            
                                [38;2;156;98;74m██[38;2;32;32;41m██[38;2;255;255;197m██[38;2;255;255;197m██[38;2;255;238;148m██[38;2;82;41;32m██[38;2;82;41;32m██[38;2;255;238;148m██[38;2;255;238;148m██[38;2;255;238;148m██[38;2;255;238;148m██[38;2;255;238;148m██[38;2;255;238;148m██[38;2;255;238;148m██[38;2;172;131;41m██[38;2;123;65;57m██[38;2;255;238;148m██[38;2;230;197;74m██[38;2;156;98;74m██[38;2;156;98;74m██[38;2;82;41;32m██            
                                [38;2;156;98;74m██[38;2;255;255;197m██[38;2;255;255;197m██[38;2;255;238;148m██[38;2;172;131;41m██[38;2;156;0;0m██[38;2;156;0;0m██[38;2;82;41;32m██[38;2;255;238;148m██[38;2;255;238;148m██[38;2;255;238;148m██[38;2;255;238;148m██[38;2;255;238;148m██[38;2;255;238;148m██[38;2;230;197;74m██[38;2;123;65;57m██[38;2;123;65;57m██[38;2;255;238;148m██[38;2;230;197;74m██[38;2;156;98;74m██[38;2;156;98;74m██[38;2;32;32;41m██          
    [38;2;82;41;32m██[38;2;82;41;32m██[38;2;82;41;32m██                      [38;2;156;98;74m██[38;2;255;238;148m██[38;2;255;238;148m██[38;2;255;238;148m██[38;2;255;238;148m██[38;2;172;131;41m██[38;2;255;148;98m██[38;2;172;131;41m██[38;2;172;131;41m██[38;2;255;238;148m██[38;2;255;238;148m██[38;2;255;238;148m██[38;2;230;197;74m██[38;2;172;131;41m██[38;2;123;65;57m██[38;2;230;197;74m██[38;2;255;238;148m██[38;2;255;238;148m██[38;2;255;238;148m██[38;2;156;98;74m██[38;2;156;98;74m██[38;2;32;32;41m██          
    [38;2;82;41;32m██[38;2;255;238;148m██[38;2;255;238;148m██[38;2;82;41;32m██[38;2;82;41;32m██  [38;2;156;98;74m██[38;2;172;131;41m██              [38;2;156;98;74m██[38;2;255;238;148m██[38;2;255;238;148m██[38;2;255;238;148m██[38;2;255;238;148m██[38;2;172;131;41m██[38;2;172;131;41m██[38;2;255;238;148m██[38;2;255;238;148m██[38;2;255;238;148m██[38;2;255;238;148m██[38;2;255;238;148m██[38;2;230;197;74m██[38;2;123;65;57m██[38;2;123;65;57m██[38;2;255;238;148m██[38;2;255;238;148m██[38;2;255;238;148m██[38;2;255;238;148m██[38;2;156;98;74m██[38;2;32;32;41m██          
      [38;2;82;41;32m██[38;2;156;98;74m██[38;2;255;238;148m██[38;2;255;238;148m██[38;2;82;41;32m██[38;2;156;98;74m██[38;2;255;238;148m██[38;2;172;131;41m██            [38;2;156;98;74m██[38;2;255;238;148m██[38;2;255;238;148m██[38;2;255;238;148m██[38;2;255;238;148m██[38;2;255;238;148m██[38;2;255;238;148m██[38;2;255;238;148m██[38;2;255;238;148m██[38;2;255;238;148m██[38;2;255;238;148m██[38;2;255;238;148m██[38;2;255;238;148m██[38;2;255;238;148m██[38;2;255;238;148m██[38;2;255;238;148m██[38;2;255;238;148m██[38;2;255;238;148m██[38;2;255;238;148m██[38;2;156;98;74m██[38;2;156;98;74m██[38;2;32;32;41m██        
    [38;2;156;98;74m██[38;2;255;238;148m██[38;2;255;238;148m██[38;2;156;98;74m██[38;2;255;238;148m██[38;2;255;238;148m██[38;2;82;41;32m██[38;2;255;238;148m██[38;2;230;197;74m██              [38;2;156;98;74m██[38;2;255;238;148m██[38;2;255;238;148m██[38;2;255;238;148m██[38;2;255;238;148m██[38;2;255;238;148m██[38;2;255;238;148m██[38;2;255;238;148m██[38;2;255;238;148m██[38;2;255;238;148m██[38;2;255;238;148m██[38;2;255;238;148m██[38;2;255;238;148m██[38;2;255;238;148m██[38;2;255;238;148m██[38;2;255;238;148m██[38;2;255;238;148m██[38;2;255;238;148m██[38;2;230;197;74m██[38;2;156;98;74m██[38;2;32;32;41m██        
    [38;2;156;98;74m██[38;2;172;131;41m██[38;2;255;238;148m██[38;2;255;238;148m██[38;2;230;197;74m██[38;2;255;238;148m██[38;2;255;238;148m██[38;2;230;197;74m██[38;2;255;238;148m██[38;2;172;131;41m██              [38;2;156;98;74m██[38;2;230;197;74m██[38;2;255;238;148m██[38;2;255;238;148m██[38;2;255;238;148m██[38;2;255;238;148m██[38;2;255;238;148m██[38;2;255;238;148m██[38;2;255;238;148m██[38;2;255;238;148m██[38;2;255;238;148m██[38;2;255;238;148m██[38;2;255;238;148m██[38;2;255;238;148m██[38;2;255;238;148m██[38;2;255;238;148m██[38;2;255;238;148m██[38;2;255;238;148m██[38;2;156;98;74m██[38;2;32;32;41m██        
      [38;2;156;98;74m██[38;2;230;197;74m██[38;2;255;238;148m██[38;2;230;197;74m██[38;2;255;238;148m██[38;2;255;238;148m██[38;2;230;197;74m██[38;2;255;238;148m██[38;2;172;131;41m██                [38;2;172;131;41m██[38;2;230;197;74m██[38;2;255;238;148m██[38;2;255;238;148m██[38;2;255;238;148m██[38;2;255;238;148m██[38;2;255;238;148m██[38;2;255;238;148m██[38;2;255;238;148m██[38;2;255;238;148m██[38;2;255;238;148m██[38;2;255;238;148m██[38;2;255;238;148m██[38;2;255;238;148m██[38;2;255;238;148m██[38;2;255;238;148m██[38;2;255;238;148m██[38;2;156;98;74m██[38;2;82;41;32m██        
      [38;2;82;41;32m██[38;2;230;197;74m██[38;2;255;238;148m██[38;2;255;238;148m██[38;2;255;238;148m██[38;2;255;238;148m██[38;2;255;238;148m██[38;2;255;238;148m██[38;2;255;238;148m██[38;2;172;131;41m██                [38;2;172;131;41m██[38;2;255;238;148m██[38;2;255;238;148m██[38;2;255;238;148m██[38;2;255;238;148m██[38;2;255;238;148m██[38;2;255;238;148m██[38;2;255;238;148m██[38;2;255;238;148m██[38;2;255;238;148m██[38;2;255;238;148m██[38;2;255;238;148m██[38;2;255;238;148m██[38;2;255;238;148m██[38;2;255;238;148m██[38;2;255;238;148m██[38;2;156;98;74m██[38;2;82;41;32m██        
      [38;2;82;41;32m██[38;2;230;197;74m██[38;2;255;238;148m██[38;2;255;238;148m██[38;2;255;238;148m██[38;2;255;238;148m██[38;2;255;238;148m██[38;2;255;238;148m██[38;2;255;238;148m██[38;2;172;131;41m██                [38;2;172;131;41m██[38;2;230;197;74m██[38;2;255;238;148m██[38;2;255;238;148m██[38;2;255;238;148m██[38;2;255;238;148m██[38;2;255;238;148m██[38;2;255;238;148m██[38;2;255;238;148m██[38;2;255;238;148m██[38;2;255;238;148m██[38;2;255;238;148m██[38;2;255;238;148m██[38;2;255;238;148m██[38;2;255;238;148m██[38;2;255;238;148m██[38;2;230;197;74m██[38;2;156;98;74m██[38;2;32;32;41m██      
      [38;2;82;41;32m██[38;2;255;238;148m██[38;2;255;238;148m██[38;2;255;238;148m██[38;2;255;238;148m██[38;2;255;238;148m██[38;2;255;238;148m██[38;2;255;238;148m██[38;2;255;238;148m██[38;2;172;131;41m██                  [38;2;172;131;41m██[38;2;255;238;148m██[38;2;255;238;148m██[38;2;255;238;148m██[38;2;255;238;148m██[38;2;255;238;148m██[38;2;255;238;148m██[38;2;255;238;148m██[38;2;255;238;148m██[38;2;255;238;148m██[38;2;255;238;148m██[38;2;255;238;148m██[38;2;255;238;148m██[38;2;255;238;148m██[38;2;255;238;148m██[38;2;255;238;148m██[38;2;156;98;74m██[38;2;32;32;41m██      
    [38;2;82;41;32m██[38;2;255;238;148m██[38;2;255;238;148m██[38;2;255;238;148m██[38;2;255;238;148m██[38;2;255;238;148m██[38;2;255;238;148m██[38;2;255;238;148m██[38;2;255;238;148m██[38;2;255;238;148m██[38;2;172;131;41m██                  [38;2;172;131;41m██[38;2;255;238;148m██[38;2;255;238;148m██[38;2;255;238;148m██[38;2;255;238;148m██[38;2;255;238;148m██[38;2;255;238;148m██[38;2;255;238;148m██[38;2;255;238;148m██[38;2;255;238;148m██[38;2;255;238;148m██[38;2;255;238;148m██[38;2;255;238;148m██[38;2;255;238;148m██[38;2;255;238;148m██[38;2;255;238;148m██[38;2;156;98;74m██[38;2;82;41;32m██      
    [38;2;82;41;32m██[38;2;255;238;148m██[38;2;255;238;148m██[38;2;255;238;148m██[38;2;255;238;148m██[38;2;255;238;148m██[38;2;255;238;148m██[38;2;255;238;148m██[38;2;255;238;148m██[38;2;172;131;41m██                    [38;2;172;131;41m██[38;2;255;238;148m██[38;2;255;238;148m██[38;2;255;238;148m██[38;2;255;238;148m██[38;2;255;238;148m██[38;2;255;238;148m██[38;2;255;238;148m██[38;2;255;238;148m██[38;2;255;238;148m██[38;2;255;238;148m██[38;2;255;238;148m██[38;2;255;238;148m██[38;2;255;238;148m██[38;2;255;238;148m██[38;2;255;238;148m██[38;2;156;98;74m██[38;2;82;41;32m██      
  [38;2;82;41;32m██[38;2;255;238;148m██[38;2;255;238;148m██[38;2;197;156;65m██[38;2;156;98;74m██[38;2;156;98;74m██[38;2;156;98;74m██[38;2;156;98;74m██[38;2;197;156;65m██[38;2;255;238;148m██[38;2;172;131;41m██                    [38;2;82;41;32m██[38;2;255;238;148m██[38;2;255;238;148m██[38;2;255;238;148m██[38;2;255;238;148m██[38;2;255;238;148m██[38;2;255;238;148m██[38;2;255;238;148m██[38;2;255;238;148m██[38;2;255;238;148m██[38;2;255;238;148m██[38;2;255;238;148m██[38;2;255;238;148m██[38;2;255;238;148m██[38;2;255;238;148m██[38;2;255;238;148m██[38;2;230;197;74m██[38;2;123;65;57m██      
  [38;2;82;41;32m██[38;2;255;238;148m██[38;2;156;98;74m██[38;2;156;98;74m██[38;2;156;98;74m██[38;2;156;98;74m██[38;2;156;98;74m██[38;2;156;98;74m██[38;2;156;98;74m██[38;2;156;98;74m██[38;2;123;65;57m██                    [38;2;82;41;32m██[38;2;255;238;148m██[38;2;255;238;148m██[38;2;255;238;148m██[38;2;255;238;148m██[38;2;255;238;148m██[38;2;255;238;148m██[38;2;255;238;148m██[38;2;255;238;148m██[38;2;255;238;148m██[38;2;255;238;148m██[38;2;255;238;148m██[38;2;255;238;148m██[38;2;255;238;148m██[38;2;255;238;148m██[38;2;255;238;148m██[38;2;230;197;74m██[38;2;123;65;57m██      
  [38;2;82;41;32m██[38;2;156;98;74m██[38;2;156;98;74m██[38;2;156;98;74m██[38;2;156;98;74m██[38;2;156;98;74m██[38;2;156;98;74m██[38;2;156;98;74m██[38;2;156;98;74m██[38;2;156;98;74m██[38;2;123;65;57m██                    [38;2;82;41;32m██[38;2;255;238;148m██[38;2;255;238;148m██[38;2;255;238;148m██[38;2;255;238;148m██[38;2;255;238;148m██[38;2;255;238;148m██[38;2;255;238;148m██[38;2;255;238;148m██[38;2;255;238;148m██[38;2;255;238;148m██[38;2;255;238;148m██[38;2;255;238;148m██[38;2;255;238;148m██[38;2;255;238;148m██[38;2;255;238;148m██[38;2;230;197;74m██[38;2;123;65;57m██      
  [38;2;82;41;32m██[38;2;156;98;74m██[38;2;156;98;74m██[38;2;156;98;74m██[38;2;156;98;74m██[38;2;255;238;148m██[38;2;255;238;148m██[38;2;255;238;148m██[38;2;255;238;148m██[38;2;156;98;74m██[38;2;123;65;57m██                  [38;2;82;41;32m██[38;2;172;131;41m██[38;2;255;238;148m██[38;2;255;238;148m██[38;2;255;238;148m██[38;2;255;238;148m██[38;2;255;238;148m██[38;2;255;238;148m██[38;2;255;238;148m██[38;2;255;238;148m██[38;2;255;238;148m██[38;2;255;238;148m██[38;2;255;238;148m██[38;2;255;238;148m██[38;2;255;238;148m██[38;2;255;238;148m██[38;2;255;238;148m██[38;2;172;131;41m██[38;2;123;65;57m██      
[38;2;82;41;32m██[38;2;156;98;74m██[38;2;156;98;74m██[38;2;156;98;74m██[38;2;197;156;65m██[38;2;255;238;148m██[38;2;255;238;148m██[38;2;255;238;148m██[38;2;255;238;148m██[38;2;255;238;148m██[38;2;255;238;148m██[38;2;255;238;148m██[38;2;123;65;57m██                [38;2;82;41;32m██[38;2;230;197;74m██[38;2;255;238;148m██[38;2;255;238;148m██[38;2;255;238;148m██[38;2;255;238;148m██[38;2;255;238;148m██[38;2;255;238;148m██[38;2;255;238;148m██[38;2;255;238;148m██[38;2;255;238;148m██[38;2;255;238;148m██[38;2;255;238;148m██[38;2;255;238;148m██[38;2;255;238;148m██[38;2;255;238;148m██[38;2;255;238;148m██[38;2;255;238;148m██[38;2;172;131;41m██      
[38;2;82;41;32m██[38;2;156;98;74m██[38;2;156;98;74m██[38;2;255;238;148m██[38;2;255;238;148m██[38;2;255;238;148m██[38;2;255;238;148m██[38;2;255;238;148m██[38;2;255;238;148m██[38;2;197;156;65m██[38;2;156;98;74m██[38;2;156;98;74m██[38;2;156;98;74m██[38;2;123;65;57m██          [38;2;82;41;32m██[38;2;82;41;32m██[38;2;156;98;74m██[38;2;230;197;74m██[38;2;230;197;74m██[38;2;255;238;148m██[38;2;255;238;148m██[38;2;255;238;148m██[38;2;255;238;148m██[38;2;255;238;148m██[38;2;255;238;148m██[38;2;255;238;148m██[38;2;255;238;148m██[38;2;255;238;148m██[38;2;255;238;148m██[38;2;255;238;148m██[38;2;255;238;148m██[38;2;255;238;148m██[38;2;255;238;148m██[38;2;255;238;148m██[38;2;255;238;148m██[38;2;172;131;41m██    
[38;2;82;41;32m██[38;2;156;98;74m██[38;2;197;156;65m██[38;2;255;238;148m██[38;2;255;238;148m██[38;2;255;238;148m██[38;2;255;238;148m██[38;2;197;156;65m██[38;2;156;98;74m██[38;2;156;98;74m██[38;2;156;98;74m██[38;2;156;98;74m██[38;2;156;98;74m██[38;2;156;98;74m██[38;2;82;41;32m██[38;2;82;41;32m██[38;2;82;41;32m██[38;2;82;41;32m██[38;2;82;41;32m██[38;2;156;98;74m██[38;2;230;197;74m██[38;2;156;98;74m██[38;2;230;197;74m██[38;2;230;197;74m██[38;2;230;197;74m██[38;2;255;238;148m██[38;2;255;238;148m██[38;2;255;238;148m██[38;2;172;131;41m██[38;2;255;238;148m██[38;2;255;238;148m██[38;2;255;238;148m██[38;2;255;238;148m██[38;2;255;238;148m██[38;2;255;238;148m██[38;2;255;238;148m██[38;2;255;238;148m██[38;2;230;197;74m██[38;2;255;238;148m██[38;2;255;238;148m██[38;2;172;131;41m██    
[38;2;82;41;32m██[38;2;156;98;74m██[38;2;255;238;148m██[38;2;255;238;148m██[38;2;255;238;148m██[38;2;255;238;148m██[38;2;197;156;65m██[38;2;156;98;74m██[38;2;156;98;74m██[38;2;156;98;74m██[38;2;156;98;74m██[38;2;156;98;74m██[38;2;197;156;65m██[38;2;255;238;148m██[38;2;255;238;148m██[38;2;255;238;148m██[38;2;197;156;65m██[38;2;156;98;74m██[38;2;156;98;74m██[38;2;230;197;74m██[38;2;156;98;74m██[38;2;156;98;74m██[38;2;230;197;74m██[38;2;230;197;74m██[38;2;172;131;41m██[38;2;255;238;148m██[38;2;255;238;148m██[38;2;255;238;148m██[38;2;172;131;41m██[38;2;230;197;74m██[38;2;255;238;148m██[38;2;255;238;148m██[38;2;255;238;148m██[38;2;255;238;148m██[38;2;255;238;148m██[38;2;255;238;148m██[38;2;255;238;148m██[38;2;156;98;74m██[38;2;255;238;148m██[38;2;255;238;148m██[38;2;255;238;148m██[38;2;172;131;41m██  
[38;2;82;41;32m██[38;2;156;98;74m██[38;2;255;238;148m██[38;2;255;238;148m██[38;2;255;238;148m██[38;2;197;156;65m██[38;2;156;98;74m██[38;2;156;98;74m██[38;2;156;98;74m██[38;2;156;98;74m██[38;2;156;98;74m██[38;2;255;238;148m██[38;2;255;238;148m██[38;2;255;238;148m██[38;2;255;238;148m██[38;2;156;98;74m██[38;2;156;98;74m██[38;2;156;98;74m██[38;2;197;156;65m██[38;2;230;197;74m██[38;2;156;98;74m██[38;2;156;98;74m██[38;2;230;197;74m██[38;2;230;197;74m██[38;2;82;41;32m██[38;2;255;238;148m██[38;2;255;238;148m██[38;2;255;238;148m██[38;2;255;238;148m██[38;2;123;65;57m██[38;2;255;238;148m██[38;2;255;238;148m██[38;2;255;238;148m██[38;2;255;238;148m██[38;2;255;238;148m██[38;2;255;238;148m██[38;2;255;238;148m██[38;2;156;98;74m██[38;2;255;238;148m██[38;2;197;156;65m██[38;2;156;98;74m██[38;2;123;65;57m██[38;2;32;32;41m██
[38;2;82;41;32m██[38;2;230;197;74m██[38;2;255;238;148m██[38;2;255;238;148m██[38;2;255;238;148m██[38;2;156;98;74m██[38;2;156;98;74m██[38;2;156;98;74m██[38;2;156;98;74m██[38;2;156;98;74m██[38;2;255;238;148m██[38;2;255;238;148m██[38;2;255;238;148m██[38;2;255;238;148m██[38;2;156;98;74m██[38;2;156;98;74m██[38;2;156;98;74m██[38;2;156;98;74m██[38;2;255;238;148m██[38;2;255;238;148m██[38;2;156;98;74m██[38;2;156;98;74m██[38;2;156;98;74m██[38;2;230;197;74m██[38;2;32;32;41m██[38;2;255;238;148m██[38;2;255;238;148m██[38;2;197;156;65m██[38;2;156;98;74m██[38;2;156;98;74m██[38;2;32;32;41m██[38;2;255;238;148m██[38;2;255;238;148m██[38;2;255;238;148m██[38;2;255;238;148m██[38;2;255;238;148m██[38;2;255;238;148m██[38;2;230;197;74m██[38;2;156;98;74m██[38;2;156;98;74m██[38;2;156;98;74m██[38;2;156;98;74m██[38;2;32;32;41m██
[38;2;82;41;32m██[38;2;230;197;74m██[38;2;230;197;74m██[38;2;255;238;148m██[38;2;197;156;65m██[38;2;156;98;74m██[38;2;156;98;74m██[38;2;156;98;74m██[38;2;156;98;74m██[38;2;197;156;65m██[38;2;255;238;148m██[38;2;255;238;148m██[38;2;255;238;148m██[38;2;197;156;65m██[38;2;156;98;74m██[38;2;156;98;74m██[38;2;156;98;74m██[38;2;197;156;65m██[38;2;255;238;148m██[38;2;255;238;148m██[38;2;156;98;74m██[38;2;156;98;74m██[38;2;156;98;74m██[38;2;230;197;74m██[38;2;230;197;74m██[38;2;32;32;41m██[38;2;156;98;74m██[38;2;156;98;74m██[38;2;156;98;74m██[38;2;156;98;74m██[38;2;32;32;41m██[38;2;255;238;148m██[38;2;255;238;148m██[38;2;255;238;148m██[38;2;255;238;148m██[38;2;255;238;148m██[38;2;255;238;148m██[38;2;230;197;74m██[38;2;32;32;41m██[38;2;156;98;74m██[38;2;123;65;57m██[38;2;156;98;74m██[38;2;32;32;41m██
  [38;2;82;41;32m██[38;2;230;197;74m██[38;2;255;238;148m██[38;2;156;98;74m██[38;2;156;98;74m██[38;2;156;98;74m██[38;2;156;98;74m██[38;2;156;98;74m██[38;2;255;238;148m██[38;2;255;238;148m██[38;2;255;238;148m██[38;2;255;238;148m██[38;2;156;98;74m██[38;2;156;98;74m██[38;2;156;98;74m██[38;2;156;98;74m██[38;2;255;238;148m██[38;2;255;238;148m██[38;2;255;238;148m██[38;2;197;156;65m██[38;2;156;98;74m██[38;2;156;98;74m██[38;2;156;98;74m██[38;2;230;197;74m██[38;2;32;32;41m██[38;2;156;98;74m██[38;2;123;65;57m██[38;2;156;98;74m██[38;2;123;65;57m██[38;2;32;32;41m██[38;2;255;238;148m██[38;2;255;238;148m██[38;2;255;238;148m██[38;2;255;238;148m██[38;2;255;238;148m██[38;2;255;238;148m██[38;2;156;98;74m██[38;2;156;98;74m██[38;2;32;32;41m██[38;2;32;32;41m██[38;2;32;32;41m██  
  [38;2;82;41;32m██[38;2;230;197;74m██[38;2;156;98;74m██[38;2;156;98;74m██[38;2;156;98;74m██[38;2;156;98;74m██[38;2;156;98;74m██[38;2;197;156;65m██[38;2;255;238;148m██[38;2;255;238;148m██[38;2;255;238;148m██[38;2;197;156;65m██[38;2;156;98;74m██[38;2;156;98;74m██[38;2;156;98;74m██[38;2;156;98;74m██[38;2;255;238;148m██[38;2;255;238;148m██[38;2;255;238;148m██[38;2;255;238;148m██[38;2;156;98;74m██[38;2;156;98;74m██[38;2;156;98;74m██[38;2;156;98;74m██[38;2;156;98;74m██[38;2;32;32;41m██[38;2;32;32;41m██[38;2;32;32;41m██[38;2;32;32;41m██[38;2;255;238;148m██[38;2;255;238;148m██[38;2;255;238;148m██[38;2;255;238;148m██[38;2;197;156;65m██[38;2;156;98;74m██[38;2;156;98;74m██[38;2;156;98;74m██[38;2;123;65;57m██[38;2;82;41;32m██      
  [38;2;82;41;32m██[38;2;230;197;74m██[38;2;123;65;57m██[38;2;123;65;57m██[38;2;156;98;74m██[38;2;156;98;74m██[38;2;156;98;74m██[38;2;255;238;148m██[38;2;255;238;148m██[38;2;255;238;148m██[38;2;255;238;148m██[38;2;156;98;74m██[38;2;156;98;74m██[38;2;156;98;74m██[38;2;156;98;74m██[38;2;156;98;74m██[38;2;255;238;148m██[38;2;255;238;148m██[38;2;255;238;148m██[38;2;255;238;148m██[38;2;197;156;65m██[38;2;156;98;74m██[38;2;156;98;74m██[38;2;156;98;74m██[38;2;156;98;74m██[38;2;156;98;74m██[38;2;156;98;74m██[38;2;156;98;74m██[38;2;156;98;74m██[38;2;156;98;74m██[38;2;156;98;74m██[38;2;156;98;74m██[38;2;156;98;74m██[38;2;156;98;74m██[38;2;156;98;74m██[38;2;156;98;74m██[38;2;156;98;74m██[38;2;156;98;74m██[38;2;82;41;32m██      
    [38;2;82;41;32m██[38;2;123;65;57m██[38;2;123;65;57m██[38;2;123;65;57m██[38;2;156;98;74m██[38;2;156;98;74m██[38;2;255;238;148m██[38;2;255;238;148m██[38;2;255;238;148m██[38;2;255;238;148m██[38;2;156;98;74m██[38;2;156;98;74m██[38;2;156;98;74m██[38;2;156;98;74m██[38;2;156;98;74m██[38;2;197;156;65m██[38;2;255;238;148m██[38;2;255;238;148m██[38;2;255;238;148m██[38;2;255;238;148m██[38;2;156;98;74m██[38;2;156;98;74m██[38;2;156;98;74m██[38;2;156;98;74m██[38;2;156;98;74m██[38;2;156;98;74m██[38;2;156;98;74m██[38;2;156;98;74m██[38;2;156;98;74m██[38;2;156;98;74m██[38;2;156;98;74m██[38;2;156;98;74m██[38;2;156;98;74m██[38;2;156;98;74m██[38;2;156;98;74m██[38;2;156;98;74m██[38;2;230;197;74m██[38;2;172;131;41m██      
    [38;2;82;41;32m██[38;2;123;65;57m██[38;2;123;65;57m██[38;2;123;65;57m██[38;2;123;65;57m██[38;2;123;65;57m██[38;2;255;238;148m██[38;2;255;238;148m██[38;2;255;238;148m██[38;2;255;238;148m██[38;2;156;98;74m██[38;2;156;98;74m██[38;2;156;98;74m██[38;2;156;98;74m██[38;2;156;98;74m██[38;2;156;98;74m██[38;2;255;238;148m██[38;2;255;238;148m██[38;2;255;238;148m██[38;2;255;238;148m██[38;2;230;197;74m██[38;2;197;156;65m██[38;2;156;98;74m██[38;2;156;98;74m██[38;2;156;98;74m██[38;2;156;98;74m██[38;2;156;98;74m██[38;2;156;98;74m██[38;2;156;98;74m██[38;2;156;98;74m██[38;2;156;98;74m██[38;2;156;98;74m██[38;2;156;98;74m██[38;2;156;98;74m██[38;2;197;156;65m██[38;2;230;197;74m██[38;2;230;197;74m██[38;2;172;131;41m██      
      [38;2;82;41;32m██[38;2;123;65;57m██[38;2;123;65;57m██[38;2;123;65;57m██[38;2;123;65;57m██[38;2;230;197;74m██[38;2;230;197;74m██[38;2;230;197;74m██[38;2;255;238;148m██[38;2;156;98;74m██[38;2;156;98;74m██[38;2;156;98;74m██[38;2;156;98;74m██[38;2;156;98;74m██[38;2;156;98;74m██[38;2;197;156;65m██[38;2;255;238;148m██[38;2;230;197;74m██[38;2;230;197;74m██[38;2;230;197;74m██[38;2;230;197;74m██[38;2;230;197;74m██[38;2;230;197;74m██[38;2;197;156;65m██[38;2;156;98;74m██[38;2;156;98;74m██[38;2;156;98;74m██[38;2;156;98;74m██[38;2;156;98;74m██[38;2;156;98;74m██[38;2;156;98;74m██[38;2;197;156;65m██[38;2;230;197;74m██[38;2;230;197;74m██[38;2;230;197;74m██[38;2;172;131;41m██        
      [38;2;82;41;32m██[38;2;123;65;57m██[38;2;123;65;57m██[38;2;123;65;57m██[38;2;123;65;57m██[38;2;230;197;74m██[38;2;230;197;74m██[38;2;230;197;74m██[38;2;230;197;74m██[38;2;156;98;74m██[38;2;123;65;57m██[38;2;123;65;57m██[38;2;123;65;57m██[38;2;123;65;57m██[38;2;123;65;57m██[38;2;123;65;57m██[38;2;230;197;74m██[38;2;230;197;74m██[38;2;230;197;74m██[38;2;230;197;74m██[38;2;230;197;74m██[38;2;230;197;74m██[38;2;230;197;74m██[38;2;230;197;74m██[38;2;230;197;74m██[38;2;230;197;74m██[38;2;230;197;74m██[38;2;230;197;74m██[38;2;230;197;74m██[38;2;230;197;74m██[38;2;230;197;74m██[38;2;230;197;74m██[38;2;230;197;74m██[38;2;230;197;74m██[38;2;230;197;74m██[38;2;82;41;32m██        
        [38;2;82;41;32m██[38;2;123;65;57m██[38;2;123;65;57m██[38;2;123;65;57m██[38;2;156;98;74m██[38;2;230;197;74m██[38;2;230;197;74m██[38;2;230;197;74m██[38;2;230;197;74m██[38;2;123;65;57m██[38;2;123;65;57m██[38;2;123;65;57m██[38;2;123;65;57m██[38;2;123;65;57m██[38;2;123;65;57m██[38;2;123;65;57m██[38;2;156;98;74m██[38;2;230;197;74m██[38;2;230;197;74m██[38;2;230;197;74m██[38;2;230;197;74m██[38;2;230;197;74m██[38;2;230;197;74m██[38;2;230;197;74m██[38;2;230;197;74m██[38;2;230;197;74m██[38;2;230;197;74m██[38;2;230;197;74m██[38;2;230;197;74m██[38;2;230;197;74m██[38;2;230;197;74m██[38;2;230;197;74m██[38;2;230;197;74m██[38;2;82;41;32m██          
          [38;2;82;41;32m██[38;2;123;65;57m██[38;2;123;65;57m██[38;2;123;65;57m██[38;2;230;197;74m██[38;2;230;197;74m██[38;2;230;197;74m██[38;2;230;197;74m██[38;2;156;98;74m██[38;2;123;65;57m██[38;2;123;65;57m██[38;2;123;65;57m██[38;2;123;65;57m██[38;2;123;65;57m██[38;2;123;65;57m██[38;2;123;65;57m██[38;2;123;65;57m██[38;2;156;98;74m██[38;2;230;197;74m██[38;2;230;197;74m██[38;2;230;197;74m██[38;2;230;197;74m██[38;2;230;197;74m██[38;2;230;197;74m██[38;2;230;197;74m██[38;2;230;197;74m██[38;2;230;197;74m██[38;2;230;197;74m██[38;2;230;197;74m██[38;2;230;197;74m██[38;2;156;98;74m██[38;2;123;65;57m██[38;2;82;41;32m██          
            [38;2;82;41;32m██[38;2;123;65;57m██[38;2;123;65;57m██[38;2;123;65;57m██[38;2;230;197;74m██[38;2;230;197;74m██[38;2;230;197;74m██[38;2;230;197;74m██[38;2;123;65;57m██[38;2;123;65;57m██[38;2;123;65;57m██[38;2;123;65;57m██[38;2;123;65;57m██[38;2;123;65;57m██[38;2;123;65;57m██[38;2;123;65;57m██[38;2;123;65;57m██[38;2;123;65;57m██[38;2;123;65;57m██[38;2;156;98;74m██[38;2;230;197;74m██[38;2;230;197;74m██[38;2;230;197;74m██[38;2;230;197;74m██[38;2;230;197;74m██[38;2;230;197;74m██[38;2;230;197;74m██[38;2;156;98;74m██[38;2;123;65;57m██[38;2;123;65;57m██[38;2;82;41;32m██            
              [38;2;82;41;32m██[38;2;82;41;32m██[38;2;123;65;57m██[38;2;156;98;74m██[38;2;230;197;74m██[38;2;230;197;74m██[38;2;230;197;74m██[38;2;230;197;74m██[38;2;123;65;57m██[38;2;123;65;57m██[38;2;123;65;57m██[38;2;123;65;57m██[38;2;123;65;57m██[38;2;123;65;57m██[38;2;123;65;57m██[38;2;123;65;57m██[38;2;123;65;57m██[38;2;123;65;57m██[38;2;123;65;57m██[38;2;123;65;57m██[38;2;123;65;57m██[38;2;123;65;57m██[38;2;123;65;57m██[38;2;123;65;57m██[38;2;123;65;57m██[38;2;123;65;57m██[38;2;123;65;57m██[38;2;123;65;57m██[38;2;82;41;32m██              
                  [38;2;82;41;32m██[38;2;82;41;32m██[38;2;156;98;74m██[38;2;230;197;74m██[38;2;230;197;74m██[38;2;230;197;74m██[38;2;156;98;74m██[38;2;123;65;57m██[38;2;123;65;57m██[38;2;82;41;32m██[38;2;82;41;32m██[38;2;123;65;57m██[38;2;123;65;57m██[38;2;123;65;57m██[38;2;123;65;57m██[38;2;123;65;57m██[38;2;123;65;57m██[38;2;123;65;57m██[38;2;123;65;57m██[38;2;123;65;57m██[38;2;123;65;57m██[38;2;123;65;57m██[38;2;123;65;57m██[38;2;123;65;57m██[38;2;82;41;32m██[38;2;82;41;32m██                
                      [38;2;82;41;32m██[38;2;82;41;32m██[38;2;230;197;74m██[38;2;230;197;74m██[38;2;230;197;74m██[38;2;32;32;41m██[38;2;197;156;65m██[38;2;230;197;74m██[38;2;230;197;74m██[38;2;197;156;65m██[38;2;82;41;32m██[38;2;123;65;57m██[38;2;123;65;57m██[38;2;123;65;57m██[38;2;123;65;57m██[38;2;123;65;57m██[38;2;123;65;57m██[38;2;123;65;57m██[38;2;123;65;57m██[38;2;32;32;41m██[38;2;32;32;41m██[38;2;197;156;65m██[38;2;230;197;74m██[38;2;230;197;74m██[38;2;82;41;32m██              
                            [38;2;82;41;32m██[38;2;32;32;41m██[38;2;197;156;65m██[38;2;230;197;74m██[38;2;230;197;74m██[38;2;255;238;148m██[38;2;255;238;148m██[38;2;197;156;65m██[38;2;32;32;41m██[38;2;123;65;57m██[38;2;123;65;57m██[38;2;123;65;57m██[38;2;123;65;57m██[38;2;123;65;57m██[38;2;32;32;41m██[38;2;32;32;41m██[38;2;197;156;65m██[38;2;197;156;65m██[38;2;197;156;65m██[38;2;123;65;57m██[38;2;230;197;74m██[38;2;32;32;41m██              
                              [38;2;32;32;41m██[38;2;197;156;65m██[38;2;197;156;65m██[38;2;123;65;57m██[38;2;230;197;74m██[38;2;156;98;74m██[38;2;197;156;65m██[38;2;32;32;41m██[38;2;82;41;32m██[38;2;82;41;32m██[38;2;82;41;32m██[38;2;82;41;32m██      [38;2;82;41;32m██[38;2;32;32;41m██[38;2;32;32;41m██[38;2;32;32;41m██[38;2;32;32;41m██                
                                [38;2;32;32;41m██[38;2;32;32;41m██[38;2;32;32;41m██[38;2;32;32;41m██[38;2;32;32;41m██[38;2;82;41;32m██                                          
