                                            [38;2;16;16;16m██[38;2;16;16;16m██                                
                      [38;2;16;16;16m██[38;2;16;16;16m██                  [38;2;16;16;16m██[38;2;82;82;82m██[38;2;16;16;16m██                              
                      [38;2;16;16;16m██[38;2;82;82;82m██[38;2;16;16;16m██                  [38;2;16;16;16m██[38;2;82;82;82m██[38;2;16;16;16m██                            
                      [38;2;16;16;16m██[38;2;16;16;16m██[38;2;82;82;82m██[38;2;16;16;16m██                [38;2;16;16;16m██[38;2;82;82;82m██[38;2;82;82;82m██[38;2;16;16;16m██                          
                        [38;2;16;16;16m██[38;2;82;82;82m██[38;2;115;32;16m██[38;2;115;32;16m██[38;2;115;32;16m██[38;2;115;32;16m██[38;2;115;32;16m██[38;2;115;32;16m██        [38;2;16;16;16m██[38;2;82;82;82m██[38;2;16;16;16m██[38;2;16;16;16m██                        
                        [38;2;115;32;16m██[38;2;115;32;16m██[38;2;255;131;131m██[38;2;255;131;131m██[38;2;255;131;131m██[38;2;255;131;131m██[38;2;255;131;131m██[38;2;255;131;131m██[38;2;115;32;16m██[38;2;115;32;16m██      [38;2;16;16;16m██[38;2;16;16;16m██[38;2;16;16;16m██[38;2;16;16;16m██                      
                      [38;2;115;32;16m██[38;2;255;131;131m██[38;2;16;16;16m██[38;2;16;16;16m██[38;2;16;16;16m██[38;2;255;131;131m██[38;2;255;131;131m██[38;2;255;131;131m██[38;2;255;131;131m██[38;2;255;131;131m██[38;2;255;74;65m██[38;2;115;32;16m██[38;2;115;32;16m██    [38;2;16;16;16m██[38;2;16;16;16m██[38;2;16;16;16m██                      
                    [38;2;115;32;16m██[38;2;255;131;131m██[38;2;16;16;16m██[38;2;16;16;16m██[38;2;16;16;16m██[38;2;16;16;16m██[38;2;16;16;16m██[38;2;255;74;65m██[38;2;197;57;90m██[38;2;197;57;90m██[38;2;197;57;90m██[38;2;197;57;90m██[38;2;197;57;90m██[38;2;197;57;90m██[38;2;115;32;16m██  [38;2;16;16;16m██[38;2;16;16;16m██                        
                  [38;2;115;32;16m██[38;2;255;131;131m██[38;2;16;16;16m██[38;2;16;16;16m██[38;2;16;16;16m██[38;2;16;16;16m██[38;2;16;16;16m██[38;2;16;16;16m██[38;2;197;57;90m██[38;2;197;57;90m██[38;2;197;57;90m██[38;2;197;57;90m██[38;2;197;57;90m██[38;2;197;57;90m██[38;2;197;57;90m██[38;2;197;57;90m██[38;2;115;32;16m██[38;2;16;16;16m██[38;2;16;16;16m██                        
                  [38;2;115;32;16m██[38;2;255;131;131m██[38;2;16;16;16m██[38;2;16;16;16m██[38;2;16;16;16m██[38;2;16;16;16m██[38;2;16;16;16m██[38;2;16;16;16m██[38;2;197;57;90m██[38;2;197;57;90m██[38;2;197;57;90m██[38;2;197;57;90m██[38;2;197;57;90m██[38;2;197;57;90m██[38;2;197;57;90m██[38;2;197;57;90m██[38;2;197;57;90m██[38;2;16;16;16m██                          
                [38;2;115;32;16m██[38;2;255;131;131m██[38;2;255;131;131m██[38;2;16;16;16m██[38;2;16;16;16m██[38;2;16;16;16m██[38;2;16;16;16m██[38;2;16;16;16m██[38;2;197;57;90m██[38;2;197;57;90m██[38;2;197;57;90m██[38;2;197;57;90m██[38;2;197;57;90m██[38;2;197;57;90m██[38;2;197;57;90m██[38;2;197;57;90m██[38;2;197;57;90m██[38;2;197;57;90m██[38;2;115;32;16m██                          
                [38;2;115;32;16m██[38;2;255;131;131m██[38;2;255;74;65m██[38;2;197;57;90m██[38;2;16;16;16m██[38;2;16;16;16m██[38;2;16;16;16m██[38;2;197;57;90m██[38;2;197;57;90m██[38;2;197;57;90m██[38;2;197;57;90m██[38;2;197;57;90m██[38;2;197;57;90m██[38;2;197;57;90m██[38;2;197;57;90m██[38;2;197;57;90m██[38;2;197;57;90m██[38;2;197;57;90m██[38;2;197;57;90m██[38;2;115;32;16m██                        
                [38;2;115;32;16m██[38;2;255;131;131m██[38;2;197;57;90m██[38;2;197;57;90m██[38;2;197;57;90m██[38;2;197;57;90m██[38;2;197;57;90m██[38;2;197;57;90m██[38;2;197;57;90m██[38;2;197;57;90m██[38;2;197;57;90m██[38;2;197;57;90m██[38;2;197;57;90m██[38;2;197;57;90m██[38;2;197;57;90m██[38;2;197;57;90m██[38;2;197;57;90m██[38;2;197;57;90m██[38;2;197;57;90m██[38;2;16;16;16m██                        
                [38;2;115;32;16m██[38;2;255;74;65m██[38;2;197;57;90m██[38;2;197;57;90m██[38;2;197;57;90m██[38;2;197;57;90m██[38;2;197;57;90m██[38;2;197;57;90m██[38;2;197;57;90m██[38;2;197;57;90m██[38;2;197;57;90m██[38;2;197;57;90m██[38;2;197;57;90m██[38;2;197;57;90m██[38;2;197;57;90m██[38;2;197;57;90m██[38;2;197;57;90m██[38;2;197;57;90m██[38;2;82;82;82m██[38;2;255;255;255m██[38;2;16;16;16m██                      
                [38;2;115;32;16m██[38;2;197;57;90m██[38;2;197;57;90m██[38;2;197;57;90m██[38;2;197;57;90m██[38;2;197;57;90m██[38;2;197;57;90m██[38;2;197;57;90m██[38;2;197;57;90m██[38;2;197;57;90m██[38;2;197;57;90m██[38;2;197;57;90m██[38;2;197;57;90m██[38;2;197;57;90m██[38;2;197;57;90m██[38;2;197;57;90m██[38;2;197;57;90m██[38;2;197;57;90m██[38;2;82;82;82m██[38;2;180;180;180m██[38;2;0;16;90m██                      
                [38;2;115;32;16m██[38;2;197;57;90m██[38;2;197;57;90m██[38;2;197;57;90m██[38;2;197;57;90m██[38;2;197;57;90m██[38;2;197;57;90m██[38;2;197;57;90m██[38;2;197;57;90m██[38;2;197;57;90m██[38;2;197;57;90m██[38;2;197;57;90m██[38;2;197;57;90m██[38;2;197;57;90m██[38;2;197;57;90m██[38;2;197;57;90m██[38;2;197;57;90m██[38;2;197;57;90m██[38;2;0;16;90m██[38;2;0;16;90m██[38;2;0;16;90m██                      
                  [38;2;115;32;16m██[38;2;197;57;90m██[38;2;197;57;90m██[38;2;197;57;90m██[38;2;197;57;90m██[38;2;197;57;90m██[38;2;197;57;90m██[38;2;197;57;90m██[38;2;197;57;90m██[38;2;197;57;90m██[38;2;197;57;90m██[38;2;197;57;90m██[38;2;197;57;90m██[38;2;197;57;90m██[38;2;197;57;90m██[38;2;197;57;90m██[38;2;197;57;90m██[38;2;0;16;90m██[38;2;0;16;90m██[38;2;0;16;90m██                      
                  [38;2;16;16;16m██[38;2;197;57;90m██[38;2;197;57;90m██[38;2;197;57;90m██[38;2;197;57;90m██[38;2;197;57;90m██[38;2;197;57;90m██[38;2;197;57;90m██[38;2;197;57;90m██[38;2;197;57;90m██[38;2;197;57;90m██[38;2;197;57;90m██[38;2;197;57;90m██[38;2;197;57;90m██[38;2;197;57;90m██[38;2;197;57;90m██[38;2;197;57;90m██[38;2;0;16;90m██[38;2;0;106;222m██[38;2;0;16;90m██                      
                  [38;2;16;16;16m██[38;2;197;57;90m██[38;2;197;57;90m██[38;2;197;57;90m██[38;2;197;57;90m██[38;2;197;57;90m██[38;2;197;57;90m██[38;2;197;57;90m██[38;2;197;57;90m██[38;2;197;57;90m██[38;2;197;57;90m██[38;2;197;57;90m██[38;2;197;57;90m██[38;2;197;57;90m██[38;2;197;57;90m██[38;2;197;57;90m██[38;2;205;180;57m██[38;2;0;16;90m██[38;2;0;106;222m██[38;2;0;16;90m██                      
            [38;2;82;82;82m██[38;2;82;82;82m██[38;2;82;82;82m██[38;2;82;82;82m██[38;2;16;16;16m██[38;2;197;57;90m██[38;2;197;57;90m██[38;2;197;57;90m██[38;2;197;57;90m██[38;2;197;57;90m██[38;2;197;57;90m██[38;2;197;57;90m██[38;2;197;57;90m██[38;2;197;57;90m██[38;2;197;57;90m██[38;2;197;57;90m██[38;2;197;57;90m██[38;2;197;57;90m██[38;2;164;123;0m██[38;2;205;180;57m██[38;2;164;123;0m██[38;2;0;106;222m██[38;2;16;16;16m██                      
          [38;2;82;82;82m██[38;2;255;255;255m██[38;2;255;255;255m██[38;2;180;180;180m██[38;2;180;180;180m██[38;2;16;16;16m██[38;2;197;57;90m██[38;2;197;57;90m██[38;2;197;57;90m██[38;2;197;57;90m██[38;2;197;57;90m██[38;2;197;57;90m██[38;2;197;57;90m██[38;2;197;57;90m██[38;2;197;57;90m██[38;2;197;57;90m██[38;2;197;57;90m██[38;2;197;57;90m██[38;2;197;57;90m██[38;2;164;123;0m██[38;2;205;180;57m██[38;2;205;180;57m██[38;2;16;16;16m██          [38;2;82;82;82m██[38;2;82;82;82m██[38;2;82;82;82m██[38;2;82;82;82m██      
        [38;2;82;82;82m██[38;2;180;180;180m██[38;2;115;32;16m██[38;2;115;32;16m██[38;2;115;32;16m██[38;2;115;32;16m██[38;2;115;32;16m██[38;2;16;16;16m██[38;2;197;57;90m██[38;2;197;57;90m██[38;2;197;57;90m██[38;2;197;57;90m██[38;2;197;57;90m██[38;2;197;57;90m██[38;2;197;57;90m██[38;2;197;57;90m██[38;2;197;57;90m██[38;2;197;57;90m██[38;2;197;57;90m██[38;2;197;57;90m██[38;2;164;123;0m██[38;2;205;180;57m██[38;2;205;180;57m██[38;2;16;16;16m██      [38;2;82;82;82m██[38;2;82;82;82m██[38;2;255;255;255m██[38;2;255;255;255m██[38;2;255;255;255m██[38;2;255;255;255m██[38;2;82;82;82m██    
        [38;2;115;32;16m██[38;2;115;32;16m██[38;2;255;131;131m██[38;2;255;131;131m██[38;2;255;131;131m██[38;2;255;74;65m██[38;2;115;32;16m██[38;2;115;32;16m██[38;2;16;16;16m██[38;2;197;57;90m██[38;2;197;57;90m██[38;2;197;57;90m██[38;2;197;57;90m██[38;2;197;57;90m██[38;2;197;57;90m██[38;2;115;32;16m██[38;2;115;32;16m██[38;2;115;32;16m██[38;2;115;32;16m██[38;2;115;32;16m██[38;2;197;57;90m██[38;2;164;123;0m██[38;2;16;16;16m██        [38;2;82;82;82m██[38;2;255;255;255m██[38;2;255;255;255m██[38;2;255;255;255m██[38;2;255;255;255m██[38;2;255;255;255m██[38;2;180;180;180m██[38;2;82;82;82m██  
      [38;2;82;82;82m██[38;2;255;131;131m██[38;2;255;131;131m██[38;2;255;74;65m██[38;2;197;57;90m██[38;2;197;57;90m██[38;2;197;57;90m██[38;2;197;57;90m██[38;2;197;57;90m██[38;2;115;32;16m██[38;2;16;16;16m██[38;2;197;57;90m██[38;2;197;57;90m██[38;2;115;32;16m██[38;2;115;32;16m██[38;2;115;32;16m██[38;2;255;131;131m██[38;2;255;131;131m██[38;2;255;131;131m██[38;2;255;131;131m██[38;2;255;74;65m██[38;2;115;32;16m██[38;2;115;32;16m██[38;2;16;16;16m██      [38;2;16;16;16m██[38;2;180;180;180m██[38;2;82;82;82m██[38;2;180;180;180m██[38;2;255;255;255m██[38;2;255;255;255m██[38;2;255;255;255m██[38;2;180;180;180m██[38;2;82;82;82m██  
    [38;2;82;82;82m██[38;2;16;16;16m██[38;2;255;74;65m██[38;2;197;57;90m██[38;2;197;57;90m██[38;2;197;57;90m██[38;2;197;57;90m██[38;2;197;57;90m██[38;2;197;57;90m██[38;2;197;57;90m██[38;2;197;57;90m██[38;2;115;32;16m██[38;2;16;16;16m██[38;2;115;32;16m██[38;2;197;57;90m██[38;2;255;74;65m██[38;2;255;131;131m██[38;2;255;131;131m██[38;2;255;131;131m██[38;2;255;74;65m██[38;2;197;57;90m██[38;2;197;57;90m██[38;2;197;57;90m██[38;2;197;57;90m██[38;2;115;32;16m██[38;2;115;32;16m██    [38;2;16;16;16m██[38;2;82;82;82m██[38;2;255;255;255m██[38;2;255;255;255m██[38;2;255;255;255m██[38;2;255;255;255m██[38;2;180;180;180m██[38;2;180;180;180m██[38;2;180;180;180m██[38;2;16;16;16m██
  [38;2;82;82;82m██[38;2;16;16;16m██[38;2;16;16;16m██[38;2;197;57;90m██[38;2;197;57;90m██[38;2;197;57;90m██[38;2;197;57;90m██[38;2;16;16;16m██[38;2;16;16;16m██[38;2;16;16;16m██[38;2;16;16;16m██[38;2;197;57;90m██[38;2;115;32;16m██[38;2;115;32;16m██[38;2;197;57;90m██[38;2;197;57;90m██[38;2;197;57;90m██[38;2;197;57;90m██[38;2;197;57;90m██[38;2;197;57;90m██[38;2;197;57;90m██[38;2;197;57;90m██[38;2;197;57;90m██[38;2;197;57;90m██[38;2;197;57;90m██[38;2;197;57;90m██[38;2;197;57;90m██[38;2;115;32;16m██    [38;2;16;16;16m██[38;2;180;180;180m██[38;2;16;16;16m██[38;2;82;82;82m██[38;2;180;180;180m██[38;2;180;180;180m██[38;2;180;180;180m██[38;2;180;180;180m██[38;2;16;16;16m██
  [38;2;16;16;16m██[38;2;16;16;16m██[38;2;197;57;90m██[38;2;197;57;90m██[38;2;197;57;90m██[38;2;197;57;90m██[38;2;16;16;16m██[38;2;16;16;16m██[38;2;16;16;16m██[38;2;16;16;16m██[38;2;16;16;16m██[38;2;16;16;16m██[38;2;115;32;16m██[38;2;197;57;90m██[38;2;197;57;90m██[38;2;16;16;16m██[38;2;16;16;16m██[38;2;16;16;16m██[38;2;16;16;16m██[38;2;197;57;90m██[38;2;197;57;90m██[38;2;197;57;90m██[38;2;197;57;90m██[38;2;197;57;90m██[38;2;115;32;16m██[38;2;16;16;16m██[38;2;16;16;16m██[38;2;197;57;90m██[38;2;115;32;16m██[38;2;16;16;16m██[38;2;16;16;16m██[38;2;16;16;16m██[38;2;82;82;82m██[38;2;16;16;16m██[38;2;180;180;180m██[38;2;180;180;180m██[38;2;180;180;180m██[38;2;180;180;180m██[38;2;16;16;16m██
[38;2;115;32;16m██[38;2;197;57;90m██[38;2;197;57;90m██[38;2;197;57;90m██[38;2;197;57;90m██[38;2;197;57;90m██[38;2;197;57;90m██[38;2;16;16;16m██[38;2;16;16;16m██[38;2;16;16;16m██[38;2;16;16;16m██[38;2;16;16;16m██[38;2;180;180;180m██[38;2;82;82;82m██[38;2;115;32;16m██[38;2;16;16;16m██[38;2;16;16;16m██[38;2;16;16;16m██[38;2;16;16;16m██[38;2;16;16;16m██[38;2;16;16;16m██[38;2;197;57;90m██[38;2;197;57;90m██[38;2;197;57;90m██[38;2;197;57;90m██[38;2;16;16;16m██[38;2;16;16;16m██[38;2;16;16;16m██[38;2;16;16;16m██[38;2;115;32;16m██[38;2;82;82;82m██[38;2;82;82;82m██[38;2;82;82;82m██[38;2;16;16;16m██[38;2;16;16;16m██[38;2;180;180;180m██[38;2;180;180;180m██[38;2;180;180;180m██[38;2;16;16;16m██  
[38;2;115;32;16m██[38;2;197;57;90m██[38;2;197;57;90m██[38;2;197;57;90m██[38;2;115;32;16m██[38;2;115;32;16m██[38;2;115;32;16m██[38;2;16;16;16m██[38;2;16;16;16m██[38;2;213;213;213m██[38;2;213;213;213m██[38;2;180;180;180m██[38;2;180;180;180m██[38;2;82;82;82m██[38;2;180;180;180m██[38;2;180;180;180m██[38;2;16;16;16m██[38;2;16;16;16m██[38;2;16;16;16m██[38;2;16;16;16m██[38;2;16;16;16m██[38;2;197;57;90m██[38;2;197;57;90m██[38;2;197;57;90m██[38;2;197;57;90m██[38;2;16;16;16m██[38;2;16;16;16m██[38;2;16;16;16m██[38;2;16;16;16m██[38;2;197;57;90m██[38;2;115;32;16m██[38;2;16;16;16m██[38;2;16;16;16m██[38;2;16;16;16m██[38;2;180;180;180m██[38;2;180;180;180m██[38;2;180;180;180m██[38;2;16;16;16m██    
[38;2;115;32;16m██[38;2;115;32;16m██[38;2;115;32;16m██[38;2;115;32;16m██  [38;2;82;82;82m██[38;2;82;82;82m██[38;2;255;255;255m██[38;2;255;255;255m██[38;2;213;213;213m██[38;2;180;180;180m██[38;2;180;180;180m██[38;2;82;82;82m██[38;2;82;82;82m██[38;2;180;180;180m██[38;2;180;180;180m██[38;2;180;180;180m██[38;2;180;180;180m██[38;2;16;16;16m██[38;2;16;16;16m██[38;2;16;16;16m██[38;2;197;57;90m██[38;2;197;57;90m██[38;2;197;57;90m██[38;2;197;57;90m██[38;2;197;57;90m██[38;2;16;16;16m██[38;2;16;16;16m██[38;2;115;32;16m██[38;2;197;57;90m██[38;2;115;32;16m██      [38;2;16;16;16m██[38;2;16;16;16m██[38;2;16;16;16m██      
      [38;2;82;82;82m██[38;2;82;82;82m██[38;2;255;255;255m██[38;2;255;255;255m██[38;2;255;255;255m██[38;2;213;213;213m██[38;2;213;213;213m██[38;2;180;180;180m██[38;2;180;180;180m██[38;2;82;82;82m██[38;2;197;57;90m██[38;2;82;82;82m██[38;2;180;180;180m██[38;2;180;180;180m██[38;2;180;180;180m██[38;2;180;180;180m██[38;2;180;180;180m██[38;2;16;16;16m██[38;2;115;32;16m██[38;2;197;57;90m██[38;2;197;57;90m██[38;2;197;57;90m██[38;2;197;57;90m██[38;2;197;57;90m██[38;2;197;57;90m██[38;2;197;57;90m██[38;2;197;57;90m██[38;2;115;32;16m██                  
    [38;2;82;82;82m██[38;2;255;255;255m██[38;2;255;255;255m██[38;2;255;255;255m██[38;2;255;255;255m██[38;2;213;213;213m██[38;2;213;213;213m██[38;2;180;180;180m██[38;2;180;180;180m██[38;2;180;180;180m██[38;2;82;82;82m██[38;2;197;57;90m██[38;2;82;82;82m██[38;2;180;180;180m██[38;2;180;180;180m██[38;2;180;180;180m██[38;2;180;180;180m██[38;2;180;180;180m██[38;2;180;180;180m██[38;2;180;180;180m██[38;2;115;32;16m██[38;2;115;32;16m██[38;2;197;57;90m██[38;2;197;57;90m██[38;2;197;57;90m██[38;2;197;57;90m██[38;2;197;57;90m██[38;2;197;57;90m██[38;2;115;32;16m██      [38;2;82;82;82m██[38;2;82;82;82m██[38;2;82;82;82m██[38;2;82;82;82m██    
    [38;2;82;82;82m██[38;2;255;255;255m██[38;2;255;255;255m██[38;2;213;213;213m██[38;2;213;213;213m██[38;2;213;213;213m██[38;2;213;213;213m██[38;2;180;180;180m██[38;2;180;180;180m██[38;2;82;82;82m██[38;2;197;57;90m██[38;2;197;57;90m██[38;2;82;82;82m██[38;2;180;180;180m██[38;2;180;180;180m██[38;2;180;180;180m██[38;2;180;180;180m██[38;2;180;180;180m██[38;2;180;180;180m██[38;2;180;180;180m██[38;2;180;180;180m██[38;2;180;180;180m██[38;2;115;32;16m██[38;2;115;32;16m██[38;2;115;32;16m██[38;2;197;57;90m██[38;2;197;57;90m██[38;2;197;57;90m██[38;2;115;32;16m██    [38;2;82;82;82m██[38;2;255;255;255m██[38;2;255;255;255m██[38;2;255;255;255m██[38;2;255;255;255m██[38;2;82;82;82m██  
    [38;2;82;82;82m██[38;2;255;255;255m██[38;2;255;255;255m██[38;2;213;213;213m██[38;2;213;213;213m██[38;2;213;213;213m██[38;2;213;213;213m██[38;2;180;180;180m██[38;2;180;180;180m██[38;2;82;82;82m██[38;2;197;57;90m██[38;2;197;57;90m██[38;2;197;57;90m██[38;2;82;82;82m██[38;2;180;180;180m██[38;2;180;180;180m██[38;2;180;180;180m██[38;2;180;180;180m██[38;2;180;180;180m██[38;2;180;180;180m██[38;2;180;180;180m██[38;2;180;180;180m██[38;2;180;180;180m██[38;2;82;82;82m██[38;2;16;16;16m██[38;2;115;32;16m██[38;2;115;32;16m██[38;2;115;32;16m██[38;2;16;16;16m██  [38;2;82;82;82m██[38;2;180;180;180m██[38;2;255;255;255m██[38;2;255;255;255m██[38;2;255;255;255m██[38;2;180;180;180m██[38;2;180;180;180m██[38;2;82;82;82m██
      [38;2;82;82;82m██[38;2;255;255;255m██[38;2;213;213;213m██[38;2;213;213;213m██[38;2;213;213;213m██[38;2;213;213;213m██[38;2;180;180;180m██[38;2;180;180;180m██[38;2;82;82;82m██[38;2;197;57;90m██[38;2;197;57;90m██[38;2;197;57;90m██[38;2;82;82;82m██[38;2;180;180;180m██[38;2;180;180;180m██[38;2;180;180;180m██[38;2;180;180;180m██[38;2;180;180;180m██[38;2;180;180;180m██[38;2;180;180;180m██[38;2;180;180;180m██[38;2;180;180;180m██[38;2;213;213;213m██[38;2;82;82;82m██[38;2;16;16;16m██[38;2;16;16;16m██[38;2;16;16;16m██[38;2;16;16;16m██[38;2;16;16;16m██[38;2;16;16;16m██[38;2;16;16;16m██[38;2;82;82;82m██[38;2;180;180;180m██[38;2;180;180;180m██[38;2;180;180;180m██[38;2;180;180;180m██[38;2;82;82;82m██
      [38;2;82;82;82m██[38;2;255;255;255m██[38;2;213;213;213m██[38;2;213;213;213m██[38;2;213;213;213m██[38;2;213;213;213m██[38;2;180;180;180m██[38;2;82;82;82m██[38;2;197;57;90m██[38;2;197;57;90m██[38;2;197;57;90m██[38;2;197;57;90m██[38;2;82;82;82m██[38;2;180;180;180m██[38;2;180;180;180m██[38;2;180;180;180m██[38;2;180;180;180m██[38;2;180;180;180m██[38;2;180;180;180m██[38;2;180;180;180m██[38;2;180;180;180m██[38;2;180;180;180m██[38;2;213;213;213m██[38;2;82;82;82m██  [38;2;16;16;16m██[38;2;16;16;16m██[38;2;16;16;16m██[38;2;82;82;82m██[38;2;82;82;82m██[38;2;82;82;82m██[38;2;16;16;16m██[38;2;180;180;180m██[38;2;180;180;180m██[38;2;180;180;180m██[38;2;180;180;180m██[38;2;16;16;16m██
        [38;2;82;82;82m██[38;2;255;255;255m██[38;2;213;213;213m██[38;2;213;213;213m██[38;2;213;213;213m██[38;2;180;180;180m██[38;2;82;82;82m██[38;2;197;57;90m██[38;2;197;57;90m██[38;2;197;57;90m██[38;2;197;57;90m██[38;2;197;57;90m██[38;2;82;82;82m██[38;2;180;180;180m██[38;2;180;180;180m██[38;2;180;180;180m██[38;2;180;180;180m██[38;2;180;180;180m██[38;2;180;180;180m██[38;2;180;180;180m██[38;2;180;180;180m██[38;2;82;82;82m██        [38;2;16;16;16m██[38;2;16;16;16m██[38;2;16;16;16m██[38;2;16;16;16m██[38;2;82;82;82m██[38;2;180;180;180m██[38;2;180;180;180m██[38;2;180;180;180m██[38;2;180;180;180m██[38;2;16;16;16m██
          [38;2;82;82;82m██[38;2;213;213;213m██[38;2;213;213;213m██[38;2;213;213;213m██[38;2;82;82;82m██[38;2;16;16;16m██[38;2;197;57;90m██[38;2;197;57;90m██[38;2;197;57;90m██[38;2;197;57;90m██[38;2;197;57;90m██[38;2;82;82;82m██[38;2;180;180;180m██[38;2;180;180;180m██[38;2;180;180;180m██[38;2;180;180;180m██[38;2;180;180;180m██[38;2;180;180;180m██[38;2;180;180;180m██[38;2;213;213;213m██[38;2;82;82;82m██            [38;2;16;16;16m██[38;2;180;180;180m██[38;2;180;180;180m██[38;2;180;180;180m██[38;2;180;180;180m██[38;2;180;180;180m██[38;2;180;180;180m██[38;2;16;16;16m██
            [38;2;82;82;82m██[38;2;82;82;82m██[38;2;82;82;82m██[38;2;16;16;16m██[38;2;16;16;16m██[38;2;197;57;90m██[38;2;197;57;90m██[38;2;197;57;90m██[38;2;197;57;90m██[38;2;197;57;90m██[38;2;197;57;90m██[38;2;82;82;82m██[38;2;180;180;180m██[38;2;180;180;180m██[38;2;180;180;180m██[38;2;180;180;180m██[38;2;180;180;180m██[38;2;180;180;180m██[38;2;82;82;82m██            [38;2;115;32;16m██[38;2;115;32;16m██[38;2;115;32;16m██[38;2;115;32;16m██[38;2;180;180;180m██[38;2;180;180;180m██[38;2;180;180;180m██[38;2;16;16;16m██  
                    [38;2;16;16;16m██[38;2;16;16;16m██[38;2;197;57;90m██[38;2;197;57;90m██[38;2;197;57;90m██[38;2;197;57;90m██[38;2;197;57;90m██[38;2;197;57;90m██[38;2;82;82;82m██[38;2;180;180;180m██[38;2;180;180;180m██[38;2;180;180;180m██[38;2;82;82;82m██[38;2;82;82;82m██[38;2;16;16;16m██[38;2;16;16;16m██      [38;2;115;32;16m██[38;2;115;32;16m██[38;2;255;131;131m██[38;2;255;131;131m██[38;2;255;74;65m██[38;2;197;57;90m██[38;2;115;32;16m██[38;2;16;16;16m██[38;2;16;16;16m██    
                  [38;2;115;32;16m██[38;2;255;131;131m██[38;2;197;57;90m██[38;2;16;16;16m██[38;2;16;16;16m██[38;2;197;57;90m██[38;2;197;57;90m██[38;2;197;57;90m██[38;2;197;57;90m██[38;2;197;57;90m██[38;2;82;82;82m██[38;2;82;82;82m██[38;2;82;82;82m██[38;2;16;16;16m██[38;2;16;16;16m██[38;2;16;16;16m██[38;2;16;16;16m██[38;2;16;16;16m██  [38;2;115;32;16m██[38;2;255;131;131m██[38;2;255;131;131m██[38;2;255;131;131m██[38;2;255;74;65m██[38;2;197;57;90m██[38;2;197;57;90m██[38;2;115;32;16m██        
                  [38;2;115;32;16m██[38;2;255;131;131m██[38;2;197;57;90m██[38;2;197;57;90m██[38;2;197;57;90m██[38;2;16;16;16m██[38;2;16;16;16m██[38;2;16;16;16m██[38;2;16;16;16m██[38;2;16;16;16m██[38;2;16;16;16m██        [38;2;16;16;16m██[38;2;16;16;16m██[38;2;82;82;82m██[38;2;16;16;16m██[38;2;255;131;131m██[38;2;255;131;131m██[38;2;255;74;65m██[38;2;197;57;90m██[38;2;197;57;90m██[38;2;197;57;90m██[38;2;197;57;90m██[38;2;115;32;16m██        
                  [38;2;115;32;16m██[38;2;255;74;65m██[38;2;197;57;90m██[38;2;197;57;90m██[38;2;197;57;90m██[38;2;197;57;90m██[38;2;115;32;16m██[38;2;16;16;16m██                [38;2;16;16;16m██[38;2;16;16;16m██[38;2;82;82;82m██[38;2;16;16;16m██[38;2;197;57;90m██[38;2;197;57;90m██[38;2;197;57;90m██[38;2;197;57;90m██[38;2;197;57;90m██[38;2;115;32;16m██          
                  [38;2;16;16;16m██[38;2;197;57;90m██[38;2;197;57;90m██[38;2;197;57;90m██[38;2;197;57;90m██[38;2;197;57;90m██[38;2;16;16;16m██                  [38;2;115;32;16m██[38;2;16;16;16m██[38;2;16;16;16m██[38;2;197;57;90m██[38;2;197;57;90m██[38;2;197;57;90m██[38;2;197;57;90m██[38;2;197;57;90m██[38;2;197;57;90m██[38;2;115;32;16m██          
                  [38;2;16;16;16m██[38;2;197;57;90m██[38;2;197;57;90m██[38;2;197;57;90m██[38;2;197;57;90m██[38;2;197;57;90m██[38;2;16;16;16m██                  [38;2;115;32;16m██[38;2;197;57;90m██[38;2;197;57;90m██[38;2;197;57;90m██[38;2;197;57;90m██[38;2;197;57;90m██[38;2;197;57;90m██[38;2;197;57;90m██[38;2;16;16;16m██            
                    [38;2;16;16;16m██[38;2;197;57;90m██[38;2;197;57;90m██[38;2;197;57;90m██[38;2;16;16;16m██                    [38;2;115;32;16m██[38;2;197;57;90m██[38;2;197;57;90m██[38;2;197;57;90m██[38;2;197;57;90m██[38;2;197;57;90m██[38;2;197;57;90m██[38;2;16;16;16m██              
                      [38;2;16;16;16m██[38;2;16;16;16m██[38;2;16;16;16m██                        [38;2;16;16;16m██[38;2;197;57;90m██[38;2;197;57;90m██[38;2;197;57;90m██[38;2;16;16;16m██[38;2;16;16;16m██                
                                                      [38;2;16;16;16m██[38;2;16;16;16m██[38;2;16;16;16m██                    
