                                        [38;2;74;98;16m██[38;2;74;98;16m██[38;2;74;98;16m██[38;2;74;98;16m██[38;2;16;16;16m██[38;2;16;16;16m██[38;2;16;16;16m██[38;2;16;16;16m██[38;2;74;98;16m██                          
                                  [38;2;74;98;16m██[38;2;74;98;16m██[38;2;74;98;16m██[38;2;82;180;106m██[38;2;139;230;49m██[38;2;172;238;98m██[38;2;172;238;98m██[38;2;82;180;106m██[38;2;74;98;16m██[38;2;74;98;16m██[38;2;16;16;16m██[38;2;16;16;16m██[38;2;16;16;16m██[38;2;74;98;16m██                      
                              [38;2;74;98;16m██[38;2;16;16;16m██[38;2;16;16;16m██[38;2;82;180;106m██[38;2;139;230;49m██[38;2;172;238;98m██[38;2;172;238;98m██[38;2;172;238;98m██[38;2;172;238;98m██[38;2;172;238;98m██[38;2;139;230;49m██[38;2;139;230;49m██[38;2;139;230;49m██[38;2;74;98;16m██[38;2;16;16;16m██[38;2;16;16;16m██[38;2;74;98;16m██                    
                            [38;2;74;98;16m██[38;2;16;16;16m██[38;2;16;16;16m██[38;2;16;16;16m██[38;2;74;98;16m██[38;2;172;238;98m██[38;2;172;238;98m██[38;2;172;238;98m██[38;2;172;238;98m██[38;2;172;238;98m██[38;2;172;238;98m██[38;2;82;180;106m██[38;2;16;16;16m██[38;2;16;16;16m██[38;2;74;98;16m██[38;2;139;230;49m██[38;2;16;16;16m██[38;2;16;16;16m██                    
                          [38;2;74;98;16m██[38;2;139;230;49m██[38;2;74;98;16m██[38;2;74;98;16m██[38;2;82;180;106m██[38;2;82;180;106m██[38;2;172;238;98m██[38;2;172;238;98m██[38;2;172;238;98m██[38;2;172;238;98m██[38;2;172;238;98m██[38;2;172;238;98m██[38;2;82;180;106m██[38;2;16;16;16m██[38;2;16;16;16m██[38;2;16;16;16m██[38;2;74;98;16m██[38;2;139;230;49m██[38;2;16;16;16m██[38;2;16;16;16m██                  
                        [38;2;74;98;16m██[38;2;82;180;106m██[38;2;139;230;49m██[38;2;139;230;49m██[38;2;139;230;49m██[38;2;82;180;106m██[38;2;74;98;16m██[38;2;74;98;16m██[38;2;74;98;16m██[38;2;82;180;106m██[38;2;172;238;98m██[38;2;172;238;98m██[38;2;139;230;49m██[38;2;139;230;49m██[38;2;82;180;106m██[38;2;74;98;16m██[38;2;74;98;16m██[38;2;82;180;106m██[38;2;139;230;49m██[38;2;82;180;106m██[38;2;16;16;16m██                  
                [38;2;131;106;41m██[38;2;16;16;16m██[38;2;16;16;16m██  [38;2;74;98;16m██[38;2;139;230;49m██[38;2;139;230;49m██[38;2;139;230;49m██[38;2;82;180;106m██[38;2;74;98;16m██[38;2;16;16;16m██[38;2;16;16;16m██[38;2;16;16;16m██[38;2;16;16;16m██[38;2;16;16;16m██[38;2;74;98;16m██[38;2;82;180;106m██[38;2;139;230;49m██[38;2;139;230;49m██[38;2;139;230;49m██[38;2;139;230;49m██[38;2;139;230;49m██[38;2;139;230;49m██[38;2;139;230;49m██[38;2;74;98;16m██[38;2;74;98;16m██                
              [38;2;131;106;41m██[38;2;197;180;24m██[38;2;189;197;197m██[38;2;123;123;123m██[38;2;16;16;16m██[38;2;82;180;106m██[38;2;139;230;49m██[38;2;139;230;49m██[38;2;139;230;49m██[38;2;139;230;49m██[38;2;139;230;49m██[38;2;139;230;49m██[38;2;139;230;49m██[38;2;82;180;106m██[38;2;74;98;16m██[38;2;16;16;16m██[38;2;16;16;16m██[38;2;16;16;16m██[38;2;82;180;106m██[38;2;139;230;49m██[38;2;139;230;49m██[38;2;139;230;49m██[38;2;139;230;49m██[38;2;139;230;49m██[38;2;139;230;49m██[38;2;82;180;106m██[38;2;16;16;16m██                
            [38;2;131;106;41m██[38;2;16;16;16m██[38;2;16;16;16m██[38;2;123;123;123m██[38;2;123;123;123m██[38;2;16;16;16m██[38;2;82;180;106m██[38;2;139;230;49m██[38;2;16;16;16m██[38;2;123;123;123m██[38;2;139;230;49m██[38;2;139;230;49m██[38;2;139;230;49m██[38;2;139;230;49m██[38;2;139;230;49m██[38;2;139;230;49m██[38;2;139;230;49m██[38;2;82;180;106m██[38;2;74;98;16m██[38;2;82;180;106m██[38;2;139;230;49m██[38;2;139;230;49m██[38;2;139;230;49m██[38;2;139;230;49m██[38;2;139;230;49m██[38;2;82;180;106m██[38;2;82;180;106m██[38;2;16;16;16m██                
          [38;2;123;123;123m██[38;2;16;16;16m██[38;2;189;197;197m██[38;2;189;197;197m██[38;2;16;16;16m██[38;2;16;16;16m██[38;2;74;98;16m██[38;2;74;98;16m██[38;2;82;180;106m██[38;2;16;16;16m██[38;2;255;255;255m██[38;2;16;16;16m██[38;2;74;98;16m██[38;2;74;98;16m██[38;2;74;98;16m██[38;2;139;230;49m██[38;2;139;230;49m██[38;2;139;230;49m██[38;2;139;230;49m██[38;2;139;230;49m██[38;2;139;230;49m██[38;2;139;230;49m██[38;2;139;230;49m██[38;2;139;230;49m██[38;2;139;230;49m██[38;2;139;230;49m██[38;2;82;180;106m██[38;2;82;180;106m██[38;2;74;98;16m██[38;2;16;16;16m██[38;2;16;16;16m██[38;2;131;106;41m██          
        [38;2;16;16;16m██[38;2;255;230;74m██[38;2;123;123;123m██[38;2;123;123;123m██[38;2;123;123;123m██[38;2;255;230;74m██[38;2;131;106;41m██[38;2;16;16;16m██[38;2;16;16;16m██[38;2;74;98;16m██[38;2;16;16;16m██[38;2;255;255;255m██[38;2;255;255;255m██[38;2;16;16;16m██[38;2;139;230;49m██[38;2;139;230;49m██[38;2;74;98;16m██[38;2;74;98;16m██[38;2;139;230;49m██[38;2;139;230;49m██[38;2;139;230;49m██[38;2;139;230;49m██[38;2;139;230;49m██[38;2;139;230;49m██[38;2;139;230;49m██[38;2;139;230;49m██[38;2;82;180;106m██[38;2;82;180;106m██[38;2;74;98;16m██[38;2;16;16;16m██[38;2;123;123;123m██[38;2;189;197;197m██[38;2;123;123;123m██[38;2;131;106;41m██[38;2;131;106;41m██      
      [38;2;16;16;16m██[38;2;255;230;74m██[38;2;197;180;24m██[38;2;16;16;16m██[38;2;16;16;16m██[38;2;197;180;24m██[38;2;197;180;24m██[38;2;255;230;74m██[38;2;16;16;16m██[38;2;82;180;106m██[38;2;139;230;49m██[38;2;16;16;16m██[38;2;255;255;255m██[38;2;255;255;255m██[38;2;189;197;197m██[38;2;123;123;123m██[38;2;139;230;49m██[38;2;139;230;49m██[38;2;139;230;49m██[38;2;74;98;16m██[38;2;139;230;49m██[38;2;139;230;49m██[38;2;139;230;49m██[38;2;139;230;49m██[38;2;139;230;49m██[38;2;139;230;49m██[38;2;82;180;106m██[38;2;82;180;106m██[38;2;74;98;16m██[38;2;16;16;16m██[38;2;197;180;24m██[38;2;16;16;16m██[38;2;16;16;16m██[38;2;123;123;123m██[38;2;255;230;74m██[38;2;197;180;24m██[38;2;131;106;41m██    
    [38;2;16;16;16m██[38;2;197;180;24m██[38;2;131;106;41m██[38;2;131;106;41m██[38;2;16;16;16m██[38;2;16;16;16m██[38;2;16;16;16m██[38;2;197;180;24m██[38;2;16;16;16m██[38;2;139;230;49m██[38;2;139;230;49m██[38;2;139;230;49m██[38;2;16;16;16m██[38;2;189;197;197m██[38;2;255;255;255m██[38;2;189;197;197m██[38;2;16;16;16m██[38;2;172;238;98m██[38;2;139;230;49m██[38;2;139;230;49m██[38;2;139;230;49m██[38;2;16;16;16m██[38;2;82;180;106m██[38;2;139;230;49m██[38;2;139;230;49m██[38;2;82;180;106m██[38;2;82;180;106m██[38;2;82;180;106m██[38;2;82;180;106m██[38;2;74;98;16m██[38;2;197;180;24m██[38;2;16;16;16m██[38;2;16;16;16m██[38;2;16;16;16m██[38;2;16;16;16m██[38;2;197;180;24m██[38;2;255;230;74m██[38;2;255;230;74m██[38;2;131;106;41m██  
    [38;2;131;106;41m██[38;2;131;106;41m██  [38;2;16;16;16m██[38;2;131;106;41m██[38;2;255;230;74m██[38;2;255;230;74m██[38;2;16;16;16m██[38;2;16;16;16m██[38;2;74;98;16m██[38;2;139;230;49m██[38;2;172;238;98m██[38;2;123;123;123m██[38;2;189;197;197m██[38;2;189;197;197m██[38;2;189;197;197m██[38;2;16;16;16m██[38;2;172;238;98m██[38;2;139;230;49m██[38;2;139;230;49m██[38;2;139;230;49m██[38;2;139;230;49m██[38;2;16;16;16m██[38;2;82;180;106m██[38;2;82;180;106m██[38;2;82;180;106m██[38;2;82;180;106m██[38;2;82;180;106m██[38;2;74;98;16m██[38;2;16;16;16m██[38;2;16;16;16m██[38;2;123;123;123m██[38;2;189;197;197m██[38;2;16;16;16m██[38;2;16;16;16m██[38;2;16;16;16m██[38;2;16;16;16m██[38;2;197;180;24m██[38;2;255;230;74m██[38;2;131;106;41m██
      [38;2;16;16;16m██[38;2;16;16;16m██[38;2;189;197;197m██[38;2;255;230;74m██[38;2;197;180;24m██[38;2;16;16;16m██[38;2;255;255;255m██[38;2;255;255;255m██[38;2;16;16;16m██[38;2;74;98;16m██[38;2;172;238;98m██[38;2;172;238;98m██[38;2;123;123;123m██[38;2;16;16;16m██[38;2;16;16;16m██[38;2;82;180;106m██[38;2;139;230;49m██[38;2;139;230;49m██[38;2;139;230;49m██[38;2;139;230;49m██[38;2;139;230;49m██[38;2;16;16;16m██[38;2;82;123;41m██[38;2;82;180;106m██[38;2;82;180;106m██[38;2;74;98;16m██[38;2;16;16;16m██[38;2;131;106;41m██[38;2;255;230;74m██[38;2;197;180;24m██[38;2;123;123;123m██[38;2;123;123;123m██[38;2;189;197;197m██[38;2;16;16;16m██    [38;2;16;16;16m██[38;2;16;16;16m██[38;2;131;106;41m██
    [38;2;16;16;16m██[38;2;123;123;123m██[38;2;189;197;197m██[38;2;123;123;123m██[38;2;123;123;123m██[38;2;131;106;41m██[38;2;16;16;16m██[38;2;189;197;197m██[38;2;189;197;197m██[38;2;16;16;16m██[38;2;74;98;16m██[38;2;172;238;98m██[38;2;172;238;98m██[38;2;172;238;98m██[38;2;82;180;106m██[38;2;82;180;106m██[38;2;172;238;98m██[38;2;139;230;49m██[38;2;123;123;123m██[38;2;16;16;16m██[38;2;16;16;16m██[38;2;139;230;49m██[38;2;82;180;106m██[38;2;16;16;16m██[38;2;74;98;16m██[38;2;74;98;16m██[38;2;16;16;16m██[38;2;255;230;74m██[38;2;255;230;74m██[38;2;197;180;24m██[38;2;123;123;123m██[38;2;16;16;16m██[38;2;16;16;16m██[38;2;123;123;123m██[38;2;123;123;123m██[38;2;16;16;16m██        
  [38;2;16;16;16m██[38;2;131;106;41m██[38;2;123;123;123m██[38;2;123;123;123m██[38;2;16;16;16m██[38;2;16;16;16m██[38;2;131;106;41m██[38;2;16;16;16m██[38;2;16;16;16m██[38;2;16;16;16m██[38;2;74;98;16m██[38;2;82;180;106m██[38;2;172;238;98m██[38;2;172;238;98m██[38;2;172;238;98m██[38;2;172;238;98m██[38;2;172;238;98m██[38;2;172;238;98m██[38;2;123;123;123m██[38;2;16;16;16m██[38;2;255;255;255m██[38;2;255;255;255m██[38;2;16;16;16m██[38;2;82;180;106m██[38;2;16;16;16m██[38;2;74;98;16m██[38;2;16;16;16m██[38;2;16;16;16m██[38;2;131;106;41m██[38;2;197;180;24m██[38;2;197;180;24m██[38;2;16;16;16m██[38;2;16;16;16m██[38;2;16;16;16m██[38;2;197;180;24m██[38;2;255;230;74m██[38;2;197;180;24m██[38;2;16;16;16m██      
  [38;2;16;16;16m██[38;2;255;230;74m██[38;2;131;106;41m██[38;2;16;16;16m██      [38;2;74;98;16m██[38;2;16;16;16m██[38;2;16;16;16m██[38;2;82;180;106m██[38;2;139;230;49m██[38;2;139;230;49m██[38;2;172;238;98m██[38;2;172;238;98m██[38;2;172;238;98m██[38;2;172;238;98m██[38;2;139;230;49m██[38;2;74;98;16m██[38;2;16;16;16m██[38;2;189;197;197m██[38;2;189;197;197m██[38;2;16;16;16m██[38;2;82;180;106m██[38;2;74;98;16m██[38;2;16;16;16m██[38;2;255;230;74m██[38;2;255;230;74m██[38;2;16;16;16m██[38;2;16;16;16m██[38;2;131;106;41m██      [38;2;16;16;16m██[38;2;197;180;24m██[38;2;255;230;74m██[38;2;255;230;74m██[38;2;16;16;16m██    
[38;2;131;106;41m██[38;2;255;230;74m██[38;2;197;180;24m██[38;2;16;16;16m██        [38;2;74;98;16m██[38;2;82;180;106m██[38;2;139;230;49m██[38;2;139;230;49m██[38;2;139;230;49m██[38;2;139;230;49m██[38;2;139;230;49m██[38;2;139;230;49m██[38;2;139;230;49m██[38;2;139;230;49m██[38;2;139;230;49m██[38;2;74;98;16m██[38;2;16;16;16m██[38;2;16;16;16m██[38;2;16;16;16m██[38;2;74;98;16m██[38;2;82;180;106m██[38;2;16;16;16m██[38;2;197;180;24m██[38;2;197;180;24m██[38;2;255;230;74m██[38;2;255;230;74m██[38;2;16;16;16m██[38;2;16;16;16m██        [38;2;16;16;16m██[38;2;131;106;41m██[38;2;197;180;24m██[38;2;255;230;74m██[38;2;131;106;41m██  
[38;2;16;16;16m██[38;2;255;230;74m██[38;2;131;106;41m██            [38;2;16;16;16m██[38;2;16;16;16m██[38;2;139;230;49m██[38;2;139;230;49m██[38;2;139;230;49m██[38;2;139;230;49m██[38;2;139;230;49m██[38;2;139;230;49m██[38;2;139;230;49m██[38;2;139;230;49m██[38;2;139;230;49m██[38;2;74;98;16m██[38;2;16;16;16m██[38;2;16;16;16m██[38;2;82;180;106m██[38;2;74;98;16m██[38;2;16;16;16m██[38;2;131;106;41m██[38;2;197;180;24m██[38;2;197;180;24m██[38;2;255;230;74m██[38;2;123;123;123m██[38;2;189;197;197m██[38;2;16;16;16m██[38;2;16;16;16m██        [38;2;16;16;16m██[38;2;16;16;16m██    
[38;2;131;106;41m██[38;2;16;16;16m██            [38;2;123;49;65m██[38;2;238;49;115m██[38;2;255;131;156m██[38;2;123;49;65m██[38;2;139;230;49m██[38;2;139;230;49m██[38;2;139;230;49m██[38;2;139;230;49m██[38;2;139;230;49m██[38;2;139;230;49m██[38;2;139;230;49m██[38;2;139;230;49m██[38;2;139;230;49m██[38;2;82;180;106m██[38;2;82;180;106m██[38;2;82;180;106m██[38;2;74;98;16m██  [38;2;16;16;16m██[38;2;16;16;16m██[38;2;131;106;41m██[38;2;123;123;123m██[38;2;123;123;123m██[38;2;123;123;123m██[38;2;189;197;197m██[38;2;123;123;123m██[38;2;16;16;16m██              
              [38;2;123;49;65m██[38;2;238;49;115m██[38;2;255;131;156m██[38;2;238;49;115m██[38;2;123;49;65m██[38;2;82;180;106m██[38;2;82;180;106m██[38;2;139;230;49m██[38;2;139;230;49m██[38;2;139;230;49m██[38;2;82;180;106m██[38;2;16;16;16m██[38;2;123;49;65m██[38;2;82;180;106m██[38;2;82;180;106m██[38;2;82;180;106m██[38;2;16;16;16m██          [38;2;16;16;16m██[38;2;16;16;16m██[38;2;123;123;123m██[38;2;123;123;123m██[38;2;123;123;123m██[38;2;255;230;74m██[38;2;131;106;41m██            
              [38;2;16;16;16m██[38;2;255;131;156m██[38;2;255;131;156m██[38;2;16;16;16m██[38;2;74;98;16m██[38;2;16;16;16m██[38;2;16;16;16m██[38;2;82;180;106m██[38;2;82;180;106m██[38;2;82;180;106m██[38;2;16;16;16m██[38;2;255;131;156m██[38;2;238;49;115m██[38;2;123;49;65m██[38;2;74;98;16m██[38;2;16;16;16m██                [38;2;16;16;16m██[38;2;16;16;16m██[38;2;255;230;74m██[38;2;255;230;74m██[38;2;131;106;41m██            
              [38;2;16;16;16m██[38;2;255;131;156m██[38;2;16;16;16m██        [38;2;74;98;16m██[38;2;74;98;16m██[38;2;74;98;16m██[38;2;16;16;16m██[38;2;238;49;115m██[38;2;255;131;156m██[38;2;238;49;115m██[38;2;16;16;16m██                      [38;2;131;106;41m██[38;2;255;230;74m██[38;2;255;230;74m██[38;2;131;106;41m██          
                [38;2;16;16;16m██[38;2;16;16;16m██                [38;2;123;49;65m██[38;2;255;131;156m██[38;2;255;131;156m██[38;2;16;16;16m██                      [38;2;16;16;16m██[38;2;131;106;41m██[38;2;255;230;74m██[38;2;131;106;41m██          
                                    [38;2;16;16;16m██[38;2;255;131;156m██[38;2;16;16;16m██                          [38;2;16;16;16m██[38;2;16;16;16m██            
                                    [38;2;16;16;16m██[38;2;16;16;16m██                                            
