                                                        [38;2;8;98;172m██[38;2;8;98;172m██                                                
                                                      [38;2;8;98;172m██[38;2;115;180;246m██[38;2;115;180;246m██[38;2;8;98;172m██                                              
                                                      [38;2;49;131;197m██[38;2;115;180;246m██[38;2;115;180;246m██[38;2;115;180;246m██[38;2;8;98;172m██                                            
                                                    [38;2;8;98;172m██[38;2;115;180;246m██[38;2;115;180;246m██[38;2;115;180;246m██[38;2;115;180;246m██[38;2;8;98;172m██                                            
                                                    [38;2;8;98;172m██[38;2;115;180;246m██[38;2;189;41;49m██[38;2;189;41;49m██[38;2;115;180;246m██[38;2;115;180;246m██[38;2;8;98;172m██                                          
                                                    [38;2;8;98;172m██[38;2;115;180;246m██[38;2;189;41;49m██[38;2;189;41;49m██[38;2;189;41;49m██[38;2;115;180;246m██[38;2;8;98;172m██                                          
                                                    [38;2;8;98;172m██[38;2;90;156;238m██[38;2;189;41;49m██[38;2;148;16;16m██[38;2;148;16;16m██[38;2;115;180;246m██[38;2;115;180;246m██[38;2;8;98;172m██                                        
                      [38;2;8;98;172m██[38;2;8;98;172m██[38;2;8;98;172m██[38;2;8;98;172m██                      [38;2;8;98;172m██[38;2;90;156;238m██[38;2;189;41;49m██[38;2;148;16;16m██[38;2;148;16;16m██[38;2;189;41;49m██[38;2;115;180;246m██[38;2;8;98;172m██                                        
                [38;2;8;98;172m██[38;2;8;98;172m██[38;2;8;98;172m██[38;2;90;156;238m██[38;2;90;156;238m██[38;2;90;156;238m██[38;2;90;156;238m██[38;2;8;98;172m██[38;2;8;98;172m██                    [38;2;8;98;172m██[38;2;90;156;238m██[38;2;148;16;16m██[38;2;148;16;16m██[38;2;148;16;16m██[38;2;115;180;246m██[38;2;8;98;172m██                                        
              [38;2;8;98;172m██[38;2;90;156;238m██[38;2;115;180;246m██[38;2;115;180;246m██[38;2;115;180;246m██[38;2;115;180;246m██[38;2;115;180;246m██[38;2;90;156;238m██[38;2;90;156;238m██[38;2;49;131;197m██[38;2;16;49;90m██                  [38;2;16;49;90m██[38;2;90;156;238m██[38;2;148;16;16m██[38;2;148;16;16m██[38;2;148;16;16m██[38;2;90;156;238m██[38;2;90;156;238m██[38;2;16;49;90m██                                      
            [38;2;8;98;172m██[38;2;115;180;246m██[38;2;115;180;246m██[38;2;115;180;246m██[38;2;115;180;246m██[38;2;115;180;246m██[38;2;115;180;246m██[38;2;115;180;246m██[38;2;115;180;246m██[38;2;8;98;172m██[38;2;49;131;197m██[38;2;8;98;172m██                  [38;2;16;49;90m██[38;2;90;156;238m██[38;2;148;16;16m██[38;2;148;16;16m██[38;2;148;16;16m██[38;2;90;156;238m██[38;2;90;156;238m██[38;2;16;49;90m██                                      
          [38;2;16;49;90m██[38;2;49;131;197m██[38;2;115;180;246m██[38;2;115;180;246m██[38;2;115;180;246m██[38;2;115;180;246m██[38;2;115;180;246m██[38;2;115;180;246m██[38;2;49;131;197m██[38;2;16;16;16m██[38;2;16;16;16m██[38;2;49;131;197m██[38;2;49;131;197m██[38;2;16;49;90m██                [38;2;16;49;90m██[38;2;90;156;238m██[38;2;148;16;16m██[38;2;148;16;16m██[38;2;148;16;16m██[38;2;90;156;238m██[38;2;90;156;238m██[38;2;16;49;90m██                                      
          [38;2;16;49;90m██[38;2;49;131;197m██[38;2;90;156;238m██[38;2;115;180;246m██[38;2;115;180;246m██[38;2;49;131;197m██[38;2;16;16;16m██[38;2;16;16;16m██[38;2;148;16;16m██[38;2;148;16;16m██[38;2;148;16;16m██[38;2;16;49;90m██[38;2;49;131;197m██[38;2;16;49;90m██                [38;2;16;49;90m██[38;2;49;131;197m██[38;2;148;16;16m██[38;2;148;16;16m██[38;2;148;16;16m██[38;2;90;156;238m██[38;2;90;156;238m██[38;2;16;49;90m██                                      
            [38;2;16;49;90m██[38;2;16;49;90m██[38;2;16;49;90m██[38;2;16;49;90m██[38;2;16;16;16m██[38;2;148;16;16m██[38;2;148;16;16m██[38;2;148;16;16m██[38;2;148;16;16m██[38;2;148;16;16m██[38;2;148;16;16m██[38;2;49;131;197m██[38;2;16;49;90m██                [38;2;16;49;90m██[38;2;49;131;197m██[38;2;189;41;49m██[38;2;189;41;49m██[38;2;148;16;16m██[38;2;90;156;238m██[38;2;90;156;238m██[38;2;16;49;90m██                                      
                        [38;2;16;49;90m██[38;2;49;131;197m██[38;2;148;16;16m██[38;2;148;16;16m██[38;2;148;16;16m██[38;2;148;16;16m██[38;2;49;131;197m██[38;2;16;49;90m██              [38;2;16;49;90m██[38;2;49;131;197m██[38;2;189;41;49m██[38;2;222;65;82m██[38;2;189;41;49m██[38;2;90;156;238m██[38;2;90;156;238m██[38;2;16;49;90m██                                      
                          [38;2;16;49;90m██[38;2;49;131;197m██[38;2;148;16;16m██[38;2;148;16;16m██[38;2;189;41;49m██[38;2;49;131;197m██[38;2;16;49;90m██              [38;2;16;49;90m██[38;2;189;41;49m██[38;2;222;65;82m██[38;2;222;65;82m██[38;2;222;65;82m██[38;2;49;131;197m██[38;2;16;49;90m██                                        
                            [38;2;16;49;90m██[38;2;49;131;197m██[38;2;189;41;49m██[38;2;189;41;49m██[38;2;49;131;197m██[38;2;16;49;90m██              [38;2;8;98;172m██[38;2;189;41;49m██[38;2;222;65;82m██[38;2;222;65;82m██[38;2;90;156;238m██[38;2;49;131;197m██[38;2;16;49;90m██                                        
                            [38;2;16;49;90m██[38;2;49;131;197m██[38;2;148;16;16m██[38;2;189;41;49m██[38;2;148;16;16m██[38;2;16;49;90m██  [38;2;8;98;172m██[38;2;8;98;172m██[38;2;8;98;172m██[38;2;8;98;172m██[38;2;8;98;172m██  [38;2;8;98;172m██[38;2;222;65;82m██[38;2;222;65;82m██[38;2;222;65;82m██[38;2;49;131;197m██[38;2;16;49;90m██                                          
                              [38;2;16;49;90m██[38;2;148;16;16m██[38;2;189;41;49m██[38;2;189;41;49m██[38;2;49;131;197m██[38;2;90;156;238m██[38;2;90;156;238m██[38;2;90;156;238m██[38;2;90;156;238m██[38;2;90;156;238m██[38;2;90;156;238m██[38;2;16;49;90m██[38;2;49;131;197m██[38;2;189;41;49m██[38;2;222;65;82m██[38;2;49;131;197m██[38;2;49;131;197m██[38;2;16;49;90m██                                          
                              [38;2;16;49;90m██[38;2;148;16;16m██[38;2;49;131;197m██[38;2;90;156;238m██[38;2;90;156;238m██[38;2;90;156;238m██[38;2;90;156;238m██[38;2;90;156;238m██[38;2;90;156;238m██[38;2;90;156;238m██[38;2;90;156;238m██[38;2;90;156;238m██[38;2;90;156;238m██[38;2;90;156;238m██[38;2;189;41;49m██[38;2;49;131;197m██[38;2;16;49;90m██                                            
                              [38;2;16;49;90m██[38;2;49;131;197m██[38;2;90;156;238m██[38;2;90;156;238m██[38;2;115;180;246m██[38;2;115;180;246m██[38;2;115;180;246m██[38;2;115;180;246m██[38;2;90;156;238m██[38;2;90;156;238m██[38;2;90;156;238m██[38;2;90;156;238m██[38;2;90;156;238m██[38;2;90;156;238m██[38;2;90;156;238m██[38;2;49;131;197m██[38;2;8;98;172m██                                            
                            [38;2;16;49;90m██[38;2;90;156;238m██[38;2;90;156;238m██[38;2;115;180;246m██[38;2;115;180;246m██[38;2;115;180;246m██[38;2;115;180;246m██[38;2;115;180;246m██[38;2;115;180;246m██[38;2;90;156;238m██[38;2;90;156;238m██[38;2;90;156;238m██[38;2;90;156;238m██[38;2;90;156;238m██[38;2;90;156;238m██[38;2;90;156;238m██[38;2;49;131;197m██[38;2;90;156;238m██[38;2;16;49;90m██                                          
                          [38;2;16;49;90m██[38;2;90;156;238m██[38;2;8;98;172m██[38;2;16;49;90m██[38;2;90;156;238m██[38;2;115;180;246m██[38;2;115;180;246m██[38;2;115;180;246m██[38;2;115;180;246m██[38;2;90;156;238m██[38;2;90;156;238m██[38;2;8;98;172m██[38;2;8;98;172m██[38;2;90;156;238m██[38;2;90;156;238m██[38;2;90;156;238m██[38;2;90;156;238m██[38;2;90;156;238m██[38;2;90;156;238m██[38;2;90;156;238m██[38;2;16;49;90m██                                        
                        [38;2;16;49;90m██[38;2;90;156;238m██[38;2;90;156;238m██[38;2;16;16;16m██[38;2;255;255;255m██[38;2;8;98;172m██[38;2;90;156;238m██[38;2;90;156;238m██[38;2;90;156;238m██[38;2;90;156;238m██[38;2;90;156;238m██[38;2;8;98;172m██[38;2;255;255;255m██[38;2;16;16;16m██[38;2;8;98;172m██[38;2;90;156;238m██[38;2;90;156;238m██[38;2;90;156;238m██[38;2;90;156;238m██[38;2;90;156;238m██[38;2;90;156;238m██[38;2;8;98;172m██                                        
                        [38;2;16;16;16m██[38;2;90;156;238m██[38;2;90;156;238m██[38;2;16;49;90m██[38;2;16;16;16m██[38;2;8;98;172m██[38;2;90;156;238m██[38;2;90;156;238m██[38;2;90;156;238m██[38;2;90;156;238m██[38;2;90;156;238m██[38;2;8;98;172m██[38;2;16;16;16m██[38;2;16;16;16m██[38;2;8;98;172m██[38;2;90;156;238m██[38;2;90;156;238m██[38;2;90;156;238m██[38;2;90;156;238m██[38;2;90;156;238m██[38;2;90;156;238m██[38;2;90;156;238m██[38;2;16;49;90m██                                      
                      [38;2;16;16;16m██[38;2;90;156;238m██[38;2;90;156;238m██[38;2;90;156;238m██[38;2;49;131;197m██[38;2;8;98;172m██[38;2;90;156;238m██[38;2;90;156;238m██[38;2;8;98;172m██[38;2;90;156;238m██[38;2;90;156;238m██[38;2;90;156;238m██[38;2;90;156;238m██[38;2;8;98;172m██[38;2;8;98;172m██[38;2;90;156;238m██[38;2;90;156;238m██[38;2;90;156;238m██[38;2;90;156;238m██[38;2;90;156;238m██[38;2;90;156;238m██[38;2;90;156;238m██[38;2;90;156;238m██[38;2;8;98;172m██                                      
                      [38;2;16;16;16m██[38;2;90;156;238m██[38;2;90;156;238m██[38;2;90;156;238m██[38;2;90;156;238m██[38;2;90;156;238m██[38;2;8;98;172m██[38;2;148;16;16m██[38;2;148;16;16m██[38;2;148;16;16m██[38;2;148;16;16m██[38;2;8;98;172m██[38;2;49;131;197m██[38;2;90;156;238m██[38;2;90;156;238m██[38;2;90;156;238m██[38;2;90;156;238m██[38;2;90;156;238m██[38;2;90;156;238m██[38;2;90;156;238m██[38;2;90;156;238m██[38;2;90;156;238m██[38;2;90;156;238m██[38;2;90;156;238m██[38;2;16;49;90m██                                    
                    [38;2;16;16;16m██[38;2;90;156;238m██[38;2;90;156;238m██[38;2;90;156;238m██[38;2;90;156;238m██[38;2;90;156;238m██[38;2;90;156;238m██[38;2;90;156;238m██[38;2;189;41;49m██[38;2;189;41;49m██[38;2;222;65;82m██[38;2;222;65;82m██[38;2;49;131;197m██[38;2;90;156;238m██[38;2;90;156;238m██[38;2;90;156;238m██[38;2;90;156;238m██[38;2;90;156;238m██[38;2;90;156;238m██[38;2;90;156;238m██[38;2;90;156;238m██[38;2;90;156;238m██[38;2;90;156;238m██[38;2;90;156;238m██[38;2;90;156;238m██[38;2;8;98;172m██                                    
                    [38;2;16;16;16m██[38;2;90;156;238m██[38;2;90;156;238m██[38;2;90;156;238m██[38;2;90;156;238m██[38;2;90;156;238m██[38;2;90;156;238m██[38;2;90;156;238m██[38;2;90;156;238m██[38;2;222;65;82m██[38;2;222;65;82m██[38;2;49;131;197m██[38;2;90;156;238m██[38;2;90;156;238m██[38;2;90;156;238m██[38;2;90;156;238m██[38;2;90;156;238m██[38;2;90;156;238m██[38;2;90;156;238m██[38;2;90;156;238m██[38;2;90;156;238m██[38;2;90;156;238m██[38;2;90;156;238m██[38;2;90;156;238m██[38;2;90;156;238m██[38;2;90;156;238m██[38;2;16;49;90m██                                  
                  [38;2;16;16;16m██[38;2;90;156;238m██[38;2;90;156;238m██[38;2;90;156;238m██[38;2;90;156;238m██[38;2;90;156;238m██[38;2;90;156;238m██[38;2;90;156;238m██[38;2;90;156;238m██[38;2;90;156;238m██[38;2;90;156;238m██[38;2;90;156;238m██[38;2;90;156;238m██[38;2;90;156;238m██[38;2;90;156;238m██[38;2;90;156;238m██[38;2;90;156;238m██[38;2;90;156;238m██[38;2;90;156;238m██[38;2;90;156;238m██[38;2;90;156;238m██[38;2;90;156;238m██[38;2;90;156;238m██[38;2;90;156;238m██[38;2;90;156;238m██[38;2;90;156;238m██[38;2;90;156;238m██[38;2;16;49;90m██                                  
                  [38;2;16;16;16m██[38;2;90;156;238m██[38;2;90;156;238m██[38;2;90;156;238m██[38;2;90;156;238m██[38;2;90;156;238m██[38;2;90;156;238m██[38;2;90;156;238m██[38;2;90;156;238m██[38;2;90;156;238m██[38;2;90;156;238m██[38;2;90;156;238m██[38;2;90;156;238m██[38;2;90;156;238m██[38;2;90;156;238m██[38;2;90;156;238m██[38;2;90;156;238m██[38;2;90;156;238m██[38;2;90;156;238m██[38;2;90;156;238m██[38;2;90;156;238m██[38;2;90;156;238m██[38;2;90;156;238m██[38;2;90;156;238m██[38;2;90;156;238m██[38;2;90;156;238m██[38;2;90;156;238m██[38;2;8;98;172m██                                  
                  [38;2;16;16;16m██[38;2;90;156;238m██[38;2;90;156;238m██[38;2;90;156;238m██[38;2;90;156;238m██[38;2;90;156;238m██[38;2;90;156;238m██[38;2;90;156;238m██[38;2;90;156;238m██[38;2;90;156;238m██[38;2;90;156;238m██[38;2;90;156;238m██[38;2;90;156;238m██[38;2;90;156;238m██[38;2;90;156;238m██[38;2;90;156;238m██[38;2;90;156;238m██[38;2;90;156;238m██[38;2;90;156;238m██[38;2;90;156;238m██[38;2;90;156;238m██[38;2;90;156;238m██[38;2;90;156;238m██[38;2;90;156;238m██[38;2;90;156;238m██[38;2;90;156;238m██[38;2;90;156;238m██[38;2;90;156;238m██[38;2;16;49;90m██                                
                [38;2;16;49;90m██[38;2;90;156;238m██[38;2;255;255;255m██[38;2;255;255;255m██[38;2;90;156;238m██[38;2;90;156;238m██[38;2;90;156;238m██[38;2;90;156;238m██[38;2;90;156;238m██[38;2;90;156;238m██[38;2;90;156;238m██[38;2;90;156;238m██[38;2;90;156;238m██[38;2;90;156;238m██[38;2;90;156;238m██[38;2;90;156;238m██[38;2;90;156;238m██[38;2;90;156;238m██[38;2;90;156;238m██[38;2;90;156;238m██[38;2;90;156;238m██[38;2;90;156;238m██[38;2;90;156;238m██[38;2;90;156;238m██[38;2;90;156;238m██[38;2;90;156;238m██[38;2;90;156;238m██[38;2;49;131;197m██[38;2;90;156;238m██[38;2;16;49;90m██                                
          [38;2;16;49;90m██[38;2;16;49;90m██[38;2;16;49;90m██[38;2;8;98;172m██[38;2;90;156;238m██[38;2;255;255;255m██[38;2;255;255;255m██[38;2;90;156;238m██[38;2;90;156;238m██[38;2;90;156;238m██[38;2;90;156;238m██[38;2;90;156;238m██[38;2;90;156;238m██[38;2;90;156;238m██[38;2;90;156;238m██[38;2;90;156;238m██[38;2;90;156;238m██[38;2;90;156;238m██[38;2;90;156;238m██[38;2;90;156;238m██[38;2;90;156;238m██[38;2;90;156;238m██[38;2;90;156;238m██[38;2;90;156;238m██[38;2;90;156;238m██[38;2;90;156;238m██[38;2;90;156;238m██[38;2;90;156;238m██[38;2;90;156;238m██[38;2;90;156;238m██[38;2;90;156;238m██[38;2;8;98;172m██[38;2;16;49;90m██                                
  [38;2;16;49;90m██[38;2;16;49;90m██[38;2;16;49;90m██[38;2;16;49;90m██[38;2;49;131;197m██[38;2;49;131;197m██[38;2;49;131;197m██[38;2;8;98;172m██[38;2;90;156;238m██[38;2;90;156;238m██[38;2;90;156;238m██[38;2;90;156;238m██[38;2;90;156;238m██[38;2;90;156;238m██[38;2;90;156;238m██[38;2;90;156;238m██[38;2;90;156;238m██[38;2;115;180;246m██[38;2;115;180;246m██[38;2;115;180;246m██[38;2;90;156;238m██[38;2;90;156;238m██[38;2;90;156;238m██[38;2;90;156;238m██[38;2;115;180;246m██[38;2;255;255;255m██[38;2;255;255;255m██[38;2;115;180;246m██[38;2;90;156;238m██[38;2;90;156;238m██[38;2;90;156;238m██[38;2;90;156;238m██[38;2;49;131;197m██[38;2;90;156;238m██[38;2;90;156;238m██[38;2;90;156;238m██[38;2;90;156;238m██[38;2;8;98;172m██[38;2;16;49;90m██                            
[38;2;16;49;90m██[38;2;8;98;172m██[38;2;49;131;197m██[38;2;49;131;197m██[38;2;49;131;197m██[38;2;49;131;197m██[38;2;49;131;197m██[38;2;8;98;172m██[38;2;16;49;90m██[38;2;90;156;238m██[38;2;90;156;238m██[38;2;90;156;238m██[38;2;90;156;238m██[38;2;90;156;238m██[38;2;90;156;238m██[38;2;90;156;238m██[38;2;90;156;238m██[38;2;115;180;246m██[38;2;255;255;255m██[38;2;255;255;255m██[38;2;255;255;255m██[38;2;115;180;246m██[38;2;90;156;238m██[38;2;90;156;238m██[38;2;90;156;238m██[38;2;255;255;255m██[38;2;255;255;255m██[38;2;255;255;255m██[38;2;255;255;255m██[38;2;90;156;238m██[38;2;90;156;238m██[38;2;90;156;238m██[38;2;90;156;238m██[38;2;90;156;238m██[38;2;49;131;197m██[38;2;90;156;238m██[38;2;90;156;238m██[38;2;90;156;238m██[38;2;90;156;238m██[38;2;90;156;238m██[38;2;16;49;90m██[38;2;16;49;90m██[38;2;16;16;16m██                      
[38;2;16;49;90m██[38;2;49;131;197m██[38;2;49;131;197m██[38;2;49;131;197m██[38;2;49;131;197m██[38;2;8;98;172m██[38;2;8;98;172m██[38;2;8;98;172m██[38;2;16;49;90m██[38;2;90;156;238m██[38;2;90;156;238m██[38;2;255;255;255m██[38;2;255;255;255m██[38;2;90;156;238m██[38;2;90;156;238m██[38;2;90;156;238m██[38;2;90;156;238m██[38;2;255;255;255m██[38;2;255;255;255m██[38;2;255;255;255m██[38;2;255;255;255m██[38;2;255;255;255m██[38;2;90;156;238m██[38;2;90;156;238m██[38;2;90;156;238m██[38;2;255;255;255m██[38;2;255;255;255m██[38;2;255;255;255m██[38;2;255;255;255m██[38;2;90;156;238m██[38;2;115;180;246m██[38;2;255;255;255m██[38;2;255;255;255m██[38;2;115;180;246m██[38;2;8;98;172m██[38;2;49;131;197m██[38;2;90;156;238m██[38;2;90;156;238m██[38;2;90;156;238m██[38;2;115;180;246m██[38;2;115;180;246m██[38;2;115;180;246m██[38;2;115;180;246m██[38;2;16;49;90m██                    
[38;2;16;49;90m██[38;2;8;98;172m██[38;2;8;98;172m██[38;2;8;98;172m██[38;2;8;98;172m██[38;2;8;98;172m██[38;2;8;98;172m██[38;2;8;98;172m██[38;2;16;49;90m██[38;2;90;156;238m██[38;2;255;255;255m██[38;2;255;255;255m██[38;2;255;255;255m██[38;2;255;255;255m██[38;2;90;156;238m██[38;2;90;156;238m██[38;2;90;156;238m██[38;2;255;255;255m██[38;2;255;255;255m██[38;2;255;255;255m██[38;2;255;255;255m██[38;2;255;255;255m██[38;2;90;156;238m██[38;2;90;156;238m██[38;2;90;156;238m██[38;2;115;180;246m██[38;2;255;255;255m██[38;2;255;255;255m██[38;2;115;180;246m██[38;2;90;156;238m██[38;2;255;255;255m██[38;2;255;255;255m██[38;2;255;255;255m██[38;2;197;197;213m██[38;2;49;131;197m██[38;2;16;16;16m██[38;2;49;131;197m██[38;2;90;156;238m██[38;2;90;156;238m██[38;2;115;180;246m██[38;2;115;180;246m██[38;2;115;180;246m██[38;2;115;180;246m██[38;2;115;180;246m██[38;2;16;49;90m██                  
  [38;2;16;16;16m██[38;2;8;98;172m██[38;2;8;98;172m██[38;2;8;98;172m██[38;2;8;98;172m██[38;2;16;49;90m██[38;2;16;49;90m██[38;2;16;16;16m██[38;2;49;131;197m██[38;2;197;197;213m██[38;2;255;255;255m██[38;2;255;255;255m██[38;2;255;255;255m██[38;2;90;156;238m██[38;2;90;156;238m██[38;2;90;156;238m██[38;2;115;180;246m██[38;2;255;255;255m██[38;2;255;255;255m██[38;2;255;255;255m██[38;2;115;180;246m██[38;2;90;156;238m██[38;2;90;156;238m██[38;2;90;156;238m██[38;2;90;156;238m██[38;2;90;156;238m██[38;2;90;156;238m██[38;2;90;156;238m██[38;2;90;156;238m██[38;2;255;255;255m██[38;2;255;255;255m██[38;2;197;197;213m██[38;2;197;197;213m██[38;2;49;131;197m██[38;2;49;131;197m██[38;2;16;16;16m██[38;2;8;98;172m██[38;2;90;156;238m██[38;2;90;156;238m██[38;2;115;180;246m██[38;2;115;180;246m██[38;2;115;180;246m██[38;2;115;180;246m██[38;2;16;49;90m██                  
    [38;2;16;16;16m██[38;2;16;16;16m██[38;2;16;16;16m██[38;2;16;49;90m██    [38;2;16;16;16m██[38;2;49;131;197m██[38;2;49;131;197m██[38;2;197;197;213m██[38;2;197;197;213m██[38;2;90;156;238m██[38;2;90;156;238m██[38;2;90;156;238m██[38;2;90;156;238m██[38;2;90;156;238m██[38;2;115;180;246m██[38;2;115;180;246m██[38;2;115;180;246m██[38;2;90;156;238m██[38;2;90;156;238m██[38;2;90;156;238m██[38;2;90;156;238m██[38;2;90;156;238m██[38;2;90;156;238m██[38;2;90;156;238m██[38;2;90;156;238m██[38;2;49;131;197m██[38;2;49;131;197m██[38;2;197;197;213m██[38;2;197;197;213m██[38;2;49;131;197m██[38;2;49;131;197m██[38;2;49;131;197m██[38;2;49;131;197m██[38;2;16;16;16m██[38;2;16;16;16m██[38;2;90;156;238m██[38;2;90;156;238m██[38;2;90;156;238m██[38;2;90;156;238m██[38;2;16;49;90m██                    
                  [38;2;16;49;90m██[38;2;49;131;197m██[38;2;49;131;197m██[38;2;49;131;197m██[38;2;49;131;197m██[38;2;49;131;197m██[38;2;90;156;238m██[38;2;90;156;238m██[38;2;90;156;238m██[38;2;90;156;238m██[38;2;90;156;238m██[38;2;90;156;238m██[38;2;90;156;238m██[38;2;90;156;238m██[38;2;90;156;238m██[38;2;90;156;238m██[38;2;90;156;238m██[38;2;49;131;197m██[38;2;49;131;197m██[38;2;49;131;197m██[38;2;49;131;197m██[38;2;49;131;197m██[38;2;49;131;197m██[38;2;49;131;197m██[38;2;49;131;197m██[38;2;49;131;197m██[38;2;49;131;197m██[38;2;197;197;213m██[38;2;16;16;16m██  [38;2;16;16;16m██[38;2;16;16;16m██[38;2;16;49;90m██[38;2;16;49;90m██                      
                  [38;2;16;16;16m██[38;2;49;131;197m██[38;2;49;131;197m██[38;2;197;197;213m██[38;2;197;197;213m██[38;2;49;131;197m██[38;2;49;131;197m██[38;2;49;131;197m██[38;2;49;131;197m██[38;2;197;197;213m██[38;2;197;197;213m██[38;2;197;197;213m██[38;2;49;131;197m██[38;2;49;131;197m██[38;2;49;131;197m██[38;2;197;197;213m██[38;2;197;197;213m██[38;2;197;197;213m██[38;2;49;131;197m██[38;2;49;131;197m██[38;2;49;131;197m██[38;2;49;131;197m██[38;2;197;197;213m██[38;2;197;197;213m██[38;2;49;131;197m██[38;2;49;131;197m██[38;2;197;197;213m██[38;2;197;197;213m██[38;2;16;16;16m██                    [38;2;16;49;90m██[38;2;16;49;90m██[38;2;16;49;90m██[38;2;16;49;90m██    
                  [38;2;16;16;16m██[38;2;49;131;197m██[38;2;197;197;213m██[38;2;197;197;213m██[38;2;197;197;213m██[38;2;197;197;213m██[38;2;49;131;197m██[38;2;49;131;197m██[38;2;197;197;213m██[38;2;197;197;213m██[38;2;197;197;213m██[38;2;197;197;213m██[38;2;197;197;213m██[38;2;197;197;213m██[38;2;197;197;213m██[38;2;197;197;213m██[38;2;197;197;213m██[38;2;197;197;213m██[38;2;197;197;213m██[38;2;49;131;197m██[38;2;49;131;197m██[38;2;197;197;213m██[38;2;197;197;213m██[38;2;197;197;213m██[38;2;197;197;213m██[38;2;197;197;213m██[38;2;197;197;213m██[38;2;106;106;106m██                    [38;2;16;49;90m██[38;2;49;131;197m██[38;2;90;156;238m██[38;2;90;156;238m██[38;2;49;131;197m██[38;2;16;49;90m██  
                    [38;2;16;16;16m██[38;2;197;197;213m██[38;2;197;197;213m██[38;2;197;197;213m██[38;2;197;197;213m██[38;2;197;197;213m██[38;2;197;197;213m██[38;2;197;197;213m██[38;2;197;197;213m██[38;2;197;197;213m██[38;2;197;197;213m██[38;2;197;197;213m██[38;2;197;197;213m██[38;2;197;197;213m██[38;2;197;197;213m██[38;2;197;197;213m██[38;2;197;197;213m██[38;2;197;197;213m██[38;2;197;197;213m██[38;2;197;197;213m██[38;2;197;197;213m██[38;2;197;197;213m██[38;2;197;197;213m██[38;2;197;197;213m██[38;2;197;197;213m██[38;2;197;197;213m██[38;2;16;16;16m██                  [38;2;16;49;90m██[38;2;49;131;197m██[38;2;90;156;238m██[38;2;115;180;246m██[38;2;115;180;246m██[38;2;90;156;238m██[38;2;49;131;197m██[38;2;16;16;16m██
                    [38;2;16;16;16m██[38;2;106;106;106m██[38;2;197;197;213m██[38;2;197;197;213m██[38;2;197;197;213m██[38;2;197;197;213m██[38;2;197;197;213m██[38;2;197;197;213m██[38;2;197;197;213m██[38;2;197;197;213m██[38;2;197;197;213m██[38;2;197;197;213m██[38;2;197;197;213m██[38;2;197;197;213m██[38;2;197;197;213m██[38;2;197;197;213m██[38;2;197;197;213m██[38;2;197;197;213m██[38;2;197;197;213m██[38;2;197;197;213m██[38;2;197;197;213m██[38;2;197;197;213m██[38;2;197;197;213m██[38;2;197;197;213m██[38;2;197;197;213m██[38;2;106;106;106m██    [38;2;16;16;16m██              [38;2;16;49;90m██[38;2;49;131;197m██[38;2;90;156;238m██[38;2;115;180;246m██[38;2;115;180;246m██[38;2;90;156;238m██[38;2;49;131;197m██[38;2;16;16;16m██
                      [38;2;16;16;16m██[38;2;197;197;213m██[38;2;197;197;213m██[38;2;197;197;213m██[38;2;197;197;213m██[38;2;197;197;213m██[38;2;197;197;213m██[38;2;197;197;213m██[38;2;197;197;213m██[38;2;197;197;213m██[38;2;197;197;213m██[38;2;197;197;213m██[38;2;197;197;213m██[38;2;197;197;213m██[38;2;197;197;213m██[38;2;197;197;213m██[38;2;197;197;213m██[38;2;197;197;213m██[38;2;197;197;213m██[38;2;197;197;213m██[38;2;197;197;213m██[38;2;197;197;213m██[38;2;197;197;213m██[38;2;197;197;213m██[38;2;16;16;16m██  [38;2;106;106;106m██[38;2;16;16;16m██[38;2;106;106;106m██            [38;2;16;49;90m██[38;2;49;131;197m██[38;2;49;131;197m██[38;2;90;156;238m██[38;2;90;156;238m██[38;2;49;131;197m██[38;2;49;131;197m██[38;2;16;16;16m██
                        [38;2;106;106;106m██[38;2;197;197;213m██[38;2;197;197;213m██[38;2;197;197;213m██[38;2;197;197;213m██[38;2;197;197;213m██[38;2;197;197;213m██[38;2;197;197;213m██[38;2;197;197;213m██[38;2;197;197;213m██[38;2;197;197;213m██[38;2;197;197;213m██[38;2;197;197;213m██[38;2;197;197;213m██[38;2;197;197;213m██[38;2;197;197;213m██[38;2;197;197;213m██[38;2;197;197;213m██[38;2;197;197;213m██[38;2;197;197;213m██[38;2;197;197;213m██[38;2;197;197;213m██[38;2;16;16;16m██    [38;2;16;16;16m██[38;2;16;16;16m██[38;2;16;16;16m██    [38;2;16;16;16m██      [38;2;16;49;90m██[38;2;8;98;172m██[38;2;49;131;197m██[38;2;49;131;197m██[38;2;49;131;197m██[38;2;49;131;197m██[38;2;8;98;172m██[38;2;16;16;16m██
                          [38;2;16;16;16m██[38;2;197;197;213m██[38;2;197;197;213m██[38;2;197;197;213m██[38;2;197;197;213m██[38;2;197;197;213m██[38;2;197;197;213m██[38;2;197;197;213m██[38;2;197;197;213m██[38;2;197;197;213m██[38;2;197;197;213m██[38;2;197;197;213m██[38;2;197;197;213m██[38;2;197;197;213m██[38;2;197;197;213m██[38;2;197;197;213m██[38;2;197;197;213m██[38;2;197;197;213m██[38;2;197;197;213m██[38;2;197;197;213m██[38;2;16;16;16m██      [38;2;16;16;16m██[38;2;16;16;16m██[38;2;16;16;16m██    [38;2;16;16;16m██[38;2;16;16;16m██      [38;2;16;16;16m██[38;2;8;98;172m██[38;2;8;98;172m██[38;2;8;98;172m██[38;2;8;98;172m██[38;2;16;16;16m██  
                            [38;2;16;16;16m██[38;2;197;197;213m██[38;2;197;197;213m██[38;2;197;197;213m██[38;2;197;197;213m██[38;2;197;197;213m██[38;2;197;197;213m██[38;2;197;197;213m██[38;2;197;197;213m██[38;2;197;197;213m██[38;2;197;197;213m██[38;2;197;197;213m██[38;2;197;197;213m██[38;2;197;197;213m██[38;2;197;197;213m██[38;2;197;197;213m██[38;2;197;197;213m██[38;2;197;197;213m██[38;2;16;16;16m██[38;2;106;106;106m██[38;2;16;16;16m██  [38;2;16;16;16m██[38;2;16;16;16m██  [38;2;16;16;16m██    [38;2;16;16;16m██[38;2;16;16;16m██[38;2;16;16;16m██  [38;2;16;16;16m██[38;2;106;106;106m██[38;2;16;16;16m██[38;2;16;16;16m██[38;2;16;16;16m██[38;2;16;16;16m██    
                              [38;2;16;16;16m██[38;2;106;106;106m██[38;2;197;197;213m██[38;2;197;197;213m██[38;2;197;197;213m██[38;2;197;197;213m██[38;2;197;197;213m██[38;2;197;197;213m██[38;2;197;197;213m██[38;2;197;197;213m██[38;2;197;197;213m██[38;2;197;197;213m██[38;2;197;197;213m██[38;2;197;197;213m██[38;2;197;197;213m██[38;2;106;106;106m██[38;2;16;16;16m██    [38;2;16;16;16m██[38;2;16;16;16m██[38;2;16;16;16m██[38;2;16;16;16m██  [38;2;16;16;16m██[38;2;16;16;16m██  [38;2;16;16;16m██[38;2;106;106;106m██[38;2;16;16;16m██[38;2;106;106;106m██[38;2;16;16;16m██              
                            [38;2;8;98;172m██[38;2;8;98;172m██[38;2;8;98;172m██[38;2;16;16;16m██[38;2;106;106;106m██[38;2;197;197;213m██[38;2;197;197;213m██[38;2;197;197;213m██[38;2;197;197;213m██[38;2;197;197;213m██[38;2;197;197;213m██[38;2;197;197;213m██[38;2;197;197;213m██[38;2;106;106;106m██[38;2;16;16;16m██[38;2;8;98;172m██[38;2;8;98;172m██        [38;2;16;16;16m██[38;2;16;16;16m██[38;2;106;106;106m██  [38;2;16;16;16m██[38;2;16;16;16m██[38;2;16;16;16m██[38;2;16;16;16m██  [38;2;16;16;16m██[38;2;16;16;16m██[38;2;16;16;16m██              
                      [38;2;8;98;172m██[38;2;8;98;172m██[38;2;49;131;197m██[38;2;90;156;238m██[38;2;90;156;238m██[38;2;49;131;197m██[38;2;49;131;197m██[38;2;49;131;197m██[38;2;8;98;172m██[38;2;16;16;16m██[38;2;16;16;16m██[38;2;16;16;16m██[38;2;16;16;16m██[38;2;16;16;16m██[38;2;16;16;16m██[38;2;16;16;16m██[38;2;8;98;172m██[38;2;49;131;197m██[38;2;49;131;197m██[38;2;49;131;197m██[38;2;8;98;172m██        [38;2;16;16;16m██    [38;2;106;106;106m██[38;2;16;16;16m██[38;2;16;16;16m██[38;2;106;106;106m██    [38;2;16;16;16m██[38;2;16;16;16m██              
                    [38;2;8;98;172m██[38;2;49;131;197m██[38;2;115;180;246m██[38;2;115;180;246m██[38;2;90;156;238m██[38;2;90;156;238m██[38;2;90;156;238m██[38;2;49;131;197m██[38;2;16;16;16m██                [38;2;16;16;16m██[38;2;90;156;238m██[38;2;90;156;238m██[38;2;90;156;238m██[38;2;49;131;197m██[38;2;8;98;172m██              [38;2;16;16;16m██[38;2;16;16;16m██        [38;2;16;16;16m██              
                    [38;2;16;16;16m██[38;2;90;156;238m██[38;2;90;156;238m██[38;2;90;156;238m██[38;2;90;156;238m██[38;2;90;156;238m██[38;2;49;131;197m██[38;2;16;16;16m██                  [38;2;16;16;16m██[38;2;90;156;238m██[38;2;90;156;238m██[38;2;90;156;238m██[38;2;90;156;238m██[38;2;90;156;238m██[38;2;8;98;172m██            [38;2;106;106;106m██[38;2;16;16;16m██                        
                    [38;2;16;16;16m██[38;2;49;131;197m██[38;2;49;131;197m██[38;2;49;131;197m██[38;2;49;131;197m██[38;2;16;16;16m██[38;2;16;16;16m██                      [38;2;16;16;16m██[38;2;90;156;238m██[38;2;90;156;238m██[38;2;115;180;246m██[38;2;115;180;246m██[38;2;90;156;238m██[38;2;8;98;172m██            [38;2;106;106;106m██                        
                      [38;2;16;16;16m██[38;2;16;16;16m██[38;2;16;16;16m██[38;2;16;16;16m██                          [38;2;16;16;16m██[38;2;49;131;197m██[38;2;90;156;238m██[38;2;90;156;238m██[38;2;90;156;238m██[38;2;90;156;238m██[38;2;16;16;16m██                                      
                                                          [38;2;16;16;16m██[38;2;49;131;197m██[38;2;49;131;197m██[38;2;49;131;197m██[38;2;49;131;197m██[38;2;16;16;16m██                                      
                                                            [38;2;16;16;16m██[38;2;16;16;16m██[38;2;16;16;16m██[38;2;16;16;16m██                                        
