                                                      [38;2;130;125;110m██[38;2;130;125;110m██                                    
                                                    [38;2;130;125;110m██[38;2;189;188;177m██[38;2;167;162;151m██[38;2;16;16;16m██                                  
                              [38;2;130;125;110m██[38;2;130;125;110m██[38;2;130;125;110m██              [38;2;130;125;110m██[38;2;189;188;177m██[38;2;189;188;177m██[38;2;167;162;151m██[38;2;16;16;16m██                                  
                            [38;2;16;16;16m██[38;2;167;162;151m██[38;2;189;188;177m██[38;2;189;188;177m██[38;2;130;125;110m██[38;2;130;125;110m██          [38;2;130;125;110m██[38;2;189;188;177m██[38;2;167;162;151m██[38;2;167;162;151m██[38;2;16;16;16m██                                  
                            [38;2;16;16;16m██[38;2;167;162;151m██[38;2;167;162;151m██[38;2;189;188;177m██[38;2;189;188;177m██[38;2;130;125;110m██[38;2;16;16;16m██      [38;2;130;125;110m██[38;2;189;188;177m██[38;2;167;162;151m██[38;2;167;162;151m██[38;2;16;16;16m██                                    
                              [38;2;16;16;16m██[38;2;130;125;110m██[38;2;167;162;151m██[38;2;167;162;151m██[38;2;189;188;177m██[38;2;130;125;110m██[38;2;16;16;16m██[38;2;16;16;16m██[38;2;130;125;110m██[38;2;189;188;177m██[38;2;167;162;151m██[38;2;167;162;151m██[38;2;16;16;16m██                                      
                                [38;2;130;125;110m██[38;2;16;16;16m██[38;2;16;16;16m██[38;2;167;162;151m██[38;2;167;162;151m██[38;2;167;162;151m██[38;2;167;162;151m██[38;2;167;162;151m██[38;2;167;162;151m██[38;2;167;162;151m██[38;2;16;16;16m██                                        
                                      [38;2;16;16;16m██[38;2;16;16;16m██[38;2;167;162;151m██[38;2;167;162;151m██[38;2;167;162;151m██[38;2;130;125;110m██[38;2;16;16;16m██                                          
                                          [38;2;16;16;16m██[38;2;130;125;110m██[38;2;167;162;151m██[38;2;16;16;16m██                              [38;2;68;90;24m██[38;2;68;90;24m██[38;2;68;90;24m██[38;2;68;90;24m██      
                                            [38;2;16;16;16m██[38;2;167;162;151m██[38;2;16;16;16m██                            [38;2;16;16;16m██[38;2;121;150;78m██[38;2;153;197;65m██[38;2;153;197;65m██[38;2;121;150;78m██[38;2;68;90;24m██    
                                            [38;2;16;16;16m██[38;2;167;162;151m██[38;2;16;16;16m██                          [38;2;16;16;16m██[38;2;121;150;78m██[38;2;153;197;65m██[38;2;153;197;65m██[38;2;153;197;65m██[38;2;153;197;65m██[38;2;121;150;78m██[38;2;68;90;24m██  
                                      [38;2;130;125;110m██[38;2;130;125;110m██[38;2;130;125;110m██[38;2;167;162;151m██[38;2;167;162;151m██[38;2;130;125;110m██[38;2;16;16;16m██[38;2;16;16;16m██[38;2;16;16;16m██          [38;2;90;79;24m██[38;2;90;79;24m██[38;2;90;79;24m██[38;2;90;79;24m██  [38;2;16;16;16m██[38;2;153;197;65m██[38;2;153;197;65m██[38;2;121;150;78m██[38;2;121;150;78m██[38;2;121;150;78m██[38;2;153;197;65m██[38;2;68;90;24m██  
                                    [38;2;130;125;110m██[38;2;167;162;151m██[38;2;167;162;151m██[38;2;189;188;177m██[38;2;214;212;206m██[38;2;214;212;206m██[38;2;130;125;110m██[38;2;167;162;151m██[38;2;167;162;151m██[38;2;167;162;151m██[38;2;16;16;16m██      [38;2;90;79;24m██[38;2;165;138;63m██[38;2;197;184;65m██[38;2;197;184;65m██[38;2;165;138;63m██[38;2;90;79;24m██[38;2;16;16;16m██[38;2;153;197;65m██[38;2;121;150;78m██[38;2;121;150;78m██[38;2;121;150;78m██[38;2;121;150;78m██[38;2;121;150;78m██[38;2;16;16;16m██  
                                    [38;2;130;125;110m██[38;2;214;212;206m██[38;2;214;212;206m██[38;2;214;212;206m██[38;2;214;212;206m██[38;2;214;212;206m██[38;2;214;212;206m██[38;2;214;212;206m██[38;2;167;162;151m██[38;2;167;162;151m██[38;2;16;16;16m██    [38;2;16;16;16m██[38;2;165;138;63m██[38;2;197;184;65m██[38;2;197;184;65m██[38;2;197;184;65m██[38;2;197;184;65m██[38;2;165;138;63m██[38;2;16;16;16m██[38;2;121;150;78m██[38;2;121;150;78m██[38;2;121;150;78m██[38;2;121;150;78m██[38;2;121;150;78m██[38;2;121;150;78m██[38;2;16;16;16m██  
                                    [38;2;130;125;110m██[38;2;214;212;206m██[38;2;214;212;206m██[38;2;214;212;206m██[38;2;214;212;206m██[38;2;214;212;206m██[38;2;214;212;206m██[38;2;214;212;206m██[38;2;189;188;177m██[38;2;167;162;151m██[38;2;16;16;16m██    [38;2;16;16;16m██[38;2;197;184;65m██[38;2;197;184;65m██[38;2;165;138;63m██[38;2;165;138;63m██[38;2;165;138;63m██[38;2;165;138;63m██[38;2;16;16;16m██[38;2;16;16;16m██[38;2;121;150;78m██[38;2;121;150;78m██[38;2;121;150;78m██[38;2;121;150;78m██[38;2;16;16;16m██    
      [38;2;49;90;24m██[38;2;49;90;24m██[38;2;49;90;24m██[38;2;49;90;24m██                      [38;2;130;125;110m██[38;2;214;212;206m██[38;2;214;212;206m██[38;2;214;212;206m██[38;2;214;212;206m██[38;2;214;212;206m██[38;2;214;212;206m██[38;2;214;212;206m██[38;2;189;188;177m██[38;2;167;162;151m██[38;2;16;16;16m██    [38;2;16;16;16m██[38;2;197;184;65m██[38;2;165;138;63m██[38;2;165;138;63m██[38;2;165;138;63m██[38;2;165;138;63m██[38;2;165;138;63m██[38;2;16;16;16m██[38;2;130;125;110m██[38;2;16;16;16m██[38;2;16;16;16m██[38;2;16;16;16m██[38;2;16;16;16m██      
    [38;2;49;90;24m██[38;2;90;139;90m██[38;2;74;197;65m██[38;2;74;197;65m██[38;2;90;139;90m██[38;2;49;90;24m██                    [38;2;130;125;110m██[38;2;214;212;206m██[38;2;214;212;206m██[38;2;214;212;206m██[38;2;214;212;206m██[38;2;214;212;206m██[38;2;214;212;206m██[38;2;214;212;206m██[38;2;189;188;177m██[38;2;167;162;151m██[38;2;16;16;16m██    [38;2;16;16;16m██[38;2;165;138;63m██[38;2;165;138;63m██[38;2;165;138;63m██[38;2;165;138;63m██[38;2;165;138;63m██[38;2;90;79;24m██[38;2;90;79;24m██[38;2;167;162;151m██[38;2;167;162;151m██[38;2;49;90;24m██[38;2;49;90;24m██[38;2;49;90;24m██[38;2;49;90;24m██    
  [38;2;16;16;16m██[38;2;90;139;90m██[38;2;74;197;65m██[38;2;74;197;65m██[38;2;74;197;65m██[38;2;74;197;65m██[38;2;90;139;90m██[38;2;49;90;24m██                  [38;2;130;125;110m██[38;2;214;212;206m██[38;2;214;212;206m██[38;2;214;212;206m██[38;2;214;212;206m██[38;2;214;212;206m██[38;2;214;212;206m██[38;2;214;212;206m██[38;2;189;188;177m██[38;2;167;162;151m██[38;2;16;16;16m██      [38;2;16;16;16m██[38;2;165;138;63m██[38;2;165;138;63m██[38;2;165;138;63m██[38;2;165;138;63m██[38;2;16;16;16m██[38;2;167;162;151m██[38;2;167;162;151m██[38;2;49;90;24m██[38;2;90;139;90m██[38;2;90;139;90m██[38;2;90;139;90m██[38;2;90;139;90m██[38;2;49;90;24m██  
  [38;2;16;16;16m██[38;2;74;197;65m██[38;2;74;197;65m██[38;2;90;139;90m██[38;2;90;139;90m██[38;2;90;139;90m██[38;2;90;139;90m██[38;2;49;90;24m██    [38;2;90;79;24m██[38;2;90;79;24m██[38;2;90;79;24m██[38;2;90;79;24m██      [38;2;130;125;110m██[38;2;214;212;206m██[38;2;214;212;206m██[38;2;214;212;206m██[38;2;214;212;206m██[38;2;214;212;206m██[38;2;214;212;206m██[38;2;214;212;206m██[38;2;189;188;177m██[38;2;167;162;151m██[38;2;16;16;16m██        [38;2;16;16;16m██[38;2;16;16;16m██[38;2;16;16;16m██[38;2;16;16;16m██[38;2;167;162;151m██[38;2;167;162;151m██[38;2;167;162;151m██[38;2;90;139;90m██[38;2;90;139;90m██[38;2;90;139;90m██[38;2;90;139;90m██[38;2;90;139;90m██[38;2;90;139;90m██[38;2;49;90;24m██
  [38;2;16;16;16m██[38;2;74;197;65m██[38;2;90;139;90m██[38;2;90;139;90m██[38;2;90;139;90m██[38;2;90;139;90m██[38;2;90;139;90m██[38;2;49;90;24m██  [38;2;16;16;16m██[38;2;165;138;63m██[38;2;197;184;65m██[38;2;197;184;65m██[38;2;165;138;63m██[38;2;90;79;24m██    [38;2;130;125;110m██[38;2;214;212;206m██[38;2;214;212;206m██[38;2;214;212;206m██[38;2;214;212;206m██[38;2;214;212;206m██[38;2;214;212;206m██[38;2;214;212;206m██[38;2;167;162;151m██[38;2;167;162;151m██[38;2;16;16;16m██              [38;2;16;16;16m██[38;2;167;162;151m██[38;2;167;162;151m██[38;2;49;90;24m██[38;2;90;139;90m██[38;2;90;139;90m██[38;2;90;139;90m██[38;2;90;139;90m██[38;2;90;139;90m██[38;2;90;139;90m██[38;2;16;16;16m██
  [38;2;16;16;16m██[38;2;90;139;90m██[38;2;90;139;90m██[38;2;90;139;90m██[38;2;90;139;90m██[38;2;90;139;90m██[38;2;90;139;90m██[38;2;49;90;24m██[38;2;16;16;16m██[38;2;165;138;63m██[38;2;197;184;65m██[38;2;197;184;65m██[38;2;197;184;65m██[38;2;197;184;65m██[38;2;165;138;63m██[38;2;90;79;24m██  [38;2;130;125;110m██[38;2;214;212;206m██[38;2;214;212;206m██[38;2;214;212;206m██[38;2;214;212;206m██[38;2;214;212;206m██[38;2;214;212;206m██[38;2;189;188;177m██[38;2;167;162;151m██[38;2;167;162;151m██[38;2;16;16;16m██            [38;2;16;16;16m██[38;2;167;162;151m██[38;2;167;162;151m██[38;2;16;16;16m██[38;2;49;90;24m██[38;2;90;139;90m██[38;2;90;139;90m██[38;2;90;139;90m██[38;2;90;139;90m██[38;2;90;139;90m██[38;2;90;139;90m██[38;2;16;16;16m██
    [38;2;16;16;16m██[38;2;90;139;90m██[38;2;90;139;90m██[38;2;90;139;90m██[38;2;90;139;90m██[38;2;16;16;16m██  [38;2;16;16;16m██[38;2;197;184;65m██[38;2;197;184;65m██[38;2;165;138;63m██[38;2;165;138;63m██[38;2;165;138;63m██[38;2;165;138;63m██[38;2;16;16;16m██  [38;2;16;16;16m██[38;2;214;212;206m██[38;2;189;188;177m██[38;2;214;212;206m██[38;2;214;212;206m██[38;2;214;212;206m██[38;2;214;212;206m██[38;2;167;162;151m██[38;2;167;162;151m██[38;2;167;162;151m██[38;2;16;16;16m██          [38;2;16;16;16m██[38;2;167;162;151m██[38;2;167;162;151m██[38;2;16;16;16m██  [38;2;49;90;24m██[38;2;90;139;90m██[38;2;90;139;90m██[38;2;90;139;90m██[38;2;90;139;90m██[38;2;90;139;90m██[38;2;90;139;90m██[38;2;16;16;16m██
      [38;2;16;16;16m██[38;2;16;16;16m██[38;2;16;16;16m██[38;2;16;16;16m██[38;2;130;125;110m██[38;2;16;16;16m██[38;2;16;16;16m██[38;2;197;184;65m██[38;2;165;138;63m██[38;2;165;138;63m██[38;2;165;138;63m██[38;2;165;138;63m██[38;2;165;138;63m██[38;2;16;16;16m██  [38;2;16;16;16m██[38;2;167;162;151m██[38;2;214;212;206m██[38;2;167;162;151m██[38;2;214;212;206m██[38;2;189;188;177m██[38;2;167;162;151m██[38;2;167;162;151m██[38;2;167;162;151m██[38;2;167;162;151m██[38;2;130;125;110m██      [38;2;16;16;16m██[38;2;16;16;16m██[38;2;167;162;151m██[38;2;167;162;151m██[38;2;167;162;151m██[38;2;16;16;16m██    [38;2;16;16;16m██[38;2;90;139;90m██[38;2;90;139;90m██[38;2;90;139;90m██[38;2;90;139;90m██[38;2;16;16;16m██  
    [38;2;68;90;24m██[38;2;68;90;24m██[38;2;68;90;24m██[38;2;16;16;16m██[38;2;167;162;151m██[38;2;167;162;151m██[38;2;167;162;151m██[38;2;16;16;16m██[38;2;165;138;63m██[38;2;165;138;63m██[38;2;165;138;63m██[38;2;165;138;63m██[38;2;165;138;63m██[38;2;165;138;63m██[38;2;16;16;16m██  [38;2;16;16;16m██[38;2;214;212;206m██[38;2;167;162;151m██[38;2;214;212;206m██[38;2;167;162;151m██[38;2;167;162;151m██[38;2;167;162;151m██[38;2;167;162;151m██[38;2;167;162;151m██[38;2;167;162;151m██[38;2;130;125;110m██[38;2;16;16;16m██[38;2;16;16;16m██[38;2;130;125;110m██[38;2;167;162;151m██[38;2;167;162;151m██[38;2;167;162;151m██[38;2;167;162;151m██[38;2;16;16;16m██        [38;2;16;16;16m██[38;2;16;16;16m██[38;2;16;16;16m██[38;2;16;16;16m██    
  [38;2;68;90;24m██[38;2;153;197;65m██[38;2;121;150;78m██[38;2;121;150;78m██[38;2;121;150;78m██[38;2;16;16;16m██[38;2;167;162;151m██[38;2;167;162;151m██[38;2;130;125;110m██[38;2;16;16;16m██[38;2;165;138;63m██[38;2;165;138;63m██[38;2;165;138;63m██[38;2;165;138;63m██[38;2;16;16;16m██    [38;2;16;16;16m██[38;2;167;162;151m██[38;2;214;212;206m██[38;2;167;162;151m██[38;2;214;212;206m██[38;2;167;162;151m██[38;2;167;162;151m██[38;2;167;162;151m██[38;2;167;162;151m██[38;2;167;162;151m██[38;2;167;162;151m██[38;2;167;162;151m██[38;2;167;162;151m██[38;2;167;162;151m██[38;2;167;162;151m██[38;2;167;162;151m██[38;2;130;125;110m██[38;2;16;16;16m██                      
[38;2;16;16;16m██[38;2;121;150;78m██[38;2;153;197;65m██[38;2;153;197;65m██[38;2;121;150;78m██[38;2;121;150;78m██[38;2;121;150;78m██[38;2;16;16;16m██[38;2;167;162;151m██[38;2;167;162;151m██[38;2;130;125;110m██[38;2;16;16;16m██[38;2;16;16;16m██[38;2;16;16;16m██[38;2;16;16;16m██    [38;2;16;16;16m██[38;2;130;125;110m██[38;2;167;162;151m██[38;2;167;162;151m██[38;2;167;162;151m██[38;2;167;162;151m██[38;2;167;162;151m██[38;2;167;162;151m██[38;2;167;162;151m██[38;2;167;162;151m██[38;2;167;162;151m██[38;2;167;162;151m██[38;2;167;162;151m██[38;2;167;162;151m██[38;2;167;162;151m██[38;2;16;16;16m██[38;2;16;16;16m██                          
[38;2;16;16;16m██[38;2;153;197;65m██[38;2;121;150;78m██[38;2;121;150;78m██[38;2;121;150;78m██[38;2;121;150;78m██[38;2;121;150;78m██[38;2;68;90;24m██[38;2;16;16;16m██[38;2;16;16;16m██[38;2;167;162;151m██[38;2;167;162;151m██[38;2;167;162;151m██[38;2;130;125;110m██[38;2;16;16;16m██[38;2;16;16;16m██[38;2;16;16;16m██[38;2;167;162;151m██[38;2;167;162;151m██[38;2;167;162;151m██[38;2;167;162;151m██[38;2;167;162;151m██[38;2;167;162;151m██[38;2;167;162;151m██[38;2;130;125;110m██[38;2;167;162;151m██[38;2;167;162;151m██[38;2;167;162;151m██[38;2;167;162;151m██[38;2;130;125;110m██[38;2;167;162;151m██[38;2;16;16;16m██                              
[38;2;16;16;16m██[38;2;121;150;78m██[38;2;121;150;78m██[38;2;121;150;78m██[38;2;121;150;78m██[38;2;121;150;78m██[38;2;121;150;78m██[38;2;68;90;24m██    [38;2;16;16;16m██[38;2;16;16;16m██[38;2;167;162;151m██[38;2;167;162;151m██[38;2;167;162;151m██[38;2;167;162;151m██[38;2;167;162;151m██[38;2;167;162;151m██[38;2;167;162;151m██[38;2;167;162;151m██[38;2;167;162;151m██[38;2;167;162;151m██[38;2;167;162;151m██[38;2;130;125;110m██[38;2;151;146;137m██[38;2;130;125;110m██[38;2;167;162;151m██[38;2;167;162;151m██[38;2;167;162;151m██[38;2;130;125;110m██[38;2;16;16;16m██                                
[38;2;16;16;16m██[38;2;121;150;78m██[38;2;121;150;78m██[38;2;121;150;78m██[38;2;121;150;78m██[38;2;121;150;78m██[38;2;121;150;78m██[38;2;68;90;24m██        [38;2;16;16;16m██[38;2;16;16;16m██[38;2;167;162;151m██[38;2;167;162;151m██[38;2;167;162;151m██[38;2;167;162;151m██[38;2;167;162;151m██[38;2;130;125;110m██[38;2;167;162;151m██[38;2;167;162;151m██[38;2;167;162;151m██[38;2;130;125;110m██[38;2;151;146;137m██[38;2;130;125;110m██[38;2;167;162;151m██[38;2;167;162;151m██[38;2;167;162;151m██[38;2;167;162;151m██[38;2;130;125;110m██                                
  [38;2;16;16;16m██[38;2;121;150;78m██[38;2;121;150;78m██[38;2;121;150;78m██[38;2;121;150;78m██[38;2;68;90;24m██              [38;2;16;16;16m██[38;2;16;16;16m██[38;2;16;16;16m██[38;2;16;16;16m██[38;2;16;16;16m██[38;2;16;16;16m██[38;2;167;162;151m██[38;2;167;162;151m██[38;2;167;162;151m██[38;2;130;125;110m██[38;2;151;146;137m██[38;2;130;125;110m██[38;2;167;162;151m██[38;2;167;162;151m██[38;2;167;162;151m██[38;2;167;162;151m██[38;2;130;125;110m██                                
    [38;2;16;16;16m██[38;2;16;16;16m██[38;2;16;16;16m██[38;2;16;16;16m██                          [38;2;16;16;16m██[38;2;167;162;151m██[38;2;167;162;151m██[38;2;167;162;151m██[38;2;167;162;151m██[38;2;130;125;110m██[38;2;167;162;151m██[38;2;167;162;151m██[38;2;167;162;151m██[38;2;167;162;151m██[38;2;167;162;151m██[38;2;130;125;110m██                                
                                        [38;2;16;16;16m██[38;2;167;162;151m██[38;2;130;125;110m██[38;2;167;162;151m██[38;2;167;162;151m██[38;2;167;162;151m██[38;2;167;162;151m██[38;2;167;162;151m██[38;2;167;162;151m██[38;2;167;162;151m██[38;2;167;162;151m██[38;2;130;125;110m██                              
                                        [38;2;16;16;16m██[38;2;130;125;110m██[38;2;151;146;137m██[38;2;130;125;110m██[38;2;167;162;151m██[38;2;167;162;151m██[38;2;167;162;151m██[38;2;167;162;151m██[38;2;130;125;110m██[38;2;167;162;151m██[38;2;167;162;151m██[38;2;130;125;110m██                              
                                        [38;2;16;16;16m██[38;2;130;125;110m██[38;2;151;146;137m██[38;2;130;125;110m██[38;2;167;162;151m██[38;2;167;162;151m██[38;2;167;162;151m██[38;2;130;125;110m██[38;2;151;146;137m██[38;2;130;125;110m██[38;2;167;162;151m██[38;2;130;125;110m██                              
                                          [38;2;16;16;16m██[38;2;130;125;110m██[38;2;167;162;151m██[38;2;167;162;151m██[38;2;167;162;151m██[38;2;167;162;151m██[38;2;130;125;110m██[38;2;151;146;137m██[38;2;130;125;110m██[38;2;167;162;151m██[38;2;167;162;151m██[38;2;130;125;110m██                            
                                          [38;2;16;16;16m██[38;2;167;162;151m██[38;2;167;162;151m██[38;2;130;125;110m██[38;2;167;162;151m██[38;2;167;162;151m██[38;2;167;162;151m██[38;2;130;125;110m██[38;2;167;162;151m██[38;2;167;162;151m██[38;2;167;162;151m██[38;2;130;125;110m██                            
                                          [38;2;16;16;16m██[38;2;167;162;151m██[38;2;130;125;110m██[38;2;151;146;137m██[38;2;130;125;110m██[38;2;167;162;151m██[38;2;167;162;151m██[38;2;167;162;151m██[38;2;167;162;151m██[38;2;167;162;151m██[38;2;167;162;151m██[38;2;130;125;110m██                            
                                            [38;2;16;16;16m██[38;2;130;125;110m██[38;2;189;188;177m██[38;2;151;146;137m██[38;2;130;125;110m██[38;2;167;162;151m██[38;2;167;162;151m██[38;2;167;162;151m██[38;2;167;162;151m██[38;2;167;162;151m██[38;2;167;162;151m██[38;2;130;125;110m██                          
                                            [38;2;16;16;16m██[38;2;167;162;151m██[38;2;130;125;110m██[38;2;151;146;137m██[38;2;130;125;110m██[38;2;167;162;151m██[38;2;167;162;151m██[38;2;167;162;151m██[38;2;167;162;151m██[38;2;167;162;151m██[38;2;167;162;151m██[38;2;130;125;110m██                          
                                            [38;2;16;16;16m██[38;2;167;162;151m██[38;2;167;162;151m██[38;2;130;125;110m██[38;2;167;162;151m██[38;2;167;162;151m██[38;2;167;162;151m██[38;2;167;162;151m██[38;2;167;162;151m██[38;2;167;162;151m██[38;2;167;162;151m██[38;2;167;162;151m██[38;2;130;125;110m██                        
                                          [38;2;16;16;16m██[38;2;130;125;110m██[38;2;167;162;151m██[38;2;167;162;151m██[38;2;167;162;151m██[38;2;130;125;110m██[38;2;167;162;151m██[38;2;167;162;151m██[38;2;167;162;151m██[38;2;167;162;151m██[38;2;167;162;151m██[38;2;167;162;151m██[38;2;167;162;151m██[38;2;130;125;110m██[38;2;130;125;110m██                      
                                          [38;2;16;16;16m██[38;2;130;125;110m██[38;2;167;162;151m██[38;2;167;162;151m██[38;2;130;125;110m██[38;2;151;146;137m██[38;2;130;125;110m██[38;2;167;162;151m██[38;2;167;162;151m██[38;2;167;162;151m██[38;2;167;162;151m██[38;2;167;162;151m██[38;2;130;125;110m██[38;2;189;188;177m██[38;2;214;212;206m██[38;2;130;125;110m██                    
                                        [38;2;16;16;16m██[38;2;167;162;151m██[38;2;130;125;110m██[38;2;167;162;151m██[38;2;167;162;151m██[38;2;130;125;110m██[38;2;189;188;177m██[38;2;151;146;137m██[38;2;130;125;110m██[38;2;167;162;151m██[38;2;167;162;151m██[38;2;167;162;151m██[38;2;167;162;151m██[38;2;130;125;110m██[38;2;167;162;151m██[38;2;214;212;206m██[38;2;214;212;206m██[38;2;130;125;110m██                  
                                        [38;2;16;16;16m██[38;2;167;162;151m██[38;2;130;125;110m██[38;2;167;162;151m██[38;2;167;162;151m██[38;2;167;162;151m██[38;2;130;125;110m██[38;2;151;146;137m██[38;2;130;125;110m██[38;2;167;162;151m██[38;2;167;162;151m██[38;2;167;162;151m██[38;2;130;125;110m██[38;2;167;162;151m██[38;2;167;162;151m██[38;2;189;188;177m██[38;2;214;212;206m██[38;2;16;16;16m██                  
                                      [38;2;16;16;16m██[38;2;16;16;16m██[38;2;167;162;151m██[38;2;130;125;110m██[38;2;167;162;151m██[38;2;167;162;151m██[38;2;167;162;151m██[38;2;167;162;151m██[38;2;130;125;110m██[38;2;167;162;151m██[38;2;167;162;151m██[38;2;167;162;151m██[38;2;167;162;151m██[38;2;130;125;110m██[38;2;167;162;151m██[38;2;167;162;151m██[38;2;167;162;151m██[38;2;167;162;151m██[38;2;16;16;16m██                  
                                  [38;2;16;16;16m██[38;2;16;16;16m██[38;2;130;125;110m██[38;2;130;125;110m██[38;2;167;162;151m██[38;2;130;125;110m██[38;2;167;162;151m██[38;2;167;162;151m██[38;2;167;162;151m██[38;2;167;162;151m██[38;2;167;162;151m██[38;2;167;162;151m██[38;2;167;162;151m██[38;2;167;162;151m██[38;2;167;162;151m██[38;2;130;125;110m██[38;2;167;162;151m██[38;2;167;162;151m██[38;2;167;162;151m██[38;2;16;16;16m██                    
                                [38;2;16;16;16m██[38;2;130;125;110m██[38;2;189;188;177m██[38;2;189;188;177m██[38;2;167;162;151m██[38;2;130;125;110m██[38;2;130;125;110m██[38;2;16;16;16m██[38;2;167;162;151m██[38;2;167;162;151m██[38;2;167;162;151m██[38;2;167;162;151m██[38;2;167;162;151m██[38;2;167;162;151m██[38;2;167;162;151m██[38;2;167;162;151m██[38;2;16;16;16m██[38;2;130;125;110m██[38;2;167;162;151m██[38;2;167;162;151m██[38;2;16;16;16m██                    
                    [38;2;16;16;16m██[38;2;16;16;16m██[38;2;16;16;16m██[38;2;16;16;16m██[38;2;130;125;110m██[38;2;130;125;110m██[38;2;189;188;177m██[38;2;189;188;177m██[38;2;167;162;151m██[38;2;167;162;151m██[38;2;167;162;151m██[38;2;16;16;16m██[38;2;16;16;16m██[38;2;16;16;16m██[38;2;16;16;16m██[38;2;130;125;110m██[38;2;167;162;151m██[38;2;167;162;151m██[38;2;167;162;151m██[38;2;167;162;151m██[38;2;130;125;110m██[38;2;16;16;16m██[38;2;16;16;16m██[38;2;16;16;16m██[38;2;16;16;16m██[38;2;167;162;151m██[38;2;16;16;16m██                    
                  [38;2;16;16;16m██[38;2;130;125;110m██[38;2;130;125;110m██[38;2;130;125;110m██[38;2;130;125;110m██[38;2;130;125;110m██[38;2;130;125;110m██[38;2;130;125;110m██[38;2;167;162;151m██[38;2;167;162;151m██[38;2;16;16;16m██[38;2;16;16;16m██        [38;2;130;125;110m██[38;2;16;16;16m██[38;2;16;16;16m██[38;2;16;16;16m██[38;2;16;16;16m██[38;2;16;16;16m██      [38;2;16;16;16m██[38;2;167;162;151m██[38;2;167;162;151m██[38;2;16;16;16m██                  
                  [38;2;16;16;16m██[38;2;130;125;110m██[38;2;130;125;110m██[38;2;130;125;110m██[38;2;130;125;110m██[38;2;130;125;110m██[38;2;130;125;110m██[38;2;130;125;110m██[38;2;130;125;110m██[38;2;16;16;16m██                            [38;2;16;16;16m██[38;2;16;16;16m██[38;2;167;162;151m██[38;2;167;162;151m██[38;2;167;162;151m██[38;2;130;125;110m██[38;2;130;125;110m██[38;2;130;125;110m██            
                    [38;2;16;16;16m██[38;2;16;16;16m██[38;2;16;16;16m██[38;2;130;125;110m██[38;2;130;125;110m██[38;2;130;125;110m██[38;2;130;125;110m██[38;2;16;16;16m██                            [38;2;16;16;16m██[38;2;130;125;110m██[38;2;167;162;151m██[38;2;167;162;151m██[38;2;167;162;151m██[38;2;167;162;151m██[38;2;167;162;151m██[38;2;167;162;151m██[38;2;167;162;151m██[38;2;16;16;16m██          
                          [38;2;16;16;16m██[38;2;16;16;16m██[38;2;16;16;16m██[38;2;16;16;16m██                              [38;2;16;16;16m██[38;2;130;125;110m██[38;2;167;162;151m██[38;2;167;162;151m██[38;2;167;162;151m██[38;2;167;162;151m██[38;2;167;162;151m██[38;2;16;16;16m██[38;2;16;16;16m██[38;2;16;16;16m██          
                                                                  [38;2;16;16;16m██[38;2;16;16;16m██[38;2;16;16;16m██[38;2;16;16;16m██[38;2;16;16;16m██[38;2;16;16;16m██                
