[38;2;98;164;49m██[38;2;98;164;49m██[38;2;98;164;49m██                                                                                      
[38;2;98;164;49m██[38;2;131;197;90m██[38;2;156;222;90m██[38;2;98;164;49m██[38;2;98;164;49m██                                                                                  
[38;2;98;164;49m██[38;2;156;222;90m██[38;2;131;197;90m██[38;2;156;222;90m██[38;2;156;222;90m██[38;2;98;164;49m██[38;2;98;164;49m██                                                                              
[38;2;98;164;49m██[38;2;156;222;90m██[38;2;156;222;90m██[38;2;131;197;90m██[38;2;156;222;90m██[38;2;156;222;90m██[38;2;156;222;90m██[38;2;98;164;49m██[38;2;98;164;49m██                                                                          
[38;2;98;164;49m██[38;2;156;222;90m██[38;2;156;222;90m██[38;2;156;222;90m██[38;2;131;197;90m██[38;2;156;222;90m██[38;2;156;222;90m██[38;2;156;222;90m██[38;2;156;222;90m██[38;2;98;164;49m██                                                                        
[38;2;98;164;49m██[38;2;156;222;90m██[38;2;156;222;90m██[38;2;156;222;90m██[38;2;156;222;90m██[38;2;131;197;90m██[38;2;156;222;90m██[38;2;156;222;90m██[38;2;156;222;90m██[38;2;98;164;49m██                                                                        
[38;2;98;164;49m██[38;2;156;222;90m██[38;2;156;222;90m██[38;2;156;222;90m██[38;2;156;222;90m██[38;2;131;197;90m██[38;2;156;222;90m██[38;2;156;222;90m██[38;2;156;222;90m██[38;2;98;164;49m██                                                                        
[38;2;98;164;49m██[38;2;156;222;90m██[38;2;156;222;90m██[38;2;156;222;90m██[38;2;156;222;90m██[38;2;156;222;90m██[38;2;131;197;90m██[38;2;156;222;90m██[38;2;156;222;90m██[38;2;98;164;49m██                                                                        
[38;2;98;164;49m██[38;2;156;222;90m██[38;2;156;222;90m██[38;2;156;222;90m██[38;2;156;222;90m██[38;2;156;222;90m██[38;2;131;197;90m██[38;2;156;222;90m██[38;2;98;164;49m██                                                                          
[38;2;98;164;49m██[38;2;156;222;90m██[38;2;156;222;90m██[38;2;156;222;90m██[38;2;156;222;90m██[38;2;156;222;90m██[38;2;156;222;90m██[38;2;131;197;90m██[38;2;41;115;16m██[38;2;98;164;49m██[38;2;98;164;49m██[38;2;98;164;49m██[38;2;98;164;49m██                                                                  
  [38;2;98;164;49m██[38;2;98;164;49m██[38;2;98;164;49m██[38;2;98;164;49m██[38;2;156;222;90m██[38;2;156;222;90m██[38;2;131;197;90m██[38;2;98;164;49m██[38;2;156;222;90m██[38;2;156;222;90m██[38;2;156;222;90m██[38;2;98;164;49m██                                                                  
        [38;2;98;164;49m██[38;2;41;115;16m██[38;2;98;164;49m██[38;2;156;222;90m██[38;2;131;197;90m██[38;2;156;222;90m██[38;2;156;222;90m██[38;2;156;222;90m██[38;2;98;164;49m██                                                                  
          [38;2;41;115;16m██[38;2;156;222;90m██[38;2;156;222;90m██[38;2;156;222;90m██[38;2;131;197;90m██[38;2;156;222;90m██[38;2;41;115;16m██                                                                    
          [38;2;98;164;49m██[38;2;156;222;90m██[38;2;156;222;90m██[38;2;156;222;90m██[38;2;131;197;90m██[38;2;156;222;90m██[38;2;41;115;16m██[38;2;41;115;16m██[38;2;41;115;16m██                                            [38;2;98;164;49m██[38;2;98;164;49m██                
        [38;2;98;164;49m██[38;2;156;222;90m██[38;2;156;222;90m██[38;2;156;222;90m██[38;2;156;222;90m██[38;2;156;222;90m██[38;2;98;164;49m██[38;2;41;115;16m██[38;2;131;197;90m██[38;2;41;115;16m██                                          [38;2;41;115;16m██[38;2;156;222;90m██[38;2;131;197;90m██[38;2;98;164;49m██              
        [38;2;41;115;16m██[38;2;0;0;0m██[38;2;0;0;0m██[38;2;0;0;0m██[38;2;41;115;16m██[38;2;131;197;90m██[38;2;131;197;90m██[38;2;98;164;49m██[38;2;131;197;90m██[38;2;41;115;16m██                      [38;2;98;164;49m██        [38;2;98;164;49m██      [38;2;41;115;16m██[38;2;156;222;90m██[38;2;156;222;90m██[38;2;156;222;90m██[38;2;156;222;90m██[38;2;98;164;49m██[38;2;98;164;49m██          
                [38;2;41;115;16m██[38;2;131;197;90m██[38;2;131;197;90m██[38;2;98;164;49m██[38;2;131;197;90m██[38;2;41;115;16m██                    [38;2;41;115;16m██[38;2;156;222;90m██[38;2;98;164;49m██    [38;2;41;115;16m██[38;2;156;222;90m██[38;2;98;164;49m██  [38;2;41;115;16m██[38;2;156;222;90m██[38;2;156;222;90m██[38;2;156;222;90m██[38;2;156;222;90m██[38;2;156;222;90m██[38;2;156;222;90m██[38;2;156;222;90m██[38;2;98;164;49m██[38;2;98;164;49m██      
              [38;2;41;115;16m██[38;2;131;197;90m██[38;2;131;197;90m██[38;2;131;197;90m██[38;2;131;197;90m██[38;2;98;164;49m██[38;2;41;115;16m██[38;2;41;115;16m██[38;2;41;115;16m██          [38;2;41;115;16m██  [38;2;41;115;16m██[38;2;98;164;49m██[38;2;156;222;90m██[38;2;156;222;90m██[38;2;98;164;49m██[38;2;41;115;16m██[38;2;156;222;90m██[38;2;156;222;90m██[38;2;156;222;90m██[38;2;98;164;49m██[38;2;156;222;90m██[38;2;156;222;90m██[38;2;156;222;90m██[38;2;156;222;90m██[38;2;156;222;90m██[38;2;156;222;90m██[38;2;156;222;90m██[38;2;156;222;90m██[38;2;156;222;90m██[38;2;156;222;90m██[38;2;98;164;49m██[38;2;98;164;49m██  
              [38;2;0;0;0m██[38;2;0;0;0m██[38;2;0;0;0m██[38;2;41;115;16m██[38;2;41;115;16m██[38;2;98;164;49m██[38;2;131;197;90m██[38;2;131;197;90m██[38;2;41;115;16m██        [38;2;41;115;16m██[38;2;131;197;90m██[38;2;41;115;16m██[38;2;131;197;90m██[38;2;131;197;90m██[38;2;131;197;90m██[38;2;156;222;90m██[38;2;41;115;16m██[38;2;156;222;90m██[38;2;156;222;90m██[38;2;131;197;90m██[38;2;131;197;90m██[38;2;131;197;90m██[38;2;131;197;90m██[38;2;131;197;90m██[38;2;131;197;90m██[38;2;131;197;90m██[38;2;131;197;90m██[38;2;131;197;90m██[38;2;131;197;90m██[38;2;131;197;90m██[38;2;131;197;90m██[38;2;131;197;90m██[38;2;156;222;90m██[38;2;156;222;90m██[38;2;98;164;49m██
          [38;2;189;41;65m██[38;2;189;41;65m██      [38;2;41;115;16m██[38;2;131;197;90m██[38;2;131;197;90m██[38;2;98;164;49m██[38;2;131;197;90m██[38;2;41;115;16m██[38;2;41;115;16m██[38;2;41;115;16m██  [38;2;41;115;16m██[38;2;131;197;90m██[38;2;131;197;90m██[38;2;41;115;16m██[38;2;98;164;49m██[38;2;98;164;49m██[38;2;98;164;49m██[38;2;98;164;49m██[38;2;98;164;49m██[38;2;131;197;90m██[38;2;131;197;90m██[38;2;156;222;90m██[38;2;156;222;90m██[38;2;156;222;90m██[38;2;156;222;90m██[38;2;156;222;90m██[38;2;156;222;90m██[38;2;156;222;90m██[38;2;156;222;90m██[38;2;156;222;90m██[38;2;156;222;90m██[38;2;156;222;90m██[38;2;156;222;90m██[38;2;156;222;90m██[38;2;41;115;16m██[38;2;41;115;16m██  
        [38;2;189;41;65m██[38;2;246;90;90m██[38;2;246;90;90m██[38;2;131;0;16m██    [38;2;0;0;0m██[38;2;131;197;90m██[38;2;131;197;90m██[38;2;98;164;49m██[38;2;41;115;16m██[38;2;98;164;49m██[38;2;0;0;0m██[38;2;131;197;90m██[38;2;41;115;16m██[38;2;131;197;90m██[38;2;98;164;49m██[38;2;98;164;49m██[38;2;98;164;49m██[38;2;131;197;90m██[38;2;131;197;90m██[38;2;131;197;90m██[38;2;156;222;90m██[38;2;156;222;90m██[38;2;156;222;90m██[38;2;156;222;90m██[38;2;156;222;90m██[38;2;156;222;90m██[38;2;41;115;16m██[38;2;156;222;90m██[38;2;156;222;90m██[38;2;156;222;90m██[38;2;156;222;90m██[38;2;156;222;90m██[38;2;156;222;90m██[38;2;156;222;90m██[38;2;156;222;90m██[38;2;41;115;16m██[38;2;41;115;16m██      
        [38;2;189;41;65m██[38;2;246;90;90m██[38;2;246;90;90m██[38;2;246;90;90m██[38;2;131;0;16m██  [38;2;0;0;0m██[38;2;41;115;16m██[38;2;41;115;16m██[38;2;131;197;90m██[38;2;98;164;49m██[38;2;98;164;49m██[38;2;41;115;16m██[38;2;131;197;90m██[38;2;98;164;49m██[38;2;98;164;49m██[38;2;131;197;90m██[38;2;131;197;90m██[38;2;131;197;90m██[38;2;41;115;16m██[38;2;131;197;90m██[38;2;131;197;90m██[38;2;131;197;90m██[38;2;41;115;16m██[38;2;156;222;90m██[38;2;156;222;90m██[38;2;156;222;90m██[38;2;41;115;16m██  [38;2;0;0;0m██[38;2;156;222;90m██[38;2;156;222;90m██[38;2;156;222;90m██[38;2;156;222;90m██[38;2;156;222;90m██[38;2;41;115;16m██[38;2;41;115;16m██          
        [38;2;189;41;65m██[38;2;246;90;90m██[38;2;246;90;90m██[38;2;246;90;90m██[38;2;246;90;90m██[38;2;189;41;65m██  [38;2;41;115;16m██[38;2;131;197;90m██[38;2;131;197;90m██[38;2;98;164;49m██[38;2;0;0;0m██[38;2;131;197;90m██[38;2;98;164;49m██[38;2;131;197;90m██[38;2;41;115;16m██[38;2;131;197;90m██[38;2;131;197;90m██[38;2;131;197;90m██[38;2;41;115;16m██[38;2;0;0;0m██[38;2;131;197;90m██[38;2;41;115;16m██  [38;2;0;0;0m██[38;2;156;222;90m██[38;2;41;115;16m██      [38;2;0;0;0m██[38;2;156;222;90m██[38;2;156;222;90m██[38;2;41;115;16m██[38;2;41;115;16m██              
        [38;2;189;41;65m██[38;2;246;90;90m██[38;2;246;90;90m██[38;2;246;90;90m██[38;2;246;90;90m██[38;2;246;90;90m██[38;2;189;41;65m██[38;2;131;0;16m██[38;2;131;0;16m██[38;2;41;115;16m██[38;2;0;0;0m██[38;2;131;197;90m██[38;2;131;197;90m██[38;2;131;197;90m██[38;2;131;197;90m██[38;2;131;197;90m██[38;2;41;115;16m██[38;2;0;0;0m██[38;2;0;0;0m██[38;2;0;0;0m██  [38;2;0;0;0m██      [38;2;0;0;0m██          [38;2;0;0;0m██[38;2;41;115;16m██                  
        [38;2;189;41;65m██[38;2;189;41;65m██[38;2;246;90;90m██[38;2;246;90;90m██[38;2;246;90;90m██[38;2;255;123;131m██[38;2;255;123;131m██[38;2;255;123;131m██[38;2;246;90;90m██[38;2;131;0;16m██[38;2;131;0;16m██[38;2;41;115;16m██[38;2;41;115;16m██[38;2;0;0;0m██[38;2;0;0;0m██[38;2;0;0;0m██[38;2;0;0;0m██                                                  
        [38;2;131;0;16m██[38;2;189;41;65m██[38;2;246;90;90m██[38;2;255;123;131m██[38;2;255;123;131m██[38;2;255;123;131m██[38;2;255;123;131m██[38;2;255;123;131m██[38;2;255;123;131m██[38;2;255;123;131m██[38;2;246;90;90m██[38;2;131;0;16m██[38;2;0;0;0m██    [38;2;189;41;65m██[38;2;189;41;65m██[38;2;189;41;65m██[38;2;189;41;65m██                                              
      [38;2;131;0;16m██[38;2;246;90;90m██[38;2;255;123;131m██[38;2;255;123;131m██[38;2;255;123;131m██[38;2;255;123;131m██[38;2;255;123;131m██[38;2;255;123;131m██[38;2;255;123;131m██[38;2;255;123;131m██[38;2;255;123;131m██[38;2;255;123;131m██[38;2;255;123;131m██[38;2;246;57;49m██[38;2;131;0;16m██[38;2;189;41;65m██[38;2;255;123;131m██[38;2;255;123;131m██[38;2;255;123;131m██[38;2;255;123;131m██[38;2;189;41;65m██[38;2;189;41;65m██                                          
    [38;2;131;0;16m██[38;2;246;57;49m██[38;2;255;123;131m██[38;2;255;255;0m██[38;2;255;255;0m██[38;2;255;123;131m██[38;2;255;123;131m██[38;2;255;123;131m██[38;2;255;123;131m██[38;2;255;123;131m██[38;2;255;123;131m██[38;2;255;123;131m██[38;2;255;123;131m██[38;2;255;123;131m██[38;2;189;41;65m██[38;2;255;123;131m██[38;2;255;123;131m██[38;2;255;123;131m██[38;2;255;123;131m██[38;2;255;123;131m██[38;2;255;123;131m██[38;2;255;123;131m██[38;2;246;90;90m██[38;2;189;41;65m██                                        
    [38;2;131;0;16m██[38;2;255;123;131m██[38;2;255;123;131m██[38;2;255;255;0m██[38;2;255;197;0m██[38;2;255;123;131m██[38;2;255;123;131m██[38;2;255;123;131m██[38;2;255;123;131m██[38;2;255;123;131m██[38;2;255;123;131m██[38;2;255;123;131m██[38;2;255;123;131m██[38;2;255;123;131m██[38;2;255;123;131m██[38;2;255;123;131m██[38;2;255;123;131m██[38;2;255;123;131m██[38;2;255;123;131m██[38;2;189;41;65m██[38;2;131;0;16m██[38;2;189;41;65m██[38;2;246;90;90m██[38;2;189;41;65m██                                        
  [38;2;131;0;16m██[38;2;246;57;49m██[38;2;255;123;131m██[38;2;255;123;131m██[38;2;255;123;131m██[38;2;255;123;131m██[38;2;255;123;131m██[38;2;255;123;131m██[38;2;255;123;131m██[38;2;255;123;131m██[38;2;255;123;131m██[38;2;255;123;131m██[38;2;255;123;131m██[38;2;255;123;131m██[38;2;255;123;131m██[38;2;255;123;131m██[38;2;255;123;131m██[38;2;255;123;131m██[38;2;131;0;16m██[38;2;0;0;0m██[38;2;0;0;0m██[38;2;189;41;65m██[38;2;246;90;90m██[38;2;131;0;16m██                                          
  [38;2;131;0;16m██[38;2;246;57;49m██[38;2;255;123;131m██[38;2;255;123;131m██[38;2;131;0;16m██[38;2;255;123;131m██[38;2;255;123;131m██[38;2;255;123;131m██[38;2;255;123;131m██[38;2;255;123;131m██[38;2;255;123;131m██[38;2;255;255;0m██[38;2;255;255;0m██[38;2;255;123;131m██[38;2;255;123;131m██[38;2;255;123;131m██[38;2;255;123;131m██[38;2;131;0;16m██[38;2;0;0;0m██[38;2;0;0;0m██[38;2;246;90;90m██[38;2;246;90;90m██[38;2;131;0;16m██                                            
  [38;2;189;41;65m██[38;2;246;57;49m██[38;2;246;90;90m██[38;2;255;123;131m██[38;2;255;123;131m██[38;2;131;0;16m██[38;2;189;41;65m██[38;2;255;123;131m██[38;2;255;123;131m██[38;2;255;123;131m██[38;2;255;123;131m██[38;2;255;255;0m██[38;2;255;197;0m██[38;2;255;123;131m██[38;2;255;123;131m██[38;2;255;123;131m██[38;2;255;123;131m██[38;2;246;90;90m██[38;2;246;90;90m██[38;2;246;90;90m██[38;2;246;90;90m██[38;2;131;0;16m██                                              
  [38;2;189;41;65m██[38;2;246;57;49m██[38;2;246;57;49m██[38;2;246;90;90m██[38;2;255;123;131m██[38;2;255;123;131m██[38;2;255;123;131m██[38;2;189;41;65m██[38;2;189;41;65m██[38;2;255;123;131m██[38;2;255;123;131m██[38;2;255;123;131m██[38;2;255;123;131m██[38;2;255;123;131m██[38;2;255;123;131m██[38;2;255;123;131m██[38;2;255;123;131m██[38;2;255;123;131m██[38;2;246;90;90m██[38;2;246;57;49m██[38;2;131;0;16m██[38;2;189;41;65m██                                              
    [38;2;189;41;65m██[38;2;246;57;49m██[38;2;246;57;49m██[38;2;246;90;90m██[38;2;255;123;131m██[38;2;255;123;131m██[38;2;255;123;131m██[38;2;255;123;131m██[38;2;189;41;65m██[38;2;189;41;65m██[38;2;246;57;49m██[38;2;255;123;131m██[38;2;255;123;131m██[38;2;255;123;131m██[38;2;255;123;131m██[38;2;255;123;131m██[38;2;246;57;49m██[38;2;246;57;49m██[38;2;246;57;49m██[38;2;246;57;49m██[38;2;131;0;16m██                                              
    [38;2;131;0;16m██[38;2;246;57;49m██[38;2;246;57;49m██[38;2;246;57;49m██[38;2;246;57;49m██[38;2;246;57;49m██[38;2;246;90;90m██[38;2;255;123;131m██[38;2;255;123;131m██[38;2;255;123;131m██[38;2;255;123;131m██[38;2;255;123;131m██[38;2;255;123;131m██[38;2;255;123;131m██[38;2;246;57;49m██[38;2;246;57;49m██[38;2;246;57;49m██[38;2;246;57;49m██[38;2;246;57;49m██[38;2;246;57;49m██[38;2;131;0;16m██                                              
    [38;2;0;0;0m██[38;2;246;57;49m██[38;2;246;57;49m██[38;2;131;0;16m██[38;2;246;57;49m██[38;2;246;57;49m██[38;2;246;57;49m██[38;2;246;57;49m██[38;2;246;57;49m██[38;2;246;57;49m██[38;2;246;57;49m██[38;2;246;57;49m██[38;2;246;57;49m██[38;2;246;57;49m██[38;2;246;57;49m██[38;2;246;57;49m██[38;2;246;57;49m██[38;2;246;57;49m██[38;2;246;57;49m██[38;2;189;41;65m██                                                
    [38;2;0;0;0m██[38;2;246;57;49m██[38;2;246;57;49m██[38;2;0;0;0m██[38;2;246;57;49m██[38;2;246;57;49m██[38;2;246;57;49m██[38;2;246;57;49m██[38;2;246;57;49m██[38;2;246;57;49m██[38;2;246;57;49m██[38;2;246;57;49m██[38;2;246;57;49m██[38;2;246;57;49m██[38;2;246;57;49m██[38;2;246;57;49m██[38;2;246;57;49m██[38;2;246;57;49m██[38;2;246;57;49m██[38;2;131;0;16m██                                                
      [38;2;0;0;0m██[38;2;0;0;0m██[38;2;131;0;16m██[38;2;131;0;16m██[38;2;246;57;49m██[38;2;246;57;49m██[38;2;246;57;49m██[38;2;131;0;16m██[38;2;246;57;49m██[38;2;246;57;49m██[38;2;246;57;49m██[38;2;189;41;65m██[38;2;246;57;49m██[38;2;246;57;49m██[38;2;246;57;49m██[38;2;246;57;49m██[38;2;189;41;65m██[38;2;0;0;0m██                                                  
            [38;2;131;0;16m██[38;2;0;0;0m██[38;2;189;41;65m██[38;2;0;0;0m██[38;2;246;57;49m██[38;2;246;57;49m██[38;2;246;57;49m██[38;2;131;0;16m██[38;2;189;41;65m██[38;2;246;57;49m██[38;2;246;57;49m██[38;2;189;41;65m██[38;2;189;41;65m██[38;2;0;0;0m██[38;2;131;0;16m██[38;2;131;0;16m██[38;2;131;0;16m██[38;2;131;0;16m██                                            
            [38;2;131;0;16m██[38;2;189;41;65m██[38;2;131;0;16m██[38;2;0;0;0m██[38;2;246;57;49m██[38;2;246;57;49m██[38;2;131;0;16m██[38;2;0;0;0m██[38;2;131;0;16m██[38;2;0;0;0m██[38;2;0;0;0m██[38;2;0;0;0m██[38;2;0;0;0m██[38;2;189;41;65m██[38;2;246;57;49m██[38;2;246;57;49m██[38;2;246;57;49m██[38;2;246;57;49m██[38;2;131;0;16m██                                          
              [38;2;131;0;16m██[38;2;131;0;16m██[38;2;131;0;16m██[38;2;0;0;0m██[38;2;131;0;16m██    [38;2;131;0;16m██[38;2;246;57;49m██[38;2;246;57;49m██[38;2;189;41;65m██[38;2;0;0;0m██[38;2;0;0;0m██[38;2;131;0;16m██[38;2;246;57;49m██[38;2;246;57;49m██[38;2;246;57;49m██[38;2;0;0;0m██                                          
                            [38;2;131;0;16m██[38;2;246;57;49m██[38;2;246;57;49m██[38;2;131;0;16m██      [38;2;0;0;0m██[38;2;0;0;0m██[38;2;0;0;0m██                                            
                              [38;2;131;0;16m██[38;2;131;0;16m██                                                          
