                                                                                [38;2;49;49;65m██[38;2;49;49;65m██    
                                                                              [38;2;49;49;65m██[38;2;82;82;90m██[38;2;49;49;65m██    
                                              [38;2;49;49;65m██[38;2;49;49;65m██                            [38;2;49;49;65m██[38;2;98;98;106m██[38;2;16;16;16m██    
                                              [38;2;16;16;16m██[38;2;98;98;106m██[38;2;49;49;65m██[38;2;49;49;65m██                        [38;2;49;49;65m██[38;2;98;98;106m██[38;2;16;16;16m██    
                                              [38;2;16;16;16m██[38;2;82;82;90m██[38;2;98;98;106m██[38;2;98;98;106m██[38;2;49;49;65m██                    [38;2;49;49;65m██[38;2;82;82;90m██[38;2;98;98;106m██[38;2;82;82;90m██[38;2;16;16;16m██  
                                                [38;2;16;16;16m██[38;2;82;82;90m██[38;2;98;98;106m██[38;2;98;98;106m██[38;2;82;82;90m██[38;2;82;82;90m██                [38;2;49;49;65m██[38;2;98;98;106m██[38;2;98;98;106m██[38;2;82;82;90m██[38;2;16;16;16m██  
                                                [38;2;16;16;16m██[38;2;82;82;90m██[38;2;82;82;90m██[38;2;98;98;106m██[38;2;98;98;106m██[38;2;98;98;106m██[38;2;82;82;90m██              [38;2;49;49;65m██[38;2;98;98;106m██[38;2;82;82;90m██[38;2;82;82;90m██[38;2;16;16;16m██  
                                                [38;2;16;16;16m██[38;2;82;82;90m██[38;2;82;82;90m██[38;2;82;82;90m██[38;2;82;82;90m██[38;2;98;98;106m██[38;2;106;189;222m██[38;2;82;82;90m██            [38;2;49;49;65m██[38;2;98;98;106m██[38;2;82;82;90m██[38;2;82;82;90m██[38;2;74;139;180m██[38;2;16;16;16m██
                                                  [38;2;16;16;16m██[38;2;82;82;90m██[38;2;82;82;90m██[38;2;82;82;90m██[38;2;106;189;222m██[38;2;106;189;222m██[38;2;74;139;180m██[38;2;49;49;65m██        [38;2;74;139;180m██[38;2;106;189;222m██[38;2;98;98;106m██[38;2;82;82;90m██[38;2;74;139;180m██[38;2;74;139;180m██[38;2;16;16;16m██
                                                  [38;2;16;16;16m██[38;2;82;82;90m██[38;2;74;139;180m██[38;2;74;139;180m██[38;2;74;139;180m██[38;2;106;189;222m██[38;2;106;189;222m██[38;2;49;49;65m██        [38;2;74;139;180m██[38;2;106;189;222m██[38;2;106;189;222m██[38;2;74;139;180m██[38;2;74;139;180m██[38;2;74;139;180m██[38;2;16;16;16m██
                                                    [38;2;16;16;16m██[38;2;74;139;180m██[38;2;74;139;180m██[38;2;74;139;180m██[38;2;74;139;180m██[38;2;98;98;106m██[38;2;82;82;90m██[38;2;49;49;65m██      [38;2;41;90;139m██[38;2;106;189;222m██[38;2;74;139;180m██[38;2;74;139;180m██[38;2;74;139;180m██[38;2;49;49;65m██[38;2;16;16;16m██
                                                      [38;2;16;16;16m██[38;2;49;49;65m██[38;2;49;49;65m██[38;2;82;82;90m██[38;2;82;82;90m██[38;2;98;98;106m██[38;2;16;16;16m██      [38;2;16;16;16m██[38;2;82;82;90m██[38;2;74;139;180m██[38;2;74;139;180m██[38;2;49;49;65m██[38;2;49;49;65m██[38;2;16;16;16m██
                                                        [38;2;16;16;16m██[38;2;49;49;65m██[38;2;49;49;65m██[38;2;49;49;65m██[38;2;82;82;90m██[38;2;82;82;90m██[38;2;16;16;16m██    [38;2;16;16;16m██[38;2;82;82;90m██[38;2;82;82;90m██[38;2;49;49;65m██[38;2;49;49;65m██[38;2;16;16;16m██  
                                                          [38;2;16;16;16m██[38;2;16;16;16m██[38;2;49;49;65m██[38;2;49;49;65m██[38;2;82;82;90m██[38;2;16;16;16m██    [38;2;16;16;16m██[38;2;82;82;90m██[38;2;82;82;90m██[38;2;49;49;65m██[38;2;49;49;65m██[38;2;16;16;16m██  
[38;2;16;16;16m██[38;2;49;49;65m██[38;2;49;49;65m██                                                        [38;2;16;16;16m██[38;2;49;49;65m██[38;2;49;49;65m██[38;2;49;49;65m██[38;2;16;16;16m██[38;2;16;16;16m██[38;2;16;16;16m██[38;2;82;82;90m██[38;2;49;49;65m██[38;2;49;49;65m██[38;2;49;49;65m██[38;2;16;16;16m██  
[38;2;16;16;16m██[38;2;82;82;90m██[38;2;82;82;90m██[38;2;49;49;65m██[38;2;49;49;65m██                                                      [38;2;16;16;16m██[38;2;16;16;16m██[38;2;98;98;106m██[38;2;98;98;106m██[38;2;98;98;106m██[38;2;98;98;106m██[38;2;16;16;16m██[38;2;49;49;65m██[38;2;49;49;65m██[38;2;16;16;16m██    
[38;2;16;16;16m██[38;2;49;49;65m██[38;2;82;82;90m██[38;2;82;82;90m██[38;2;98;98;106m██[38;2;98;98;106m██[38;2;49;49;65m██                                                [38;2;49;49;65m██[38;2;98;98;106m██[38;2;98;98;106m██[38;2;98;98;106m██[38;2;98;98;106m██[38;2;98;98;106m██[38;2;98;98;106m██[38;2;16;16;16m██[38;2;49;49;65m██[38;2;49;49;65m██[38;2;16;16;16m██    
  [38;2;16;16;16m██[38;2;49;49;65m██[38;2;82;82;90m██[38;2;82;82;90m██[38;2;82;82;90m██[38;2;98;98;106m██[38;2;98;98;106m██[38;2;49;49;65m██                                          [38;2;49;49;65m██[38;2;98;98;106m██[38;2;98;98;106m██[38;2;98;98;106m██[38;2;98;98;106m██[38;2;98;98;106m██[38;2;98;98;106m██[38;2;82;82;90m██[38;2;49;49;65m██[38;2;49;49;65m██[38;2;82;82;90m██[38;2;16;16;16m██    
  [38;2;16;16;16m██[38;2;49;49;65m██[38;2;49;49;65m██[38;2;82;82;90m██[38;2;82;82;90m██[38;2;82;82;90m██[38;2;98;98;106m██[38;2;98;98;106m██[38;2;49;49;65m██                                        [38;2;49;49;65m██[38;2;98;98;106m██[38;2;98;98;106m██[38;2;98;98;106m██[38;2;82;82;90m██[38;2;82;82;90m██[38;2;82;82;90m██[38;2;82;82;90m██[38;2;82;82;90m██[38;2;82;82;90m██[38;2;82;82;90m██[38;2;82;82;90m██[38;2;16;16;16m██  
  [38;2;16;16;16m██[38;2;49;49;65m██[38;2;49;49;65m██[38;2;49;49;65m██[38;2;82;82;90m██[38;2;82;82;90m██[38;2;82;82;90m██[38;2;82;82;90m██[38;2;98;98;106m██[38;2;41;90;139m██                                      [38;2;49;49;65m██[38;2;82;82;90m██[38;2;82;82;90m██[38;2;82;82;90m██[38;2;82;82;90m██[38;2;82;82;90m██[38;2;82;82;90m██[38;2;82;82;90m██[38;2;82;82;90m██[38;2;82;82;90m██[38;2;82;82;90m██[38;2;82;82;90m██[38;2;16;16;16m██  
    [38;2;16;16;16m██[38;2;49;49;65m██[38;2;49;49;65m██[38;2;49;49;65m██[38;2;49;49;65m██[38;2;82;82;90m██[38;2;82;82;90m██[38;2;82;82;90m██[38;2;106;189;222m██[38;2;41;90;139m██                                  [38;2;16;16;16m██[38;2;82;82;90m██[38;2;82;82;90m██[38;2;82;82;90m██[38;2;82;82;90m██[38;2;82;82;90m██[38;2;82;82;90m██[38;2;82;82;90m██[38;2;82;82;90m██[38;2;82;82;90m██[38;2;82;82;90m██[38;2;82;82;90m██[38;2;82;82;90m██[38;2;49;49;65m██  
    [38;2;16;16;16m██[38;2;49;49;65m██[38;2;49;49;65m██[38;2;49;49;65m██[38;2;49;49;65m██[38;2;49;49;65m██[38;2;82;82;90m██[38;2;82;82;90m██[38;2;106;189;222m██[38;2;106;189;222m██[38;2;41;90;139m██                                [38;2;16;16;16m██[38;2;82;82;90m██[38;2;82;82;90m██[38;2;82;82;90m██[38;2;82;82;90m██[38;2;82;82;90m██[38;2;82;82;90m██[38;2;82;82;90m██[38;2;82;82;90m██[38;2;82;82;90m██[38;2;82;82;90m██[38;2;82;82;90m██[38;2;82;82;90m██[38;2;49;49;65m██  
      [38;2;41;90;139m██[38;2;49;49;65m██[38;2;49;49;65m██[38;2;49;49;65m██[38;2;49;49;65m██[38;2;49;49;65m██[38;2;74;139;180m██[38;2;74;139;180m██[38;2;106;189;222m██[38;2;41;90;139m██[38;2;16;16;16m██                              [38;2;16;16;16m██[38;2;82;82;90m██[38;2;82;82;90m██[38;2;82;82;90m██[38;2;82;82;90m██[38;2;82;82;90m██[38;2;82;82;90m██[38;2;82;82;90m██[38;2;82;82;90m██[38;2;82;82;90m██[38;2;82;82;90m██[38;2;82;82;90m██[38;2;82;82;90m██[38;2;82;82;90m██[38;2;49;49;65m██
      [38;2;41;90;139m██[38;2;74;139;180m██[38;2;49;49;65m██[38;2;49;49;65m██[38;2;49;49;65m██[38;2;74;139;180m██[38;2;74;139;180m██[38;2;74;139;180m██[38;2;74;139;180m██[38;2;82;82;90m██[38;2;16;16;16m██                              [38;2;49;49;65m██[38;2;82;82;90m██[38;2;82;82;90m██[38;2;82;82;90m██[38;2;82;82;90m██[38;2;82;82;90m██[38;2;82;82;90m██[38;2;82;82;90m██[38;2;82;82;90m██[38;2;82;82;90m██[38;2;82;82;90m██[38;2;82;82;90m██[38;2;82;82;90m██[38;2;82;82;90m██[38;2;49;49;65m██
        [38;2;41;90;139m██[38;2;74;139;180m██[38;2;74;139;180m██[38;2;74;139;180m██[38;2;74;139;180m██[38;2;74;139;180m██[38;2;74;139;180m██[38;2;82;82;90m██[38;2;82;82;90m██[38;2;49;49;65m██[38;2;16;16;16m██                            [38;2;82;82;90m██[38;2;82;82;90m██[38;2;82;82;90m██[38;2;82;82;90m██[38;2;82;82;90m██[38;2;82;82;90m██[38;2;82;82;90m██[38;2;82;82;90m██[38;2;82;82;90m██[38;2;82;82;90m██[38;2;82;82;90m██[38;2;82;82;90m██[38;2;82;82;90m██[38;2;82;82;90m██[38;2;49;49;65m██
          [38;2;41;90;139m██[38;2;74;139;180m██[38;2;74;139;180m██[38;2;74;139;180m██[38;2;82;82;90m██[38;2;49;49;65m██[38;2;49;49;65m██[38;2;82;82;90m██[38;2;82;82;90m██[38;2;16;16;16m██                          [38;2;16;16;16m██[38;2;82;82;90m██[38;2;82;82;90m██[38;2;82;82;90m██[38;2;82;82;90m██[38;2;82;82;90m██[38;2;82;82;90m██[38;2;82;82;90m██[38;2;82;82;90m██[38;2;82;82;90m██[38;2;49;49;65m██[38;2;82;82;90m██[38;2;82;82;90m██[38;2;49;49;65m██[38;2;16;16;16m██  
            [38;2;41;90;139m██[38;2;16;16;16m██[38;2;49;49;65m██[38;2;49;49;65m██[38;2;49;49;65m██[38;2;49;49;65m██[38;2;49;49;65m██[38;2;82;82;90m██[38;2;49;49;65m██[38;2;16;16;16m██    [38;2;49;49;65m██[38;2;49;49;65m██[38;2;49;49;65m██[38;2;49;49;65m██[38;2;49;49;65m██      [38;2;16;16;16m██[38;2;16;16;16m██[38;2;49;49;65m██[38;2;82;82;90m██[38;2;82;82;90m██[38;2;82;82;90m██[38;2;82;82;90m██[38;2;82;82;90m██[38;2;82;82;90m██[38;2;82;82;90m██[38;2;82;82;90m██[38;2;82;82;90m██[38;2;16;16;16m██[38;2;49;49;65m██[38;2;16;16;16m██[38;2;16;16;16m██    
                [38;2;16;16;16m██[38;2;16;16;16m██[38;2;49;49;65m██[38;2;49;49;65m██[38;2;49;49;65m██[38;2;49;49;65m██[38;2;49;49;65m██[38;2;16;16;16m██[38;2;49;49;65m██[38;2;49;49;65m██[38;2;98;98;106m██[38;2;98;98;106m██[38;2;98;98;106m██[38;2;98;98;106m██[38;2;98;98;106m██[38;2;49;49;65m██[38;2;16;16;16m██[38;2;16;16;16m██[38;2;49;49;65m██[38;2;82;82;90m██[38;2;82;82;90m██[38;2;82;82;90m██[38;2;82;82;90m██[38;2;82;82;90m██[38;2;82;82;90m██[38;2;82;82;90m██[38;2;82;82;90m██[38;2;82;82;90m██[38;2;82;82;90m██[38;2;49;49;65m██[38;2;16;16;16m██[38;2;16;16;16m██        
                    [38;2;16;16;16m██[38;2;16;16;16m██[38;2;49;49;65m██[38;2;49;49;65m██[38;2;49;49;65m██[38;2;49;49;65m██[38;2;16;16;16m██[38;2;82;82;90m██[38;2;98;98;106m██[38;2;98;98;106m██[38;2;98;98;106m██[38;2;98;98;106m██[38;2;98;98;106m██[38;2;98;98;106m██[38;2;98;98;106m██[38;2;82;82;90m██[38;2;82;82;90m██[38;2;82;82;90m██[38;2;82;82;90m██[38;2;82;82;90m██[38;2;82;82;90m██[38;2;82;82;90m██[38;2;82;82;90m██[38;2;82;82;90m██[38;2;82;82;90m██[38;2;82;82;90m██[38;2;82;82;90m██[38;2;49;49;65m██[38;2;16;16;16m██          
                        [38;2;16;16;16m██[38;2;16;16;16m██[38;2;49;49;65m██[38;2;49;49;65m██[38;2;49;49;65m██[38;2;82;82;90m██[38;2;82;82;90m██[38;2;82;82;90m██[38;2;98;98;106m██[38;2;98;98;106m██[38;2;98;98;106m██[38;2;98;98;106m██[38;2;82;82;90m██[38;2;82;82;90m██[38;2;82;82;90m██[38;2;82;82;90m██[38;2;82;82;90m██[38;2;82;82;90m██[38;2;82;82;90m██[38;2;82;82;90m██[38;2;82;82;90m██[38;2;82;82;90m██[38;2;82;82;90m██[38;2;82;82;90m██[38;2;49;49;65m██[38;2;49;49;65m██[38;2;16;16;16m██          
                          [38;2;16;16;16m██[38;2;16;16;16m██[38;2;49;49;65m██[38;2;49;49;65m██[38;2;49;49;65m██[38;2;82;82;90m██[38;2;82;82;90m██[38;2;82;82;90m██[38;2;82;82;90m██[38;2;82;82;90m██[38;2;82;82;90m██[38;2;82;82;90m██[38;2;82;82;90m██[38;2;82;82;90m██[38;2;82;82;90m██[38;2;82;82;90m██[38;2;82;82;90m██[38;2;82;82;90m██[38;2;82;82;90m██[38;2;82;82;90m██[38;2;82;82;90m██[38;2;82;82;90m██[38;2;49;49;65m██[38;2;49;49;65m██[38;2;49;49;65m██[38;2;16;16;16m██          
                          [38;2;16;16;16m██[38;2;82;82;90m██[38;2;16;16;16m██[38;2;16;16;16m██[38;2;49;49;65m██[38;2;82;82;90m██[38;2;82;82;90m██[38;2;82;82;90m██[38;2;82;82;90m██[38;2;82;82;90m██[38;2;82;82;90m██[38;2;82;82;90m██[38;2;82;82;90m██[38;2;82;82;90m██[38;2;82;82;90m██[38;2;82;82;90m██[38;2;82;82;90m██[38;2;82;82;90m██[38;2;82;82;90m██[38;2;82;82;90m██[38;2;82;82;90m██[38;2;82;82;90m██[38;2;49;49;65m██[38;2;49;49;65m██[38;2;16;16;16m██            
                        [38;2;16;16;16m██[38;2;82;82;90m██[38;2;82;82;90m██[38;2;82;82;90m██[38;2;16;16;16m██[38;2;82;82;90m██[38;2;82;82;90m██[38;2;82;82;90m██[38;2;82;82;90m██[38;2;82;82;90m██[38;2;82;82;90m██[38;2;82;82;90m██[38;2;82;82;90m██[38;2;82;82;90m██[38;2;82;82;90m██[38;2;82;82;90m██[38;2;82;82;90m██[38;2;82;82;90m██[38;2;82;82;90m██[38;2;82;82;90m██[38;2;82;82;90m██[38;2;82;82;90m██[38;2;82;82;90m██[38;2;82;82;90m██[38;2;49;49;65m██[38;2;16;16;16m██            
                        [38;2;16;16;16m██[38;2;82;82;90m██[38;2;82;82;90m██[38;2;82;82;90m██[38;2;82;82;90m██[38;2;82;82;90m██[38;2;82;82;90m██[38;2;82;82;90m██[38;2;82;82;90m██[38;2;82;82;90m██[38;2;82;82;90m██[38;2;82;82;90m██[38;2;82;82;90m██[38;2;82;82;90m██[38;2;82;82;90m██[38;2;82;82;90m██[38;2;82;82;90m██[38;2;82;82;90m██[38;2;82;82;90m██[38;2;82;82;90m██[38;2;49;49;65m██[38;2;82;82;90m██[38;2;82;82;90m██[38;2;82;82;90m██[38;2;49;49;65m██[38;2;16;16;16m██            
                        [38;2;16;16;16m██[38;2;49;49;65m██[38;2;82;82;90m██[38;2;82;82;90m██[38;2;82;82;90m██[38;2;16;16;16m██[38;2;82;82;90m██[38;2;82;82;90m██[38;2;82;82;90m██[38;2;82;82;90m██[38;2;82;82;90m██[38;2;82;82;90m██[38;2;82;82;90m██[38;2;82;82;90m██[38;2;82;82;90m██[38;2;82;82;90m██[38;2;82;82;90m██[38;2;82;82;90m██[38;2;49;49;65m██[38;2;49;49;65m██[38;2;16;16;16m██[38;2;82;82;90m██[38;2;82;82;90m██[38;2;82;82;90m██[38;2;82;82;90m██[38;2;16;16;16m██            
                      [38;2;16;16;16m██[38;2;49;49;65m██[38;2;49;49;65m██[38;2;49;49;65m██[38;2;16;16;16m██[38;2;49;49;65m██[38;2;16;16;16m██[38;2;82;82;90m██[38;2;82;82;90m██[38;2;82;82;90m██[38;2;82;82;90m██[38;2;82;82;90m██[38;2;82;82;90m██[38;2;16;16;16m██[38;2;82;82;90m██[38;2;82;82;90m██[38;2;82;82;90m██[38;2;49;49;65m██[38;2;49;49;65m██[38;2;49;49;65m██[38;2;16;16;16m██[38;2;49;49;65m██[38;2;82;82;90m██[38;2;82;82;90m██[38;2;106;189;222m██[38;2;74;139;180m██[38;2;16;16;16m██            
                      [38;2;16;16;16m██[38;2;49;49;65m██[38;2;49;49;65m██[38;2;49;49;65m██[38;2;49;49;65m██[38;2;16;16;16m██[38;2;82;82;90m██[38;2;82;82;90m██[38;2;82;82;90m██[38;2;82;82;90m██[38;2;82;82;90m██[38;2;82;82;90m██[38;2;82;82;90m██[38;2;16;16;16m██[38;2;16;16;16m██[38;2;16;16;16m██[38;2;16;16;16m██[38;2;16;16;16m██[38;2;16;16;16m██[38;2;16;16;16m██[38;2;16;16;16m██[38;2;82;82;90m██[38;2;82;82;90m██[38;2;106;189;222m██[38;2;41;90;139m██[38;2;74;139;180m██[38;2;16;16;16m██            
                      [38;2;16;16;16m██[38;2;49;49;65m██[38;2;49;49;65m██[38;2;49;49;65m██[38;2;49;49;65m██[38;2;16;16;16m██[38;2;82;82;90m██[38;2;82;82;90m██[38;2;82;82;90m██[38;2;106;189;222m██[38;2;106;189;222m██[38;2;82;82;90m██[38;2;82;82;90m██[38;2;16;16;16m██  [38;2;16;16;16m██[38;2;49;49;65m██[38;2;49;49;65m██[38;2;49;49;65m██[38;2;16;16;16m██[38;2;16;16;16m██[38;2;82;82;90m██[38;2;82;82;90m██[38;2;106;189;222m██[38;2;82;82;90m██[38;2;41;90;139m██[38;2;16;16;16m██            
                    [38;2;16;16;16m██[38;2;49;49;65m██[38;2;49;49;65m██[38;2;49;49;65m██[38;2;49;49;65m██[38;2;49;49;65m██[38;2;16;16;16m██[38;2;82;82;90m██[38;2;82;82;90m██[38;2;106;189;222m██[38;2;41;90;139m██[38;2;65;65;82m██[38;2;74;139;180m██[38;2;16;16;16m██    [38;2;16;16;16m██[38;2;49;49;65m██[38;2;49;49;65m██[38;2;49;49;65m██[38;2;16;16;16m██[38;2;16;16;16m██[38;2;49;49;65m██[38;2;82;82;90m██[38;2;74;139;180m██[38;2;82;82;90m██[38;2;41;90;139m██              
                    [38;2;16;16;16m██[38;2;49;49;65m██[38;2;49;49;65m██[38;2;49;49;65m██[38;2;49;49;65m██[38;2;49;49;65m██[38;2;16;16;16m██[38;2;82;82;90m██[38;2;82;82;90m██[38;2;106;189;222m██[38;2;65;65;82m██[38;2;65;65;82m██[38;2;74;139;180m██[38;2;16;16;16m██    [38;2;16;16;16m██[38;2;49;49;65m██[38;2;49;49;65m██[38;2;49;49;65m██[38;2;16;16;16m██  [38;2;16;16;16m██[38;2;82;82;90m██[38;2;74;139;180m██[38;2;49;49;65m██[38;2;41;90;139m██              
                  [38;2;16;16;16m██[38;2;49;49;65m██[38;2;49;49;65m██[38;2;49;49;65m██[38;2;49;49;65m██[38;2;16;16;16m██[38;2;16;16;16m██[38;2;49;49;65m██[38;2;49;49;65m██[38;2;106;189;222m██[38;2;41;90;139m██[38;2;65;65;82m██[38;2;74;139;180m██[38;2;16;16;16m██      [38;2;16;16;16m██[38;2;49;49;65m██[38;2;49;49;65m██[38;2;49;49;65m██[38;2;16;16;16m██  [38;2;16;16;16m██[38;2;49;49;65m██[38;2;49;49;65m██[38;2;74;139;180m██[38;2;16;16;16m██              
                [38;2;16;16;16m██[38;2;82;82;90m██[38;2;49;49;65m██[38;2;49;49;65m██[38;2;49;49;65m██[38;2;16;16;16m██  [38;2;16;16;16m██[38;2;49;49;65m██[38;2;49;49;65m██[38;2;74;139;180m██[38;2;65;65;82m██[38;2;65;65;82m██[38;2;41;90;139m██          [38;2;16;16;16m██[38;2;49;49;65m██[38;2;49;49;65m██[38;2;16;16;16m██  [38;2;16;16;16m██[38;2;49;49;65m██[38;2;49;49;65m██[38;2;49;49;65m██[38;2;16;16;16m██              
                [38;2;16;16;16m██[38;2;82;82;90m██[38;2;82;82;90m██[38;2;49;49;65m██[38;2;16;16;16m██    [38;2;16;16;16m██[38;2;82;82;90m██[38;2;49;49;65m██[38;2;16;16;16m██[38;2;74;139;180m██[38;2;41;90;139m██            [38;2;16;16;16m██[38;2;49;49;65m██[38;2;49;49;65m██[38;2;16;16;16m██    [38;2;16;16;16m██[38;2;49;49;65m██[38;2;49;49;65m██[38;2;16;16;16m██              
                [38;2;16;16;16m██[38;2;82;82;90m██[38;2;82;82;90m██[38;2;16;16;16m██    [38;2;16;16;16m██[38;2;82;82;90m██[38;2;82;82;90m██[38;2;82;82;90m██[38;2;49;49;65m██[38;2;16;16;16m██              [38;2;16;16;16m██[38;2;49;49;65m██[38;2;49;49;65m██[38;2;82;82;90m██[38;2;16;16;16m██  [38;2;16;16;16m██[38;2;49;49;65m██[38;2;49;49;65m██[38;2;16;16;16m██              
                [38;2;16;16;16m██[38;2;82;82;90m██[38;2;82;82;90m██[38;2;16;16;16m██    [38;2;16;16;16m██[38;2;82;82;90m██[38;2;82;82;90m██[38;2;82;82;90m██[38;2;16;16;16m██                  [38;2;16;16;16m██[38;2;49;49;65m██[38;2;49;49;65m██[38;2;49;49;65m██[38;2;16;16;16m██[38;2;16;16;16m██[38;2;49;49;65m██[38;2;49;49;65m██[38;2;49;49;65m██[38;2;16;16;16m██            
                [38;2;16;16;16m██[38;2;82;82;90m██[38;2;82;82;90m██[38;2;16;16;16m██    [38;2;16;16;16m██[38;2;82;82;90m██[38;2;82;82;90m██[38;2;16;16;16m██                      [38;2;16;16;16m██[38;2;16;16;16m██[38;2;16;16;16m██[38;2;16;16;16m██[38;2;16;16;16m██[38;2;49;49;65m██[38;2;49;49;65m██[38;2;82;82;90m██[38;2;16;16;16m██            
                [38;2;16;16;16m██[38;2;82;82;90m██[38;2;49;49;65m██[38;2;49;49;65m██[38;2;16;16;16m██  [38;2;16;16;16m██[38;2;82;82;90m██[38;2;82;82;90m██[38;2;16;16;16m██                                [38;2;16;16;16m██[38;2;49;49;65m██[38;2;82;82;90m██[38;2;82;82;90m██[38;2;16;16;16m██          
                [38;2;16;16;16m██[38;2;49;49;65m██[38;2;49;49;65m██[38;2;49;49;65m██[38;2;16;16;16m██  [38;2;16;16;16m██[38;2;82;82;90m██[38;2;82;82;90m██[38;2;49;49;65m██[38;2;16;16;16m██                              [38;2;16;16;16m██[38;2;16;16;16m██[38;2;49;49;65m██[38;2;49;49;65m██[38;2;49;49;65m██[38;2;16;16;16m██        
                  [38;2;16;16;16m██[38;2;16;16;16m██[38;2;16;16;16m██    [38;2;16;16;16m██[38;2;82;82;90m██[38;2;49;49;65m██[38;2;49;49;65m██[38;2;49;49;65m██[38;2;16;16;16m██                                [38;2;16;16;16m██[38;2;16;16;16m██[38;2;16;16;16m██[38;2;16;16;16m██        
                              [38;2;16;16;16m██[38;2;49;49;65m██[38;2;49;49;65m██[38;2;49;49;65m██[38;2;16;16;16m██                                                
                                [38;2;16;16;16m██[38;2;16;16;16m██[38;2;16;16;16m██                                                  
