                                                                                                [38;2;77;168;67m██[38;2;77;168;67m██[38;2;77;168;67m██                                                                                
                                                                                              [38;2;77;168;67m██[38;2;208;249;204m██[38;2;156;226;149m██[38;2;34;104;27m██                                                                                
                                                                                              [38;2;77;168;67m██[38;2;34;104;27m██[38;2;34;104;27m██    [38;2;77;168;67m██[38;2;77;168;67m██                                                                          
                                                                                                      [38;2;77;168;67m██[38;2;156;226;149m██[38;2;77;168;67m██                                                                          
                                                                                                      [38;2;77;168;67m██[38;2;208;249;204m██[38;2;77;168;67m██                                                                          
                                                                                          [38;2;77;168;67m██[38;2;77;168;67m██      [38;2;77;168;67m██[38;2;208;249;204m██[38;2;208;249;204m██[38;2;34;104;27m██  [38;2;77;168;67m██[38;2;77;168;67m██                                                                    
                                  [38;2;135;129;55m██[38;2;135;129;55m██                                                  [38;2;77;168;67m██[38;2;208;249;204m██[38;2;156;226;149m██[38;2;34;104;27m██    [38;2;77;168;67m██[38;2;156;226;149m██[38;2;156;226;149m██[38;2;34;104;27m██  [38;2;77;168;67m██[38;2;156;226;149m██[38;2;34;104;27m██                                                                  
                      [38;2;168;161;69m██[38;2;135;129;55m██      [38;2;135;129;55m██[38;2;216;209;112m██[38;2;193;186;89m██[38;2;81;77;25m██                                                [38;2;77;168;67m██[38;2;34;104;27m██[38;2;34;104;27m██[38;2;34;104;27m██  [38;2;77;168;67m██[38;2;156;226;149m██[38;2;156;226;149m██[38;2;208;249;204m██[38;2;34;104;27m██  [38;2;77;168;67m██[38;2;156;226;149m██[38;2;34;104;27m██                                                                  
                      [38;2;135;129;55m██[38;2;216;209;112m██[38;2;135;129;55m██  [38;2;135;129;55m██[38;2;216;209;112m██[38;2;193;186;89m██[38;2;81;77;25m██                                                            [38;2;77;168;67m██[38;2;156;226;149m██[38;2;208;249;204m██[38;2;208;249;204m██[38;2;34;104;27m██    [38;2;34;104;27m██[38;2;34;104;27m██                                                                  
                      [38;2;135;129;55m██[38;2;255;248;163m██[38;2;135;129;55m██    [38;2;81;77;25m██[38;2;81;77;25m██                                                            [38;2;77;168;67m██[38;2;156;226;149m██[38;2;208;249;204m██[38;2;208;249;204m██[38;2;156;226;149m██[38;2;34;104;27m██                                                                          
                      [38;2;135;129;55m██[38;2;216;209;112m██[38;2;216;209;112m██[38;2;135;129;55m██                                                                  [38;2;77;168;67m██[38;2;208;249;204m██[38;2;208;249;204m██[38;2;208;249;204m██[38;2;156;226;149m██[38;2;34;104;27m██                                                                          
                        [38;2;135;129;55m██[38;2;255;248;163m██[38;2;135;129;55m██        [38;2;135;129;55m██[38;2;135;129;55m██                                                      [38;2;34;104;27m██[38;2;208;249;204m██[38;2;208;249;204m██[38;2;156;226;149m██[38;2;156;226;149m██[38;2;18;56;14m██[38;2;66;66;66m██[38;2;66;66;66m██[38;2;66;66;66m██[38;2;66;66;66m██[38;2;40;40;40m██[38;2;40;40;40m██[38;2;40;40;40m██[38;2;40;40;40m██[38;2;40;40;40m██[38;2;2;2;2m██[38;2;2;2;2m██[38;2;2;2;2m██[38;2;2;2;2m██[38;2;2;2;2m██[38;2;2;2;2m██                                            
                        [38;2;135;129;55m██[38;2;255;248;163m██[38;2;135;129;55m██      [38;2;135;129;55m██[38;2;216;209;112m██[38;2;216;209;112m██[38;2;135;129;55m██                                              [38;2;66;66;66m██[38;2;66;66;66m██[38;2;66;66;66m██[38;2;34;104;27m██[38;2;208;249;204m██[38;2;208;249;204m██[38;2;156;226;149m██[38;2;34;104;27m██[38;2;117;117;117m██[38;2;91;91;91m██[38;2;91;91;91m██[38;2;91;91;91m██[38;2;91;91;91m██[38;2;91;91;91m██[38;2;91;91;91m██[38;2;91;91;91m██[38;2;91;91;91m██[38;2;91;91;91m██[38;2;91;91;91m██[38;2;91;91;91m██[38;2;91;91;91m██[38;2;91;91;91m██[38;2;66;66;66m██[38;2;66;66;66m██[38;2;2;2;2m██[38;2;2;2;2m██[38;2;2;2;2m██[38;2;2;2;2m██                                    
                        [38;2;135;129;55m██[38;2;216;209;112m██[38;2;216;209;112m██[38;2;135;129;55m██      [38;2;135;129;55m██[38;2;193;186;89m██[38;2;193;186;89m██[38;2;81;77;25m██                                    [38;2;66;66;66m██[38;2;66;66;66m██[38;2;66;66;66m██[38;2;66;66;66m██[38;2;117;117;117m██[38;2;117;117;117m██[38;2;117;117;117m██[38;2;18;56;14m██[38;2;156;226;149m██[38;2;156;226;149m██[38;2;156;226;149m██[38;2;18;56;14m██[38;2;66;66;66m██[38;2;91;91;91m██[38;2;117;117;117m██[38;2;117;117;117m██[38;2;117;117;117m██[38;2;117;117;117m██[38;2;117;117;117m██[38;2;117;117;117m██[38;2;117;117;117m██[38;2;117;117;117m██[38;2;117;117;117m██[38;2;117;117;117m██[38;2;91;91;91m██[38;2;91;91;91m██[38;2;91;91;91m██[38;2;91;91;91m██[38;2;91;91;91m██[38;2;91;91;91m██[38;2;91;91;91m██[38;2;40;40;40m██[38;2;2;2;2m██[38;2;2;2;2m██                                
                      [38;2;135;129;55m██[38;2;135;129;55m██[38;2;168;161;69m██[38;2;216;209;112m██[38;2;135;129;55m██        [38;2;81;77;25m██[38;2;81;77;25m██[38;2;81;77;25m██                                [38;2;66;66;66m██[38;2;66;66;66m██[38;2;117;117;117m██[38;2;117;117;117m██[38;2;117;117;117m██[38;2;117;117;117m██[38;2;91;91;91m██[38;2;40;40;40m██[38;2;40;40;40m██[38;2;18;56;14m██[38;2;34;104;27m██[38;2;34;104;27m██[38;2;18;56;14m██[38;2;117;117;117m██[38;2;117;117;117m██[38;2;117;117;117m██[38;2;91;91;91m██[38;2;91;91;91m██[38;2;91;91;91m██[38;2;91;91;91m██[38;2;91;91;91m██[38;2;91;91;91m██[38;2;91;91;91m██[38;2;66;66;66m██[38;2;66;66;66m██[38;2;66;66;66m██[38;2;66;66;66m██[38;2;66;66;66m██[38;2;66;66;66m██[38;2;66;66;66m██[38;2;66;66;66m██[38;2;66;66;66m██[38;2;66;66;66m██[38;2;66;66;66m██[38;2;91;91;91m██[38;2;91;91;91m██[38;2;2;2;2m██[38;2;2;2;2m██                            
                    [38;2;135;129;55m██[38;2;216;209;112m██[38;2;193;186;89m██[38;2;135;129;55m██[38;2;216;209;112m██[38;2;135;129;55m██                                        [38;2;66;66;66m██[38;2;66;66;66m██[38;2;66;66;66m██[38;2;117;117;117m██[38;2;117;117;117m██[38;2;91;91;91m██[38;2;40;40;40m██[38;2;40;40;40m██[38;2;40;40;40m██[38;2;66;66;66m██[38;2;91;91;91m██[38;2;117;117;117m██[38;2;117;117;117m██[38;2;117;117;117m██[38;2;117;117;117m██[38;2;91;91;91m██[38;2;66;66;66m██[38;2;66;66;66m██[38;2;66;66;66m██[38;2;66;66;66m██[38;2;91;91;91m██[38;2;91;91;91m██[38;2;91;91;91m██[38;2;91;91;91m██[38;2;91;91;91m██[38;2;91;91;91m██[38;2;91;91;91m██[38;2;91;91;91m██[38;2;91;91;91m██[38;2;40;40;40m██[38;2;2;2;2m██[38;2;2;2;2m██[38;2;2;2;2m██[38;2;2;2;2m██[38;2;2;2;2m██[38;2;2;2;2m██[38;2;2;2;2m██[38;2;40;40;40m██[38;2;91;91;91m██[38;2;91;91;91m██[38;2;91;91;91m██[38;2;2;2;2m██[38;2;2;2;2m██                        
                    [38;2;81;77;25m██[38;2;135;129;55m██[38;2;216;209;112m██[38;2;81;77;25m██[38;2;193;186;89m██[38;2;216;209;112m██[38;2;135;129;55m██    [38;2;135;129;55m██[38;2;168;161;69m██[38;2;135;129;55m██                        [38;2;66;66;66m██[38;2;66;66;66m██[38;2;117;117;117m██[38;2;117;117;117m██[38;2;117;117;117m██[38;2;91;91;91m██[38;2;40;40;40m██[38;2;40;40;40m██[38;2;91;91;91m██[38;2;91;91;91m██[38;2;117;117;117m██[38;2;117;117;117m██[38;2;117;117;117m██[38;2;117;117;117m██[38;2;91;91;91m██[38;2;66;66;66m██[38;2;66;66;66m██[38;2;91;91;91m██[38;2;91;91;91m██[38;2;91;91;91m██[38;2;91;91;91m██[38;2;91;91;91m██[38;2;91;91;91m██[38;2;91;91;91m██[38;2;91;91;91m██[38;2;91;91;91m██[38;2;91;91;91m██[38;2;91;91;91m██[38;2;91;91;91m██[38;2;91;91;91m██[38;2;91;91;91m██[38;2;91;91;91m██[38;2;91;91;91m██[38;2;2;2;2m██[38;2;2;2;2m██[38;2;2;2;2m██[38;2;189;205;197m██[38;2;216;49;41m██[38;2;66;66;66m██[38;2;2;2;2m██[38;2;40;40;40m██[38;2;66;66;66m██[38;2;91;91;91m██[38;2;66;66;66m██[38;2;66;66;66m██[38;2;2;2;2m██                      
                        [38;2;81;77;25m██[38;2;81;77;25m██[38;2;135;129;55m██[38;2;216;209;112m██[38;2;135;129;55m██  [38;2;135;129;55m██[38;2;216;209;112m██[38;2;193;186;89m██[38;2;81;77;25m██                    [38;2;66;66;66m██[38;2;91;91;91m██[38;2;117;117;117m██[38;2;117;117;117m██[38;2;91;91;91m██[38;2;40;40;40m██[38;2;40;40;40m██[38;2;40;40;40m██[38;2;91;91;91m██[38;2;91;91;91m██[38;2;40;40;40m██[38;2;66;66;66m██[38;2;66;66;66m██[38;2;66;66;66m██[38;2;66;66;66m██[38;2;66;66;66m██[38;2;91;91;91m██[38;2;91;91;91m██[38;2;91;91;91m██[38;2;91;91;91m██[38;2;91;91;91m██[38;2;91;91;91m██[38;2;91;91;91m██[38;2;91;91;91m██[38;2;91;91;91m██[38;2;91;91;91m██[38;2;91;91;91m██[38;2;91;91;91m██[38;2;91;91;91m██[38;2;91;91;91m██[38;2;91;91;91m██[38;2;91;91;91m██[38;2;117;117;117m██[38;2;117;117;117m██[38;2;117;117;117m██[38;2;91;91;91m██[38;2;2;2;2m██[38;2;2;2;2m██[38;2;2;2;2m██[38;2;252;252;252m██[38;2;216;49;41m██[38;2;66;66;66m██[38;2;2;2;2m██[38;2;66;66;66m██[38;2;66;66;66m██[38;2;2;2;2m██[38;2;66;66;66m██[38;2;66;66;66m██[38;2;40;40;40m██[38;2;66;66;66m██[38;2;66;66;66m██[38;2;66;66;66m██[38;2;91;91;91m██            
                            [38;2;135;129;55m██[38;2;216;209;112m██[38;2;81;77;25m██  [38;2;135;129;55m██[38;2;193;186;89m██[38;2;81;77;25m██[38;2;81;77;25m██                  [38;2;66;66;66m██[38;2;91;91;91m██[38;2;91;91;91m██[38;2;66;66;66m██[38;2;66;66;66m██[38;2;66;66;66m██[38;2;66;66;66m██[38;2;91;91;91m██[38;2;91;91;91m██[38;2;91;91;91m██[38;2;91;91;91m██[38;2;40;40;40m██[38;2;117;117;117m██[38;2;117;117;117m██[38;2;117;117;117m██[38;2;117;117;117m██[38;2;117;117;117m██[38;2;66;66;66m██[38;2;91;91;91m██[38;2;91;91;91m██[38;2;91;91;91m██[38;2;91;91;91m██[38;2;91;91;91m██[38;2;91;91;91m██[38;2;91;91;91m██[38;2;91;91;91m██[38;2;91;91;91m██[38;2;91;91;91m██[38;2;91;91;91m██[38;2;91;91;91m██[38;2;91;91;91m██[38;2;91;91;91m██[38;2;117;117;117m██[38;2;117;117;117m██[38;2;117;117;117m██[38;2;117;117;117m██[38;2;117;117;117m██[38;2;91;91;91m██[38;2;2;2;2m██[38;2;2;2;2m██[38;2;2;2;2m██[38;2;2;2;2m██[38;2;2;2;2m██[38;2;2;2;2m██[38;2;91;91;91m██[38;2;91;91;91m██[38;2;91;91;91m██[38;2;2;2;2m██[38;2;40;40;40m██[38;2;117;117;117m██[38;2;153;153;153m██[38;2;153;153;153m██[38;2;153;153;153m██[38;2;117;117;117m██[38;2;66;66;66m██          
                            [38;2;135;129;55m██[38;2;81;77;25m██[38;2;81;77;25m██  [38;2;135;129;55m██[38;2;81;77;25m██                      [38;2;40;40;40m██[38;2;117;117;117m██[38;2;117;117;117m██[38;2;117;117;117m██[38;2;117;117;117m██[38;2;117;117;117m██[38;2;66;66;66m██[38;2;91;91;91m██[38;2;91;91;91m██[38;2;91;91;91m██[38;2;91;91;91m██[38;2;40;40;40m██[38;2;117;117;117m██[38;2;117;117;117m██[38;2;117;117;117m██[38;2;117;117;117m██[38;2;117;117;117m██[38;2;66;66;66m██[38;2;91;91;91m██[38;2;91;91;91m██[38;2;91;91;91m██[38;2;91;91;91m██[38;2;91;91;91m██[38;2;91;91;91m██[38;2;91;91;91m██[38;2;91;91;91m██[38;2;91;91;91m██[38;2;91;91;91m██[38;2;91;91;91m██[38;2;91;91;91m██[38;2;117;117;117m██[38;2;117;117;117m██[38;2;117;117;117m██[38;2;117;117;117m██[38;2;117;117;117m██[38;2;117;117;117m██[38;2;117;117;117m██[38;2;117;117;117m██[38;2;40;40;40m██[38;2;2;2;2m██[38;2;40;40;40m██[38;2;66;66;66m██[38;2;91;91;91m██[38;2;2;2;2m██[38;2;91;91;91m██[38;2;91;91;91m██[38;2;40;40;40m██[38;2;117;117;117m██[38;2;153;153;153m██[38;2;153;153;153m██[38;2;153;153;153m██[38;2;153;153;153m██[38;2;117;117;117m██[38;2;66;66;66m██[38;2;40;40;40m██          
                                                              [38;2;40;40;40m██[38;2;117;117;117m██[38;2;117;117;117m██[38;2;117;117;117m██[38;2;117;117;117m██[38;2;117;117;117m██[38;2;66;66;66m██[38;2;91;91;91m██[38;2;91;91;91m██[38;2;91;91;91m██[38;2;40;40;40m██[38;2;66;66;66m██[38;2;117;117;117m██[38;2;117;117;117m██[38;2;117;117;117m██[38;2;117;117;117m██[38;2;117;117;117m██[38;2;66;66;66m██[38;2;91;91;91m██[38;2;91;91;91m██[38;2;91;91;91m██[38;2;91;91;91m██[38;2;91;91;91m██[38;2;91;91;91m██[38;2;91;91;91m██[38;2;91;91;91m██[38;2;91;91;91m██[38;2;91;91;91m██[38;2;117;117;117m██[38;2;117;117;117m██[38;2;117;117;117m██[38;2;117;117;117m██[38;2;117;117;117m██[38;2;117;117;117m██[38;2;117;117;117m██[38;2;117;117;117m██[38;2;117;117;117m██[38;2;117;117;117m██[38;2;91;91;91m██[38;2;91;91;91m██[38;2;40;40;40m██[38;2;91;91;91m██[38;2;91;91;91m██[38;2;91;91;91m██[38;2;66;66;66m██[38;2;117;117;117m██[38;2;153;153;153m██[38;2;153;153;153m██[38;2;153;153;153m██[38;2;153;153;153m██[38;2;153;153;153m██[38;2;117;117;117m██[38;2;66;66;66m██[38;2;2;2;2m██[38;2;40;40;40m██          
                                                              [38;2;40;40;40m██[38;2;117;117;117m██[38;2;117;117;117m██[38;2;117;117;117m██[38;2;117;117;117m██[38;2;117;117;117m██[38;2;91;91;91m██[38;2;66;66;66m██[38;2;66;66;66m██[38;2;66;66;66m██[38;2;91;91;91m██[38;2;117;117;117m██[38;2;117;117;117m██[38;2;117;117;117m██[38;2;117;117;117m██[38;2;117;117;117m██[38;2;117;117;117m██[38;2;91;91;91m██[38;2;91;91;91m██[38;2;91;91;91m██[38;2;91;91;91m██[38;2;91;91;91m██[38;2;91;91;91m██[38;2;91;91;91m██[38;2;66;66;66m██[38;2;66;66;66m██[38;2;91;91;91m██[38;2;117;117;117m██[38;2;117;117;117m██[38;2;117;117;117m██[38;2;117;117;117m██[38;2;117;117;117m██[38;2;117;117;117m██[38;2;117;117;117m██[38;2;117;117;117m██[38;2;117;117;117m██[38;2;117;117;117m██[38;2;117;117;117m██[38;2;117;117;117m██[38;2;91;91;91m██[38;2;66;66;66m██[38;2;91;91;91m██[38;2;66;66;66m██[38;2;66;66;66m██[38;2;153;153;153m██[38;2;153;153;153m██[38;2;153;153;153m██[38;2;153;153;153m██[38;2;153;153;153m██[38;2;153;153;153m██[38;2;117;117;117m██[38;2;66;66;66m██[38;2;2;2;2m██[38;2;91;91;91m██[38;2;66;66;66m██[38;2;2;2;2m██        
                                                                [38;2;66;66;66m██[38;2;117;117;117m██[38;2;117;117;117m██[38;2;117;117;117m██[38;2;117;117;117m██[38;2;117;117;117m██[38;2;117;117;117m██[38;2;117;117;117m██[38;2;117;117;117m██[38;2;117;117;117m██[38;2;117;117;117m██[38;2;117;117;117m██[38;2;117;117;117m██[38;2;117;117;117m██[38;2;117;117;117m██[38;2;117;117;117m██[38;2;117;117;117m██[38;2;66;66;66m██[38;2;91;91;91m██[38;2;91;91;91m██[38;2;91;91;91m██[38;2;66;66;66m██[38;2;66;66;66m██[38;2;91;91;91m██[38;2;117;117;117m██[38;2;117;117;117m██[38;2;117;117;117m██[38;2;117;117;117m██[38;2;117;117;117m██[38;2;117;117;117m██[38;2;117;117;117m██[38;2;117;117;117m██[38;2;117;117;117m██[38;2;117;117;117m██[38;2;117;117;117m██[38;2;117;117;117m██[38;2;117;117;117m██[38;2;117;117;117m██[38;2;66;66;66m██[38;2;66;66;66m██[38;2;66;66;66m██[38;2;153;153;153m██[38;2;153;153;153m██[38;2;153;153;153m██[38;2;153;153;153m██[38;2;153;153;153m██[38;2;153;153;153m██[38;2;153;153;153m██[38;2;91;91;91m██[38;2;2;2;2m██[38;2;117;117;117m██[38;2;40;40;40m██[38;2;66;66;66m██[38;2;91;91;91m██[38;2;91;91;91m██[38;2;40;40;40m██[38;2;2;2;2m██    
                                                                [38;2;66;66;66m██[38;2;117;117;117m██[38;2;117;117;117m██[38;2;117;117;117m██[38;2;117;117;117m██[38;2;117;117;117m██[38;2;117;117;117m██[38;2;117;117;117m██[38;2;117;117;117m██[38;2;117;117;117m██[38;2;117;117;117m██[38;2;117;117;117m██[38;2;117;117;117m██[38;2;117;117;117m██[38;2;117;117;117m██[38;2;117;117;117m██[38;2;117;117;117m██[38;2;66;66;66m██[38;2;91;91;91m██[38;2;66;66;66m██[38;2;66;66;66m██[38;2;91;91;91m██[38;2;117;117;117m██[38;2;117;117;117m██[38;2;117;117;117m██[38;2;117;117;117m██[38;2;117;117;117m██[38;2;117;117;117m██[38;2;117;117;117m██[38;2;117;117;117m██[38;2;117;117;117m██[38;2;117;117;117m██[38;2;117;117;117m██[38;2;117;117;117m██[38;2;117;117;117m██[38;2;19;34;86m██[38;2;19;34;86m██[38;2;19;34;86m██[38;2;117;117;117m██[38;2;153;153;153m██[38;2;153;153;153m██[38;2;153;153;153m██[38;2;49;66;130m██[38;2;49;66;130m██[38;2;153;153;153m██[38;2;153;153;153m██[38;2;153;153;153m██[38;2;91;91;91m██[38;2;66;66;66m██[38;2;117;117;117m██[38;2;117;117;117m██[38;2;117;117;117m██[38;2;91;91;91m██[38;2;40;40;40m██[38;2;66;66;66m██[38;2;91;91;91m██[38;2;91;91;91m██[38;2;40;40;40m██[38;2;2;2;2m██
        [38;2;185;133;55m██[38;2;185;133;55m██[38;2;185;133;55m██[38;2;185;133;55m██[38;2;185;133;55m██                                              [38;2;66;66;66m██[38;2;91;91;91m██[38;2;117;117;117m██[38;2;117;117;117m██[38;2;117;117;117m██[38;2;117;117;117m██[38;2;117;117;117m██[38;2;117;117;117m██[38;2;117;117;117m██[38;2;117;117;117m██[38;2;117;117;117m██[38;2;117;117;117m██[38;2;117;117;117m██[38;2;117;117;117m██[38;2;117;117;117m██[38;2;117;117;117m██[38;2;117;117;117m██[38;2;91;91;91m██[38;2;66;66;66m██[38;2;91;91;91m██[38;2;117;117;117m██[38;2;117;117;117m██[38;2;117;117;117m██[38;2;117;117;117m██[38;2;117;117;117m██[38;2;117;117;117m██[38;2;117;117;117m██[38;2;117;117;117m██[38;2;117;117;117m██[38;2;117;117;117m██[38;2;117;117;117m██[38;2;117;117;117m██[38;2;117;117;117m██[38;2;117;117;117m██[38;2;66;66;66m██[38;2;19;34;86m██[38;2;143;158;211m██[38;2;143;158;211m██[38;2;49;66;130m██[38;2;153;153;153m██[38;2;153;153;153m██[38;2;153;153;153m██[38;2;49;66;130m██[38;2;143;158;211m██[38;2;19;34;86m██[38;2;117;117;117m██[38;2;66;66;66m██[38;2;91;91;91m██[38;2;153;153;153m██[38;2;91;91;91m██[38;2;66;66;66m██[38;2;117;117;117m██[38;2;117;117;117m██[38;2;117;117;117m██[38;2;91;91;91m██[38;2;40;40;40m██[38;2;66;66;66m██[38;2;91;91;91m██[38;2;2;2;2m██
        [38;2;36;90;132m██[38;2;255;248;163m██[38;2;255;248;163m██[38;2;255;248;163m██[38;2;255;248;163m██[38;2;185;133;55m██                                            [38;2;66;66;66m██[38;2;91;91;91m██[38;2;117;117;117m██[38;2;117;117;117m██[38;2;117;117;117m██[38;2;91;91;91m██[38;2;66;66;66m██[38;2;2;2;2m██[38;2;2;2;2m██[38;2;2;2;2m██[38;2;2;2;2m██[38;2;2;2;2m██[38;2;2;2;2m██[38;2;66;66;66m██[38;2;91;91;91m██[38;2;91;91;91m██[38;2;117;117;117m██[38;2;117;117;117m██[38;2;66;66;66m██[38;2;117;117;117m██[38;2;117;117;117m██[38;2;117;117;117m██[38;2;117;117;117m██[38;2;117;117;117m██[38;2;117;117;117m██[38;2;117;117;117m██[38;2;117;117;117m██[38;2;117;117;117m██[38;2;117;117;117m██[38;2;117;117;117m██[38;2;117;117;117m██[38;2;117;117;117m██[38;2;66;66;66m██[38;2;66;66;66m██[38;2;117;117;117m██[38;2;49;66;130m██[38;2;143;158;211m██[38;2;143;158;211m██[38;2;179;192;239m██[38;2;49;66;130m██[38;2;153;153;153m██[38;2;153;153;153m██[38;2;49;66;130m██[38;2;143;158;211m██[38;2;91;91;91m██[38;2;10;18;45m██[38;2;66;66;66m██[38;2;153;153;153m██[38;2;153;153;153m██[38;2;153;153;153m██[38;2;153;153;153m██[38;2;66;66;66m██[38;2;91;91;91m██[38;2;117;117;117m██[38;2;117;117;117m██[38;2;117;117;117m██[38;2;91;91;91m██[38;2;66;66;66m██[38;2;2;2;2m██
        [38;2;185;133;55m██[38;2;161;198;253m██[38;2;255;248;163m██[38;2;251;246;169m██[38;2;161;198;253m██[38;2;161;198;253m██[38;2;101;163;253m██[38;2;243;205;117m██                                      [38;2;40;40;40m██[38;2;91;91;91m██[38;2;91;91;91m██[38;2;91;91;91m██[38;2;66;66;66m██[38;2;2;2;2m██[38;2;66;66;66m██[38;2;117;117;117m██[38;2;117;117;117m██[38;2;117;117;117m██[38;2;117;117;117m██[38;2;153;153;153m██[38;2;91;91;91m██[38;2;91;91;91m██[38;2;2;2;2m██[38;2;66;66;66m██[38;2;91;91;91m██[38;2;91;91;91m██[38;2;117;117;117m██[38;2;66;66;66m██[38;2;117;117;117m██[38;2;117;117;117m██[38;2;117;117;117m██[38;2;117;117;117m██[38;2;117;117;117m██[38;2;117;117;117m██[38;2;117;117;117m██[38;2;117;117;117m██[38;2;117;117;117m██[38;2;117;117;117m██[38;2;117;117;117m██[38;2;117;117;117m██[38;2;40;40;40m██[38;2;153;153;153m██[38;2;153;153;153m██[38;2;153;153;153m██[38;2;49;66;130m██[38;2;143;158;211m██[38;2;179;192;239m██[38;2;179;192;239m██[38;2;179;192;239m██[38;2;19;34;86m██[38;2;153;153;153m██[38;2;19;34;86m██[38;2;91;91;91m██[38;2;117;117;117m██[38;2;10;18;45m██[38;2;91;91;91m██[38;2;66;66;66m██[38;2;117;117;117m██[38;2;153;153;153m██[38;2;153;153;153m██[38;2;153;153;153m██[38;2;91;91;91m██[38;2;66;66;66m██[38;2;91;91;91m██[38;2;117;117;117m██[38;2;117;117;117m██[38;2;117;117;117m██[38;2;40;40;40m██
        [38;2;185;133;55m██[38;2;251;246;169m██[38;2;161;198;253m██[38;2;161;198;253m██[38;2;251;246;169m██[38;2;251;246;169m██[38;2;161;198;253m██[38;2;251;246;169m██[38;2;185;133;55m██                              [38;2;66;66;66m██[38;2;66;66;66m██[38;2;40;40;40m██[38;2;40;40;40m██[38;2;91;91;91m██[38;2;2;2;2m██[38;2;66;66;66m██[38;2;117;117;117m██[38;2;117;117;117m██[38;2;117;117;117m██[38;2;117;117;117m██[38;2;117;117;117m██[38;2;117;117;117m██[38;2;153;153;153m██[38;2;91;91;91m██[38;2;91;91;91m██[38;2;91;91;91m██[38;2;91;91;91m██[38;2;91;91;91m██[38;2;2;2;2m██[38;2;66;66;66m██[38;2;91;91;91m██[38;2;91;91;91m██[38;2;66;66;66m██[38;2;117;117;117m██[38;2;117;117;117m██[38;2;117;117;117m██[38;2;117;117;117m██[38;2;117;117;117m██[38;2;117;117;117m██[38;2;117;117;117m██[38;2;117;117;117m██[38;2;91;91;91m██[38;2;66;66;66m██[38;2;40;40;40m██[38;2;40;40;40m██[38;2;153;153;153m██[38;2;49;66;130m██[38;2;19;34;86m██[38;2;153;153;153m██[38;2;49;66;130m██[38;2;179;192;239m██[38;2;179;192;239m██[38;2;143;158;211m██[38;2;143;158;211m██[38;2;19;34;86m██[38;2;66;66;66m██[38;2;10;18;45m██[38;2;49;66;130m██[38;2;49;66;130m██[38;2;91;91;91m██[38;2;91;91;91m██[38;2;91;91;91m██[38;2;66;66;66m██[38;2;153;153;153m██[38;2;153;153;153m██[38;2;153;153;153m██[38;2;153;153;153m██[38;2;66;66;66m██[38;2;66;66;66m██[38;2;91;91;91m██[38;2;117;117;117m██[38;2;40;40;40m██
        [38;2;144;54;123m██[38;2;254;172;235m██[38;2;251;246;169m██[38;2;161;198;253m██[38;2;161;198;253m██[38;2;251;246;169m██[38;2;252;252;252m██[38;2;252;252;252m██[38;2;254;172;235m██[38;2;144;54;123m██                      [38;2;66;66;66m██[38;2;66;66;66m██[38;2;66;66;66m██[38;2;91;91;91m██[38;2;117;117;117m██[38;2;117;117;117m██[38;2;40;40;40m██[38;2;2;2;2m██[38;2;117;117;117m██[38;2;117;117;117m██[38;2;117;117;117m██[38;2;117;117;117m██[38;2;117;117;117m██[38;2;153;153;153m██[38;2;153;153;153m██[38;2;153;153;153m██[38;2;153;153;153m██[38;2;91;91;91m██[38;2;91;91;91m██[38;2;91;91;91m██[38;2;91;91;91m██[38;2;91;91;91m██[38;2;91;91;91m██[38;2;40;40;40m██[38;2;91;91;91m██[38;2;91;91;91m██[38;2;91;91;91m██[38;2;40;40;40m██[38;2;117;117;117m██[38;2;117;117;117m██[38;2;117;117;117m██[38;2;117;117;117m██[38;2;117;117;117m██[38;2;91;91;91m██[38;2;66;66;66m██[38;2;91;91;91m██[38;2;117;117;117m██[38;2;117;117;117m██[38;2;66;66;66m██[38;2;19;34;86m██[38;2;179;192;239m██[38;2;19;34;86m██[38;2;153;153;153m██[38;2;49;66;130m██[38;2;179;192;239m██[38;2;143;158;211m██[38;2;143;158;211m██[38;2;143;158;211m██[38;2;19;34;86m██[38;2;91;91;91m██[38;2;91;91;91m██[38;2;91;91;91m██[38;2;66;66;66m██[38;2;91;91;91m██[38;2;91;91;91m██[38;2;91;91;91m██[38;2;91;91;91m██[38;2;66;66;66m██[38;2;117;117;117m██[38;2;153;153;153m██[38;2;153;153;153m██[38;2;153;153;153m██[38;2;91;91;91m██[38;2;66;66;66m██[38;2;66;66;66m██[38;2;40;40;40m██
          [38;2;144;54;123m██[38;2;254;172;235m██[38;2;251;246;169m██[38;2;161;198;253m██[38;2;161;198;253m██[38;2;251;246;169m██[38;2;252;252;252m██[38;2;252;252;252m██[38;2;238;146;217m██[38;2;144;54;123m██              [38;2;66;66;66m██[38;2;66;66;66m██[38;2;66;66;66m██[38;2;91;91;91m██[38;2;117;117;117m██[38;2;117;117;117m██[38;2;117;117;117m██[38;2;117;117;117m██[38;2;91;91;91m██[38;2;40;40;40m██[38;2;117;117;117m██[38;2;117;117;117m██[38;2;153;153;153m██[38;2;153;153;153m██[38;2;153;153;153m██[38;2;153;153;153m██[38;2;153;153;153m██[38;2;153;153;153m██[38;2;153;153;153m██[38;2;91;91;91m██[38;2;91;91;91m██[38;2;91;91;91m██[38;2;91;91;91m██[38;2;91;91;91m██[38;2;91;91;91m██[38;2;91;91;91m██[38;2;91;91;91m██[38;2;66;66;66m██[38;2;91;91;91m██[38;2;91;91;91m██[38;2;91;91;91m██[38;2;40;40;40m██[38;2;117;117;117m██[38;2;117;117;117m██[38;2;91;91;91m██[38;2;66;66;66m██[38;2;91;91;91m██[38;2;117;117;117m██[38;2;117;117;117m██[38;2;117;117;117m██[38;2;117;117;117m██[38;2;91;91;91m██[38;2;10;18;45m██[38;2;143;158;211m██[38;2;10;18;45m██[38;2;153;153;153m██[38;2;153;153;153m██[38;2;19;34;86m██[38;2;143;158;211m██[38;2;143;158;211m██[38;2;179;192;239m██[38;2;143;158;211m██[38;2;10;18;45m██[38;2;91;91;91m██[38;2;91;91;91m██[38;2;66;66;66m██[38;2;91;91;91m██[38;2;91;91;91m██[38;2;91;91;91m██[38;2;91;91;91m██[38;2;91;91;91m██[38;2;91;91;91m██[38;2;66;66;66m██[38;2;153;153;153m██[38;2;153;153;153m██[38;2;153;153;153m██[38;2;91;91;91m██[38;2;66;66;66m██  
            [38;2;144;54;123m██[38;2;254;172;235m██[38;2;251;246;169m██[38;2;161;198;253m██[38;2;243;205;117m██[38;2;161;198;253m██[38;2;252;252;252m██[38;2;251;246;169m██[38;2;238;146;217m██[38;2;144;54;123m██            [38;2;66;66;66m██[38;2;117;117;117m██[38;2;153;153;153m██[38;2;117;117;117m██[38;2;117;117;117m██[38;2;117;117;117m██[38;2;117;117;117m██[38;2;117;117;117m██[38;2;40;40;40m██[38;2;117;117;117m██[38;2;40;40;40m██[38;2;40;40;40m██[38;2;40;40;40m██[38;2;40;40;40m██[38;2;40;40;40m██[38;2;40;40;40m██[38;2;153;153;153m██[38;2;153;153;153m██[38;2;91;91;91m██[38;2;91;91;91m██[38;2;91;91;91m██[38;2;91;91;91m██[38;2;91;91;91m██[38;2;91;91;91m██[38;2;91;91;91m██[38;2;66;66;66m██[38;2;66;66;66m██[38;2;66;66;66m██[38;2;66;66;66m██[38;2;91;91;91m██[38;2;91;91;91m██[38;2;91;91;91m██[38;2;2;2;2m██[38;2;91;91;91m██[38;2;91;91;91m██[38;2;117;117;117m██[38;2;117;117;117m██[38;2;117;117;117m██[38;2;91;91;91m██[38;2;91;91;91m██[38;2;66;66;66m██[38;2;40;40;40m██[38;2;40;40;40m██[38;2;10;18;45m██[38;2;153;153;153m██[38;2;153;153;153m██[38;2;153;153;153m██[38;2;19;34;86m██[38;2;143;158;211m██[38;2;179;192;239m██[38;2;179;192;239m██[38;2;179;192;239m██[38;2;10;18;45m██[38;2;91;91;91m██[38;2;91;91;91m██[38;2;66;66;66m██[38;2;91;91;91m██[38;2;91;91;91m██[38;2;91;91;91m██[38;2;91;91;91m██[38;2;91;91;91m██[38;2;91;91;91m██[38;2;91;91;91m██[38;2;66;66;66m██[38;2;91;91;91m██[38;2;153;153;153m██[38;2;153;153;153m██[38;2;66;66;66m██  
              [38;2;144;54;123m██[38;2;254;172;235m██[38;2;251;246;169m██[38;2;161;198;253m██[38;2;243;205;117m██[38;2;101;163;253m██[38;2;252;252;252m██[38;2;254;172;235m██[38;2;238;146;217m██[38;2;144;54;123m██[38;2;40;40;40m██      [38;2;40;40;40m██[38;2;91;91;91m██[38;2;66;66;66m██[38;2;153;153;153m██[38;2;117;117;117m██[38;2;117;117;117m██[38;2;91;91;91m██[38;2;91;91;91m██[38;2;40;40;40m██[38;2;40;40;40m██[38;2;40;40;40m██[38;2;40;40;40m██[38;2;66;66;66m██[38;2;66;66;66m██[38;2;66;66;66m██[38;2;66;66;66m██[38;2;66;66;66m██[38;2;40;40;40m██[38;2;153;153;153m██[38;2;91;91;91m██[38;2;91;91;91m██[38;2;91;91;91m██[38;2;91;91;91m██[38;2;91;91;91m██[38;2;66;66;66m██[38;2;114;72;29m██[38;2;114;72;29m██[38;2;114;72;29m██[38;2;114;72;29m██[38;2;40;40;40m██[38;2;91;91;91m██[38;2;91;91;91m██[38;2;91;91;91m██[38;2;66;66;66m██[38;2;66;66;66m██[38;2;40;40;40m██[38;2;66;66;66m██[38;2;66;66;66m██[38;2;66;66;66m██[38;2;91;91;91m██[38;2;91;91;91m██[38;2;91;91;91m██[38;2;91;91;91m██[38;2;40;40;40m██[38;2;117;117;117m██[38;2;153;153;153m██[38;2;117;117;117m██[38;2;91;91;91m██[38;2;66;66;66m██[38;2;19;34;86m██[38;2;179;192;239m██[38;2;143;158;211m██[38;2;143;158;211m██[38;2;10;18;45m██[38;2;91;91;91m██[38;2;91;91;91m██[38;2;66;66;66m██[38;2;91;91;91m██[38;2;91;91;91m██[38;2;91;91;91m██[38;2;91;91;91m██[38;2;91;91;91m██[38;2;91;91;91m██[38;2;91;91;91m██[38;2;91;91;91m██[38;2;66;66;66m██[38;2;91;91;91m██[38;2;153;153;153m██[38;2;66;66;66m██  
              [38;2;238;146;217m██[38;2;238;146;217m██[38;2;254;172;235m██[38;2;251;246;169m██[38;2;161;198;253m██[38;2;243;205;117m██[38;2;101;163;253m██[38;2;161;198;253m██[38;2;254;172;235m██[38;2;238;146;217m██[38;2;66;66;66m██[38;2;40;40;40m██    [38;2;66;66;66m██[38;2;91;91;91m██[38;2;40;40;40m██[38;2;117;117;117m██[38;2;153;153;153m██[38;2;117;117;117m██[38;2;66;66;66m██[38;2;2;2;2m██[38;2;91;91;91m██[38;2;91;91;91m██[38;2;40;40;40m██[38;2;66;66;66m██[38;2;66;66;66m██[38;2;66;66;66m██[38;2;66;66;66m██[38;2;66;66;66m██[38;2;66;66;66m██[38;2;66;66;66m██[38;2;66;66;66m██[38;2;91;91;91m██[38;2;91;91;91m██[38;2;91;91;91m██[38;2;91;91;91m██[38;2;66;66;66m██[38;2;114;72;29m██[38;2;114;72;29m██[38;2;198;142;85m██[38;2;198;142;85m██[38;2;114;72;29m██[38;2;2;2;2m██[38;2;91;91;91m██[38;2;91;91;91m██[38;2;91;91;91m██[38;2;91;91;91m██[38;2;40;40;40m██[38;2;91;91;91m██[38;2;91;91;91m██[38;2;91;91;91m██[38;2;91;91;91m██[38;2;91;91;91m██[38;2;91;91;91m██[38;2;91;91;91m██[38;2;91;91;91m██[38;2;91;91;91m██[38;2;10;18;45m██[38;2;19;34;86m██[38;2;19;34;86m██[38;2;91;91;91m██[38;2;91;91;91m██[38;2;19;34;86m██[38;2;143;158;211m██[38;2;143;158;211m██[38;2;143;158;211m██[38;2;10;18;45m██[38;2;91;91;91m██[38;2;91;91;91m██[38;2;66;66;66m██[38;2;2;2;2m██[38;2;2;2;2m██[38;2;2;2;2m██[38;2;2;2;2m██[38;2;2;2;2m██[38;2;2;2;2m██[38;2;2;2;2m██[38;2;2;2;2m██[38;2;2;2;2m██[38;2;2;2;2m██[38;2;2;2;2m██    
                [38;2;144;54;123m██[38;2;238;146;217m██[38;2;254;172;235m██[38;2;251;246;169m██[38;2;161;198;253m██[38;2;243;205;117m██[38;2;101;163;253m██[38;2;101;163;253m██[38;2;238;146;217m██[38;2;66;66;66m██[38;2;91;91;91m██[38;2;40;40;40m██[38;2;2;2;2m██[38;2;66;66;66m██[38;2;91;91;91m██[38;2;91;91;91m██[38;2;40;40;40m██[38;2;117;117;117m██[38;2;66;66;66m██[38;2;2;2;2m██[38;2;2;2;2m██[38;2;91;91;91m██[38;2;40;40;40m██[38;2;66;66;66m██[38;2;66;66;66m██[38;2;66;66;66m██[38;2;66;66;66m██[38;2;66;66;66m██[38;2;66;66;66m██[38;2;66;66;66m██[38;2;66;66;66m██[38;2;66;66;66m██[38;2;66;66;66m██[38;2;40;40;40m██[38;2;91;91;91m██[38;2;66;66;66m██[38;2;114;72;29m██[38;2;114;72;29m██[38;2;198;142;85m██[38;2;255;209;163m██[38;2;255;209;163m██[38;2;198;142;85m██[38;2;2;2;2m██[38;2;66;66;66m██[38;2;91;91;91m██[38;2;91;91;91m██[38;2;91;91;91m██[38;2;40;40;40m██[38;2;91;91;91m██[38;2;91;91;91m██[38;2;91;91;91m██[38;2;91;91;91m██[38;2;91;91;91m██[38;2;91;91;91m██[38;2;91;91;91m██[38;2;91;91;91m██[38;2;91;91;91m██[38;2;19;34;86m██[38;2;143;158;211m██[38;2;143;158;211m██[38;2;10;18;45m██[38;2;91;91;91m██[38;2;91;91;91m██[38;2;10;18;45m██[38;2;143;158;211m██[38;2;143;158;211m██[38;2;10;18;45m██[38;2;91;91;91m██[38;2;91;91;91m██[38;2;40;40;40m██                          
                  [38;2;144;54;123m██[38;2;238;146;217m██[38;2;238;146;217m██[38;2;251;246;169m██[38;2;161;198;253m██[38;2;101;163;253m██[38;2;66;66;66m██[38;2;101;163;253m██[38;2;66;66;66m██[38;2;91;91;91m██[38;2;91;91;91m██[38;2;66;66;66m██[38;2;2;2;2m██[38;2;2;2;2m██[38;2;40;40;40m██[38;2;2;2;2m██[38;2;2;2;2m██[38;2;2;2;2m██[38;2;2;2;2m██[38;2;2;2;2m██[38;2;2;2;2m██[38;2;2;2;2m██[38;2;66;66;66m██[38;2;66;66;66m██[38;2;66;66;66m██[38;2;66;66;66m██[38;2;66;66;66m██[38;2;66;66;66m██[38;2;66;66;66m██[38;2;66;66;66m██[38;2;66;66;66m██[38;2;66;66;66m██[38;2;66;66;66m██[38;2;40;40;40m██[38;2;114;72;29m██[38;2;114;72;29m██[38;2;198;142;85m██[38;2;255;209;163m██[38;2;114;72;29m██[38;2;198;142;85m██[38;2;255;209;163m██[38;2;114;72;29m██[38;2;40;40;40m██[38;2;91;91;91m██[38;2;91;91;91m██[38;2;91;91;91m██[38;2;66;66;66m██[38;2;91;91;91m██[38;2;91;91;91m██[38;2;91;91;91m██[38;2;91;91;91m██[38;2;91;91;91m██[38;2;91;91;91m██[38;2;91;91;91m██[38;2;91;91;91m██[38;2;91;91;91m██[38;2;66;66;66m██[38;2;10;18;45m██[38;2;10;18;45m██[38;2;91;91;91m██[38;2;91;91;91m██[38;2;91;91;91m██[38;2;91;91;91m██[38;2;10;18;45m██[38;2;10;18;45m██[38;2;10;18;45m██[38;2;91;91;91m██[38;2;40;40;40m██                            
                    [38;2;144;54;123m██[38;2;238;146;217m██[38;2;238;146;217m██[38;2;238;146;217m██[38;2;101;163;253m██[38;2;40;40;40m██[38;2;66;66;66m██[38;2;66;66;66m██[38;2;66;66;66m██[38;2;91;91;91m██[38;2;91;91;91m██[38;2;91;91;91m██[38;2;66;66;66m██[38;2;2;2;2m██[38;2;40;40;40m██[38;2;40;40;40m██[38;2;66;66;66m██[38;2;117;117;117m██[38;2;117;117;117m██[38;2;91;91;91m██[38;2;2;2;2m██[38;2;2;2;2m██[38;2;2;2;2m██[38;2;2;2;2m██[38;2;66;66;66m██[38;2;66;66;66m██[38;2;66;66;66m██[38;2;66;66;66m██[38;2;66;66;66m██[38;2;66;66;66m██[38;2;66;66;66m██[38;2;66;66;66m██[38;2;40;40;40m██[38;2;114;72;29m██[38;2;198;142;85m██[38;2;255;209;163m██[38;2;114;72;29m██[38;2;114;72;29m██[38;2;114;72;29m██[38;2;255;209;163m██[38;2;114;72;29m██[38;2;40;40;40m██[38;2;91;91;91m██[38;2;91;91;91m██[38;2;91;91;91m██[38;2;66;66;66m██[38;2;91;91;91m██[38;2;91;91;91m██[38;2;91;91;91m██[38;2;91;91;91m██[38;2;91;91;91m██[38;2;91;91;91m██[38;2;91;91;91m██[38;2;91;91;91m██[38;2;91;91;91m██[38;2;66;66;66m██[38;2;91;91;91m██[38;2;91;91;91m██[38;2;91;91;91m██[38;2;91;91;91m██[38;2;91;91;91m██[38;2;91;91;91m██[38;2;91;91;91m██[38;2;91;91;91m██[38;2;91;91;91m██[38;2;40;40;40m██                              
                      [38;2;144;54;123m██[38;2;238;146;217m██[38;2;144;54;123m██[38;2;66;66;66m██[38;2;40;40;40m██[38;2;66;66;66m██[38;2;91;91;91m██[38;2;66;66;66m██[38;2;91;91;91m██[38;2;91;91;91m██[38;2;91;91;91m██[38;2;91;91;91m██[38;2;40;40;40m██[38;2;66;66;66m██[38;2;117;117;117m██[38;2;117;117;117m██[38;2;91;91;91m██[38;2;40;40;40m██[38;2;40;40;40m██[38;2;66;66;66m██[38;2;66;66;66m██[38;2;66;66;66m██[38;2;66;66;66m██[38;2;2;2;2m██[38;2;2;2;2m██[38;2;66;66;66m██[38;2;66;66;66m██[38;2;66;66;66m██[38;2;66;66;66m██[38;2;66;66;66m██[38;2;66;66;66m██[38;2;40;40;40m██[38;2;114;72;29m██[38;2;255;209;163m██[38;2;114;72;29m██[38;2;114;72;29m██[38;2;114;72;29m██[38;2;114;72;29m██[38;2;255;209;163m██[38;2;114;72;29m██[38;2;40;40;40m██[38;2;91;91;91m██[38;2;91;91;91m██[38;2;91;91;91m██[38;2;91;91;91m██[38;2;91;91;91m██[38;2;91;91;91m██[38;2;91;91;91m██[38;2;91;91;91m██[38;2;91;91;91m██[38;2;91;91;91m██[38;2;91;91;91m██[38;2;91;91;91m██[38;2;91;91;91m██[38;2;66;66;66m██[38;2;91;91;91m██[38;2;91;91;91m██[38;2;91;91;91m██[38;2;91;91;91m██[38;2;91;91;91m██[38;2;91;91;91m██[38;2;91;91;91m██[38;2;91;91;91m██[38;2;40;40;40m██                                
                        [38;2;144;54;123m██[38;2;66;66;66m██[38;2;144;54;123m██[38;2;66;66;66m██[38;2;40;40;40m██[38;2;66;66;66m██[38;2;91;91;91m██[38;2;91;91;91m██[38;2;91;91;91m██[38;2;91;91;91m██[38;2;40;40;40m██[38;2;117;117;117m██[38;2;117;117;117m██[38;2;91;91;91m██[38;2;40;40;40m██[38;2;40;40;40m██[38;2;66;66;66m██[38;2;66;66;66m██[38;2;66;66;66m██[38;2;66;66;66m██[38;2;66;66;66m██[38;2;66;66;66m██[38;2;66;66;66m██[38;2;66;66;66m██[38;2;2;2;2m██[38;2;66;66;66m██[38;2;66;66;66m██[38;2;66;66;66m██[38;2;66;66;66m██[38;2;66;66;66m██[38;2;40;40;40m██[38;2;114;72;29m██[38;2;255;209;163m██[38;2;114;72;29m██[38;2;114;72;29m██[38;2;114;72;29m██[38;2;114;72;29m██[38;2;255;209;163m██[38;2;114;72;29m██[38;2;40;40;40m██[38;2;91;91;91m██[38;2;91;91;91m██[38;2;66;66;66m██[38;2;91;91;91m██[38;2;91;91;91m██[38;2;91;91;91m██[38;2;91;91;91m██[38;2;91;91;91m██[38;2;91;91;91m██[38;2;91;91;91m██[38;2;91;91;91m██[38;2;91;91;91m██[38;2;91;91;91m██[38;2;66;66;66m██[38;2;91;91;91m██[38;2;91;91;91m██[38;2;91;91;91m██[38;2;91;91;91m██[38;2;91;91;91m██[38;2;91;91;91m██[38;2;91;91;91m██[38;2;40;40;40m██                                  
                        [38;2;2;2;2m██[38;2;40;40;40m██[38;2;40;40;40m██[38;2;66;66;66m██[38;2;66;66;66m██[38;2;66;66;66m██[38;2;66;66;66m██[38;2;91;91;91m██[38;2;66;66;66m██[38;2;40;40;40m██[38;2;40;40;40m██[38;2;40;40;40m██[38;2;40;40;40m██[38;2;40;40;40m██[38;2;66;66;66m██[38;2;66;66;66m██[38;2;66;66;66m██[38;2;66;66;66m██[38;2;66;66;66m██[38;2;66;66;66m██[38;2;66;66;66m██[38;2;66;66;66m██[38;2;66;66;66m██[38;2;66;66;66m██[38;2;66;66;66m██[38;2;2;2;2m██[38;2;66;66;66m██[38;2;66;66;66m██[38;2;66;66;66m██[38;2;66;66;66m██[38;2;40;40;40m██[38;2;114;72;29m██[38;2;255;209;163m██[38;2;114;72;29m██[38;2;114;72;29m██[38;2;114;72;29m██[38;2;198;142;85m██[38;2;255;209;163m██[38;2;2;2;2m██[38;2;66;66;66m██[38;2;91;91;91m██[38;2;91;91;91m██[38;2;91;91;91m██[38;2;91;91;91m██[38;2;91;91;91m██[38;2;91;91;91m██[38;2;91;91;91m██[38;2;91;91;91m██[38;2;91;91;91m██[38;2;91;91;91m██[38;2;91;91;91m██[38;2;91;91;91m██[38;2;91;91;91m██[38;2;66;66;66m██[38;2;91;91;91m██[38;2;91;91;91m██[38;2;91;91;91m██[38;2;91;91;91m██[38;2;91;91;91m██[38;2;91;91;91m██[38;2;40;40;40m██                                    
                          [38;2;2;2;2m██[38;2;66;66;66m██[38;2;40;40;40m██[38;2;66;66;66m██[38;2;66;66;66m██[38;2;66;66;66m██[38;2;66;66;66m██[38;2;40;40;40m██[38;2;91;91;91m██[38;2;91;91;91m██[38;2;91;91;91m██[38;2;40;40;40m██[38;2;66;66;66m██[38;2;66;66;66m██[38;2;66;66;66m██[38;2;66;66;66m██[38;2;66;66;66m██[38;2;66;66;66m██[38;2;66;66;66m██[38;2;66;66;66m██[38;2;66;66;66m██[38;2;66;66;66m██[38;2;66;66;66m██[38;2;66;66;66m██[38;2;66;66;66m██[38;2;2;2;2m██[38;2;66;66;66m██[38;2;66;66;66m██[38;2;66;66;66m██[38;2;40;40;40m██[38;2;114;72;29m██[38;2;255;209;163m██[38;2;114;72;29m██[38;2;114;72;29m██[38;2;198;142;85m██[38;2;255;209;163m██[38;2;198;142;85m██[38;2;2;2;2m██[38;2;91;91;91m██[38;2;91;91;91m██[38;2;40;40;40m██[38;2;91;91;91m██[38;2;91;91;91m██[38;2;91;91;91m██[38;2;91;91;91m██[38;2;91;91;91m██[38;2;91;91;91m██[38;2;91;91;91m██[38;2;91;91;91m██[38;2;91;91;91m██[38;2;91;91;91m██[38;2;91;91;91m██[38;2;66;66;66m██[38;2;91;91;91m██[38;2;91;91;91m██[38;2;91;91;91m██[38;2;91;91;91m██[38;2;91;91;91m██[38;2;40;40;40m██                                      
          [38;2;114;72;29m██[38;2;114;72;29m██      [38;2;114;72;29m██[38;2;114;72;29m██[38;2;76;48;19m██  [38;2;2;2;2m██[38;2;66;66;66m██[38;2;40;40;40m██[38;2;66;66;66m██[38;2;66;66;66m██[38;2;40;40;40m██[38;2;91;91;91m██[38;2;91;91;91m██[38;2;91;91;91m██[38;2;91;91;91m██[38;2;91;91;91m██[38;2;40;40;40m██[38;2;66;66;66m██[38;2;66;66;66m██[38;2;66;66;66m██[38;2;66;66;66m██[38;2;66;66;66m██[38;2;66;66;66m██[38;2;66;66;66m██[38;2;66;66;66m██[38;2;66;66;66m██[38;2;66;66;66m██[38;2;66;66;66m██[38;2;66;66;66m██[38;2;66;66;66m██[38;2;2;2;2m██[38;2;66;66;66m██[38;2;66;66;66m██[38;2;40;40;40m██[38;2;114;72;29m██[38;2;198;142;85m██[38;2;255;209;163m██[38;2;198;142;85m██[38;2;255;209;163m██[38;2;198;142;85m██[38;2;40;40;40m██[38;2;2;2;2m██[38;2;91;91;91m██[38;2;40;40;40m██[38;2;91;91;91m██[38;2;91;91;91m██[38;2;91;91;91m██[38;2;91;91;91m██[38;2;91;91;91m██[38;2;91;91;91m██[38;2;91;91;91m██[38;2;91;91;91m██[38;2;91;91;91m██[38;2;91;91;91m██[38;2;91;91;91m██[38;2;91;91;91m██[38;2;66;66;66m██[38;2;91;91;91m██[38;2;91;91;91m██[38;2;91;91;91m██[38;2;66;66;66m██[38;2;40;40;40m██                                        
        [38;2;114;72;29m██[38;2;255;209;163m██[38;2;216;167;119m██[38;2;76;48;19m██    [38;2;114;72;29m██[38;2;216;167;119m██[38;2;76;48;19m██    [38;2;2;2;2m██[38;2;66;66;66m██[38;2;66;66;66m██[38;2;66;66;66m██[38;2;40;40;40m██[38;2;91;91;91m██[38;2;91;91;91m██[38;2;91;91;91m██[38;2;91;91;91m██[38;2;91;91;91m██[38;2;40;40;40m██[38;2;40;40;40m██[38;2;66;66;66m██[38;2;66;66;66m██[38;2;66;66;66m██[38;2;66;66;66m██[38;2;66;66;66m██[38;2;66;66;66m██[38;2;66;66;66m██[38;2;66;66;66m██[38;2;66;66;66m██[38;2;66;66;66m██[38;2;66;66;66m██[38;2;66;66;66m██[38;2;2;2;2m██[38;2;66;66;66m██[38;2;40;40;40m██[38;2;40;40;40m██[38;2;40;40;40m██[38;2;114;72;29m██[38;2;198;142;85m██[38;2;255;209;163m██[38;2;198;142;85m██[38;2;40;40;40m██[38;2;2;2;2m██[38;2;40;40;40m██[38;2;40;40;40m██[38;2;91;91;91m██[38;2;91;91;91m██[38;2;91;91;91m██[38;2;91;91;91m██[38;2;91;91;91m██[38;2;91;91;91m██[38;2;91;91;91m██[38;2;91;91;91m██[38;2;91;91;91m██[38;2;91;91;91m██[38;2;91;91;91m██[38;2;91;91;91m██[38;2;91;91;91m██[38;2;40;40;40m██[38;2;91;91;91m██[38;2;91;91;91m██[38;2;66;66;66m██[38;2;40;40;40m██                                          
        [38;2;114;72;29m██[38;2;114;72;29m██[38;2;76;48;19m██    [38;2;114;72;29m██[38;2;216;167;119m██[38;2;255;209;163m██[38;2;76;48;19m██      [38;2;2;2;2m██[38;2;66;66;66m██[38;2;2;2;2m██[38;2;91;91;91m██[38;2;91;91;91m██[38;2;91;91;91m██[38;2;2;2;2m██[38;2;2;2;2m██[38;2;40;40;40m██[38;2;40;40;40m██[38;2;40;40;40m██[38;2;40;40;40m██[38;2;40;40;40m██[38;2;66;66;66m██[38;2;66;66;66m██[38;2;66;66;66m██[38;2;66;66;66m██[38;2;66;66;66m██[38;2;66;66;66m██[38;2;66;66;66m██[38;2;66;66;66m██[38;2;66;66;66m██[38;2;66;66;66m██[38;2;2;2;2m██[38;2;40;40;40m██[38;2;40;40;40m██[38;2;40;40;40m██[38;2;2;2;2m██[38;2;2;2;2m██[38;2;2;2;2m██[38;2;2;2;2m██[38;2;2;2;2m██[38;2;2;2;2m██[38;2;2;2;2m██[38;2;40;40;40m██[38;2;66;66;66m██[38;2;91;91;91m██[38;2;91;91;91m██[38;2;91;91;91m██[38;2;91;91;91m██[38;2;91;91;91m██[38;2;91;91;91m██[38;2;91;91;91m██[38;2;91;91;91m██[38;2;91;91;91m██[38;2;91;91;91m██[38;2;91;91;91m██[38;2;91;91;91m██[38;2;91;91;91m██[38;2;40;40;40m██[38;2;66;66;66m██[38;2;40;40;40m██                                              
                  [38;2;114;72;29m██[38;2;216;167;119m██[38;2;255;209;163m██[38;2;76;48;19m██        [38;2;2;2;2m██[38;2;2;2;2m██[38;2;91;91;91m██[38;2;2;2;2m██[38;2;2;2;2m██[38;2;40;40;40m██[38;2;40;40;40m██[38;2;40;40;40m██[38;2;40;40;40m██[38;2;40;40;40m██[38;2;2;2;2m██[38;2;66;66;66m██[38;2;40;40;40m██[38;2;66;66;66m██[38;2;66;66;66m██[38;2;66;66;66m██[38;2;66;66;66m██[38;2;66;66;66m██[38;2;66;66;66m██[38;2;66;66;66m██[38;2;66;66;66m██[38;2;66;66;66m██[38;2;40;40;40m██[38;2;2;2;2m██[38;2;40;40;40m██[38;2;40;40;40m██[38;2;2;2;2m██[38;2;40;40;40m██[38;2;40;40;40m██[38;2;40;40;40m██[38;2;2;2;2m██[38;2;40;40;40m██[38;2;40;40;40m██[38;2;66;66;66m██[38;2;66;66;66m██[38;2;66;66;66m██[38;2;66;66;66m██[38;2;91;91;91m██[38;2;91;91;91m██[38;2;91;91;91m██[38;2;91;91;91m██[38;2;91;91;91m██[38;2;91;91;91m██[38;2;66;66;66m██[38;2;66;66;66m██[38;2;66;66;66m██[38;2;66;66;66m██[38;2;40;40;40m██[38;2;40;40;40m██[38;2;40;40;40m██                                                
      [38;2;114;72;29m██[38;2;114;72;29m██      [38;2;114;72;29m██[38;2;216;167;119m██[38;2;255;209;163m██[38;2;255;209;163m██[38;2;76;48;19m██          [38;2;2;2;2m██[38;2;2;2;2m██[38;2;40;40;40m██[38;2;40;40;40m██[38;2;40;40;40m██[38;2;40;40;40m██[38;2;40;40;40m██[38;2;40;40;40m██[38;2;40;40;40m██[38;2;2;2;2m██[38;2;66;66;66m██[38;2;40;40;40m██[38;2;40;40;40m██[38;2;66;66;66m██[38;2;66;66;66m██[38;2;66;66;66m██[38;2;66;66;66m██[38;2;66;66;66m██[38;2;66;66;66m██[38;2;66;66;66m██[38;2;2;2;2m██[38;2;40;40;40m██[38;2;2;2;2m██[38;2;2;2;2m██[38;2;2;2;2m██[38;2;40;40;40m██[38;2;40;40;40m██[38;2;2;2;2m██[38;2;2;2;2m██[38;2;2;2;2m██[38;2;2;2;2m██[38;2;2;2;2m██[38;2;2;2;2m██[38;2;2;2;2m██[38;2;2;2;2m██[38;2;2;2;2m██[38;2;40;40;40m██[38;2;40;40;40m██[38;2;40;40;40m██[38;2;40;40;40m██[38;2;66;66;66m██[38;2;66;66;66m██                                                              
    [38;2;114;72;29m██[38;2;216;167;119m██[38;2;114;72;29m██      [38;2;114;72;29m██[38;2;216;167;119m██[38;2;255;209;163m██[38;2;216;167;119m██[38;2;76;48;19m██          [38;2;2;2;2m██[38;2;40;40;40m██[38;2;40;40;40m██[38;2;40;40;40m██[38;2;40;40;40m██[38;2;40;40;40m██[38;2;40;40;40m██[38;2;40;40;40m██[38;2;40;40;40m██[38;2;40;40;40m██[38;2;40;40;40m██[38;2;40;40;40m██[38;2;40;40;40m██[38;2;66;66;66m██[38;2;66;66;66m██[38;2;66;66;66m██[38;2;66;66;66m██[38;2;66;66;66m██[38;2;40;40;40m██[38;2;40;40;40m██[38;2;2;2;2m██[38;2;40;40;40m██[38;2;2;2;2m██[38;2;2;2;2m██[38;2;2;2;2m██[38;2;2;2;2m██[38;2;2;2;2m██[38;2;2;2;2m██                                                                                          
    [38;2;114;72;29m██[38;2;216;167;119m██[38;2;76;48;19m██    [38;2;114;72;29m██[38;2;216;167;119m██[38;2;216;167;119m██[38;2;255;209;163m██[38;2;114;72;29m██[38;2;114;72;29m██[38;2;114;72;29m██[38;2;114;72;29m██        [38;2;2;2;2m██[38;2;2;2;2m██[38;2;2;2;2m██[38;2;2;2;2m██[38;2;2;2;2m██[38;2;2;2;2m██[38;2;2;2;2m██[38;2;2;2;2m██[38;2;40;40;40m██[38;2;40;40;40m██[38;2;40;40;40m██[38;2;66;66;66m██[38;2;2;2;2m██[38;2;66;66;66m██[38;2;66;66;66m██[38;2;40;40;40m██[38;2;40;40;40m██[38;2;40;40;40m██[38;2;40;40;40m██[38;2;40;40;40m██[38;2;2;2;2m██[38;2;40;40;40m██[38;2;2;2;2m██                                                                                                  
      [38;2;76;48;19m██[38;2;76;48;19m██    [38;2;114;72;29m██[38;2;216;167;119m██[38;2;216;167;119m██[38;2;216;167;119m██[38;2;114;72;29m██[38;2;255;209;163m██[38;2;216;167;119m██[38;2;198;142;85m██[38;2;76;48;19m██    [38;2;40;40;40m██[38;2;91;91;91m██[38;2;91;91;91m██[38;2;91;91;91m██[38;2;117;117;117m██[38;2;66;66;66m██[38;2;66;66;66m██[38;2;66;66;66m██[38;2;66;66;66m██[38;2;2;2;2m██[38;2;2;2;2m██[38;2;66;66;66m██[38;2;40;40;40m██[38;2;40;40;40m██[38;2;2;2;2m██[38;2;2;2;2m██[38;2;40;40;40m██[38;2;40;40;40m██[38;2;40;40;40m██[38;2;66;66;66m██[38;2;66;66;66m██[38;2;66;66;66m██[38;2;2;2;2m██[38;2;2;2;2m██                                                                                                  
              [38;2;114;72;29m██[38;2;255;209;163m██[38;2;216;167;119m██[38;2;216;167;119m██[38;2;76;48;19m██[38;2;114;72;29m██[38;2;76;48;19m██[38;2;76;48;19m██[38;2;76;48;19m██  [38;2;40;40;40m██[38;2;91;91;91m██[38;2;91;91;91m██[38;2;91;91;91m██[38;2;91;91;91m██[38;2;91;91;91m██[38;2;117;117;117m██[38;2;66;66;66m██[38;2;66;66;66m██[38;2;66;66;66m██[38;2;66;66;66m██[38;2;66;66;66m██[38;2;2;2;2m██[38;2;40;40;40m██[38;2;40;40;40m██[38;2;40;40;40m██[38;2;40;40;40m██[38;2;40;40;40m██[38;2;40;40;40m██[38;2;66;66;66m██[38;2;66;66;66m██[38;2;91;91;91m██[38;2;91;91;91m██[38;2;66;66;66m██[38;2;66;66;66m██[38;2;2;2;2m██                                                                                                
            [38;2;114;72;29m██[38;2;216;167;119m██[38;2;255;209;163m██[38;2;255;209;163m██[38;2;198;142;85m██[38;2;76;48;19m██        [38;2;40;40;40m██[38;2;91;91;91m██[38;2;91;91;91m██[38;2;91;91;91m██[38;2;91;91;91m██[38;2;91;91;91m██[38;2;91;91;91m██[38;2;117;117;117m██[38;2;117;117;117m██[38;2;66;66;66m██[38;2;66;66;66m██[38;2;66;66;66m██[38;2;66;66;66m██[38;2;2;2;2m██[38;2;40;40;40m██[38;2;40;40;40m██[38;2;40;40;40m██[38;2;40;40;40m██[38;2;40;40;40m██[38;2;66;66;66m██[38;2;66;66;66m██[38;2;66;66;66m██[38;2;91;91;91m██[38;2;91;91;91m██[38;2;91;91;91m██[38;2;91;91;91m██[38;2;66;66;66m██[38;2;2;2;2m██                                                                                              
            [38;2;114;72;29m██[38;2;216;167;119m██[38;2;216;167;119m██[38;2;255;209;163m██[38;2;76;48;19m██          [38;2;40;40;40m██[38;2;91;91;91m██[38;2;91;91;91m██[38;2;91;91;91m██[38;2;91;91;91m██[38;2;91;91;91m██[38;2;91;91;91m██[38;2;91;91;91m██[38;2;117;117;117m██[38;2;66;66;66m██[38;2;40;40;40m██[38;2;2;2;2m██[38;2;2;2;2m██[38;2;2;2;2m██[38;2;2;2;2m██[38;2;40;40;40m██[38;2;40;40;40m██[38;2;40;40;40m██[38;2;40;40;40m██[38;2;66;66;66m██[38;2;91;91;91m██[38;2;91;91;91m██[38;2;66;66;66m██[38;2;91;91;91m██[38;2;91;91;91m██[38;2;91;91;91m██[38;2;91;91;91m██[38;2;91;91;91m██[38;2;2;2;2m██                              [38;2;104;58;112m██[38;2;67;29;73m██                                                          
              [38;2;76;48;19m██[38;2;198;142;85m██[38;2;216;167;119m██[38;2;76;48;19m██        [38;2;40;40;40m██[38;2;91;91;91m██[38;2;91;91;91m██[38;2;91;91;91m██[38;2;91;91;91m██[38;2;91;91;91m██[38;2;91;91;91m██[38;2;91;91;91m██[38;2;91;91;91m██[38;2;117;117;117m██[38;2;40;40;40m██[38;2;34;104;27m██[38;2;34;104;27m██[38;2;34;104;27m██[38;2;156;226;149m██[38;2;77;168;67m██[38;2;40;40;40m██[38;2;40;40;40m██[38;2;2;2;2m██[38;2;66;66;66m██[38;2;66;66;66m██[38;2;66;66;66m██[38;2;91;91;91m██[38;2;91;91;91m██[38;2;91;91;91m██[38;2;91;91;91m██[38;2;91;91;91m██[38;2;91;91;91m██[38;2;66;66;66m██[38;2;66;66;66m██[38;2;2;2;2m██                          [38;2;104;58;112m██[38;2;201;141;211m██[38;2;67;29;73m██                                                          
                [38;2;76;48;19m██[38;2;76;48;19m██[38;2;76;48;19m██        [38;2;40;40;40m██[38;2;91;91;91m██[38;2;91;91;91m██[38;2;91;91;91m██[38;2;91;91;91m██[38;2;91;91;91m██[38;2;91;91;91m██[38;2;91;91;91m██[38;2;91;91;91m██[38;2;91;91;91m██[38;2;40;40;40m██[38;2;34;104;27m██[38;2;77;168;67m██[38;2;156;226;149m██[38;2;77;168;67m██[38;2;156;226;149m██[38;2;2;2;2m██[38;2;40;40;40m██[38;2;2;2;2m██[38;2;66;66;66m██[38;2;66;66;66m██[38;2;66;66;66m██[38;2;66;66;66m██[38;2;91;91;91m██[38;2;91;91;91m██[38;2;91;91;91m██[38;2;66;66;66m██[38;2;91;91;91m██[38;2;91;91;91m██[38;2;66;66;66m██[38;2;144;54;123m██[38;2;144;54;123m██                      [38;2;104;58;112m██[38;2;150;93;160m██[38;2;67;29;73m██    [38;2;104;58;112m██[38;2;104;58;112m██[38;2;104;58;112m██    [38;2;104;58;112m██[38;2;104;58;112m██[38;2;104;58;112m██                                        
                              [38;2;40;40;40m██[38;2;91;91;91m██[38;2;40;40;40m██[38;2;40;40;40m██[38;2;40;40;40m██[38;2;40;40;40m██[38;2;91;91;91m██[38;2;91;91;91m██[38;2;91;91;91m██[38;2;66;66;66m██[38;2;2;2;2m██[38;2;77;168;67m██[38;2;156;226;149m██[38;2;77;168;67m██[38;2;34;104;27m██[38;2;156;226;149m██[38;2;2;2;2m██[38;2;2;2;2m██[38;2;2;2;2m██[38;2;40;40;40m██[38;2;66;66;66m██[38;2;66;66;66m██[38;2;66;66;66m██[38;2;66;66;66m██[38;2;91;91;91m██[38;2;91;91;91m██[38;2;91;91;91m██[38;2;66;66;66m██[38;2;66;66;66m██[38;2;91;91;91m██[38;2;238;146;217m██[38;2;238;146;217m██[38;2;144;54;123m██                    [38;2;67;29;73m██[38;2;67;29;73m██    [38;2;104;58;112m██[38;2;201;141;211m██[38;2;201;141;211m██[38;2;229;184;237m██[38;2;104;58;112m██  [38;2;104;58;112m██[38;2;201;141;211m██[38;2;150;93;160m██[38;2;67;29;73m██                                      
                              [38;2;2;2;2m██[38;2;40;40;40m██[38;2;40;40;40m██[38;2;40;40;40m██[38;2;40;40;40m██[38;2;40;40;40m██[38;2;2;2;2m██[38;2;2;2;2m██[38;2;91;91;91m██[38;2;66;66;66m██[38;2;2;2;2m██[38;2;77;168;67m██[38;2;156;226;149m██[38;2;34;104;27m██[38;2;34;104;27m██[38;2;156;226;149m██[38;2;2;2;2m██[38;2;2;2;2m██[38;2;2;2;2m██[38;2;2;2;2m██[38;2;2;2;2m██[38;2;40;40;40m██[38;2;66;66;66m██[38;2;66;66;66m██[38;2;40;40;40m██[38;2;91;91;91m██[38;2;91;91;91m██[38;2;66;66;66m██[38;2;101;163;253m██[38;2;101;163;253m██[38;2;101;163;253m██[38;2;243;205;117m██[38;2;238;146;217m██[38;2;144;54;123m██                        [38;2;104;58;112m██[38;2;201;141;211m██[38;2;201;141;211m██[38;2;229;184;237m██[38;2;229;184;237m██[38;2;229;184;237m██[38;2;104;58;112m██  [38;2;67;29;73m██[38;2;67;29;73m██[38;2;67;29;73m██                                      
                              [38;2;2;2;2m██[38;2;40;40;40m██[38;2;40;40;40m██[38;2;40;40;40m██[38;2;40;40;40m██[38;2;40;40;40m██[38;2;40;40;40m██[38;2;40;40;40m██[38;2;2;2;2m██[38;2;66;66;66m██[38;2;2;2;2m██[38;2;77;168;67m██[38;2;156;226;149m██[38;2;34;104;27m██[38;2;77;168;67m██[38;2;77;168;67m██[38;2;2;2;2m██[38;2;2;2;2m██[38;2;2;2;2m██    [38;2;2;2;2m██[38;2;2;2;2m██[38;2;66;66;66m██[38;2;66;66;66m██[38;2;40;40;40m██[38;2;185;133;55m██[38;2;66;66;66m██[38;2;66;66;66m██[38;2;101;163;253m██[38;2;101;163;253m██[38;2;161;198;253m██[38;2;251;246;169m██[38;2;238;146;217m██[38;2;144;54;123m██                    [38;2;104;58;112m██[38;2;201;141;211m██[38;2;201;141;211m██[38;2;229;184;237m██[38;2;229;184;237m██[38;2;229;184;237m██[38;2;201;141;211m██[38;2;201;141;211m██[38;2;104;58;112m██                                            
                              [38;2;2;2;2m██[38;2;40;40;40m██[38;2;40;40;40m██[38;2;40;40;40m██[38;2;40;40;40m██[38;2;2;2;2m██[38;2;2;2;2m██[38;2;2;2;2m██[38;2;2;2;2m██[38;2;2;2;2m██[38;2;2;2;2m██[38;2;2;2;2m██[38;2;77;168;67m██[38;2;77;168;67m██[38;2;77;168;67m██[38;2;34;104;27m██[38;2;2;2;2m██            [38;2;2;2;2m██[38;2;40;40;40m██[38;2;66;66;66m██[38;2;40;40;40m██[38;2;185;133;55m██[38;2;243;205;117m██[38;2;238;146;217m██[38;2;238;146;217m██[38;2;101;163;253m██[38;2;161;198;253m██[38;2;251;246;169m██[38;2;238;146;217m██[38;2;144;54;123m██                  [38;2;104;58;112m██[38;2;201;141;211m██[38;2;229;184;237m██[38;2;229;184;237m██[38;2;229;184;237m██[38;2;201;141;211m██[38;2;201;141;211m██[38;2;201;141;211m██[38;2;229;184;237m██[38;2;104;58;112m██                                          
                              [38;2;2;2;2m██[38;2;40;40;40m██[38;2;40;40;40m██[38;2;2;2;2m██[38;2;2;2;2m██[38;2;91;91;91m██[38;2;91;91;91m██[38;2;91;91;91m██[38;2;91;91;91m██[38;2;91;91;91m██[38;2;91;91;91m██[38;2;91;91;91m██[38;2;2;2;2m██[38;2;77;168;67m██[38;2;34;104;27m██[38;2;2;2;2m██                [38;2;2;2;2m██[38;2;2;2;2m██[38;2;2;2;2m██[38;2;101;163;253m██[38;2;243;205;117m██[38;2;243;205;117m██[38;2;251;246;169m██[38;2;238;146;217m██[38;2;161;198;253m██[38;2;161;198;253m██[38;2;251;246;169m██[38;2;238;146;217m██[38;2;144;54;123m██                [38;2;104;58;112m██[38;2;229;184;237m██[38;2;229;184;237m██[38;2;229;184;237m██[38;2;201;141;211m██[38;2;201;141;211m██[38;2;201;141;211m██[38;2;229;184;237m██[38;2;229;184;237m██[38;2;201;141;211m██[38;2;104;58;112m██                                        
                              [38;2;2;2;2m██[38;2;40;40;40m██[38;2;2;2;2m██[38;2;91;91;91m██[38;2;91;91;91m██[38;2;91;91;91m██[38;2;91;91;91m██[38;2;91;91;91m██[38;2;91;91;91m██[38;2;91;91;91m██[38;2;91;91;91m██[38;2;91;91;91m██[38;2;91;91;91m██[38;2;2;2;2m██[38;2;2;2;2m██                [38;2;40;40;40m██[38;2;91;91;91m██[38;2;2;2;2m██[38;2;40;40;40m██[38;2;36;90;132m██[38;2;101;163;253m██[38;2;243;205;117m██[38;2;243;205;117m██[38;2;251;246;169m██[38;2;238;146;217m██[38;2;161;198;253m██[38;2;161;198;253m██[38;2;252;252;252m██[38;2;238;146;217m██[38;2;144;54;123m██              [38;2;67;29;73m██[38;2;201;141;211m██[38;2;229;184;237m██[38;2;201;141;211m██[38;2;201;141;211m██[38;2;201;141;211m██[38;2;229;184;237m██[38;2;229;184;237m██[38;2;201;141;211m██[38;2;201;141;211m██[38;2;67;29;73m██                                        
                                [38;2;2;2;2m██[38;2;91;91;91m██[38;2;91;91;91m██[38;2;91;91;91m██[38;2;91;91;91m██[38;2;91;91;91m██[38;2;91;91;91m██[38;2;91;91;91m██[38;2;91;91;91m██[38;2;91;91;91m██[38;2;91;91;91m██[38;2;91;91;91m██[38;2;40;40;40m██[38;2;2;2;2m██[38;2;2;2;2m██[38;2;2;2;2m██    [38;2;40;40;40m██[38;2;40;40;40m██[38;2;40;40;40m██  [38;2;40;40;40m██[38;2;91;91;91m██[38;2;36;90;132m██[38;2;36;90;132m██[38;2;36;90;132m██[38;2;36;90;132m██[38;2;36;90;132m██[38;2;36;90;132m██[38;2;185;133;55m██[38;2;254;172;235m██[38;2;238;146;217m██[38;2;161;198;253m██[38;2;251;246;169m██[38;2;252;252;252m██[38;2;144;54;123m██                [38;2;104;58;112m██[38;2;104;58;112m██[38;2;201;141;211m██[38;2;201;141;211m██[38;2;229;184;237m██[38;2;229;184;237m██[38;2;201;141;211m██[38;2;201;141;211m██[38;2;104;58;112m██                                          
                              [38;2;40;40;40m██[38;2;117;117;117m██[38;2;66;66;66m██[38;2;91;91;91m██[38;2;91;91;91m██[38;2;91;91;91m██[38;2;91;91;91m██[38;2;91;91;91m██[38;2;91;91;91m██[38;2;91;91;91m██[38;2;91;91;91m██[38;2;91;91;91m██[38;2;40;40;40m██[38;2;66;66;66m██[38;2;66;66;66m██[38;2;66;66;66m██[38;2;40;40;40m██[38;2;40;40;40m██[38;2;2;2;2m██[38;2;2;2;2m██[38;2;36;90;132m██[38;2;36;90;132m██[38;2;36;90;132m██[38;2;36;90;132m██[38;2;36;90;132m██[38;2;161;198;253m██[38;2;161;198;253m██[38;2;161;198;253m██[38;2;252;252;252m██[38;2;252;252;252m██[38;2;251;246;169m██[38;2;185;133;55m██[38;2;243;205;117m██[38;2;254;172;235m██[38;2;251;246;169m██[38;2;161;198;253m██[38;2;251;246;169m██[38;2;252;252;252m██[38;2;144;54;123m██            [38;2;104;58;112m██[38;2;201;141;211m██[38;2;201;141;211m██[38;2;67;29;73m██[38;2;229;184;237m██[38;2;229;184;237m██[38;2;201;141;211m██[38;2;201;141;211m██[38;2;201;141;211m██[38;2;67;29;73m██                                          
                              [38;2;40;40;40m██[38;2;117;117;117m██[38;2;91;91;91m██[38;2;66;66;66m██[38;2;91;91;91m██[38;2;91;91;91m██[38;2;91;91;91m██[38;2;91;91;91m██[38;2;91;91;91m██[38;2;91;91;91m██[38;2;91;91;91m██[38;2;91;91;91m██[38;2;40;40;40m██[38;2;66;66;66m██[38;2;66;66;66m██[38;2;66;66;66m██[38;2;91;91;91m██[38;2;91;91;91m██[38;2;91;91;91m██[38;2;40;40;40m██[38;2;36;90;132m██[38;2;101;163;253m██[38;2;161;198;253m██[38;2;161;198;253m██[38;2;161;198;253m██[38;2;251;246;169m██[38;2;252;252;252m██[38;2;252;252;252m██[38;2;252;252;252m██[38;2;243;205;117m██[38;2;243;205;117m██[38;2;185;133;55m██[38;2;101;163;253m██[38;2;243;205;117m██[38;2;254;172;235m██[38;2;251;246;169m██[38;2;161;198;253m██[38;2;251;246;169m██[38;2;251;246;169m██[38;2;144;54;123m██        [38;2;104;58;112m██[38;2;201;141;211m██[38;2;201;141;211m██[38;2;150;93;160m██[38;2;67;29;73m██[38;2;201;141;211m██[38;2;201;141;211m██[38;2;201;141;211m██[38;2;201;141;211m██[38;2;104;58;112m██                                            
                            [38;2;40;40;40m██[38;2;40;40;40m██[38;2;91;91;91m██[38;2;91;91;91m██[38;2;91;91;91m██[38;2;40;40;40m██[38;2;40;40;40m██[38;2;40;40;40m██[38;2;2;2;2m██[38;2;2;2;2m██[38;2;2;2;2m██[38;2;91;91;91m██[38;2;40;40;40m██[38;2;66;66;66m██[38;2;66;66;66m██[38;2;91;91;91m██[38;2;91;91;91m██[38;2;91;91;91m██[38;2;91;91;91m██[38;2;66;66;66m██[38;2;66;66;66m██[38;2;101;163;253m██[38;2;101;163;253m██[38;2;243;205;117m██[38;2;251;246;169m██[38;2;251;246;169m██[38;2;251;246;169m██[38;2;243;205;117m██[38;2;243;205;117m██[38;2;243;205;117m██[38;2;185;133;55m██[38;2;185;133;55m██  [38;2;36;90;132m██[38;2;101;163;253m██[38;2;243;205;117m██[38;2;254;172;235m██[38;2;251;246;169m██[38;2;161;198;253m██[38;2;252;252;252m██[38;2;161;198;253m██[38;2;144;54;123m██        [38;2;67;29;73m██[38;2;67;29;73m██[38;2;104;58;112m██[38;2;104;58;112m██[38;2;150;93;160m██[38;2;201;141;211m██[38;2;201;141;211m██[38;2;150;93;160m██[38;2;67;29;73m██                                            
                        [38;2;40;40;40m██[38;2;40;40;40m██[38;2;91;91;91m██[38;2;40;40;40m██[38;2;91;91;91m██[38;2;91;91;91m██[38;2;40;40;40m██[38;2;40;40;40m██[38;2;40;40;40m██[38;2;40;40;40m██[38;2;40;40;40m██[38;2;40;40;40m██[38;2;40;40;40m██[38;2;2;2;2m██[38;2;2;2;2m██[38;2;66;66;66m██[38;2;66;66;66m██[38;2;66;66;66m██[38;2;66;66;66m██[38;2;66;66;66m██[38;2;66;66;66m██[38;2;40;40;40m██[38;2;40;40;40m██[38;2;66;66;66m██[38;2;243;205;117m██[38;2;243;205;117m██[38;2;238;146;217m██[38;2;238;146;217m██[38;2;238;146;217m██[38;2;144;54;123m██[38;2;144;54;123m██[38;2;144;54;123m██        [38;2;36;90;132m██[38;2;101;163;253m██[38;2;243;205;117m██[38;2;254;172;235m██[38;2;252;252;252m██[38;2;252;252;252m██[38;2;252;252;252m██[38;2;104;58;112m██            [38;2;67;29;73m██[38;2;67;29;73m██[38;2;67;29;73m██[38;2;67;29;73m██[38;2;67;29;73m██[38;2;67;29;73m██                                              
                  [38;2;40;40;40m██[38;2;40;40;40m██[38;2;40;40;40m██[38;2;91;91;91m██[38;2;117;117;117m██[38;2;117;117;117m██[38;2;66;66;66m██[38;2;91;91;91m██[38;2;40;40;40m██[38;2;40;40;40m██[38;2;40;40;40m██[38;2;40;40;40m██[38;2;40;40;40m██[38;2;40;40;40m██[38;2;40;40;40m██[38;2;40;40;40m██[38;2;40;40;40m██[38;2;40;40;40m██[38;2;2;2;2m██[38;2;66;66;66m██[38;2;66;66;66m██[38;2;66;66;66m██[38;2;66;66;66m██[38;2;66;66;66m██[38;2;66;66;66m██[38;2;66;66;66m██[38;2;40;40;40m██[38;2;238;146;217m██[38;2;238;146;217m██[38;2;144;54;123m██[38;2;144;54;123m██[38;2;144;54;123m██[38;2;122;40;40m██[38;2;122;40;40m██            [38;2;185;133;55m██[38;2;243;205;117m██[38;2;243;205;117m██[38;2;254;172;235m██[38;2;254;172;235m██[38;2;254;172;235m██[38;2;144;54;123m██                                                                      
            [38;2;185;133;55m██[38;2;185;133;55m██[38;2;36;90;132m██[38;2;36;90;132m██[38;2;91;91;91m██[38;2;91;91;91m██[38;2;91;91;91m██[38;2;91;91;91m██[38;2;91;91;91m██[38;2;66;66;66m██[38;2;91;91;91m██[38;2;40;40;40m██[38;2;40;40;40m██[38;2;40;40;40m██[38;2;40;40;40m██[38;2;40;40;40m██[38;2;40;40;40m██[38;2;40;40;40m██[38;2;2;2;2m██[38;2;2;2;2m██[38;2;2;2;2m██[38;2;2;2;2m██[38;2;40;40;40m██[38;2;40;40;40m██[38;2;40;40;40m██[38;2;40;40;40m██[38;2;40;40;40m██[38;2;40;40;40m██[38;2;40;40;40m██[38;2;2;2;2m██[38;2;144;54;123m██[38;2;144;54;123m██[38;2;122;40;40m██[38;2;157;53;53m██[38;2;221;85;85m██[38;2;252;114;114m██[38;2;122;40;40m██              [38;2;185;133;55m██[38;2;185;133;55m██[38;2;144;54;123m██[38;2;144;54;123m██[38;2;144;54;123m██[38;2;144;54;123m██                                                                      
      [38;2;185;133;55m██[38;2;185;133;55m██[38;2;185;133;55m██[38;2;251;246;169m██[38;2;251;246;169m██[38;2;101;163;253m██[38;2;101;163;253m██[38;2;66;66;66m██[38;2;66;66;66m██[38;2;66;66;66m██[38;2;66;66;66m██[38;2;66;66;66m██[38;2;66;66;66m██[38;2;2;2;2m██[38;2;40;40;40m██[38;2;40;40;40m██[38;2;40;40;40m██[38;2;40;40;40m██[38;2;40;40;40m██[38;2;2;2;2m██[38;2;2;2;2m██[38;2;66;66;66m██[38;2;66;66;66m██[38;2;66;66;66m██[38;2;66;66;66m██[38;2;2;2;2m██[38;2;2;2;2m██[38;2;2;2;2m██[38;2;2;2;2m██[38;2;2;2;2m██[38;2;2;2;2m██[38;2;2;2;2m██[38;2;221;85;85m██[38;2;221;85;85m██[38;2;122;40;40m██[38;2;221;85;85m██[38;2;221;85;85m██[38;2;122;40;40m██[38;2;122;40;40m██[38;2;185;133;55m██[38;2;185;133;55m██[38;2;185;133;55m██                                                                                            
  [38;2;185;133;55m██[38;2;185;133;55m██[38;2;251;246;169m██[38;2;252;252;252m██[38;2;252;252;252m██[38;2;252;252;252m██[38;2;252;252;252m██[38;2;161;198;253m██[38;2;161;198;253m██[38;2;101;163;253m██[38;2;40;40;40m██[38;2;66;66;66m██[38;2;66;66;66m██[38;2;40;40;40m██[38;2;40;40;40m██[38;2;40;40;40m██[38;2;2;2;2m██[38;2;40;40;40m██[38;2;40;40;40m██[38;2;2;2;2m██[38;2;2;2;2m██[38;2;66;66;66m██[38;2;66;66;66m██[38;2;66;66;66m██[38;2;66;66;66m██[38;2;66;66;66m██[38;2;66;66;66m██[38;2;66;66;66m██[38;2;2;2;2m██[38;2;2;2;2m██[38;2;2;2;2m██[38;2;157;53;53m██[38;2;157;53;53m██[38;2;221;85;85m██[38;2;221;85;85m██[38;2;252;114;114m██[38;2;221;85;85m██[38;2;122;40;40m██[38;2;122;40;40m██[38;2;144;54;123m██[38;2;185;133;55m██[38;2;252;252;252m██[38;2;251;246;169m██[38;2;185;133;55m██                                                                                            
[38;2;144;54;123m██[38;2;254;172;235m██[38;2;254;172;235m██[38;2;252;252;252m██[38;2;252;252;252m██[38;2;161;198;253m██[38;2;161;198;253m██[38;2;101;163;253m██[38;2;101;163;253m██[38;2;238;146;217m██[38;2;238;146;217m██[38;2;144;54;123m██[38;2;40;40;40m██[38;2;40;40;40m██[38;2;40;40;40m██[38;2;2;2;2m██[38;2;2;2;2m██[38;2;2;2;2m██[38;2;40;40;40m██[38;2;40;40;40m██[38;2;2;2;2m██[38;2;40;40;40m██[38;2;66;66;66m██[38;2;66;66;66m██[38;2;66;66;66m██[38;2;66;66;66m██[38;2;66;66;66m██[38;2;66;66;66m██[38;2;66;66;66m██[38;2;40;40;40m██[38;2;2;2;2m██[38;2;2;2;2m██[38;2;157;53;53m██[38;2;221;85;85m██[38;2;221;85;85m██[38;2;252;114;114m██[38;2;252;114;114m██[38;2;221;85;85m██[38;2;38;5;5m██[38;2;144;54;123m██[38;2;254;172;235m██[38;2;252;252;252m██[38;2;251;246;169m██[38;2;254;172;235m██[38;2;36;90;132m██                                                                                            
[38;2;144;54;123m██[38;2;144;54;123m██[38;2;254;172;235m██[38;2;161;198;253m██[38;2;161;198;253m██[38;2;243;205;117m██[38;2;243;205;117m██[38;2;243;205;117m██[38;2;238;146;217m██[38;2;144;54;123m██[38;2;144;54;123m██[38;2;2;2;2m██[38;2;2;2;2m██[38;2;2;2;2m██[38;2;2;2;2m██    [38;2;2;2;2m██[38;2;40;40;40m██[38;2;2;2;2m██[38;2;150;93;160m██[38;2;150;93;160m██[38;2;66;66;66m██[38;2;66;66;66m██[38;2;66;66;66m██[38;2;66;66;66m██[38;2;66;66;66m██[38;2;66;66;66m██[38;2;66;66;66m██[38;2;2;2;2m██[38;2;40;40;40m██[38;2;2;2;2m██[38;2;221;85;85m██[38;2;221;85;85m██[38;2;252;114;114m██[38;2;252;114;114m██[38;2;252;114;114m██[38;2;221;85;85m██[38;2;144;54;123m██[38;2;238;146;217m██[38;2;252;252;252m██[38;2;251;246;169m██[38;2;254;172;235m██[38;2;36;90;132m██                                                                                              
    [38;2;144;54;123m██[38;2;144;54;123m██[38;2;185;133;55m██[38;2;185;133;55m██[38;2;185;133;55m██[38;2;185;133;55m██[38;2;185;133;55m██                  [38;2;2;2;2m██[38;2;104;58;112m██[38;2;201;141;211m██[38;2;201;141;211m██[38;2;150;93;160m██[38;2;66;66;66m██[38;2;66;66;66m██[38;2;66;66;66m██[38;2;66;66;66m██[38;2;66;66;66m██[38;2;66;66;66m██[38;2;2;2;2m██[38;2;40;40;40m██[38;2;2;2;2m██[38;2;38;5;5m██[38;2;157;53;53m██[38;2;252;114;114m██[38;2;252;114;114m██[38;2;221;85;85m██[38;2;144;54;123m██[38;2;238;146;217m██[38;2;251;246;169m██[38;2;243;205;117m██[38;2;238;146;217m██[38;2;36;90;132m██                                                                                                
                                      [38;2;104;58;112m██[38;2;201;141;211m██[38;2;104;58;112m██[38;2;201;141;211m██[38;2;150;93;160m██[38;2;66;66;66m██[38;2;66;66;66m██[38;2;66;66;66m██[38;2;66;66;66m██[38;2;2;2;2m██[38;2;2;2;2m██[38;2;40;40;40m██[38;2;40;40;40m██[38;2;2;2;2m██[38;2;38;5;5m██[38;2;38;5;5m██[38;2;221;85;85m██[38;2;2;2;2m██[38;2;238;146;217m██[38;2;243;205;117m██[38;2;243;205;117m██[38;2;238;146;217m██[38;2;101;163;253m██[38;2;36;90;132m██                                                                                                
                                      [38;2;104;58;112m██[38;2;201;141;211m██[38;2;104;58;112m██[38;2;104;58;112m██[38;2;201;141;211m██[38;2;40;40;40m██[38;2;66;66;66m██[38;2;2;2;2m██[38;2;2;2;2m██[38;2;40;40;40m██[38;2;40;40;40m██[38;2;2;2;2m██[38;2;40;40;40m██[38;2;2;2;2m██    [38;2;2;2;2m██[38;2;40;40;40m██[38;2;238;146;217m██[38;2;238;146;217m██[38;2;238;146;217m██[38;2;101;163;253m██[38;2;36;90;132m██                                                                                                  
                                        [38;2;40;40;40m██[38;2;201;141;211m██[38;2;104;58;112m██[38;2;201;141;211m██[38;2;40;40;40m██[38;2;40;40;40m██[38;2;40;40;40m██[38;2;40;40;40m██[38;2;40;40;40m██[38;2;40;40;40m██[38;2;2;2;2m██[38;2;40;40;40m██[38;2;2;2;2m██[38;2;2;2;2m██[38;2;2;2;2m██[38;2;66;66;66m██[38;2;66;66;66m██[38;2;40;40;40m██[38;2;238;146;217m██[38;2;101;163;253m██[38;2;36;90;132m██                                                                                                    
                                        [38;2;40;40;40m██[38;2;150;93;160m██[38;2;201;141;211m██[38;2;201;141;211m██[38;2;40;40;40m██[38;2;40;40;40m██[38;2;40;40;40m██[38;2;40;40;40m██[38;2;40;40;40m██[38;2;40;40;40m██[38;2;40;40;40m██[38;2;2;2;2m██[38;2;40;40;40m██[38;2;40;40;40m██[38;2;66;66;66m██[38;2;66;66;66m██[38;2;66;66;66m██[38;2;66;66;66m██[38;2;66;66;66m██[38;2;2;2;2m██                                                                                                      
                                          [38;2;40;40;40m██[38;2;104;58;112m██[38;2;150;93;160m██[38;2;40;40;40m██[38;2;40;40;40m██[38;2;40;40;40m██[38;2;40;40;40m██[38;2;40;40;40m██[38;2;40;40;40m██[38;2;2;2;2m██[38;2;66;66;66m██[38;2;66;66;66m██[38;2;66;66;66m██[38;2;40;40;40m██[38;2;66;66;66m██[38;2;66;66;66m██[38;2;40;40;40m██[38;2;2;2;2m██                                                                                                        
                                            [38;2;40;40;40m██[38;2;104;58;112m██[38;2;40;40;40m██[38;2;40;40;40m██[38;2;40;40;40m██[38;2;40;40;40m██[38;2;2;2;2m██[38;2;2;2;2m██[38;2;66;66;66m██[38;2;66;66;66m██[38;2;66;66;66m██[38;2;66;66;66m██[38;2;40;40;40m██[38;2;40;40;40m██[38;2;40;40;40m██[38;2;2;2;2m██[38;2;2;2;2m██                                                                                                        
                                              [38;2;2;2;2m██[38;2;2;2;2m██[38;2;2;2;2m██[38;2;2;2;2m██[38;2;2;2;2m██[38;2;66;66;66m██[38;2;66;66;66m██[38;2;66;66;66m██[38;2;66;66;66m██[38;2;66;66;66m██[38;2;66;66;66m██[38;2;40;40;40m██[38;2;40;40;40m██[38;2;40;40;40m██[38;2;2;2;2m██                                                                                                          
                                                  [38;2;2;2;2m██[38;2;66;66;66m██[38;2;66;66;66m██[38;2;40;40;40m██[38;2;40;40;40m██[38;2;66;66;66m██[38;2;66;66;66m██[38;2;2;2;2m██[38;2;2;2;2m██[38;2;40;40;40m██[38;2;40;40;40m██[38;2;40;40;40m██[38;2;2;2;2m██                                                                                                          
                                                  [38;2;2;2;2m██[38;2;66;66;66m██[38;2;40;40;40m██[38;2;91;91;91m██[38;2;66;66;66m██[38;2;66;66;66m██[38;2;2;2;2m██[38;2;40;40;40m██[38;2;40;40;40m██[38;2;2;2;2m██[38;2;40;40;40m██[38;2;2;2;2m██[38;2;2;2;2m██[38;2;2;2;2m██                                                                                                        
                                                    [38;2;2;2;2m██[38;2;40;40;40m██[38;2;91;91;91m██[38;2;66;66;66m██[38;2;2;2;2m██[38;2;40;40;40m██[38;2;40;40;40m██[38;2;40;40;40m██[38;2;2;2;2m██[38;2;40;40;40m██[38;2;2;2;2m██[38;2;91;91;91m██[38;2;91;91;91m██[38;2;2;2;2m██    [38;2;36;90;132m██[38;2;144;54;123m██[38;2;144;54;123m██[38;2;144;54;123m██                                                                                          
                                                  [38;2;2;2;2m██[38;2;2;2;2m██[38;2;91;91;91m██[38;2;66;66;66m██[38;2;40;40;40m██[38;2;40;40;40m██[38;2;40;40;40m██[38;2;40;40;40m██[38;2;40;40;40m██[38;2;40;40;40m██[38;2;2;2;2m██[38;2;91;91;91m██[38;2;91;91;91m██[38;2;40;40;40m██[38;2;66;66;66m██[38;2;2;2;2m██[38;2;36;90;132m██[38;2;101;163;253m██[38;2;101;163;253m██[38;2;254;172;235m██[38;2;254;172;235m██[38;2;144;54;123m██[38;2;144;54;123m██[38;2;144;54;123m██[38;2;144;54;123m██                                                                                  
                                                  [38;2;2;2;2m██[38;2;40;40;40m██[38;2;91;91;91m██[38;2;40;40;40m██[38;2;40;40;40m██[38;2;2;2;2m██[38;2;40;40;40m██[38;2;40;40;40m██[38;2;2;2;2m██[38;2;2;2;2m██[38;2;40;40;40m██[38;2;91;91;91m██[38;2;40;40;40m██[38;2;66;66;66m██[38;2;66;66;66m██[38;2;2;2;2m██[38;2;101;163;253m██[38;2;161;198;253m██[38;2;161;198;253m██[38;2;161;198;253m██[38;2;161;198;253m██[38;2;252;252;252m██[38;2;252;252;252m██[38;2;254;172;235m██[38;2;251;246;169m██[38;2;185;133;55m██[38;2;185;133;55m██[38;2;36;90;132m██[38;2;36;90;132m██                                                                          
                                                [38;2;2;2;2m██[38;2;40;40;40m██[38;2;66;66;66m██[38;2;40;40;40m██[38;2;40;40;40m██[38;2;2;2;2m██[38;2;2;2;2m██[38;2;2;2;2m██[38;2;2;2;2m██[38;2;2;2;2m██[38;2;2;2;2m██[38;2;2;2;2m██[38;2;2;2;2m██[38;2;40;40;40m██[38;2;40;40;40m██[38;2;66;66;66m██[38;2;40;40;40m██[38;2;243;205;117m██[38;2;251;246;169m██[38;2;252;252;252m██[38;2;252;252;252m██[38;2;252;252;252m██[38;2;252;252;252m██[38;2;252;252;252m██[38;2;252;252;252m██[38;2;161;198;253m██[38;2;161;198;253m██[38;2;161;198;253m██[38;2;161;198;253m██[38;2;161;198;253m██[38;2;36;90;132m██[38;2;36;90;132m██[38;2;144;54;123m██[38;2;144;54;123m██                                                                  
                                              [38;2;185;133;55m██[38;2;243;205;117m██[38;2;243;205;117m██[38;2;40;40;40m██[38;2;66;66;66m██[38;2;40;40;40m██[38;2;2;2;2m██    [38;2;2;2;2m██[38;2;122;40;40m██[38;2;221;85;85m██[38;2;157;53;53m██[38;2;122;40;40m██[38;2;2;2;2m██[38;2;2;2;2m██[38;2;40;40;40m██[38;2;2;2;2m██[38;2;238;146;217m██[38;2;238;146;217m██[38;2;238;146;217m██[38;2;243;205;117m██[38;2;243;205;117m██[38;2;243;205;117m██[38;2;243;205;117m██[38;2;251;246;169m██[38;2;251;246;169m██[38;2;251;246;169m██[38;2;251;246;169m██[38;2;252;252;252m██[38;2;252;252;252m██[38;2;252;252;252m██[38;2;252;252;252m██[38;2;252;252;252m██[38;2;238;146;217m██[38;2;144;54;123m██[38;2;185;133;55m██                                                              
                                            [38;2;185;133;55m██[38;2;243;205;117m██[38;2;251;246;169m██[38;2;101;163;253m██[38;2;238;146;217m██[38;2;40;40;40m██[38;2;2;2;2m██        [38;2;2;2;2m██[38;2;122;40;40m██[38;2;157;53;53m██[38;2;221;85;85m██[38;2;122;40;40m██[38;2;2;2;2m██[38;2;2;2;2m██[38;2;36;90;132m██[38;2;101;163;253m██[38;2;238;146;217m██[38;2;238;146;217m██[38;2;238;146;217m██[38;2;238;146;217m██[38;2;238;146;217m██[38;2;238;146;217m██[38;2;238;146;217m██[38;2;238;146;217m██[38;2;238;146;217m██[38;2;238;146;217m██[38;2;254;172;235m██[38;2;254;172;235m██[38;2;254;172;235m██[38;2;251;246;169m██[38;2;251;246;169m██[38;2;251;246;169m██[38;2;251;246;169m██[38;2;185;133;55m██                                                              
                                          [38;2;185;133;55m██[38;2;243;205;117m██[38;2;251;246;169m██[38;2;161;198;253m██[38;2;101;163;253m██[38;2;238;146;217m██[38;2;2;2;2m██            [38;2;2;2;2m██[38;2;2;2;2m██[38;2;2;2;2m██[38;2;2;2;2m██    [38;2;36;90;132m██[38;2;101;163;253m██[38;2;101;163;253m██[38;2;101;163;253m██[38;2;101;163;253m██[38;2;101;163;253m██[38;2;101;163;253m██[38;2;101;163;253m██[38;2;238;146;217m██[38;2;238;146;217m██[38;2;144;54;123m██[38;2;144;54;123m██[38;2;144;54;123m██[38;2;144;54;123m██[38;2;144;54;123m██[38;2;144;54;123m██[38;2;185;133;55m██[38;2;185;133;55m██[38;2;185;133;55m██                                                                
                                        [38;2;185;133;55m██[38;2;251;246;169m██[38;2;252;252;252m██[38;2;252;252;252m██[38;2;101;163;253m██[38;2;238;146;217m██[38;2;144;54;123m██                            [38;2;36;90;132m██[38;2;36;90;132m██[38;2;36;90;132m██[38;2;36;90;132m██[38;2;36;90;132m██[38;2;36;90;132m██[38;2;36;90;132m██[38;2;36;90;132m██[38;2;36;90;132m██                                                                                  
                                        [38;2;185;133;55m██[38;2;252;252;252m██[38;2;252;252;252m██[38;2;161;198;253m██[38;2;238;146;217m██[38;2;144;54;123m██                                                                                                                                  
                                      [38;2;185;133;55m██[38;2;251;246;169m██[38;2;252;252;252m██[38;2;161;198;253m██[38;2;238;146;217m██[38;2;144;54;123m██                                                                                                                                    
                                    [38;2;36;90;132m██[38;2;161;198;253m██[38;2;252;252;252m██[38;2;161;198;253m██[38;2;238;146;217m██[38;2;144;54;123m██                                                                                                                                      
                                    [38;2;36;90;132m██[38;2;161;198;253m██[38;2;161;198;253m██[38;2;144;54;123m██[38;2;144;54;123m██                                                                                                                                        
                                    [38;2;36;90;132m██[38;2;36;90;132m██[38;2;36;90;132m██                                                                                                                                            
