                                                                                      [38;2;122;132;146m██[38;2;122;132;146m██                                                      
              [38;2;122;132;146m██[38;2;122;132;146m██[38;2;122;132;146m██                                                                [38;2;122;132;146m██[38;2;228;228;230m██[38;2;228;228;230m██[38;2;122;132;146m██                                                    
            [38;2;122;132;146m██[38;2;228;228;230m██[38;2;228;228;230m██[38;2;228;228;230m██[38;2;122;132;146m██[38;2;122;132;146m██                                                          [38;2;122;132;146m██[38;2;228;228;230m██[38;2;228;228;230m██[38;2;171;172;185m██[38;2;122;132;146m██                                                    
            [38;2;122;132;146m██[38;2;122;132;146m██[38;2;122;132;146m██[38;2;228;228;230m██[38;2;228;228;230m██[38;2;228;228;230m██[38;2;122;132;146m██                                    [38;2;50;43;57m██[38;2;50;43;57m██                [38;2;122;132;146m██[38;2;228;228;230m██[38;2;122;132;146m██[38;2;228;228;230m██[38;2;228;228;230m██[38;2;122;132;146m██                                                  
            [38;2;122;132;146m██[38;2;228;228;230m██[38;2;228;228;230m██[38;2;122;132;146m██[38;2;171;172;185m██[38;2;228;228;230m██[38;2;228;228;230m██[38;2;122;132;146m██                                [38;2;50;43;57m██[38;2;122;132;146m██[38;2;122;132;146m██[38;2;50;43;57m██            [38;2;122;132;146m██[38;2;228;228;230m██[38;2;171;172;185m██[38;2;228;228;230m██[38;2;122;132;146m██[38;2;228;228;230m██[38;2;122;132;146m██                                                  
            [38;2;93;91;107m██[38;2;228;228;230m██[38;2;228;228;230m██[38;2;122;132;146m██[38;2;228;228;230m██[38;2;122;132;146m██[38;2;228;228;230m██[38;2;228;228;230m██[38;2;122;132;146m██                              [38;2;50;43;57m██[38;2;61;62;75m██[38;2;122;132;146m██[38;2;122;132;146m██[38;2;26;25;31m██          [38;2;122;132;146m██[38;2;228;228;230m██[38;2;122;132;146m██[38;2;228;228;230m██[38;2;122;132;146m██[38;2;228;228;230m██[38;2;122;132;146m██                                                  
            [38;2;93;91;107m██[38;2;228;228;230m██[38;2;228;228;230m██[38;2;122;132;146m██[38;2;228;228;230m██[38;2;228;228;230m██[38;2;122;132;146m██[38;2;228;228;230m██[38;2;228;228;230m██[38;2;122;132;146m██                              [38;2;50;43;57m██[38;2;61;62;75m██[38;2;122;132;146m██[38;2;122;132;146m██[38;2;26;25;31m██      [38;2;122;132;146m██[38;2;228;228;230m██[38;2;171;172;185m██[38;2;228;228;230m██[38;2;228;228;230m██[38;2;122;132;146m██[38;2;228;228;230m██[38;2;122;132;146m██                                                  
            [38;2;93;91;107m██[38;2;228;228;230m██[38;2;228;228;230m██[38;2;122;132;146m██[38;2;228;228;230m██[38;2;228;228;230m██[38;2;228;228;230m██[38;2;171;172;185m██[38;2;228;228;230m██[38;2;228;228;230m██[38;2;93;91;107m██                            [38;2;50;43;57m██[38;2;61;62;75m██[38;2;93;91;107m██[38;2;122;132;146m██[38;2;50;43;57m██      [38;2;122;132;146m██[38;2;228;228;230m██[38;2;122;132;146m██[38;2;228;228;230m██[38;2;228;228;230m██[38;2;122;132;146m██[38;2;228;228;230m██[38;2;93;91;107m██                                                  
              [38;2;122;132;146m██[38;2;228;228;230m██[38;2;228;228;230m██[38;2;122;132;146m██[38;2;228;228;230m██[38;2;228;228;230m██[38;2;122;132;146m██[38;2;171;172;185m██[38;2;228;228;230m██[38;2;171;172;185m██[38;2;61;62;75m██[38;2;61;62;75m██              [38;2;50;43;57m██[38;2;50;43;57m██      [38;2;26;25;31m██[38;2;61;62;75m██[38;2;61;62;75m██[38;2;61;62;75m██[38;2;93;91;107m██[38;2;50;43;57m██  [38;2;122;132;146m██[38;2;228;228;230m██[38;2;122;132;146m██[38;2;228;228;230m██[38;2;171;172;185m██[38;2;228;228;230m██[38;2;122;132;146m██[38;2;228;228;230m██[38;2;93;91;107m██                                                  
              [38;2;93;91;107m██[38;2;228;228;230m██[38;2;228;228;230m██[38;2;122;132;146m██[38;2;228;228;230m██[38;2;228;228;230m██[38;2;122;132;146m██[38;2;228;228;230m██[38;2;171;172;185m██[38;2;50;43;57m██[38;2;93;91;107m██[38;2;122;132;146m██[38;2;50;43;57m██          [38;2;50;43;57m██[38;2;122;132;146m██[38;2;122;132;146m██[38;2;50;43;57m██      [38;2;50;43;57m██[38;2;61;62;75m██[38;2;61;62;75m██[38;2;61;62;75m██[38;2;61;62;75m██[38;2;50;43;57m██[38;2;122;132;146m██[38;2;228;228;230m██[38;2;122;132;146m██[38;2;228;228;230m██[38;2;122;132;146m██[38;2;228;228;230m██[38;2;122;132;146m██[38;2;228;228;230m██[38;2;93;91;107m██                                                  
              [38;2;93;91;107m██[38;2;228;228;230m██[38;2;228;228;230m██[38;2;122;132;146m██[38;2;228;228;230m██[38;2;228;228;230m██[38;2;122;132;146m██[38;2;228;228;230m██[38;2;228;228;230m██[38;2;50;43;57m██[38;2;93;91;107m██[38;2;93;91;107m██[38;2;122;132;146m██[38;2;50;43;57m██        [38;2;26;25;31m██[38;2;61;62;75m██[38;2;122;132;146m██[38;2;122;132;146m██[38;2;50;43;57m██[38;2;50;43;57m██  [38;2;26;25;31m██[38;2;61;62;75m██[38;2;61;62;75m██[38;2;61;62;75m██[38;2;61;62;75m██[38;2;50;43;57m██[38;2;61;62;75m██[38;2;122;132;146m██[38;2;228;228;230m██[38;2;228;228;230m██[38;2;122;132;146m██[38;2;228;228;230m██[38;2;122;132;146m██[38;2;171;172;185m██[38;2;93;91;107m██                                                  
              [38;2;93;91;107m██[38;2;171;172;185m██[38;2;228;228;230m██[38;2;228;228;230m██[38;2;122;132;146m██[38;2;228;228;230m██[38;2;228;228;230m██[38;2;122;132;146m██[38;2;228;228;230m██[38;2;228;228;230m██[38;2;61;62;75m██[38;2;93;91;107m██[38;2;122;132;146m██[38;2;122;132;146m██[38;2;50;43;57m██        [38;2;26;25;31m██[38;2;93;91;107m██[38;2;122;132;146m██[38;2;122;132;146m██[38;2;122;132;146m██[38;2;26;25;31m██[38;2;26;25;31m██[38;2;61;62;75m██[38;2;61;62;75m██[38;2;61;62;75m██[38;2;61;62;75m██[38;2;26;25;31m██[38;2;122;132;146m██[38;2;61;62;75m██[38;2;228;228;230m██[38;2;228;228;230m██[38;2;122;132;146m██[38;2;228;228;230m██[38;2;122;132;146m██[38;2;171;172;185m██[38;2;93;91;107m██                                                  
                [38;2;93;91;107m██[38;2;171;172;185m██[38;2;228;228;230m██[38;2;122;132;146m██[38;2;228;228;230m██[38;2;228;228;230m██[38;2;122;132;146m██[38;2;228;228;230m██[38;2;228;228;230m██[38;2;93;91;107m██[38;2;61;62;75m██[38;2;93;91;107m██[38;2;122;132;146m██[38;2;93;91;107m██[38;2;50;43;57m██        [38;2;26;25;31m██[38;2;61;62;75m██[38;2;93;91;107m██[38;2;122;132;146m██[38;2;122;132;146m██[38;2;50;43;57m██[38;2;26;25;31m██[38;2;61;62;75m██[38;2;61;62;75m██[38;2;26;25;31m██[38;2;122;132;146m██[38;2;122;132;146m██[38;2;61;62;75m██[38;2;228;228;230m██[38;2;122;132;146m██[38;2;171;172;185m██[38;2;122;132;146m██[38;2;171;172;185m██[38;2;93;91;107m██                                                    
                [38;2;93;91;107m██[38;2;171;172;185m██[38;2;228;228;230m██[38;2;228;228;230m██[38;2;122;132;146m██[38;2;228;228;230m██[38;2;228;228;230m██[38;2;122;132;146m██[38;2;228;228;230m██[38;2;171;172;185m██[38;2;61;62;75m██[38;2;61;62;75m██[38;2;93;91;107m██[38;2;93;91;107m██[38;2;93;91;107m██[38;2;50;43;57m██      [38;2;26;25;31m██[38;2;61;62;75m██[38;2;61;62;75m██[38;2;61;62;75m██[38;2;93;91;107m██[38;2;93;91;107m██[38;2;26;25;31m██[38;2;61;62;75m██[38;2;61;62;75m██[38;2;26;25;31m██[38;2;122;132;146m██[38;2;93;91;107m██[38;2;50;43;57m██[38;2;171;172;185m██[38;2;122;132;146m██[38;2;171;172;185m██[38;2;122;132;146m██[38;2;171;172;185m██[38;2;93;91;107m██                                                    
                  [38;2;93;91;107m██[38;2;171;172;185m██[38;2;228;228;230m██[38;2;122;132;146m██[38;2;228;228;230m██[38;2;228;228;230m██[38;2;122;132;146m██[38;2;171;172;185m██[38;2;171;172;185m██[38;2;50;43;57m██[38;2;61;62;75m██[38;2;61;62;75m██[38;2;61;62;75m██[38;2;93;91;107m██[38;2;61;62;75m██[38;2;50;43;57m██      [38;2;26;25;31m██[38;2;61;62;75m██[38;2;61;62;75m██[38;2;61;62;75m██[38;2;61;62;75m██[38;2;50;43;57m██[38;2;61;62;75m██[38;2;26;25;31m██[38;2;93;91;107m██[38;2;122;132;146m██[38;2;61;62;75m██[38;2;171;172;185m██[38;2;171;172;185m██[38;2;122;132;146m██[38;2;171;172;185m██[38;2;122;132;146m██[38;2;171;172;185m██[38;2;93;91;107m██                                                    
                  [38;2;93;91;107m██[38;2;171;172;185m██[38;2;171;172;185m██[38;2;171;172;185m██[38;2;122;132;146m██[38;2;171;172;185m██[38;2;171;172;185m██[38;2;122;132;146m██[38;2;171;172;185m██[38;2;171;172;185m██[38;2;50;43;57m██[38;2;61;62;75m██[38;2;61;62;75m██[38;2;61;62;75m██[38;2;61;62;75m██[38;2;61;62;75m██      [38;2;26;25;31m██[38;2;61;62;75m██[38;2;61;62;75m██[38;2;61;62;75m██[38;2;61;62;75m██[38;2;61;62;75m██[38;2;61;62;75m██[38;2;26;25;31m██[38;2;93;91;107m██[38;2;93;91;107m██[38;2;50;43;57m██[38;2;171;172;185m██[38;2;122;132;146m██[38;2;171;172;185m██[38;2;122;132;146m██[38;2;171;172;185m██[38;2;93;91;107m██                                                      
                    [38;2;122;132;146m██[38;2;171;172;185m██[38;2;171;172;185m██[38;2;122;132;146m██[38;2;171;172;185m██[38;2;171;172;185m██[38;2;171;172;185m██[38;2;122;132;146m██[38;2;171;172;185m██[38;2;171;172;185m██[38;2;61;62;75m██[38;2;61;62;75m██[38;2;61;62;75m██[38;2;61;62;75m██[38;2;61;62;75m██[38;2;26;25;31m██      [38;2;50;43;57m██[38;2;50;43;57m██[38;2;61;62;75m██[38;2;61;62;75m██[38;2;61;62;75m██[38;2;26;25;31m██[38;2;61;62;75m██[38;2;93;91;107m██[38;2;61;62;75m██[38;2;171;172;185m██[38;2;171;172;185m██[38;2;122;132;146m██[38;2;171;172;185m██[38;2;122;132;146m██[38;2;171;172;185m██[38;2;93;91;107m██                                                      
                    [38;2;93;91;107m██[38;2;171;172;185m██[38;2;171;172;185m██[38;2;171;172;185m██[38;2;122;132;146m██[38;2;171;172;185m██[38;2;171;172;185m██[38;2;171;172;185m██[38;2;122;132;146m██[38;2;171;172;185m██[38;2;171;172;185m██[38;2;50;43;57m██[38;2;61;62;75m██[38;2;61;62;75m██[38;2;61;62;75m██[38;2;61;62;75m██[38;2;26;25;31m██    [38;2;26;25;31m██[38;2;61;62;75m██[38;2;61;62;75m██[38;2;61;62;75m██[38;2;61;62;75m██[38;2;26;25;31m██[38;2;61;62;75m██[38;2;93;91;107m██[38;2;50;43;57m██[38;2;171;172;185m██[38;2;122;132;146m██[38;2;171;172;185m██[38;2;122;132;146m██[38;2;171;172;185m██[38;2;93;91;107m██[38;2;50;43;57m██                                                      
                      [38;2;93;91;107m██[38;2;171;172;185m██[38;2;171;172;185m██[38;2;171;172;185m██[38;2;122;132;146m██[38;2;171;172;185m██[38;2;171;172;185m██[38;2;171;172;185m██[38;2;122;132;146m██[38;2;171;172;185m██[38;2;171;172;185m██[38;2;61;62;75m██[38;2;61;62;75m██[38;2;61;62;75m██[38;2;61;62;75m██[38;2;26;25;31m██    [38;2;26;25;31m██[38;2;61;62;75m██[38;2;61;62;75m██[38;2;61;62;75m██[38;2;26;25;31m██[38;2;61;62;75m██[38;2;61;62;75m██[38;2;61;62;75m██[38;2;171;172;185m██[38;2;171;172;185m██[38;2;122;132;146m██[38;2;171;172;185m██[38;2;122;132;146m██[38;2;171;172;185m██[38;2;93;91;107m██[38;2;50;43;57m██                                                      
                        [38;2;93;91;107m██[38;2;171;172;185m██[38;2;171;172;185m██[38;2;171;172;185m██[38;2;122;132;146m██[38;2;171;172;185m██[38;2;171;172;185m██[38;2;171;172;185m██[38;2;122;132;146m██[38;2;171;172;185m██[38;2;171;172;185m██[38;2;61;62;75m██[38;2;61;62;75m██[38;2;61;62;75m██[38;2;61;62;75m██[38;2;26;25;31m██  [38;2;50;43;57m██[38;2;61;62;75m██[38;2;61;62;75m██[38;2;61;62;75m██[38;2;26;25;31m██[38;2;61;62;75m██[38;2;61;62;75m██[38;2;50;43;57m██[38;2;171;172;185m██[38;2;122;132;146m██[38;2;171;172;185m██[38;2;122;132;146m██[38;2;171;172;185m██[38;2;93;91;107m██[38;2;93;91;107m██[38;2;50;43;57m██                                                      
                          [38;2;93;91;107m██[38;2;171;172;185m██[38;2;171;172;185m██[38;2;171;172;185m██[38;2;122;132;146m██[38;2;171;172;185m██[38;2;171;172;185m██[38;2;171;172;185m██[38;2;122;132;146m██[38;2;122;132;146m██[38;2;171;172;185m██[38;2;50;43;57m██[38;2;61;62;75m██[38;2;61;62;75m██[38;2;61;62;75m██[38;2;26;25;31m██  [38;2;50;43;57m██[38;2;61;62;75m██[38;2;50;43;57m██[38;2;26;25;31m██[38;2;61;62;75m██[38;2;61;62;75m██[38;2;171;172;185m██[38;2;171;172;185m██[38;2;122;132;146m██[38;2;171;172;185m██[38;2;122;132;146m██[38;2;171;172;185m██[38;2;93;91;107m██[38;2;93;91;107m██[38;2;50;43;57m██                                                      
                            [38;2;93;91;107m██[38;2;171;172;185m██[38;2;171;172;185m██[38;2;171;172;185m██[38;2;122;132;146m██[38;2;171;172;185m██[38;2;171;172;185m██[38;2;171;172;185m██[38;2;171;172;185m██[38;2;122;132;146m██[38;2;122;132;146m██[38;2;50;43;57m██[38;2;61;62;75m██[38;2;61;62;75m██[38;2;26;25;31m██  [38;2;26;25;31m██[38;2;50;43;57m██[38;2;26;25;31m██[38;2;61;62;75m██[38;2;61;62;75m██[38;2;50;43;57m██[38;2;171;172;185m██[38;2;122;132;146m██[38;2;171;172;185m██[38;2;122;132;146m██[38;2;171;172;185m██[38;2;93;91;107m██[38;2;61;62;75m██[38;2;50;43;57m██                                                        
                              [38;2;122;132;146m██[38;2;171;172;185m██[38;2;171;172;185m██[38;2;171;172;185m██[38;2;122;132;146m██[38;2;122;132;146m██[38;2;171;172;185m██[38;2;171;172;185m██[38;2;171;172;185m██[38;2;171;172;185m██[38;2;122;132;146m██[38;2;50;43;57m██[38;2;61;62;75m██[38;2;61;62;75m██[38;2;26;25;31m██[38;2;61;62;75m██[38;2;61;62;75m██[38;2;26;25;31m██[38;2;61;62;75m██[38;2;61;62;75m██[38;2;171;172;185m██[38;2;122;132;146m██[38;2;171;172;185m██[38;2;122;132;146m██[38;2;171;172;185m██[38;2;93;91;107m██[38;2;61;62;75m██[38;2;61;62;75m██[38;2;50;43;57m██                                                        
                                [38;2;93;91;107m██[38;2;122;132;146m██[38;2;171;172;185m██[38;2;171;172;185m██[38;2;171;172;185m██[38;2;122;132;146m██[38;2;122;132;146m██[38;2;171;172;185m██[38;2;171;172;185m██[38;2;171;172;185m██[38;2;171;172;185m██[38;2;50;43;57m██[38;2;50;43;57m██[38;2;26;25;31m██[38;2;61;62;75m██[38;2;50;43;57m██[38;2;61;62;75m██[38;2;61;62;75m██[38;2;50;43;57m██[38;2;122;132;146m██[38;2;171;172;185m██[38;2;122;132;146m██[38;2;171;172;185m██[38;2;93;91;107m██[38;2;61;62;75m██[38;2;61;62;75m██[38;2;61;62;75m██[38;2;50;43;57m██                                                        
                                    [38;2;93;91;107m██[38;2;122;132;146m██[38;2;171;172;185m██[38;2;171;172;185m██[38;2;171;172;185m██[38;2;122;132;146m██[38;2;122;132;146m██[38;2;93;91;107m██[38;2;93;91;107m██[38;2;122;132;146m██[38;2;50;43;57m██[38;2;50;43;57m██[38;2;61;62;75m██[38;2;50;43;57m██[38;2;61;62;75m██[38;2;50;43;57m██[38;2;171;172;185m██[38;2;171;172;185m██[38;2;122;132;146m██[38;2;171;172;185m██[38;2;122;132;146m██[38;2;93;91;107m██[38;2;71;33;47m██[38;2;71;33;47m██[38;2;50;43;57m██                                                          
                                        [38;2;122;132;146m██[38;2;122;132;146m██[38;2;171;172;185m██[38;2;93;91;107m██[38;2;93;91;107m██[38;2;122;132;146m██[38;2;171;172;185m██[38;2;171;172;185m██[38;2;93;91;107m██[38;2;61;62;75m██[38;2;61;62;75m██[38;2;50;43;57m██[38;2;50;43;57m██[38;2;93;91;107m██[38;2;93;91;107m██[38;2;122;132;146m██[38;2;171;172;185m██[38;2;122;132;146m██[38;2;93;91;107m██[38;2;71;33;47m██[38;2;215;77;128m██[38;2;215;77;128m██[38;2;71;33;47m██                                                          
                                        [38;2;93;91;107m██[38;2;93;91;107m██[38;2;122;132;146m██[38;2;171;172;185m██[38;2;171;172;185m██[38;2;171;172;185m██[38;2;171;172;185m██[38;2;122;132;146m██[38;2;122;132;146m██[38;2;61;62;75m██[38;2;61;62;75m██[38;2;61;62;75m██[38;2;122;132;146m██[38;2;122;132;146m██[38;2;171;172;185m██[38;2;93;91;107m██[38;2;93;91;107m██[38;2;93;91;107m██[38;2;93;91;107m██[38;2;175;55;99m██[38;2;175;55;99m██[38;2;71;33;47m██[38;2;215;77;128m██[38;2;71;33;47m██                                                        
                                    [38;2;122;132;146m██[38;2;122;132;146m██[38;2;228;228;230m██[38;2;228;228;230m██[38;2;171;172;185m██[38;2;171;172;185m██[38;2;171;172;185m██[38;2;171;172;185m██[38;2;122;132;146m██[38;2;171;172;185m██[38;2;122;132;146m██[38;2;61;62;75m██[38;2;61;62;75m██[38;2;61;62;75m██[38;2;122;132;146m██[38;2;122;132;146m██[38;2;171;172;185m██[38;2;171;172;185m██[38;2;171;172;185m██[38;2;93;91;107m██[38;2;122;132;146m██[38;2;175;55;99m██[38;2;71;33;47m██[38;2;175;55;99m██[38;2;175;55;99m██[38;2;71;33;47m██                                                        
                                [38;2;122;132;146m██[38;2;122;132;146m██[38;2;228;228;230m██[38;2;228;228;230m██[38;2;228;228;230m██[38;2;171;172;185m██[38;2;171;172;185m██[38;2;171;172;185m██[38;2;171;172;185m██[38;2;122;132;146m██[38;2;171;172;185m██[38;2;122;132;146m██[38;2;93;91;107m██[38;2;61;62;75m██[38;2;61;62;75m██[38;2;61;62;75m██[38;2;122;132;146m██[38;2;171;172;185m██[38;2;122;132;146m██[38;2;171;172;185m██[38;2;171;172;185m██[38;2;228;228;230m██[38;2;228;228;230m██[38;2;122;132;146m██[38;2;175;55;99m██[38;2;175;55;99m██[38;2;71;33;47m██                                                          
                              [38;2;122;132;146m██[38;2;228;228;230m██[38;2;228;228;230m██[38;2;228;228;230m██[38;2;228;228;230m██[38;2;171;172;185m██[38;2;171;172;185m██[38;2;171;172;185m██[38;2;122;132;146m██[38;2;122;132;146m██[38;2;171;172;185m██[38;2;122;132;146m██[38;2;122;132;146m██[38;2;61;62;75m██[38;2;61;62;75m██[38;2;61;62;75m██[38;2;61;62;75m██[38;2;122;132;146m██[38;2;171;172;185m██[38;2;122;132;146m██[38;2;171;172;185m██[38;2;171;172;185m██[38;2;228;228;230m██[38;2;228;228;230m██[38;2;228;228;230m██[38;2;122;132;146m██[38;2;71;33;47m██                                                            
                              [38;2;122;132;146m██[38;2;228;228;230m██[38;2;228;228;230m██[38;2;228;228;230m██[38;2;228;228;230m██[38;2;171;172;185m██[38;2;171;172;185m██[38;2;122;132;146m██[38;2;171;172;185m██[38;2;171;172;185m██[38;2;122;132;146m██[38;2;171;172;185m██[38;2;93;91;107m██[38;2;61;62;75m██[38;2;61;62;75m██[38;2;61;62;75m██[38;2;61;62;75m██[38;2;122;132;146m██[38;2;122;132;146m██[38;2;171;172;185m██[38;2;122;132;146m██[38;2;171;172;185m██[38;2;171;172;185m██[38;2;228;228;230m██[38;2;228;228;230m██[38;2;228;228;230m██[38;2;122;132;146m██[38;2;26;25;31m██                                                          
                              [38;2;93;91;107m██[38;2;228;228;230m██[38;2;228;228;230m██[38;2;228;228;230m██[38;2;171;172;185m██[38;2;122;132;146m██[38;2;122;132;146m██[38;2;171;172;185m██[38;2;171;172;185m██[38;2;122;132;146m██[38;2;171;172;185m██[38;2;122;132;146m██  [38;2;26;25;31m██[38;2;61;62;75m██[38;2;61;62;75m██[38;2;61;62;75m██[38;2;93;91;107m██[38;2;122;132;146m██[38;2;171;172;185m██[38;2;122;132;146m██[38;2;171;172;185m██[38;2;171;172;185m██[38;2;228;228;230m██[38;2;228;228;230m██[38;2;228;228;230m██[38;2;122;132;146m██[38;2;26;25;31m██                                                          
                              [38;2;93;91;107m██[38;2;122;132;146m██[38;2;122;132;146m██[38;2;122;132;146m██[38;2;122;132;146m██[38;2;171;172;185m██[38;2;171;172;185m██[38;2;171;172;185m██[38;2;122;132;146m██[38;2;171;172;185m██[38;2;171;172;185m██[38;2;93;91;107m██    [38;2;26;25;31m██[38;2;26;25;31m██[38;2;50;43;57m██[38;2;50;43;57m██[38;2;122;132;146m██[38;2;122;132;146m██[38;2;171;172;185m██[38;2;122;132;146m██[38;2;171;172;185m██[38;2;171;172;185m██[38;2;228;228;230m██[38;2;228;228;230m██[38;2;122;132;146m██[38;2;61;62;75m██[38;2;26;25;31m██  [38;2;26;25;31m██[38;2;26;25;31m██[38;2;26;25;31m██[38;2;26;25;31m██[38;2;26;25;31m██                                            
                            [38;2;26;25;31m██[38;2;173;106;57m██[38;2;93;91;107m██[38;2;228;228;230m██[38;2;228;228;230m██[38;2;171;172;185m██[38;2;171;172;185m██[38;2;171;172;185m██[38;2;122;132;146m██[38;2;171;172;185m██[38;2;171;172;185m██[38;2;93;91;107m██        [38;2;26;25;31m██[38;2;50;43;57m██[38;2;50;43;57m██[38;2;122;132;146m██[38;2;122;132;146m██[38;2;171;172;185m██[38;2;171;172;185m██[38;2;122;132;146m██[38;2;171;172;185m██[38;2;171;172;185m██[38;2;171;172;185m██[38;2;93;91;107m██[38;2;26;25;31m██[38;2;50;43;57m██[38;2;26;25;31m██[38;2;61;62;75m██[38;2;61;62;75m██[38;2;61;62;75m██[38;2;93;91;107m██[38;2;93;91;107m██[38;2;26;25;31m██[38;2;26;25;31m██[38;2;26;25;31m██                                      
                          [38;2;26;25;31m██[38;2;93;91;107m██[38;2;175;55;99m██[38;2;175;55;99m██[38;2;171;172;185m██[38;2;228;228;230m██[38;2;171;172;185m██[38;2;122;132;146m██[38;2;122;132;146m██[38;2;171;172;185m██[38;2;171;172;185m██[38;2;93;91;107m██          [38;2;26;25;31m██[38;2;61;62;75m██[38;2;61;62;75m██[38;2;93;91;107m██[38;2;171;172;185m██[38;2;122;132;146m██[38;2;171;172;185m██[38;2;171;172;185m██[38;2;122;132;146m██[38;2;122;132;146m██[38;2;93;91;107m██    [38;2;26;25;31m██[38;2;61;62;75m██[38;2;61;62;75m██[38;2;61;62;75m██[38;2;175;55;99m██[38;2;175;55;99m██[38;2;175;55;99m██[38;2;93;91;107m██[38;2;93;91;107m██[38;2;93;91;107m██[38;2;26;25;31m██                                    
                        [38;2;26;25;31m██[38;2;93;91;107m██[38;2;93;91;107m██[38;2;61;62;75m██[38;2;61;62;75m██[38;2;61;62;75m██[38;2;93;91;107m██[38;2;93;91;107m██[38;2;171;172;185m██[38;2;171;172;185m██[38;2;93;91;107m██[38;2;93;91;107m██[38;2;26;25;31m██        [38;2;26;25;31m██[38;2;61;62;75m██[38;2;61;62;75m██[38;2;61;62;75m██[38;2;93;91;107m██[38;2;171;172;185m██[38;2;171;172;185m██[38;2;122;132;146m██[38;2;171;172;185m██[38;2;171;172;185m██[38;2;171;172;185m██[38;2;93;91;107m██  [38;2;26;25;31m██[38;2;61;62;75m██[38;2;61;62;75m██[38;2;61;62;75m██[38;2;175;55;99m██[38;2;173;106;57m██[38;2;239;154;93m██[38;2;175;55;99m██[38;2;175;55;99m██[38;2;93;91;107m██[38;2;93;91;107m██[38;2;93;91;107m██[38;2;26;25;31m██                                  
                      [38;2;26;25;31m██[38;2;93;91;107m██[38;2;93;91;107m██[38;2;61;62;75m██[38;2;61;62;75m██[38;2;61;62;75m██[38;2;61;62;75m██[38;2;61;62;75m██[38;2;26;25;31m██[38;2;93;91;107m██[38;2;93;91;107m██[38;2;61;62;75m██[38;2;26;25;31m██        [38;2;26;25;31m██[38;2;61;62;75m██[38;2;61;62;75m██[38;2;61;62;75m██[38;2;61;62;75m██[38;2;61;62;75m██[38;2;93;91;107m██[38;2;171;172;185m██[38;2;171;172;185m██[38;2;122;132;146m██[38;2;171;172;185m██[38;2;93;91;107m██    [38;2;26;25;31m██[38;2;61;62;75m██[38;2;61;62;75m██[38;2;61;62;75m██[38;2;175;55;99m██[38;2;239;154;93m██[38;2;239;154;93m██[38;2;239;154;93m██[38;2;175;55;99m██[38;2;175;55;99m██[38;2;93;91;107m██[38;2;93;91;107m██[38;2;93;91;107m██[38;2;26;25;31m██[38;2;26;25;31m██                              
                    [38;2;26;25;31m██[38;2;93;91;107m██[38;2;93;91;107m██[38;2;61;62;75m██[38;2;61;62;75m██[38;2;61;62;75m██[38;2;61;62;75m██[38;2;26;25;31m██[38;2;26;25;31m██[38;2;171;172;185m██[38;2;171;172;185m██[38;2;26;25;31m██[38;2;61;62;75m██[38;2;26;25;31m██        [38;2;26;25;31m██[38;2;61;62;75m██[38;2;61;62;75m██[38;2;61;62;75m██[38;2;61;62;75m██[38;2;61;62;75m██[38;2;61;62;75m██[38;2;93;91;107m██[38;2;171;172;185m██[38;2;171;172;185m██[38;2;93;91;107m██[38;2;26;25;31m██    [38;2;26;25;31m██[38;2;61;62;75m██[38;2;61;62;75m██[38;2;61;62;75m██[38;2;175;55;99m██[38;2;175;55;99m██[38;2;239;154;93m██[38;2;173;106;57m██[38;2;175;55;99m██[38;2;175;55;99m██[38;2;93;91;107m██[38;2;93;91;107m██[38;2;93;91;107m██[38;2;93;91;107m██[38;2;93;91;107m██[38;2;26;25;31m██                            
                  [38;2;26;25;31m██[38;2;93;91;107m██[38;2;93;91;107m██[38;2;61;62;75m██[38;2;61;62;75m██[38;2;61;62;75m██[38;2;61;62;75m██[38;2;26;25;31m██[38;2;171;172;185m██[38;2;171;172;185m██[38;2;171;172;185m██[38;2;26;25;31m██[38;2;61;62;75m██[38;2;26;25;31m██    [38;2;71;33;47m██[38;2;71;33;47m██[38;2;71;33;47m██[38;2;61;62;75m██[38;2;61;62;75m██[38;2;61;62;75m██[38;2;61;62;75m██[38;2;61;62;75m██[38;2;61;62;75m██[38;2;61;62;75m██[38;2;61;62;75m██[38;2;93;91;107m██[38;2;93;91;107m██[38;2;50;43;57m██[38;2;71;33;47m██[38;2;71;33;47m██[38;2;71;33;47m██[38;2;26;25;31m██[38;2;61;62;75m██[38;2;61;62;75m██[38;2;61;62;75m██[38;2;61;62;75m██[38;2;175;55;99m██[38;2;175;55;99m██[38;2;175;55;99m██[38;2;175;55;99m██[38;2;175;55;99m██[38;2;61;62;75m██[38;2;61;62;75m██[38;2;93;91;107m██[38;2;93;91;107m██[38;2;93;91;107m██[38;2;93;91;107m██[38;2;26;25;31m██                          
                [38;2;26;25;31m██[38;2;93;91;107m██[38;2;93;91;107m██[38;2;61;62;75m██[38;2;61;62;75m██[38;2;61;62;75m██[38;2;61;62;75m██[38;2;26;25;31m██[38;2;251;251;251m██[38;2;171;172;185m██[38;2;26;25;31m██[38;2;26;25;31m██[38;2;50;43;57m██[38;2;26;25;31m██    [38;2;71;33;47m██[38;2;249;99;154m██[38;2;215;77;128m██[38;2;71;33;47m██[38;2;61;62;75m██[38;2;61;62;75m██[38;2;61;62;75m██[38;2;61;62;75m██[38;2;61;62;75m██[38;2;61;62;75m██[38;2;61;62;75m██[38;2;61;62;75m██[38;2;61;62;75m██[38;2;61;62;75m██[38;2;71;33;47m██[38;2;215;77;128m██[38;2;215;77;128m██[38;2;249;99;154m██[38;2;71;33;47m██[38;2;61;62;75m██[38;2;61;62;75m██[38;2;61;62;75m██[38;2;61;62;75m██[38;2;61;62;75m██[38;2;175;55;99m██[38;2;175;55;99m██[38;2;175;55;99m██[38;2;61;62;75m██[38;2;61;62;75m██[38;2;61;62;75m██[38;2;61;62;75m██[38;2;93;91;107m██[38;2;93;91;107m██[38;2;93;91;107m██[38;2;93;91;107m██[38;2;26;25;31m██                        
              [38;2;26;25;31m██[38;2;93;91;107m██[38;2;93;91;107m██[38;2;61;62;75m██[38;2;61;62;75m██[38;2;61;62;75m██[38;2;61;62;75m██[38;2;26;25;31m██[38;2;26;25;31m██[38;2;251;251;251m██[38;2;50;43;57m██[38;2;50;43;57m██[38;2;50;43;57m██[38;2;26;25;31m██    [38;2;71;33;47m██[38;2;249;99;154m██[38;2;71;33;47m██[38;2;175;55;99m██[38;2;71;33;47m██[38;2;61;62;75m██[38;2;61;62;75m██[38;2;61;62;75m██[38;2;61;62;75m██[38;2;61;62;75m██[38;2;61;62;75m██[38;2;61;62;75m██[38;2;61;62;75m██[38;2;61;62;75m██[38;2;71;33;47m██[38;2;175;55;99m██[38;2;175;55;99m██[38;2;215;77;128m██[38;2;71;33;47m██[38;2;71;33;47m██[38;2;61;62;75m██[38;2;61;62;75m██[38;2;61;62;75m██[38;2;61;62;75m██[38;2;61;62;75m██[38;2;61;62;75m██[38;2;61;62;75m██[38;2;61;62;75m██[38;2;61;62;75m██[38;2;61;62;75m██[38;2;61;62;75m██[38;2;61;62;75m██[38;2;61;62;75m██[38;2;93;91;107m██[38;2;93;91;107m██[38;2;93;91;107m██[38;2;93;91;107m██[38;2;26;25;31m██[38;2;26;25;31m██                    
            [38;2;26;25;31m██[38;2;93;91;107m██[38;2;93;91;107m██[38;2;61;62;75m██[38;2;61;62;75m██[38;2;61;62;75m██[38;2;61;62;75m██[38;2;26;25;31m██[38;2;171;172;185m██[38;2;171;172;185m██[38;2;251;251;251m██[38;2;50;43;57m██[38;2;26;25;31m██[38;2;26;25;31m██    [38;2;71;33;47m██[38;2;215;77;128m██[38;2;215;77;128m██[38;2;175;55;99m██[38;2;71;33;47m██[38;2;50;43;57m██[38;2;61;62;75m██[38;2;61;62;75m██[38;2;61;62;75m██[38;2;61;62;75m██[38;2;61;62;75m██[38;2;61;62;75m██[38;2;61;62;75m██[38;2;61;62;75m██[38;2;61;62;75m██[38;2;71;33;47m██[38;2;175;55;99m██[38;2;175;55;99m██[38;2;71;33;47m██[38;2;215;77;128m██[38;2;215;77;128m██[38;2;71;33;47m██[38;2;61;62;75m██[38;2;61;62;75m██[38;2;61;62;75m██[38;2;61;62;75m██[38;2;61;62;75m██[38;2;61;62;75m██[38;2;61;62;75m██[38;2;61;62;75m██[38;2;26;25;31m██[38;2;61;62;75m██[38;2;61;62;75m██[38;2;61;62;75m██[38;2;61;62;75m██[38;2;93;91;107m██[38;2;93;91;107m██[38;2;93;91;107m██[38;2;93;91;107m██[38;2;93;91;107m██[38;2;26;25;31m██                  
          [38;2;26;25;31m██[38;2;93;91;107m██[38;2;93;91;107m██[38;2;61;62;75m██[38;2;61;62;75m██[38;2;61;62;75m██[38;2;61;62;75m██[38;2;26;25;31m██[38;2;171;172;185m██[38;2;171;172;185m██[38;2;50;43;57m██[38;2;50;43;57m██[38;2;26;25;31m██        [38;2;71;33;47m██[38;2;215;77;128m██[38;2;175;55;99m██[38;2;175;55;99m██[38;2;71;33;47m██[38;2;61;62;75m██[38;2;61;62;75m██[38;2;61;62;75m██[38;2;61;62;75m██[38;2;61;62;75m██[38;2;61;62;75m██[38;2;61;62;75m██[38;2;61;62;75m██[38;2;61;62;75m██[38;2;61;62;75m██[38;2;71;33;47m██[38;2;175;55;99m██[38;2;71;33;47m██[38;2;175;55;99m██[38;2;175;55;99m██[38;2;215;77;128m██[38;2;175;55;99m██[38;2;71;33;47m██[38;2;61;62;75m██[38;2;61;62;75m██[38;2;61;62;75m██[38;2;61;62;75m██[38;2;61;62;75m██[38;2;61;62;75m██[38;2;26;25;31m██[38;2;122;132;146m██[38;2;26;25;31m██[38;2;61;62;75m██[38;2;61;62;75m██[38;2;61;62;75m██[38;2;61;62;75m██[38;2;61;62;75m██[38;2;93;91;107m██[38;2;93;91;107m██[38;2;93;91;107m██[38;2;93;91;107m██[38;2;26;25;31m██                
        [38;2;26;25;31m██[38;2;93;91;107m██[38;2;93;91;107m██[38;2;61;62;75m██[38;2;61;62;75m██[38;2;61;62;75m██[38;2;61;62;75m██[38;2;26;25;31m██[38;2;171;172;185m██[38;2;171;172;185m██[38;2;26;25;31m██[38;2;50;43;57m██[38;2;26;25;31m██          [38;2;71;33;47m██[38;2;175;55;99m██[38;2;175;55;99m██[38;2;175;55;99m██[38;2;71;33;47m██[38;2;50;43;57m██[38;2;61;62;75m██[38;2;61;62;75m██[38;2;61;62;75m██[38;2;61;62;75m██[38;2;61;62;75m██[38;2;61;62;75m██[38;2;61;62;75m██[38;2;61;62;75m██[38;2;61;62;75m██[38;2;61;62;75m██[38;2;71;33;47m██[38;2;175;55;99m██[38;2;175;55;99m██[38;2;175;55;99m██[38;2;175;55;99m██[38;2;71;33;47m██  [38;2;26;25;31m██[38;2;61;62;75m██[38;2;61;62;75m██[38;2;61;62;75m██[38;2;61;62;75m██[38;2;26;25;31m██[38;2;171;172;185m██[38;2;251;251;251m██[38;2;26;25;31m██[38;2;61;62;75m██[38;2;61;62;75m██[38;2;61;62;75m██[38;2;61;62;75m██[38;2;61;62;75m██[38;2;61;62;75m██[38;2;93;91;107m██[38;2;93;91;107m██[38;2;93;91;107m██[38;2;93;91;107m██[38;2;26;25;31m██              
      [38;2;26;25;31m██[38;2;93;91;107m██[38;2;93;91;107m██[38;2;61;62;75m██[38;2;61;62;75m██[38;2;61;62;75m██[38;2;61;62;75m██[38;2;61;62;75m██[38;2;26;25;31m██[38;2;251;251;251m██[38;2;26;25;31m██[38;2;50;43;57m██[38;2;26;25;31m██        [38;2;26;25;31m██[38;2;26;25;31m██  [38;2;71;33;47m██[38;2;71;33;47m██[38;2;175;55;99m██[38;2;71;33;47m██[38;2;50;43;57m██[38;2;50;43;57m██[38;2;61;62;75m██[38;2;61;62;75m██[38;2;61;62;75m██[38;2;61;62;75m██[38;2;61;62;75m██[38;2;61;62;75m██[38;2;61;62;75m██[38;2;61;62;75m██[38;2;50;43;57m██[38;2;71;33;47m██[38;2;175;55;99m██[38;2;175;55;99m██[38;2;175;55;99m██[38;2;71;33;47m██[38;2;71;33;47m██  [38;2;26;25;31m██[38;2;26;25;31m██[38;2;26;25;31m██[38;2;26;25;31m██[38;2;26;25;31m██[38;2;171;172;185m██[38;2;251;251;251m██[38;2;251;251;251m██[38;2;26;25;31m██[38;2;26;25;31m██[38;2;26;25;31m██[38;2;26;25;31m██[38;2;61;62;75m██[38;2;61;62;75m██[38;2;61;62;75m██[38;2;61;62;75m██[38;2;61;62;75m██[38;2;93;91;107m██[38;2;93;91;107m██[38;2;93;91;107m██[38;2;26;25;31m██            
    [38;2;26;25;31m██[38;2;93;91;107m██[38;2;93;91;107m██[38;2;61;62;75m██[38;2;61;62;75m██[38;2;61;62;75m██[38;2;61;62;75m██[38;2;61;62;75m██[38;2;26;25;31m██[38;2;26;25;31m██[38;2;251;251;251m██[38;2;50;43;57m██[38;2;50;43;57m██[38;2;26;25;31m██      [38;2;26;25;31m██[38;2;93;91;107m██[38;2;93;91;107m██[38;2;26;25;31m██[38;2;175;55;99m██[38;2;71;33;47m██[38;2;71;33;47m██[38;2;71;33;47m██[38;2;50;43;57m██[38;2;50;43;57m██[38;2;50;43;57m██[38;2;50;43;57m██[38;2;50;43;57m██[38;2;61;62;75m██[38;2;61;62;75m██[38;2;50;43;57m██[38;2;50;43;57m██[38;2;50;43;57m██[38;2;50;43;57m██[38;2;71;33;47m██[38;2;71;33;47m██[38;2;71;33;47m██[38;2;71;33;47m██[38;2;175;55;99m██[38;2;175;55;99m██[38;2;71;33;47m██[38;2;122;132;146m██[38;2;122;132;146m██[38;2;122;132;146m██[38;2;26;25;31m██  [38;2;26;25;31m██[38;2;251;251;251m██[38;2;171;172;185m██[38;2;171;172;185m██[38;2;171;172;185m██[38;2;171;172;185m██[38;2;255;255;255m██[38;2;26;25;31m██[38;2;61;62;75m██[38;2;61;62;75m██[38;2;61;62;75m██[38;2;61;62;75m██[38;2;61;62;75m██[38;2;93;91;107m██[38;2;93;91;107m██[38;2;93;91;107m██[38;2;26;25;31m██[38;2;26;25;31m██        
  [38;2;26;25;31m██[38;2;93;91;107m██[38;2;93;91;107m██[38;2;61;62;75m██[38;2;61;62;75m██[38;2;61;62;75m██[38;2;61;62;75m██[38;2;61;62;75m██[38;2;26;25;31m██[38;2;171;172;185m██[38;2;171;172;185m██[38;2;251;251;251m██[38;2;50;43;57m██[38;2;26;25;31m██      [38;2;26;25;31m██[38;2;93;91;107m██[38;2;93;91;107m██[38;2;93;91;107m██[38;2;50;43;57m██[38;2;26;25;31m██[38;2;50;43;57m██[38;2;61;62;75m██[38;2;93;91;107m██[38;2;26;25;31m██[38;2;50;43;57m██[38;2;50;43;57m██[38;2;50;43;57m██[38;2;50;43;57m██[38;2;50;43;57m██[38;2;50;43;57m██[38;2;50;43;57m██[38;2;50;43;57m██[38;2;50;43;57m██[38;2;26;25;31m██[38;2;122;132;146m██[38;2;122;132;146m██[38;2;50;43;57m██[38;2;50;43;57m██[38;2;71;33;47m██[38;2;71;33;47m██[38;2;50;43;57m██[38;2;122;132;146m██[38;2;122;132;146m██[38;2;93;91;107m██[38;2;26;25;31m██  [38;2;26;25;31m██[38;2;171;172;185m██[38;2;171;172;185m██[38;2;171;172;185m██[38;2;171;172;185m██[38;2;171;172;185m██[38;2;171;172;185m██[38;2;26;25;31m██[38;2;61;62;75m██[38;2;61;62;75m██[38;2;61;62;75m██[38;2;61;62;75m██[38;2;61;62;75m██[38;2;61;62;75m██[38;2;93;91;107m██[38;2;93;91;107m██[38;2;93;91;107m██[38;2;93;91;107m██[38;2;26;25;31m██      
  [38;2;26;25;31m██[38;2;93;91;107m██[38;2;61;62;75m██[38;2;61;62;75m██[38;2;61;62;75m██[38;2;61;62;75m██[38;2;61;62;75m██[38;2;26;25;31m██[38;2;171;172;185m██[38;2;171;172;185m██[38;2;50;43;57m██[38;2;50;43;57m██[38;2;26;25;31m██        [38;2;26;25;31m██[38;2;93;91;107m██[38;2;93;91;107m██[38;2;93;91;107m██[38;2;93;91;107m██[38;2;50;43;57m██[38;2;61;62;75m██[38;2;26;25;31m██[38;2;61;62;75m██[38;2;26;25;31m██[38;2;50;43;57m██[38;2;50;43;57m██[38;2;50;43;57m██[38;2;50;43;57m██[38;2;50;43;57m██[38;2;50;43;57m██[38;2;50;43;57m██[38;2;50;43;57m██[38;2;50;43;57m██[38;2;26;25;31m██[38;2;61;62;75m██[38;2;26;25;31m██[38;2;61;62;75m██[38;2;61;62;75m██[38;2;50;43;57m██[38;2;122;132;146m██[38;2;122;132;146m██[38;2;122;132;146m██[38;2;93;91;107m██[38;2;93;91;107m██[38;2;26;25;31m██  [38;2;26;25;31m██[38;2;26;25;31m██[38;2;26;25;31m██[38;2;171;172;185m██[38;2;171;172;185m██[38;2;171;172;185m██[38;2;251;251;251m██[38;2;26;25;31m██[38;2;61;62;75m██[38;2;61;62;75m██[38;2;61;62;75m██[38;2;61;62;75m██[38;2;61;62;75m██[38;2;61;62;75m██[38;2;61;62;75m██[38;2;93;91;107m██[38;2;93;91;107m██[38;2;93;91;107m██[38;2;93;91;107m██[38;2;26;25;31m██    
[38;2;26;25;31m██[38;2;93;91;107m██[38;2;61;62;75m██[38;2;61;62;75m██[38;2;61;62;75m██[38;2;61;62;75m██[38;2;61;62;75m██[38;2;26;25;31m██[38;2;251;251;251m██[38;2;171;172;185m██[38;2;26;25;31m██[38;2;50;43;57m██[38;2;26;25;31m██          [38;2;26;25;31m██[38;2;93;91;107m██[38;2;61;62;75m██[38;2;61;62;75m██[38;2;61;62;75m██[38;2;26;25;31m██[38;2;61;62;75m██[38;2;26;25;31m██[38;2;61;62;75m██[38;2;61;62;75m██[38;2;26;25;31m██[38;2;50;43;57m██[38;2;50;43;57m██[38;2;50;43;57m██[38;2;50;43;57m██[38;2;50;43;57m██[38;2;50;43;57m██[38;2;50;43;57m██[38;2;50;43;57m██[38;2;26;25;31m██[38;2;61;62;75m██[38;2;26;25;31m██[38;2;61;62;75m██[38;2;26;25;31m██[38;2;61;62;75m██[38;2;61;62;75m██[38;2;122;132;146m██[38;2;93;91;107m██[38;2;93;91;107m██[38;2;93;91;107m██[38;2;26;25;31m██        [38;2;26;25;31m██[38;2;171;172;185m██[38;2;251;251;251m██[38;2;251;251;251m██[38;2;26;25;31m██[38;2;26;25;31m██[38;2;26;25;31m██[38;2;26;25;31m██[38;2;61;62;75m██[38;2;61;62;75m██[38;2;61;62;75m██[38;2;61;62;75m██[38;2;61;62;75m██[38;2;61;62;75m██[38;2;93;91;107m██[38;2;93;91;107m██[38;2;93;91;107m██[38;2;26;25;31m██  
[38;2;26;25;31m██[38;2;93;91;107m██[38;2;61;62;75m██[38;2;61;62;75m██[38;2;61;62;75m██[38;2;61;62;75m██[38;2;26;25;31m██[38;2;26;25;31m██[38;2;251;251;251m██[38;2;50;43;57m██[38;2;50;43;57m██[38;2;26;25;31m██            [38;2;26;25;31m██[38;2;93;91;107m██[38;2;61;62;75m██[38;2;61;62;75m██[38;2;61;62;75m██[38;2;26;25;31m██[38;2;61;62;75m██[38;2;26;25;31m██[38;2;61;62;75m██[38;2;61;62;75m██[38;2;26;25;31m██[38;2;26;25;31m██[38;2;50;43;57m██[38;2;50;43;57m██[38;2;50;43;57m██[38;2;50;43;57m██[38;2;50;43;57m██[38;2;50;43;57m██[38;2;50;43;57m██[38;2;50;43;57m██[38;2;26;25;31m██[38;2;26;25;31m██[38;2;61;62;75m██[38;2;26;25;31m██[38;2;61;62;75m██[38;2;61;62;75m██[38;2;122;132;146m██[38;2;93;91;107m██[38;2;93;91;107m██[38;2;93;91;107m██[38;2;26;25;31m██          [38;2;26;25;31m██[38;2;251;251;251m██[38;2;171;172;185m██[38;2;171;172;185m██[38;2;171;172;185m██[38;2;171;172;185m██[38;2;122;132;146m██[38;2;26;25;31m██[38;2;61;62;75m██[38;2;61;62;75m██[38;2;61;62;75m██[38;2;61;62;75m██[38;2;61;62;75m██[38;2;61;62;75m██[38;2;93;91;107m██[38;2;93;91;107m██[38;2;93;91;107m██[38;2;26;25;31m██
[38;2;26;25;31m██[38;2;61;62;75m██[38;2;61;62;75m██[38;2;61;62;75m██[38;2;61;62;75m██[38;2;26;25;31m██[38;2;171;172;185m██[38;2;171;172;185m██[38;2;251;251;251m██[38;2;50;43;57m██[38;2;26;25;31m██              [38;2;26;25;31m██[38;2;93;91;107m██[38;2;61;62;75m██[38;2;61;62;75m██[38;2;26;25;31m██[38;2;61;62;75m██[38;2;26;25;31m██[38;2;61;62;75m██[38;2;61;62;75m██[38;2;61;62;75m██[38;2;26;25;31m██  [38;2;50;43;57m██[38;2;50;43;57m██[38;2;50;43;57m██[38;2;50;43;57m██[38;2;50;43;57m██[38;2;50;43;57m██[38;2;50;43;57m██[38;2;50;43;57m██[38;2;26;25;31m██[38;2;61;62;75m██[38;2;26;25;31m██[38;2;61;62;75m██[38;2;26;25;31m██[38;2;61;62;75m██[38;2;122;132;146m██[38;2;93;91;107m██[38;2;93;91;107m██[38;2;93;91;107m██[38;2;26;25;31m██          [38;2;26;25;31m██[38;2;171;172;185m██[38;2;171;172;185m██[38;2;171;172;185m██[38;2;171;172;185m██[38;2;171;172;185m██[38;2;171;172;185m██[38;2;26;25;31m██[38;2;61;62;75m██[38;2;61;62;75m██[38;2;61;62;75m██[38;2;61;62;75m██[38;2;61;62;75m██[38;2;61;62;75m██[38;2;61;62;75m██[38;2;93;91;107m██[38;2;93;91;107m██[38;2;26;25;31m██
[38;2;26;25;31m██[38;2;61;62;75m██[38;2;61;62;75m██[38;2;61;62;75m██[38;2;61;62;75m██[38;2;26;25;31m██[38;2;171;172;185m██[38;2;50;43;57m██[38;2;50;43;57m██[38;2;26;25;31m██                [38;2;26;25;31m██[38;2;93;91;107m██[38;2;61;62;75m██[38;2;61;62;75m██[38;2;26;25;31m██[38;2;26;25;31m██[38;2;61;62;75m██[38;2;61;62;75m██[38;2;61;62;75m██[38;2;61;62;75m██[38;2;26;25;31m██    [38;2;50;43;57m██[38;2;50;43;57m██[38;2;50;43;57m██[38;2;50;43;57m██[38;2;50;43;57m██[38;2;50;43;57m██[38;2;50;43;57m██[38;2;26;25;31m██[38;2;61;62;75m██[38;2;61;62;75m██[38;2;26;25;31m██[38;2;26;25;31m██[38;2;61;62;75m██[38;2;122;132;146m██[38;2;93;91;107m██[38;2;93;91;107m██[38;2;93;91;107m██[38;2;93;91;107m██[38;2;26;25;31m██        [38;2;26;25;31m██[38;2;26;25;31m██[38;2;26;25;31m██[38;2;171;172;185m██[38;2;171;172;185m██[38;2;171;172;185m██[38;2;251;251;251m██[38;2;26;25;31m██[38;2;61;62;75m██[38;2;61;62;75m██[38;2;61;62;75m██[38;2;61;62;75m██[38;2;61;62;75m██[38;2;61;62;75m██[38;2;61;62;75m██[38;2;61;62;75m██[38;2;93;91;107m██[38;2;26;25;31m██
[38;2;26;25;31m██[38;2;61;62;75m██[38;2;61;62;75m██[38;2;61;62;75m██[38;2;26;25;31m██[38;2;171;172;185m██[38;2;171;172;185m██[38;2;26;25;31m██[38;2;50;43;57m██[38;2;26;25;31m██                [38;2;26;25;31m██[38;2;93;91;107m██[38;2;61;62;75m██[38;2;61;62;75m██[38;2;61;62;75m██[38;2;61;62;75m██[38;2;61;62;75m██[38;2;61;62;75m██[38;2;61;62;75m██[38;2;61;62;75m██[38;2;26;25;31m██      [38;2;50;43;57m██[38;2;50;43;57m██[38;2;50;43;57m██[38;2;50;43;57m██[38;2;50;43;57m██[38;2;26;25;31m██[38;2;26;25;31m██[38;2;61;62;75m██[38;2;61;62;75m██[38;2;61;62;75m██[38;2;61;62;75m██[38;2;61;62;75m██[38;2;122;132;146m██[38;2;93;91;107m██[38;2;93;91;107m██[38;2;93;91;107m██[38;2;93;91;107m██[38;2;26;25;31m██              [38;2;26;25;31m██[38;2;171;172;185m██[38;2;251;251;251m██[38;2;251;251;251m██[38;2;26;25;31m██[38;2;26;25;31m██[38;2;26;25;31m██[38;2;26;25;31m██[38;2;26;25;31m██[38;2;61;62;75m██[38;2;61;62;75m██[38;2;61;62;75m██[38;2;61;62;75m██[38;2;61;62;75m██[38;2;26;25;31m██
  [38;2;26;25;31m██[38;2;61;62;75m██[38;2;61;62;75m██[38;2;61;62;75m██[38;2;26;25;31m██[38;2;26;25;31m██[38;2;50;43;57m██[38;2;26;25;31m██                  [38;2;26;25;31m██[38;2;93;91;107m██[38;2;61;62;75m██[38;2;61;62;75m██[38;2;61;62;75m██[38;2;61;62;75m██[38;2;61;62;75m██[38;2;61;62;75m██[38;2;61;62;75m██[38;2;61;62;75m██[38;2;26;25;31m██          [38;2;50;43;57m██[38;2;50;43;57m██[38;2;26;25;31m██    [38;2;26;25;31m██[38;2;61;62;75m██[38;2;61;62;75m██[38;2;61;62;75m██[38;2;61;62;75m██[38;2;93;91;107m██[38;2;122;132;146m██[38;2;93;91;107m██[38;2;93;91;107m██[38;2;93;91;107m██[38;2;26;25;31m██                [38;2;26;25;31m██[38;2;251;251;251m██[38;2;171;172;185m██[38;2;171;172;185m██[38;2;171;172;185m██[38;2;122;132;146m██[38;2;122;132;146m██[38;2;26;25;31m██[38;2;26;25;31m██[38;2;61;62;75m██[38;2;61;62;75m██[38;2;61;62;75m██[38;2;26;25;31m██  
    [38;2;26;25;31m██[38;2;61;62;75m██[38;2;61;62;75m██[38;2;50;43;57m██[38;2;50;43;57m██[38;2;26;25;31m██                    [38;2;26;25;31m██[38;2;93;91;107m██[38;2;61;62;75m██[38;2;61;62;75m██[38;2;61;62;75m██[38;2;61;62;75m██[38;2;61;62;75m██[38;2;61;62;75m██[38;2;61;62;75m██[38;2;61;62;75m██[38;2;26;25;31m██                    [38;2;26;25;31m██[38;2;61;62;75m██[38;2;61;62;75m██[38;2;61;62;75m██[38;2;61;62;75m██[38;2;61;62;75m██[38;2;122;132;146m██[38;2;93;91;107m██[38;2;93;91;107m██[38;2;93;91;107m██[38;2;26;25;31m██                [38;2;26;25;31m██[38;2;171;172;185m██[38;2;171;172;185m██[38;2;171;172;185m██[38;2;171;172;185m██[38;2;171;172;185m██[38;2;26;25;31m██[38;2;122;132;146m██[38;2;26;25;31m██[38;2;61;62;75m██[38;2;61;62;75m██[38;2;61;62;75m██[38;2;26;25;31m██  
      [38;2;26;25;31m██[38;2;26;25;31m██[38;2;26;25;31m██[38;2;26;25;31m██                      [38;2;26;25;31m██[38;2;93;91;107m██[38;2;61;62;75m██[38;2;61;62;75m██[38;2;61;62;75m██[38;2;61;62;75m██[38;2;61;62;75m██[38;2;61;62;75m██[38;2;61;62;75m██[38;2;61;62;75m██[38;2;26;25;31m██                    [38;2;26;25;31m██[38;2;61;62;75m██[38;2;61;62;75m██[38;2;61;62;75m██[38;2;61;62;75m██[38;2;61;62;75m██[38;2;122;132;146m██[38;2;93;91;107m██[38;2;93;91;107m██[38;2;93;91;107m██[38;2;26;25;31m██                [38;2;26;25;31m██[38;2;26;25;31m██[38;2;26;25;31m██[38;2;171;172;185m██[38;2;171;172;185m██[38;2;26;25;31m██[38;2;122;132;146m██[38;2;122;132;146m██[38;2;26;25;31m██[38;2;61;62;75m██[38;2;61;62;75m██[38;2;26;25;31m██    
                                    [38;2;26;25;31m██[38;2;93;91;107m██[38;2;61;62;75m██[38;2;61;62;75m██[38;2;61;62;75m██[38;2;61;62;75m██[38;2;61;62;75m██[38;2;61;62;75m██[38;2;61;62;75m██[38;2;61;62;75m██[38;2;26;25;31m██                    [38;2;26;25;31m██[38;2;61;62;75m██[38;2;61;62;75m██[38;2;61;62;75m██[38;2;61;62;75m██[38;2;61;62;75m██[38;2;122;132;146m██[38;2;93;91;107m██[38;2;93;91;107m██[38;2;93;91;107m██[38;2;26;25;31m██                      [38;2;26;25;31m██[38;2;26;25;31m██  [38;2;26;25;31m██[38;2;122;132;146m██[38;2;122;132;146m██[38;2;26;25;31m██[38;2;26;25;31m██      
                                    [38;2;26;25;31m██[38;2;93;91;107m██[38;2;61;62;75m██[38;2;61;62;75m██[38;2;61;62;75m██[38;2;61;62;75m██[38;2;61;62;75m██[38;2;61;62;75m██[38;2;61;62;75m██[38;2;26;25;31m██                        [38;2;26;25;31m██[38;2;61;62;75m██[38;2;61;62;75m██[38;2;61;62;75m██[38;2;61;62;75m██[38;2;122;132;146m██[38;2;93;91;107m██[38;2;93;91;107m██[38;2;93;91;107m██[38;2;26;25;31m██                            [38;2;26;25;31m██[38;2;26;25;31m██[38;2;26;25;31m██          
                                      [38;2;26;25;31m██[38;2;93;91;107m██[38;2;61;62;75m██[38;2;61;62;75m██[38;2;61;62;75m██[38;2;61;62;75m██[38;2;61;62;75m██[38;2;61;62;75m██[38;2;26;25;31m██                        [38;2;26;25;31m██[38;2;61;62;75m██[38;2;61;62;75m██[38;2;61;62;75m██[38;2;61;62;75m██[38;2;122;132;146m██[38;2;93;91;107m██[38;2;93;91;107m██[38;2;93;91;107m██[38;2;26;25;31m██                                            
                                      [38;2;26;25;31m██[38;2;93;91;107m██[38;2;61;62;75m██[38;2;61;62;75m██[38;2;61;62;75m██[38;2;61;62;75m██[38;2;61;62;75m██[38;2;61;62;75m██[38;2;26;25;31m██                        [38;2;26;25;31m██[38;2;61;62;75m██[38;2;61;62;75m██[38;2;61;62;75m██[38;2;61;62;75m██[38;2;122;132;146m██[38;2;93;91;107m██[38;2;93;91;107m██[38;2;93;91;107m██[38;2;26;25;31m██                                            
                                      [38;2;26;25;31m██[38;2;93;91;107m██[38;2;61;62;75m██[38;2;61;62;75m██[38;2;61;62;75m██[38;2;61;62;75m██[38;2;61;62;75m██[38;2;61;62;75m██[38;2;26;25;31m██                        [38;2;26;25;31m██[38;2;61;62;75m██[38;2;61;62;75m██[38;2;61;62;75m██[38;2;61;62;75m██[38;2;122;132;146m██[38;2;93;91;107m██[38;2;93;91;107m██[38;2;93;91;107m██[38;2;26;25;31m██                                            
                                      [38;2;26;25;31m██[38;2;93;91;107m██[38;2;61;62;75m██[38;2;61;62;75m██[38;2;61;62;75m██[38;2;61;62;75m██[38;2;61;62;75m██[38;2;61;62;75m██[38;2;26;25;31m██                        [38;2;26;25;31m██[38;2;61;62;75m██[38;2;61;62;75m██[38;2;61;62;75m██[38;2;61;62;75m██[38;2;122;132;146m██[38;2;93;91;107m██[38;2;93;91;107m██[38;2;93;91;107m██[38;2;26;25;31m██                                            
                                      [38;2;26;25;31m██[38;2;93;91;107m██[38;2;61;62;75m██[38;2;61;62;75m██[38;2;61;62;75m██[38;2;61;62;75m██[38;2;61;62;75m██[38;2;61;62;75m██[38;2;26;25;31m██                          [38;2;26;25;31m██[38;2;61;62;75m██[38;2;61;62;75m██[38;2;61;62;75m██[38;2;122;132;146m██[38;2;93;91;107m██[38;2;93;91;107m██[38;2;93;91;107m██[38;2;26;25;31m██                                            
                                      [38;2;26;25;31m██[38;2;93;91;107m██[38;2;61;62;75m██[38;2;61;62;75m██[38;2;61;62;75m██[38;2;61;62;75m██[38;2;61;62;75m██[38;2;61;62;75m██[38;2;26;25;31m██                          [38;2;26;25;31m██[38;2;61;62;75m██[38;2;61;62;75m██[38;2;61;62;75m██[38;2;93;91;107m██[38;2;122;132;146m██[38;2;93;91;107m██[38;2;93;91;107m██[38;2;26;25;31m██                                            
                                      [38;2;26;25;31m██[38;2;93;91;107m██[38;2;61;62;75m██[38;2;61;62;75m██[38;2;61;62;75m██[38;2;61;62;75m██[38;2;61;62;75m██[38;2;26;25;31m██                            [38;2;26;25;31m██[38;2;61;62;75m██[38;2;61;62;75m██[38;2;61;62;75m██[38;2;61;62;75m██[38;2;122;132;146m██[38;2;93;91;107m██[38;2;93;91;107m██[38;2;26;25;31m██                                            
                                        [38;2;26;25;31m██[38;2;61;62;75m██[38;2;61;62;75m██[38;2;61;62;75m██[38;2;61;62;75m██[38;2;61;62;75m██[38;2;26;25;31m██                            [38;2;26;25;31m██[38;2;61;62;75m██[38;2;61;62;75m██[38;2;61;62;75m██[38;2;61;62;75m██[38;2;122;132;146m██[38;2;93;91;107m██[38;2;93;91;107m██[38;2;26;25;31m██                                            
                                        [38;2;26;25;31m██[38;2;61;62;75m██[38;2;61;62;75m██[38;2;61;62;75m██[38;2;61;62;75m██[38;2;61;62;75m██[38;2;26;25;31m██                              [38;2;26;25;31m██[38;2;61;62;75m██[38;2;61;62;75m██[38;2;61;62;75m██[38;2;122;132;146m██[38;2;93;91;107m██[38;2;93;91;107m██[38;2;26;25;31m██                                            
                                        [38;2;26;25;31m██[38;2;61;62;75m██[38;2;61;62;75m██[38;2;61;62;75m██[38;2;61;62;75m██[38;2;61;62;75m██[38;2;26;25;31m██                              [38;2;26;25;31m██[38;2;61;62;75m██[38;2;61;62;75m██[38;2;61;62;75m██[38;2;122;132;146m██[38;2;93;91;107m██[38;2;93;91;107m██[38;2;26;25;31m██                                            
                                        [38;2;26;25;31m██[38;2;61;62;75m██[38;2;61;62;75m██[38;2;61;62;75m██[38;2;61;62;75m██[38;2;26;25;31m██                                [38;2;26;25;31m██[38;2;61;62;75m██[38;2;61;62;75m██[38;2;61;62;75m██[38;2;122;132;146m██[38;2;93;91;107m██[38;2;93;91;107m██[38;2;26;25;31m██                                            
                                        [38;2;26;25;31m██[38;2;61;62;75m██[38;2;61;62;75m██[38;2;61;62;75m██[38;2;61;62;75m██[38;2;26;25;31m██                                  [38;2;26;25;31m██[38;2;61;62;75m██[38;2;61;62;75m██[38;2;122;132;146m██[38;2;93;91;107m██[38;2;93;91;107m██[38;2;26;25;31m██                                            
                                          [38;2;26;25;31m██[38;2;61;62;75m██[38;2;61;62;75m██[38;2;61;62;75m██[38;2;26;25;31m██                                  [38;2;26;25;31m██[38;2;61;62;75m██[38;2;61;62;75m██[38;2;122;132;146m██[38;2;93;91;107m██[38;2;26;25;31m██                                              
                                          [38;2;26;25;31m██[38;2;61;62;75m██[38;2;93;91;107m██[38;2;61;62;75m██[38;2;26;25;31m██                                  [38;2;26;25;31m██[38;2;61;62;75m██[38;2;61;62;75m██[38;2;122;132;146m██[38;2;93;91;107m██[38;2;26;25;31m██                                              
                                          [38;2;26;25;31m██[38;2;93;91;107m██[38;2;122;132;146m██[38;2;26;25;31m██                                      [38;2;26;25;31m██[38;2;61;62;75m██[38;2;122;132;146m██[38;2;93;91;107m██[38;2;26;25;31m██                                              
                                          [38;2;26;25;31m██[38;2;122;132;146m██[38;2;122;132;146m██[38;2;26;25;31m██                                      [38;2;26;25;31m██[38;2;61;62;75m██[38;2;122;132;146m██[38;2;93;91;107m██[38;2;26;25;31m██                                              
                                          [38;2;26;25;31m██[38;2;122;132;146m██[38;2;122;132;146m██[38;2;26;25;31m██                                      [38;2;26;25;31m██[38;2;61;62;75m██[38;2;122;132;146m██[38;2;93;91;107m██[38;2;26;25;31m██                                              
                                            [38;2;26;25;31m██[38;2;122;132;146m██[38;2;26;25;31m██                                        [38;2;26;25;31m██[38;2;93;91;107m██[38;2;93;91;107m██[38;2;26;25;31m██                                              
                                            [38;2;26;25;31m██[38;2;26;25;31m██                                          [38;2;26;25;31m██[38;2;122;132;146m██[38;2;93;91;107m██[38;2;26;25;31m██                                              
                                                                                          [38;2;26;25;31m██[38;2;122;132;146m██[38;2;122;132;146m██[38;2;26;25;31m██                                              
                                                                                            [38;2;26;25;31m██[38;2;122;132;146m██[38;2;26;25;31m██                                              
                                                                                            [38;2;26;25;31m██[38;2;122;132;146m██[38;2;26;25;31m██                                              
                                                                                            [38;2;26;25;31m██[38;2;122;132;146m██[38;2;26;25;31m██                                              
                                                                                              [38;2;26;25;31m██                                                
