                                [38;2;39;44;56m██[38;2;27;30;38m██            [38;2;27;30;38m██[38;2;16;16;16m██                                                                        
                              [38;2;57;63;79m██[38;2;83;92;115m██[38;2;27;30;38m██            [38;2;27;30;38m██[38;2;39;44;56m██[38;2;27;30;38m██                                                                      
                              [38;2;57;63;79m██[38;2;83;92;115m██[38;2;27;30;38m██          [38;2;27;30;38m██[38;2;39;44;56m██[38;2;39;44;56m██[38;2;16;16;16m██                                                                      
                              [38;2;57;63;79m██[38;2;83;92;115m██[38;2;39;44;56m██          [38;2;27;30;38m██[38;2;39;44;56m██[38;2;39;44;56m██[38;2;16;16;16m██                                                                      
                            [38;2;57;63;79m██[38;2;83;92;115m██[38;2;83;92;115m██[38;2;57;63;79m██[38;2;39;44;56m██      [38;2;27;30;38m██[38;2;39;44;56m██[38;2;39;44;56m██[38;2;39;44;56m██[38;2;16;16;16m██                                                                      
                            [38;2;57;63;79m██[38;2;83;92;115m██[38;2;83;92;115m██[38;2;57;63;79m██[38;2;39;44;56m██    [38;2;27;30;38m██[38;2;39;44;56m██[38;2;39;44;56m██[38;2;39;44;56m██[38;2;39;44;56m██[38;2;16;16;16m██                                                                      
                            [38;2;57;63;79m██[38;2;83;92;115m██[38;2;83;92;115m██[38;2;57;63;79m██[38;2;57;63;79m██[38;2;16;16;16m██[38;2;27;30;38m██[38;2;39;44;56m██[38;2;39;44;56m██[38;2;39;44;56m██[38;2;39;44;56m██[38;2;39;44;56m██[38;2;27;30;38m██                                                                      
                          [38;2;39;44;56m██[38;2;57;63;79m██[38;2;57;63;79m██[38;2;83;92;115m██[38;2;57;63;79m██[38;2;39;44;56m██[38;2;57;63;79m██[38;2;57;63;79m██[38;2;39;44;56m██[38;2;39;44;56m██[38;2;39;44;56m██[38;2;39;44;56m██[38;2;57;63;79m██[38;2;57;63;79m██[38;2;16;16;16m██                                                                    
                          [38;2;39;44;56m██[38;2;57;63;79m██[38;2;57;63;79m██[38;2;57;63;79m██[38;2;57;63;79m██[38;2;39;44;56m██[38;2;83;92;115m██[38;2;39;44;56m██[38;2;39;44;56m██[38;2;39;44;56m██[38;2;39;44;56m██[38;2;57;63;79m██[38;2;57;63;79m██[38;2;57;63;79m██[38;2;16;16;16m██                                                                    
                          [38;2;39;44;56m██[38;2;57;63;79m██[38;2;39;44;56m██[38;2;39;44;56m██[38;2;57;63;79m██[38;2;57;63;79m██[38;2;83;92;115m██[38;2;39;44;56m██[38;2;39;44;56m██[38;2;39;44;56m██[38;2;27;30;38m██[38;2;27;30;38m██[38;2;27;30;38m██[38;2;57;63;79m██[38;2;16;16;16m██                                                                    
                          [38;2;27;30;38m██[38;2;27;30;38m██    [38;2;27;30;38m██[38;2;57;63;79m██[38;2;57;63;79m██[38;2;39;44;56m██[38;2;39;44;56m██[38;2;16;16;16m██      [38;2;16;16;16m██[38;2;16;16;16m██                                                                    
                                    [38;2;39;44;56m██[38;2;57;63;79m██[38;2;39;44;56m██[38;2;39;44;56m██[38;2;16;16;16m██                                                                              
                                    [38;2;27;30;38m██[38;2;57;63;79m██[38;2;39;44;56m██[38;2;39;44;56m██[38;2;16;16;16m██                                                                              
                                    [38;2;27;30;38m██[38;2;57;63;79m██[38;2;50;56;71m██[38;2;39;44;56m██[38;2;16;16;16m██                                                                              
                                    [38;2;27;30;38m██[38;2;57;63;79m██[38;2;57;63;79m██[38;2;39;44;56m██[38;2;27;30;38m██                                                                              
                                      [38;2;39;44;56m██[38;2;57;63;79m██[38;2;39;44;56m██[38;2;39;44;56m██[38;2;16;16;16m██                                                                            
                                      [38;2;27;30;38m██[38;2;57;63;79m██[38;2;39;44;56m██[38;2;39;44;56m██[38;2;16;16;16m██                                                                            
                                      [38;2;27;30;38m██[38;2;57;63;79m██[38;2;39;44;56m██[38;2;39;44;56m██[38;2;27;30;38m██                    [38;2;27;30;38m██[38;2;27;30;38m██[38;2;27;30;38m██                                                  
                      [38;2;39;44;56m██[38;2;39;44;56m██[38;2;39;44;56m██          [38;2;27;30;38m██[38;2;57;63;79m██[38;2;39;44;56m██[38;2;39;44;56m██[38;2;39;44;56m██[38;2;16;16;16m██    [38;2;39;44;56m██[38;2;39;44;56m██[38;2;39;44;56m██[38;2;39;44;56m██    [38;2;27;30;38m██[38;2;83;92;115m██[38;2;83;92;115m██[38;2;57;63;79m██[38;2;27;30;38m██                                                
                    [38;2;39;44;56m██[38;2;83;92;115m██[38;2;83;92;115m██[38;2;57;63;79m██[38;2;39;44;56m██        [38;2;27;30;38m██[38;2;57;63;79m██[38;2;50;56;71m██[38;2;39;44;56m██[38;2;39;44;56m██[38;2;16;16;16m██[38;2;39;44;56m██[38;2;57;63;79m██[38;2;83;92;115m██[38;2;83;92;115m██[38;2;57;63;79m██[38;2;57;63;79m██[38;2;39;44;56m██[38;2;39;44;56m██[38;2;27;30;38m██[38;2;83;92;115m██[38;2;57;63;79m██[38;2;57;63;79m██[38;2;27;30;38m██                                                
                    [38;2;39;44;56m██[38;2;83;92;115m██[38;2;57;63;79m██[38;2;57;63;79m██[38;2;27;30;38m██        [38;2;27;30;38m██[38;2;57;63;79m██[38;2;57;63;79m██[38;2;39;44;56m██[38;2;39;44;56m██[38;2;27;30;38m██[38;2;83;92;115m██[38;2;83;92;115m██[38;2;83;92;115m██[38;2;83;92;115m██[38;2;57;63;79m██[38;2;57;63;79m██[38;2;57;63;79m██[38;2;57;63;79m██[38;2;27;30;38m██[38;2;57;63;79m██[38;2;57;63;79m██[38;2;39;44;56m██[38;2;16;16;16m██                                                
                    [38;2;39;44;56m██[38;2;57;63;79m██[38;2;57;63;79m██[38;2;39;44;56m██[38;2;16;16;16m██          [38;2;39;44;56m██[38;2;57;63;79m██[38;2;39;44;56m██[38;2;39;44;56m██[38;2;39;44;56m██[38;2;16;16;16m██[38;2;83;92;115m██[38;2;83;92;115m██[38;2;57;63;79m██[38;2;57;63;79m██[38;2;57;63;79m██[38;2;57;63;79m██[38;2;57;63;79m██[38;2;39;44;56m██[38;2;39;44;56m██[38;2;16;16;16m██[38;2;16;16;16m██                                                  
                      [38;2;16;16;16m██[38;2;16;16;16m██[38;2;39;44;56m██[38;2;57;63;79m██[38;2;27;30;38m██        [38;2;27;30;38m██[38;2;57;63;79m██[38;2;39;44;56m██[38;2;39;44;56m██[38;2;39;44;56m██[38;2;27;30;38m██[38;2;57;63;79m██[38;2;57;63;79m██[38;2;57;63;79m██[38;2;57;63;79m██[38;2;57;63;79m██[38;2;57;63;79m██[38;2;27;30;38m██[38;2;57;63;79m██[38;2;16;16;16m██[38;2;57;63;79m██[38;2;57;63;79m██[38;2;39;44;56m██                                                
                            [38;2;27;30;38m██[38;2;57;63;79m██[38;2;27;30;38m██    [38;2;39;44;56m██[38;2;27;30;38m██[38;2;57;63;79m██[38;2;39;44;56m██[38;2;39;44;56m██[38;2;39;44;56m██[38;2;39;44;56m██[38;2;27;30;38m██[38;2;57;63;79m██[38;2;57;63;79m██[38;2;57;63;79m██[38;2;57;63;79m██[38;2;27;30;38m██[38;2;57;63;79m██[38;2;27;30;38m██[38;2;57;63;79m██[38;2;57;63;79m██[38;2;57;63;79m██[38;2;57;63;79m██[38;2;39;44;56m██                                              
                              [38;2;27;30;38m██[38;2;57;63;79m██[38;2;27;30;38m██  [38;2;39;44;56m██[38;2;27;30;38m██[38;2;57;63;79m██[38;2;50;56;71m██[38;2;39;44;56m██[38;2;39;44;56m██[38;2;39;44;56m██[38;2;39;44;56m██[38;2;39;44;56m██[38;2;57;63;79m██[38;2;57;63;79m██[38;2;27;30;38m██[38;2;57;63;79m██[38;2;39;44;56m██[38;2;57;63;79m██[38;2;57;63;79m██[38;2;57;63;79m██[38;2;57;63;79m██[38;2;57;63;79m██[38;2;39;44;56m██[38;2;16;16;16m██                                            
                              [38;2;27;30;38m██[38;2;39;44;56m██[38;2;57;63;79m██[38;2;27;30;38m██[38;2;50;56;71m██[38;2;27;30;38m██[38;2;57;63;79m██[38;2;57;63;79m██[38;2;39;44;56m██[38;2;39;44;56m██[38;2;39;44;56m██[38;2;39;44;56m██[38;2;39;44;56m██[38;2;57;63;79m██[38;2;39;44;56m██[38;2;57;63;79m██[38;2;57;63;79m██[38;2;27;30;38m██[38;2;57;63;79m██[38;2;57;63;79m██[38;2;57;63;79m██[38;2;57;63;79m██[38;2;57;63;79m██[38;2;50;56;71m██[38;2;27;30;38m██                                            
                                [38;2;16;16;16m██[38;2;39;44;56m██[38;2;27;30;38m██[38;2;50;56;71m██[38;2;50;56;71m██[38;2;27;30;38m██[38;2;57;63;79m██[38;2;39;44;56m██[38;2;39;44;56m██[38;2;39;44;56m██[38;2;39;44;56m██[38;2;39;44;56m██[38;2;57;63;79m██[38;2;57;63;79m██[38;2;57;63;79m██[38;2;39;44;56m██[38;2;57;63;79m██[38;2;57;63;79m██[38;2;57;63;79m██[38;2;57;63;79m██[38;2;57;63;79m██[38;2;57;63;79m██[38;2;50;56;71m██[38;2;39;44;56m██[38;2;16;16;16m██                                          
                                  [38;2;16;16;16m██[38;2;50;56;71m██[38;2;255;222;90m██[38;2;189;156;49m██[38;2;27;30;38m██[38;2;57;63;79m██[38;2;50;56;71m██[38;2;39;44;56m██[38;2;39;44;56m██[38;2;39;44;56m██[38;2;57;63;79m██[38;2;57;63;79m██[38;2;255;222;90m██[38;2;255;222;90m██[38;2;189;156;49m██[38;2;57;63;79m██[38;2;57;63;79m██[38;2;57;63;79m██[38;2;57;63;79m██[38;2;57;63;79m██[38;2;57;63;79m██[38;2;39;44;56m██[38;2;39;44;56m██[38;2;27;30;38m██                                          
                                  [38;2;16;16;16m██[38;2;189;156;49m██[38;2;98;98;98m██[38;2;255;255;255m██[38;2;27;30;38m██[38;2;57;63;79m██[38;2;57;63;79m██[38;2;39;44;56m██[38;2;39;44;56m██[38;2;39;44;56m██[38;2;39;44;56m██[38;2;255;222;90m██[38;2;255;255;255m██[38;2;98;98;98m██[38;2;255;222;90m██[38;2;106;90;32m██[38;2;57;63;79m██[38;2;57;63;79m██[38;2;57;63;79m██[38;2;57;63;79m██[38;2;50;56;71m██[38;2;39;44;56m██[38;2;39;44;56m██[38;2;39;44;56m██[38;2;16;16;16m██                                        
                                  [38;2;27;30;38m██[38;2;189;156;49m██[38;2;16;16;16m██[38;2;16;16;16m██[38;2;189;156;49m██[38;2;27;30;38m██[38;2;57;63;79m██[38;2;39;44;56m██[38;2;39;44;56m██[38;2;39;44;56m██[38;2;39;44;56m██[38;2;255;222;90m██[38;2;16;16;16m██[38;2;16;16;16m██[38;2;255;222;90m██[38;2;106;90;32m██[38;2;57;63;79m██[38;2;57;63;79m██[38;2;57;63;79m██[38;2;50;56;71m██[38;2;39;44;56m██[38;2;39;44;56m██[38;2;39;44;56m██[38;2;39;44;56m██[38;2;16;16;16m██                                        
                                  [38;2;27;30;38m██[38;2;189;156;49m██[38;2;98;98;98m██[38;2;16;16;16m██[38;2;189;156;49m██[38;2;27;30;38m██[38;2;50;56;71m██[38;2;39;44;56m██[38;2;39;44;56m██[38;2;39;44;56m██[38;2;39;44;56m██[38;2;189;156;49m██[38;2;16;16;16m██[38;2;16;16;16m██[38;2;189;156;49m██[38;2;106;90;32m██[38;2;57;63;79m██[38;2;50;56;71m██[38;2;39;44;56m██[38;2;39;44;56m██[38;2;39;44;56m██[38;2;39;44;56m██[38;2;39;44;56m██[38;2;39;44;56m██[38;2;16;16;16m██                                        
                                  [38;2;27;30;38m██[38;2;39;44;56m██[38;2;189;156;49m██[38;2;189;156;49m██[38;2;106;90;32m██[38;2;50;56;71m██[38;2;50;56;71m██[38;2;39;44;56m██[38;2;39;44;56m██[38;2;39;44;56m██[38;2;39;44;56m██[38;2;106;90;32m██[38;2;189;156;49m██[38;2;189;156;49m██[38;2;27;30;38m██[38;2;39;44;56m██[38;2;39;44;56m██[38;2;39;44;56m██[38;2;39;44;56m██[38;2;39;44;56m██[38;2;39;44;56m██[38;2;39;44;56m██[38;2;27;30;38m██[38;2;27;30;38m██[38;2;16;16;16m██[38;2;16;16;16m██                                      
                                [38;2;27;30;38m██[38;2;27;30;38m██[38;2;50;56;71m██[38;2;39;44;56m██[38;2;27;30;38m██[38;2;50;56;71m██[38;2;50;56;71m██[38;2;16;16;16m██[38;2;16;16;16m██[38;2;27;30;38m██[38;2;39;44;56m██[38;2;39;44;56m██[38;2;16;16;16m██[38;2;27;30;38m██[38;2;27;30;38m██[38;2;39;44;56m██[38;2;39;44;56m██[38;2;39;44;56m██[38;2;39;44;56m██[38;2;39;44;56m██[38;2;39;44;56m██[38;2;39;44;56m██[38;2;27;30;38m██[38;2;57;63;79m██[38;2;57;63;79m██[38;2;39;44;56m██[38;2;39;44;56m██[38;2;16;16;16m██[38;2;16;16;16m██                                  
                            [38;2;27;30;38m██[38;2;27;30;38m██[38;2;39;44;56m██[38;2;27;30;38m██[38;2;50;56;71m██[38;2;50;56;71m██[38;2;50;56;71m██[38;2;27;30;38m██[38;2;16;16;16m██[38;2;50;56;71m██[38;2;50;56;71m██[38;2;50;56;71m██[38;2;16;16;16m██[38;2;16;16;16m██[38;2;39;44;56m██[38;2;39;44;56m██[38;2;39;44;56m██[38;2;39;44;56m██[38;2;39;44;56m██[38;2;39;44;56m██[38;2;39;44;56m██[38;2;39;44;56m██[38;2;39;44;56m██[38;2;39;44;56m██[38;2;57;63;79m██[38;2;57;63;79m██[38;2;57;63;79m██[38;2;57;63;79m██[38;2;39;44;56m██[38;2;39;44;56m██[38;2;39;44;56m██[38;2;27;30;38m██[38;2;27;30;38m██[38;2;27;30;38m██                            
                        [38;2;27;30;38m██[38;2;27;30;38m██[38;2;39;44;56m██[38;2;39;44;56m██[38;2;39;44;56m██[38;2;39;44;56m██[38;2;27;30;38m██[38;2;50;56;71m██[38;2;50;56;71m██[38;2;50;56;71m██[38;2;50;56;71m██[38;2;50;56;71m██[38;2;50;56;71m██[38;2;50;56;71m██[38;2;50;56;71m██[38;2;50;56;71m██[38;2;39;44;56m██[38;2;39;44;56m██[38;2;39;44;56m██[38;2;39;44;56m██[38;2;39;44;56m██[38;2;39;44;56m██[38;2;39;44;56m██[38;2;39;44;56m██[38;2;39;44;56m██[38;2;27;30;38m██[38;2;57;63;79m██[38;2;57;63;79m██[38;2;57;63;79m██[38;2;57;63;79m██[38;2;39;44;56m██[38;2;39;44;56m██[38;2;39;44;56m██[38;2;16;16;16m██[38;2;39;44;56m██[38;2;39;44;56m██[38;2;27;30;38m██[38;2;16;16;16m██[38;2;16;16;16m██[38;2;27;30;38m██                    
                    [38;2;27;30;38m██[38;2;27;30;38m██[38;2;39;44;56m██[38;2;16;16;16m██[38;2;39;44;56m██[38;2;39;44;56m██[38;2;39;44;56m██[38;2;39;44;56m██[38;2;27;30;38m██[38;2;50;56;71m██[38;2;50;56;71m██[38;2;50;56;71m██[38;2;50;56;71m██[38;2;50;56;71m██[38;2;50;56;71m██[38;2;50;56;71m██[38;2;50;56;71m██[38;2;50;56;71m██[38;2;50;56;71m██[38;2;50;56;71m██[38;2;39;44;56m██[38;2;39;44;56m██[38;2;39;44;56m██[38;2;39;44;56m██[38;2;39;44;56m██[38;2;39;44;56m██[38;2;39;44;56m██[38;2;16;16;16m██[38;2;39;44;56m██[38;2;57;63;79m██[38;2;57;63;79m██[38;2;39;44;56m██[38;2;39;44;56m██[38;2;39;44;56m██[38;2;39;44;56m██[38;2;16;16;16m██[38;2;27;30;38m██[38;2;27;30;38m██[38;2;16;16;16m██[38;2;39;44;56m██[38;2;57;63;79m██[38;2;57;63;79m██[38;2;27;30;38m██[38;2;27;30;38m██                
                [38;2;27;30;38m██[38;2;27;30;38m██[38;2;39;44;56m██[38;2;39;44;56m██[38;2;27;30;38m██[38;2;27;30;38m██[38;2;16;16;16m██[38;2;16;16;16m██[38;2;39;44;56m██[38;2;39;44;56m██[38;2;39;44;56m██[38;2;27;30;38m██[38;2;50;56;71m██[38;2;50;56;71m██[38;2;50;56;71m██[38;2;27;30;38m██[38;2;27;30;38m██[38;2;27;30;38m██[38;2;27;30;38m██[38;2;27;30;38m██[38;2;50;56;71m██[38;2;50;56;71m██[38;2;50;56;71m██[38;2;50;56;71m██[38;2;39;44;56m██[38;2;39;44;56m██[38;2;39;44;56m██[38;2;39;44;56m██[38;2;16;16;16m██[38;2;16;16;16m██[38;2;16;16;16m██[38;2;39;44;56m██[38;2;39;44;56m██[38;2;39;44;56m██[38;2;39;44;56m██[38;2;16;16;16m██[38;2;16;16;16m██      [38;2;16;16;16m██[38;2;57;63;79m██[38;2;57;63;79m██[38;2;57;63;79m██[38;2;57;63;79m██[38;2;57;63;79m██[38;2;16;16;16m██              
              [38;2;27;30;38m██[38;2;39;44;56m██[38;2;39;44;56m██[38;2;16;16;16m██[38;2;27;30;38m██        [38;2;16;16;16m██[38;2;16;16;16m██[38;2;27;30;38m██[38;2;27;30;38m██[38;2;27;30;38m██[38;2;27;30;38m██[38;2;27;30;38m██[38;2;39;44;56m██[38;2;50;56;71m██[38;2;50;56;71m██[38;2;57;63;79m██[38;2;57;63;79m██[38;2;27;30;38m██[38;2;27;30;38m██[38;2;27;30;38m██[38;2;50;56;71m██[38;2;50;56;71m██[38;2;39;44;56m██[38;2;27;30;38m██[38;2;16;16;16m██[38;2;39;44;56m██[38;2;27;30;38m██[38;2;27;30;38m██[38;2;16;16;16m██[38;2;16;16;16m██[38;2;16;16;16m██[38;2;16;16;16m██          [38;2;27;30;38m██[38;2;39;44;56m██[38;2;57;63;79m██[38;2;57;63;79m██[38;2;57;63;79m██[38;2;57;63;79m██[38;2;57;63;79m██[38;2;16;16;16m██            
            [38;2;39;44;56m██[38;2;57;63;79m██[38;2;57;63;79m██[38;2;39;44;56m██[38;2;39;44;56m██[38;2;16;16;16m██              [38;2;27;30;38m██[38;2;39;44;56m██[38;2;50;56;71m██[38;2;50;56;71m██[38;2;39;44;56m██[38;2;57;63;79m██[38;2;57;63;79m██[38;2;57;63;79m██[38;2;57;63;79m██[38;2;57;63;79m██[38;2;57;63;79m██[38;2;57;63;79m██[38;2;27;30;38m██[38;2;27;30;38m██[38;2;27;30;38m██[38;2;39;44;56m██[38;2;39;44;56m██[38;2;39;44;56m██[38;2;39;44;56m██[38;2;27;30;38m██[38;2;39;44;56m██[38;2;39;44;56m██[38;2;39;44;56m██[38;2;39;44;56m██[38;2;16;16;16m██          [38;2;16;16;16m██[38;2;57;63;79m██[38;2;83;92;115m██[38;2;57;63;79m██[38;2;57;63;79m██[38;2;57;63;79m██[38;2;39;44;56m██[38;2;16;16;16m██[38;2;16;16;16m██        
          [38;2;39;44;56m██[38;2;57;63;79m██[38;2;83;92;115m██[38;2;50;56;71m██[38;2;50;56;71m██[38;2;39;44;56m██[38;2;16;16;16m██              [38;2;27;30;38m██[38;2;39;44;56m██[38;2;57;63;79m██[38;2;57;63;79m██[38;2;39;44;56m██[38;2;57;63;79m██[38;2;57;63;79m██[38;2;57;63;79m██[38;2;57;63;79m██[38;2;57;63;79m██[38;2;57;63;79m██[38;2;57;63;79m██[38;2;39;44;56m██[38;2;57;63;79m██[38;2;50;56;71m██[38;2;39;44;56m██[38;2;39;44;56m██[38;2;39;44;56m██[38;2;39;44;56m██[38;2;27;30;38m██[38;2;39;44;56m██[38;2;39;44;56m██[38;2;39;44;56m██[38;2;39;44;56m██[38;2;16;16;16m██          [38;2;16;16;16m██[38;2;39;44;56m██[38;2;57;63;79m██[38;2;83;92;115m██[38;2;83;92;115m██[38;2;57;63;79m██[38;2;57;63;79m██[38;2;50;56;71m██[38;2;39;44;56m██[38;2;16;16;16m██      
      [38;2;39;44;56m██[38;2;57;63;79m██[38;2;83;92;115m██[38;2;83;92;115m██[38;2;50;56;71m██[38;2;50;56;71m██[38;2;50;56;71m██[38;2;27;30;38m██                  [38;2;16;16;16m██[38;2;57;63;79m██[38;2;57;63;79m██[38;2;39;44;56m██[38;2;57;63;79m██[38;2;57;63;79m██[38;2;57;63;79m██[38;2;57;63;79m██[38;2;57;63;79m██[38;2;57;63;79m██[38;2;57;63;79m██[38;2;39;44;56m██[38;2;57;63;79m██[38;2;57;63;79m██[38;2;50;56;71m██[38;2;39;44;56m██[38;2;39;44;56m██[38;2;39;44;56m██[38;2;39;44;56m██[38;2;27;30;38m██[38;2;39;44;56m██[38;2;39;44;56m██[38;2;39;44;56m██[38;2;18;27;51m██            [38;2;16;16;16m██[38;2;57;63;79m██[38;2;83;92;115m██[38;2;83;92;115m██[38;2;83;92;115m██[38;2;57;63;79m██[38;2;57;63;79m██[38;2;50;56;71m██[38;2;39;44;56m██[38;2;27;30;38m██    
    [38;2;39;44;56m██[38;2;83;92;115m██[38;2;83;92;115m██[38;2;83;92;115m██[38;2;50;56;71m██[38;2;50;56;71m██[38;2;50;56;71m██[38;2;39;44;56m██[38;2;27;30;38m██                  [38;2;16;16;16m██[38;2;57;63;79m██[38;2;57;63;79m██[38;2;57;63;79m██[38;2;39;44;56m██[38;2;57;63;79m██[38;2;57;63;79m██[38;2;57;63;79m██[38;2;57;63;79m██[38;2;57;63;79m██[38;2;57;63;79m██[38;2;57;63;79m██[38;2;39;44;56m██[38;2;57;63;79m██[38;2;57;63;79m██[38;2;39;44;56m██[38;2;39;44;56m██[38;2;39;44;56m██[38;2;39;44;56m██[38;2;27;30;38m██[38;2;39;44;56m██[38;2;39;44;56m██[38;2;39;44;56m██[38;2;39;44;56m██[38;2;16;16;16m██          [38;2;16;16;16m██[38;2;57;63;79m██[38;2;57;63;79m██[38;2;83;92;115m██[38;2;83;92;115m██[38;2;57;63;79m██[38;2;57;63;79m██[38;2;39;44;56m██[38;2;27;30;38m██[38;2;27;30;38m██    
  [38;2;39;44;56m██[38;2;57;63;79m██[38;2;83;92;115m██[38;2;83;92;115m██[38;2;57;63;79m██[38;2;50;56;71m██[38;2;50;56;71m██[38;2;39;44;56m██[38;2;39;44;56m██[38;2;39;44;56m██[38;2;27;30;38m██                  [38;2;16;16;16m██[38;2;57;63;79m██[38;2;57;63;79m██[38;2;39;44;56m██[38;2;57;63;79m██[38;2;57;63;79m██[38;2;57;63;79m██[38;2;57;63;79m██[38;2;57;63;79m██[38;2;57;63;79m██[38;2;57;63;79m██[38;2;39;44;56m██[38;2;57;63;79m██[38;2;57;63;79m██[38;2;39;44;56m██[38;2;39;44;56m██[38;2;39;44;56m██[38;2;39;44;56m██[38;2;39;44;56m██[38;2;27;30;38m██[38;2;39;44;56m██[38;2;39;44;56m██[38;2;39;44;56m██[38;2;16;16;16m██            [38;2;16;16;16m██[38;2;57;63;79m██[38;2;83;92;115m██[38;2;83;92;115m██[38;2;57;63;79m██[38;2;57;63;79m██[38;2;39;44;56m██[38;2;16;16;16m██      
  [38;2;27;30;38m██[38;2;57;63;79m██[38;2;57;63;79m██[38;2;27;30;38m██[38;2;27;30;38m██[38;2;27;30;38m██[38;2;39;44;56m██[38;2;39;44;56m██[38;2;27;30;38m██[38;2;39;44;56m██[38;2;39;44;56m██[38;2;27;30;38m██          [38;2;27;30;38m██[38;2;27;30;38m██  [38;2;16;16;16m██[38;2;57;63;79m██[38;2;57;63;79m██[38;2;39;44;56m██[38;2;57;63;79m██[38;2;57;63;79m██[38;2;57;63;79m██[38;2;57;63;79m██[38;2;57;63;79m██[38;2;57;63;79m██[38;2;57;63;79m██[38;2;39;44;56m██[38;2;57;63;79m██[38;2;50;56;71m██[38;2;39;44;56m██[38;2;39;44;56m██[38;2;39;44;56m██[38;2;39;44;56m██[38;2;39;44;56m██[38;2;27;30;38m██[38;2;39;44;56m██[38;2;39;44;56m██[38;2;39;44;56m██[38;2;27;30;38m██  [38;2;16;16;16m██[38;2;16;16;16m██[38;2;16;16;16m██    [38;2;16;16;16m██[38;2;39;44;56m██[38;2;57;63;79m██[38;2;57;63;79m██[38;2;57;63;79m██[38;2;57;63;79m██[38;2;50;56;71m██[38;2;50;56;71m██[38;2;16;16;16m██    
  [38;2;27;30;38m██[38;2;16;16;16m██[38;2;83;92;115m██[38;2;57;63;79m██[38;2;57;63;79m██[38;2;16;16;16m██[38;2;27;30;38m██[38;2;39;44;56m██[38;2;16;16;16m██[38;2;27;30;38m██[38;2;39;44;56m██[38;2;27;30;38m██          [38;2;27;30;38m██[38;2;50;56;71m██[38;2;27;30;38m██[38;2;16;16;16m██[38;2;39;44;56m██[38;2;57;63;79m██[38;2;57;63;79m██[38;2;39;44;56m██[38;2;57;63;79m██[38;2;57;63;79m██[38;2;57;63;79m██[38;2;57;63;79m██[38;2;57;63;79m██[38;2;57;63;79m██[38;2;57;63;79m██[38;2;27;30;38m██[38;2;39;44;56m██[38;2;39;44;56m██[38;2;39;44;56m██[38;2;39;44;56m██[38;2;39;44;56m██[38;2;27;30;38m██[38;2;27;30;38m██[38;2;27;30;38m██[38;2;27;30;38m██[38;2;16;16;16m██[38;2;16;16;16m██[38;2;16;16;16m██[38;2;57;63;79m██[38;2;57;63;79m██[38;2;16;16;16m██    [38;2;16;16;16m██[38;2;57;63;79m██[38;2;57;63;79m██[38;2;27;30;38m██[38;2;27;30;38m██[38;2;27;30;38m██[38;2;50;56;71m██[38;2;50;56;71m██[38;2;39;44;56m██[38;2;16;16;16m██  
  [38;2;16;16;16m██[38;2;83;92;115m██[38;2;57;63;79m██[38;2;39;44;56m██[38;2;39;44;56m██[38;2;39;44;56m██[38;2;16;16;16m██[38;2;39;44;56m██[38;2;39;44;56m██[38;2;16;16;16m██[38;2;27;30;38m██[38;2;27;30;38m██          [38;2;27;30;38m██[38;2;50;56;71m██[38;2;39;44;56m██[38;2;27;30;38m██[38;2;16;16;16m██[38;2;50;56;71m██[38;2;50;56;71m██[38;2;39;44;56m██[38;2;57;63;79m██[38;2;57;63;79m██[38;2;57;63;79m██[38;2;57;63;79m██[38;2;57;63;79m██[38;2;57;63;79m██[38;2;50;56;71m██[38;2;27;30;38m██[38;2;39;44;56m██[38;2;39;44;56m██[38;2;39;44;56m██[38;2;39;44;56m██[38;2;27;30;38m██[38;2;39;44;56m██[38;2;57;63;79m██[38;2;57;63;79m██[38;2;57;63;79m██[38;2;39;44;56m██[38;2;27;30;38m██[38;2;39;44;56m██[38;2;57;63;79m██[38;2;57;63;79m██[38;2;16;16;16m██      [38;2;39;44;56m██[38;2;27;30;38m██[38;2;57;63;79m██[38;2;57;63;79m██[38;2;57;63;79m██[38;2;16;16;16m██[38;2;39;44;56m██[38;2;39;44;56m██[38;2;39;44;56m██[38;2;16;16;16m██
[38;2;27;30;38m██[38;2;39;44;56m██[38;2;57;63;79m██[38;2;98;98;98m██[38;2;197;197;197m██[38;2;27;30;38m██[38;2;39;44;56m██[38;2;16;16;16m██[38;2;39;44;56m██[38;2;39;44;56m██[38;2;16;16;16m██              [38;2;27;30;38m██[38;2;39;44;56m██[38;2;39;44;56m██[38;2;39;44;56m██[38;2;16;16;16m██[38;2;39;44;56m██[38;2;39;44;56m██[38;2;27;30;38m██[38;2;50;56;71m██[38;2;50;56;71m██[38;2;50;56;71m██[38;2;50;56;71m██[38;2;50;56;71m██[38;2;39;44;56m██[38;2;39;44;56m██[38;2;27;30;38m██[38;2;39;44;56m██[38;2;39;44;56m██[38;2;39;44;56m██[38;2;39;44;56m██[38;2;27;30;38m██[38;2;57;63;79m██[38;2;57;63;79m██[38;2;57;63;79m██[38;2;57;63;79m██[38;2;57;63;79m██[38;2;57;63;79m██[38;2;27;30;38m██[38;2;57;63;79m██[38;2;39;44;56m██[38;2;16;16;16m██      [38;2;16;16;16m██[38;2;57;63;79m██[38;2;83;92;115m██[38;2;83;92;115m██[38;2;57;63;79m██[38;2;57;63;79m██[38;2;16;16;16m██[38;2;39;44;56m██[38;2;39;44;56m██[38;2;16;16;16m██
[38;2;27;30;38m██[38;2;39;44;56m██[38;2;16;16;16m██[38;2;197;197;197m██[38;2;197;197;197m██[38;2;98;98;98m██[38;2;16;16;16m██[38;2;27;30;38m██[38;2;39;44;56m██[38;2;39;44;56m██[38;2;39;44;56m██[38;2;16;16;16m██            [38;2;27;30;38m██[38;2;27;30;38m██[38;2;39;44;56m██[38;2;39;44;56m██[38;2;39;44;56m██[38;2;16;16;16m██[38;2;39;44;56m██[38;2;39;44;56m██[38;2;27;30;38m██[38;2;39;44;56m██[38;2;39;44;56m██[38;2;39;44;56m██[38;2;39;44;56m██[38;2;39;44;56m██[38;2;39;44;56m██[38;2;39;44;56m██[38;2;27;30;38m██[38;2;39;44;56m██[38;2;39;44;56m██[38;2;27;30;38m██[38;2;39;44;56m██[38;2;57;63;79m██[38;2;83;92;115m██[38;2;57;63;79m██[38;2;57;63;79m██[38;2;57;63;79m██[38;2;57;63;79m██[38;2;39;44;56m██[38;2;39;44;56m██[38;2;39;44;56m██[38;2;16;16;16m██      [38;2;16;16;16m██[38;2;27;30;38m██[38;2;39;44;56m██[38;2;83;92;115m██[38;2;57;63;79m██[38;2;39;44;56m██[38;2;39;44;56m██[38;2;16;16;16m██[38;2;16;16;16m██[38;2;27;30;38m██
[38;2;27;30;38m██[38;2;39;44;56m██[38;2;16;16;16m██[38;2;197;197;197m██[38;2;255;255;255m██[38;2;16;16;16m██[38;2;27;30;38m██[38;2;27;30;38m██[38;2;16;16;16m██[38;2;39;44;56m██[38;2;39;44;56m██[38;2;27;30;38m██            [38;2;16;16;16m██[38;2;50;56;71m██[38;2;50;56;71m██[38;2;39;44;56m██[38;2;39;44;56m██[38;2;16;16;16m██[38;2;39;44;56m██[38;2;39;44;56m██[38;2;27;30;38m██[38;2;27;30;38m██[38;2;27;30;38m██[38;2;27;30;38m██[38;2;27;30;38m██[38;2;27;30;38m██[38;2;27;30;38m██[38;2;27;30;38m██[38;2;27;30;38m██[38;2;39;44;56m██[38;2;39;44;56m██[38;2;16;16;16m██[38;2;39;44;56m██[38;2;57;63;79m██[38;2;57;63;79m██[38;2;83;92;115m██[38;2;83;92;115m██[38;2;57;63;79m██[38;2;57;63;79m██[38;2;57;63;79m██[38;2;27;30;38m██[38;2;39;44;56m██[38;2;27;30;38m██      [38;2;27;30;38m██[38;2;27;30;38m██[38;2;255;255;255m██[38;2;39;44;56m██[38;2;39;44;56m██[38;2;39;44;56m██[38;2;39;44;56m██[38;2;16;16;16m██    
  [38;2;16;16;16m██[38;2;197;197;197m██[38;2;16;16;16m██[38;2;255;255;255m██[38;2;255;255;255m██[38;2;16;16;16m██    [38;2;16;16;16m██[38;2;16;16;16m██[38;2;27;30;38m██          [38;2;27;30;38m██[38;2;50;56;71m██[38;2;50;56;71m██[38;2;50;56;71m██[38;2;39;44;56m██[38;2;39;44;56m██[38;2;39;44;56m██[38;2;16;16;16m██[38;2;39;44;56m██[38;2;39;44;56m██[38;2;27;30;38m██[38;2;39;44;56m██[38;2;39;44;56m██[38;2;39;44;56m██[38;2;39;44;56m██[38;2;39;44;56m██[38;2;39;44;56m██[38;2;27;30;38m██[38;2;39;44;56m██[38;2;39;44;56m██[38;2;16;16;16m██[38;2;39;44;56m██[38;2;39;44;56m██[38;2;57;63;79m██[38;2;83;92;115m██[38;2;83;92;115m██[38;2;83;92;115m██[38;2;57;63;79m██[38;2;57;63;79m██[38;2;27;30;38m██[38;2;27;30;38m██        [38;2;16;16;16m██[38;2;255;255;255m██[38;2;255;255;255m██[38;2;16;16;16m██[38;2;39;44;56m██[38;2;39;44;56m██[38;2;27;30;38m██[38;2;27;30;38m██    
  [38;2;16;16;16m██[38;2;197;197;197m██[38;2;255;255;255m██[38;2;16;16;16m██[38;2;16;16;16m██[38;2;98;98;98m██                    [38;2;16;16;16m██[38;2;50;56;71m██[38;2;50;56;71m██[38;2;39;44;56m██[38;2;39;44;56m██[38;2;39;44;56m██[38;2;39;44;56m██[38;2;39;44;56m██[38;2;16;16;16m██[38;2;16;16;16m██[38;2;27;30;38m██[38;2;39;44;56m██[38;2;39;44;56m██[38;2;39;44;56m██[38;2;39;44;56m██[38;2;39;44;56m██[38;2;39;44;56m██[38;2;39;44;56m██[38;2;27;30;38m██[38;2;39;44;56m██[38;2;39;44;56m██[38;2;16;16;16m██[38;2;39;44;56m██[38;2;57;63;79m██[38;2;57;63;79m██[38;2;83;92;115m██[38;2;83;92;115m██[38;2;57;63;79m██[38;2;57;63;79m██[38;2;39;44;56m██[38;2;16;16;16m██      [38;2;16;16;16m██[38;2;197;197;197m██[38;2;255;255;255m██[38;2;16;16;16m██[38;2;27;30;38m██[38;2;27;30;38m██[38;2;255;255;255m██[38;2;16;16;16m██      
    [38;2;16;16;16m██[38;2;255;255;255m██[38;2;255;255;255m██[38;2;98;98;98m██                      [38;2;27;30;38m██[38;2;16;16;16m██[38;2;39;44;56m██[38;2;39;44;56m██[38;2;39;44;56m██[38;2;27;30;38m██[38;2;16;16;16m██[38;2;16;16;16m██[38;2;27;30;38m██  [38;2;27;30;38m██[38;2;27;30;38m██[38;2;27;30;38m██[38;2;39;44;56m██[38;2;39;44;56m██[38;2;39;44;56m██[38;2;39;44;56m██[38;2;39;44;56m██[38;2;27;30;38m██[38;2;27;30;38m██[38;2;27;30;38m██[38;2;27;30;38m██[38;2;16;16;16m██[38;2;27;30;38m██[38;2;39;44;56m██[38;2;57;63;79m██[38;2;57;63;79m██[38;2;57;63;79m██[38;2;39;44;56m██[38;2;39;44;56m██[38;2;16;16;16m██      [38;2;98;98;98m██[38;2;16;16;16m██[38;2;16;16;16m██  [38;2;16;16;16m██[38;2;255;255;255m██[38;2;255;255;255m██[38;2;16;16;16m██      
      [38;2;16;16;16m██[38;2;16;16;16m██[38;2;98;98;98m██                        [38;2;27;30;38m██[38;2;16;16;16m██[38;2;16;16;16m██[38;2;16;16;16m██[38;2;39;44;56m██[38;2;39;44;56m██[38;2;27;30;38m██          [38;2;27;30;38m██[38;2;27;30;38m██[38;2;27;30;38m██[38;2;27;30;38m██[38;2;27;30;38m██[38;2;27;30;38m██          [38;2;27;30;38m██[38;2;27;30;38m██[38;2;39;44;56m██[38;2;39;44;56m██[38;2;39;44;56m██[38;2;16;16;16m██[38;2;16;16;16m██            [38;2;16;16;16m██[38;2;197;197;197m██[38;2;255;255;255m██[38;2;27;30;38m██        
                                    [38;2;27;30;38m██[38;2;27;30;38m██[38;2;27;30;38m██[38;2;39;44;56m██[38;2;39;44;56m██[38;2;39;44;56m██[38;2;16;16;16m██[38;2;27;30;38m██                                [38;2;16;16;16m██[38;2;16;16;16m██[38;2;16;16;16m██[38;2;16;16;16m██[38;2;39;44;56m██[38;2;27;30;38m██            [38;2;98;98;98m██[38;2;16;16;16m██[38;2;16;16;16m██          
                                  [38;2;27;30;38m██[38;2;50;56;71m██[38;2;50;56;71m██[38;2;39;44;56m██[38;2;27;30;38m██[38;2;16;16;16m██[38;2;16;16;16m██[38;2;39;44;56m██[38;2;16;16;16m██                                  [38;2;27;30;38m██[38;2;39;44;56m██[38;2;39;44;56m██[38;2;39;44;56m██[38;2;16;16;16m██[38;2;27;30;38m██                          
                                [38;2;27;30;38m██[38;2;39;44;56m██[38;2;39;44;56m██[38;2;50;56;71m██[38;2;50;56;71m██[38;2;39;44;56m██[38;2;39;44;56m██[38;2;39;44;56m██[38;2;39;44;56m██[38;2;16;16;16m██                                [38;2;27;30;38m██[38;2;39;44;56m██[38;2;16;16;16m██[38;2;16;16;16m██[38;2;16;16;16m██[38;2;39;44;56m██[38;2;39;44;56m██[38;2;27;30;38m██                        
                                [38;2;98;98;98m██[38;2;197;197;197m██[38;2;197;197;197m██[38;2;27;30;38m██[38;2;39;44;56m██[38;2;39;44;56m██[38;2;39;44;56m██[38;2;16;16;16m██[38;2;16;16;16m██                                  [38;2;27;30;38m██[38;2;39;44;56m██[38;2;39;44;56m██[38;2;39;44;56m██[38;2;39;44;56m██[38;2;39;44;56m██[38;2;39;44;56m██[38;2;39;44;56m██[38;2;27;30;38m██                      
                              [38;2;98;98;98m██[38;2;197;197;197m██[38;2;197;197;197m██[38;2;197;197;197m██[38;2;27;30;38m██[38;2;16;16;16m██[38;2;16;16;16m██[38;2;16;16;16m██                                      [38;2;16;16;16m██[38;2;39;44;56m██[38;2;39;44;56m██[38;2;39;44;56m██[38;2;27;30;38m██[38;2;27;30;38m██[38;2;39;44;56m██[38;2;39;44;56m██[38;2;16;16;16m██                      
                            [38;2;98;98;98m██[38;2;197;197;197m██[38;2;197;197;197m██[38;2;16;16;16m██[38;2;16;16;16m██                                                [38;2;16;16;16m██[38;2;39;44;56m██[38;2;27;30;38m██[38;2;197;197;197m██[38;2;197;197;197m██[38;2;27;30;38m██[38;2;39;44;56m██[38;2;16;16;16m██                      
                            [38;2;98;98;98m██[38;2;16;16;16m██[38;2;16;16;16m██                                                      [38;2;16;16;16m██[38;2;16;16;16m██[38;2;197;197;197m██[38;2;255;255;255m██[38;2;197;197;197m██[38;2;98;98;98m██                        
                                                                                            [38;2;16;16;16m██[38;2;255;255;255m██[38;2;255;255;255m██[38;2;98;98;98m██                        
                                                                                              [38;2;16;16;16m██[38;2;255;255;255m██[38;2;98;98;98m██                        
                                                                                                [38;2;16;16;16m██[38;2;16;16;16m██                        
