                  [38;2;16;16;16m██                                                                                                        
    [38;2;16;16;16m██            [38;2;16;16;16m██[38;2;16;16;16m██                                                                                                      
    [38;2;16;16;16m██[38;2;16;16;16m██          [38;2;16;16;16m██[38;2;16;16;16m██                                                                                                      
    [38;2;16;16;16m██[38;2;152;65;28m██[38;2;16;16;16m██        [38;2;16;16;16m██[38;2;213;91;39m██[38;2;16;16;16m██                                                                                                    
    [38;2;16;16;16m██[38;2;213;91;39m██[38;2;16;16;16m██        [38;2;16;16;16m██[38;2;255;125;69m██[38;2;16;16;16m██                                                                                                    
    [38;2;16;16;16m██[38;2;213;91;39m██[38;2;16;16;16m██        [38;2;16;16;16m██[38;2;255;125;69m██[38;2;255;125;69m██[38;2;16;16;16m██                                                                                                  
    [38;2;16;16;16m██[38;2;213;91;39m██[38;2;16;16;16m██        [38;2;16;16;16m██[38;2;255;125;69m██[38;2;255;125;69m██[38;2;16;16;16m██                                                                                                  
    [38;2;16;16;16m██[38;2;213;91;39m██[38;2;16;16;16m██        [38;2;16;16;16m██[38;2;213;91;39m██[38;2;255;125;69m██[38;2;16;16;16m██                                                                                                  
    [38;2;16;16;16m██[38;2;213;91;39m██[38;2;213;91;39m██[38;2;16;16;16m██        [38;2;16;16;16m██[38;2;255;125;69m██[38;2;255;125;69m██[38;2;16;16;16m██                                                                                                
  [38;2;16;16;16m██[38;2;213;91;39m██[38;2;213;91;39m██[38;2;213;91;39m██[38;2;16;16;16m██        [38;2;16;16;16m██[38;2;255;125;69m██[38;2;255;125;69m██[38;2;255;125;69m██[38;2;16;16;16m██                                                                                              
  [38;2;16;16;16m██[38;2;213;91;39m██[38;2;213;91;39m██[38;2;213;91;39m██[38;2;16;16;16m██        [38;2;16;16;16m██[38;2;213;91;39m██[38;2;255;125;69m██[38;2;255;125;69m██[38;2;255;125;69m██[38;2;16;16;16m██                                                                                            
  [38;2;16;16;16m██[38;2;213;91;39m██[38;2;213;91;39m██[38;2;213;91;39m██[38;2;16;16;16m██          [38;2;16;16;16m██[38;2;213;91;39m██[38;2;255;125;69m██[38;2;255;125;69m██[38;2;16;16;16m██                                                                                            
  [38;2;16;16;16m██[38;2;213;91;39m██[38;2;213;91;39m██[38;2;213;91;39m██[38;2;16;16;16m██            [38;2;16;16;16m██[38;2;255;125;69m██[38;2;255;125;69m██[38;2;255;125;69m██[38;2;16;16;16m██                                                                                          
[38;2;16;16;16m██[38;2;152;65;28m██[38;2;213;91;39m██[38;2;213;91;39m██[38;2;213;91;39m██[38;2;16;16;16m██            [38;2;16;16;16m██[38;2;255;125;69m██[38;2;255;125;69m██[38;2;255;125;69m██[38;2;16;16;16m██                                                                                          
[38;2;16;16;16m██[38;2;152;65;28m██[38;2;213;91;39m██[38;2;213;91;39m██[38;2;213;91;39m██[38;2;16;16;16m██              [38;2;16;16;16m██[38;2;255;125;69m██[38;2;255;125;69m██[38;2;255;125;69m██[38;2;16;16;16m██                                                                                        
[38;2;16;16;16m██[38;2;152;65;28m██[38;2;213;91;39m██[38;2;213;91;39m██[38;2;152;65;28m██[38;2;16;16;16m██              [38;2;16;16;16m██[38;2;255;125;69m██[38;2;255;125;69m██[38;2;255;125;69m██[38;2;16;16;16m██                                                                                        
[38;2;16;16;16m██[38;2;152;65;28m██[38;2;213;91;39m██[38;2;152;65;28m██[38;2;152;65;28m██[38;2;16;16;16m██              [38;2;16;16;16m██[38;2;255;125;69m██[38;2;255;125;69m██[38;2;255;125;69m██[38;2;255;125;69m██[38;2;16;16;16m██                                                                                      
[38;2;16;16;16m██[38;2;152;65;28m██[38;2;152;65;28m██[38;2;152;65;28m██[38;2;152;65;28m██[38;2;16;16;16m██              [38;2;16;16;16m██[38;2;213;91;39m██[38;2;255;125;69m██[38;2;255;125;69m██[38;2;255;125;69m██[38;2;16;16;16m██                                                                                      
[38;2;16;16;16m██[38;2;152;65;28m██[38;2;108;41;12m██[38;2;152;65;28m██[38;2;152;65;28m██[38;2;152;65;28m██[38;2;16;16;16m██            [38;2;16;16;16m██[38;2;213;91;39m██[38;2;213;91;39m██[38;2;213;91;39m██[38;2;213;91;39m██[38;2;16;16;16m██                                                                                      
  [38;2;16;16;16m██[38;2;108;41;12m██[38;2;152;65;28m██[38;2;152;65;28m██[38;2;152;65;28m██[38;2;16;16;16m██          [38;2;16;16;16m██[38;2;213;91;39m██[38;2;152;65;28m██[38;2;213;91;39m██[38;2;213;91;39m██[38;2;213;91;39m██[38;2;16;16;16m██                                                                                      
  [38;2;16;16;16m██[38;2;152;65;28m██[38;2;108;41;12m██[38;2;108;41;12m██[38;2;152;65;28m██[38;2;152;65;28m██[38;2;16;16;16m██        [38;2;16;16;16m██[38;2;213;91;39m██[38;2;152;65;28m██[38;2;213;91;39m██[38;2;213;91;39m██[38;2;152;65;28m██[38;2;16;16;16m██                        [38;2;16;16;16m██                                                            
    [38;2;16;16;16m██[38;2;152;65;28m██[38;2;152;65;28m██[38;2;108;41;12m██[38;2;152;65;28m██[38;2;16;16;16m██[38;2;16;16;16m██[38;2;16;16;16m██[38;2;16;16;16m██[38;2;16;16;16m██[38;2;152;65;28m██[38;2;108;41;12m██[38;2;213;91;39m██[38;2;213;91;39m██[38;2;213;91;39m██[38;2;16;16;16m██                        [38;2;16;16;16m██[38;2;255;125;69m██[38;2;16;16;16m██                                                          
      [38;2;16;16;16m██[38;2;152;65;28m██[38;2;152;65;28m██[38;2;16;16;16m██[38;2;217;59;59m██[38;2;217;59;59m██[38;2;98;92;97m██[38;2;61;59;61m██[38;2;16;16;16m██[38;2;152;65;28m██[38;2;108;41;12m██[38;2;213;91;39m██[38;2;213;91;39m██[38;2;152;65;28m██[38;2;16;16;16m██                        [38;2;16;16;16m██[38;2;255;125;69m██[38;2;16;16;16m██                                  [38;2;16;16;16m██[38;2;16;16;16m██[38;2;16;16;16m██                  
        [38;2;16;16;16m██[38;2;16;16;16m██[38;2;217;59;59m██[38;2;217;59;59m██[38;2;98;92;97m██[38;2;98;92;97m██[38;2;98;92;97m██[38;2;16;16;16m██[38;2;152;65;28m██[38;2;108;41;12m██[38;2;152;65;28m██[38;2;152;65;28m██[38;2;16;16;16m██                        [38;2;16;16;16m██[38;2;255;125;69m██[38;2;255;125;69m██[38;2;16;16;16m██                                [38;2;16;16;16m██  [38;2;61;59;61m██[38;2;61;59;61m██[38;2;16;16;16m██[38;2;16;16;16m██              
          [38;2;16;16;16m██[38;2;217;59;59m██[38;2;98;92;97m██[38;2;98;92;97m██[38;2;98;92;97m██[38;2;98;92;97m██[38;2;98;92;97m██[38;2;16;16;16m██[38;2;152;65;28m██[38;2;152;65;28m██[38;2;152;65;28m██[38;2;16;16;16m██                        [38;2;16;16;16m██[38;2;255;125;69m██[38;2;213;91;39m██[38;2;16;16;16m██                                [38;2;16;16;16m██[38;2;16;16;16m██  [38;2;98;92;97m██[38;2;61;59;61m██[38;2;61;59;61m██[38;2;16;16;16m██[38;2;16;16;16m██          
        [38;2;16;16;16m██[38;2;217;59;59m██[38;2;98;92;97m██[38;2;98;92;97m██[38;2;98;92;97m██[38;2;98;92;97m██[38;2;16;16;16m██[38;2;98;92;97m██[38;2;61;59;61m██[38;2;16;16;16m██[38;2;152;65;28m██[38;2;152;65;28m██[38;2;16;16;16m██                      [38;2;16;16;16m██[38;2;255;125;69m██[38;2;255;125;69m██[38;2;152;65;28m██[38;2;16;16;16m██                                  [38;2;61;59;61m██[38;2;61;59;61m██  [38;2;98;92;97m██[38;2;61;59;61m██[38;2;61;59;61m██[38;2;61;59;61m██[38;2;16;16;16m██[38;2;16;16;16m██      
        [38;2;16;16;16m██[38;2;248;88;88m██[38;2;98;92;97m██[38;2;98;92;97m██[38;2;98;92;97m██[38;2;16;16;16m██[38;2;159;149;142m██[38;2;98;92;97m██[38;2;61;59;61m██[38;2;61;59;61m██[38;2;16;16;16m██[38;2;16;16;16m██[38;2;16;16;16m██                      [38;2;16;16;16m██[38;2;255;125;69m██[38;2;255;125;69m██[38;2;152;65;28m██[38;2;16;16;16m██                                  [38;2;16;16;16m██[38;2;98;92;97m██[38;2;61;59;61m██  [38;2;98;92;97m██[38;2;61;59;61m██[38;2;61;59;61m██[38;2;61;59;61m██[38;2;61;59;61m██[38;2;16;16;16m██[38;2;16;16;16m██  
        [38;2;16;16;16m██[38;2;248;88;88m██[38;2;217;59;59m██[38;2;16;16;16m██[38;2;16;16;16m██[38;2;159;149;142m██[38;2;251;251;251m██[38;2;61;59;61m██[38;2;61;59;61m██[38;2;61;59;61m██[38;2;61;59;61m██[38;2;61;59;61m██[38;2;16;16;16m██                    [38;2;16;16;16m██[38;2;255;125;69m██[38;2;255;125;69m██[38;2;213;91;39m██[38;2;152;65;28m██[38;2;16;16;16m██                                    [38;2;16;16;16m██[38;2;98;92;97m██[38;2;98;92;97m██[38;2;98;92;97m██[38;2;61;59;61m██[38;2;61;59;61m██[38;2;61;59;61m██[38;2;16;16;16m██[38;2;16;16;16m██[38;2;16;16;16m██[38;2;16;16;16m██
    [38;2;16;16;16m██[38;2;16;16;16m██[38;2;248;88;88m██[38;2;248;88;88m██[38;2;248;88;88m██[38;2;16;16;16m██[38;2;213;51;51m██[38;2;251;251;251m██[38;2;220;213;209m██[38;2;61;59;61m██[38;2;162;42;42m██[38;2;162;42;42m██[38;2;61;59;61m██[38;2;61;59;61m██[38;2;61;59;61m██[38;2;16;16;16m██                  [38;2;16;16;16m██[38;2;255;125;69m██[38;2;255;125;69m██[38;2;152;65;28m██[38;2;152;65;28m██[38;2;16;16;16m██                                    [38;2;16;16;16m██[38;2;98;92;97m██[38;2;98;92;97m██[38;2;98;92;97m██[38;2;98;92;97m██[38;2;61;59;61m██[38;2;16;16;16m██[38;2;16;16;16m██      
  [38;2;16;16;16m██[38;2;162;42;42m██[38;2;248;88;88m██[38;2;248;88;88m██[38;2;248;88;88m██[38;2;248;88;88m██[38;2;162;42;42m██[38;2;61;59;61m██[38;2;61;59;61m██[38;2;61;59;61m██[38;2;162;42;42m██[38;2;217;59;59m██[38;2;162;42;42m██[38;2;61;59;61m██[38;2;61;59;61m██[38;2;61;59;61m██[38;2;16;16;16m██                [38;2;16;16;16m██[38;2;213;91;39m██[38;2;255;125;69m██[38;2;213;91;39m██[38;2;152;65;28m██[38;2;152;65;28m██[38;2;16;16;16m██                                      [38;2;16;16;16m██[38;2;61;59;61m██[38;2;98;92;97m██[38;2;61;59;61m██[38;2;16;16;16m██[38;2;16;16;16m██[38;2;16;16;16m██      
  [38;2;16;16;16m██[38;2;61;59;61m██[38;2;61;59;61m██[38;2;248;88;88m██[38;2;248;88;88m██[38;2;217;59;59m██[38;2;217;59;59m██[38;2;217;59;59m██[38;2;162;42;42m██[38;2;114;32;32m██[38;2;217;59;59m██[38;2;162;42;42m██[38;2;98;92;97m██[38;2;61;59;61m██[38;2;61;59;61m██[38;2;61;59;61m██[38;2;61;59;61m██[38;2;16;16;16m██[38;2;16;16;16m██[38;2;16;16;16m██[38;2;108;41;12m██[38;2;108;41;12m██      [38;2;16;16;16m██[38;2;255;125;69m██[38;2;213;91;39m██[38;2;152;65;28m██[38;2;152;65;28m██[38;2;16;16;16m██                                          [38;2;16;16;16m██[38;2;98;92;97m██[38;2;61;59;61m██[38;2;16;16;16m██[38;2;16;16;16m██[38;2;16;16;16m██[38;2;16;16;16m██    
  [38;2;16;16;16m██[38;2;61;59;61m██[38;2;162;42;42m██[38;2;162;42;42m██[38;2;162;42;42m██[38;2;217;59;59m██[38;2;217;59;59m██[38;2;162;42;42m██[38;2;114;32;32m██[38;2;217;59;59m██[38;2;162;42;42m██[38;2;98;92;97m██[38;2;61;59;61m██[38;2;61;59;61m██[38;2;61;59;61m██[38;2;61;59;61m██[38;2;61;59;61m██[38;2;16;16;16m██[38;2;152;65;28m██[38;2;16;16;16m██[38;2;152;65;28m██[38;2;152;65;28m██[38;2;108;41;12m██[38;2;16;16;16m██[38;2;16;16;16m██[38;2;255;125;69m██[38;2;213;91;39m██[38;2;152;65;28m██[38;2;152;65;28m██[38;2;152;65;28m██[38;2;16;16;16m██        [38;2;16;16;16m██[38;2;16;16;16m██                              [38;2;16;16;16m██[38;2;61;59;61m██[38;2;16;16;16m██    [38;2;16;16;16m██[38;2;16;16;16m██    
    [38;2;16;16;16m██[38;2;61;59;61m██[38;2;162;42;42m██[38;2;162;42;42m██[38;2;162;42;42m██[38;2;16;16;16m██[38;2;16;16;16m██[38;2;114;32;32m██[38;2;114;32;32m██[38;2;61;59;61m██[38;2;61;59;61m██[38;2;61;59;61m██[38;2;61;59;61m██[38;2;61;59;61m██[38;2;61;59;61m██[38;2;61;59;61m██[38;2;61;59;61m██[38;2;16;16;16m██[38;2;152;65;28m██[38;2;108;41;12m██[38;2;152;65;28m██[38;2;152;65;28m██[38;2;16;16;16m██[38;2;255;125;69m██[38;2;213;91;39m██[38;2;108;41;12m██[38;2;152;65;28m██[38;2;152;65;28m██[38;2;16;16;16m██      [38;2;16;16;16m██[38;2;16;16;16m██[38;2;152;65;28m██[38;2;16;16;16m██                                [38;2;16;16;16m██[38;2;16;16;16m██      [38;2;16;16;16m██[38;2;16;16;16m██  
      [38;2;16;16;16m██[38;2;16;16;16m██[38;2;16;16;16m██[38;2;16;16;16m██[38;2;152;65;28m██[38;2;152;65;28m██[38;2;16;16;16m██[38;2;98;92;97m██[38;2;61;59;61m██[38;2;61;59;61m██[38;2;61;59;61m██[38;2;61;59;61m██[38;2;61;59;61m██[38;2;61;59;61m██[38;2;61;59;61m██[38;2;61;59;61m██[38;2;16;16;16m██[38;2;152;65;28m██[38;2;152;65;28m██[38;2;108;41;12m██[38;2;16;16;16m██[38;2;213;91;39m██[38;2;213;91;39m██[38;2;108;41;12m██[38;2;152;65;28m██[38;2;152;65;28m██[38;2;152;65;28m██[38;2;16;16;16m██  [38;2;16;16;16m██[38;2;16;16;16m██[38;2;255;125;69m██[38;2;255;125;69m██[38;2;16;16;16m██                                    [38;2;16;16;16m██      [38;2;16;16;16m██[38;2;16;16;16m██  
            [38;2;16;16;16m██[38;2;152;65;28m██[38;2;152;65;28m██[38;2;16;16;16m██[38;2;98;92;97m██[38;2;98;92;97m██[38;2;98;92;97m██[38;2;61;59;61m██[38;2;61;59;61m██[38;2;61;59;61m██[38;2;61;59;61m██[38;2;61;59;61m██[38;2;61;59;61m██[38;2;16;16;16m██[38;2;213;91;39m██[38;2;108;41;12m██[38;2;152;65;28m██[38;2;213;91;39m██[38;2;213;91;39m██[38;2;108;41;12m██[38;2;152;65;28m██[38;2;152;65;28m██[38;2;152;65;28m██[38;2;152;65;28m██[38;2;16;16;16m██[38;2;16;16;16m██[38;2;255;125;69m██[38;2;255;125;69m██[38;2;213;91;39m██[38;2;16;16;16m██                                                [38;2;16;16;16m██[38;2;16;16;16m██
            [38;2;16;16;16m██[38;2;152;65;28m██[38;2;152;65;28m██[38;2;16;16;16m██[38;2;61;59;61m██[38;2;98;92;97m██[38;2;98;92;97m██[38;2;98;92;97m██[38;2;61;59;61m██[38;2;61;59;61m██[38;2;61;59;61m██[38;2;61;59;61m██[38;2;16;16;16m██[38;2;152;65;28m██[38;2;213;91;39m██[38;2;108;41;12m██[38;2;213;91;39m██[38;2;213;91;39m██[38;2;108;41;12m██[38;2;152;65;28m██[38;2;152;65;28m██[38;2;152;65;28m██[38;2;108;41;12m██[38;2;108;41;12m██[38;2;255;125;69m██[38;2;255;125;69m██[38;2;213;91;39m██[38;2;152;65;28m██[38;2;16;16;16m██                                                  [38;2;16;16;16m██[38;2;16;16;16m██
            [38;2;16;16;16m██[38;2;152;65;28m██[38;2;152;65;28m██[38;2;152;65;28m██[38;2;16;16;16m██[38;2;98;92;97m██[38;2;98;92;97m██[38;2;98;92;97m██[38;2;61;59;61m██[38;2;61;59;61m██[38;2;61;59;61m██[38;2;61;59;61m██[38;2;16;16;16m██[38;2;254;125;70m██[38;2;152;65;28m██[38;2;108;41;12m██[38;2;213;91;39m██[38;2;152;65;28m██[38;2;152;65;28m██[38;2;108;41;12m██[38;2;108;41;12m██[38;2;108;41;12m██[38;2;255;125;69m██[38;2;255;125;69m██[38;2;213;91;39m██[38;2;152;65;28m██[38;2;152;65;28m██[38;2;16;16;16m██                                                    [38;2;16;16;16m██[38;2;16;16;16m██
            [38;2;16;16;16m██[38;2;152;65;28m██[38;2;152;65;28m██[38;2;152;65;28m██[38;2;16;16;16m██[38;2;98;92;97m██[38;2;98;92;97m██[38;2;98;92;97m██[38;2;61;59;61m██[38;2;61;59;61m██[38;2;61;59;61m██[38;2;16;16;16m██[38;2;254;125;70m██[38;2;213;91;39m██[38;2;108;41;12m██[38;2;213;91;39m██[38;2;254;125;70m██[38;2;254;125;70m██[38;2;254;125;70m██[38;2;254;125;70m██[38;2;254;125;70m██[38;2;254;125;70m██[38;2;213;91;39m██[38;2;152;65;28m██[38;2;152;65;28m██[38;2;152;65;28m██[38;2;16;16;16m██                                                      [38;2;16;16;16m██[38;2;16;16;16m██
            [38;2;16;16;16m██[38;2;152;65;28m██[38;2;152;65;28m██[38;2;152;65;28m██[38;2;16;16;16m██[38;2;98;92;97m██[38;2;98;92;97m██[38;2;61;59;61m██[38;2;61;59;61m██[38;2;61;59;61m██[38;2;16;16;16m██[38;2;254;125;70m██[38;2;254;125;70m██[38;2;152;65;28m██[38;2;108;41;12m██[38;2;254;125;70m██[38;2;254;125;70m██[38;2;254;125;70m██[38;2;254;125;70m██[38;2;254;125;70m██[38;2;213;91;39m██[38;2;152;65;28m██[38;2;152;65;28m██[38;2;152;65;28m██[38;2;152;65;28m██[38;2;16;16;16m██                                                        [38;2;16;16;16m██[38;2;16;16;16m██
              [38;2;16;16;16m██[38;2;152;65;28m██[38;2;152;65;28m██[38;2;16;16;16m██[38;2;61;59;61m██[38;2;61;59;61m██[38;2;61;59;61m██[38;2;16;16;16m██[38;2;16;16;16m██[38;2;254;125;70m██[38;2;254;125;70m██[38;2;152;65;28m██[38;2;108;41;12m██[38;2;213;91;39m██[38;2;213;91;39m██[38;2;213;91;39m██[38;2;213;91;39m██[38;2;152;65;28m██[38;2;152;65;28m██[38;2;152;65;28m██[38;2;152;65;28m██[38;2;152;65;28m██[38;2;108;41;12m██[38;2;108;41;12m██[38;2;161;49;37m██[38;2;16;16;16m██                                                    [38;2;16;16;16m██[38;2;61;59;61m██[38;2;16;16;16m██
              [38;2;16;16;16m██[38;2;152;65;28m██[38;2;16;16;16m██[38;2;213;91;39m██[38;2;16;16;16m██[38;2;16;16;16m██[38;2;16;16;16m██[38;2;152;65;28m██[38;2;213;91;39m██[38;2;254;125;70m██[38;2;152;65;28m██[38;2;108;41;12m██[38;2;213;91;39m██[38;2;213;91;39m██[38;2;213;91;39m██[38;2;213;91;39m██[38;2;152;65;28m██[38;2;152;65;28m██[38;2;152;65;28m██[38;2;152;65;28m██[38;2;108;41;12m██[38;2;108;41;12m██[38;2;161;49;37m██[38;2;161;49;37m██[38;2;161;49;37m██[38;2;161;49;37m██[38;2;16;16;16m██  [38;2;16;16;16m██[38;2;16;16;16m██                                            [38;2;16;16;16m██[38;2;61;59;61m██[38;2;16;16;16m██
              [38;2;16;16;16m██[38;2;152;65;28m██[38;2;16;16;16m██[38;2;152;65;28m██[38;2;213;91;39m██[38;2;213;91;39m██[38;2;254;125;70m██[38;2;254;125;70m██[38;2;213;91;39m██[38;2;152;65;28m██[38;2;108;41;12m██[38;2;152;65;28m██[38;2;213;91;39m██[38;2;152;65;28m██[38;2;213;91;39m██[38;2;152;65;28m██[38;2;152;65;28m██[38;2;152;65;28m██[38;2;108;41;12m██[38;2;108;41;12m██[38;2;161;49;37m██[38;2;161;49;37m██[38;2;161;49;37m██[38;2;161;49;37m██[38;2;161;49;37m██[38;2;161;49;37m██[38;2;161;49;37m██[38;2;16;16;16m██[38;2;162;42;42m██[38;2;162;42;42m██[38;2;16;16;16m██[38;2;16;16;16m██      [38;2;16;16;16m██      [38;2;16;16;16m██                      [38;2;16;16;16m██[38;2;61;59;61m██[38;2;61;59;61m██[38;2;16;16;16m██
                [38;2;16;16;16m██[38;2;152;65;28m██[38;2;16;16;16m██[38;2;152;65;28m██[38;2;213;91;39m██[38;2;152;65;28m██[38;2;152;65;28m██[38;2;108;41;12m██[38;2;108;41;12m██[38;2;152;65;28m██[38;2;152;65;28m██[38;2;108;41;12m██[38;2;213;91;39m██[38;2;152;65;28m██[38;2;16;16;16m██[38;2;16;16;16m██[38;2;16;16;16m██[38;2;16;16;16m██[38;2;161;49;37m██[38;2;161;49;37m██[38;2;161;49;37m██[38;2;214;66;50m██[38;2;214;66;50m██[38;2;214;66;50m██[38;2;161;49;37m██[38;2;161;49;37m██[38;2;161;49;37m██[38;2;16;16;16m██[38;2;162;42;42m██[38;2;162;42;42m██[38;2;162;42;42m██[38;2;16;16;16m██  [38;2;16;16;16m██[38;2;213;91;39m██[38;2;16;16;16m██  [38;2;16;16;16m██[38;2;213;91;39m██[38;2;16;16;16m██  [38;2;16;16;16m██                [38;2;16;16;16m██[38;2;61;59;61m██[38;2;16;16;16m██  
    [38;2;16;16;16m██            [38;2;16;16;16m██[38;2;152;65;28m██[38;2;213;91;39m██[38;2;213;91;39m██[38;2;213;91;39m██[38;2;213;91;39m██[38;2;213;91;39m██[38;2;213;91;39m██[38;2;152;65;28m██[38;2;108;41;12m██[38;2;213;91;39m██[38;2;152;65;28m██[38;2;16;16;16m██[38;2;61;59;61m██[38;2;61;59;61m██[38;2;61;59;61m██[38;2;61;59;61m██[38;2;16;16;16m██[38;2;161;49;37m██[38;2;214;66;50m██[38;2;214;66;50m██[38;2;214;66;50m██[38;2;214;66;50m██[38;2;214;66;50m██[38;2;161;49;37m██[38;2;161;49;37m██[38;2;107;41;25m██[38;2;114;32;32m██[38;2;114;32;32m██[38;2;162;42;42m██[38;2;162;42;42m██[38;2;16;16;16m██[38;2;152;65;28m██[38;2;213;91;39m██[38;2;16;16;16m██  [38;2;16;16;16m██[38;2;213;91;39m██[38;2;108;41;12m██[38;2;16;16;16m██[38;2;213;91;39m██[38;2;16;16;16m██          [38;2;16;16;16m██[38;2;16;16;16m██[38;2;61;59;61m██[38;2;61;59;61m██[38;2;16;16;16m██  
    [38;2;16;16;16m██[38;2;16;16;16m██            [38;2;16;16;16m██[38;2;254;125;70m██[38;2;254;125;70m██[38;2;254;125;70m██[38;2;254;125;70m██[38;2;213;91;39m██[38;2;213;91;39m██[38;2;152;65;28m██[38;2;213;91;39m██[38;2;152;65;28m██[38;2;16;16;16m██[38;2;16;16;16m██[38;2;16;16;16m██[38;2;61;59;61m██[38;2;61;59;61m██[38;2;61;59;61m██[38;2;61;59;61m██[38;2;16;16;16m██[38;2;214;66;50m██[38;2;214;66;50m██[38;2;254;89;70m██[38;2;214;66;50m██[38;2;214;66;50m██[38;2;161;49;37m██[38;2;161;49;37m██[38;2;161;49;37m██[38;2;16;16;16m██[38;2;114;32;32m██[38;2;114;32;32m██[38;2;162;42;42m██[38;2;16;16;16m██[38;2;152;65;28m██[38;2;213;91;39m██[38;2;213;91;39m██[38;2;16;16;16m██[38;2;152;65;28m██[38;2;152;65;28m██[38;2;213;91;39m██[38;2;108;41;12m██[38;2;213;91;39m██[38;2;213;91;39m██[38;2;16;16;16m██  [38;2;16;16;16m██[38;2;16;16;16m██[38;2;16;16;16m██[38;2;61;59;61m██[38;2;61;59;61m██[38;2;61;59;61m██[38;2;16;16;16m██    
    [38;2;16;16;16m██[38;2;161;49;37m██[38;2;16;16;16m██          [38;2;16;16;16m██[38;2;254;125;70m██[38;2;254;125;70m██[38;2;254;125;70m██[38;2;254;125;70m██[38;2;254;125;70m██[38;2;213;91;39m██[38;2;152;65;28m██[38;2;152;65;28m██[38;2;16;16;16m██[38;2;61;59;61m██[38;2;16;16;16m██[38;2;156;48;36m██[38;2;16;16;16m██[38;2;61;59;61m██[38;2;61;59;61m██[38;2;61;59;61m██[38;2;16;16;16m██[38;2;156;48;36m██[38;2;254;89;70m██[38;2;214;66;50m██[38;2;254;89;70m██[38;2;214;66;50m██[38;2;161;49;37m██[38;2;161;49;37m██[38;2;161;49;37m██[38;2;16;16;16m██[38;2;114;32;32m██[38;2;114;32;32m██[38;2;114;32;32m██[38;2;114;32;32m██[38;2;108;41;12m██[38;2;152;65;28m██[38;2;152;65;28m██[38;2;108;41;12m██[38;2;152;65;28m██[38;2;108;41;12m██[38;2;213;91;39m██[38;2;108;41;12m██[38;2;152;65;28m██[38;2;213;91;39m██[38;2;16;16;16m██[38;2;16;16;16m██[38;2;61;59;61m██[38;2;61;59;61m██[38;2;61;59;61m██[38;2;61;59;61m██[38;2;16;16;16m██[38;2;16;16;16m██      
    [38;2;16;16;16m██[38;2;214;66;50m██[38;2;16;16;16m██        [38;2;16;16;16m██[38;2;254;125;70m██[38;2;254;125;70m██[38;2;254;125;70m██[38;2;254;125;70m██[38;2;254;125;70m██[38;2;254;125;70m██[38;2;213;91;39m██[38;2;152;65;28m██[38;2;16;16;16m██[38;2;61;59;61m██[38;2;61;59;61m██[38;2;16;16;16m██[38;2;254;89;70m██[38;2;16;16;16m██[38;2;61;59;61m██[38;2;61;59;61m██[38;2;61;59;61m██[38;2;61;59;61m██[38;2;16;16;16m██[38;2;254;89;70m██[38;2;254;89;70m██[38;2;254;89;70m██[38;2;214;66;50m██[38;2;161;49;37m██[38;2;161;49;37m██[38;2;161;49;37m██[38;2;16;16;16m██[38;2;16;16;16m██[38;2;114;32;32m██[38;2;114;32;32m██[38;2;162;42;42m██[38;2;16;16;16m██[38;2;16;16;16m██[38;2;213;91;39m██[38;2;16;16;16m██[38;2;152;65;28m██[38;2;108;41;12m██[38;2;213;91;39m██[38;2;16;16;16m██[38;2;152;65;28m██[38;2;152;65;28m██[38;2;213;91;39m██[38;2;16;16;16m██[38;2;16;16;16m██[38;2;16;16;16m██[38;2;16;16;16m██[38;2;16;16;16m██          
    [38;2;16;16;16m██[38;2;214;66;50m██[38;2;161;49;37m██[38;2;16;16;16m██      [38;2;16;16;16m██[38;2;254;125;70m██[38;2;254;125;70m██[38;2;254;125;70m██[38;2;254;125;70m██[38;2;254;125;70m██[38;2;254;125;70m██[38;2;213;91;39m██[38;2;108;41;12m██[38;2;16;16;16m██[38;2;61;59;61m██[38;2;61;59;61m██[38;2;16;16;16m██[38;2;254;89;70m██[38;2;254;89;70m██[38;2;16;16;16m██[38;2;61;59;61m██[38;2;61;59;61m██[38;2;61;59;61m██[38;2;16;16;16m██[38;2;254;89;70m██[38;2;254;89;70m██[38;2;254;89;70m██[38;2;214;66;50m██[38;2;161;49;37m██[38;2;161;49;37m██[38;2;161;49;37m██[38;2;16;16;16m██[38;2;61;59;61m██[38;2;16;16;16m██[38;2;114;32;32m██[38;2;162;42;42m██[38;2;16;16;16m██[38;2;61;59;61m██[38;2;16;16;16m██[38;2;16;16;16m██[38;2;16;16;16m██[38;2;16;16;16m██[38;2;16;16;16m██  [38;2;16;16;16m██[38;2;16;16;16m██[38;2;16;16;16m██                    
    [38;2;16;16;16m██[38;2;161;49;37m██[38;2;214;66;50m██[38;2;214;66;50m██[38;2;16;16;16m██[38;2;16;16;16m██[38;2;16;16;16m██[38;2;16;16;16m██[38;2;254;125;70m██[38;2;254;125;70m██[38;2;254;125;70m██[38;2;254;125;70m██[38;2;254;125;70m██[38;2;213;91;39m██[38;2;213;91;39m██[38;2;108;41;12m██[38;2;61;59;61m██[38;2;61;59;61m██[38;2;61;59;61m██[38;2;16;16;16m██[38;2;254;89;70m██[38;2;254;89;70m██[38;2;16;16;16m██[38;2;61;59;61m██[38;2;61;59;61m██[38;2;16;16;16m██[38;2;156;48;36m██[38;2;254;89;70m██[38;2;254;89;70m██[38;2;254;89;70m██[38;2;161;49;37m██[38;2;161;49;37m██[38;2;161;49;37m██[38;2;161;49;37m██[38;2;16;16;16m██[38;2;61;59;61m██[38;2;16;16;16m██[38;2;114;32;32m██[38;2;114;32;32m██[38;2;16;16;16m██[38;2;61;59;61m██[38;2;61;59;61m██[38;2;16;16;16m██                                  
    [38;2;16;16;16m██[38;2;161;49;37m██[38;2;161;49;37m██[38;2;214;66;50m██[38;2;214;66;50m██[38;2;214;66;50m██[38;2;161;49;37m██[38;2;16;16;16m██[38;2;213;91;39m██[38;2;254;125;70m██[38;2;254;125;70m██[38;2;254;125;70m██[38;2;213;91;39m██[38;2;213;91;39m██[38;2;213;91;39m██[38;2;16;16;16m██[38;2;61;59;61m██[38;2;61;59;61m██[38;2;61;59;61m██[38;2;16;16;16m██[38;2;156;48;36m██[38;2;254;89;70m██[38;2;254;89;70m██[38;2;16;16;16m██[38;2;16;16;16m██[38;2;156;48;36m██[38;2;254;89;70m██[38;2;254;89;70m██[38;2;254;89;70m██[38;2;214;66;50m██[38;2;161;49;37m██[38;2;161;49;37m██[38;2;161;49;37m██[38;2;107;41;25m██[38;2;61;59;61m██[38;2;61;59;61m██[38;2;61;59;61m██[38;2;16;16;16m██[38;2;114;32;32m██[38;2;16;16;16m██[38;2;61;59;61m██[38;2;61;59;61m██[38;2;61;59;61m██[38;2;16;16;16m██                                
      [38;2;16;16;16m██[38;2;161;49;37m██[38;2;161;49;37m██[38;2;214;66;50m██[38;2;214;66;50m██[38;2;16;16;16m██[38;2;213;91;39m██[38;2;254;125;70m██[38;2;254;125;70m██[38;2;254;125;70m██[38;2;213;91;39m██[38;2;213;91;39m██[38;2;213;91;39m██[38;2;152;65;28m██[38;2;61;59;61m██[38;2;61;59;61m██[38;2;42;38;41m██[38;2;61;59;61m██[38;2;61;59;61m██[38;2;107;41;25m██[38;2;161;49;37m██[38;2;254;89;70m██[38;2;254;89;70m██[38;2;254;89;70m██[38;2;254;89;70m██[38;2;254;89;70m██[38;2;254;89;70m██[38;2;214;66;50m██[38;2;161;49;37m██[38;2;161;49;37m██[38;2;161;49;37m██[38;2;161;49;37m██[38;2;16;16;16m██[38;2;61;59;61m██[38;2;61;59;61m██[38;2;61;59;61m██[38;2;61;59;61m██[38;2;16;16;16m██[38;2;61;59;61m██[38;2;61;59;61m██[38;2;61;59;61m██[38;2;61;59;61m██[38;2;16;16;16m██                                
      [38;2;16;16;16m██[38;2;161;49;37m██[38;2;161;49;37m██[38;2;161;49;37m██[38;2;161;49;37m██[38;2;16;16;16m██[38;2;213;91;39m██[38;2;152;65;28m██[38;2;213;91;39m██[38;2;213;91;39m██[38;2;152;65;28m██[38;2;213;91;39m██[38;2;213;91;39m██[38;2;16;16;16m██[38;2;114;32;32m██[38;2;61;59;61m██[38;2;42;38;41m██[38;2;61;59;61m██[38;2;61;59;61m██[38;2;16;16;16m██[38;2;161;49;37m██[38;2;161;49;37m██[38;2;214;66;50m██[38;2;254;89;70m██[38;2;254;89;70m██[38;2;214;66;50m██[38;2;161;49;37m██[38;2;161;49;37m██[38;2;161;49;37m██[38;2;161;49;37m██[38;2;161;49;37m██[38;2;16;16;16m██[38;2;61;59;61m██[38;2;61;59;61m██[38;2;61;59;61m██[38;2;61;59;61m██[38;2;61;59;61m██[38;2;61;59;61m██[38;2;61;59;61m██[38;2;61;59;61m██[38;2;61;59;61m██[38;2;61;59;61m██[38;2;61;59;61m██[38;2;16;16;16m██                              
        [38;2;16;16;16m██[38;2;161;49;37m██[38;2;161;49;37m██[38;2;16;16;16m██[38;2;213;91;39m██[38;2;213;91;39m██[38;2;108;41;12m██[38;2;213;91;39m██[38;2;213;91;39m██[38;2;108;41;12m██[38;2;213;91;39m██[38;2;255;125;69m██[38;2;16;16;16m██[38;2;162;42;42m██[38;2;114;32;32m██[38;2;42;38;41m██[38;2;61;59;61m██[38;2;98;92;97m██[38;2;61;59;61m██[38;2;16;16;16m██[38;2;161;49;37m██[38;2;161;49;37m██[38;2;161;49;37m██[38;2;161;49;37m██[38;2;161;49;37m██[38;2;161;49;37m██[38;2;161;49;37m██[38;2;161;49;37m██[38;2;107;41;25m██[38;2;16;16;16m██[38;2;61;59;61m██[38;2;61;59;61m██[38;2;61;59;61m██[38;2;42;38;41m██[38;2;61;59;61m██[38;2;98;92;97m██[38;2;98;92;97m██[38;2;98;92;97m██[38;2;61;59;61m██[38;2;61;59;61m██[38;2;61;59;61m██[38;2;61;59;61m██[38;2;16;16;16m██                              
          [38;2;16;16;16m██[38;2;16;16;16m██[38;2;16;16;16m██[38;2;213;91;39m██[38;2;213;91;39m██[38;2;16;16;16m██[38;2;152;65;28m██[38;2;213;91;39m██[38;2;108;41;12m██[38;2;152;65;28m██[38;2;213;91;39m██[38;2;16;16;16m██[38;2;162;42;42m██[38;2;162;42;42m██[38;2;16;16;16m██[38;2;61;59;61m██[38;2;98;92;97m██[38;2;98;92;97m██[38;2;61;59;61m██[38;2;16;16;16m██[38;2;107;41;25m██[38;2;161;49;37m██[38;2;161;49;37m██[38;2;161;49;37m██[38;2;161;49;37m██[38;2;107;41;25m██[38;2;16;16;16m██[38;2;61;59;61m██[38;2;61;59;61m██[38;2;114;32;32m██[38;2;162;42;42m██[38;2;114;32;32m██[38;2;42;38;41m██[38;2;98;92;97m██[38;2;98;92;97m██[38;2;98;92;97m██[38;2;98;92;97m██[38;2;98;92;97m██[38;2;61;59;61m██[38;2;61;59;61m██[38;2;61;59;61m██[38;2;16;16;16m██                              
              [38;2;16;16;16m██[38;2;213;91;39m██[38;2;16;16;16m██  [38;2;16;16;16m██[38;2;213;91;39m██[38;2;108;41;12m██[38;2;16;16;16m██[38;2;152;65;28m██[38;2;16;16;16m██[38;2;162;42;42m██[38;2;162;42;42m██[38;2;16;16;16m██[38;2;61;59;61m██[38;2;98;92;97m██[38;2;98;92;97m██[38;2;98;92;97m██[38;2;98;92;97m██[38;2;61;59;61m██[38;2;16;16;16m██[38;2;16;16;16m██[38;2;16;16;16m██[38;2;16;16;16m██[38;2;61;59;61m██[38;2;61;59;61m██[38;2;114;32;32m██[38;2;162;42;42m██[38;2;162;42;42m██[38;2;162;42;42m██[38;2;42;38;41m██[38;2;98;92;97m██[38;2;98;92;97m██[38;2;98;92;97m██[38;2;98;92;97m██[38;2;98;92;97m██[38;2;98;92;97m██[38;2;61;59;61m██[38;2;61;59;61m██[38;2;61;59;61m██[38;2;16;16;16m██                              
              [38;2;16;16;16m██[38;2;16;16;16m██    [38;2;16;16;16m██[38;2;213;91;39m██[38;2;16;16;16m██[38;2;114;32;32m██[38;2;16;16;16m██[38;2;16;16;16m██[38;2;162;42;42m██[38;2;162;42;42m██[38;2;162;42;42m██[38;2;16;16;16m██[38;2;98;92;97m██[38;2;98;92;97m██[38;2;98;92;97m██[38;2;98;92;97m██[38;2;98;92;97m██[38;2;98;92;97m██[38;2;61;59;61m██[38;2;61;59;61m██[38;2;42;38;41m██[38;2;114;32;32m██[38;2;162;42;42m██[38;2;162;42;42m██[38;2;162;42;42m██[38;2;162;42;42m██[38;2;114;32;32m██[38;2;42;38;41m██[38;2;98;92;97m██[38;2;98;92;97m██[38;2;98;92;97m██[38;2;98;92;97m██[38;2;98;92;97m██[38;2;98;92;97m██[38;2;98;92;97m██[38;2;61;59;61m██[38;2;61;59;61m██[38;2;16;16;16m██                              
                    [38;2;16;16;16m██[38;2;42;38;41m██[38;2;16;16;16m██[38;2;98;92;97m██[38;2;16;16;16m██[38;2;114;32;32m██[38;2;162;42;42m██[38;2;162;42;42m██[38;2;162;42;42m██[38;2;162;42;42m██[38;2;16;16;16m██[38;2;61;59;61m██[38;2;98;92;97m██[38;2;98;92;97m██[38;2;98;92;97m██[38;2;98;92;97m██[38;2;98;92;97m██[38;2;61;59;61m██[38;2;61;59;61m██[38;2;42;38;41m██[38;2;162;42;42m██[38;2;162;42;42m██[38;2;114;32;32m██[38;2;114;32;32m██[38;2;16;16;16m██[38;2;16;16;16m██[38;2;42;38;41m██[38;2;98;92;97m██[38;2;98;92;97m██[38;2;98;92;97m██[38;2;98;92;97m██[38;2;98;92;97m██[38;2;98;92;97m██[38;2;98;92;97m██[38;2;61;59;61m██[38;2;61;59;61m██[38;2;16;16;16m██                              
                    [38;2;16;16;16m██[38;2;98;92;97m██[38;2;98;92;97m██[38;2;98;92;97m██[38;2;98;92;97m██[38;2;16;16;16m██[38;2;16;16;16m██[38;2;16;16;16m██[38;2;16;16;16m██[38;2;16;16;16m██[38;2;16;16;16m██[38;2;16;16;16m██[38;2;98;92;97m██[38;2;98;92;97m██[38;2;98;92;97m██[38;2;98;92;97m██[38;2;98;92;97m██[38;2;61;59;61m██[38;2;61;59;61m██[38;2;42;38;41m██[38;2;16;16;16m██[38;2;16;16;16m██[38;2;42;38;41m██[38;2;42;38;41m██[38;2;42;38;41m██[38;2;42;38;41m██[38;2;16;16;16m██[38;2;98;92;97m██[38;2;98;92;97m██[38;2;98;92;97m██[38;2;98;92;97m██[38;2;98;92;97m██[38;2;98;92;97m██[38;2;98;92;97m██[38;2;98;92;97m██[38;2;16;16;16m██                                
                    [38;2;16;16;16m██[38;2;98;92;97m██[38;2;98;92;97m██[38;2;98;92;97m██[38;2;98;92;97m██[38;2;61;59;61m██[38;2;61;59;61m██[38;2;16;16;16m██        [38;2;16;16;16m██[38;2;98;92;97m██[38;2;98;92;97m██[38;2;98;92;97m██[38;2;98;92;97m██[38;2;98;92;97m██[38;2;61;59;61m██[38;2;16;16;16m██[38;2;42;38;41m██[38;2;42;38;41m██[38;2;42;38;41m██[38;2;42;38;41m██[38;2;42;38;41m██[38;2;42;38;41m██[38;2;16;16;16m██[38;2;98;92;97m██[38;2;98;92;97m██[38;2;98;92;97m██[38;2;98;92;97m██[38;2;98;92;97m██[38;2;98;92;97m██[38;2;98;92;97m██[38;2;98;92;97m██[38;2;16;16;16m██                                
                    [38;2;16;16;16m██[38;2;98;92;97m██[38;2;98;92;97m██[38;2;98;92;97m██[38;2;98;92;97m██[38;2;61;59;61m██[38;2;61;59;61m██[38;2;16;16;16m██          [38;2;16;16;16m██[38;2;98;92;97m██[38;2;98;92;97m██[38;2;98;92;97m██[38;2;98;92;97m██[38;2;61;59;61m██[38;2;16;16;16m██[38;2;42;38;41m██[38;2;42;38;41m██[38;2;42;38;41m██[38;2;42;38;41m██[38;2;42;38;41m██[38;2;42;38;41m██[38;2;16;16;16m██[38;2;98;92;97m██[38;2;98;92;97m██[38;2;98;92;97m██[38;2;98;92;97m██[38;2;98;92;97m██[38;2;98;92;97m██[38;2;98;92;97m██[38;2;98;92;97m██[38;2;16;16;16m██                                
                    [38;2;16;16;16m██[38;2;98;92;97m██[38;2;98;92;97m██[38;2;98;92;97m██[38;2;98;92;97m██[38;2;61;59;61m██[38;2;61;59;61m██[38;2;16;16;16m██          [38;2;16;16;16m██[38;2;61;59;61m██[38;2;98;92;97m██[38;2;98;92;97m██[38;2;98;92;97m██[38;2;61;59;61m██[38;2;16;16;16m██[38;2;42;38;41m██[38;2;42;38;41m██[38;2;42;38;41m██[38;2;42;38;41m██[38;2;42;38;41m██[38;2;42;38;41m██[38;2;42;38;41m██[38;2;16;16;16m██[38;2;98;92;97m██[38;2;98;92;97m██[38;2;98;92;97m██[38;2;98;92;97m██[38;2;98;92;97m██[38;2;98;92;97m██[38;2;98;92;97m██[38;2;16;16;16m██                                
                      [38;2;16;16;16m██[38;2;98;92;97m██[38;2;98;92;97m██[38;2;98;92;97m██[38;2;61;59;61m██[38;2;16;16;16m██              [38;2;16;16;16m██[38;2;98;92;97m██[38;2;98;92;97m██[38;2;98;92;97m██[38;2;61;59;61m██[38;2;61;59;61m██[38;2;16;16;16m██[38;2;42;38;41m██[38;2;42;38;41m██[38;2;42;38;41m██[38;2;42;38;41m██[38;2;42;38;41m██[38;2;42;38;41m██[38;2;16;16;16m██[38;2;98;92;97m██[38;2;98;92;97m██[38;2;98;92;97m██[38;2;98;92;97m██[38;2;98;92;97m██[38;2;98;92;97m██[38;2;98;92;97m██[38;2;16;16;16m██                                
                      [38;2;16;16;16m██[38;2;98;92;97m██[38;2;98;92;97m██[38;2;98;92;97m██[38;2;61;59;61m██[38;2;16;16;16m██              [38;2;16;16;16m██[38;2;61;59;61m██[38;2;98;92;97m██[38;2;61;59;61m██[38;2;61;59;61m██[38;2;61;59;61m██[38;2;16;16;16m██[38;2;42;38;41m██[38;2;42;38;41m██[38;2;42;38;41m██[38;2;42;38;41m██[38;2;42;38;41m██[38;2;42;38;41m██[38;2;42;38;41m██[38;2;16;16;16m██[38;2;98;92;97m██[38;2;98;92;97m██[38;2;98;92;97m██[38;2;98;92;97m██[38;2;98;92;97m██[38;2;61;59;61m██[38;2;16;16;16m██                                
                      [38;2;16;16;16m██[38;2;98;92;97m██[38;2;98;92;97m██[38;2;61;59;61m██[38;2;61;59;61m██[38;2;16;16;16m██                [38;2;16;16;16m██[38;2;98;92;97m██[38;2;98;92;97m██[38;2;61;59;61m██[38;2;16;16;16m██  [38;2;16;16;16m██[38;2;42;38;41m██[38;2;42;38;41m██[38;2;42;38;41m██[38;2;42;38;41m██[38;2;42;38;41m██[38;2;42;38;41m██[38;2;16;16;16m██[38;2;98;92;97m██[38;2;98;92;97m██[38;2;98;92;97m██[38;2;98;92;97m██[38;2;98;92;97m██[38;2;61;59;61m██[38;2;61;59;61m██[38;2;16;16;16m██                              
                      [38;2;16;16;16m██[38;2;98;92;97m██[38;2;98;92;97m██[38;2;61;59;61m██[38;2;16;16;16m██                  [38;2;16;16;16m██[38;2;61;59;61m██[38;2;61;59;61m██[38;2;61;59;61m██[38;2;16;16;16m██    [38;2;16;16;16m██[38;2;16;16;16m██[38;2;42;38;41m██[38;2;42;38;41m██[38;2;42;38;41m██[38;2;42;38;41m██[38;2;42;38;41m██[38;2;16;16;16m██[38;2;61;59;61m██[38;2;98;92;97m██[38;2;98;92;97m██[38;2;61;59;61m██[38;2;61;59;61m██[38;2;61;59;61m██[38;2;16;16;16m██                              
                      [38;2;16;16;16m██[38;2;61;59;61m██[38;2;98;92;97m██[38;2;61;59;61m██[38;2;16;16;16m██                  [38;2;16;16;16m██[38;2;61;59;61m██[38;2;61;59;61m██[38;2;61;59;61m██[38;2;61;59;61m██[38;2;16;16;16m██      [38;2;16;16;16m██[38;2;42;38;41m██[38;2;42;38;41m██[38;2;42;38;41m██[38;2;42;38;41m██[38;2;42;38;41m██[38;2;16;16;16m██[38;2;16;16;16m██[38;2;61;59;61m██[38;2;61;59;61m██[38;2;61;59;61m██[38;2;61;59;61m██[38;2;16;16;16m██                              
                    [38;2;16;16;16m██[38;2;16;16;16m██[38;2;61;59;61m██[38;2;61;59;61m██[38;2;61;59;61m██[38;2;16;16;16m██                    [38;2;16;16;16m██[38;2;61;59;61m██[38;2;16;16;16m██[38;2;16;16;16m██[38;2;161;49;37m██[38;2;16;16;16m██      [38;2;16;16;16m██[38;2;42;38;41m██[38;2;42;38;41m██[38;2;42;38;41m██[38;2;42;38;41m██[38;2;16;16;16m██  [38;2;16;16;16m██[38;2;61;59;61m██[38;2;61;59;61m██[38;2;61;59;61m██[38;2;61;59;61m██[38;2;16;16;16m██                            
                  [38;2;16;16;16m██[38;2;214;66;50m██[38;2;161;49;37m██[38;2;61;59;61m██[38;2;16;16;16m██[38;2;16;16;16m██[38;2;16;16;16m██[38;2;16;16;16m██                [38;2;16;16;16m██[38;2;16;16;16m██[38;2;61;59;61m██[38;2;214;66;50m██[38;2;214;66;50m██[38;2;214;66;50m██[38;2;214;66;50m██[38;2;16;16;16m██    [38;2;16;16;16m██[38;2;42;38;41m██[38;2;42;38;41m██[38;2;42;38;41m██[38;2;42;38;41m██[38;2;16;16;16m██  [38;2;16;16;16m██[38;2;61;59;61m██[38;2;61;59;61m██[38;2;61;59;61m██[38;2;61;59;61m██[38;2;16;16;16m██                            
                  [38;2;16;16;16m██[38;2;161;49;37m██[38;2;61;59;61m██[38;2;61;59;61m██[38;2;214;66;50m██[38;2;214;66;50m██[38;2;214;66;50m██[38;2;16;16;16m██              [38;2;16;16;16m██[38;2;214;66;50m██[38;2;16;16;16m██[38;2;61;59;61m██[38;2;214;66;50m██[38;2;214;66;50m██[38;2;161;49;37m██[38;2;161;49;37m██[38;2;16;16;16m██      [38;2;16;16;16m██[38;2;42;38;41m██[38;2;42;38;41m██[38;2;16;16;16m██      [38;2;16;16;16m██[38;2;61;59;61m██[38;2;61;59;61m██[38;2;61;59;61m██[38;2;16;16;16m██                            
                  [38;2;16;16;16m██[38;2;16;16;16m██[38;2;61;59;61m██[38;2;214;66;50m██[38;2;214;66;50m██[38;2;161;49;37m██[38;2;161;49;37m██[38;2;16;16;16m██              [38;2;16;16;16m██[38;2;161;49;37m██[38;2;214;66;50m██[38;2;61;59;61m██[38;2;16;16;16m██[38;2;16;16;16m██[38;2;16;16;16m██[38;2;16;16;16m██[38;2;16;16;16m██      [38;2;16;16;16m██[38;2;42;38;41m██[38;2;42;38;41m██[38;2;16;16;16m██      [38;2;16;16;16m██[38;2;61;59;61m██[38;2;61;59;61m██[38;2;61;59;61m██[38;2;16;16;16m██                            
                      [38;2;61;59;61m██[38;2;16;16;16m██[38;2;16;16;16m██[38;2;16;16;16m██[38;2;16;16;16m██                [38;2;16;16;16m██[38;2;16;16;16m██[38;2;16;16;16m██[38;2;16;16;16m██[38;2;61;59;61m██[38;2;61;59;61m██[38;2;16;16;16m██          [38;2;16;16;16m██[38;2;42;38;41m██[38;2;42;38;41m██[38;2;16;16;16m██      [38;2;16;16;16m██[38;2;61;59;61m██[38;2;61;59;61m██[38;2;42;38;41m██[38;2;16;16;16m██                            
                    [38;2;16;16;16m██[38;2;61;59;61m██[38;2;61;59;61m██[38;2;61;59;61m██[38;2;16;16;16m██                        [38;2;16;16;16m██[38;2;61;59;61m██[38;2;61;59;61m██[38;2;16;16;16m██          [38;2;16;16;16m██[38;2;42;38;41m██[38;2;42;38;41m██[38;2;16;16;16m██        [38;2;16;16;16m██[38;2;42;38;41m██[38;2;42;38;41m██[38;2;16;16;16m██                            
                [38;2;16;16;16m██[38;2;16;16;16m██[38;2;16;16;16m██[38;2;61;59;61m██[38;2;61;59;61m██[38;2;61;59;61m██[38;2;16;16;16m██                        [38;2;16;16;16m██[38;2;61;59;61m██[38;2;61;59;61m██[38;2;16;16;16m██          [38;2;16;16;16m██[38;2;42;38;41m██[38;2;42;38;41m██[38;2;16;16;16m██        [38;2;16;16;16m██[38;2;42;38;41m██[38;2;42;38;41m██[38;2;16;16;16m██                            
              [38;2;16;16;16m██[38;2;161;49;37m██[38;2;214;66;50m██[38;2;16;16;16m██[38;2;61;59;61m██[38;2;16;16;16m██[38;2;16;16;16m██                          [38;2;42;38;41m██[38;2;42;38;41m██[38;2;16;16;16m██[38;2;16;16;16m██          [38;2;16;16;16m██[38;2;42;38;41m██[38;2;42;38;41m██[38;2;16;16;16m██        [38;2;16;16;16m██[38;2;42;38;41m██[38;2;42;38;41m██[38;2;16;16;16m██                            
              [38;2;16;16;16m██[38;2;214;66;50m██[38;2;161;49;37m██[38;2;61;59;61m██[38;2;16;16;16m██[38;2;214;66;50m██[38;2;214;66;50m██[38;2;16;16;16m██[38;2;16;16;16m██                  [38;2;16;16;16m██[38;2;16;16;16m██[38;2;42;38;41m██[38;2;16;16;16m██[38;2;161;49;37m██[38;2;214;66;50m██[38;2;16;16;16m██      [38;2;16;16;16m██[38;2;42;38;41m██[38;2;42;38;41m██[38;2;42;38;41m██[38;2;16;16;16m██      [38;2;16;16;16m██[38;2;61;59;61m██[38;2;42;38;41m██[38;2;16;16;16m██                              
              [38;2;16;16;16m██[38;2;161;49;37m██[38;2;61;59;61m██[38;2;61;59;61m██[38;2;214;66;50m██[38;2;214;66;50m██[38;2;214;66;50m██[38;2;161;49;37m██[38;2;16;16;16m██                [38;2;16;16;16m██[38;2;161;49;37m██[38;2;161;49;37m██[38;2;61;59;61m██[38;2;214;66;50m██[38;2;214;66;50m██[38;2;214;66;50m██[38;2;161;49;37m██[38;2;16;16;16m██    [38;2;16;16;16m██[38;2;42;38;41m██[38;2;42;38;41m██[38;2;42;38;41m██[38;2;16;16;16m██      [38;2;16;16;16m██[38;2;61;59;61m██[38;2;61;59;61m██[38;2;16;16;16m██                              
                [38;2;16;16;16m██[38;2;16;16;16m██[38;2;214;66;50m██[38;2;214;66;50m██[38;2;161;49;37m██[38;2;161;49;37m██[38;2;16;16;16m██                  [38;2;16;16;16m██[38;2;161;49;37m██[38;2;214;66;50m██[38;2;61;59;61m██[38;2;214;66;50m██[38;2;214;66;50m██[38;2;161;49;37m██[38;2;161;49;37m██[38;2;16;16;16m██  [38;2;16;16;16m██[38;2;42;38;41m██[38;2;42;38;41m██[38;2;42;38;41m██[38;2;42;38;41m██[38;2;16;16;16m██    [38;2;16;16;16m██[38;2;61;59;61m██[38;2;98;92;97m██[38;2;61;59;61m██[38;2;16;16;16m██                              
              [38;2;16;16;16m██[38;2;61;59;61m██[38;2;98;92;97m██[38;2;16;16;16m██[38;2;16;16;16m██[38;2;16;16;16m██[38;2;16;16;16m██                    [38;2;16;16;16m██[38;2;16;16;16m██[38;2;16;16;16m██[38;2;61;59;61m██[38;2;16;16;16m██[38;2;16;16;16m██[38;2;16;16;16m██[38;2;16;16;16m██  [38;2;16;16;16m██[38;2;126;30;30m██[38;2;126;30;30m██[38;2;16;16;16m██[38;2;126;30;30m██[38;2;16;16;16m██    [38;2;16;16;16m██[38;2;98;92;97m██[38;2;98;92;97m██[38;2;98;92;97m██[38;2;98;92;97m██[38;2;16;16;16m██                              
            [38;2;16;16;16m██[38;2;98;92;97m██[38;2;98;92;97m██[38;2;98;92;97m██[38;2;61;59;61m██[38;2;61;59;61m██[38;2;16;16;16m██                          [38;2;16;16;16m██[38;2;98;92;97m██[38;2;61;59;61m██[38;2;61;59;61m██[38;2;16;16;16m██  [38;2;16;16;16m██[38;2;16;16;16m██[38;2;16;16;16m██[38;2;16;16;16m██[38;2;16;16;16m██[38;2;16;16;16m██    [38;2;16;16;16m██[38;2;126;30;30m██[38;2;61;59;61m██[38;2;16;16;16m██[38;2;98;92;97m██[38;2;61;59;61m██[38;2;16;16;16m██                              
        [38;2;16;16;16m██[38;2;16;16;16m██[38;2;213;51;51m██[38;2;16;16;16m██[38;2;126;30;30m██[38;2;126;30;30m██[38;2;126;30;30m██[38;2;16;16;16m██                          [38;2;16;16;16m██[38;2;98;92;97m██[38;2;98;92;97m██[38;2;98;92;97m██[38;2;61;59;61m██[38;2;16;16;16m██                [38;2;16;16;16m██[38;2;126;30;30m██[38;2;126;30;30m██[38;2;16;16;16m██[38;2;126;30;30m██[38;2;126;30;30m██[38;2;61;59;61m██[38;2;16;16;16m██                              
      [38;2;16;16;16m██[38;2;126;30;30m██[38;2;213;51;51m██[38;2;16;16;16m██[38;2;213;51;51m██[38;2;16;16;16m██[38;2;126;30;30m██[38;2;16;16;16m██                          [38;2;16;16;16m██[38;2;98;92;97m██[38;2;98;92;97m██[38;2;98;92;97m██[38;2;61;59;61m██[38;2;16;16;16m██                  [38;2;16;16;16m██[38;2;16;16;16m██[38;2;16;16;16m██[38;2;16;16;16m██[38;2;126;30;30m██[38;2;16;16;16m██[38;2;16;16;16m██                                
      [38;2;16;16;16m██[38;2;16;16;16m██[38;2;16;16;16m██[38;2;16;16;16m██[38;2;16;16;16m██[38;2;16;16;16m██[38;2;16;16;16m██                          [38;2;16;16;16m██[38;2;213;51;51m██[38;2;16;16;16m██[38;2;213;51;51m██[38;2;16;16;16m██[38;2;213;51;51m██[38;2;16;16;16m██                        [38;2;16;16;16m██[38;2;16;16;16m██                                    
                                            [38;2;16;16;16m██[38;2;213;51;51m██[38;2;16;16;16m██[38;2;126;30;30m██[38;2;16;16;16m██[38;2;126;30;30m██[38;2;126;30;30m██[38;2;16;16;16m██                                                                
                                            [38;2;16;16;16m██[38;2;16;16;16m██[38;2;16;16;16m██[38;2;16;16;16m██[38;2;16;16;16m██[38;2;16;16;16m██[38;2;16;16;16m██                                                                  
