          [38;2;85;83;83m██[38;2;85;83;83m██                                                                            
        [38;2;85;83;83m██[38;2;223;222;216m██[38;2;223;222;216m██[38;2;41;45;50m██                                                                          
        [38;2;85;83;83m██[38;2;223;222;216m██[38;2;223;222;216m██[38;2;41;45;50m██                                                                          
  [38;2;85;83;83m██[38;2;85;83;83m██[38;2;41;45;50m██[38;2;41;45;50m██[38;2;223;222;216m██[38;2;223;222;216m██[38;2;41;45;50m██[38;2;41;45;50m██                          [38;2;85;83;83m██[38;2;85;83;83m██              [38;2;85;83;83m██[38;2;85;83;83m██                        
[38;2;85;83;83m██[38;2;223;222;216m██[38;2;223;222;216m██[38;2;184;180;171m██[38;2;41;45;50m██[38;2;184;180;171m██[38;2;223;222;216m██[38;2;223;222;216m██[38;2;223;222;216m██[38;2;85;83;83m██[38;2;85;83;83m██      [38;2;41;45;50m██[38;2;41;45;50m██          [38;2;85;83;83m██[38;2;223;222;216m██[38;2;223;222;216m██[38;2;41;45;50m██          [38;2;85;83;83m██[38;2;223;222;216m██[38;2;223;222;216m██[38;2;41;45;50m██                      
[38;2;85;83;83m██[38;2;184;180;171m██[38;2;184;180;171m██[38;2;184;180;171m██[38;2;184;180;171m██[38;2;41;45;50m██[38;2;184;180;171m██[38;2;184;180;171m██[38;2;223;222;216m██[38;2;223;222;216m██[38;2;223;222;216m██[38;2;41;45;50m██  [38;2;41;45;50m██[38;2;184;180;171m██[38;2;184;180;171m██[38;2;16;16;16m██        [38;2;85;83;83m██[38;2;223;222;216m██[38;2;223;222;216m██[38;2;41;45;50m██        [38;2;85;83;83m██[38;2;41;45;50m██[38;2;223;222;216m██[38;2;223;222;216m██[38;2;41;45;50m██                      
  [38;2;41;45;50m██[38;2;41;45;50m██[38;2;184;180;171m██[38;2;184;180;171m██[38;2;16;16;16m██  [38;2;41;45;50m██[38;2;41;45;50m██[38;2;184;180;171m██[38;2;223;222;216m██[38;2;223;222;216m██[38;2;41;45;50m██[38;2;184;180;171m██[38;2;184;180;171m██[38;2;184;180;171m██[38;2;16;16;16m██        [38;2;85;83;83m██[38;2;184;180;171m██[38;2;223;222;216m██[38;2;41;45;50m██  [38;2;85;83;83m██[38;2;85;83;83m██[38;2;85;83;83m██[38;2;223;222;216m██[38;2;223;222;216m██[38;2;223;222;216m██[38;2;184;180;171m██[38;2;41;45;50m██[38;2;41;45;50m██[38;2;41;45;50m██                  
    [38;2;41;45;50m██[38;2;184;180;171m██[38;2;184;180;171m██[38;2;16;16;16m██      [38;2;41;45;50m██[38;2;184;180;171m██[38;2;223;222;216m██[38;2;184;180;171m██[38;2;184;180;171m██[38;2;184;180;171m██[38;2;16;16;16m██            [38;2;41;45;50m██[38;2;223;222;216m██[38;2;41;45;50m██[38;2;41;45;50m██[38;2;223;222;216m██[38;2;223;222;216m██[38;2;223;222;216m██[38;2;223;222;216m██[38;2;223;222;216m██[38;2;184;180;171m██[38;2;41;45;50m██[38;2;41;45;50m██[38;2;184;180;171m██[38;2;184;180;171m██[38;2;41;45;50m██                
    [38;2;16;16;16m██[38;2;184;180;171m██[38;2;85;83;83m██[38;2;16;16;16m██          [38;2;16;16;16m██[38;2;223;222;216m██[38;2;184;180;171m██[38;2;41;45;50m██              [38;2;41;45;50m██[38;2;223;222;216m██[38;2;223;222;216m██[38;2;223;222;216m██[38;2;223;222;216m██[38;2;223;222;216m██[38;2;41;45;50m██[38;2;41;45;50m██[38;2;41;45;50m██[38;2;41;45;50m██[38;2;41;45;50m██[38;2;184;180;171m██[38;2;184;180;171m██[38;2;184;180;171m██[38;2;41;45;50m██                
    [38;2;16;16;16m██[38;2;184;180;171m██[38;2;85;83;83m██[38;2;41;45;50m██          [38;2;41;45;50m██[38;2;184;180;171m██[38;2;184;180;171m██[38;2;16;16;16m██            [38;2;41;45;50m██[38;2;184;180;171m██[38;2;223;222;216m██[38;2;223;222;216m██[38;2;223;222;216m██[38;2;41;45;50m██[38;2;41;45;50m██        [38;2;41;45;50m██[38;2;184;180;171m██[38;2;184;180;171m██[38;2;41;45;50m██                  
    [38;2;16;16;16m██[38;2;184;180;171m██[38;2;85;83;83m██[38;2;41;45;50m██  [38;2;52;52;52m██[38;2;52;52;52m██[38;2;52;52;52m██  [38;2;41;45;50m██[38;2;184;180;171m██[38;2;184;180;171m██[38;2;16;16;16m██            [38;2;41;45;50m██[38;2;223;222;216m██[38;2;223;222;216m██[38;2;223;222;216m██[38;2;41;45;50m██            [38;2;41;45;50m██[38;2;184;180;171m██[38;2;184;180;171m██[38;2;41;45;50m██                  
    [38;2;16;16;16m██[38;2;184;180;171m██[38;2;85;83;83m██[38;2;41;45;50m██[38;2;52;52;52m██[38;2;126;126;126m██[38;2;86;86;86m██[38;2;52;52;52m██[38;2;16;16;16m██[38;2;41;45;50m██[38;2;184;180;171m██[38;2;184;180;171m██[38;2;16;16;16m██            [38;2;184;180;171m██[38;2;223;222;216m██[38;2;223;222;216m██[38;2;41;45;50m██              [38;2;41;45;50m██[38;2;184;180;171m██[38;2;16;16;16m██                    
  [38;2;16;16;16m██[38;2;16;16;16m██[38;2;184;180;171m██[38;2;184;180;171m██[38;2;41;45;50m██[38;2;52;52;52m██[38;2;86;86;86m██[38;2;86;86;86m██[38;2;16;16;16m██[38;2;16;16;16m██[38;2;41;45;50m██[38;2;184;180;171m██[38;2;184;180;171m██[38;2;16;16;16m██          [38;2;41;45;50m██[38;2;223;222;216m██[38;2;223;222;216m██[38;2;184;180;171m██[38;2;52;52;52m██[38;2;52;52;52m██[38;2;16;16;16m██        [38;2;41;45;50m██[38;2;184;180;171m██[38;2;184;180;171m██[38;2;16;16;16m██                    
[38;2;16;16;16m██[38;2;184;180;171m██[38;2;184;180;171m██[38;2;184;180;171m██[38;2;184;180;171m██[38;2;184;180;171m██[38;2;52;52;52m██[38;2;52;52;52m██[38;2;16;16;16m██[38;2;16;16;16m██[38;2;16;16;16m██[38;2;184;180;171m██[38;2;184;180;171m██[38;2;184;180;171m██            [38;2;41;45;50m██[38;2;223;222;216m██[38;2;223;222;216m██[38;2;52;52;52m██[38;2;126;126;126m██[38;2;86;86;86m██[38;2;52;52;52m██[38;2;16;16;16m██      [38;2;41;45;50m██[38;2;184;180;171m██[38;2;184;180;171m██[38;2;16;16;16m██                    
[38;2;16;16;16m██[38;2;184;180;171m██[38;2;184;180;171m██[38;2;85;83;83m██[38;2;85;83;83m██[38;2;184;180;171m██[38;2;184;180;171m██[38;2;16;16;16m██[38;2;16;16;16m██[38;2;16;16;16m██[38;2;184;180;171m██[38;2;184;180;171m██[38;2;184;180;171m██[38;2;16;16;16m██            [38;2;41;45;50m██[38;2;223;222;216m██[38;2;223;222;216m██[38;2;52;52;52m██[38;2;86;86;86m██[38;2;86;86;86m██[38;2;16;16;16m██[38;2;16;16;16m██    [38;2;41;45;50m██[38;2;184;180;171m██[38;2;184;180;171m██[38;2;16;16;16m██                      
  [38;2;16;16;16m██[38;2;16;16;16m██[38;2;16;16;16m██[38;2;41;45;50m██[38;2;184;180;171m██[38;2;184;180;171m██[38;2;184;180;171m██[38;2;184;180;171m██[38;2;184;180;171m██[38;2;184;180;171m██[38;2;184;180;171m██[38;2;85;83;83m██[38;2;16;16;16m██            [38;2;41;45;50m██[38;2;184;180;171m██[38;2;223;222;216m██[38;2;16;16;16m██[38;2;52;52;52m██[38;2;16;16;16m██[38;2;16;16;16m██[38;2;16;16;16m██  [38;2;41;45;50m██[38;2;184;180;171m██[38;2;184;180;171m██[38;2;184;180;171m██[38;2;16;16;16m██                      
          [38;2;16;16;16m██[38;2;41;45;50m██[38;2;184;180;171m██[38;2;184;180;171m██[38;2;184;180;171m██[38;2;184;180;171m██[38;2;184;180;171m██[38;2;16;16;16m██              [38;2;41;45;50m██[38;2;184;180;171m██[38;2;184;180;171m██[38;2;184;180;171m██[38;2;16;16;16m██[38;2;16;16;16m██[38;2;16;16;16m██[38;2;41;45;50m██[38;2;41;45;50m██[38;2;184;180;171m██[38;2;184;180;171m██[38;2;184;180;171m██[38;2;16;16;16m██[38;2;41;45;50m██[38;2;41;45;50m██                    
              [38;2;16;16;16m██[38;2;41;45;50m██[38;2;16;16;16m██[38;2;184;180;171m██[38;2;184;180;171m██[38;2;16;16;16m██[38;2;41;45;50m██          [38;2;16;16;16m██[38;2;223;222;216m██[38;2;184;180;171m██[38;2;184;180;171m██[38;2;184;180;171m██[38;2;184;180;171m██[38;2;184;180;171m██[38;2;184;180;171m██[38;2;184;180;171m██[38;2;184;180;171m██[38;2;184;180;171m██[38;2;184;180;171m██[38;2;184;180;171m██[38;2;184;180;171m██[38;2;184;180;171m██[38;2;184;180;171m██[38;2;41;45;50m██                  
                    [38;2;41;45;50m██[38;2;184;180;171m██[38;2;184;180;171m██[38;2;41;45;50m██[38;2;16;16;16m██[38;2;41;45;50m██[38;2;41;45;50m██[38;2;41;45;50m██[38;2;16;16;16m██[38;2;223;222;216m██[38;2;223;222;216m██[38;2;184;180;171m██[38;2;16;16;16m██[38;2;16;16;16m██[38;2;184;180;171m██[38;2;184;180;171m██[38;2;184;180;171m██[38;2;184;180;171m██[38;2;16;16;16m██[38;2;16;16;16m██[38;2;16;16;16m██[38;2;16;16;16m██[38;2;16;16;16m██[38;2;184;180;171m██[38;2;184;180;171m██[38;2;16;16;16m██                  
                    [38;2;41;45;50m██[38;2;16;16;16m██[38;2;16;16;16m██[38;2;96;102;106m██[38;2;120;127;132m██[38;2;85;83;83m██[38;2;120;127;132m██[38;2;16;16;16m██[38;2;223;222;216m██[38;2;223;222;216m██[38;2;184;180;171m██[38;2;16;16;16m██    [38;2;41;45;50m██[38;2;16;16;16m██[38;2;16;16;16m██[38;2;16;16;16m██          [38;2;16;16;16m██[38;2;16;16;16m██                    
                    [38;2;41;45;50m██[38;2;120;127;132m██[38;2;85;83;83m██[38;2;120;127;132m██[38;2;120;127;132m██[38;2;120;127;132m██[38;2;120;127;132m██[38;2;41;45;50m██[38;2;184;180;171m██[38;2;184;180;171m██[38;2;16;16;16m██[38;2;41;45;50m██                                              
                [38;2;85;83;83m██[38;2;85;83;83m██[38;2;41;45;50m██[38;2;120;127;132m██[38;2;120;127;132m██[38;2;120;127;132m██[38;2;120;127;132m██[38;2;120;127;132m██[38;2;120;127;132m██[38;2;120;127;132m██[38;2;16;16;16m██[38;2;16;16;16m██[38;2;96;102;106m██[38;2;96;102;106m██[38;2;41;45;50m██[38;2;41;45;50m██                                          
        [38;2;85;83;83m██[38;2;85;83;83m██[38;2;85;83;83m██[38;2;96;102;106m██[38;2;120;127;132m██[38;2;41;45;50m██[38;2;120;127;132m██[38;2;120;127;132m██[38;2;120;127;132m██[38;2;120;127;132m██[38;2;120;127;132m██[38;2;120;127;132m██[38;2;120;127;132m██[38;2;120;127;132m██[38;2;120;127;132m██[38;2;96;102;106m██[38;2;96;102;106m██[38;2;96;102;106m██[38;2;96;102;106m██[38;2;96;102;106m██[38;2;85;83;83m██[38;2;41;45;50m██                                      
      [38;2;85;83;83m██[38;2;120;127;132m██[38;2;120;127;132m██[38;2;120;127;132m██[38;2;120;127;132m██[38;2;120;127;132m██[38;2;41;45;50m██[38;2;120;127;132m██[38;2;120;127;132m██[38;2;120;127;132m██[38;2;120;127;132m██[38;2;120;127;132m██[38;2;120;127;132m██[38;2;41;45;50m██[38;2;41;45;50m██[38;2;85;83;83m██[38;2;96;102;106m██[38;2;96;102;106m██[38;2;96;102;106m██[38;2;96;102;106m██[38;2;120;127;132m██[38;2;120;127;132m██[38;2;120;127;132m██[38;2;85;83;83m██[38;2;41;45;50m██                                  
      [38;2;85;83;83m██[38;2;120;127;132m██[38;2;120;127;132m██[38;2;120;127;132m██[38;2;96;102;106m██[38;2;41;45;50m██[38;2;120;127;132m██[38;2;85;83;83m██[38;2;120;127;132m██[38;2;120;127;132m██[38;2;120;127;132m██[38;2;120;127;132m██[38;2;41;45;50m██[38;2;120;127;132m██[38;2;120;127;132m██[38;2;96;102;106m██[38;2;85;83;83m██[38;2;96;102;106m██[38;2;41;45;50m██[38;2;85;83;83m██[38;2;120;127;132m██[38;2;120;127;132m██[38;2;120;127;132m██[38;2;120;127;132m██[38;2;120;127;132m██[38;2;16;16;16m██                                
        [38;2;41;45;50m██[38;2;16;16;16m██[38;2;16;16;16m██  [38;2;16;16;16m██[38;2;120;127;132m██[38;2;85;83;83m██[38;2;120;127;132m██[38;2;120;127;132m██[38;2;120;127;132m██[38;2;120;127;132m██[38;2;96;102;106m██[38;2;120;127;132m██[38;2;16;16;16m██[38;2;16;16;16m██[38;2;41;45;50m██[38;2;96;102;106m██[38;2;96;102;106m██[38;2;16;16;16m██[38;2;16;16;16m██[38;2;85;83;83m██[38;2;120;127;132m██[38;2;120;127;132m██[38;2;120;127;132m██[38;2;16;16;16m██                                
                  [38;2;255;255;255m██[38;2;120;127;132m██[38;2;120;127;132m██[38;2;120;127;132m██[38;2;120;127;132m██[38;2;120;127;132m██[38;2;41;45;50m██[38;2;16;16;16m██[38;2;255;255;255m██[38;2;255;255;255m██[38;2;120;127;132m██[38;2;96;102;106m██[38;2;96;102;106m██[38;2;16;16;16m██  [38;2;16;16;16m██[38;2;16;16;16m██[38;2;16;16;16m██[38;2;16;16;16m██                                  
                  [38;2;16;16;16m██[38;2;120;127;132m██[38;2;120;127;132m██[38;2;120;127;132m██[38;2;120;127;132m██[38;2;120;127;132m██[38;2;120;127;132m██[38;2;16;16;16m██[38;2;16;16;16m██[38;2;255;255;255m██[38;2;96;102;106m██[38;2;96;102;106m██[38;2;96;102;106m██[38;2;16;16;16m██                                            
                  [38;2;41;45;50m██[38;2;120;127;132m██[38;2;120;127;132m██[38;2;120;127;132m██[38;2;120;127;132m██[38;2;120;127;132m██[38;2;120;127;132m██[38;2;120;127;132m██[38;2;120;127;132m██[38;2;120;127;132m██[38;2;96;102;106m██[38;2;96;102;106m██[38;2;85;83;83m██[38;2;16;16;16m██                                            
                [38;2;85;83;83m██[38;2;120;127;132m██[38;2;96;102;106m██[38;2;96;102;106m██[38;2;120;127;132m██[38;2;120;127;132m██[38;2;120;127;132m██[38;2;120;127;132m██[38;2;120;127;132m██[38;2;120;127;132m██[38;2;96;102;106m██[38;2;96;102;106m██[38;2;41;45;50m██[38;2;85;83;83m██[38;2;41;45;50m██                                            
                [38;2;120;127;132m██[38;2;96;102;106m██[38;2;41;45;50m██[38;2;41;45;50m██[38;2;96;102;106m██[38;2;120;127;132m██[38;2;120;127;132m██[38;2;120;127;132m██[38;2;96;102;106m██[38;2;96;102;106m██[38;2;96;102;106m██[38;2;41;45;50m██[38;2;85;83;83m██[38;2;85;83;83m██                                              
              [38;2;41;45;50m██[38;2;120;127;132m██[38;2;16;16;16m██[38;2;147;82;74m██[38;2;142;28;13m██[38;2;16;16;16m██[38;2;96;102;106m██[38;2;96;102;106m██[38;2;96;102;106m██[38;2;96;102;106m██[38;2;96;102;106m██[38;2;96;102;106m██[38;2;16;16;16m██[38;2;85;83;83m██[38;2;41;45;50m██                                              
              [38;2;41;45;50m██[38;2;96;102;106m██[38;2;142;28;13m██[38;2;147;82;74m██[38;2;142;28;13m██[38;2;142;28;13m██[38;2;16;16;16m██[38;2;96;102;106m██[38;2;96;102;106m██[38;2;96;102;106m██[38;2;96;102;106m██[38;2;96;102;106m██[38;2;16;16;16m██[38;2;85;83;83m██[38;2;16;16;16m██                                              
              [38;2;16;16;16m██[38;2;96;102;106m██[38;2;16;16;16m██[38;2;142;28;13m██[38;2;16;16;16m██[38;2;142;28;13m██[38;2;16;16;16m██[38;2;85;83;83m██[38;2;96;102;106m██[38;2;96;102;106m██[38;2;96;102;106m██[38;2;96;102;106m██[38;2;16;16;16m██[38;2;85;83;83m██[38;2;16;16;16m██                            [38;2;85;83;83m██[38;2;85;83;83m██[38;2;85;83;83m██[38;2;85;83;83m██[38;2;85;83;83m██        
                [38;2;16;16;16m██[38;2;16;16;16m██[38;2;142;28;13m██[38;2;16;16;16m██[38;2;16;16;16m██[38;2;16;16;16m██[38;2;85;83;83m██[38;2;85;83;83m██[38;2;96;102;106m██[38;2;96;102;106m██[38;2;16;16;16m██[38;2;85;83;83m██[38;2;85;83;83m██[38;2;41;45;50m██                        [38;2;85;83;83m██[38;2;85;83;83m██[38;2;120;127;132m██[38;2;120;127;132m██[38;2;120;127;132m██[38;2;120;127;132m██[38;2;120;127;132m██[38;2;85;83;83m██[38;2;41;45;50m██    
                    [38;2;16;16;16m██[38;2;16;16;16m██[38;2;85;82;83m██[38;2;85;83;83m██[38;2;16;16;16m██[38;2;16;16;16m██[38;2;16;16;16m██[38;2;41;45;50m██[38;2;85;83;83m██[38;2;85;83;83m██[38;2;85;83;83m██[38;2;96;102;106m██[38;2;41;45;50m██                    [38;2;85;83;83m██[38;2;120;127;132m██[38;2;120;127;132m██[38;2;120;127;132m██[38;2;120;127;132m██[38;2;120;127;132m██[38;2;120;127;132m██[38;2;120;127;132m██[38;2;120;127;132m██[38;2;120;127;132m██[38;2;41;45;50m██  
                        [38;2;16;16;16m██[38;2;16;16;16m██[38;2;41;45;50m██[38;2;85;83;83m██[38;2;85;83;83m██[38;2;85;83;83m██[38;2;85;83;83m██[38;2;85;83;83m██[38;2;96;102;106m██[38;2;96;102;106m██[38;2;41;45;50m██                    [38;2;85;83;83m██[38;2;120;127;132m██[38;2;120;127;132m██[38;2;120;127;132m██[38;2;120;127;132m██[38;2;120;127;132m██[38;2;120;127;132m██[38;2;120;127;132m██[38;2;120;127;132m██[38;2;120;127;132m██[38;2;41;45;50m██  
                            [38;2;41;45;50m██[38;2;85;83;83m██[38;2;85;83;83m██[38;2;85;83;83m██[38;2;85;83;83m██[38;2;96;102;106m██[38;2;96;102;106m██[38;2;96;102;106m██[38;2;96;102;106m██[38;2;41;45;50m██              [38;2;85;83;83m██[38;2;85;83;83m██[38;2;41;45;50m██[38;2;41;45;50m██[38;2;120;127;132m██[38;2;120;127;132m██[38;2;120;127;132m██[38;2;120;127;132m██[38;2;120;127;132m██[38;2;120;127;132m██[38;2;120;127;132m██[38;2;120;127;132m██[38;2;96;102;106m██[38;2;41;45;50m██
                            [38;2;41;45;50m██[38;2;85;83;83m██[38;2;85;83;83m██[38;2;96;102;106m██[38;2;96;102;106m██[38;2;96;102;106m██[38;2;96;102;106m██[38;2;96;102;106m██[38;2;96;102;106m██[38;2;96;102;106m██[38;2;41;45;50m██      [38;2;85;83;83m██[38;2;85;83;83m██[38;2;85;83;83m██[38;2;120;127;132m██[38;2;120;127;132m██[38;2;120;127;132m██[38;2;120;127;132m██[38;2;41;45;50m██[38;2;41;45;50m██[38;2;120;127;132m██[38;2;120;127;132m██[38;2;120;127;132m██[38;2;120;127;132m██[38;2;120;127;132m██[38;2;96;102;106m██[38;2;96;102;106m██[38;2;16;16;16m██
                            [38;2;41;45;50m██[38;2;96;102;106m██[38;2;96;102;106m██[38;2;96;102;106m██[38;2;96;102;106m██[38;2;96;102;106m██[38;2;96;102;106m██[38;2;96;102;106m██[38;2;96;102;106m██[38;2;96;102;106m██[38;2;96;102;106m██[38;2;85;83;83m██[38;2;85;83;83m██[38;2;85;83;83m██[38;2;120;127;132m██[38;2;120;127;132m██[38;2;120;127;132m██[38;2;120;127;132m██[38;2;120;127;132m██[38;2;120;127;132m██[38;2;120;127;132m██[38;2;120;127;132m██[38;2;120;127;132m██[38;2;85;83;83m██[38;2;120;127;132m██[38;2;120;127;132m██[38;2;120;127;132m██[38;2;96;102;106m██[38;2;96;102;106m██[38;2;96;102;106m██[38;2;16;16;16m██
                            [38;2;41;45;50m██[38;2;96;102;106m██[38;2;96;102;106m██[38;2;96;102;106m██[38;2;96;102;106m██[38;2;96;102;106m██[38;2;96;102;106m██[38;2;96;102;106m██[38;2;96;102;106m██[38;2;96;102;106m██[38;2;120;127;132m██[38;2;120;127;132m██[38;2;120;127;132m██[38;2;120;127;132m██[38;2;120;127;132m██[38;2;120;127;132m██[38;2;203;203;224m██[38;2;203;203;224m██[38;2;120;127;132m██[38;2;120;127;132m██[38;2;120;127;132m██[38;2;120;127;132m██[38;2;120;127;132m██[38;2;120;127;132m██[38;2;85;83;83m██[38;2;96;102;106m██[38;2;96;102;106m██[38;2;96;102;106m██[38;2;96;102;106m██[38;2;96;102;106m██[38;2;16;16;16m██
                          [38;2;41;45;50m██[38;2;85;83;83m██[38;2;96;102;106m██[38;2;96;102;106m██[38;2;96;102;106m██[38;2;96;102;106m██[38;2;96;102;106m██[38;2;96;102;106m██[38;2;96;102;106m██[38;2;96;102;106m██[38;2;96;102;106m██[38;2;120;127;132m██[38;2;120;127;132m██[38;2;120;127;132m██[38;2;120;127;132m██[38;2;120;127;132m██[38;2;120;127;132m██[38;2;203;203;224m██[38;2;203;203;224m██[38;2;203;203;224m██[38;2;120;127;132m██[38;2;120;127;132m██[38;2;120;127;132m██[38;2;120;127;132m██[38;2;120;127;132m██[38;2;85;83;83m██[38;2;96;102;106m██[38;2;96;102;106m██[38;2;96;102;106m██[38;2;96;102;106m██[38;2;96;102;106m██[38;2;41;45;50m██
                          [38;2;41;45;50m██[38;2;96;102;106m██[38;2;85;83;83m██[38;2;85;83;83m██[38;2;96;102;106m██[38;2;96;102;106m██[38;2;96;102;106m██[38;2;96;102;106m██[38;2;96;102;106m██[38;2;96;102;106m██[38;2;96;102;106m██[38;2;120;127;132m██[38;2;120;127;132m██[38;2;120;127;132m██[38;2;120;127;132m██[38;2;120;127;132m██[38;2;120;127;132m██[38;2;120;127;132m██[38;2;203;203;224m██[38;2;203;203;224m██[38;2;120;127;132m██[38;2;203;203;224m██[38;2;120;127;132m██[38;2;120;127;132m██[38;2;120;127;132m██[38;2;96;102;106m██[38;2;85;83;83m██[38;2;96;102;106m██[38;2;96;102;106m██[38;2;96;102;106m██[38;2;85;83;83m██  
                          [38;2;41;45;50m██[38;2;96;102;106m██[38;2;177;185;208m██[38;2;177;185;208m██[38;2;85;83;83m██[38;2;96;102;106m██[38;2;96;102;106m██[38;2;96;102;106m██[38;2;96;102;106m██[38;2;96;102;106m██[38;2;96;102;106m██[38;2;96;102;106m██[38;2;120;127;132m██[38;2;120;127;132m██[38;2;120;127;132m██[38;2;120;127;132m██[38;2;120;127;132m██[38;2;120;127;132m██[38;2;120;127;132m██[38;2;120;127;132m██[38;2;120;127;132m██[38;2;203;203;224m██[38;2;120;127;132m██[38;2;120;127;132m██[38;2;120;127;132m██[38;2;96;102;106m██[38;2;85;83;83m██[38;2;96;102;106m██[38;2;96;102;106m██[38;2;96;102;106m██[38;2;16;16;16m██  
                        [38;2;41;45;50m██[38;2;41;45;50m██[38;2;177;185;208m██[38;2;177;185;208m██[38;2;177;185;208m██[38;2;177;185;208m██[38;2;85;83;83m██[38;2;96;102;106m██[38;2;96;102;106m██[38;2;96;102;106m██[38;2;96;102;106m██[38;2;96;102;106m██[38;2;96;102;106m██[38;2;96;102;106m██[38;2;120;127;132m██[38;2;120;127;132m██[38;2;120;127;132m██[38;2;120;127;132m██[38;2;120;127;132m██[38;2;120;127;132m██[38;2;120;127;132m██[38;2;120;127;132m██[38;2;120;127;132m██[38;2;120;127;132m██[38;2;120;127;132m██[38;2;96;102;106m██[38;2;96;102;106m██[38;2;41;45;50m██[38;2;96;102;106m██[38;2;16;16;16m██[38;2;16;16;16m██    
                        [38;2;85;83;83m██[38;2;41;45;50m██[38;2;177;185;208m██[38;2;177;185;208m██[38;2;177;185;208m██[38;2;177;185;208m██[38;2;85;83;83m██[38;2;96;102;106m██[38;2;96;102;106m██[38;2;96;102;106m██[38;2;96;102;106m██[38;2;96;102;106m██[38;2;96;102;106m██[38;2;96;102;106m██[38;2;96;102;106m██[38;2;96;102;106m██[38;2;120;127;132m██[38;2;120;127;132m██[38;2;120;127;132m██[38;2;120;127;132m██[38;2;120;127;132m██[38;2;120;127;132m██[38;2;96;102;106m██[38;2;96;102;106m██[38;2;96;102;106m██[38;2;96;102;106m██[38;2;96;102;106m██[38;2;16;16;16m██[38;2;16;16;16m██        
                      [38;2;41;45;50m██[38;2;96;102;106m██[38;2;41;45;50m██[38;2;177;185;208m██[38;2;177;185;208m██[38;2;177;185;208m██[38;2;177;185;208m██[38;2;85;83;83m██[38;2;96;102;106m██[38;2;96;102;106m██[38;2;96;102;106m██[38;2;96;102;106m██[38;2;96;102;106m██[38;2;96;102;106m██[38;2;96;102;106m██[38;2;96;102;106m██[38;2;96;102;106m██[38;2;96;102;106m██[38;2;96;102;106m██[38;2;96;102;106m██[38;2;96;102;106m██[38;2;96;102;106m██[38;2;96;102;106m██[38;2;96;102;106m██[38;2;96;102;106m██[38;2;96;102;106m██[38;2;96;102;106m██[38;2;96;102;106m██[38;2;16;16;16m██          
                    [38;2;41;45;50m██[38;2;85;83;83m██[38;2;96;102;106m██[38;2;85;83;83m██[38;2;177;185;208m██[38;2;177;185;208m██[38;2;177;185;208m██[38;2;177;185;208m██[38;2;177;185;208m██[38;2;85;83;83m██[38;2;96;102;106m██[38;2;96;102;106m██[38;2;96;102;106m██[38;2;96;102;106m██[38;2;96;102;106m██[38;2;96;102;106m██[38;2;96;102;106m██[38;2;96;102;106m██[38;2;96;102;106m██[38;2;85;83;83m██[38;2;85;83;83m██[38;2;85;83;83m██[38;2;96;102;106m██[38;2;96;102;106m██[38;2;96;102;106m██[38;2;96;102;106m██[38;2;96;102;106m██[38;2;96;102;106m██[38;2;96;102;106m██[38;2;41;45;50m██          
                  [38;2;85;83;83m██[38;2;85;83;83m██[38;2;96;102;106m██[38;2;96;102;106m██[38;2;85;83;83m██[38;2;177;185;208m██[38;2;177;185;208m██[38;2;177;185;208m██[38;2;177;185;208m██[38;2;177;185;208m██[38;2;85;83;83m██[38;2;96;102;106m██[38;2;96;102;106m██[38;2;96;102;106m██[38;2;96;102;106m██[38;2;96;102;106m██[38;2;96;102;106m██[38;2;96;102;106m██[38;2;96;102;106m██[38;2;41;45;50m██[38;2;177;185;208m██[38;2;177;185;208m██[38;2;177;185;208m██[38;2;41;45;50m██[38;2;96;102;106m██[38;2;96;102;106m██[38;2;96;102;106m██[38;2;96;102;106m██[38;2;96;102;106m██[38;2;96;102;106m██[38;2;96;102;106m██[38;2;16;16;16m██        
                [38;2;41;45;50m██[38;2;96;102;106m██[38;2;120;127;132m██[38;2;96;102;106m██[38;2;96;102;106m██[38;2;96;102;106m██[38;2;85;83;83m██[38;2;177;185;208m██[38;2;177;185;208m██[38;2;177;185;208m██[38;2;177;185;208m██[38;2;85;83;83m██[38;2;96;102;106m██[38;2;96;102;106m██[38;2;96;102;106m██[38;2;120;127;132m██[38;2;96;102;106m██[38;2;96;102;106m██[38;2;96;102;106m██[38;2;96;102;106m██[38;2;41;45;50m██[38;2;177;185;208m██[38;2;177;185;208m██[38;2;177;185;208m██[38;2;16;16;16m██[38;2;96;102;106m██[38;2;96;102;106m██[38;2;96;102;106m██[38;2;96;102;106m██[38;2;96;102;106m██[38;2;96;102;106m██[38;2;96;102;106m██[38;2;16;16;16m██        
              [38;2;41;45;50m██[38;2;120;127;132m██[38;2;120;127;132m██[38;2;96;102;106m██[38;2;96;102;106m██[38;2;85;83;83m██[38;2;85;83;83m██[38;2;41;45;50m██[38;2;177;185;208m██[38;2;177;185;208m██[38;2;177;185;208m██[38;2;177;185;208m██[38;2;177;185;208m██[38;2;85;83;83m██[38;2;96;102;106m██[38;2;120;127;132m██[38;2;120;127;132m██[38;2;120;127;132m██[38;2;96;102;106m██[38;2;96;102;106m██[38;2;41;45;50m██[38;2;177;185;208m██[38;2;177;185;208m██[38;2;177;185;208m██[38;2;177;185;208m██[38;2;96;102;106m██[38;2;16;16;16m██[38;2;96;102;106m██[38;2;96;102;106m██[38;2;96;102;106m██[38;2;96;102;106m██[38;2;96;102;106m██[38;2;96;102;106m██[38;2;16;16;16m██        
            [38;2;41;45;50m██[38;2;120;127;132m██[38;2;120;127;132m██[38;2;96;102;106m██[38;2;85;83;83m██[38;2;85;83;83m██[38;2;85;83;83m██[38;2;85;83;83m██[38;2;41;45;50m██[38;2;16;16;16m██[38;2;177;185;208m██[38;2;177;185;208m██[38;2;177;185;208m██[38;2;177;185;208m██[38;2;41;45;50m██[38;2;120;127;132m██[38;2;120;127;132m██[38;2;120;127;132m██[38;2;120;127;132m██[38;2;96;102;106m██[38;2;96;102;106m██[38;2;41;45;50m██[38;2;177;185;208m██[38;2;177;185;208m██[38;2;177;185;208m██[38;2;41;45;50m██[38;2;16;16;16m██[38;2;16;16;16m██[38;2;96;102;106m██[38;2;96;102;106m██[38;2;96;102;106m██[38;2;96;102;106m██[38;2;96;102;106m██[38;2;96;102;106m██[38;2;16;16;16m██        
            [38;2;16;16;16m██[38;2;120;127;132m██[38;2;120;127;132m██[38;2;85;83;83m██[38;2;85;83;83m██[38;2;85;83;83m██[38;2;41;45;50m██[38;2;16;16;16m██    [38;2;16;16;16m██[38;2;16;16;16m██[38;2;177;185;208m██[38;2;177;185;208m██[38;2;41;45;50m██[38;2;120;127;132m██[38;2;120;127;132m██[38;2;120;127;132m██[38;2;120;127;132m██[38;2;96;102;106m██[38;2;96;102;106m██[38;2;16;16;16m██[38;2;177;185;208m██[38;2;41;45;50m██[38;2;16;16;16m██[38;2;85;83;83m██[38;2;85;83;83m██[38;2;85;83;83m██[38;2;41;45;50m██[38;2;96;102;106m██[38;2;96;102;106m██[38;2;96;102;106m██[38;2;96;102;106m██[38;2;96;102;106m██[38;2;41;45;50m██        
            [38;2;16;16;16m██[38;2;96;102;106m██[38;2;96;102;106m██[38;2;85;83;83m██[38;2;85;83;83m██[38;2;16;16;16m██            [38;2;16;16;16m██[38;2;41;45;50m██[38;2;16;16;16m██[38;2;120;127;132m██[38;2;120;127;132m██[38;2;120;127;132m██[38;2;120;127;132m██[38;2;96;102;106m██[38;2;96;102;106m██[38;2;16;16;16m██[38;2;41;45;50m██[38;2;85;83;83m██[38;2;85;83;83m██[38;2;85;83;83m██[38;2;85;83;83m██[38;2;85;83;83m██[38;2;41;45;50m██[38;2;96;102;106m██[38;2;96;102;106m██[38;2;96;102;106m██[38;2;96;102;106m██[38;2;96;102;106m██[38;2;85;83;83m██[38;2;16;16;16m██      
              [38;2;16;16;16m██[38;2;85;83;83m██[38;2;85;83;83m██[38;2;85;83;83m██[38;2;41;45;50m██                [38;2;16;16;16m██[38;2;120;127;132m██[38;2;120;127;132m██[38;2;120;127;132m██[38;2;96;102;106m██[38;2;96;102;106m██[38;2;16;16;16m██  [38;2;41;45;50m██[38;2;85;83;83m██[38;2;85;83;83m██[38;2;85;83;83m██[38;2;85;83;83m██[38;2;41;45;50m██  [38;2;41;45;50m██[38;2;96;102;106m██[38;2;96;102;106m██[38;2;96;102;106m██[38;2;96;102;106m██[38;2;85;83;83m██[38;2;41;45;50m██      
                [38;2;16;16;16m██[38;2;85;83;83m██[38;2;85;83;83m██[38;2;85;83;83m██[38;2;41;45;50m██[38;2;16;16;16m██            [38;2;16;16;16m██[38;2;96;102;106m██[38;2;120;127;132m██[38;2;120;127;132m██[38;2;96;102;106m██[38;2;96;102;106m██[38;2;16;16;16m██    [38;2;41;45;50m██[38;2;85;83;83m██[38;2;85;83;83m██[38;2;85;83;83m██[38;2;41;45;50m██    [38;2;41;45;50m██[38;2;85;83;83m██[38;2;96;102;106m██[38;2;85;83;83m██[38;2;85;83;83m██[38;2;85;83;83m██[38;2;16;16;16m██    
                  [38;2;41;45;50m██[38;2;85;83;83m██[38;2;85;83;83m██[38;2;16;16;16m██[38;2;16;16;16m██            [38;2;16;16;16m██[38;2;96;102;106m██[38;2;96;102;106m██[38;2;96;102;106m██[38;2;96;102;106m██[38;2;41;45;50m██      [38;2;41;45;50m██[38;2;85;83;83m██[38;2;85;83;83m██[38;2;85;83;83m██[38;2;85;83;83m██[38;2;41;45;50m██    [38;2;41;45;50m██[38;2;41;45;50m██[38;2;85;83;83m██[38;2;85;83;83m██[38;2;85;83;83m██[38;2;41;45;50m██    
                  [38;2;16;16;16m██[38;2;85;83;83m██[38;2;85;83;83m██[38;2;85;83;83m██[38;2;16;16;16m██              [38;2;41;45;50m██[38;2;96;102;106m██[38;2;96;102;106m██[38;2;96;102;106m██[38;2;41;45;50m██        [38;2;41;45;50m██[38;2;85;83;83m██[38;2;85;83;83m██[38;2;85;83;83m██[38;2;85;83;83m██[38;2;16;16;16m██      [38;2;41;45;50m██[38;2;85;83;83m██[38;2;85;83;83m██[38;2;85;83;83m██[38;2;41;45;50m██  
                    [38;2;41;45;50m██[38;2;85;83;83m██[38;2;85;83;83m██[38;2;52;52;52m██[38;2;16;16;16m██            [38;2;16;16;16m██[38;2;96;102;106m██[38;2;96;102;106m██[38;2;96;102;106m██[38;2;96;102;106m██[38;2;16;16;16m██        [38;2;41;45;50m██[38;2;85;83;83m██[38;2;85;83;83m██[38;2;85;83;83m██[38;2;16;16;16m██      [38;2;41;45;50m██[38;2;85;83;83m██[38;2;85;83;83m██[38;2;85;83;83m██[38;2;85;83;83m██[38;2;16;16;16m██
                    [38;2;16;16;16m██[38;2;85;83;83m██[38;2;52;52;52m██[38;2;52;52;52m██[38;2;16;16;16m██              [38;2;41;45;50m██[38;2;96;102;106m██[38;2;96;102;106m██[38;2;96;102;106m██[38;2;16;16;16m██        [38;2;16;16;16m██[38;2;85;83;83m██[38;2;85;83;83m██[38;2;41;45;50m██          [38;2;41;45;50m██[38;2;85;83;83m██[38;2;85;83;83m██[38;2;85;83;83m██[38;2;16;16;16m██
                      [38;2;16;16;16m██[38;2;16;16;16m██[38;2;16;16;16m██[38;2;16;16;16m██              [38;2;16;16;16m██[38;2;96;102;106m██[38;2;96;102;106m██[38;2;96;102;106m██[38;2;16;16;16m██        [38;2;16;16;16m██[38;2;85;83;83m██[38;2;85;83;83m██[38;2;16;16;16m██          [38;2;16;16;16m██[38;2;85;83;83m██[38;2;85;83;83m██[38;2;85;83;83m██[38;2;16;16;16m██
                        [38;2;16;16;16m██[38;2;16;16;16m██[38;2;16;16;16m██              [38;2;16;16;16m██[38;2;96;102;106m██[38;2;96;102;106m██[38;2;16;16;16m██          [38;2;41;45;50m██[38;2;85;83;83m██[38;2;85;83;83m██[38;2;16;16;16m██          [38;2;16;16;16m██[38;2;85;83;83m██[38;2;85;83;83m██[38;2;41;45;50m██  
                                            [38;2;41;45;50m██[38;2;96;102;106m██[38;2;96;102;106m██[38;2;16;16;16m██        [38;2;41;45;50m██[38;2;85;83;83m██[38;2;85;83;83m██[38;2;41;45;50m██            [38;2;16;16;16m██[38;2;85;83;83m██[38;2;85;83;83m██[38;2;16;16;16m██  
                                            [38;2;96;102;106m██[38;2;96;102;106m██[38;2;96;102;106m██[38;2;16;16;16m██        [38;2;41;45;50m██[38;2;85;83;83m██[38;2;85;83;83m██[38;2;16;16;16m██            [38;2;16;16;16m██[38;2;96;102;106m██[38;2;85;83;83m██[38;2;16;16;16m██  
                                          [38;2;41;45;50m██[38;2;120;127;132m██[38;2;96;102;106m██[38;2;41;45;50m██        [38;2;41;45;50m██[38;2;52;52;52m██[38;2;85;83;83m██[38;2;85;83;83m██[38;2;16;16;16m██            [38;2;41;45;50m██[38;2;96;102;106m██[38;2;96;102;106m██[38;2;41;45;50m██  
                                          [38;2;41;45;50m██[38;2;120;127;132m██[38;2;120;127;132m██[38;2;41;45;50m██        [38;2;52;52;52m██[38;2;16;16;16m██[38;2;52;52;52m██[38;2;16;16;16m██[38;2;16;16;16m██          [38;2;41;45;50m██[38;2;96;102;106m██[38;2;96;102;106m██[38;2;96;102;106m██[38;2;96;102;106m██[38;2;41;45;50m██
                                        [38;2;41;45;50m██[38;2;120;127;132m██[38;2;120;127;132m██[38;2;96;102;106m██[38;2;96;102;106m██[38;2;16;16;16m██      [38;2;16;16;16m██[38;2;16;16;16m██[38;2;16;16;16m██              [38;2;16;16;16m██[38;2;52;52;52m██[38;2;52;52;52m██[38;2;96;102;106m██[38;2;41;45;50m██[38;2;41;45;50m██
                                        [38;2;41;45;50m██[38;2;85;83;83m██[38;2;85;83;83m██[38;2;96;102;106m██[38;2;16;16;16m██[38;2;16;16;16m██                        [38;2;16;16;16m██[38;2;52;52;52m██[38;2;16;16;16m██[38;2;52;52;52m██[38;2;16;16;16m██[38;2;41;45;50m██  
                                        [38;2;16;16;16m██[38;2;52;52;52m██[38;2;52;52;52m██[38;2;85;83;83m██[38;2;16;16;16m██                          [38;2;16;16;16m██[38;2;16;16;16m██[38;2;16;16;16m██[38;2;16;16;16m██[38;2;16;16;16m██    
                                      [38;2;16;16;16m██[38;2;52;52;52m██[38;2;16;16;16m██[38;2;52;52;52m██[38;2;16;16;16m██                                          
                                      [38;2;16;16;16m██[38;2;16;16;16m██[38;2;16;16;16m██[38;2;16;16;16m██                                            
