                                        [38;2;139;131;82m██[38;2;139;131;82m██                                                                        
                                      [38;2;139;131;82m██[38;2;222;222;189m██[38;2;222;222;189m██[38;2;139;131;82m██                                                                      
                                      [38;2;74;57;16m██[38;2;222;222;189m██[38;2;222;222;189m██[38;2;172;172;139m██[38;2;139;131;82m██[38;2;74;57;16m██[38;2;74;57;16m██[38;2;74;57;16m██[38;2;74;57;16m██                                                            
                                      [38;2;74;57;16m██[38;2;222;222;189m██[38;2;222;222;189m██[38;2;222;222;189m██[38;2;172;172;139m██[38;2;139;131;82m██[38;2;139;131;82m██[38;2;172;172;139m██[38;2;172;172;139m██[38;2;74;57;16m██[38;2;74;57;16m██[38;2;74;57;16m██                                                      
                                    [38;2;106;90;49m██[38;2;74;57;16m██[38;2;222;222;189m██[38;2;222;222;189m██[38;2;222;222;189m██[38;2;222;222;189m██[38;2;172;172;139m██[38;2;172;172;139m██[38;2;172;172;139m██[38;2;172;172;139m██[38;2;172;172;139m██[38;2;172;172;139m██[38;2;172;172;139m██[38;2;74;57;16m██[38;2;16;16;16m██                                                  
                                  [38;2;106;90;49m██[38;2;222;222;189m██[38;2;139;131;82m██[38;2;222;222;189m██[38;2;222;222;189m██[38;2;222;222;189m██[38;2;222;222;189m██[38;2;222;222;189m██[38;2;222;222;189m██[38;2;172;172;139m██[38;2;172;172;139m██[38;2;172;172;139m██[38;2;172;172;139m██[38;2;172;172;139m██[38;2;172;172;139m██[38;2;172;172;139m██[38;2;16;16;16m██                                                
                                [38;2;139;131;82m██[38;2;222;222;189m██[38;2;222;222;189m██[38;2;222;222;189m██[38;2;222;222;189m██[38;2;222;222;189m██[38;2;222;222;189m██[38;2;222;222;189m██[38;2;222;222;189m██[38;2;222;222;189m██[38;2;222;222;189m██[38;2;172;172;139m██[38;2;172;172;139m██[38;2;172;172;139m██[38;2;172;172;139m██[38;2;172;172;139m██[38;2;172;172;139m██[38;2;172;172;139m██[38;2;16;16;16m██                                              
                              [38;2;139;131;82m██[38;2;222;222;189m██[38;2;222;222;189m██[38;2;222;222;189m██[38;2;222;222;189m██[38;2;222;222;189m██[38;2;222;222;189m██[38;2;222;222;189m██[38;2;222;222;189m██[38;2;222;222;189m██[38;2;222;222;189m██[38;2;222;222;189m██[38;2;172;172;139m██[38;2;172;172;139m██[38;2;172;172;139m██[38;2;172;172;139m██[38;2;172;172;139m██[38;2;172;172;139m██[38;2;172;172;139m██[38;2;16;16;16m██                                              
                            [38;2;139;131;82m██[38;2;222;222;189m██[38;2;222;222;189m██[38;2;222;222;189m██[38;2;222;222;189m██[38;2;222;222;189m██[38;2;222;222;189m██[38;2;222;222;189m██[38;2;222;222;189m██[38;2;222;222;189m██[38;2;222;222;189m██[38;2;222;222;189m██[38;2;222;222;189m██[38;2;172;172;139m██[38;2;172;172;139m██[38;2;172;172;139m██[38;2;172;172;139m██[38;2;172;172;139m██[38;2;172;172;139m██[38;2;172;172;139m██[38;2;16;16;16m██                                              
                            [38;2;139;131;82m██[38;2;222;222;189m██[38;2;222;222;189m██[38;2;222;222;189m██[38;2;222;222;189m██[38;2;222;222;189m██[38;2;222;222;189m██[38;2;222;222;189m██[38;2;222;222;189m██[38;2;222;222;189m██[38;2;222;222;189m██[38;2;222;222;189m██[38;2;172;172;139m██[38;2;172;172;139m██[38;2;172;172;139m██[38;2;172;172;139m██[38;2;172;172;139m██[38;2;172;172;139m██[38;2;172;172;139m██[38;2;106;90;49m██[38;2;16;16;16m██                                              
                          [38;2;106;90;49m██[38;2;222;222;189m██[38;2;222;222;189m██[38;2;222;222;189m██[38;2;222;222;189m██[38;2;222;222;189m██[38;2;222;222;189m██[38;2;222;222;189m██[38;2;222;222;189m██[38;2;222;222;189m██[38;2;222;222;189m██[38;2;222;222;189m██[38;2;222;222;189m██[38;2;172;172;139m██[38;2;172;172;139m██[38;2;172;172;139m██[38;2;172;172;139m██[38;2;172;172;139m██[38;2;172;172;139m██[38;2;172;172;139m██[38;2;16;16;16m██[38;2;74;57;16m██                                              
                          [38;2;106;90;49m██[38;2;222;222;189m██[38;2;222;222;189m██[38;2;222;222;189m██[38;2;222;222;189m██[38;2;222;222;189m██[38;2;222;222;189m██[38;2;222;222;189m██[38;2;222;222;189m██[38;2;222;222;189m██[38;2;222;222;189m██[38;2;222;222;189m██[38;2;172;172;139m██[38;2;172;172;139m██[38;2;172;172;139m██[38;2;172;172;139m██[38;2;172;172;139m██[38;2;172;172;139m██[38;2;172;172;139m██[38;2;16;16;16m██[38;2;106;90;49m██[38;2;139;131;82m██[38;2;74;57;16m██                                            
                          [38;2;74;57;16m██[38;2;172;172;139m██[38;2;222;222;189m██[38;2;222;222;189m██[38;2;222;222;189m██[38;2;222;222;189m██[38;2;222;222;189m██[38;2;222;222;189m██[38;2;222;222;189m██[38;2;222;222;189m██[38;2;222;222;189m██[38;2;172;172;139m██[38;2;172;172;139m██[38;2;172;172;139m██[38;2;172;172;139m██[38;2;172;172;139m██[38;2;172;172;139m██[38;2;172;172;139m██[38;2;16;16;16m██[38;2;106;90;49m██[38;2;106;90;49m██[38;2;139;131;82m██[38;2;139;131;82m██[38;2;74;57;16m██                                          
                          [38;2;74;57;16m██[38;2;172;172;139m██[38;2;172;172;139m██[38;2;222;222;189m██[38;2;222;222;189m██[38;2;222;222;189m██[38;2;222;222;189m██[38;2;222;222;189m██[38;2;222;222;189m██[38;2;172;172;139m██[38;2;172;172;139m██[38;2;172;172;139m██[38;2;172;172;139m██[38;2;172;172;139m██[38;2;172;172;139m██[38;2;172;172;139m██[38;2;16;16;16m██[38;2;16;16;16m██[38;2;106;90;49m██[38;2;106;90;49m██[38;2;106;90;49m██[38;2;106;90;49m██[38;2;139;131;82m██[38;2;139;131;82m██[38;2;74;57;16m██                                        
                            [38;2;74;57;16m██[38;2;172;172;139m██[38;2;172;172;139m██[38;2;172;172;139m██[38;2;172;172;139m██[38;2;172;172;139m██[38;2;172;172;139m██[38;2;172;172;139m██[38;2;172;172;139m██[38;2;172;172;139m██[38;2;172;172;139m██[38;2;172;172;139m██[38;2;16;16;16m██[38;2;16;16;16m██[38;2;16;16;16m██[38;2;106;90;49m██[38;2;106;90;49m██[38;2;106;90;49m██[38;2;106;90;49m██[38;2;106;90;49m██[38;2;106;90;49m██[38;2;139;131;82m██[38;2;139;131;82m██[38;2;74;57;16m██                                        
                          [38;2;74;57;16m██[38;2;106;90;49m██[38;2;74;57;16m██[38;2;74;57;16m██[38;2;172;172;139m██[38;2;172;172;139m██[38;2;172;172;139m██[38;2;172;172;139m██[38;2;172;172;139m██[38;2;172;172;139m██[38;2;16;16;16m██[38;2;16;16;16m██[38;2;16;16;16m██[38;2;172;172;139m██[38;2;172;172;139m██[38;2;16;16;16m██[38;2;106;90;49m██[38;2;106;90;49m██[38;2;106;90;49m██[38;2;106;90;49m██[38;2;106;90;49m██[38;2;106;90;49m██[38;2;106;90;49m██[38;2;139;131;82m██[38;2;139;131;82m██[38;2;74;57;16m██                  [38;2;24;156;0m██[38;2;24;156;0m██[38;2;24;156;0m██              
                          [38;2;74;57;16m██[38;2;139;131;82m██[38;2;106;90;49m██[38;2;106;90;49m██[38;2;74;57;16m██[38;2;74;57;16m██[38;2;74;57;16m██[38;2;16;16;16m██[38;2;16;16;16m██[38;2;16;16;16m██[38;2;172;172;139m██[38;2;172;172;139m██[38;2;172;172;139m██[38;2;172;172;139m██[38;2;172;172;139m██[38;2;172;172;139m██[38;2;16;16;16m██[38;2;74;57;16m██[38;2;106;90;49m██[38;2;106;90;49m██[38;2;106;90;49m██[38;2;106;90;49m██[38;2;106;90;49m██[38;2;106;90;49m██[38;2;139;131;82m██[38;2;16;16;16m██              [38;2;24;156;0m██[38;2;24;156;0m██[38;2;65;197;24m██[38;2;106;222;65m██[38;2;65;197;24m██[38;2;24;156;0m██[38;2;24;156;0m██          
                          [38;2;74;57;16m██[38;2;139;131;82m██[38;2;139;131;82m██[38;2;106;90;49m██[38;2;16;16;16m██[38;2;172;172;139m██[38;2;172;172;139m██[38;2;172;172;139m██[38;2;172;172;139m██[38;2;172;172;139m██[38;2;172;172;139m██[38;2;172;172;139m██[38;2;172;172;139m██[38;2;172;172;139m██[38;2;172;172;139m██[38;2;172;172;139m██[38;2;172;172;139m██[38;2;172;172;139m██[38;2;16;16;16m██[38;2;16;16;16m██[38;2;74;57;16m██[38;2;106;90;49m██[38;2;106;90;49m██[38;2;106;90;49m██[38;2;106;90;49m██[38;2;16;16;16m██            [38;2;24;156;0m██[38;2;65;197;24m██[38;2;106;222;65m██[38;2;106;222;65m██[38;2;106;222;65m██[38;2;106;222;65m██[38;2;106;222;65m██[38;2;65;197;24m██[38;2;24;156;0m██[38;2;24;156;0m██      
                          [38;2;16;16;16m██[38;2;139;131;82m██[38;2;139;131;82m██[38;2;106;90;49m██[38;2;106;90;49m██[38;2;16;16;16m██[38;2;172;172;139m██[38;2;172;172;139m██[38;2;172;172;139m██[38;2;172;172;139m██[38;2;172;172;139m██[38;2;172;172;139m██[38;2;172;172;139m██[38;2;172;172;139m██[38;2;172;172;139m██[38;2;172;172;139m██[38;2;172;172;139m██[38;2;172;172;139m██[38;2;172;172;139m██[38;2;172;172;139m██[38;2;172;172;139m██[38;2;16;16;16m██[38;2;16;16;16m██[38;2;16;16;16m██[38;2;16;16;16m██            [38;2;24;156;0m██[38;2;106;222;65m██[38;2;106;222;65m██[38;2;106;222;65m██[38;2;106;222;65m██[38;2;106;222;65m██[38;2;106;222;65m██[38;2;106;222;65m██[38;2;106;222;65m██[38;2;106;222;65m██[38;2;65;197;24m██[38;2;8;98;0m██    
                          [38;2;16;16;16m██[38;2;139;131;82m██[38;2;106;90;49m██[38;2;106;90;49m██[38;2;106;90;49m██[38;2;16;16;16m██[38;2;16;16;16m██[38;2;172;172;139m██[38;2;172;172;139m██[38;2;172;172;139m██[38;2;172;172;139m██[38;2;172;172;139m██[38;2;172;172;139m██[38;2;172;172;139m██[38;2;172;172;139m██[38;2;172;172;139m██[38;2;172;172;139m██[38;2;172;172;139m██[38;2;172;172;139m██[38;2;172;172;139m██[38;2;172;172;139m██[38;2;222;222;189m██[38;2;222;222;189m██[38;2;16;16;16m██              [38;2;106;90;49m██[38;2;106;222;65m██[38;2;106;222;65m██[38;2;106;222;65m██[38;2;106;222;65m██[38;2;106;222;65m██[38;2;106;222;65m██[38;2;106;222;65m██[38;2;106;222;65m██[38;2;65;197;24m██[38;2;24;156;0m██[38;2;24;156;0m██[38;2;8;98;0m██  
                          [38;2;16;16;16m██[38;2;106;90;49m██[38;2;106;90;49m██[38;2;106;90;49m██[38;2;16;16;16m██    [38;2;16;16;16m██[38;2;172;172;139m██[38;2;172;172;139m██[38;2;74;57;16m██[38;2;74;57;16m██[38;2;74;57;16m██[38;2;74;57;16m██[38;2;74;57;16m██[38;2;74;57;16m██[38;2;172;172;139m██[38;2;172;172;139m██[38;2;172;172;139m██[38;2;172;172;139m██[38;2;172;172;139m██[38;2;172;172;139m██[38;2;222;222;189m██[38;2;16;16;16m██            [38;2;106;90;49m██[38;2;222;222;189m██[38;2;222;222;189m██[38;2;106;222;65m██[38;2;106;222;65m██[38;2;106;222;65m██[38;2;65;197;24m██[38;2;24;156;0m██[38;2;24;156;0m██[38;2;24;156;0m██[38;2;24;156;0m██[38;2;24;156;0m██[38;2;24;156;0m██[38;2;24;156;0m██[38;2;8;98;0m██
                            [38;2;16;16;16m██[38;2;16;16;16m██[38;2;16;16;16m██      [38;2;74;57;16m██[38;2;74;57;16m██[38;2;74;57;16m██[38;2;106;90;49m██[38;2;106;90;49m██[38;2;106;90;49m██[38;2;106;90;49m██[38;2;106;90;49m██[38;2;106;90;49m██[38;2;74;57;16m██[38;2;74;57;16m██[38;2;74;57;16m██[38;2;172;172;139m██[38;2;172;172;139m██[38;2;172;172;139m██[38;2;16;16;16m██              [38;2;106;90;49m██[38;2;222;222;189m██[38;2;222;222;189m██[38;2;222;222;189m██[38;2;222;222;189m██[38;2;24;156;0m██[38;2;24;156;0m██[38;2;24;156;0m██[38;2;24;156;0m██[38;2;24;156;0m██[38;2;8;98;0m██[38;2;8;98;0m██[38;2;24;156;0m██[38;2;24;156;0m██[38;2;8;98;0m██
                                      [38;2;16;16;16m██[38;2;139;131;82m██[38;2;139;131;82m██[38;2;139;131;82m██[38;2;106;90;49m██[38;2;106;90;49m██[38;2;106;90;49m██[38;2;106;90;49m██[38;2;106;90;49m██[38;2;106;90;49m██[38;2;106;90;49m██[38;2;106;90;49m██[38;2;106;90;49m██[38;2;74;57;16m██[38;2;16;16;16m██[38;2;16;16;16m██              [38;2;106;90;49m██[38;2;222;222;189m██[38;2;222;222;189m██[38;2;222;222;189m██[38;2;24;156;0m██[38;2;24;156;0m██[38;2;24;156;0m██[38;2;24;156;0m██[38;2;24;156;0m██[38;2;8;98;0m██[38;2;8;98;0m██    [38;2;8;98;0m██[38;2;8;98;0m██[38;2;8;98;0m██
                                      [38;2;16;16;16m██[38;2;139;131;82m██[38;2;139;131;82m██[38;2;106;90;49m██[38;2;74;57;16m██[38;2;74;57;16m██[38;2;74;57;16m██[38;2;74;57;16m██[38;2;74;57;16m██[38;2;74;57;16m██[38;2;74;57;16m██[38;2;106;90;49m██[38;2;106;90;49m██[38;2;16;16;16m██                  [38;2;106;90;49m██[38;2;222;222;189m██[38;2;222;222;189m██[38;2;222;222;189m██[38;2;222;222;189m██[38;2;24;156;0m██[38;2;24;156;0m██[38;2;8;98;0m██[38;2;8;98;0m██[38;2;24;156;0m██[38;2;24;156;0m██[38;2;8;98;0m██        
                                        [38;2;74;57;16m██[38;2;74;57;16m██[38;2;74;57;16m██[38;2;172;172;139m██[38;2;172;172;139m██[38;2;172;172;139m██[38;2;172;172;139m██[38;2;172;172;139m██[38;2;172;172;139m██[38;2;172;172;139m██[38;2;74;57;16m██[38;2;74;57;16m██                  [38;2;106;90;49m██[38;2;139;131;82m██[38;2;222;222;189m██[38;2;222;222;189m██[38;2;172;172;139m██[38;2;172;172;139m██[38;2;172;172;139m██[38;2;24;156;0m██[38;2;24;156;0m██[38;2;24;156;0m██[38;2;8;98;0m██[38;2;8;98;0m██          
                                        [38;2;16;16;16m██[38;2;172;172;139m██[38;2;172;172;139m██[38;2;172;172;139m██[38;2;172;172;139m██[38;2;172;172;139m██[38;2;172;172;139m██[38;2;172;172;139m██[38;2;172;172;139m██[38;2;172;172;139m██[38;2;172;172;139m██[38;2;172;172;139m██[38;2;74;57;16m██                [38;2;106;90;49m██[38;2;139;131;82m██[38;2;139;131;82m██[38;2;172;172;139m██[38;2;172;172;139m██[38;2;172;172;139m██[38;2;8;98;0m██[38;2;8;98;0m██[38;2;8;98;0m██[38;2;8;98;0m██              
                                        [38;2;16;16;16m██[38;2;172;172;139m██[38;2;24;156;0m██[38;2;24;156;0m██[38;2;172;172;139m██[38;2;172;172;139m██[38;2;172;172;139m██[38;2;172;172;139m██[38;2;172;172;139m██[38;2;172;172;139m██[38;2;172;172;139m██[38;2;172;172;139m██[38;2;222;222;189m██[38;2;106;90;49m██[38;2;74;57;16m██          [38;2;74;57;16m██[38;2;106;90;49m██[38;2;139;131;82m██[38;2;106;90;49m██[38;2;74;57;16m██[38;2;16;16;16m██[38;2;16;16;16m██                      
                                      [38;2;74;57;16m██[38;2;24;156;0m██[38;2;172;172;139m██[38;2;24;156;0m██[38;2;24;156;0m██[38;2;172;172;139m██[38;2;172;172;139m██[38;2;172;172;139m██[38;2;172;172;139m██[38;2;106;90;49m██[38;2;16;16;16m██[38;2;16;16;16m██[38;2;172;172;139m██[38;2;172;172;139m██[38;2;222;222;189m██[38;2;222;222;189m██[38;2;106;90;49m██[38;2;74;57;16m██    [38;2;74;57;16m██[38;2;172;172;139m██[38;2;16;16;16m██[38;2;16;16;16m██[38;2;16;16;16m██[38;2;222;222;189m██[38;2;74;57;16m██                        
                                      [38;2;74;57;16m██[38;2;24;156;0m██[38;2;172;172;139m██[38;2;172;172;139m██[38;2;172;172;139m██[38;2;24;156;0m██[38;2;24;156;0m██[38;2;172;172;139m██[38;2;172;172;139m██[38;2;172;172;139m██[38;2;222;222;189m██[38;2;74;57;16m██[38;2;16;16;16m██[38;2;16;16;16m██[38;2;172;172;139m██[38;2;172;172;139m██[38;2;222;222;189m██[38;2;222;222;189m██[38;2;106;90;49m██[38;2;74;57;16m██[38;2;172;172;139m██[38;2;172;172;139m██[38;2;172;172;139m██[38;2;172;172;139m██[38;2;172;172;139m██[38;2;222;222;189m██[38;2;74;57;16m██                        
                                    [38;2;106;90;49m██[38;2;222;222;189m██[38;2;172;172;139m██[38;2;24;156;0m██[38;2;24;156;0m██[38;2;172;172;139m██[38;2;24;156;0m██[38;2;24;156;0m██[38;2;172;172;139m██[38;2;172;172;139m██[38;2;172;172;139m██[38;2;222;222;189m██[38;2;222;222;189m██[38;2;74;57;16m██  [38;2;16;16;16m██[38;2;16;16;16m██[38;2;172;172;139m██[38;2;222;222;189m██[38;2;222;222;189m██[38;2;172;172;139m██[38;2;172;172;139m██[38;2;172;172;139m██[38;2;172;172;139m██[38;2;172;172;139m██[38;2;222;222;189m██[38;2;222;222;189m██[38;2;74;57;16m██                        
                                    [38;2;106;90;49m██[38;2;222;222;189m██[38;2;172;172;139m██[38;2;24;156;0m██[38;2;24;156;0m██[38;2;172;172;139m██[38;2;172;172;139m██[38;2;172;172;139m██[38;2;172;172;139m██[38;2;172;172;139m██[38;2;172;172;139m██[38;2;222;222;189m██[38;2;222;222;189m██[38;2;16;16;16m██      [38;2;16;16;16m██[38;2;16;16;16m██[38;2;172;172;139m██[38;2;172;172;139m██[38;2;172;172;139m██[38;2;172;172;139m██[38;2;172;172;139m██[38;2;172;172;139m██[38;2;222;222;189m██[38;2;222;222;189m██[38;2;74;57;16m██                        
            [38;2;74;57;16m██[38;2;74;57;16m██[38;2;74;57;16m██[38;2;74;57;16m██[38;2;74;57;16m██[38;2;74;57;16m██[38;2;74;57;16m██        [38;2;106;90;49m██[38;2;222;222;189m██[38;2;222;222;189m██[38;2;222;222;189m██[38;2;172;172;139m██[38;2;172;172;139m██[38;2;172;172;139m██[38;2;172;172;139m██[38;2;172;172;139m██[38;2;172;172;139m██[38;2;172;172;139m██[38;2;222;222;189m██[38;2;222;222;189m██[38;2;74;57;16m██            [38;2;16;16;16m██[38;2;16;16;16m██[38;2;172;172;139m██[38;2;172;172;139m██[38;2;172;172;139m██[38;2;172;172;139m██[38;2;172;172;139m██[38;2;74;57;16m██                          
        [38;2;74;57;16m██[38;2;106;90;49m██[38;2;222;222;189m██[38;2;222;222;189m██[38;2;222;222;189m██[38;2;172;172;139m██[38;2;172;172;139m██[38;2;172;172;139m██[38;2;172;172;139m██[38;2;74;57;16m██[38;2;74;57;16m██  [38;2;106;90;49m██[38;2;222;222;189m██[38;2;222;222;189m██[38;2;222;222;189m██[38;2;222;222;189m██[38;2;172;172;139m██[38;2;172;172;139m██[38;2;172;172;139m██[38;2;172;172;139m██[38;2;172;172;139m██[38;2;172;172;139m██[38;2;172;172;139m██[38;2;222;222;189m██[38;2;222;222;189m██[38;2;74;57;16m██      [38;2;74;57;16m██[38;2;74;57;16m██      [38;2;16;16;16m██[38;2;16;16;16m██[38;2;16;16;16m██[38;2;16;16;16m██[38;2;16;16;16m██                            
      [38;2;74;57;16m██[38;2;222;222;189m██[38;2;222;222;189m██[38;2;172;172;139m██[38;2;172;172;139m██[38;2;172;172;139m██[38;2;172;172;139m██[38;2;172;172;139m██[38;2;172;172;139m██[38;2;172;172;139m██[38;2;172;172;139m██[38;2;172;172;139m██[38;2;74;57;16m██[38;2;74;57;16m██[38;2;222;222;189m██[38;2;222;222;189m██[38;2;222;222;189m██[38;2;222;222;189m██[38;2;222;222;189m██[38;2;172;172;139m██[38;2;172;172;139m██[38;2;172;172;139m██[38;2;172;172;139m██[38;2;172;172;139m██[38;2;172;172;139m██[38;2;222;222;189m██[38;2;106;90;49m██[38;2;106;90;49m██  [38;2;74;57;16m██[38;2;74;57;16m██[38;2;222;222;189m██[38;2;222;222;189m██[38;2;74;57;16m██[38;2;74;57;16m██[38;2;106;90;49m██[38;2;222;222;189m██[38;2;222;222;189m██[38;2;172;172;139m██[38;2;74;57;16m██                              
    [38;2;74;57;16m██[38;2;222;222;189m██[38;2;222;222;189m██[38;2;172;172;139m██[38;2;172;172;139m██[38;2;172;172;139m██[38;2;74;57;16m██[38;2;16;16;16m██[38;2;16;16;16m██[38;2;16;16;16m██[38;2;172;172;139m██[38;2;172;172;139m██[38;2;172;172;139m██[38;2;172;172;139m██[38;2;172;172;139m██[38;2;74;57;16m██[38;2;222;222;189m██[38;2;222;222;189m██[38;2;222;222;189m██[38;2;222;222;189m██[38;2;172;172;139m██[38;2;172;172;139m██[38;2;172;172;139m██[38;2;172;172;139m██[38;2;172;172;139m██[38;2;172;172;139m██[38;2;172;172;139m██[38;2;74;57;16m██[38;2;172;172;139m██[38;2;74;57;16m██[38;2;172;172;139m██[38;2;222;222;189m██[38;2;74;57;16m██[38;2;74;57;16m██[38;2;139;131;82m██[38;2;222;222;189m██[38;2;222;222;189m██[38;2;222;222;189m██[38;2;172;172;139m██[38;2;172;172;139m██[38;2;74;57;16m██                              
  [38;2;74;57;16m██[38;2;222;222;189m██[38;2;172;172;139m██[38;2;172;172;139m██[38;2;172;172;139m██[38;2;74;57;16m██[38;2;74;57;16m██        [38;2;16;16;16m██[38;2;74;57;16m██[38;2;172;172;139m██[38;2;172;172;139m██[38;2;172;172;139m██[38;2;172;172;139m██[38;2;106;90;49m██[38;2;222;222;189m██[38;2;222;222;189m██[38;2;222;222;189m██[38;2;172;172;139m██[38;2;172;172;139m██[38;2;172;172;139m██[38;2;172;172;139m██[38;2;172;172;139m██[38;2;172;172;139m██[38;2;172;172;139m██[38;2;74;57;16m██[38;2;172;172;139m██[38;2;172;172;139m██[38;2;139;131;82m██[38;2;74;57;16m██[38;2;74;57;16m██[38;2;222;222;189m██[38;2;222;222;189m██[38;2;222;222;189m██[38;2;172;172;139m██[38;2;172;172;139m██[38;2;172;172;139m██[38;2;74;57;16m██                                
  [38;2;74;57;16m██[38;2;172;172;139m██[38;2;172;172;139m██[38;2;172;172;139m██[38;2;16;16;16m██                [38;2;16;16;16m██[38;2;172;172;139m██[38;2;172;172;139m██[38;2;172;172;139m██[38;2;172;172;139m██[38;2;106;90;49m██[38;2;222;222;189m██[38;2;222;222;189m██[38;2;172;172;139m██[38;2;172;172;139m██[38;2;172;172;139m██[38;2;172;172;139m██[38;2;172;172;139m██[38;2;172;172;139m██[38;2;74;57;16m██[38;2;74;57;16m██[38;2;16;16;16m██[38;2;16;16;16m██[38;2;139;131;82m██[38;2;139;131;82m██[38;2;139;131;82m██[38;2;16;16;16m██[38;2;172;172;139m██[38;2;172;172;139m██[38;2;172;172;139m██[38;2;74;57;16m██[38;2;74;57;16m██                                  
  [38;2;106;90;49m██[38;2;172;172;139m██[38;2;172;172;139m██[38;2;172;172;139m██[38;2;16;16;16m██                  [38;2;16;16;16m██[38;2;172;172;139m██[38;2;172;172;139m██[38;2;172;172;139m██[38;2;106;90;49m██[38;2;222;222;189m██[38;2;172;172;139m██[38;2;172;172;139m██[38;2;172;172;139m██[38;2;172;172;139m██[38;2;172;172;139m██[38;2;172;172;139m██[38;2;172;172;139m██[38;2;74;57;16m██[38;2;172;172;139m██[38;2;172;172;139m██[38;2;172;172;139m██[38;2;16;16;16m██[38;2;139;131;82m██[38;2;139;131;82m██[38;2;16;16;16m██[38;2;74;57;16m██[38;2;16;16;16m██[38;2;16;16;16m██                                      
[38;2;16;16;16m██[38;2;172;172;139m██[38;2;172;172;139m██[38;2;172;172;139m██[38;2;16;16;16m██                  [38;2;16;16;16m██[38;2;172;172;139m██[38;2;74;57;16m██[38;2;172;172;139m██[38;2;172;172;139m██[38;2;172;172;139m██[38;2;106;90;49m██[38;2;172;172;139m██[38;2;172;172;139m██[38;2;172;172;139m██[38;2;172;172;139m██[38;2;172;172;139m██[38;2;172;172;139m██[38;2;74;57;16m██[38;2;172;172;139m██[38;2;172;172;139m██[38;2;74;57;16m██[38;2;74;57;16m██[38;2;16;16;16m██[38;2;16;16;16m██[38;2;16;16;16m██[38;2;74;57;16m██[38;2;139;131;82m██[38;2;106;90;49m██[38;2;16;16;16m██                                      
[38;2;16;16;16m██[38;2;172;172;139m██[38;2;172;172;139m██[38;2;172;172;139m██[38;2;16;16;16m██                  [38;2;16;16;16m██[38;2;172;172;139m██[38;2;172;172;139m██[38;2;74;57;16m██[38;2;172;172;139m██[38;2;172;172;139m██[38;2;106;90;49m██[38;2;172;172;139m██[38;2;172;172;139m██[38;2;172;172;139m██[38;2;172;172;139m██[38;2;172;172;139m██[38;2;172;172;139m██[38;2;74;57;16m██[38;2;16;16;16m██[38;2;16;16;16m██          [38;2;16;16;16m██[38;2;16;16;16m██[38;2;16;16;16m██                                        
[38;2;16;16;16m██[38;2;172;172;139m██[38;2;172;172;139m██[38;2;172;172;139m██[38;2;16;16;16m██              [38;2;74;57;16m██[38;2;106;90;49m██[38;2;172;172;139m██[38;2;16;16;16m██[38;2;172;172;139m██[38;2;172;172;139m██[38;2;172;172;139m██[38;2;172;172;139m██[38;2;172;172;139m██[38;2;172;172;139m██[38;2;172;172;139m██[38;2;172;172;139m██[38;2;172;172;139m██[38;2;172;172;139m██[38;2;172;172;139m██[38;2;172;172;139m██[38;2;16;16;16m██                                                          
  [38;2;74;57;16m██[38;2;172;172;139m██[38;2;172;172;139m██[38;2;172;172;139m██[38;2;16;16;16m██        [38;2;74;57;16m██[38;2;106;90;49m██[38;2;172;172;139m██[38;2;222;222;189m██[38;2;222;222;189m██[38;2;222;222;189m██[38;2;16;16;16m██[38;2;172;172;139m██[38;2;16;16;16m██[38;2;74;57;16m██[38;2;74;57;16m██[38;2;74;57;16m██[38;2;74;57;16m██[38;2;16;16;16m██[38;2;16;16;16m██[38;2;172;172;139m██[38;2;172;172;139m██[38;2;172;172;139m██[38;2;74;57;16m██                                                          
  [38;2;16;16;16m██[38;2;172;172;139m██[38;2;172;172;139m██[38;2;172;172;139m██[38;2;172;172;139m██[38;2;16;16;16m██[38;2;74;57;16m██[38;2;74;57;16m██[38;2;106;90;49m██[38;2;222;222;189m██[38;2;222;222;189m██[38;2;222;222;189m██[38;2;222;222;189m██[38;2;172;172;139m██[38;2;16;16;16m██[38;2;16;16;16m██[38;2;139;131;82m██[38;2;139;131;82m██[38;2;16;16;16m██          [38;2;74;57;16m██[38;2;139;131;82m██[38;2;139;131;82m██[38;2;139;131;82m██[38;2;16;16;16m██                                                        
    [38;2;16;16;16m██[38;2;172;172;139m██[38;2;172;172;139m██[38;2;172;172;139m██[38;2;172;172;139m██[38;2;172;172;139m██[38;2;222;222;189m██[38;2;222;222;189m██[38;2;222;222;189m██[38;2;222;222;189m██[38;2;172;172;139m██[38;2;16;16;16m██[38;2;16;16;16m██  [38;2;74;57;16m██[38;2;106;90;49m██[38;2;106;90;49m██[38;2;16;16;16m██          [38;2;16;16;16m██[38;2;106;90;49m██[38;2;106;90;49m██[38;2;106;90;49m██[38;2;74;57;16m██                                                        
      [38;2;16;16;16m██[38;2;74;57;16m██[38;2;172;172;139m██[38;2;172;172;139m██[38;2;172;172;139m██[38;2;172;172;139m██[38;2;172;172;139m██[38;2;16;16;16m██[38;2;16;16;16m██[38;2;16;16;16m██    [38;2;16;16;16m██[38;2;106;90;49m██[38;2;106;90;49m██[38;2;106;90;49m██[38;2;16;16;16m██          [38;2;16;16;16m██[38;2;106;90;49m██[38;2;106;90;49m██[38;2;106;90;49m██[38;2;106;90;49m██[38;2;74;57;16m██[38;2;16;16;16m██                                                    
          [38;2;16;16;16m██[38;2;16;16;16m██[38;2;16;16;16m██[38;2;16;16;16m██[38;2;16;16;16m██      [38;2;16;16;16m██[38;2;74;57;16m██[38;2;172;172;139m██[38;2;172;172;139m██[38;2;172;172;139m██[38;2;172;172;139m██[38;2;172;172;139m██[38;2;16;16;16m██      [38;2;16;16;16m██[38;2;139;131;82m██[38;2;172;172;139m██[38;2;172;172;139m██[38;2;172;172;139m██[38;2;172;172;139m██[38;2;172;172;139m██[38;2;139;131;82m██[38;2;74;57;16m██[38;2;74;57;16m██[38;2;74;57;16m██                                              
                        [38;2;16;16;16m██[38;2;172;172;139m██[38;2;172;172;139m██[38;2;172;172;139m██[38;2;172;172;139m██[38;2;172;172;139m██[38;2;172;172;139m██[38;2;172;172;139m██[38;2;16;16;16m██    [38;2;16;16;16m██[38;2;172;172;139m██[38;2;172;172;139m██[38;2;172;172;139m██[38;2;172;172;139m██[38;2;172;172;139m██[38;2;172;172;139m██[38;2;172;172;139m██[38;2;172;172;139m██[38;2;222;222;189m██[38;2;139;131;82m██[38;2;222;222;189m██[38;2;16;16;16m██                                            
                        [38;2;16;16;16m██[38;2;172;172;139m██[38;2;172;172;139m██[38;2;172;172;139m██[38;2;172;172;139m██[38;2;172;172;139m██[38;2;172;172;139m██[38;2;172;172;139m██[38;2;16;16;16m██    [38;2;16;16;16m██[38;2;172;172;139m██[38;2;172;172;139m██[38;2;172;172;139m██[38;2;172;172;139m██[38;2;172;172;139m██[38;2;172;172;139m██[38;2;172;172;139m██[38;2;172;172;139m██[38;2;172;172;139m██[38;2;222;222;189m██[38;2;74;57;16m██[38;2;222;222;189m██[38;2;16;16;16m██                                          
                          [38;2;16;16;16m██[38;2;16;16;16m██[38;2;16;16;16m██[38;2;16;16;16m██[38;2;16;16;16m██[38;2;16;16;16m██[38;2;16;16;16m██      [38;2;16;16;16m██[38;2;16;16;16m██[38;2;172;172;139m██[38;2;172;172;139m██[38;2;172;172;139m██[38;2;172;172;139m██[38;2;172;172;139m██[38;2;172;172;139m██[38;2;172;172;139m██[38;2;172;172;139m██[38;2;172;172;139m██[38;2;16;16;16m██[38;2;16;16;16m██[38;2;16;16;16m██                                          
                                                  [38;2;16;16;16m██[38;2;16;16;16m██[38;2;16;16;16m██[38;2;16;16;16m██[38;2;16;16;16m██[38;2;16;16;16m██[38;2;16;16;16m██[38;2;16;16;16m██[38;2;16;16;16m██                                                
