                            [38;2;148;148;156m██[38;2;98;98;106m██                                                                              
                          [38;2;148;148;156m██[38;2;255;255;255m██[38;2;98;98;106m██                                                                              
                        [38;2;148;148;156m██[38;2;205;205;205m██[38;2;255;255;255m██[38;2;98;98;106m██                        [38;2;98;98;106m██[38;2;205;205;205m██                                                  
                  [38;2;74;115;197m██[38;2;74;115;197m██[38;2;98;156;222m██[38;2;98;156;222m██[38;2;205;205;205m██[38;2;205;205;205m██[38;2;98;98;106m██                      [38;2;98;98;106m██[38;2;205;205;205m██[38;2;98;98;106m██                                                  
              [38;2;74;115;197m██[38;2;74;115;197m██[38;2;139;189;238m██[38;2;139;189;238m██[38;2;139;189;238m██[38;2;139;189;238m██[38;2;139;189;238m██[38;2;74;115;197m██[38;2;148;148;156m██                    [38;2;82;90;148m██[38;2;82;90;148m██[38;2;98;156;222m██[38;2;82;90;148m██                                                  
            [38;2;74;115;197m██[38;2;139;189;238m██[38;2;139;189;238m██[38;2;131;90;41m██[38;2;131;90;41m██[38;2;131;90;41m██[38;2;139;189;238m██[38;2;139;189;238m██[38;2;139;189;238m██[38;2;74;115;197m██                  [38;2;82;90;148m██[38;2;98;156;222m██[38;2;139;189;238m██[38;2;98;156;222m██[38;2;98;156;222m██[38;2;16;16;16m██                                                
          [38;2;74;115;197m██[38;2;139;189;238m██[38;2;139;189;238m██[38;2;131;90;41m██[38;2;222;189;131m██[38;2;222;189;131m██[38;2;180;139;90m██[38;2;131;90;41m██[38;2;139;189;238m██[38;2;139;189;238m██[38;2;98;156;222m██                [38;2;82;90;148m██[38;2;98;156;222m██[38;2;139;189;238m██[38;2;139;189;238m██[38;2;139;189;238m██[38;2;98;156;222m██[38;2;98;156;222m██[38;2;16;16;16m██                                              
        [38;2;74;115;197m██[38;2;98;156;222m██[38;2;139;189;238m██[38;2;131;90;41m██[38;2;222;189;131m██[38;2;222;189;131m██[38;2;222;189;131m██[38;2;222;189;131m██[38;2;131;90;41m██[38;2;139;189;238m██[38;2;139;189;238m██[38;2;139;189;238m██[38;2;74;115;197m██              [38;2;16;16;16m██[38;2;98;156;222m██[38;2;98;156;222m██[38;2;139;189;238m██[38;2;98;156;222m██[38;2;98;156;222m██[38;2;98;156;222m██[38;2;16;16;16m██                      [38;2;82;90;148m██[38;2;82;90;148m██[38;2;82;90;148m██[38;2;82;90;148m██                
        [38;2;74;115;197m██[38;2;139;189;238m██[38;2;139;189;238m██[38;2;131;90;41m██[38;2;222;189;131m██[38;2;222;189;131m██[38;2;222;189;131m██[38;2;222;189;131m██[38;2;131;90;41m██[38;2;139;189;238m██[38;2;139;189;238m██[38;2;139;189;238m██[38;2;82;90;148m██              [38;2;16;16;16m██[38;2;98;156;222m██[38;2;98;156;222m██[38;2;98;156;222m██[38;2;98;156;222m██[38;2;98;156;222m██[38;2;98;156;222m██[38;2;16;16;16m██                  [38;2;82;90;148m██[38;2;82;90;148m██[38;2;139;189;238m██[38;2;139;189;238m██[38;2;139;189;238m██[38;2;98;156;222m██[38;2;74;115;197m██[38;2;74;115;197m██[38;2;98;98;106m██[38;2;98;98;106m██[38;2;98;98;106m██[38;2;16;16;16m██[38;2;16;16;16m██  
      [38;2;74;115;197m██[38;2;98;156;222m██[38;2;139;189;238m██[38;2;139;189;238m██[38;2;131;90;41m██[38;2;180;139;90m██[38;2;222;189;131m██[38;2;222;189;131m██[38;2;131;90;41m██[38;2;139;189;238m██[38;2;139;189;238m██[38;2;139;189;238m██[38;2;98;156;222m██[38;2;82;90;148m██[38;2;98;98;106m██[38;2;98;98;106m██            [38;2;16;16;16m██[38;2;98;156;222m██[38;2;82;90;148m██[38;2;16;16;16m██[38;2;98;156;222m██[38;2;16;16;16m██          [38;2;98;98;106m██[38;2;98;98;106m██[38;2;98;98;106m██[38;2;98;98;106m██[38;2;16;16;16m██[38;2;139;189;238m██[38;2;139;189;238m██[38;2;139;189;238m██[38;2;139;189;238m██[38;2;139;189;238m██[38;2;139;189;238m██[38;2;98;156;222m██[38;2;82;90;148m██[38;2;205;205;205m██[38;2;255;255;255m██[38;2;255;255;255m██[38;2;255;255;255m██[38;2;255;255;255m██[38;2;16;16;16m██
      [38;2;74;115;197m██[38;2;98;156;222m██[38;2;139;189;238m██[38;2;139;189;238m██[38;2;139;189;238m██[38;2;131;90;41m██[38;2;131;90;41m██[38;2;131;90;41m██[38;2;139;189;238m██[38;2;139;189;238m██[38;2;139;189;238m██[38;2;139;189;238m██[38;2;98;156;222m██[38;2;82;90;148m██[38;2;255;255;255m██[38;2;148;148;156m██[38;2;131;90;41m██[38;2;131;90;41m██          [38;2;16;16;16m██[38;2;16;16;16m██[38;2;180;139;90m██[38;2;16;16;16m██            [38;2;98;98;106m██[38;2;205;205;205m██[38;2;205;205;205m██[38;2;16;16;16m██[38;2;98;156;222m██[38;2;139;189;238m██[38;2;139;189;238m██[38;2;139;189;238m██[38;2;139;189;238m██[38;2;139;189;238m██[38;2;139;189;238m██[38;2;98;156;222m██[38;2;82;90;148m██[38;2;255;255;255m██[38;2;255;255;255m██[38;2;255;255;255m██[38;2;255;255;255m██[38;2;16;16;16m██  
      [38;2;74;115;197m██[38;2;98;156;222m██[38;2;139;189;238m██[38;2;139;189;238m██[38;2;139;189;238m██[38;2;139;189;238m██[38;2;139;189;238m██[38;2;139;189;238m██[38;2;139;189;238m██[38;2;139;189;238m██[38;2;139;189;238m██[38;2;98;156;222m██[38;2;74;115;197m██[38;2;205;205;205m██[38;2;255;255;255m██[38;2;205;205;205m██[38;2;255;255;255m██[38;2;222;189;131m██[38;2;131;90;41m██[38;2;131;90;41m██        [38;2;16;16;16m██[38;2;180;139;90m██[38;2;16;16;16m██              [38;2;98;98;106m██[38;2;205;205;205m██[38;2;16;16;16m██[38;2;98;156;222m██[38;2;98;156;222m██[38;2;139;189;238m██[38;2;139;189;238m██[38;2;139;189;238m██[38;2;139;189;238m██[38;2;98;156;222m██[38;2;98;156;222m██[38;2;98;156;222m██[38;2;205;205;205m██[38;2;255;255;255m██[38;2;98;98;106m██[38;2;16;16;16m██    
      [38;2;82;90;148m██[38;2;98;156;222m██[38;2;98;156;222m██[38;2;139;189;238m██[38;2;139;189;238m██[38;2;139;189;238m██[38;2;139;189;238m██[38;2;139;189;238m██[38;2;139;189;238m██[38;2;139;189;238m██[38;2;98;156;222m██[38;2;98;156;222m██[38;2;82;90;148m██[38;2;205;205;205m██[38;2;148;148;156m██[38;2;205;205;205m██[38;2;205;205;205m██[38;2;222;189;131m██[38;2;222;189;131m██[38;2;222;189;131m██[38;2;131;90;41m██      [38;2;131;90;41m██[38;2;180;139;90m██[38;2;131;90;41m██                [38;2;98;98;106m██[38;2;82;90;148m██[38;2;98;156;222m██[38;2;98;156;222m██[38;2;98;156;222m██[38;2;98;156;222m██[38;2;98;156;222m██[38;2;98;156;222m██[38;2;98;156;222m██[38;2;98;156;222m██[38;2;98;156;222m██[38;2;74;115;197m██[38;2;82;90;148m██[38;2;98;98;106m██[38;2;98;98;106m██[38;2;98;98;106m██  
    [38;2;16;16;16m██[38;2;205;205;205m██[38;2;82;90;148m██[38;2;98;156;222m██[38;2;98;156;222m██[38;2;139;189;238m██[38;2;139;189;238m██[38;2;139;189;238m██[38;2;139;189;238m██[38;2;98;156;222m██[38;2;98;156;222m██[38;2;98;156;222m██[38;2;74;115;197m██[38;2;16;16;16m██[38;2;16;16;16m██[38;2;16;16;16m██[38;2;98;98;106m██[38;2;180;139;90m██[38;2;180;139;90m██[38;2;222;189;131m██[38;2;222;189;131m██[38;2;222;189;131m██[38;2;131;90;41m██    [38;2;131;90;41m██[38;2;180;139;90m██[38;2;180;139;90m██[38;2;131;90;41m██                [38;2;82;90;148m██[38;2;74;115;197m██[38;2;98;156;222m██[38;2;82;90;148m██[38;2;82;90;148m██[38;2;98;156;222m██[38;2;98;156;222m██[38;2;98;156;222m██[38;2;98;156;222m██[38;2;74;115;197m██[38;2;74;115;197m██[38;2;82;90;148m██[38;2;205;205;205m██[38;2;205;205;205m██[38;2;205;205;205m██[38;2;16;16;16m██
  [38;2;16;16;16m██[38;2;255;255;255m██[38;2;205;205;205m██[38;2;16;16;16m██[38;2;98;156;222m██[38;2;98;156;222m██[38;2;98;156;222m██[38;2;98;156;222m██[38;2;98;156;222m██[38;2;98;156;222m██[38;2;98;156;222m██[38;2;98;156;222m██[38;2;74;115;197m██[38;2;16;16;16m██          [38;2;131;90;41m██[38;2;131;90;41m██[38;2;180;139;90m██[38;2;222;189;131m██[38;2;222;189;131m██[38;2;131;90;41m██    [38;2;131;90;41m██[38;2;180;139;90m██[38;2;131;90;41m██                  [38;2;16;16;16m██[38;2;131;90;41m██[38;2;255;255;255m██[38;2;255;255;255m██[38;2;82;90;148m██[38;2;98;156;222m██[38;2;74;115;197m██[38;2;74;115;197m██[38;2;74;115;197m██[38;2;74;115;197m██[38;2;205;205;205m██[38;2;205;205;205m██[38;2;98;98;106m██[38;2;16;16;16m██  
[38;2;16;16;16m██[38;2;255;255;255m██[38;2;255;255;255m██[38;2;148;148;156m██[38;2;98;98;106m██[38;2;16;16;16m██[38;2;98;156;222m██[38;2;98;156;222m██[38;2;82;90;148m██[38;2;82;90;148m██[38;2;98;156;222m██[38;2;98;156;222m██[38;2;98;156;222m██[38;2;16;16;16m██                [38;2;131;90;41m██[38;2;131;90;41m██[38;2;180;139;90m██[38;2;222;189;131m██[38;2;131;90;41m██  [38;2;131;90;41m██[38;2;180;139;90m██[38;2;131;90;41m██                    [38;2;131;90;41m██[38;2;98;98;106m██[38;2;98;98;106m██[38;2;16;16;16m██[38;2;74;115;197m██[38;2;74;115;197m██[38;2;74;115;197m██[38;2;82;90;148m██[38;2;16;16;16m██[38;2;98;98;106m██[38;2;98;98;106m██      
[38;2;98;98;106m██[38;2;16;16;16m██[38;2;16;16;16m██[38;2;98;98;106m██    [38;2;82;90;148m██[38;2;98;98;106m██[38;2;255;255;255m██[38;2;255;255;255m██[38;2;148;148;156m██[38;2;16;16;16m██[38;2;16;16;16m██                      [38;2;131;90;41m██[38;2;180;139;90m██[38;2;180;139;90m██[38;2;131;90;41m██[38;2;82;90;148m██[38;2;82;90;148m██[38;2;82;90;148m██[38;2;82;90;148m██[38;2;82;90;148m██                [38;2;131;90;41m██[38;2;255;255;255m██[38;2;255;255;255m██[38;2;16;16;16m██[38;2;82;90;148m██[38;2;82;90;148m██[38;2;82;90;148m██              
            [38;2;98;98;106m██[38;2;205;205;205m██[38;2;255;255;255m██[38;2;255;255;255m██[38;2;205;205;205m██[38;2;98;98;106m██                          [38;2;16;16;16m██[38;2;180;139;90m██[38;2;180;139;90m██[38;2;131;90;41m██[38;2;98;156;222m██[38;2;98;156;222m██[38;2;98;156;222m██[38;2;98;156;222m██[38;2;82;90;148m██[38;2;82;90;148m██          [38;2;131;90;41m██[38;2;131;90;41m██[38;2;180;139;90m██[38;2;180;139;90m██[38;2;131;90;41m██                    
            [38;2;205;205;205m██[38;2;255;255;255m██[38;2;255;255;255m██[38;2;205;205;205m██[38;2;16;16;16m██                            [38;2;82;90;148m██[38;2;16;16;16m██[38;2;16;16;16m██[38;2;98;156;222m██[38;2;139;189;238m██[38;2;98;156;222m██[38;2;98;156;222m██[38;2;98;156;222m██[38;2;98;156;222m██[38;2;98;156;222m██[38;2;82;90;148m██    [38;2;131;90;41m██[38;2;131;90;41m██[38;2;222;189;131m██[38;2;222;189;131m██[38;2;180;139;90m██[38;2;180;139;90m██[38;2;16;16;16m██                    
          [38;2;148;148;156m██[38;2;255;255;255m██[38;2;205;205;205m██[38;2;16;16;16m██[38;2;16;16;16m██                            [38;2;82;90;148m██[38;2;98;156;222m██[38;2;98;156;222m██[38;2;98;156;222m██[38;2;139;189;238m██[38;2;139;189;238m██[38;2;139;189;238m██[38;2;98;156;222m██[38;2;98;156;222m██[38;2;98;156;222m██[38;2;98;156;222m██[38;2;98;156;222m██[38;2;82;90;148m██[38;2;131;90;41m██[38;2;222;189;131m██[38;2;222;189;131m██[38;2;222;189;131m██[38;2;180;139;90m██[38;2;131;90;41m██[38;2;16;16;16m██                      
          [38;2;98;98;106m██[38;2;16;16;16m██[38;2;16;16;16m██                                [38;2;82;90;148m██[38;2;98;156;222m██[38;2;139;189;238m██[38;2;139;189;238m██[38;2;139;189;238m██[38;2;139;189;238m██[38;2;139;189;238m██[38;2;98;156;222m██[38;2;98;156;222m██[38;2;98;156;222m██[38;2;98;156;222m██[38;2;98;156;222m██[38;2;82;90;148m██[38;2;222;189;131m██[38;2;222;189;131m██[38;2;180;139;90m██[38;2;131;90;41m██[38;2;16;16;16m██                          
                                              [38;2;82;90;148m██[38;2;98;156;222m██[38;2;98;156;222m██[38;2;139;189;238m██[38;2;139;189;238m██[38;2;139;189;238m██[38;2;139;189;238m██[38;2;98;156;222m██[38;2;131;90;41m██[38;2;131;90;41m██[38;2;98;156;222m██[38;2;98;156;222m██[38;2;98;156;222m██[38;2;98;156;222m██[38;2;82;90;148m██[38;2;131;90;41m██[38;2;16;16;16m██                              
                                          [38;2;131;90;41m██[38;2;131;90;41m██[38;2;82;90;148m██[38;2;98;156;222m██[38;2;98;156;222m██[38;2;98;156;222m██[38;2;139;189;238m██[38;2;139;189;238m██[38;2;98;156;222m██[38;2;98;156;222m██[38;2;131;90;41m██[38;2;222;189;131m██[38;2;131;90;41m██[38;2;98;156;222m██[38;2;98;156;222m██[38;2;98;156;222m██[38;2;82;90;148m██                                  
                [38;2;131;90;41m██[38;2;131;90;41m██[38;2;131;90;41m██[38;2;131;90;41m██          [38;2;131;90;41m██[38;2;131;90;41m██[38;2;131;90;41m██[38;2;131;90;41m██[38;2;180;139;90m██[38;2;180;139;90m██[38;2;180;139;90m██[38;2;16;16;16m██[38;2;98;156;222m██[38;2;98;156;222m██[38;2;98;156;222m██[38;2;98;156;222m██[38;2;98;156;222m██[38;2;98;156;222m██[38;2;131;90;41m██[38;2;222;189;131m██[38;2;222;189;131m██[38;2;131;90;41m██[38;2;98;156;222m██[38;2;98;156;222m██[38;2;82;90;148m██[38;2;180;139;90m██[38;2;180;139;90m██[38;2;131;90;41m██[38;2;131;90;41m██[38;2;131;90;41m██[38;2;131;90;41m██                      
              [38;2;131;90;41m██[38;2;255;222;156m██[38;2;255;222;156m██[38;2;222;189;131m██[38;2;222;189;131m██[38;2;16;16;16m██[38;2;131;90;41m██[38;2;131;90;41m██[38;2;131;90;41m██[38;2;131;90;41m██[38;2;222;189;131m██[38;2;222;189;131m██[38;2;222;189;131m██[38;2;222;189;131m██[38;2;222;189;131m██[38;2;180;139;90m██[38;2;180;139;90m██[38;2;16;16;16m██[38;2;98;156;222m██[38;2;98;156;222m██[38;2;98;156;222m██[38;2;98;156;222m██[38;2;98;156;222m██[38;2;98;156;222m██[38;2;131;90;41m██[38;2;222;189;131m██[38;2;222;189;131m██[38;2;131;90;41m██[38;2;98;156;222m██[38;2;98;156;222m██[38;2;82;90;148m██[38;2;222;189;131m██[38;2;222;189;131m██[38;2;222;189;131m██[38;2;222;189;131m██[38;2;222;189;131m██[38;2;180;139;90m██[38;2;131;90;41m██                    
            [38;2;131;90;41m██[38;2;255;222;156m██[38;2;255;222;156m██[38;2;255;222;156m██[38;2;255;222;156m██[38;2;222;189;131m██[38;2;222;189;131m██[38;2;16;16;16m██[38;2;255;255;255m██[38;2;148;148;156m██[38;2;255;255;255m██[38;2;222;189;131m██[38;2;180;139;90m██[38;2;180;139;90m██[38;2;131;90;41m██[38;2;16;16;16m██[38;2;16;16;16m██[38;2;16;16;16m██[38;2;98;156;222m██[38;2;98;156;222m██[38;2;98;156;222m██[38;2;98;156;222m██[38;2;98;156;222m██[38;2;98;156;222m██[38;2;131;90;41m██[38;2;222;189;131m██[38;2;222;189;131m██[38;2;222;189;131m██[38;2;222;189;131m██[38;2;131;90;41m██[38;2;74;115;197m██[38;2;16;16;16m██[38;2;222;189;131m██[38;2;222;189;131m██[38;2;222;189;131m██[38;2;131;90;41m██[38;2;180;139;90m██[38;2;180;139;90m██[38;2;131;90;41m██                    
            [38;2;131;90;41m██[38;2;255;222;156m██[38;2;255;222;156m██[38;2;255;222;156m██[38;2;255;222;156m██[38;2;222;189;131m██[38;2;222;189;131m██[38;2;131;90;41m██[38;2;205;205;205m██[38;2;148;148;156m██[38;2;16;16;16m██[38;2;16;16;16m██            [38;2;82;90;148m██[38;2;98;156;222m██[38;2;98;156;222m██[38;2;98;156;222m██[38;2;98;156;222m██[38;2;98;156;222m██[38;2;131;90;41m██[38;2;222;189;131m██[38;2;222;189;131m██[38;2;222;189;131m██[38;2;222;189;131m██[38;2;131;90;41m██[38;2;16;16;16m██[38;2;131;90;41m██[38;2;131;90;41m██[38;2;131;90;41m██[38;2;16;16;16m██[38;2;16;16;16m██[38;2;16;16;16m██[38;2;180;139;90m██[38;2;180;139;90m██[38;2;131;90;41m██                  
            [38;2;131;90;41m██[38;2;222;189;131m██[38;2;255;222;156m██[38;2;255;222;156m██[38;2;222;189;131m██[38;2;222;189;131m██[38;2;222;189;131m██[38;2;131;90;41m██[38;2;16;16;16m██[38;2;16;16;16m██                [38;2;82;90;148m██[38;2;74;115;197m██[38;2;74;115;197m██[38;2;98;156;222m██[38;2;98;156;222m██[38;2;98;156;222m██[38;2;131;90;41m██[38;2;222;189;131m██[38;2;222;189;131m██[38;2;180;139;90m██[38;2;180;139;90m██[38;2;131;90;41m██[38;2;16;16;16m██          [38;2;16;16;16m██[38;2;255;255;255m██[38;2;205;205;205m██[38;2;131;90;41m██                  
            [38;2;131;90;41m██[38;2;222;189;131m██[38;2;222;189;131m██[38;2;222;189;131m██[38;2;222;189;131m██[38;2;222;189;131m██[38;2;180;139;90m██[38;2;16;16;16m██      [38;2;131;90;41m██[38;2;131;90;41m██[38;2;131;90;41m██          [38;2;16;16;16m██[38;2;74;115;197m██[38;2;74;115;197m██[38;2;74;115;197m██[38;2;131;90;41m██[38;2;180;139;90m██[38;2;180;139;90m██[38;2;180;139;90m██[38;2;180;139;90m██[38;2;131;90;41m██[38;2;16;16;16m██            [38;2;16;16;16m██[38;2;148;148;156m██[38;2;148;148;156m██[38;2;16;16;16m██                  
              [38;2;16;16;16m██[38;2;222;189;131m██[38;2;222;189;131m██[38;2;222;189;131m██[38;2;180;139;90m██[38;2;16;16;16m██    [38;2;131;90;41m██[38;2;131;90;41m██[38;2;180;139;90m██[38;2;180;139;90m██[38;2;180;139;90m██[38;2;131;90;41m██[38;2;131;90;41m██  [38;2;131;90;41m██[38;2;131;90;41m██[38;2;180;139;90m██[38;2;16;16;16m██[38;2;16;16;16m██[38;2;74;115;197m██[38;2;131;90;41m██[38;2;180;139;90m██[38;2;180;139;90m██[38;2;180;139;90m██[38;2;16;16;16m██[38;2;16;16;16m██[38;2;131;90;41m██[38;2;131;90;41m██          [38;2;148;148;156m██[38;2;255;255;255m██[38;2;255;255;255m██[38;2;16;16;16m██[38;2;16;16;16m██                
                [38;2;16;16;16m██[38;2;16;16;16m██[38;2;16;16;16m██[38;2;16;16;16m██    [38;2;131;90;41m██[38;2;180;139;90m██[38;2;180;139;90m██[38;2;131;90;41m██[38;2;180;139;90m██[38;2;180;139;90m██[38;2;180;139;90m██[38;2;180;139;90m██[38;2;16;16;16m██[38;2;180;139;90m██[38;2;222;189;131m██[38;2;222;189;131m██[38;2;222;189;131m██[38;2;222;189;131m██[38;2;16;16;16m██[38;2;16;16;16m██[38;2;16;16;16m██[38;2;16;16;16m██[38;2;16;16;16m██[38;2;180;139;90m██[38;2;180;139;90m██[38;2;180;139;90m██[38;2;180;139;90m██[38;2;131;90;41m██[38;2;131;90;41m██      [38;2;131;90;41m██[38;2;131;90;41m██[38;2;131;90;41m██[38;2;180;139;90m██[38;2;180;139;90m██[38;2;16;16;16m██              
                          [38;2;131;90;41m██[38;2;180;139;90m██[38;2;180;139;90m██[38;2;180;139;90m██[38;2;180;139;90m██[38;2;131;90;41m██[38;2;180;139;90m██[38;2;180;139;90m██[38;2;16;16;16m██[38;2;180;139;90m██[38;2;222;189;131m██[38;2;255;222;156m██[38;2;255;222;156m██[38;2;222;189;131m██[38;2;222;189;131m██[38;2;222;189;131m██[38;2;222;189;131m██[38;2;222;189;131m██[38;2;222;189;131m██[38;2;180;139;90m██[38;2;180;139;90m██[38;2;180;139;90m██[38;2;180;139;90m██[38;2;180;139;90m██[38;2;180;139;90m██[38;2;180;139;90m██[38;2;131;90;41m██  [38;2;131;90;41m██[38;2;180;139;90m██[38;2;222;189;131m██[38;2;222;189;131m██[38;2;180;139;90m██[38;2;180;139;90m██[38;2;180;139;90m██[38;2;131;90;41m██            
                        [38;2;131;90;41m██[38;2;180;139;90m██[38;2;131;90;41m██[38;2;180;139;90m██[38;2;180;139;90m██[38;2;180;139;90m██[38;2;180;139;90m██[38;2;180;139;90m██[38;2;180;139;90m██[38;2;16;16;16m██[38;2;222;189;131m██[38;2;255;222;156m██[38;2;255;222;156m██[38;2;180;139;90m██[38;2;255;222;156m██[38;2;222;189;131m██[38;2;222;189;131m██[38;2;222;189;131m██[38;2;222;189;131m██[38;2;222;189;131m██[38;2;222;189;131m██[38;2;222;189;131m██[38;2;222;189;131m██[38;2;180;139;90m██[38;2;180;139;90m██[38;2;180;139;90m██[38;2;180;139;90m██[38;2;180;139;90m██[38;2;131;90;41m██[38;2;131;90;41m██[38;2;222;189;131m██[38;2;222;189;131m██[38;2;222;189;131m██[38;2;180;139;90m██[38;2;180;139;90m██[38;2;180;139;90m██[38;2;16;16;16m██            
                      [38;2;131;90;41m██[38;2;180;139;90m██[38;2;180;139;90m██[38;2;180;139;90m██[38;2;131;90;41m██[38;2;180;139;90m██[38;2;180;139;90m██[38;2;180;139;90m██[38;2;180;139;90m██[38;2;16;16;16m██[38;2;222;189;131m██[38;2;222;189;131m██[38;2;255;222;156m██[38;2;255;222;156m██[38;2;255;222;156m██[38;2;180;139;90m██[38;2;222;189;131m██[38;2;222;189;131m██[38;2;222;189;131m██[38;2;222;189;131m██[38;2;222;189;131m██[38;2;222;189;131m██[38;2;131;90;41m██[38;2;222;189;131m██[38;2;222;189;131m██[38;2;222;189;131m██[38;2;180;139;90m██[38;2;180;139;90m██[38;2;180;139;90m██[38;2;131;90;41m██[38;2;16;16;16m██[38;2;180;139;90m██[38;2;222;189;131m██[38;2;180;139;90m██[38;2;180;139;90m██[38;2;180;139;90m██[38;2;180;139;90m██[38;2;16;16;16m██            
                      [38;2;131;90;41m██[38;2;222;189;131m██[38;2;180;139;90m██[38;2;180;139;90m██[38;2;180;139;90m██[38;2;131;90;41m██[38;2;180;139;90m██[38;2;180;139;90m██[38;2;180;139;90m██[38;2;16;16;16m██[38;2;222;189;131m██[38;2;222;189;131m██[38;2;222;189;131m██[38;2;255;222;156m██[38;2;255;222;156m██[38;2;255;222;156m██[38;2;131;90;41m██[38;2;222;189;131m██[38;2;222;189;131m██[38;2;222;189;131m██[38;2;131;90;41m██[38;2;131;90;41m██[38;2;222;189;131m██[38;2;222;189;131m██[38;2;222;189;131m██[38;2;222;189;131m██[38;2;222;189;131m██[38;2;180;139;90m██[38;2;180;139;90m██[38;2;180;139;90m██[38;2;16;16;16m██[38;2;131;90;41m██[38;2;180;139;90m██[38;2;180;139;90m██[38;2;180;139;90m██[38;2;180;139;90m██[38;2;16;16;16m██[38;2;131;90;41m██[38;2;131;90;41m██          
                      [38;2;131;90;41m██[38;2;222;189;131m██[38;2;222;189;131m██[38;2;180;139;90m██[38;2;180;139;90m██[38;2;180;139;90m██[38;2;180;139;90m██[38;2;180;139;90m██[38;2;180;139;90m██[38;2;16;16;16m██[38;2;222;189;131m██[38;2;222;189;131m██[38;2;16;16;16m██[38;2;16;16;16m██[38;2;222;189;131m██[38;2;222;189;131m██[38;2;222;189;131m██[38;2;131;90;41m██[38;2;131;90;41m██[38;2;131;90;41m██[38;2;222;189;131m██[38;2;222;189;131m██[38;2;222;189;131m██[38;2;222;189;131m██[38;2;222;189;131m██[38;2;222;189;131m██[38;2;222;189;131m██[38;2;180;139;90m██[38;2;180;139;90m██[38;2;180;139;90m██[38;2;131;90;41m██[38;2;16;16;16m██[38;2;131;90;41m██[38;2;131;90;41m██[38;2;16;16;16m██[38;2;16;16;16m██[38;2;131;90;41m██[38;2;180;139;90m██[38;2;180;139;90m██[38;2;131;90;41m██        
                        [38;2;131;90;41m██[38;2;222;189;131m██[38;2;222;189;131m██[38;2;180;139;90m██[38;2;180;139;90m██[38;2;180;139;90m██[38;2;180;139;90m██[38;2;180;139;90m██[38;2;16;16;16m██[38;2;222;189;131m██[38;2;16;16;16m██[38;2;255;255;255m██[38;2;16;16;16m██[38;2;16;16;16m██[38;2;222;189;131m██[38;2;222;189;131m██[38;2;222;189;131m██[38;2;222;189;131m██[38;2;222;189;131m██[38;2;222;189;131m██[38;2;222;189;131m██[38;2;222;189;131m██[38;2;222;189;131m██[38;2;222;189;131m██[38;2;222;189;131m██[38;2;180;139;90m██[38;2;180;139;90m██[38;2;180;139;90m██[38;2;180;139;90m██[38;2;131;90;41m██[38;2;180;139;90m██[38;2;180;139;90m██[38;2;131;90;41m██[38;2;131;90;41m██[38;2;180;139;90m██[38;2;180;139;90m██[38;2;180;139;90m██[38;2;180;139;90m██[38;2;131;90;41m██        
                          [38;2;131;90;41m██[38;2;222;189;131m██[38;2;222;189;131m██[38;2;180;139;90m██[38;2;180;139;90m██[38;2;180;139;90m██[38;2;180;139;90m██[38;2;180;139;90m██[38;2;16;16;16m██[38;2;16;16;16m██[38;2;16;16;16m██[38;2;16;16;16m██[38;2;16;16;16m██[38;2;222;189;131m██[38;2;222;189;131m██[38;2;222;189;131m██[38;2;222;189;131m██[38;2;222;189;131m██[38;2;222;189;131m██[38;2;16;16;16m██[38;2;16;16;16m██[38;2;222;189;131m██[38;2;222;189;131m██[38;2;180;139;90m██[38;2;180;139;90m██[38;2;180;139;90m██[38;2;180;139;90m██[38;2;180;139;90m██[38;2;16;16;16m██[38;2;180;139;90m██[38;2;180;139;90m██[38;2;180;139;90m██[38;2;180;139;90m██[38;2;180;139;90m██[38;2;180;139;90m██[38;2;180;139;90m██[38;2;131;90;41m██[38;2;131;90;41m██[38;2;131;90;41m██      
                            [38;2;16;16;16m██[38;2;180;139;90m██[38;2;222;189;131m██[38;2;222;189;131m██[38;2;180;139;90m██[38;2;180;139;90m██[38;2;180;139;90m██[38;2;16;16;16m██[38;2;222;189;131m██[38;2;16;16;16m██[38;2;16;16;16m██[38;2;222;189;131m██[38;2;222;189;131m██[38;2;222;189;131m██[38;2;222;189;131m██[38;2;222;189;131m██[38;2;222;189;131m██[38;2;16;16;16m██[38;2;255;255;255m██[38;2;16;16;16m██[38;2;16;16;16m██[38;2;180;139;90m██[38;2;180;139;90m██[38;2;180;139;90m██[38;2;180;139;90m██[38;2;180;139;90m██[38;2;131;90;41m██[38;2;180;139;90m██[38;2;180;139;90m██[38;2;180;139;90m██[38;2;180;139;90m██[38;2;180;139;90m██[38;2;180;139;90m██[38;2;131;90;41m██[38;2;131;90;41m██[38;2;180;139;90m██[38;2;180;139;90m██[38;2;16;16;16m██      
                              [38;2;131;90;41m██[38;2;131;90;41m██[38;2;222;189;131m██[38;2;222;189;131m██[38;2;222;189;131m██[38;2;180;139;90m██[38;2;180;139;90m██[38;2;16;16;16m██[38;2;222;189;131m██[38;2;222;189;131m██[38;2;222;189;131m██[38;2;131;90;41m██[38;2;222;189;131m██[38;2;222;189;131m██[38;2;222;189;131m██[38;2;222;189;131m██[38;2;16;16;16m██[38;2;16;16;16m██[38;2;16;16;16m██[38;2;16;16;16m██[38;2;180;139;90m██[38;2;180;139;90m██[38;2;180;139;90m██[38;2;180;139;90m██[38;2;131;90;41m██[38;2;16;16;16m██[38;2;180;139;90m██[38;2;180;139;90m██[38;2;180;139;90m██[38;2;180;139;90m██[38;2;131;90;41m██[38;2;131;90;41m██[38;2;180;139;90m██[38;2;180;139;90m██[38;2;180;139;90m██[38;2;222;189;131m██[38;2;16;16;16m██      
                                  [38;2;16;16;16m██[38;2;131;90;41m██[38;2;222;189;131m██[38;2;222;189;131m██[38;2;222;189;131m██[38;2;180;139;90m██[38;2;16;16;16m██[38;2;131;90;41m██[38;2;131;90;41m██[38;2;222;189;131m██[38;2;222;189;131m██[38;2;222;189;131m██[38;2;180;139;90m██[38;2;222;189;131m██[38;2;222;189;131m██[38;2;16;16;16m██[38;2;16;16;16m██[38;2;180;139;90m██[38;2;180;139;90m██[38;2;180;139;90m██[38;2;180;139;90m██[38;2;16;16;16m██[38;2;16;16;16m██[38;2;180;139;90m██[38;2;180;139;90m██[38;2;180;139;90m██[38;2;180;139;90m██[38;2;180;139;90m██[38;2;180;139;90m██[38;2;180;139;90m██[38;2;180;139;90m██[38;2;180;139;90m██[38;2;222;189;131m██[38;2;222;189;131m██[38;2;16;16;16m██      
                                      [38;2;16;16;16m██[38;2;131;90;41m██[38;2;222;189;131m██[38;2;222;189;131m██[38;2;222;189;131m██[38;2;222;189;131m██[38;2;222;189;131m██[38;2;222;189;131m██[38;2;222;189;131m██[38;2;222;189;131m██[38;2;222;189;131m██[38;2;16;16;16m██[38;2;180;139;90m██[38;2;180;139;90m██[38;2;180;139;90m██[38;2;180;139;90m██[38;2;131;90;41m██[38;2;16;16;16m██[38;2;16;16;16m██[38;2;180;139;90m██[38;2;180;139;90m██[38;2;180;139;90m██[38;2;180;139;90m██[38;2;180;139;90m██[38;2;180;139;90m██[38;2;180;139;90m██[38;2;222;189;131m██[38;2;222;189;131m██[38;2;222;189;131m██[38;2;222;189;131m██[38;2;222;189;131m██[38;2;16;16;16m██        
                                          [38;2;16;16;16m██[38;2;16;16;16m██[38;2;131;90;41m██[38;2;222;189;131m██[38;2;222;189;131m██[38;2;222;189;131m██[38;2;222;189;131m██[38;2;222;189;131m██[38;2;222;189;131m██[38;2;222;189;131m██[38;2;16;16;16m██[38;2;16;16;16m██[38;2;131;90;41m██[38;2;131;90;41m██[38;2;180;139;90m██[38;2;180;139;90m██[38;2;180;139;90m██[38;2;180;139;90m██[38;2;180;139;90m██[38;2;180;139;90m██[38;2;222;189;131m██[38;2;222;189;131m██[38;2;222;189;131m██[38;2;222;189;131m██[38;2;222;189;131m██[38;2;222;189;131m██[38;2;180;139;90m██[38;2;16;16;16m██[38;2;16;16;16m██          
                                                [38;2;16;16;16m██[38;2;131;90;41m██[38;2;222;189;131m██[38;2;222;189;131m██[38;2;222;189;131m██[38;2;222;189;131m██[38;2;222;189;131m██[38;2;222;189;131m██[38;2;222;189;131m██[38;2;222;189;131m██[38;2;222;189;131m██[38;2;222;189;131m██[38;2;222;189;131m██[38;2;222;189;131m██[38;2;222;189;131m██[38;2;222;189;131m██[38;2;222;189;131m██[38;2;222;189;131m██[38;2;222;189;131m██[38;2;180;139;90m██[38;2;16;16;16m██[38;2;16;16;16m██[38;2;16;16;16m██[38;2;16;16;16m██              
                                                  [38;2;131;90;41m██[38;2;180;139;90m██[38;2;180;139;90m██[38;2;180;139;90m██[38;2;222;189;131m██[38;2;222;189;131m██[38;2;222;189;131m██[38;2;222;189;131m██[38;2;222;189;131m██[38;2;222;189;131m██[38;2;222;189;131m██[38;2;222;189;131m██[38;2;180;139;90m██[38;2;16;16;16m██[38;2;16;16;16m██[38;2;16;16;16m██[38;2;16;16;16m██[38;2;16;16;16m██[38;2;16;16;16m██                      
                                                    [38;2;16;16;16m██[38;2;180;139;90m██[38;2;180;139;90m██[38;2;180;139;90m██[38;2;131;90;41m██[38;2;131;90;41m██[38;2;16;16;16m██[38;2;16;16;16m██[38;2;16;16;16m██[38;2;16;16;16m██[38;2;16;16;16m██[38;2;16;16;16m██                                  
                                                    [38;2;16;16;16m██[38;2;180;139;90m██[38;2;180;139;90m██[38;2;180;139;90m██[38;2;180;139;90m██[38;2;180;139;90m██[38;2;180;139;90m██[38;2;16;16;16m██                                          
                                                      [38;2;16;16;16m██[38;2;222;189;131m██[38;2;222;189;131m██[38;2;180;139;90m██[38;2;180;139;90m██[38;2;131;90;41m██                                            
                                                      [38;2;16;16;16m██[38;2;222;189;131m██[38;2;222;189;131m██[38;2;180;139;90m██[38;2;180;139;90m██[38;2;16;16;16m██                                            
                                                        [38;2;16;16;16m██[38;2;222;189;131m██[38;2;180;139;90m██[38;2;131;90;41m██                                              
                                                        [38;2;16;16;16m██[38;2;180;139;90m██[38;2;131;90;41m██[38;2;16;16;16m██                                              
                                                          [38;2;16;16;16m██[38;2;16;16;16m██                                                
