                                                                [38;2;27;63;46m██[38;2;27;63;46m██[38;2;27;63;46m██              [38;2;27;63;46m██[38;2;27;63;46m██                                          
                                                              [38;2;27;63;46m██[38;2;73;161;126m██[38;2;73;161;126m██[38;2;56;136;105m██[38;2;27;63;46m██[38;2;27;63;46m██[38;2;27;63;46m██      [38;2;27;63;46m██[38;2;56;136;105m██[38;2;73;161;126m██[38;2;27;63;46m██[38;2;27;63;46m██                                      
                                                              [38;2;27;63;46m██[38;2;56;136;105m██[38;2;73;161;126m██[38;2;73;161;126m██[38;2;73;161;126m██[38;2;73;161;126m██[38;2;56;136;105m██[38;2;27;63;46m██[38;2;27;63;46m██  [38;2;27;63;46m██[38;2;56;136;105m██[38;2;73;161;126m██[38;2;73;161;126m██[38;2;103;191;151m██[38;2;27;63;46m██                                    
                                                              [38;2;27;63;46m██[38;2;56;136;105m██[38;2;56;136;105m██[38;2;56;136;105m██[38;2;73;161;126m██[38;2;42;96;78m██[38;2;42;96;78m██[38;2;42;96;78m██[38;2;42;96;78m██[38;2;27;63;46m██[38;2;56;136;105m██[38;2;56;136;105m██[38;2;56;136;105m██[38;2;73;161;126m██[38;2;73;161;126m██[38;2;103;191;151m██[38;2;27;63;46m██                                  
                                                              [38;2;0;0;0m██[38;2;56;136;105m██[38;2;56;136;105m██[38;2;56;136;105m██[38;2;42;96;78m██[38;2;73;161;126m██[38;2;73;161;126m██[38;2;73;161;126m██[38;2;73;161;126m██[38;2;42;96;78m██[38;2;56;136;105m██[38;2;56;136;105m██[38;2;56;136;105m██[38;2;73;161;126m██[38;2;73;161;126m██[38;2;103;191;151m██[38;2;27;63;46m██                                  
                                                              [38;2;0;0;0m██[38;2;56;136;105m██[38;2;56;136;105m██[38;2;56;136;105m██[38;2;56;136;105m██[38;2;56;136;105m██[38;2;56;136;105m██[38;2;56;136;105m██[38;2;42;96;78m██[38;2;56;136;105m██[38;2;56;136;105m██[38;2;56;136;105m██[38;2;56;136;105m██[38;2;56;136;105m██[38;2;73;161;126m██[38;2;73;161;126m██[38;2;103;191;151m██[38;2;27;63;46m██                                
                                                                [38;2;0;0;0m██[38;2;56;136;105m██[38;2;56;136;105m██[38;2;56;136;105m██[38;2;56;136;105m██[38;2;56;136;105m██[38;2;56;136;105m██[38;2;56;136;105m██[38;2;56;136;105m██[38;2;56;136;105m██[38;2;56;136;105m██[38;2;56;136;105m██[38;2;56;136;105m██[38;2;56;136;105m██[38;2;73;161;126m██[38;2;103;191;151m██[38;2;27;63;46m██                                
                                                                [38;2;0;0;0m██[38;2;56;136;105m██[38;2;56;136;105m██[38;2;56;136;105m██[38;2;56;136;105m██[38;2;56;136;105m██[38;2;56;136;105m██[38;2;56;136;105m██[38;2;56;136;105m██[38;2;56;136;105m██[38;2;56;136;105m██[38;2;56;136;105m██[38;2;56;136;105m██[38;2;56;136;105m██[38;2;42;96;78m██[38;2;42;96;78m██[38;2;103;191;151m██[38;2;27;63;46m██                              
                                                                [38;2;0;0;0m██[38;2;56;136;105m██[38;2;56;136;105m██[38;2;56;136;105m██[38;2;56;136;105m██[38;2;56;136;105m██[38;2;56;136;105m██[38;2;56;136;105m██[38;2;56;136;105m██[38;2;56;136;105m██[38;2;56;136;105m██[38;2;56;136;105m██[38;2;56;136;105m██[38;2;56;136;105m██[38;2;77;78;91m██[38;2;188;150;22m██[38;2;42;96;78m██[38;2;27;63;46m██                              
                                                                [38;2;0;0;0m██[38;2;42;96;78m██[38;2;56;136;105m██[38;2;56;136;105m██[38;2;56;136;105m██[38;2;56;136;105m██[38;2;56;136;105m██[38;2;56;136;105m██[38;2;56;136;105m██[38;2;56;136;105m██[38;2;56;136;105m██[38;2;56;136;105m██[38;2;56;136;105m██[38;2;56;136;105m██[38;2;108;107;127m██[38;2;231;215;63m██[38;2;0;0;0m██[38;2;27;63;46m██                              
                                                                  [38;2;0;0;0m██[38;2;56;136;105m██[38;2;56;136;105m██[38;2;56;136;105m██[38;2;56;136;105m██[38;2;56;136;105m██[38;2;56;136;105m██[38;2;56;136;105m██[38;2;56;136;105m██[38;2;56;136;105m██[38;2;56;136;105m██[38;2;27;63;46m██[38;2;56;136;105m██[38;2;108;107;127m██[38;2;231;215;63m██[38;2;0;0;0m██[38;2;27;63;46m██                              
                                                                  [38;2;0;0;0m██[38;2;56;136;105m██[38;2;56;136;105m██[38;2;56;136;105m██[38;2;56;136;105m██[38;2;56;136;105m██[38;2;56;136;105m██[38;2;56;136;105m██[38;2;56;136;105m██[38;2;56;136;105m██[38;2;77;78;91m██[38;2;27;63;46m██[38;2;56;136;105m██[38;2;56;136;105m██[38;2;108;107;127m██[38;2;108;107;127m██[38;2;42;96;78m██[38;2;27;63;46m██                            
                                                                  [38;2;0;0;0m██[38;2;42;96;78m██[38;2;56;136;105m██[38;2;56;136;105m██[38;2;56;136;105m██[38;2;56;136;105m██[38;2;56;136;105m██[38;2;56;136;105m██[38;2;56;136;105m██[38;2;56;136;105m██[38;2;77;78;91m██[38;2;77;78;91m██[38;2;27;63;46m██[38;2;56;136;105m██[38;2;56;136;105m██[38;2;73;161;126m██[38;2;73;161;126m██[38;2;27;63;46m██                            
                                                                    [38;2;0;0;0m██[38;2;56;136;105m██[38;2;56;136;105m██[38;2;56;136;105m██[38;2;56;136;105m██[38;2;56;136;105m██[38;2;56;136;105m██[38;2;56;136;105m██[38;2;42;96;78m██[38;2;77;78;91m██[38;2;77;78;91m██[38;2;77;78;91m██[38;2;27;63;46m██[38;2;56;136;105m██[38;2;42;96;78m██[38;2;73;161;126m██[38;2;27;63;46m██                            
                                                                    [38;2;0;0;0m██[38;2;56;136;105m██[38;2;42;96;78m██[38;2;27;63;46m██[38;2;56;136;105m██[38;2;56;136;105m██[38;2;56;136;105m██[38;2;56;136;105m██[38;2;77;78;91m██[38;2;77;78;91m██[38;2;77;78;91m██[38;2;77;78;91m██[38;2;77;78;91m██[38;2;27;63;46m██[38;2;73;161;126m██[38;2;27;63;46m██                              
                            [38;2;77;78;91m██[38;2;77;78;91m██                                    [38;2;0;0;0m██[38;2;24;74;61m██[38;2;56;136;105m██[38;2;27;63;46m██[38;2;56;136;105m██[38;2;56;136;105m██[38;2;56;136;105m██[38;2;42;96;78m██[38;2;77;78;91m██[38;2;77;78;91m██[38;2;77;78;91m██[38;2;77;78;91m██[38;2;77;78;91m██[38;2;27;63;46m██[38;2;73;161;126m██[38;2;0;0;0m██                              
                            [38;2;77;78;91m██[38;2;229;233;233m██[38;2;77;78;91m██                                  [38;2;0;0;0m██[38;2;24;74;61m██[38;2;56;136;105m██[38;2;27;63;46m██[38;2;56;136;105m██[38;2;56;136;105m██[38;2;56;136;105m██[38;2;77;78;91m██[38;2;77;78;91m██[38;2;77;78;91m██[38;2;77;78;91m██[38;2;0;0;0m██[38;2;0;0;0m██[38;2;0;0;0m██[38;2;0;0;0m██                                
                            [38;2;77;78;91m██[38;2;229;233;233m██[38;2;154;169;170m██[38;2;77;78;91m██                                [38;2;0;0;0m██[38;2;24;74;61m██[38;2;56;136;105m██[38;2;27;63;46m██[38;2;56;136;105m██[38;2;56;136;105m██[38;2;56;136;105m██[38;2;0;0;0m██[38;2;0;0;0m██[38;2;0;0;0m██[38;2;0;0;0m██                                        
                              [38;2;77;78;91m██[38;2;229;233;233m██[38;2;77;78;91m██                              [38;2;27;63;46m██[38;2;56;136;105m██[38;2;24;74;61m██[38;2;56;136;105m██[38;2;27;63;46m██[38;2;56;136;105m██[38;2;56;136;105m██[38;2;27;63;46m██                                                
                              [38;2;77;78;91m██[38;2;229;233;233m██[38;2;229;233;233m██[38;2;77;78;91m██    [38;2;42;96;78m██[38;2;42;96;78m██            [38;2;85;105;107m██[38;2;85;105;107m██[38;2;85;105;107m██  [38;2;27;63;46m██[38;2;24;74;61m██[38;2;56;136;105m██[38;2;27;63;46m██[38;2;56;136;105m██[38;2;56;136;105m██[38;2;27;63;46m██                                  [38;2;85;105;107m██[38;2;85;105;107m██            
                                [38;2;77;78;91m██[38;2;229;233;233m██[38;2;154;169;170m██[38;2;77;78;91m██[38;2;42;96;78m██[38;2;73;161;126m██[38;2;73;161;126m██[38;2;42;96;78m██[38;2;42;96;78m██      [38;2;85;105;107m██[38;2;229;233;233m██[38;2;229;233;233m██[38;2;229;233;233m██[38;2;85;105;107m██[38;2;42;96;78m██[38;2;24;74;61m██[38;2;56;136;105m██[38;2;27;63;46m██[38;2;85;105;107m██[38;2;85;105;107m██[38;2;85;105;107m██                                [38;2;85;105;107m██[38;2;229;233;233m██[38;2;77;78;91m██            
                                [38;2;77;78;91m██[38;2;154;169;170m██[38;2;229;233;233m██[38;2;77;78;91m██[38;2;73;161;126m██[38;2;73;161;126m██[38;2;73;161;126m██[38;2;73;161;126m██[38;2;73;161;126m██[38;2;27;63;46m██  [38;2;0;0;0m██[38;2;229;233;233m██[38;2;229;233;233m██[38;2;229;233;233m██[38;2;229;233;233m██[38;2;229;233;233m██[38;2;85;105;107m██[38;2;24;74;61m██[38;2;56;136;105m██[38;2;85;105;107m██[38;2;229;233;233m██[38;2;229;233;233m██[38;2;229;233;233m██[38;2;85;105;107m██                            [38;2;85;105;107m██[38;2;229;233;233m██[38;2;229;233;233m██[38;2;77;78;91m██            
                                  [38;2;77;78;91m██[38;2;229;233;233m██[38;2;229;233;233m██[38;2;77;78;91m██[38;2;73;161;126m██[38;2;27;63;46m██[38;2;0;0;0m██[38;2;0;0;0m██[38;2;0;0;0m██  [38;2;0;0;0m██[38;2;229;233;233m██[38;2;154;169;170m██[38;2;154;169;170m██[38;2;154;169;170m██[38;2;229;233;233m██[38;2;24;74;61m██[38;2;42;96;78m██[38;2;85;105;107m██[38;2;229;233;233m██[38;2;229;233;233m██[38;2;229;233;233m██[38;2;229;233;233m██[38;2;229;233;233m██[38;2;85;105;107m██                        [38;2;85;105;107m██[38;2;229;233;233m██[38;2;229;233;233m██[38;2;229;233;233m██[38;2;77;78;91m██            
                                [38;2;27;63;46m██[38;2;77;78;91m██[38;2;154;169;170m██[38;2;229;233;233m██[38;2;154;169;170m██[38;2;77;78;91m██[38;2;56;136;105m██[38;2;27;63;46m██      [38;2;0;0;0m██[38;2;154;169;170m██[38;2;154;169;170m██[38;2;154;169;170m██[38;2;154;169;170m██[38;2;154;169;170m██[38;2;24;74;61m██[38;2;56;136;105m██[38;2;85;105;107m██[38;2;154;169;170m██[38;2;154;169;170m██[38;2;154;169;170m██[38;2;229;233;233m██[38;2;229;233;233m██[38;2;85;105;107m██                        [38;2;85;105;107m██[38;2;229;233;233m██[38;2;229;233;233m██[38;2;77;78;91m██              
                                [38;2;27;63;46m██[38;2;42;96;78m██[38;2;77;78;91m██[38;2;229;233;233m██[38;2;229;233;233m██[38;2;77;78;91m██[38;2;73;161;126m██[38;2;73;161;126m██[38;2;27;63;46m██[38;2;27;63;46m██    [38;2;0;0;0m██[38;2;154;169;170m██[38;2;154;169;170m██[38;2;154;169;170m██[38;2;85;105;107m██[38;2;24;74;61m██[38;2;56;136;105m██[38;2;85;105;107m██[38;2;154;169;170m██[38;2;154;169;170m██[38;2;154;169;170m██[38;2;154;169;170m██[38;2;229;233;233m██[38;2;85;105;107m██                      [38;2;85;105;107m██[38;2;229;233;233m██[38;2;229;233;233m██[38;2;229;233;233m██[38;2;77;78;91m██              
                                [38;2;27;63;46m██[38;2;42;96;78m██[38;2;42;96;78m██[38;2;77;78;91m██[38;2;229;233;233m██[38;2;154;169;170m██[38;2;77;78;91m██[38;2;56;136;105m██[38;2;56;136;105m██[38;2;56;136;105m██[38;2;27;63;46m██    [38;2;0;0;0m██[38;2;0;0;0m██[38;2;0;0;0m██[38;2;56;136;105m██[38;2;24;74;61m██[38;2;56;136;105m██[38;2;27;63;46m██[38;2;85;105;107m██[38;2;154;169;170m██[38;2;154;169;170m██[38;2;154;169;170m██[38;2;85;105;107m██[38;2;27;63;46m██                      [38;2;85;105;107m██[38;2;229;233;233m██[38;2;229;233;233m██[38;2;229;233;233m██[38;2;77;78;91m██  [38;2;27;63;46m██[38;2;27;63;46m██[38;2;27;63;46m██      
                                  [38;2;27;63;46m██[38;2;42;96;78m██[38;2;77;78;91m██[38;2;154;169;170m██[38;2;154;169;170m██[38;2;77;78;91m██[38;2;27;63;46m██[38;2;0;0;0m██[38;2;56;136;105m██[38;2;27;63;46m██  [38;2;27;63;46m██[38;2;56;136;105m██[38;2;0;0;0m██[38;2;56;136;105m██[38;2;56;136;105m██[38;2;24;74;61m██[38;2;56;136;105m██[38;2;27;63;46m██[38;2;56;136;105m██[38;2;85;105;107m██[38;2;85;105;107m██[38;2;85;105;107m██[38;2;56;136;105m██[38;2;73;161;126m██[38;2;27;63;46m██                  [38;2;85;105;107m██[38;2;229;233;233m██[38;2;229;233;233m██[38;2;229;233;233m██[38;2;77;78;91m██  [38;2;27;63;46m██[38;2;73;161;126m██[38;2;73;161;126m██[38;2;73;161;126m██[38;2;27;63;46m██    
                                  [38;2;27;63;46m██[38;2;42;96;78m██[38;2;42;96;78m██[38;2;77;78;91m██[38;2;154;169;170m██[38;2;77;78;91m██    [38;2;0;0;0m██[38;2;27;63;46m██[38;2;85;105;107m██[38;2;85;105;107m██[38;2;85;105;107m██[38;2;0;0;0m██[38;2;56;136;105m██[38;2;24;74;61m██[38;2;56;136;105m██[38;2;56;136;105m██[38;2;27;63;46m██[38;2;56;136;105m██[38;2;56;136;105m██[38;2;56;136;105m██[38;2;56;136;105m██[38;2;73;161;126m██[38;2;73;161;126m██[38;2;73;161;126m██[38;2;27;63;46m██                [38;2;85;105;107m██[38;2;154;169;170m██[38;2;229;233;233m██[38;2;229;233;233m██[38;2;77;78;91m██[38;2;27;63;46m██[38;2;73;161;126m██[38;2;73;161;126m██[38;2;73;161;126m██[38;2;73;161;126m██[38;2;73;161;126m██[38;2;27;63;46m██  
                                    [38;2;0;0;0m██[38;2;0;0;0m██[38;2;85;105;107m██[38;2;154;169;170m██[38;2;154;169;170m██[38;2;85;105;107m██    [38;2;85;105;107m██[38;2;229;233;233m██[38;2;229;233;233m██[38;2;229;233;233m██[38;2;85;105;107m██[38;2;56;136;105m██[38;2;24;74;61m██[38;2;56;136;105m██[38;2;27;63;46m██[38;2;85;105;107m██[38;2;85;105;107m██[38;2;85;105;107m██[38;2;56;136;105m██[38;2;56;136;105m██[38;2;73;161;126m██[38;2;73;161;126m██[38;2;73;161;126m██[38;2;27;63;46m██              [38;2;85;105;107m██[38;2;154;169;170m██[38;2;229;233;233m██[38;2;154;169;170m██[38;2;77;78;91m██[38;2;56;136;105m██[38;2;73;161;126m██[38;2;73;161;126m██[38;2;56;136;105m██[38;2;0;0;0m██[38;2;27;63;46m██[38;2;73;161;126m██[38;2;0;0;0m██  
                                [38;2;77;78;91m██[38;2;77;78;91m██[38;2;154;169;170m██[38;2;154;169;170m██[38;2;154;169;170m██[38;2;85;105;107m██[38;2;154;169;170m██[38;2;154;169;170m██[38;2;27;63;46m██[38;2;0;0;0m██[38;2;229;233;233m██[38;2;154;169;170m██[38;2;154;169;170m██[38;2;229;233;233m██[38;2;229;233;233m██[38;2;56;136;105m██[38;2;24;74;61m██[38;2;56;136;105m██[38;2;85;105;107m██[38;2;229;233;233m██[38;2;229;233;233m██[38;2;229;233;233m██[38;2;85;105;107m██[38;2;56;136;105m██[38;2;56;136;105m██[38;2;73;161;126m██[38;2;73;161;126m██[38;2;73;161;126m██[38;2;27;63;46m██            [38;2;85;105;107m██[38;2;229;233;233m██[38;2;154;169;170m██[38;2;229;233;233m██[38;2;77;78;91m██[38;2;56;136;105m██[38;2;56;136;105m██[38;2;56;136;105m██[38;2;27;63;46m██[38;2;27;63;46m██  [38;2;0;0;0m██    
                          [38;2;0;0;0m██[38;2;0;0;0m██[38;2;0;0;0m██[38;2;154;169;170m██[38;2;154;169;170m██[38;2;154;169;170m██[38;2;154;169;170m██[38;2;154;169;170m██[38;2;154;169;170m██[38;2;154;169;170m██[38;2;154;169;170m██[38;2;56;136;105m██[38;2;0;0;0m██[38;2;154;169;170m██[38;2;154;169;170m██[38;2;154;169;170m██[38;2;154;169;170m██[38;2;229;233;233m██[38;2;24;74;61m██[38;2;56;136;105m██[38;2;27;63;46m██[38;2;154;169;170m██[38;2;154;169;170m██[38;2;154;169;170m██[38;2;229;233;233m██[38;2;229;233;233m██[38;2;85;105;107m██[38;2;27;63;46m██[38;2;27;63;46m██[38;2;73;161;126m██[38;2;73;161;126m██[38;2;73;161;126m██[38;2;27;63;46m██        [38;2;0;0;0m██[38;2;85;105;107m██[38;2;154;169;170m██[38;2;154;169;170m██[38;2;85;105;107m██[38;2;56;136;105m██[38;2;56;136;105m██[38;2;56;136;105m██[38;2;56;136;105m██[38;2;56;136;105m██[38;2;56;136;105m██[38;2;27;63;46m██[38;2;27;63;46m██[38;2;27;63;46m██  
                      [38;2;0;0;0m██[38;2;0;0;0m██[38;2;154;169;170m██[38;2;154;169;170m██[38;2;154;169;170m██[38;2;154;169;170m██[38;2;154;169;170m██[38;2;154;169;170m██[38;2;154;169;170m██[38;2;85;105;107m██[38;2;85;105;107m██[38;2;85;105;107m██[38;2;56;136;105m██[38;2;56;136;105m██[38;2;0;0;0m██[38;2;154;169;170m██[38;2;154;169;170m██[38;2;154;169;170m██[38;2;154;169;170m██[38;2;154;169;170m██[38;2;24;74;61m██[38;2;56;136;105m██[38;2;27;63;46m██[38;2;154;169;170m██[38;2;154;169;170m██[38;2;154;169;170m██[38;2;154;169;170m██[38;2;229;233;233m██[38;2;85;105;107m██[38;2;56;136;105m██[38;2;56;136;105m██[38;2;27;63;46m██[38;2;56;136;105m██[38;2;73;161;126m██[38;2;73;161;126m██[38;2;27;63;46m██      [38;2;85;105;107m██[38;2;154;169;170m██[38;2;154;169;170m██[38;2;154;169;170m██[38;2;85;105;107m██[38;2;56;136;105m██[38;2;56;136;105m██[38;2;56;136;105m██[38;2;56;136;105m██[38;2;56;136;105m██[38;2;56;136;105m██[38;2;56;136;105m██[38;2;73;161;126m██[38;2;73;161;126m██[38;2;0;0;0m██
                    [38;2;0;0;0m██[38;2;154;169;170m██[38;2;154;169;170m██[38;2;154;169;170m██[38;2;154;169;170m██[38;2;154;169;170m██[38;2;85;105;107m██[38;2;85;105;107m██[38;2;85;105;107m██[38;2;85;105;107m██      [38;2;27;63;46m██[38;2;27;63;46m██[38;2;56;136;105m██[38;2;0;0;0m██[38;2;154;169;170m██[38;2;154;169;170m██[38;2;154;169;170m██[38;2;85;105;107m██[38;2;24;74;61m██[38;2;56;136;105m██[38;2;27;63;46m██[38;2;154;169;170m██[38;2;154;169;170m██[38;2;154;169;170m██[38;2;154;169;170m██[38;2;229;233;233m██[38;2;85;105;107m██[38;2;56;136;105m██[38;2;56;136;105m██[38;2;0;0;0m██[38;2;27;63;46m██[38;2;56;136;105m██[38;2;56;136;105m██[38;2;56;136;105m██[38;2;27;63;46m██[38;2;27;63;46m██[38;2;27;63;46m██[38;2;85;105;107m██[38;2;154;169;170m██[38;2;154;169;170m██[38;2;154;169;170m██[38;2;56;136;105m██[38;2;56;136;105m██[38;2;56;136;105m██[38;2;27;63;46m██[38;2;0;0;0m██[38;2;0;0;0m██[38;2;27;63;46m██[38;2;56;136;105m██[38;2;73;161;126m██[38;2;73;161;126m██[38;2;0;0;0m██
                      [38;2;0;0;0m██[38;2;0;0;0m██[38;2;0;0;0m██[38;2;0;0;0m██[38;2;0;0;0m██                  [38;2;27;63;46m██[38;2;27;63;46m██[38;2;0;0;0m██[38;2;0;0;0m██[38;2;0;0;0m██[38;2;56;136;105m██[38;2;24;74;61m██[38;2;56;136;105m██[38;2;27;63;46m██[38;2;85;105;107m██[38;2;154;169;170m██[38;2;154;169;170m██[38;2;154;169;170m██[38;2;85;105;107m██[38;2;56;136;105m██[38;2;56;136;105m██[38;2;56;136;105m██[38;2;0;0;0m██  [38;2;27;63;46m██[38;2;56;136;105m██[38;2;56;136;105m██[38;2;56;136;105m██[38;2;56;136;105m██[38;2;85;105;107m██[38;2;154;169;170m██[38;2;154;169;170m██[38;2;154;169;170m██[38;2;154;169;170m██[38;2;85;105;107m██[38;2;0;0;0m██[38;2;0;0;0m██[38;2;27;63;46m██    [38;2;27;63;46m██[38;2;0;0;0m██[38;2;0;0;0m██[38;2;73;161;126m██[38;2;0;0;0m██
                                                        [38;2;0;0;0m██[38;2;56;136;105m██[38;2;56;136;105m██[38;2;24;74;61m██[38;2;56;136;105m██[38;2;27;63;46m██[38;2;56;136;105m██[38;2;85;105;107m██[38;2;85;105;107m██[38;2;85;105;107m██[38;2;56;136;105m██[38;2;56;136;105m██[38;2;56;136;105m██[38;2;56;136;105m██[38;2;42;96;78m██[38;2;0;0;0m██  [38;2;27;63;46m██[38;2;56;136;105m██[38;2;56;136;105m██[38;2;56;136;105m██[38;2;154;169;170m██[38;2;154;169;170m██[38;2;154;169;170m██[38;2;154;169;170m██[38;2;154;169;170m██[38;2;154;169;170m██[38;2;85;105;107m██[38;2;85;105;107m██            [38;2;0;0;0m██  
                                                    [38;2;85;105;107m██[38;2;85;105;107m██[38;2;0;0;0m██[38;2;56;136;105m██[38;2;27;63;46m██[38;2;56;136;105m██[38;2;56;136;105m██[38;2;27;63;46m██[38;2;56;136;105m██[38;2;56;136;105m██[38;2;56;136;105m██[38;2;56;136;105m██[38;2;56;136;105m██[38;2;56;136;105m██[38;2;56;136;105m██[38;2;56;136;105m██[38;2;56;136;105m██[38;2;0;0;0m██    [38;2;0;0;0m██[38;2;56;136;105m██[38;2;56;136;105m██[38;2;0;0;0m██[38;2;0;0;0m██[38;2;85;105;107m██[38;2;154;169;170m██[38;2;154;169;170m██[38;2;154;169;170m██[38;2;154;169;170m██[38;2;154;169;170m██[38;2;85;105;107m██[38;2;85;105;107m██            
                                                  [38;2;85;105;107m██[38;2;229;233;233m██[38;2;229;233;233m██[38;2;229;233;233m██[38;2;85;105;107m██[38;2;27;63;46m██[38;2;56;136;105m██[38;2;27;63;46m██[38;2;56;136;105m██[38;2;85;105;107m██[38;2;85;105;107m██[38;2;85;105;107m██[38;2;56;136;105m██[38;2;56;136;105m██[38;2;56;136;105m██[38;2;56;136;105m██[38;2;56;136;105m██[38;2;56;136;105m██[38;2;0;0;0m██      [38;2;0;0;0m██[38;2;0;0;0m██      [38;2;77;78;91m██[38;2;77;78;91m██[38;2;154;169;170m██[38;2;154;169;170m██[38;2;154;169;170m██[38;2;154;169;170m██[38;2;154;169;170m██[38;2;85;105;107m██          
                                                [38;2;0;0;0m██[38;2;229;233;233m██[38;2;229;233;233m██[38;2;154;169;170m██[38;2;154;169;170m██[38;2;154;169;170m██[38;2;27;63;46m██[38;2;56;136;105m██[38;2;27;63;46m██[38;2;85;105;107m██[38;2;229;233;233m██[38;2;229;233;233m██[38;2;229;233;233m██[38;2;85;105;107m██[38;2;56;136;105m██[38;2;56;136;105m██[38;2;56;136;105m██[38;2;56;136;105m██[38;2;56;136;105m██[38;2;42;96;78m██[38;2;0;0;0m██                  [38;2;0;0;0m██[38;2;154;169;170m██[38;2;154;169;170m██[38;2;154;169;170m██[38;2;154;169;170m██[38;2;154;169;170m██[38;2;85;105;107m██        
                                                [38;2;0;0;0m██[38;2;229;233;233m██[38;2;154;169;170m██[38;2;154;169;170m██[38;2;154;169;170m██[38;2;154;169;170m██[38;2;27;63;46m██[38;2;56;136;105m██[38;2;27;63;46m██[38;2;154;169;170m██[38;2;154;169;170m██[38;2;154;169;170m██[38;2;229;233;233m██[38;2;229;233;233m██[38;2;85;105;107m██[38;2;56;136;105m██[38;2;56;136;105m██[38;2;56;136;105m██[38;2;56;136;105m██[38;2;56;136;105m██[38;2;0;0;0m██                    [38;2;0;0;0m██[38;2;0;0;0m██[38;2;154;169;170m██[38;2;154;169;170m██[38;2;154;169;170m██[38;2;154;169;170m██[38;2;85;105;107m██      
                                                [38;2;0;0;0m██[38;2;154;169;170m██[38;2;154;169;170m██[38;2;154;169;170m██[38;2;154;169;170m██[38;2;154;169;170m██[38;2;27;63;46m██[38;2;56;136;105m██[38;2;27;63;46m██[38;2;154;169;170m██[38;2;154;169;170m██[38;2;154;169;170m██[38;2;154;169;170m██[38;2;229;233;233m██[38;2;85;105;107m██[38;2;56;136;105m██[38;2;56;136;105m██[38;2;56;136;105m██[38;2;56;136;105m██[38;2;56;136;105m██[38;2;0;0;0m██                        [38;2;0;0;0m██[38;2;0;0;0m██[38;2;0;0;0m██[38;2;154;169;170m██[38;2;154;169;170m██[38;2;85;105;107m██    
                                                  [38;2;0;0;0m██[38;2;154;169;170m██[38;2;154;169;170m██[38;2;154;169;170m██[38;2;85;105;107m██[38;2;27;63;46m██[38;2;56;136;105m██[38;2;27;63;46m██[38;2;154;169;170m██[38;2;154;169;170m██[38;2;154;169;170m██[38;2;154;169;170m██[38;2;229;233;233m██[38;2;85;105;107m██[38;2;56;136;105m██[38;2;56;136;105m██[38;2;56;136;105m██[38;2;56;136;105m██[38;2;56;136;105m██[38;2;56;136;105m██[38;2;27;63;46m██                            [38;2;0;0;0m██[38;2;0;0;0m██[38;2;0;0;0m██    
                                                [38;2;27;63;46m██[38;2;56;136;105m██[38;2;0;0;0m██[38;2;0;0;0m██[38;2;0;0;0m██[38;2;27;63;46m██[38;2;56;136;105m██[38;2;27;63;46m██[38;2;56;136;105m██[38;2;85;105;107m██[38;2;154;169;170m██[38;2;154;169;170m██[38;2;154;169;170m██[38;2;85;105;107m██[38;2;56;136;105m██[38;2;56;136;105m██[38;2;56;136;105m██[38;2;56;136;105m██[38;2;56;136;105m██[38;2;56;136;105m██[38;2;73;161;126m██[38;2;73;161;126m██[38;2;27;63;46m██[38;2;27;63;46m██                                  
                            [38;2;0;0;0m██[38;2;0;0;0m██[38;2;0;0;0m██  [38;2;0;0;0m██[38;2;0;0;0m██      [38;2;27;63;46m██[38;2;56;136;105m██[38;2;56;136;105m██[38;2;56;136;105m██[38;2;56;136;105m██[38;2;56;136;105m██[38;2;27;63;46m██[38;2;0;0;0m██[38;2;0;0;0m██[38;2;56;136;105m██[38;2;0;0;0m██[38;2;0;0;0m██[38;2;85;105;107m██[38;2;85;105;107m██[38;2;56;136;105m██[38;2;56;136;105m██[38;2;56;136;105m██[38;2;56;136;105m██[38;2;56;136;105m██[38;2;56;136;105m██[38;2;73;161;126m██[38;2;73;161;126m██[38;2;73;161;126m██[38;2;73;161;126m██[38;2;73;161;126m██[38;2;27;63;46m██                                
                        [38;2;27;63;46m██[38;2;27;63;46m██[38;2;74;172;140m██[38;2;74;172;140m██[38;2;74;172;140m██[38;2;0;0;0m██[38;2;74;172;140m██[38;2;74;172;140m██[38;2;0;0;0m██  [38;2;27;63;46m██[38;2;0;0;0m██[38;2;0;0;0m██[38;2;56;136;105m██[38;2;0;0;0m██[38;2;0;0;0m██[38;2;56;136;105m██[38;2;0;0;0m██[38;2;41;131;102m██[38;2;41;131;102m██[38;2;0;0;0m██[38;2;27;63;46m██[38;2;41;131;102m██[38;2;0;0;0m██[38;2;56;136;105m██[38;2;56;136;105m██[38;2;56;136;105m██[38;2;56;136;105m██[38;2;56;136;105m██[38;2;56;136;105m██[38;2;56;136;105m██[38;2;73;161;126m██[38;2;73;161;126m██[38;2;73;161;126m██[38;2;73;161;126m██[38;2;73;161;126m██[38;2;73;161;126m██[38;2;42;96;78m██                              
                [38;2;27;63;46m██[38;2;27;63;46m██  [38;2;27;63;46m██[38;2;74;172;140m██[38;2;74;172;140m██[38;2;0;0;0m██[38;2;74;172;140m██[38;2;74;172;140m██[38;2;74;172;140m██[38;2;0;0;0m██[38;2;74;172;140m██[38;2;74;172;140m██[38;2;0;0;0m██[38;2;0;0;0m██[38;2;41;131;102m██[38;2;41;131;102m██[38;2;0;0;0m██[38;2;41;131;102m██[38;2;41;131;102m██[38;2;0;0;0m██[38;2;41;131;102m██[38;2;24;98;74m██[38;2;24;98;74m██[38;2;0;0;0m██[38;2;24;98;74m██[38;2;24;98;74m██[38;2;0;0;0m██[38;2;27;63;46m██[38;2;56;136;105m██[38;2;56;136;105m██[38;2;56;136;105m██[38;2;56;136;105m██[38;2;56;136;105m██[38;2;56;136;105m██[38;2;56;136;105m██[38;2;73;161;126m██[38;2;73;161;126m██[38;2;73;161;126m██[38;2;73;161;126m██[38;2;73;161;126m██[38;2;73;161;126m██[38;2;42;96;78m██                            
        [38;2;27;63;46m██[38;2;27;63;46m██  [38;2;27;63;46m██[38;2;74;172;140m██[38;2;74;172;140m██[38;2;0;0;0m██[38;2;74;172;140m██[38;2;74;172;140m██[38;2;74;172;140m██[38;2;74;172;140m██[38;2;0;0;0m██[38;2;74;172;140m██[38;2;0;0;0m██[38;2;0;0;0m██[38;2;74;172;140m██[38;2;0;0;0m██[38;2;0;0;0m██[38;2;41;131;102m██[38;2;24;98;74m██[38;2;24;98;74m██[38;2;0;0;0m██[38;2;24;98;74m██[38;2;24;98;74m██[38;2;0;0;0m██[38;2;24;98;74m██[38;2;24;98;74m██[38;2;0;0;0m██[38;2;24;98;74m██[38;2;24;98;74m██[38;2;24;98;74m██[38;2;0;0;0m██[38;2;41;131;102m██[38;2;27;63;46m██[38;2;56;136;105m██[38;2;56;136;105m██[38;2;56;136;105m██[38;2;56;136;105m██[38;2;56;136;105m██[38;2;56;136;105m██[38;2;56;136;105m██[38;2;73;161;126m██[38;2;73;161;126m██[38;2;73;161;126m██[38;2;73;161;126m██[38;2;73;161;126m██[38;2;42;96;78m██                            
      [38;2;27;63;46m██[38;2;74;172;140m██[38;2;74;172;140m██[38;2;0;0;0m██[38;2;74;172;140m██[38;2;74;172;140m██[38;2;74;172;140m██[38;2;74;172;140m██[38;2;24;74;61m██[38;2;74;172;140m██[38;2;74;172;140m██[38;2;74;172;140m██[38;2;41;131;102m██[38;2;0;0;0m██[38;2;41;131;102m██[38;2;41;131;102m██[38;2;0;0;0m██[38;2;41;131;102m██[38;2;41;131;102m██[38;2;0;0;0m██[38;2;24;98;74m██[38;2;24;98;74m██[38;2;0;0;0m██[38;2;24;98;74m██[38;2;24;98;74m██[38;2;0;0;0m██[38;2;24;98;74m██[38;2;24;98;74m██[38;2;0;0;0m██[38;2;24;98;74m██[38;2;24;98;74m██[38;2;0;0;0m██[38;2;41;131;102m██[38;2;41;131;102m██[38;2;27;63;46m██[38;2;56;136;105m██[38;2;56;136;105m██[38;2;56;136;105m██[38;2;56;136;105m██[38;2;56;136;105m██[38;2;56;136;105m██[38;2;56;136;105m██[38;2;56;136;105m██[38;2;56;136;105m██[38;2;73;161;126m██[38;2;73;161;126m██[38;2;73;161;126m██[38;2;73;161;126m██[38;2;42;96;78m██                          
  [38;2;27;63;46m██[38;2;27;63;46m██[38;2;0;0;0m██[38;2;74;172;140m██[38;2;74;172;140m██[38;2;74;172;140m██[38;2;0;0;0m██[38;2;74;172;140m██[38;2;74;172;140m██[38;2;74;172;140m██[38;2;41;131;102m██[38;2;24;74;61m██[38;2;74;172;140m██[38;2;41;131;102m██[38;2;74;172;140m██[38;2;0;0;0m██[38;2;24;98;74m██[38;2;24;98;74m██[38;2;0;0;0m██[38;2;24;98;74m██[38;2;24;98;74m██[38;2;0;0;0m██[38;2;24;98;74m██[38;2;0;0;0m██[38;2;24;98;74m██[38;2;24;98;74m██[38;2;24;98;74m██[38;2;0;0;0m██[38;2;24;98;74m██[38;2;24;98;74m██[38;2;24;98;74m██[38;2;24;98;74m██[38;2;24;98;74m██[38;2;0;0;0m██[38;2;41;131;102m██[38;2;41;131;102m██[38;2;41;131;102m██[38;2;27;63;46m██[38;2;42;96;78m██[38;2;42;96;78m██[38;2;42;96;78m██[38;2;42;96;78m██[38;2;56;136;105m██[38;2;56;136;105m██[38;2;56;136;105m██[38;2;56;136;105m██[38;2;56;136;105m██[38;2;73;161;126m██[38;2;73;161;126m██[38;2;73;161;126m██[38;2;42;96;78m██                          
[38;2;27;63;46m██[38;2;74;172;140m██[38;2;74;172;140m██[38;2;0;0;0m██[38;2;74;172;140m██[38;2;74;172;140m██[38;2;74;172;140m██[38;2;74;172;140m██[38;2;0;0;0m██[38;2;74;172;140m██[38;2;41;131;102m██[38;2;74;172;140m██[38;2;24;74;61m██[38;2;41;131;102m██[38;2;41;131;102m██[38;2;0;0;0m██[38;2;24;98;74m██[38;2;24;98;74m██[38;2;24;98;74m██[38;2;0;0;0m██[38;2;24;98;74m██[38;2;24;98;74m██[38;2;0;0;0m██[38;2;24;98;74m██[38;2;0;0;0m██[38;2;24;98;74m██[38;2;24;98;74m██[38;2;0;0;0m██[38;2;24;98;74m██[38;2;24;98;74m██[38;2;24;98;74m██[38;2;24;98;74m██[38;2;24;98;74m██[38;2;0;0;0m██[38;2;41;131;102m██[38;2;41;131;102m██[38;2;41;131;102m██[38;2;24;98;74m██[38;2;27;63;46m██[38;2;42;96;78m██[38;2;42;96;78m██[38;2;42;96;78m██[38;2;42;96;78m██[38;2;42;96;78m██[38;2;42;96;78m██[38;2;56;136;105m██[38;2;56;136;105m██[38;2;56;136;105m██[38;2;56;136;105m██[38;2;73;161;126m██[38;2;73;161;126m██[38;2;73;161;126m██[38;2;42;96;78m██                        
[38;2;0;0;0m██[38;2;74;172;140m██[38;2;74;172;140m██[38;2;74;172;140m██[38;2;24;74;61m██[38;2;74;172;140m██[38;2;74;172;140m██[38;2;41;131;102m██[38;2;24;74;61m██[38;2;41;131;102m██[38;2;41;131;102m██[38;2;41;131;102m██[38;2;41;131;102m██[38;2;41;131;102m██[38;2;41;131;102m██[38;2;0;0;0m██[38;2;24;98;74m██[38;2;24;98;74m██[38;2;0;0;0m██[38;2;24;98;74m██[38;2;24;98;74m██[38;2;0;0;0m██[38;2;24;98;74m██[38;2;24;98;74m██[38;2;24;98;74m██[38;2;24;98;74m██[38;2;24;98;74m██[38;2;0;0;0m██[38;2;24;98;74m██[38;2;24;98;74m██[38;2;24;98;74m██[38;2;24;98;74m██[38;2;24;98;74m██[38;2;0;0;0m██[38;2;41;131;102m██[38;2;24;98;74m██[38;2;24;98;74m██[38;2;24;98;74m██[38;2;27;63;46m██[38;2;42;96;78m██[38;2;42;96;78m██[38;2;42;96;78m██[38;2;42;96;78m██[38;2;42;96;78m██[38;2;42;96;78m██[38;2;42;96;78m██[38;2;42;96;78m██[38;2;56;136;105m██[38;2;56;136;105m██[38;2;73;161;126m██[38;2;73;161;126m██[38;2;73;161;126m██[38;2;27;63;46m██                        
  [38;2;0;0;0m██[38;2;74;172;140m██[38;2;74;172;140m██[38;2;74;172;140m██[38;2;24;74;61m██[38;2;41;131;102m██[38;2;74;172;140m██[38;2;41;131;102m██[38;2;24;74;61m██[38;2;41;131;102m██[38;2;41;131;102m██[38;2;41;131;102m██[38;2;41;131;102m██[38;2;41;131;102m██[38;2;0;0;0m██[38;2;24;98;74m██[38;2;24;98;74m██[38;2;0;0;0m██[38;2;24;98;74m██[38;2;24;98;74m██[38;2;0;0;0m██[38;2;24;98;74m██[38;2;24;98;74m██[38;2;24;98;74m██[38;2;24;98;74m██[38;2;24;98;74m██[38;2;0;0;0m██[38;2;24;98;74m██[38;2;24;98;74m██[38;2;24;98;74m██[38;2;24;98;74m██[38;2;24;98;74m██[38;2;0;0;0m██[38;2;24;98;74m██[38;2;24;98;74m██[38;2;24;98;74m██[38;2;24;98;74m██[38;2;27;63;46m██[38;2;42;96;78m██[38;2;42;96;78m██[38;2;42;96;78m██[38;2;42;96;78m██[38;2;42;96;78m██[38;2;42;96;78m██[38;2;42;96;78m██[38;2;42;96;78m██[38;2;42;96;78m██[38;2;56;136;105m██[38;2;56;136;105m██[38;2;73;161;126m██[38;2;56;136;105m██[38;2;27;63;46m██                        
  [38;2;0;0;0m██[38;2;74;172;140m██[38;2;74;172;140m██[38;2;41;131;102m██[38;2;41;131;102m██[38;2;24;74;61m██[38;2;41;131;102m██[38;2;41;131;102m██[38;2;41;131;102m██[38;2;24;74;61m██[38;2;41;131;102m██[38;2;41;131;102m██[38;2;41;131;102m██[38;2;0;0;0m██[38;2;24;98;74m██[38;2;24;98;74m██[38;2;24;98;74m██[38;2;24;98;74m██[38;2;24;98;74m██[38;2;24;98;74m██[38;2;0;0;0m██[38;2;24;98;74m██[38;2;24;98;74m██[38;2;24;98;74m██[38;2;24;98;74m██[38;2;0;0;0m██[38;2;24;98;74m██[38;2;24;98;74m██[38;2;24;98;74m██[38;2;24;98;74m██[38;2;24;98;74m██[38;2;0;0;0m██[38;2;24;98;74m██[38;2;24;98;74m██[38;2;24;98;74m██[38;2;24;98;74m██[38;2;27;63;46m██[38;2;42;96;78m██[38;2;42;96;78m██[38;2;42;96;78m██[38;2;42;96;78m██[38;2;42;96;78m██[38;2;42;96;78m██[38;2;42;96;78m██[38;2;42;96;78m██[38;2;42;96;78m██[38;2;42;96;78m██[38;2;42;96;78m██[38;2;56;136;105m██[38;2;56;136;105m██[38;2;0;0;0m██                          
    [38;2;0;0;0m██[38;2;41;131;102m██[38;2;41;131;102m██[38;2;41;131;102m██[38;2;41;131;102m██[38;2;41;131;102m██[38;2;41;131;102m██[38;2;41;131;102m██[38;2;24;74;61m██[38;2;24;98;74m██[38;2;41;131;102m██[38;2;41;131;102m██[38;2;0;0;0m██[38;2;24;98;74m██[38;2;24;98;74m██[38;2;24;98;74m██[38;2;24;98;74m██[38;2;24;98;74m██[38;2;0;0;0m██[38;2;24;98;74m██[38;2;24;98;74m██[38;2;24;98;74m██[38;2;24;98;74m██[38;2;24;98;74m██[38;2;0;0;0m██[38;2;24;98;74m██[38;2;24;98;74m██[38;2;24;98;74m██[38;2;24;98;74m██[38;2;24;98;74m██[38;2;0;0;0m██[38;2;24;98;74m██[38;2;24;98;74m██[38;2;24;98;74m██[38;2;24;98;74m██[38;2;27;63;46m██[38;2;0;0;0m██[38;2;0;0;0m██[38;2;0;0;0m██[38;2;42;96;78m██[38;2;42;96;78m██[38;2;42;96;78m██[38;2;42;96;78m██[38;2;42;96;78m██[38;2;42;96;78m██[38;2;42;96;78m██[38;2;42;96;78m██[38;2;42;96;78m██[38;2;42;96;78m██[38;2;0;0;0m██                          
      [38;2;0;0;0m██[38;2;41;131;102m██[38;2;41;131;102m██[38;2;41;131;102m██[38;2;41;131;102m██[38;2;41;131;102m██[38;2;41;131;102m██[38;2;41;131;102m██[38;2;24;74;61m██[38;2;41;131;102m██[38;2;41;131;102m██[38;2;0;0;0m██[38;2;24;98;74m██[38;2;24;98;74m██[38;2;24;98;74m██[38;2;24;98;74m██[38;2;24;98;74m██[38;2;0;0;0m██[38;2;24;98;74m██[38;2;24;98;74m██[38;2;24;98;74m██[38;2;24;98;74m██[38;2;0;0;0m██[38;2;24;98;74m██[38;2;24;98;74m██[38;2;24;98;74m██[38;2;24;98;74m██[38;2;24;98;74m██[38;2;0;0;0m██[38;2;24;98;74m██[38;2;24;98;74m██[38;2;24;98;74m██[38;2;24;98;74m██[38;2;24;98;74m██[38;2;27;63;46m██      [38;2;0;0;0m██[38;2;0;0;0m██[38;2;42;96;78m██[38;2;42;96;78m██[38;2;42;96;78m██[38;2;42;96;78m██[38;2;42;96;78m██[38;2;42;96;78m██[38;2;42;96;78m██[38;2;0;0;0m██                            
      [38;2;0;0;0m██[38;2;41;131;102m██[38;2;41;131;102m██[38;2;41;131;102m██[38;2;41;131;102m██[38;2;41;131;102m██[38;2;41;131;102m██[38;2;41;131;102m██[38;2;41;131;102m██[38;2;24;98;74m██[38;2;0;0;0m██[38;2;24;98;74m██[38;2;24;98;74m██[38;2;24;98;74m██[38;2;24;98;74m██[38;2;24;98;74m██[38;2;24;98;74m██[38;2;0;0;0m██[38;2;24;98;74m██[38;2;24;98;74m██[38;2;24;98;74m██[38;2;24;98;74m██[38;2;0;0;0m██[38;2;24;98;74m██[38;2;24;98;74m██[38;2;24;98;74m██[38;2;24;98;74m██[38;2;0;0;0m██[38;2;24;98;74m██[38;2;24;98;74m██[38;2;24;98;74m██[38;2;24;98;74m██[38;2;24;98;74m██[38;2;27;63;46m██            [38;2;0;0;0m██[38;2;42;96;78m██[38;2;42;96;78m██[38;2;42;96;78m██[38;2;42;96;78m██[38;2;42;96;78m██[38;2;0;0;0m██                              
        [38;2;0;0;0m██[38;2;41;131;102m██[38;2;41;131;102m██[38;2;41;131;102m██[38;2;41;131;102m██[38;2;41;131;102m██[38;2;41;131;102m██[38;2;41;131;102m██[38;2;41;131;102m██[38;2;0;0;0m██[38;2;24;98;74m██[38;2;24;98;74m██[38;2;24;98;74m██[38;2;24;98;74m██[38;2;24;98;74m██[38;2;0;0;0m██[38;2;24;98;74m██[38;2;24;98;74m██[38;2;24;98;74m██[38;2;24;98;74m██[38;2;24;74;61m██[38;2;24;98;74m██[38;2;24;98;74m██[38;2;24;98;74m██[38;2;24;98;74m██[38;2;24;74;61m██[38;2;24;98;74m██[38;2;24;98;74m██[38;2;24;98;74m██[38;2;24;98;74m██[38;2;24;98;74m██[38;2;27;63;46m██              [38;2;0;0;0m██[38;2;42;96;78m██[38;2;42;96;78m██[38;2;42;96;78m██[38;2;42;96;78m██[38;2;0;0;0m██                                
          [38;2;0;0;0m██[38;2;41;131;102m██[38;2;41;131;102m██[38;2;41;131;102m██[38;2;41;131;102m██[38;2;41;131;102m██[38;2;41;131;102m██[38;2;41;131;102m██[38;2;0;0;0m██[38;2;24;98;74m██[38;2;24;98;74m██[38;2;24;98;74m██[38;2;24;98;74m██[38;2;24;98;74m██[38;2;0;0;0m██[38;2;24;98;74m██[38;2;24;98;74m██[38;2;24;98;74m██[38;2;24;98;74m██[38;2;24;98;74m██[38;2;24;98;74m██[38;2;24;98;74m██[38;2;24;98;74m██[38;2;24;98;74m██[38;2;24;98;74m██[38;2;24;98;74m██[38;2;24;98;74m██[38;2;24;98;74m██[38;2;0;0;0m██[38;2;27;63;46m██              [38;2;0;0;0m██[38;2;42;96;78m██[38;2;42;96;78m██[38;2;42;96;78m██[38;2;42;96;78m██[38;2;0;0;0m██                                  
          [38;2;0;0;0m██[38;2;41;131;102m██[38;2;41;131;102m██[38;2;41;131;102m██[38;2;41;131;102m██[38;2;41;131;102m██[38;2;41;131;102m██[38;2;0;0;0m██[38;2;24;98;74m██[38;2;24;98;74m██[38;2;24;98;74m██[38;2;24;98;74m██[38;2;24;98;74m██[38;2;0;0;0m██[38;2;24;98;74m██[38;2;24;98;74m██[38;2;24;98;74m██[38;2;24;98;74m██[38;2;24;98;74m██[38;2;24;98;74m██[38;2;24;98;74m██[38;2;24;98;74m██[38;2;24;98;74m██[38;2;24;98;74m██[38;2;24;98;74m██[38;2;24;74;61m██[38;2;24;74;61m██[38;2;41;131;102m██[38;2;41;131;102m██[38;2;0;0;0m██            [38;2;0;0;0m██[38;2;42;96;78m██[38;2;42;96;78m██[38;2;42;96;78m██[38;2;42;96;78m██[38;2;0;0;0m██                                    
            [38;2;0;0;0m██[38;2;41;131;102m██[38;2;41;131;102m██[38;2;41;131;102m██[38;2;41;131;102m██[38;2;41;131;102m██[38;2;0;0;0m██[38;2;24;98;74m██[38;2;24;98;74m██[38;2;24;98;74m██[38;2;24;98;74m██[38;2;24;98;74m██[38;2;24;98;74m██[38;2;24;98;74m██[38;2;24;98;74m██[38;2;24;98;74m██[38;2;24;98;74m██[38;2;24;98;74m██[38;2;24;98;74m██[38;2;24;98;74m██[38;2;24;98;74m██[38;2;24;98;74m██[38;2;24;74;61m██[38;2;24;74;61m██[38;2;41;131;102m██[38;2;41;131;102m██[38;2;41;131;102m██[38;2;41;131;102m██[38;2;41;131;102m██[38;2;24;74;61m██          [38;2;0;0;0m██[38;2;42;96;78m██[38;2;42;96;78m██[38;2;42;96;78m██[38;2;42;96;78m██[38;2;0;0;0m██                                    
              [38;2;0;0;0m██[38;2;41;131;102m██[38;2;24;74;61m██[38;2;24;74;61m██[38;2;0;0;0m██[38;2;24;74;61m██[38;2;24;98;74m██[38;2;24;98;74m██[38;2;24;98;74m██[38;2;24;98;74m██[38;2;24;98;74m██[38;2;24;98;74m██[38;2;24;98;74m██[38;2;24;98;74m██[38;2;24;98;74m██[38;2;24;98;74m██[38;2;24;98;74m██[38;2;24;98;74m██[38;2;24;74;61m██[38;2;24;74;61m██[38;2;41;131;102m██[38;2;41;131;102m██[38;2;41;131;102m██[38;2;41;131;102m██[38;2;41;131;102m██[38;2;41;131;102m██[38;2;41;131;102m██[38;2;41;131;102m██[38;2;41;131;102m██[38;2;24;74;61m██          [38;2;0;0;0m██[38;2;42;96;78m██[38;2;42;96;78m██[38;2;42;96;78m██[38;2;42;96;78m██[38;2;27;63;46m██                                  
          [38;2;0;0;0m██[38;2;0;0;0m██[38;2;0;0;0m██[38;2;0;0;0m██[38;2;24;98;74m██[38;2;24;98;74m██[38;2;24;98;74m██[38;2;24;98;74m██[38;2;24;98;74m██[38;2;24;98;74m██[38;2;24;98;74m██[38;2;24;98;74m██[38;2;24;98;74m██[38;2;24;98;74m██[38;2;24;98;74m██[38;2;24;98;74m██[38;2;24;98;74m██[38;2;24;74;61m██[38;2;24;74;61m██[38;2;41;131;102m██[38;2;41;131;102m██[38;2;41;131;102m██[38;2;41;131;102m██[38;2;24;74;61m██[38;2;41;131;102m██[38;2;41;131;102m██[38;2;41;131;102m██[38;2;41;131;102m██[38;2;41;131;102m██[38;2;41;131;102m██[38;2;41;131;102m██[38;2;41;131;102m██[38;2;24;74;61m██        [38;2;0;0;0m██[38;2;42;96;78m██[38;2;42;96;78m██[38;2;42;96;78m██[38;2;42;96;78m██[38;2;27;63;46m██                                  
        [38;2;0;0;0m██[38;2;41;131;102m██[38;2;41;131;102m██[38;2;41;131;102m██[38;2;41;131;102m██[38;2;24;98;74m██[38;2;24;98;74m██[38;2;24;98;74m██[38;2;24;98;74m██[38;2;24;98;74m██[38;2;24;98;74m██[38;2;24;98;74m██[38;2;24;98;74m██[38;2;24;98;74m██[38;2;24;74;61m██[38;2;24;74;61m██[38;2;24;74;61m██[38;2;41;131;102m██[38;2;41;131;102m██[38;2;41;131;102m██[38;2;41;131;102m██[38;2;41;131;102m██[38;2;41;131;102m██[38;2;41;131;102m██[38;2;24;74;61m██[38;2;41;131;102m██[38;2;41;131;102m██[38;2;41;131;102m██[38;2;41;131;102m██[38;2;41;131;102m██[38;2;41;131;102m██[38;2;41;131;102m██[38;2;41;131;102m██[38;2;24;74;61m██[38;2;0;0;0m██        [38;2;0;0;0m██[38;2;42;96;78m██[38;2;42;96;78m██[38;2;42;96;78m██[38;2;42;96;78m██[38;2;27;63;46m██    [38;2;0;0;0m██[38;2;27;63;46m██[38;2;27;63;46m██                      
          [38;2;0;0;0m██[38;2;0;0;0m██[38;2;24;98;74m██[38;2;24;98;74m██[38;2;24;98;74m██[38;2;24;98;74m██[38;2;24;98;74m██[38;2;24;98;74m██[38;2;24;74;61m██[38;2;24;74;61m██[38;2;24;74;61m██[38;2;24;74;61m██[38;2;41;131;102m██[38;2;41;131;102m██[38;2;41;131;102m██[38;2;41;131;102m██[38;2;41;131;102m██[38;2;41;131;102m██[38;2;41;131;102m██[38;2;41;131;102m██[38;2;41;131;102m██[38;2;41;131;102m██[38;2;41;131;102m██[38;2;41;131;102m██[38;2;24;74;61m██[38;2;41;131;102m██[38;2;41;131;102m██[38;2;41;131;102m██[38;2;41;131;102m██[38;2;41;131;102m██[38;2;41;131;102m██[38;2;41;131;102m██[38;2;41;131;102m██[38;2;0;0;0m██        [38;2;0;0;0m██[38;2;42;96;78m██[38;2;42;96;78m██[38;2;42;96;78m██[38;2;42;96;78m██[38;2;56;136;105m██[38;2;27;63;46m██[38;2;27;63;46m██[38;2;27;63;46m██[38;2;56;136;105m██[38;2;0;0;0m██[38;2;0;0;0m██                    
              [38;2;0;0;0m██[38;2;0;0;0m██[38;2;0;0;0m██[38;2;0;0;0m██[38;2;0;0;0m██[38;2;24;98;74m██[38;2;41;131;102m██[38;2;41;131;102m██[38;2;41;131;102m██[38;2;41;131;102m██[38;2;41;131;102m██[38;2;41;131;102m██[38;2;41;131;102m██[38;2;24;74;61m██[38;2;41;131;102m██[38;2;41;131;102m██[38;2;41;131;102m██[38;2;41;131;102m██[38;2;41;131;102m██[38;2;41;131;102m██[38;2;41;131;102m██[38;2;41;131;102m██[38;2;41;131;102m██[38;2;24;74;61m██[38;2;41;131;102m██[38;2;41;131;102m██[38;2;41;131;102m██[38;2;24;74;61m██[38;2;41;131;102m██[38;2;41;131;102m██[38;2;41;131;102m██[38;2;41;131;102m██[38;2;0;0;0m██        [38;2;0;0;0m██[38;2;42;96;78m██[38;2;42;96;78m██[38;2;42;96;78m██[38;2;56;136;105m██[38;2;73;161;126m██[38;2;73;161;126m██[38;2;42;96;78m██[38;2;27;63;46m██[38;2;73;161;126m██[38;2;73;161;126m██[38;2;27;63;46m██                  
            [38;2;0;0;0m██[38;2;24;74;61m██[38;2;24;74;61m██[38;2;24;74;61m██[38;2;24;74;61m██[38;2;24;74;61m██[38;2;0;0;0m██[38;2;41;131;102m██[38;2;41;131;102m██[38;2;41;131;102m██[38;2;41;131;102m██[38;2;41;131;102m██[38;2;41;131;102m██[38;2;41;131;102m██[38;2;41;131;102m██[38;2;24;74;61m██[38;2;41;131;102m██[38;2;41;131;102m██[38;2;41;131;102m██[38;2;41;131;102m██[38;2;41;131;102m██[38;2;41;131;102m██[38;2;41;131;102m██[38;2;41;131;102m██[38;2;24;74;61m██[38;2;41;131;102m██[38;2;41;131;102m██[38;2;41;131;102m██[38;2;41;131;102m██[38;2;24;74;61m██[38;2;41;131;102m██[38;2;41;131;102m██[38;2;41;131;102m██[38;2;41;131;102m██[38;2;0;0;0m██        [38;2;0;0;0m██[38;2;42;96;78m██[38;2;42;96;78m██[38;2;42;96;78m██[38;2;56;136;105m██[38;2;73;161;126m██[38;2;73;161;126m██[38;2;56;136;105m██[38;2;56;136;105m██[38;2;73;161;126m██[38;2;0;0;0m██                  
          [38;2;0;0;0m██[38;2;24;74;61m██[38;2;24;74;61m██[38;2;24;74;61m██[38;2;24;74;61m██[38;2;24;74;61m██[38;2;24;74;61m██[38;2;24;74;61m██[38;2;0;0;0m██[38;2;41;131;102m██[38;2;41;131;102m██[38;2;41;131;102m██[38;2;41;131;102m██[38;2;41;131;102m██[38;2;41;131;102m██[38;2;41;131;102m██[38;2;24;74;61m██[38;2;41;131;102m██[38;2;41;131;102m██[38;2;41;131;102m██[38;2;41;131;102m██[38;2;41;131;102m██[38;2;41;131;102m██[38;2;41;131;102m██[38;2;41;131;102m██[38;2;41;131;102m██[38;2;24;74;61m██[38;2;41;131;102m██[38;2;41;131;102m██[38;2;41;131;102m██[38;2;41;131;102m██[38;2;0;0;0m██[38;2;41;131;102m██[38;2;41;131;102m██[38;2;41;131;102m██[38;2;0;0;0m██          [38;2;0;0;0m██[38;2;42;96;78m██[38;2;42;96;78m██[38;2;42;96;78m██[38;2;42;96;78m██[38;2;42;96;78m██[38;2;27;63;46m██[38;2;0;0;0m██[38;2;0;0;0m██[38;2;0;0;0m██                  
          [38;2;0;0;0m██[38;2;24;74;61m██[38;2;24;74;61m██[38;2;24;74;61m██[38;2;24;74;61m██[38;2;24;74;61m██[38;2;24;74;61m██[38;2;24;74;61m██[38;2;0;0;0m██[38;2;41;131;102m██[38;2;41;131;102m██[38;2;41;131;102m██[38;2;41;131;102m██[38;2;41;131;102m██[38;2;41;131;102m██[38;2;41;131;102m██[38;2;41;131;102m██[38;2;24;74;61m██[38;2;41;131;102m██[38;2;41;131;102m██[38;2;41;131;102m██[38;2;41;131;102m██[38;2;24;74;61m██[38;2;41;131;102m██[38;2;41;131;102m██[38;2;41;131;102m██[38;2;24;74;61m██[38;2;0;0;0m██[38;2;41;131;102m██[38;2;41;131;102m██[38;2;41;131;102m██[38;2;24;74;61m██[38;2;0;0;0m██[38;2;41;131;102m██[38;2;41;131;102m██[38;2;0;0;0m██            [38;2;0;0;0m██[38;2;0;0;0m██[38;2;0;0;0m██[38;2;0;0;0m██[38;2;0;0;0m██[38;2;0;0;0m██                        
        [38;2;0;0;0m██[38;2;24;74;61m██[38;2;24;74;61m██[38;2;24;74;61m██[38;2;24;74;61m██[38;2;24;74;61m██[38;2;24;74;61m██[38;2;24;74;61m██[38;2;24;74;61m██[38;2;24;74;61m██[38;2;0;0;0m██[38;2;41;131;102m██[38;2;41;131;102m██[38;2;41;131;102m██[38;2;41;131;102m██[38;2;41;131;102m██[38;2;41;131;102m██[38;2;41;131;102m██[38;2;24;74;61m██[38;2;41;131;102m██[38;2;41;131;102m██[38;2;41;131;102m██[38;2;41;131;102m██[38;2;24;74;61m██[38;2;41;131;102m██[38;2;41;131;102m██[38;2;41;131;102m██[38;2;41;131;102m██[38;2;0;0;0m██[38;2;0;0;0m██[38;2;41;131;102m██[38;2;41;131;102m██[38;2;41;131;102m██[38;2;24;74;61m██[38;2;0;0;0m██[38;2;0;0;0m██                                                  
      [38;2;0;0;0m██[38;2;24;74;61m██[38;2;24;74;61m██[38;2;24;74;61m██[38;2;24;74;61m██[38;2;24;74;61m██[38;2;24;74;61m██[38;2;0;0;0m██[38;2;24;74;61m██[38;2;24;74;61m██[38;2;24;74;61m██[38;2;0;0;0m██[38;2;41;131;102m██[38;2;41;131;102m██[38;2;41;131;102m██[38;2;41;131;102m██[38;2;41;131;102m██[38;2;41;131;102m██[38;2;41;131;102m██[38;2;41;131;102m██[38;2;24;74;61m██[38;2;41;131;102m██[38;2;41;131;102m██[38;2;41;131;102m██[38;2;41;131;102m██[38;2;24;74;61m██[38;2;41;131;102m██[38;2;41;131;102m██[38;2;41;131;102m██[38;2;0;0;0m██  [38;2;0;0;0m██[38;2;41;131;102m██[38;2;41;131;102m██[38;2;0;0;0m██                                                      
      [38;2;0;0;0m██[38;2;24;74;61m██[38;2;24;74;61m██[38;2;0;0;0m██[38;2;24;74;61m██[38;2;24;74;61m██[38;2;0;0;0m██[38;2;24;74;61m██[38;2;24;74;61m██[38;2;24;74;61m██[38;2;24;74;61m██[38;2;24;74;61m██[38;2;0;0;0m██[38;2;41;131;102m██[38;2;41;131;102m██[38;2;41;131;102m██[38;2;41;131;102m██[38;2;41;131;102m██[38;2;41;131;102m██[38;2;41;131;102m██[38;2;24;74;61m██[38;2;41;131;102m██[38;2;41;131;102m██[38;2;41;131;102m██[38;2;41;131;102m██[38;2;24;74;61m██[38;2;0;0;0m██[38;2;41;131;102m██[38;2;41;131;102m██[38;2;41;131;102m██[38;2;0;0;0m██  [38;2;0;0;0m██[38;2;0;0;0m██                                                        
    [38;2;0;0;0m██[38;2;24;74;61m██[38;2;24;74;61m██[38;2;24;74;61m██[38;2;0;0;0m██[38;2;24;74;61m██[38;2;24;74;61m██[38;2;0;0;0m██[38;2;24;74;61m██[38;2;24;74;61m██[38;2;0;0;0m██[38;2;24;74;61m██[38;2;0;0;0m██[38;2;0;0;0m██[38;2;41;131;102m██[38;2;41;131;102m██[38;2;41;131;102m██[38;2;41;131;102m██[38;2;24;74;61m██[38;2;41;131;102m██[38;2;41;131;102m██[38;2;41;131;102m██[38;2;0;0;0m██[38;2;41;131;102m██[38;2;41;131;102m██[38;2;41;131;102m██[38;2;41;131;102m██[38;2;0;0;0m██[38;2;41;131;102m██[38;2;41;131;102m██[38;2;41;131;102m██[38;2;0;0;0m██                                                              
  [38;2;0;0;0m██[38;2;24;74;61m██[38;2;24;74;61m██[38;2;24;74;61m██[38;2;0;0;0m██[38;2;24;74;61m██[38;2;24;74;61m██[38;2;0;0;0m██[38;2;24;74;61m██[38;2;24;74;61m██[38;2;24;74;61m██[38;2;0;0;0m██[38;2;0;0;0m██    [38;2;0;0;0m██[38;2;41;131;102m██[38;2;41;131;102m██[38;2;41;131;102m██[38;2;24;74;61m██[38;2;41;131;102m██[38;2;41;131;102m██[38;2;41;131;102m██[38;2;0;0;0m██[38;2;0;0;0m██[38;2;41;131;102m██[38;2;41;131;102m██[38;2;41;131;102m██[38;2;41;131;102m██[38;2;0;0;0m██[38;2;41;131;102m██[38;2;41;131;102m██[38;2;0;0;0m██                                                              
  [38;2;0;0;0m██[38;2;24;74;61m██[38;2;24;74;61m██[38;2;24;74;61m██[38;2;0;0;0m██[38;2;24;74;61m██[38;2;24;74;61m██[38;2;0;0;0m██[38;2;24;74;61m██[38;2;24;74;61m██[38;2;0;0;0m██          [38;2;0;0;0m██[38;2;41;131;102m██[38;2;41;131;102m██[38;2;41;131;102m██[38;2;24;74;61m██[38;2;41;131;102m██[38;2;41;131;102m██[38;2;41;131;102m██[38;2;0;0;0m██[38;2;0;0;0m██[38;2;41;131;102m██[38;2;41;131;102m██[38;2;41;131;102m██[38;2;0;0;0m██[38;2;0;0;0m██[38;2;0;0;0m██                                                                
[38;2;0;0;0m██[38;2;24;74;61m██[38;2;24;74;61m██[38;2;24;74;61m██[38;2;0;0;0m██[38;2;24;74;61m██[38;2;24;74;61m██[38;2;0;0;0m██  [38;2;0;0;0m██[38;2;0;0;0m██            [38;2;0;0;0m██[38;2;41;131;102m██[38;2;41;131;102m██[38;2;41;131;102m██[38;2;0;0;0m██[38;2;41;131;102m██[38;2;41;131;102m██[38;2;41;131;102m██[38;2;0;0;0m██  [38;2;0;0;0m██[38;2;0;0;0m██[38;2;0;0;0m██                                                                      
[38;2;0;0;0m██[38;2;24;74;61m██[38;2;24;74;61m██[38;2;24;74;61m██[38;2;0;0;0m██[38;2;0;0;0m██[38;2;0;0;0m██                      [38;2;0;0;0m██[38;2;41;131;102m██[38;2;41;131;102m██[38;2;41;131;102m██[38;2;0;0;0m██[38;2;41;131;102m██[38;2;41;131;102m██[38;2;0;0;0m██                                                                              
  [38;2;0;0;0m██[38;2;0;0;0m██[38;2;0;0;0m██                              [38;2;0;0;0m██[38;2;41;131;102m██[38;2;41;131;102m██[38;2;0;0;0m██[38;2;0;0;0m██[38;2;0;0;0m██                                                                                
                                        [38;2;0;0;0m██[38;2;0;0;0m██                                                                                      
