      [38;2;172;139;0m██[38;2;172;139;0m██[38;2;172;139;0m██                                      
      [38;2;0;0;0m██[38;2;246;222;106m██[38;2;246;222;106m██[38;2;172;139;0m██[38;2;172;139;0m██          [38;2;0;0;0m██[38;2;172;139;0m██                    
      [38;2;0;0;0m██[38;2;238;189;49m██[38;2;238;189;49m██[38;2;246;222;106m██[38;2;246;222;106m██[38;2;172;139;0m██      [38;2;0;0;0m██[38;2;246;222;106m██[38;2;172;139;0m██                    
      [38;2;0;0;0m██[38;2;238;189;49m██[38;2;238;189;49m██[38;2;238;189;49m██[38;2;238;189;49m██[38;2;246;222;106m██[38;2;172;139;0m██    [38;2;0;0;0m██[38;2;246;222;106m██[38;2;246;222;106m██[38;2;172;139;0m██                  
      [38;2;0;0;0m██[38;2;238;189;49m██[38;2;238;189;49m██[38;2;238;189;49m██[38;2;238;189;49m██[38;2;238;189;49m██[38;2;246;222;106m██[38;2;172;139;0m██[38;2;0;0;0m██[38;2;238;189;49m██[38;2;238;189;49m██[38;2;246;222;106m██[38;2;0;0;0m██                  
      [38;2;123;74;24m██[38;2;123;74;24m██[38;2;238;189;49m██[38;2;238;189;49m██[38;2;238;189;49m██[38;2;238;189;49m██[38;2;238;189;49m██[38;2;246;222;106m██[38;2;0;0;0m██[38;2;238;189;49m██[38;2;238;189;49m██[38;2;246;222;106m██[38;2;0;0;0m██                  
        [38;2;0;0;0m██[38;2;238;189;49m██[38;2;238;189;49m██[38;2;238;189;49m██[38;2;238;189;49m██[38;2;238;189;49m██[38;2;238;189;49m██[38;2;0;0;0m██[38;2;238;189;49m██[38;2;238;189;49m██[38;2;238;189;49m██[38;2;0;0;0m██                  
[38;2;123;74;24m██[38;2;123;74;24m██[38;2;123;74;24m██  [38;2;0;0;0m██[38;2;172;139;0m██[38;2;238;189;49m██[38;2;238;189;49m██[38;2;238;189;49m██[38;2;238;189;49m██[38;2;238;189;49m██[38;2;172;139;0m██[38;2;238;189;49m██[38;2;238;189;49m██[38;2;238;189;49m██[38;2;0;0;0m██                  
[38;2;0;0;0m██[38;2;238;189;49m██[38;2;238;189;49m██[38;2;123;74;24m██[38;2;123;74;24m██[38;2;0;0;0m██[38;2;238;189;49m██[38;2;172;65;16m██[38;2;172;65;16m██[38;2;238;189;49m██[38;2;238;189;49m██[38;2;238;189;49m██[38;2;238;189;49m██[38;2;238;189;49m██[38;2;238;189;49m██[38;2;0;0;0m██                  
[38;2;0;0;0m██[38;2;238;189;49m██[38;2;238;189;49m██[38;2;238;189;49m██[38;2;238;189;49m██[38;2;123;74;24m██[38;2;0;0;0m██[38;2;172;65;16m██[38;2;230;90;32m██[38;2;172;65;16m██[38;2;238;189;49m██[38;2;172;65;16m██[38;2;238;189;49m██[38;2;238;189;49m██[38;2;172;139;0m██[38;2;0;0;0m██                  
  [38;2;0;0;0m██[38;2;238;189;49m██[38;2;238;189;49m██[38;2;238;189;49m██[38;2;238;189;49m██[38;2;238;189;49m██[38;2;172;65;16m██[38;2;230;90;32m██[38;2;230;90;32m██[38;2;172;65;16m██[38;2;230;90;32m██[38;2;172;65;16m██[38;2;238;189;49m██[38;2;0;0;0m██                    
    [38;2;0;0;0m██[38;2;238;189;49m██[38;2;238;189;49m██[38;2;238;189;49m██[38;2;172;65;16m██[38;2;230;90;32m██[38;2;230;90;32m██[38;2;230;90;32m██[38;2;230;90;32m██[38;2;230;90;32m██[38;2;172;65;16m██[38;2;238;189;49m██[38;2;0;0;0m██[38;2;172;65;16m██                  
      [38;2;0;0;0m██[38;2;0;0;0m██[38;2;238;189;49m██[38;2;238;189;49m██[38;2;172;65;16m██[38;2;172;65;16m██[38;2;230;90;32m██[38;2;230;90;32m██[38;2;230;90;32m██[38;2;230;90;32m██[38;2;0;0;0m██[38;2;230;90;32m██[38;2;230;90;32m██[38;2;172;65;16m██[38;2;172;65;16m██              
          [38;2;0;0;0m██[38;2;172;65;16m██[38;2;230;90;32m██[38;2;230;90;32m██[38;2;230;90;32m██[38;2;230;90;32m██[38;2;230;90;32m██[38;2;230;90;32m██[38;2;255;139;49m██[38;2;255;139;49m██[38;2;255;139;49m██[38;2;255;139;49m██[38;2;255;139;49m██[38;2;172;65;16m██[38;2;172;65;16m██          
          [38;2;172;65;16m██[38;2;230;90;32m██[38;2;230;90;32m██[38;2;230;90;32m██[38;2;230;90;32m██[38;2;230;90;32m██[38;2;230;90;32m██[38;2;230;90;32m██[38;2;230;90;32m██[38;2;230;90;32m██[38;2;230;90;32m██[38;2;255;139;49m██[38;2;255;139;49m██[38;2;255;139;49m██[38;2;255;139;49m██[38;2;172;65;16m██        
        [38;2;172;65;16m██[38;2;230;90;32m██[38;2;230;90;32m██[38;2;230;90;32m██[38;2;230;90;32m██[38;2;230;90;32m██[38;2;230;90;32m██[38;2;230;90;32m██[38;2;230;90;32m██[38;2;230;90;32m██[38;2;230;90;32m██[38;2;230;90;32m██[38;2;230;90;32m██[38;2;230;90;32m██[38;2;255;139;49m██[38;2;255;139;49m██[38;2;255;139;49m██[38;2;172;65;16m██      
        [38;2;172;65;16m██[38;2;230;90;32m██[38;2;230;90;32m██[38;2;230;90;32m██[38;2;230;90;32m██[38;2;230;90;32m██[38;2;230;90;32m██[38;2;230;90;32m██[38;2;230;90;32m██[38;2;230;90;32m██[38;2;230;90;32m██[38;2;230;90;32m██[38;2;230;90;32m██[38;2;230;90;32m██[38;2;230;90;32m██[38;2;255;139;49m██[38;2;255;139;49m██[38;2;255;139;49m██[38;2;172;65;16m██    
      [38;2;172;65;16m██[38;2;230;90;32m██[38;2;230;90;32m██[38;2;230;90;32m██[38;2;230;90;32m██[38;2;230;90;32m██[38;2;230;90;32m██[38;2;230;90;32m██[38;2;230;90;32m██[38;2;230;90;32m██[38;2;230;90;32m██[38;2;230;90;32m██[38;2;230;90;32m██[38;2;230;90;32m██[38;2;230;90;32m██[38;2;230;90;32m██[38;2;230;90;32m██[38;2;230;90;32m██[38;2;255;139;49m██[38;2;172;65;16m██    
      [38;2;172;65;16m██[38;2;230;90;32m██[38;2;230;90;32m██[38;2;230;90;32m██[38;2;230;90;32m██[38;2;230;90;32m██[38;2;230;90;32m██[38;2;230;90;32m██[38;2;230;90;32m██[38;2;230;90;32m██[38;2;230;90;32m██[38;2;230;90;32m██[38;2;230;90;32m██[38;2;230;90;32m██[38;2;230;90;32m██[38;2;230;90;32m██[38;2;230;90;32m██[38;2;230;90;32m██[38;2;230;90;32m██[38;2;123;74;24m██[38;2;172;65;16m██  
      [38;2;172;65;16m██[38;2;230;90;32m██[38;2;230;90;32m██[38;2;230;90;32m██[38;2;230;90;32m██[38;2;230;90;32m██[38;2;230;90;32m██[38;2;230;90;32m██[38;2;230;90;32m██[38;2;230;90;32m██[38;2;230;90;32m██[38;2;230;90;32m██[38;2;230;90;32m██[38;2;230;90;32m██[38;2;230;90;32m██[38;2;230;90;32m██[38;2;230;90;32m██[38;2;230;90;32m██[38;2;172;65;16m██[38;2;255;255;255m██[38;2;0;0;0m██  
      [38;2;172;65;16m██[38;2;230;90;32m██[38;2;230;90;32m██[38;2;230;90;32m██[38;2;230;90;32m██[38;2;230;90;32m██[38;2;230;90;32m██[38;2;230;90;32m██[38;2;230;90;32m██[38;2;230;90;32m██[38;2;230;90;32m██[38;2;230;90;32m██[38;2;230;90;32m██[38;2;230;90;32m██[38;2;230;90;32m██[38;2;230;90;32m██[38;2;230;90;32m██[38;2;230;90;32m██[38;2;172;65;16m██[38;2;255;255;255m██[38;2;0;0;0m██  
      [38;2;0;0;0m██[38;2;230;90;32m██[38;2;230;90;32m██[38;2;230;90;32m██[38;2;230;90;32m██[38;2;230;90;32m██[38;2;230;90;32m██[38;2;230;90;32m██[38;2;230;90;32m██[38;2;230;90;32m██[38;2;230;90;32m██[38;2;230;90;32m██[38;2;230;90;32m██[38;2;230;90;32m██[38;2;230;90;32m██[38;2;230;90;32m██[38;2;230;90;32m██[38;2;230;90;32m██[38;2;172;65;16m██[38;2;0;0;0m██[38;2;123;74;24m██[38;2;172;139;0m██
      [38;2;0;0;0m██[38;2;230;90;32m██[38;2;230;90;32m██[38;2;230;90;32m██[38;2;230;90;32m██[38;2;230;90;32m██[38;2;230;90;32m██[38;2;230;90;32m██[38;2;230;90;32m██[38;2;230;90;32m██[38;2;230;90;32m██[38;2;230;90;32m██[38;2;230;90;32m██[38;2;230;90;32m██[38;2;230;90;32m██[38;2;230;90;32m██[38;2;230;90;32m██[38;2;230;90;32m██[38;2;230;90;32m██[38;2;0;0;0m██[38;2;238;189;49m██[38;2;172;139;0m██
        [38;2;0;0;0m██[38;2;230;90;32m██[38;2;230;90;32m██[38;2;230;90;32m██[38;2;230;90;32m██[38;2;230;90;32m██[38;2;230;90;32m██[38;2;230;90;32m██[38;2;230;90;32m██[38;2;230;90;32m██[38;2;230;90;32m██[38;2;230;90;32m██[38;2;230;90;32m██[38;2;230;90;32m██[38;2;230;90;32m██[38;2;230;90;32m██[38;2;230;90;32m██[38;2;230;90;32m██[38;2;123;74;24m██[38;2;238;189;49m██[38;2;123;74;24m██
        [38;2;0;0;0m██[38;2;230;90;32m██[38;2;230;90;32m██[38;2;230;90;32m██[38;2;230;90;32m██[38;2;230;90;32m██[38;2;230;90;32m██[38;2;230;90;32m██[38;2;230;90;32m██[38;2;230;90;32m██[38;2;230;90;32m██[38;2;230;90;32m██[38;2;230;90;32m██[38;2;230;90;32m██[38;2;230;90;32m██[38;2;230;90;32m██[38;2;230;90;32m██[38;2;230;90;32m██[38;2;0;0;0m██[38;2;123;74;24m██  
          [38;2;0;0;0m██[38;2;230;90;32m██[38;2;230;90;32m██[38;2;230;90;32m██[38;2;230;90;32m██[38;2;230;90;32m██[38;2;230;90;32m██[38;2;230;90;32m██[38;2;230;90;32m██[38;2;230;90;32m██[38;2;230;90;32m██[38;2;230;90;32m██[38;2;230;90;32m██[38;2;230;90;32m██[38;2;230;90;32m██[38;2;230;90;32m██[38;2;0;0;0m██      
            [38;2;0;0;0m██[38;2;0;0;0m██[38;2;230;90;32m██[38;2;230;90;32m██[38;2;230;90;32m██[38;2;230;90;32m██[38;2;230;90;32m██[38;2;230;90;32m██[38;2;230;90;32m██[38;2;230;90;32m██[38;2;230;90;32m██[38;2;230;90;32m██[38;2;230;90;32m██[38;2;0;0;0m██[38;2;0;0;0m██        
                [38;2;0;0;0m██[38;2;0;0;0m██[38;2;172;65;16m██[38;2;172;65;16m██[38;2;230;90;32m██[38;2;230;90;32m██[38;2;230;90;32m██[38;2;230;90;32m██[38;2;172;65;16m██[38;2;0;0;0m██[38;2;0;0;0m██            
            [38;2;172;139;0m██[38;2;172;139;0m██[38;2;238;189;49m██[38;2;238;189;49m██[38;2;238;189;49m██[38;2;238;189;49m██[38;2;238;189;49m██[38;2;238;189;49m██[38;2;238;189;49m██[38;2;238;189;49m██[38;2;246;222;106m██[38;2;246;222;106m██[38;2;172;139;0m██[38;2;172;139;0m██[38;2;172;139;0m██        
          [38;2;172;139;0m██[38;2;238;189;49m██[38;2;238;189;49m██[38;2;238;189;49m██[38;2;238;189;49m██[38;2;238;189;49m██[38;2;238;189;49m██[38;2;238;189;49m██[38;2;238;189;49m██[38;2;238;189;49m██[38;2;238;189;49m██[38;2;238;189;49m██[38;2;246;222;106m██[38;2;246;222;106m██[38;2;246;222;106m██[38;2;246;222;106m██[38;2;172;139;0m██      
            [38;2;0;0;0m██[38;2;172;139;0m██[38;2;172;139;0m██[38;2;238;189;49m██[38;2;238;189;49m██[38;2;238;189;49m██[38;2;238;189;49m██[38;2;238;189;49m██[38;2;238;189;49m██[38;2;238;189;49m██[38;2;238;189;49m██[38;2;246;222;106m██[38;2;246;222;106m██[38;2;246;222;106m██[38;2;172;139;0m██        
          [38;2;0;0;0m██[38;2;230;90;32m██[38;2;230;90;32m██[38;2;172;139;0m██[38;2;238;189;49m██[38;2;172;139;0m██[38;2;238;189;49m██[38;2;172;139;0m██[38;2;238;189;49m██[38;2;238;189;49m██[38;2;238;189;49m██[38;2;172;139;0m██[38;2;238;189;49m██[38;2;172;139;0m██[38;2;246;222;106m██[38;2;238;189;49m██        
          [38;2;0;0;0m██[38;2;230;90;32m██[38;2;230;90;32m██[38;2;230;90;32m██[38;2;230;90;32m██[38;2;230;90;32m██[38;2;172;139;0m██[38;2;230;90;32m██[38;2;172;139;0m██[38;2;172;139;0m██[38;2;238;189;49m██[38;2;172;139;0m██[38;2;172;139;0m██[38;2;255;139;49m██[38;2;172;139;0m██[38;2;172;139;0m██        
            [38;2;0;0;0m██[38;2;230;90;32m██[38;2;172;65;16m██[38;2;230;90;32m██[38;2;230;90;32m██[38;2;230;90;32m██[38;2;230;90;32m██[38;2;230;90;32m██[38;2;172;139;0m██[38;2;172;139;0m██[38;2;172;139;0m██[38;2;255;139;49m██[38;2;255;139;49m██[38;2;255;139;49m██[38;2;0;0;0m██        
              [38;2;0;0;0m██[38;2;230;90;32m██[38;2;230;90;32m██[38;2;230;90;32m██[38;2;230;90;32m██[38;2;230;90;32m██[38;2;230;90;32m██[38;2;230;90;32m██[38;2;230;90;32m██[38;2;230;90;32m██[38;2;255;139;49m██[38;2;255;139;49m██[38;2;172;65;16m██          
                [38;2;0;0;0m██[38;2;0;0;0m██[38;2;230;90;32m██[38;2;230;90;32m██[38;2;230;90;32m██[38;2;230;90;32m██[38;2;230;90;32m██[38;2;230;90;32m██[38;2;255;139;49m██[38;2;0;0;0m██[38;2;0;0;0m██            
                [38;2;0;0;0m██[38;2;172;139;0m██[38;2;123;74;24m██[38;2;0;0;0m██[38;2;0;0;0m██[38;2;0;0;0m██[38;2;0;0;0m██[38;2;0;0;0m██[38;2;0;0;0m██                
                  [38;2;0;0;0m██[38;2;172;139;0m██[38;2;172;139;0m██[38;2;0;0;0m██[38;2;172;139;0m██[38;2;172;139;0m██[38;2;123;74;24m██                  
                [38;2;123;74;24m██[38;2;0;0;0m██[38;2;172;139;0m██[38;2;172;139;0m██[38;2;172;139;0m██[38;2;0;0;0m██[38;2;172;139;0m██[38;2;238;189;49m██[38;2;123;74;24m██[38;2;123;74;24m██[38;2;123;74;24m██            
              [38;2;123;74;24m██[38;2;172;139;0m██[38;2;172;139;0m██[38;2;172;139;0m██[38;2;172;139;0m██[38;2;0;0;0m██[38;2;0;0;0m██[38;2;172;139;0m██[38;2;172;139;0m██[38;2;238;189;49m██[38;2;246;222;106m██[38;2;246;222;106m██[38;2;0;0;0m██          
              [38;2;0;0;0m██[38;2;0;0;0m██[38;2;0;0;0m██[38;2;123;74;24m██[38;2;0;0;0m██[38;2;172;139;0m██[38;2;172;139;0m██[38;2;123;74;24m██[38;2;0;0;0m██[38;2;0;0;0m██[38;2;0;0;0m██[38;2;238;189;49m██[38;2;0;0;0m██          
                      [38;2;0;0;0m██[38;2;0;0;0m██[38;2;0;0;0m██[38;2;0;0;0m██      [38;2;0;0;0m██            
