                                                                      [38;2;48;30;137m██                                                                          
                                                                    [38;2;48;30;137m██[38;2;130;117;198m██[38;2;48;30;137m██                                                                        
                                                                    [38;2;48;30;137m██[38;2;130;117;198m██[38;2;130;117;198m██[38;2;48;30;137m██                [38;2;48;30;137m██                                                    
                                                                    [38;2;48;30;137m██[38;2;82;69;160m██[38;2;130;117;198m██[38;2;130;117;198m██[38;2;48;30;137m██            [38;2;48;30;137m██[38;2;130;117;198m██[38;2;48;30;137m██                                                  
                                                                  [38;2;48;30;137m██[38;2;130;117;198m██[38;2;130;117;198m██[38;2;82;69;160m██[38;2;130;117;198m██[38;2;139;161;198m██[38;2;62;97;135m██          [38;2;48;30;137m██[38;2;130;117;198m██[38;2;48;30;137m██                                                  
                                                                  [38;2;48;30;137m██[38;2;82;69;160m██[38;2;130;117;198m██[38;2;130;117;198m██[38;2;82;69;160m██[38;2;139;161;198m██[38;2;139;161;198m██[38;2;62;97;135m██      [38;2;48;30;137m██[38;2;82;69;160m██[38;2;130;117;198m██[38;2;130;117;198m██[38;2;82;69;160m██                                                
                                                                  [38;2;48;30;137m██[38;2;130;117;198m██[38;2;82;69;160m██[38;2;130;117;198m██[38;2;130;117;198m██[38;2;62;97;135m██[38;2;139;161;198m██[38;2;139;161;198m██[38;2;62;97;135m██    [38;2;48;30;137m██[38;2;82;69;160m██[38;2;130;117;198m██[38;2;130;117;198m██[38;2;82;69;160m██                                                
                                                              [38;2;0;0;255m██[38;2;0;0;255m██[38;2;48;30;137m██[38;2;130;117;198m██[38;2;130;117;198m██[38;2;82;69;160m██[38;2;139;161;198m██[38;2;139;161;198m██[38;2;62;97;135m██[38;2;139;161;198m██[38;2;161;196;179m██[38;2;63;119;91m██  [38;2;48;30;137m██[38;2;130;117;198m██[38;2;82;69;160m██[38;2;130;117;198m██[38;2;82;69;160m██                                                
                                                                [38;2;0;0;255m██[38;2;0;0;255m██[38;2;82;69;160m██[38;2;130;117;198m██[38;2;130;117;198m██[38;2;62;97;135m██[38;2;139;161;198m██[38;2;139;161;198m██[38;2;161;196;179m██[38;2;161;196;179m██[38;2;161;196;179m██[38;2;48;30;137m██[38;2;82;69;160m██[38;2;130;117;198m██[38;2;82;69;160m██[38;2;130;117;198m██[38;2;139;161;198m██[38;2;62;97;135m██                                              
                                                                [38;2;0;0;255m██[38;2;66;122;255m██[38;2;0;0;255m██[38;2;0;0;255m██[38;2;139;161;198m██[38;2;139;161;198m██[38;2;62;97;135m██[38;2;139;161;198m██[38;2;161;196;179m██[38;2;161;196;179m██[38;2;212;219;179m██[38;2;48;30;137m██[38;2;82;69;160m██[38;2;130;117;198m██[38;2;130;117;198m██[38;2;82;69;160m██[38;2;139;161;198m██[38;2;62;97;135m██                                              
                                                                  [38;2;0;0;255m██[38;2;66;122;255m██[38;2;66;122;255m██[38;2;0;0;255m██[38;2;139;161;198m██[38;2;139;161;198m██[38;2;62;97;135m██[38;2;161;196;179m██[38;2;161;196;179m██[38;2;48;30;137m██[38;2;130;117;198m██[38;2;130;117;198m██[38;2;82;69;160m██[38;2;130;117;198m██[38;2;82;69;160m██[38;2;139;161;198m██[38;2;62;97;135m██                                              
                                                                  [38;2;0;0;255m██[38;2;66;122;255m██[38;2;66;122;255m██[38;2;66;122;255m██[38;2;0;0;255m██[38;2;139;161;198m██[38;2;161;196;179m██[38;2;161;196;179m██[38;2;212;219;179m██[38;2;48;30;137m██[38;2;82;69;160m██[38;2;130;117;198m██[38;2;82;69;160m██[38;2;139;161;198m██[38;2;139;161;198m██[38;2;139;161;198m██[38;2;62;97;135m██[38;2;61;53;53m██                                            
            [38;2;0;0;255m██[38;2;0;0;255m██[38;2;0;0;255m██[38;2;0;0;255m██                                                [38;2;0;0;255m██[38;2;66;122;255m██[38;2;66;122;255m██[38;2;66;122;255m██[38;2;0;0;255m██[38;2;161;196;179m██[38;2;161;196;179m██[38;2;25;16;73m██[38;2;96;81;173m██[38;2;82;69;160m██[38;2;130;117;198m██[38;2;139;161;198m██[38;2;62;97;135m██[38;2;139;161;198m██[38;2;139;161;198m██[38;2;63;119;91m██[38;2;114;102;105m██[38;2;61;53;53m██                                          
            [38;2;0;0;255m██[38;2;66;122;255m██[38;2;66;122;255m██[38;2;66;122;255m██[38;2;0;0;255m██                                              [38;2;0;0;255m██[38;2;66;122;255m██[38;2;66;122;255m██[38;2;66;122;255m██[38;2;66;122;255m██[38;2;0;0;255m██[38;2;212;219;179m██[38;2;25;16;73m██[38;2;96;81;173m██[38;2;82;69;160m██[38;2;139;161;198m██[38;2;139;161;198m██[38;2;62;97;135m██[38;2;139;161;198m██[38;2;161;196;179m██[38;2;161;196;179m██[38;2;54;96;76m██[38;2;114;102;105m██[38;2;61;53;53m██                                        
              [38;2;0;0;255m██[38;2;66;122;255m██[38;2;66;122;255m██[38;2;66;122;255m██[38;2;0;0;255m██[38;2;0;0;255m██                                          [38;2;0;0;255m██[38;2;66;122;255m██[38;2;66;122;255m██[38;2;66;122;255m██[38;2;66;122;255m██[38;2;66;122;255m██[38;2;0;0;255m██[38;2;25;16;73m██[38;2;96;81;173m██[38;2;85;112;160m██[38;2;62;97;135m██[38;2;139;161;198m██[38;2;139;161;198m██[38;2;63;119;91m██[38;2;161;196;179m██[38;2;161;196;179m██[38;2;54;96;76m██[38;2;114;102;105m██[38;2;61;53;53m██                                        
                [38;2;0;0;255m██[38;2;66;122;255m██[38;2;66;122;255m██[38;2;66;122;255m██[38;2;66;122;255m██[38;2;0;0;255m██                                          [38;2;0;0;255m██[38;2;66;122;255m██[38;2;66;122;255m██[38;2;66;122;255m██[38;2;66;122;255m██[38;2;0;0;255m██[38;2;25;16;73m██[38;2;96;81;173m██[38;2;85;112;160m██[38;2;62;97;135m██[38;2;139;161;198m██[38;2;161;196;179m██[38;2;63;119;91m██[38;2;161;196;179m██[38;2;161;196;179m██[38;2;54;96;76m██[38;2;114;102;105m██[38;2;114;102;105m██[38;2;61;53;53m██                                      
                  [38;2;0;0;255m██[38;2;66;122;255m██[38;2;66;122;255m██[38;2;66;122;255m██[38;2;66;122;255m██[38;2;0;0;255m██                                          [38;2;0;0;255m██[38;2;66;122;255m██[38;2;66;122;255m██[38;2;66;122;255m██[38;2;66;122;255m██[38;2;0;0;255m██[38;2;85;112;160m██[38;2;85;112;160m██[38;2;85;112;160m██[38;2;63;119;91m██[38;2;161;196;179m██[38;2;161;196;179m██[38;2;161;196;179m██[38;2;161;196;179m██[38;2;54;96;76m██[38;2;87;81;83m██[38;2;114;102;105m██[38;2;61;53;53m██                                      
                    [38;2;0;0;255m██[38;2;66;122;255m██[38;2;66;122;255m██[38;2;66;122;255m██[38;2;0;0;255m██                                          [38;2;0;0;255m██[38;2;66;122;255m██[38;2;66;122;255m██[38;2;66;122;255m██[38;2;66;122;255m██[38;2;0;0;255m██[38;2;32;42;61m██[38;2;85;112;160m██[38;2;88;158;124m██[38;2;63;119;91m██[38;2;88;158;124m██[38;2;161;196;179m██[38;2;161;196;179m██[38;2;212;219;179m██[38;2;212;219;179m██[38;2;127;137;71m██[38;2;87;81;83m██[38;2;114;102;105m██[38;2;61;53;53m██                                    
                      [38;2;0;0;255m██[38;2;66;122;255m██[38;2;66;122;255m██[38;2;66;122;255m██[38;2;0;0;255m██                                          [38;2;0;0;255m██[38;2;66;122;255m██[38;2;66;122;255m██[38;2;66;122;255m██[38;2;66;122;255m██[38;2;0;0;255m██[38;2;88;158;124m██[38;2;88;158;124m██[38;2;88;158;124m██[38;2;88;158;124m██[38;2;212;219;179m██[38;2;212;219;179m██[38;2;212;219;179m██[38;2;212;219;179m██[38;2;127;137;71m██[38;2;87;81;83m██[38;2;114;102;105m██[38;2;61;53;53m██                                    
                        [38;2;0;0;255m██[38;2;66;122;255m██[38;2;66;122;255m██[38;2;66;122;255m██[38;2;0;0;255m██[38;2;0;0;255m██                                      [38;2;0;0;255m██[38;2;66;122;255m██[38;2;66;122;255m██[38;2;66;122;255m██[38;2;66;122;255m██[38;2;66;122;255m██[38;2;0;0;255m██[38;2;0;0;255m██[38;2;88;158;124m██[38;2;178;188;124m██[38;2;178;188;124m██[38;2;212;219;179m██[38;2;61;53;53m██[38;2;248;244;214m██[38;2;127;137;71m██[38;2;87;81;83m██[38;2;87;81;83m██[38;2;16;16;16m██                                    
                        [38;2;0;0;255m██[38;2;66;122;255m██[38;2;66;122;255m██[38;2;66;122;255m██[38;2;66;122;255m██[38;2;66;122;255m██[38;2;0;0;255m██                                      [38;2;0;0;255m██[38;2;66;122;255m██[38;2;66;122;255m██[38;2;66;122;255m██[38;2;66;122;255m██[38;2;66;122;255m██[38;2;66;122;255m██[38;2;0;0;255m██[38;2;178;188;124m██[38;2;178;188;124m██[38;2;61;53;53m██[38;2;114;102;105m██[38;2;61;53;53m██[38;2;222;222;180m██[38;2;130;104;61m██[38;2;87;81;83m██[38;2;16;16;16m██                                    
                          [38;2;0;0;255m██[38;2;66;122;255m██[38;2;66;122;255m██[38;2;66;122;255m██[38;2;66;122;255m██[38;2;66;122;255m██[38;2;0;0;255m██                                      [38;2;0;0;255m██[38;2;66;122;255m██[38;2;135;205;255m██[38;2;66;122;255m██[38;2;66;122;255m██[38;2;66;122;255m██[38;2;66;122;255m██[38;2;0;0;255m██[38;2;178;188;124m██[38;2;61;53;53m██[38;2;114;102;105m██[38;2;255;213;106m██[38;2;61;53;53m██[38;2;130;104;61m██[38;2;16;16;16m██                                      
                          [38;2;0;0;255m██[38;2;66;122;255m██[38;2;66;122;255m██[38;2;66;122;255m██[38;2;66;122;255m██[38;2;66;122;255m██[38;2;66;122;255m██[38;2;0;0;255m██                                      [38;2;0;0;255m██[38;2;66;122;255m██[38;2;135;205;255m██[38;2;135;205;255m██[38;2;135;205;255m██[38;2;66;122;255m██[38;2;0;0;255m██[38;2;240;222;156m██[38;2;61;53;53m██[38;2;114;102;105m██[38;2;255;213;106m██[38;2;247;247;247m██[38;2;61;53;53m██                                        
                          [38;2;0;0;255m██[38;2;66;122;255m██[38;2;66;122;255m██[38;2;66;122;255m██[38;2;66;122;255m██[38;2;66;122;255m██[38;2;66;122;255m██[38;2;66;122;255m██[38;2;0;0;255m██                                  [38;2;127;137;71m██[38;2;0;0;255m██[38;2;66;122;255m██[38;2;66;122;255m██[38;2;66;122;255m██[38;2;135;205;255m██[38;2;135;205;255m██[38;2;135;205;255m██[38;2;0;0;255m██[38;2;189;180;148m██[38;2;61;53;53m██[38;2;135;205;255m██[38;2;66;122;255m██[38;2;61;53;53m██                                        
                            [38;2;0;0;255m██[38;2;66;122;255m██[38;2;66;122;255m██[38;2;66;122;255m██[38;2;66;122;255m██[38;2;66;122;255m██[38;2;66;122;255m██[38;2;66;122;255m██[38;2;0;0;255m██                              [38;2;127;137;71m██[38;2;178;188;124m██[38;2;240;222;156m██[38;2;0;0;255m██[38;2;66;122;255m██[38;2;66;122;255m██[38;2;66;122;255m██[38;2;135;205;255m██[38;2;135;205;255m██[38;2;0;0;255m██[38;2;189;180;148m██[38;2;61;53;53m██[38;2;114;102;105m██[38;2;114;102;105m██[38;2;61;53;53m██                                        
                              [38;2;0;0;255m██[38;2;0;0;255m██[38;2;66;122;255m██[38;2;66;122;255m██[38;2;66;122;255m██[38;2;135;205;255m██[38;2;66;122;255m██[38;2;0;0;255m██                            [38;2;54;96;76m██[38;2;178;188;124m██[38;2;178;188;124m██[38;2;178;188;124m██[38;2;240;222;156m██[38;2;0;0;255m██[38;2;0;0;255m██[38;2;66;122;255m██[38;2;66;122;255m██[38;2;135;205;255m██[38;2;0;0;255m██[38;2;0;0;255m██[38;2;0;0;255m██[38;2;0;0;255m██[38;2;61;53;53m██                                          
                                  [38;2;0;0;255m██[38;2;66;122;255m██[38;2;66;122;255m██[38;2;66;122;255m██[38;2;135;205;255m██[38;2;66;122;255m██[38;2;0;0;255m██[38;2;0;0;255m██[38;2;0;0;255m██                  [38;2;54;96;76m██[38;2;54;96;76m██[38;2;88;158;124m██[38;2;178;188;124m██[38;2;178;188;124m██[38;2;240;222;156m██[38;2;240;222;156m██[38;2;240;222;156m██[38;2;240;222;156m██[38;2;0;0;255m██[38;2;0;0;255m██[38;2;135;205;255m██[38;2;135;205;255m██[38;2;135;205;255m██[38;2;135;205;255m██[38;2;135;205;255m██[38;2;0;0;255m██[38;2;0;0;255m██[38;2;0;0;255m██[38;2;0;0;255m██                  [38;2;16;16;16m██[38;2;16;16;16m██              
                                    [38;2;0;0;255m██[38;2;66;122;255m██[38;2;66;122;255m██[38;2;135;205;255m██[38;2;135;205;255m██[38;2;135;205;255m██[38;2;135;205;255m██[38;2;135;205;255m██[38;2;0;0;255m██[38;2;0;0;255m██          [38;2;56;75;107m██[38;2;56;75;107m██[38;2;62;97;135m██[38;2;88;158;124m██[38;2;88;158;124m██[38;2;63;119;91m██[38;2;178;188;124m██[38;2;240;222;156m██[38;2;240;222;156m██[38;2;240;222;156m██[38;2;240;222;156m██[38;2;240;222;156m██[38;2;240;222;156m██[38;2;0;0;255m██[38;2;0;0;255m██[38;2;0;0;255m██[38;2;135;205;255m██[38;2;135;205;255m██[38;2;135;205;255m██[38;2;135;205;255m██[38;2;135;205;255m██[38;2;135;205;255m██[38;2;0;0;255m██[38;2;0;0;255m██            [38;2;48;77;96m██[38;2;184;216;216m██[38;2;184;216;216m██[38;2;16;16;16m██  [38;2;16;16;16m██[38;2;16;16;16m██      
                                      [38;2;0;0;255m██[38;2;66;122;255m██[38;2;66;122;255m██[38;2;135;205;255m██[38;2;135;205;255m██[38;2;135;205;255m██[38;2;135;205;255m██[38;2;135;205;255m██[38;2;135;205;255m██[38;2;0;0;255m██    [38;2;48;30;137m██[38;2;48;30;137m██[38;2;82;69;160m██[38;2;82;69;160m██[38;2;85;112;160m██[38;2;88;158;124m██[38;2;63;119;91m██[38;2;240;222;156m██[38;2;240;222;156m██[38;2;240;222;156m██[38;2;240;222;156m██[38;2;240;222;156m██[38;2;240;222;156m██[38;2;240;222;156m██[38;2;178;188;124m██[38;2;178;188;124m██[38;2;57;36;21m██[38;2;57;36;21m██[38;2;0;0;255m██[38;2;0;0;255m██[38;2;135;205;255m██[38;2;135;205;255m██[38;2;135;205;255m██[38;2;135;205;255m██[38;2;135;205;255m██[38;2;135;205;255m██[38;2;0;0;255m██          [38;2;48;77;96m██[38;2;184;216;216m██[38;2;184;216;216m██[38;2;16;16;16m██[38;2;16;16;16m██[38;2;184;216;216m██[38;2;126;159;181m██[38;2;16;16;16m██    
                                      [38;2;0;0;255m██[38;2;66;122;255m██[38;2;66;122;255m██[38;2;135;205;255m██[38;2;135;205;255m██[38;2;135;205;255m██[38;2;135;205;255m██[38;2;135;205;255m██[38;2;135;205;255m██[38;2;0;0;255m██  [38;2;48;30;137m██[38;2;82;69;160m██[38;2;82;69;160m██[38;2;82;69;160m██[38;2;62;97;135m██[38;2;62;97;135m██[38;2;62;97;135m██[38;2;240;222;156m██[38;2;240;222;156m██[38;2;240;222;156m██[38;2;240;222;156m██[38;2;240;222;156m██[38;2;240;222;156m██[38;2;240;222;156m██[38;2;178;188;124m██[38;2;88;158;124m██[38;2;88;158;124m██[38;2;212;219;179m██[38;2;248;244;214m██[38;2;248;244;214m██[38;2;57;36;21m██[38;2;0;0;255m██[38;2;0;0;255m██[38;2;135;205;255m██[38;2;135;205;255m██[38;2;135;205;255m██[38;2;135;205;255m██[38;2;0;0;255m██          [38;2;48;77;96m██[38;2;184;216;216m██[38;2;184;216;216m██[38;2;16;16;16m██[38;2;184;216;216m██[38;2;184;216;216m██[38;2;126;159;181m██[38;2;16;16;16m██    
                                        [38;2;0;0;255m██[38;2;0;0;255m██[38;2;135;205;255m██[38;2;135;205;255m██[38;2;135;205;255m██[38;2;135;205;255m██[38;2;135;205;255m██[38;2;135;205;255m██[38;2;135;205;255m██[38;2;0;0;255m██[38;2;48;30;137m██[38;2;25;16;73m██[38;2;25;16;73m██[38;2;25;16;73m██[38;2;48;30;137m██[38;2;56;75;107m██[38;2;240;222;156m██[38;2;183;158;113m██[38;2;240;222;156m██[38;2;240;222;156m██[38;2;240;222;156m██[38;2;178;188;124m██[38;2;240;222;156m██[38;2;240;222;156m██[38;2;178;188;124m██[38;2;62;97;135m██[38;2;85;112;160m██[38;2;116;96;82m██[38;2;248;244;214m██[38;2;57;36;21m██      [38;2;0;0;255m██[38;2;135;205;255m██[38;2;135;205;255m██[38;2;135;205;255m██[38;2;135;205;255m██[38;2;0;0;255m██      [38;2;48;77;96m██[38;2;184;216;216m██[38;2;184;216;216m██[38;2;184;216;216m██[38;2;184;216;216m██[38;2;184;216;216m██[38;2;126;159;181m██[38;2;126;159;181m██[38;2;16;16;16m██[38;2;16;16;16m██  
                                            [38;2;0;0;255m██[38;2;0;0;255m██[38;2;0;0;255m██[38;2;0;0;255m██[38;2;0;0;255m██[38;2;135;205;255m██[38;2;135;205;255m██[38;2;135;205;255m██[38;2;135;205;255m██[38;2;0;0;255m██[38;2;82;69;160m██[38;2;25;16;73m██[38;2;96;81;173m██[38;2;85;112;160m██[38;2;183;158;113m██[38;2;240;222;156m██[38;2;240;222;156m██[38;2;240;222;156m██[38;2;240;222;156m██[38;2;178;188;124m██[38;2;178;188;124m██[38;2;240;222;156m██[38;2;240;222;156m██[38;2;56;75;107m██[38;2;82;69;160m██[38;2;56;75;107m██[38;2;61;53;53m██[38;2;16;16;16m██        [38;2;0;0;255m██[38;2;135;205;255m██[38;2;135;205;255m██[38;2;135;205;255m██[38;2;135;205;255m██[38;2;0;0;255m██    [38;2;48;77;96m██[38;2;184;216;216m██[38;2;184;216;216m██[38;2;184;216;216m██[38;2;184;216;216m██[38;2;184;216;216m██[38;2;48;77;96m██[38;2;48;77;96m██[38;2;184;216;216m██[38;2;126;159;181m██[38;2;16;16;16m██
                                                      [38;2;0;0;255m██[38;2;0;0;255m██[38;2;135;205;255m██[38;2;135;205;255m██[38;2;135;205;255m██[38;2;48;30;137m██[38;2;82;69;160m██[38;2;62;97;135m██[38;2;85;112;160m██[38;2;150;160;94m██[38;2;240;222;156m██[38;2;240;222;156m██[38;2;240;222;156m██[38;2;240;222;156m██[38;2;178;188;124m██[38;2;88;158;124m██[38;2;62;97;135m██[38;2;48;30;137m██[38;2;114;102;105m██[38;2;48;30;137m██[38;2;48;30;137m██[38;2;114;102;105m██[38;2;61;53;53m██        [38;2;0;0;255m██[38;2;135;205;255m██[38;2;135;205;255m██[38;2;135;205;255m██[38;2;135;205;255m██[38;2;135;205;255m██[38;2;0;0;255m██[38;2;0;0;255m██[38;2;48;77;96m██[38;2;126;159;181m██[38;2;126;159;181m██[38;2;184;216;216m██[38;2;184;216;216m██[38;2;184;216;216m██[38;2;184;216;216m██[38;2;184;216;216m██[38;2;126;159;181m██[38;2;126;159;181m██[38;2;16;16;16m██
                                                          [38;2;0;0;255m██[38;2;0;0;255m██[38;2;135;205;255m██[38;2;61;53;53m██[38;2;25;16;73m██[38;2;25;16;73m██[38;2;127;137;71m██[38;2;178;188;124m██[38;2;240;222;156m██[38;2;240;222;156m██[38;2;240;222;156m██[38;2;240;222;156m██[38;2;240;222;156m██[38;2;88;158;124m██[38;2;85;112;160m██[38;2;82;69;160m██[38;2;48;30;137m██[38;2;114;102;105m██[38;2;114;102;105m██[38;2;114;102;105m██[38;2;114;102;105m██[38;2;61;53;53m██        [38;2;0;0;255m██[38;2;0;0;255m██[38;2;135;205;255m██[38;2;135;205;255m██[38;2;135;205;255m██[38;2;135;205;255m██[38;2;135;205;255m██[38;2;0;0;255m██[38;2;184;216;216m██[38;2;184;216;216m██[38;2;126;159;181m██[38;2;184;216;216m██[38;2;184;216;216m██[38;2;184;216;216m██[38;2;126;159;181m██[38;2;126;159;181m██[38;2;126;159;181m██[38;2;16;16;16m██
                                                              [38;2;61;53;53m██[38;2;87;81;83m██[38;2;87;81;83m██[38;2;87;81;83m██[38;2;54;96;76m██[38;2;178;188;124m██[38;2;240;222;156m██[38;2;240;222;156m██[38;2;240;222;156m██[38;2;240;222;156m██[38;2;240;222;156m██[38;2;240;222;156m██[38;2;88;158;124m██[38;2;16;16;16m██[38;2;114;102;105m██[38;2;114;102;105m██[38;2;114;102;105m██[38;2;114;102;105m██[38;2;114;102;105m██[38;2;114;102;105m██[38;2;61;53;53m██          [38;2;0;0;255m██[38;2;0;0;255m██[38;2;0;0;255m██[38;2;135;205;255m██[38;2;135;205;255m██[38;2;0;0;255m██[38;2;184;216;216m██[38;2;184;216;216m██[38;2;126;159;181m██[38;2;184;216;216m██[38;2;184;216;216m██[38;2;184;216;216m██[38;2;16;16;16m██[38;2;16;16;16m██[38;2;16;16;16m██  
                                                              [38;2;61;53;53m██[38;2;87;81;83m██[38;2;87;81;83m██[38;2;31;56;44m██[38;2;63;119;91m██[38;2;178;188;124m██[38;2;240;222;156m██[38;2;178;188;124m██[38;2;240;222;156m██[38;2;240;222;156m██[38;2;240;222;156m██[38;2;240;222;156m██[38;2;240;222;156m██[38;2;240;222;156m██[38;2;16;16;16m██[38;2;16;16;16m██[38;2;87;81;83m██[38;2;114;102;105m██[38;2;114;102;105m██[38;2;114;102;105m██[38;2;114;102;105m██[38;2;61;53;53m██            [38;2;48;77;96m██[38;2;0;0;255m██[38;2;0;0;255m██[38;2;184;216;216m██[38;2;184;216;216m██[38;2;184;216;216m██[38;2;184;216;216m██[38;2;126;159;181m██[38;2;16;16;16m██[38;2;16;16;16m██        
                                                              [38;2;61;53;53m██[38;2;87;81;83m██[38;2;87;81;83m██[38;2;31;56;44m██[38;2;63;119;91m██[38;2;88;158;124m██[38;2;178;188;124m██[38;2;178;188;124m██[38;2;240;222;156m██[38;2;240;222;156m██[38;2;240;222;156m██[38;2;240;222;156m██[38;2;240;222;156m██[38;2;240;222;156m██[38;2;178;188;124m██[38;2;178;188;124m██[38;2;16;16;16m██[38;2;16;16;16m██[38;2;87;81;83m██[38;2;114;102;105m██[38;2;114;102;105m██[38;2;114;102;105m██[38;2;61;53;53m██[38;2;61;53;53m██    [38;2;48;77;96m██[38;2;48;77;96m██[38;2;184;216;216m██[38;2;184;216;216m██[38;2;126;159;181m██[38;2;0;0;255m██[38;2;0;0;255m██[38;2;126;159;181m██[38;2;16;16;16m██[38;2;16;16;16m██            
                                                            [38;2;61;53;53m██[38;2;87;81;83m██[38;2;87;81;83m██[38;2;87;81;83m██[38;2;54;96;76m██[38;2;63;119;91m██[38;2;88;158;124m██[38;2;178;188;124m██[38;2;178;188;124m██[38;2;240;222;156m██[38;2;240;222;156m██[38;2;240;222;156m██[38;2;178;188;124m██[38;2;240;222;156m██[38;2;240;222;156m██[38;2;178;188;124m██[38;2;178;188;124m██[38;2;178;188;124m██[38;2;127;137;71m██[38;2;16;16;16m██[38;2;87;81;83m██[38;2;114;102;105m██[38;2;114;102;105m██[38;2;114;102;105m██[38;2;114;102;105m██[38;2;61;53;53m██[38;2;61;53;53m██[38;2;184;216;216m██[38;2;184;216;216m██[38;2;126;159;181m██[38;2;184;216;216m██[38;2;184;216;216m██[38;2;0;0;255m██[38;2;135;205;255m██[38;2;0;0;255m██                
                                                [38;2;0;0;255m██[38;2;0;0;255m██[38;2;0;0;255m██[38;2;0;0;255m██[38;2;0;0;255m██[38;2;0;0;255m██[38;2;16;16;16m██[38;2;87;81;83m██[38;2;87;81;83m██[38;2;56;75;107m██[38;2;54;96;76m██[38;2;62;97;135m██[38;2;88;158;124m██[38;2;178;188;124m██[38;2;178;188;124m██[38;2;0;0;255m██[38;2;0;0;255m██[38;2;0;0;255m██[38;2;0;0;255m██[38;2;0;0;255m██[38;2;0;0;255m██[38;2;178;188;124m██[38;2;88;158;124m██[38;2;88;158;124m██[38;2;54;96;76m██  [38;2;16;16;16m██[38;2;114;102;105m██[38;2;114;102;105m██[38;2;114;102;105m██[38;2;114;102;105m██[38;2;114;102;105m██[38;2;114;102;105m██[38;2;114;102;105m██[38;2;114;102;105m██[38;2;126;159;181m██[38;2;16;16;16m██[38;2;0;0;255m██[38;2;135;205;255m██[38;2;135;205;255m██[38;2;0;0;255m██                
                  [38;2;0;0;255m██[38;2;0;0;255m██    [38;2;0;0;255m██[38;2;0;0;255m██[38;2;0;0;255m██[38;2;0;0;255m██        [38;2;0;0;255m██[38;2;0;0;255m██[38;2;0;0;255m██[38;2;135;205;255m██[38;2;135;205;255m██[38;2;135;205;255m██[38;2;135;205;255m██[38;2;135;205;255m██[38;2;135;205;255m██[38;2;16;16;16m██[38;2;87;81;83m██[38;2;87;81;83m██[38;2;32;42;61m██[38;2;56;75;107m██[38;2;62;97;135m██[38;2;85;112;160m██[38;2;178;188;124m██[38;2;88;158;124m██[38;2;88;158;124m██[38;2;54;96;76m██[38;2;0;0;255m██[38;2;0;0;255m██[38;2;66;122;255m██[38;2;66;122;255m██[38;2;0;0;255m██[38;2;0;0;255m██[38;2;0;0;255m██[38;2;54;96;76m██    [38;2;16;16;16m██[38;2;87;81;83m██[38;2;87;81;83m██[38;2;114;102;105m██[38;2;114;102;105m██[38;2;114;102;105m██[38;2;114;102;105m██[38;2;16;16;16m██[38;2;16;16;16m██  [38;2;0;0;255m██[38;2;135;205;255m██[38;2;135;205;255m██[38;2;135;205;255m██[38;2;0;0;255m██              
                [38;2;0;0;255m██[38;2;66;122;255m██[38;2;66;122;255m██[38;2;0;0;255m██[38;2;0;0;255m██[38;2;66;122;255m██[38;2;66;122;255m██[38;2;66;122;255m██[38;2;135;205;255m██[38;2;0;0;255m██[38;2;0;0;255m██[38;2;0;0;255m██[38;2;0;0;255m██[38;2;135;205;255m██[38;2;135;205;255m██[38;2;135;205;255m██[38;2;135;205;255m██[38;2;135;205;255m██[38;2;135;205;255m██[38;2;135;205;255m██[38;2;135;205;255m██[38;2;135;205;255m██[38;2;135;205;255m██[38;2;16;16;16m██[38;2;87;81;83m██[38;2;87;81;83m██[38;2;56;75;107m██[38;2;62;97;135m██[38;2;85;112;160m██[38;2;88;158;124m██[38;2;88;158;124m██[38;2;88;158;124m██[38;2;54;96;76m██[38;2;88;158;124m██[38;2;178;188;124m██[38;2;0;0;255m██[38;2;66;122;255m██[38;2;66;122;255m██[38;2;66;122;255m██[38;2;66;122;255m██[38;2;0;0;255m██[38;2;0;0;255m██    [38;2;16;16;16m██[38;2;16;16;16m██[38;2;87;81;83m██[38;2;87;81;83m██[38;2;87;81;83m██[38;2;16;16;16m██        [38;2;0;0;255m██[38;2;135;205;255m██[38;2;135;205;255m██[38;2;0;0;255m██              
              [38;2;0;0;255m██[38;2;66;122;255m██[38;2;66;122;255m██[38;2;66;122;255m██[38;2;66;122;255m██[38;2;66;122;255m██[38;2;66;122;255m██[38;2;66;122;255m██[38;2;135;205;255m██[38;2;135;205;255m██[38;2;135;205;255m██[38;2;135;205;255m██[38;2;135;205;255m██[38;2;135;205;255m██[38;2;135;205;255m██[38;2;135;205;255m██[38;2;135;205;255m██[38;2;135;205;255m██[38;2;135;205;255m██[38;2;135;205;255m██[38;2;135;205;255m██[38;2;135;205;255m██[38;2;135;205;255m██[38;2;135;205;255m██[38;2;135;205;255m██[38;2;16;16;16m██[38;2;16;16;16m██[38;2;56;75;107m██[38;2;96;81;173m██[38;2;85;112;160m██[38;2;88;158;124m██[38;2;88;158;124m██[38;2;85;112;160m██[38;2;56;75;107m██[38;2;88;158;124m██[38;2;178;188;124m██[38;2;0;0;255m██[38;2;66;122;255m██[38;2;66;122;255m██[38;2;66;122;255m██[38;2;66;122;255m██[38;2;66;122;255m██[38;2;66;122;255m██[38;2;0;0;255m██      [38;2;16;16;16m██[38;2;16;16;16m██[38;2;16;16;16m██          [38;2;0;0;255m██[38;2;135;205;255m██[38;2;135;205;255m██[38;2;135;205;255m██[38;2;0;0;255m██            
            [38;2;0;0;255m██[38;2;66;122;255m██[38;2;66;122;255m██[38;2;66;122;255m██[38;2;66;122;255m██[38;2;66;122;255m██[38;2;66;122;255m██[38;2;66;122;255m██[38;2;135;205;255m██[38;2;66;122;255m██[38;2;66;122;255m██[38;2;66;122;255m██[38;2;66;122;255m██[38;2;135;205;255m██[38;2;135;205;255m██[38;2;135;205;255m██[38;2;135;205;255m██[38;2;135;205;255m██[38;2;135;205;255m██[38;2;135;205;255m██[38;2;135;205;255m██[38;2;135;205;255m██[38;2;135;205;255m██[38;2;0;0;255m██[38;2;0;0;255m██[38;2;0;0;255m██    [38;2;48;30;137m██[38;2;96;81;173m██[38;2;62;97;135m██[38;2;85;112;160m██[38;2;88;158;124m██[38;2;62;97;135m██[38;2;62;97;135m██[38;2;88;158;124m██[38;2;88;158;124m██[38;2;56;75;107m██[38;2;0;0;255m██[38;2;66;122;255m██[38;2;66;122;255m██[38;2;66;122;255m██[38;2;66;122;255m██[38;2;66;122;255m██[38;2;66;122;255m██[38;2;0;0;255m██                      [38;2;0;0;255m██[38;2;135;205;255m██[38;2;135;205;255m██[38;2;0;0;255m██            
        [38;2;0;0;255m██[38;2;0;0;255m██[38;2;66;122;255m██[38;2;66;122;255m██[38;2;66;122;255m██[38;2;66;122;255m██[38;2;66;122;255m██[38;2;66;122;255m██[38;2;66;122;255m██[38;2;66;122;255m██[38;2;66;122;255m██[38;2;66;122;255m██[38;2;66;122;255m██[38;2;135;205;255m██[38;2;135;205;255m██[38;2;0;0;255m██[38;2;0;0;255m██[38;2;135;205;255m██[38;2;135;205;255m██[38;2;135;205;255m██[38;2;135;205;255m██[38;2;0;0;255m██[38;2;0;0;255m██[38;2;0;0;255m██[38;2;0;0;255m██            [38;2;48;30;137m██[38;2;62;97;135m██[38;2;85;112;160m██[38;2;85;112;160m██[38;2;56;75;107m██[38;2;85;112;160m██[38;2;88;158;124m██[38;2;56;75;107m██[38;2;87;81;83m██[38;2;16;16;16m██[38;2;0;0;255m██[38;2;0;0;255m██[38;2;66;122;255m██[38;2;66;122;255m██[38;2;66;122;255m██[38;2;66;122;255m██[38;2;66;122;255m██[38;2;0;0;255m██[38;2;0;0;255m██[38;2;0;0;255m██[38;2;0;0;255m██[38;2;0;0;255m██            [38;2;0;0;255m██[38;2;135;205;255m██[38;2;135;205;255m██[38;2;0;0;255m██            
[38;2;0;0;255m██[38;2;0;0;255m██  [38;2;0;0;255m██[38;2;66;122;255m██[38;2;66;122;255m██[38;2;66;122;255m██[38;2;66;122;255m██[38;2;66;122;255m██[38;2;0;0;255m██[38;2;0;0;255m██[38;2;66;122;255m██[38;2;66;122;255m██[38;2;66;122;255m██[38;2;66;122;255m██[38;2;66;122;255m██[38;2;66;122;255m██[38;2;66;122;255m██[38;2;0;0;255m██    [38;2;0;0;255m██[38;2;0;0;255m██[38;2;0;0;255m██[38;2;0;0;255m██                    [38;2;48;30;137m██[38;2;82;69;160m██[38;2;85;112;160m██[38;2;85;112;160m██[38;2;56;75;107m██[38;2;85;112;160m██[38;2;85;112;160m██[38;2;56;75;107m██[38;2;87;81;83m██[38;2;87;81;83m██[38;2;16;16;16m██[38;2;96;81;173m██[38;2;0;0;255m██[38;2;66;122;255m██[38;2;66;122;255m██[38;2;66;122;255m██[38;2;66;122;255m██[38;2;66;122;255m██[38;2;66;122;255m██[38;2;66;122;255m██[38;2;66;122;255m██[38;2;0;0;255m██[38;2;0;0;255m██[38;2;0;0;255m██[38;2;0;0;255m██[38;2;0;0;255m██    [38;2;0;0;255m██[38;2;135;205;255m██[38;2;135;205;255m██[38;2;135;205;255m██[38;2;0;0;255m██          
  [38;2;0;0;255m██[38;2;0;0;255m██[38;2;66;122;255m██[38;2;66;122;255m██[38;2;66;122;255m██[38;2;66;122;255m██[38;2;66;122;255m██[38;2;0;0;255m██    [38;2;0;0;255m██[38;2;66;122;255m██[38;2;66;122;255m██[38;2;0;0;255m██[38;2;0;0;255m██[38;2;0;0;255m██[38;2;0;0;255m██                                  [38;2;48;30;137m██[38;2;82;69;160m██[38;2;85;112;160m██[38;2;62;97;135m██[38;2;82;69;160m██[38;2;96;81;173m██[38;2;56;75;107m██[38;2;87;81;83m██[38;2;87;81;83m██[38;2;87;81;83m██[38;2;16;16;16m██[38;2;96;81;173m██[38;2;16;16;16m██[38;2;0;0;255m██[38;2;66;122;255m██[38;2;66;122;255m██[38;2;66;122;255m██[38;2;66;122;255m██[38;2;66;122;255m██[38;2;66;122;255m██[38;2;66;122;255m██[38;2;66;122;255m██[38;2;66;122;255m██[38;2;66;122;255m██[38;2;66;122;255m██[38;2;135;205;255m██[38;2;0;0;255m██[38;2;0;0;255m██[38;2;135;205;255m██[38;2;135;205;255m██[38;2;135;205;255m██[38;2;135;205;255m██[38;2;0;0;255m██          
  [38;2;0;0;255m██[38;2;66;122;255m██[38;2;66;122;255m██[38;2;66;122;255m██[38;2;66;122;255m██[38;2;66;122;255m██[38;2;0;0;255m██        [38;2;0;0;255m██[38;2;0;0;255m██                                          [38;2;48;30;137m██[38;2;82;69;160m██[38;2;96;81;173m██[38;2;48;30;137m██[38;2;96;81;173m██[38;2;82;69;160m██[38;2;48;30;137m██[38;2;87;81;83m██[38;2;87;81;83m██[38;2;87;81;83m██[38;2;16;16;16m██[38;2;96;81;173m██[38;2;16;16;16m██[38;2;87;81;83m██[38;2;0;0;255m██[38;2;66;122;255m██[38;2;66;122;255m██[38;2;66;122;255m██[38;2;66;122;255m██[38;2;66;122;255m██[38;2;66;122;255m██[38;2;135;205;255m██[38;2;135;205;255m██[38;2;135;205;255m██[38;2;66;122;255m██[38;2;66;122;255m██[38;2;135;205;255m██[38;2;135;205;255m██[38;2;135;205;255m██[38;2;135;205;255m██[38;2;135;205;255m██[38;2;135;205;255m██[38;2;0;0;255m██          
    [38;2;0;0;255m██[38;2;0;0;255m██[38;2;0;0;255m██[38;2;0;0;255m██[38;2;0;0;255m██                                                          [38;2;25;16;73m██[38;2;96;81;173m██[38;2;48;30;137m██[38;2;48;30;137m██[38;2;48;30;137m██[38;2;87;81;83m██[38;2;87;81;83m██[38;2;87;81;83m██[38;2;87;81;83m██[38;2;87;81;83m██[38;2;16;16;16m██[38;2;87;81;83m██[38;2;87;81;83m██[38;2;87;81;83m██[38;2;0;0;255m██[38;2;0;0;255m██[38;2;66;122;255m██[38;2;66;122;255m██[38;2;66;122;255m██[38;2;66;122;255m██[38;2;66;122;255m██[38;2;66;122;255m██[38;2;135;205;255m██[38;2;135;205;255m██[38;2;66;122;255m██[38;2;135;205;255m██[38;2;135;205;255m██[38;2;135;205;255m██[38;2;135;205;255m██[38;2;135;205;255m██[38;2;0;0;255m██            
                                                                        [38;2;25;16;73m██[38;2;96;81;173m██[38;2;25;16;73m██[38;2;48;30;137m██[38;2;87;81;83m██[38;2;87;81;83m██[38;2;87;81;83m██[38;2;87;81;83m██[38;2;87;81;83m██[38;2;87;81;83m██[38;2;87;81;83m██[38;2;87;81;83m██[38;2;87;81;83m██[38;2;87;81;83m██[38;2;87;81;83m██[38;2;87;81;83m██[38;2;0;0;255m██[38;2;0;0;255m██[38;2;0;0;255m██[38;2;0;0;255m██[38;2;66;122;255m██[38;2;135;205;255m██[38;2;135;205;255m██[38;2;135;205;255m██[38;2;135;205;255m██[38;2;66;122;255m██[38;2;135;205;255m██[38;2;135;205;255m██[38;2;135;205;255m██[38;2;135;205;255m██[38;2;0;0;255m██            
                                                                        [38;2;25;16;73m██[38;2;96;81;173m██[38;2;16;16;16m██[38;2;61;53;53m██[38;2;87;81;83m██[38;2;87;81;83m██[38;2;87;81;83m██[38;2;87;81;83m██[38;2;87;81;83m██[38;2;87;81;83m██[38;2;87;81;83m██[38;2;87;81;83m██[38;2;87;81;83m██[38;2;96;81;173m██[38;2;87;81;83m██[38;2;87;81;83m██[38;2;96;81;173m██[38;2;96;81;173m██[38;2;96;81;173m██[38;2;96;81;173m██[38;2;0;0;255m██[38;2;66;122;255m██[38;2;135;205;255m██[38;2;135;205;255m██[38;2;135;205;255m██[38;2;135;205;255m██[38;2;135;205;255m██[38;2;135;205;255m██[38;2;135;205;255m██[38;2;0;0;255m██[38;2;48;30;137m██            
                                                                          [38;2;16;16;16m██  [38;2;61;53;53m██[38;2;87;81;83m██[38;2;87;81;83m██[38;2;87;81;83m██[38;2;87;81;83m██[38;2;87;81;83m██[38;2;87;81;83m██[38;2;87;81;83m██[38;2;87;81;83m██[38;2;87;81;83m██[38;2;96;81;173m██[38;2;96;81;173m██[38;2;96;81;173m██[38;2;96;81;173m██[38;2;96;81;173m██[38;2;96;81;173m██[38;2;96;81;173m██[38;2;96;81;173m██[38;2;0;0;255m██[38;2;135;205;255m██[38;2;135;205;255m██[38;2;135;205;255m██[38;2;135;205;255m██[38;2;135;205;255m██[38;2;135;205;255m██[38;2;0;0;255m██[38;2;130;117;198m██[38;2;48;30;137m██            
                                                                          [38;2;61;53;53m██[38;2;61;53;53m██[38;2;87;81;83m██[38;2;87;81;83m██[38;2;87;81;83m██[38;2;87;81;83m██[38;2;87;81;83m██[38;2;87;81;83m██[38;2;87;81;83m██[38;2;87;81;83m██[38;2;87;81;83m██[38;2;87;81;83m██[38;2;16;16;16m██[38;2;16;16;16m██[38;2;16;16;16m██[38;2;16;16;16m██[38;2;16;16;16m██[38;2;16;16;16m██[38;2;96;81;173m██[38;2;96;81;173m██[38;2;96;81;173m██[38;2;0;0;255m██[38;2;0;0;255m██[38;2;0;0;255m██[38;2;0;0;255m██[38;2;0;0;255m██[38;2;0;0;255m██[38;2;130;117;198m██[38;2;130;117;198m██[38;2;48;30;137m██            
                                                                  [38;2;61;53;53m██[38;2;61;53;53m██[38;2;61;53;53m██[38;2;61;53;53m██[38;2;87;81;83m██[38;2;87;81;83m██[38;2;87;81;83m██[38;2;87;81;83m██[38;2;61;53;53m██[38;2;87;81;83m██[38;2;87;81;83m██[38;2;87;81;83m██[38;2;87;81;83m██[38;2;87;81;83m██[38;2;87;81;83m██[38;2;16;16;16m██          [38;2;16;16;16m██[38;2;96;81;173m██[38;2;96;81;173m██[38;2;96;81;173m██[38;2;96;81;173m██[38;2;96;81;173m██[38;2;96;81;173m██[38;2;130;117;198m██[38;2;130;117;198m██[38;2;130;117;198m██[38;2;130;117;198m██[38;2;130;117;198m██[38;2;48;30;137m██            
                                                                  [38;2;61;53;53m██[38;2;87;81;83m██[38;2;87;81;83m██[38;2;87;81;83m██[38;2;87;81;83m██[38;2;87;81;83m██[38;2;61;53;53m██[38;2;61;53;53m██[38;2;87;81;83m██[38;2;87;81;83m██[38;2;87;81;83m██[38;2;87;81;83m██[38;2;87;81;83m██[38;2;16;16;16m██[38;2;16;16;16m██        [38;2;48;77;96m██[38;2;48;77;96m██[38;2;48;77;96m██[38;2;96;81;173m██[38;2;96;81;173m██[38;2;96;81;173m██[38;2;96;81;173m██[38;2;96;81;173m██[38;2;96;81;173m██[38;2;96;81;173m██[38;2;130;117;198m██[38;2;130;117;198m██[38;2;130;117;198m██[38;2;130;117;198m██[38;2;48;30;137m██            
                                                                    [38;2;61;53;53m██[38;2;87;81;83m██[38;2;87;81;83m██[38;2;61;53;53m██[38;2;61;53;53m██[38;2;87;81;83m██[38;2;87;81;83m██[38;2;87;81;83m██[38;2;87;81;83m██[38;2;87;81;83m██[38;2;16;16;16m██[38;2;16;16;16m██[38;2;130;117;198m██[38;2;48;30;137m██        [38;2;16;16;16m██[38;2;184;216;216m██[38;2;184;216;216m██[38;2;48;77;96m██[38;2;87;81;83m██[38;2;96;81;173m██[38;2;87;81;83m██[38;2;96;81;173m██[38;2;96;81;173m██[38;2;96;81;173m██[38;2;130;117;198m██[38;2;130;117;198m██[38;2;130;117;198m██[38;2;48;30;137m██              
                                                                      [38;2;16;16;16m██[38;2;16;16;16m██[38;2;87;81;83m██[38;2;87;81;83m██[38;2;87;81;83m██[38;2;87;81;83m██[38;2;16;16;16m██[38;2;16;16;16m██[38;2;16;16;16m██[38;2;130;117;198m██[38;2;130;117;198m██[38;2;130;117;198m██[38;2;48;30;137m██        [38;2;16;16;16m██[38;2;184;216;216m██[38;2;184;216;216m██[38;2;184;216;216m██[38;2;126;159;181m██[38;2;87;81;83m██[38;2;87;81;83m██[38;2;96;81;173m██[38;2;96;81;173m██[38;2;114;102;105m██[38;2;130;117;198m██[38;2;130;117;198m██[38;2;130;117;198m██[38;2;48;30;137m██              
                                                                          [38;2;16;16;16m██[38;2;16;16;16m██[38;2;16;16;16m██[38;2;16;16;16m██[38;2;96;81;173m██[38;2;96;81;173m██[38;2;96;81;173m██[38;2;130;117;198m██[38;2;130;117;198m██[38;2;130;117;198m██[38;2;48;30;137m██        [38;2;16;16;16m██[38;2;184;216;216m██[38;2;184;216;216m██[38;2;126;159;181m██[38;2;87;81;83m██[38;2;87;81;83m██[38;2;87;81;83m██[38;2;96;81;173m██[38;2;96;81;173m██[38;2;114;102;105m██[38;2;130;117;198m██[38;2;130;117;198m██[38;2;130;117;198m██[38;2;48;30;137m██              
                                                                              [38;2;16;16;16m██[38;2;96;81;173m██[38;2;96;81;173m██[38;2;96;81;173m██[38;2;96;81;173m██[38;2;130;117;198m██[38;2;130;117;198m██[38;2;130;117;198m██[38;2;48;30;137m██          [38;2;16;16;16m██[38;2;48;77;96m██[38;2;87;81;83m██[38;2;87;81;83m██[38;2;87;81;83m██[38;2;87;81;83m██[38;2;96;81;173m██[38;2;114;102;105m██[38;2;114;102;105m██[38;2;114;102;105m██[38;2;130;117;198m██[38;2;16;16;16m██                
                                                                              [38;2;16;16;16m██[38;2;96;81;173m██[38;2;96;81;173m██[38;2;96;81;173m██[38;2;96;81;173m██[38;2;96;81;173m██[38;2;130;117;198m██[38;2;130;117;198m██[38;2;48;30;137m██          [38;2;16;16;16m██[38;2;87;81;83m██[38;2;87;81;83m██[38;2;87;81;83m██[38;2;87;81;83m██[38;2;87;81;83m██[38;2;87;81;83m██[38;2;114;102;105m██[38;2;114;102;105m██[38;2;114;102;105m██[38;2;130;117;198m██[38;2;16;16;16m██                
                                                                              [38;2;16;16;16m██[38;2;96;81;173m██[38;2;96;81;173m██[38;2;96;81;173m██[38;2;96;81;173m██[38;2;96;81;173m██[38;2;130;117;198m██[38;2;130;117;198m██[38;2;48;30;137m██        [38;2;16;16;16m██[38;2;87;81;83m██[38;2;87;81;83m██[38;2;87;81;83m██[38;2;87;81;83m██[38;2;87;81;83m██[38;2;87;81;83m██[38;2;87;81;83m██[38;2;114;102;105m██[38;2;114;102;105m██[38;2;114;102;105m██[38;2;130;117;198m██[38;2;16;16;16m██                
                                                                              [38;2;16;16;16m██[38;2;96;81;173m██[38;2;96;81;173m██[38;2;96;81;173m██[38;2;96;81;173m██[38;2;96;81;173m██[38;2;130;117;198m██[38;2;130;117;198m██[38;2;48;30;137m██      [38;2;16;16;16m██[38;2;87;81;83m██[38;2;87;81;83m██[38;2;87;81;83m██[38;2;87;81;83m██[38;2;87;81;83m██[38;2;87;81;83m██[38;2;87;81;83m██[38;2;87;81;83m██[38;2;114;102;105m██[38;2;114;102;105m██[38;2;114;102;105m██[38;2;16;16;16m██                  
                                                                            [38;2;16;16;16m██[38;2;96;81;173m██[38;2;96;81;173m██[38;2;96;81;173m██[38;2;96;81;173m██[38;2;96;81;173m██[38;2;96;81;173m██[38;2;130;117;198m██[38;2;130;117;198m██[38;2;48;30;137m██    [38;2;16;16;16m██[38;2;87;81;83m██[38;2;87;81;83m██[38;2;87;81;83m██[38;2;87;81;83m██[38;2;87;81;83m██[38;2;87;81;83m██[38;2;87;81;83m██[38;2;87;81;83m██[38;2;114;102;105m██[38;2;114;102;105m██[38;2;114;102;105m██[38;2;114;102;105m██[38;2;16;16;16m██                  
                                                                            [38;2;16;16;16m██[38;2;96;81;173m██[38;2;96;81;173m██[38;2;96;81;173m██[38;2;96;81;173m██[38;2;96;81;173m██[38;2;96;81;173m██[38;2;96;81;173m██[38;2;130;117;198m██[38;2;48;30;137m██  [38;2;16;16;16m██[38;2;87;81;83m██[38;2;87;81;83m██[38;2;87;81;83m██[38;2;87;81;83m██[38;2;87;81;83m██[38;2;87;81;83m██[38;2;87;81;83m██[38;2;87;81;83m██[38;2;87;81;83m██[38;2;114;102;105m██[38;2;114;102;105m██[38;2;114;102;105m██[38;2;114;102;105m██[38;2;61;53;53m██                  
                                                                            [38;2;16;16;16m██[38;2;96;81;173m██[38;2;96;81;173m██[38;2;96;81;173m██[38;2;96;81;173m██[38;2;96;81;173m██[38;2;96;81;173m██[38;2;96;81;173m██[38;2;130;117;198m██[38;2;48;30;137m██[38;2;16;16;16m██[38;2;87;81;83m██[38;2;87;81;83m██[38;2;87;81;83m██[38;2;87;81;83m██[38;2;87;81;83m██[38;2;87;81;83m██[38;2;87;81;83m██[38;2;87;81;83m██[38;2;87;81;83m██[38;2;87;81;83m██[38;2;114;102;105m██[38;2;114;102;105m██[38;2;114;102;105m██[38;2;61;53;53m██                    
                                                                            [38;2;16;16;16m██[38;2;96;81;173m██[38;2;96;81;173m██[38;2;96;81;173m██[38;2;96;81;173m██[38;2;96;81;173m██[38;2;96;81;173m██[38;2;96;81;173m██[38;2;130;117;198m██[38;2;16;16;16m██[38;2;87;81;83m██[38;2;87;81;83m██[38;2;87;81;83m██[38;2;87;81;83m██[38;2;87;81;83m██[38;2;87;81;83m██[38;2;87;81;83m██[38;2;87;81;83m██[38;2;87;81;83m██[38;2;87;81;83m██[38;2;114;102;105m██[38;2;114;102;105m██[38;2;114;102;105m██[38;2;114;102;105m██[38;2;61;53;53m██                    
                                                                            [38;2;16;16;16m██[38;2;96;81;173m██[38;2;96;81;173m██[38;2;96;81;173m██[38;2;96;81;173m██[38;2;96;81;173m██[38;2;96;81;173m██[38;2;16;16;16m██[38;2;16;16;16m██[38;2;87;81;83m██[38;2;87;81;83m██[38;2;87;81;83m██[38;2;87;81;83m██[38;2;87;81;83m██[38;2;87;81;83m██[38;2;87;81;83m██[38;2;87;81;83m██[38;2;87;81;83m██[38;2;87;81;83m██[38;2;87;81;83m██[38;2;114;102;105m██[38;2;114;102;105m██[38;2;114;102;105m██[38;2;61;53;53m██                      
                                                                            [38;2;16;16;16m██[38;2;96;81;173m██[38;2;96;81;173m██[38;2;96;81;173m██[38;2;96;81;173m██[38;2;96;81;173m██[38;2;16;16;16m██[38;2;87;81;83m██[38;2;87;81;83m██[38;2;87;81;83m██[38;2;61;53;53m██[38;2;87;81;83m██[38;2;87;81;83m██[38;2;87;81;83m██[38;2;87;81;83m██[38;2;87;81;83m██[38;2;87;81;83m██[38;2;87;81;83m██[38;2;87;81;83m██[38;2;87;81;83m██[38;2;114;102;105m██[38;2;114;102;105m██[38;2;114;102;105m██[38;2;61;53;53m██                      
                                                                            [38;2;16;16;16m██[38;2;96;81;173m██[38;2;96;81;173m██[38;2;96;81;173m██[38;2;96;81;173m██[38;2;96;81;173m██[38;2;16;16;16m██[38;2;87;81;83m██[38;2;87;81;83m██[38;2;61;53;53m██[38;2;87;81;83m██[38;2;87;81;83m██[38;2;87;81;83m██[38;2;87;81;83m██[38;2;61;53;53m██[38;2;87;81;83m██[38;2;87;81;83m██[38;2;87;81;83m██[38;2;87;81;83m██[38;2;114;102;105m██[38;2;114;102;105m██[38;2;114;102;105m██[38;2;114;102;105m██[38;2;61;53;53m██                      
                                                                            [38;2;16;16;16m██[38;2;96;81;173m██[38;2;96;81;173m██[38;2;96;81;173m██[38;2;96;81;173m██[38;2;96;81;173m██[38;2;16;16;16m██[38;2;16;16;16m██[38;2;16;16;16m██[38;2;61;53;53m██[38;2;87;81;83m██[38;2;87;81;83m██[38;2;87;81;83m██[38;2;16;16;16m██[38;2;87;81;83m██[38;2;87;81;83m██[38;2;87;81;83m██[38;2;87;81;83m██[38;2;87;81;83m██[38;2;114;102;105m██[38;2;114;102;105m██[38;2;114;102;105m██[38;2;61;53;53m██                        
                                                                          [38;2;16;16;16m██[38;2;96;81;173m██[38;2;48;77;96m██[38;2;126;159;181m██[38;2;126;159;181m██[38;2;96;81;173m██[38;2;96;81;173m██[38;2;96;81;173m██[38;2;96;81;173m██[38;2;96;81;173m██[38;2;61;53;53m██[38;2;61;53;53m██[38;2;61;53;53m██[38;2;16;16;16m██[38;2;87;81;83m██[38;2;87;81;83m██[38;2;87;81;83m██[38;2;61;53;53m██[38;2;87;81;83m██[38;2;114;102;105m██[38;2;114;102;105m██[38;2;114;102;105m██[38;2;114;102;105m██[38;2;61;53;53m██                        
                                                                          [38;2;16;16;16m██[38;2;96;81;173m██[38;2;48;77;96m██[38;2;184;216;216m██[38;2;184;216;216m██[38;2;126;159;181m██[38;2;96;81;173m██[38;2;96;81;173m██[38;2;96;81;173m██[38;2;96;81;173m██[38;2;96;81;173m██[38;2;16;16;16m██  [38;2;16;16;16m██[38;2;16;16;16m██[38;2;16;16;16m██[38;2;87;81;83m██[38;2;87;81;83m██[38;2;61;53;53m██[38;2;114;102;105m██[38;2;61;53;53m██[38;2;114;102;105m██[38;2;114;102;105m██[38;2;61;53;53m██                        
                                                                          [38;2;16;16;16m██[38;2;96;81;173m██[38;2;16;16;16m██[38;2;184;216;216m██[38;2;184;216;216m██[38;2;126;159;181m██[38;2;96;81;173m██[38;2;96;81;173m██[38;2;96;81;173m██[38;2;96;81;173m██[38;2;96;81;173m██[38;2;16;16;16m██        [38;2;16;16;16m██[38;2;87;81;83m██[38;2;61;53;53m██[38;2;114;102;105m██[38;2;114;102;105m██[38;2;61;53;53m██[38;2;114;102;105m██[38;2;61;53;53m██                        
                                                                          [38;2;16;16;16m██[38;2;96;81;173m██[38;2;96;81;173m██[38;2;16;16;16m██[38;2;184;216;216m██[38;2;48;77;96m██[38;2;87;81;83m██[38;2;96;81;173m██[38;2;96;81;173m██[38;2;87;81;83m██[38;2;96;81;173m██[38;2;16;16;16m██          [38;2;16;16;16m██[38;2;16;16;16m██[38;2;114;102;105m██[38;2;114;102;105m██[38;2;61;53;53m██[38;2;114;102;105m██[38;2;61;53;53m██                        
                                                                          [38;2;16;16;16m██[38;2;87;81;83m██[38;2;96;81;173m██[38;2;96;81;173m██[38;2;16;16;16m██[38;2;48;77;96m██[38;2;87;81;83m██[38;2;96;81;173m██[38;2;96;81;173m██[38;2;87;81;83m██[38;2;96;81;173m██[38;2;16;16;16m██              [38;2;61;53;53m██[38;2;61;53;53m██[38;2;61;53;53m██[38;2;114;102;105m██[38;2;61;53;53m██                        
                                                                          [38;2;61;53;53m██[38;2;87;81;83m██[38;2;96;81;173m██[38;2;87;81;83m██[38;2;96;81;173m██[38;2;96;81;173m██[38;2;87;81;83m██[38;2;96;81;173m██[38;2;87;81;83m██[38;2;87;81;83m██[38;2;87;81;83m██[38;2;16;16;16m██                  [38;2;61;53;53m██[38;2;61;53;53m██[38;2;61;53;53m██                        
                                                                          [38;2;61;53;53m██[38;2;87;81;83m██[38;2;96;81;173m██[38;2;87;81;83m██[38;2;87;81;83m██[38;2;96;81;173m██[38;2;87;81;83m██[38;2;87;81;83m██[38;2;87;81;83m██[38;2;87;81;83m██[38;2;87;81;83m██[38;2;16;16;16m██                                                
                                                                          [38;2;61;53;53m██[38;2;87;81;83m██[38;2;87;81;83m██[38;2;87;81;83m██[38;2;87;81;83m██[38;2;87;81;83m██[38;2;87;81;83m██[38;2;87;81;83m██[38;2;87;81;83m██[38;2;87;81;83m██[38;2;87;81;83m██[38;2;16;16;16m██                                                
                                                                        [38;2;61;53;53m██[38;2;87;81;83m██[38;2;87;81;83m██[38;2;87;81;83m██[38;2;87;81;83m██[38;2;87;81;83m██[38;2;87;81;83m██[38;2;87;81;83m██[38;2;87;81;83m██[38;2;87;81;83m██[38;2;87;81;83m██[38;2;87;81;83m██[38;2;16;16;16m██                                                
                                                                        [38;2;16;16;16m██[38;2;87;81;83m██[38;2;87;81;83m██[38;2;87;81;83m██[38;2;87;81;83m██[38;2;87;81;83m██[38;2;87;81;83m██[38;2;87;81;83m██[38;2;87;81;83m██[38;2;87;81;83m██[38;2;87;81;83m██[38;2;87;81;83m██[38;2;16;16;16m██                                                
                                                                        [38;2;16;16;16m██[38;2;87;81;83m██[38;2;87;81;83m██[38;2;87;81;83m██[38;2;87;81;83m██[38;2;87;81;83m██[38;2;87;81;83m██[38;2;87;81;83m██[38;2;87;81;83m██[38;2;87;81;83m██[38;2;87;81;83m██[38;2;87;81;83m██[38;2;61;53;53m██                                                
                                                                        [38;2;16;16;16m██[38;2;87;81;83m██[38;2;87;81;83m██[38;2;87;81;83m██[38;2;87;81;83m██[38;2;87;81;83m██[38;2;87;81;83m██[38;2;87;81;83m██[38;2;87;81;83m██[38;2;87;81;83m██[38;2;87;81;83m██[38;2;87;81;83m██[38;2;61;53;53m██                                                
                                                                      [38;2;61;53;53m██[38;2;87;81;83m██[38;2;87;81;83m██[38;2;87;81;83m██[38;2;87;81;83m██[38;2;87;81;83m██[38;2;87;81;83m██[38;2;87;81;83m██[38;2;87;81;83m██[38;2;87;81;83m██[38;2;87;81;83m██[38;2;87;81;83m██[38;2;87;81;83m██[38;2;61;53;53m██                                                
                                                                      [38;2;61;53;53m██[38;2;87;81;83m██[38;2;87;81;83m██[38;2;87;81;83m██[38;2;87;81;83m██[38;2;87;81;83m██[38;2;87;81;83m██[38;2;87;81;83m██[38;2;87;81;83m██[38;2;87;81;83m██[38;2;87;81;83m██[38;2;87;81;83m██[38;2;87;81;83m██[38;2;87;81;83m██[38;2;61;53;53m██                                              
                                                                      [38;2;16;16;16m██[38;2;87;81;83m██[38;2;87;81;83m██[38;2;87;81;83m██[38;2;87;81;83m██[38;2;87;81;83m██[38;2;87;81;83m██[38;2;87;81;83m██[38;2;87;81;83m██[38;2;87;81;83m██[38;2;87;81;83m██[38;2;87;81;83m██[38;2;87;81;83m██[38;2;87;81;83m██[38;2;16;16;16m██                                              
                                                                    [38;2;61;53;53m██[38;2;87;81;83m██[38;2;87;81;83m██[38;2;87;81;83m██[38;2;87;81;83m██[38;2;87;81;83m██[38;2;87;81;83m██[38;2;87;81;83m██[38;2;87;81;83m██[38;2;87;81;83m██[38;2;87;81;83m██[38;2;87;81;83m██[38;2;87;81;83m██[38;2;87;81;83m██[38;2;87;81;83m██[38;2;16;16;16m██                                              
                                                                    [38;2;16;16;16m██[38;2;87;81;83m██[38;2;87;81;83m██[38;2;87;81;83m██[38;2;87;81;83m██[38;2;87;81;83m██[38;2;87;81;83m██[38;2;87;81;83m██[38;2;87;81;83m██[38;2;87;81;83m██[38;2;87;81;83m██[38;2;87;81;83m██[38;2;87;81;83m██[38;2;87;81;83m██[38;2;87;81;83m██[38;2;16;16;16m██                                              
                                                                  [38;2;16;16;16m██[38;2;87;81;83m██[38;2;87;81;83m██[38;2;87;81;83m██[38;2;87;81;83m██[38;2;61;53;53m██[38;2;87;81;83m██[38;2;87;81;83m██[38;2;87;81;83m██[38;2;87;81;83m██[38;2;87;81;83m██[38;2;87;81;83m██[38;2;87;81;83m██[38;2;87;81;83m██[38;2;87;81;83m██[38;2;87;81;83m██[38;2;87;81;83m██[38;2;16;16;16m██                                            
                                                                [38;2;16;16;16m██[38;2;87;81;83m██[38;2;87;81;83m██[38;2;61;53;53m██[38;2;61;53;53m██[38;2;16;16;16m██[38;2;87;81;83m██[38;2;87;81;83m██[38;2;87;81;83m██[38;2;87;81;83m██[38;2;87;81;83m██[38;2;87;81;83m██[38;2;87;81;83m██[38;2;87;81;83m██[38;2;87;81;83m██[38;2;87;81;83m██[38;2;87;81;83m██[38;2;61;53;53m██[38;2;16;16;16m██                                            
                                                                [38;2;16;16;16m██[38;2;16;16;16m██[38;2;16;16;16m██  [38;2;16;16;16m██[38;2;87;81;83m██[38;2;87;81;83m██[38;2;87;81;83m██[38;2;87;81;83m██[38;2;61;53;53m██[38;2;16;16;16m██[38;2;16;16;16m██[38;2;87;81;83m██[38;2;87;81;83m██[38;2;87;81;83m██[38;2;87;81;83m██[38;2;16;16;16m██[38;2;16;16;16m██[38;2;16;16;16m██                                            
                                                                        [38;2;16;16;16m██[38;2;16;16;16m██[38;2;16;16;16m██[38;2;16;16;16m██[38;2;61;53;53m██      [38;2;61;53;53m██[38;2;16;16;16m██[38;2;16;16;16m██[38;2;61;53;53m██[38;2;61;53;53m██                                                
