                                                [38;2;2;2;2m██[38;2;2;2;2m██[38;2;2;2;2m██[38;2;2;2;2m██[38;2;2;2;2m██                                    
                                          [38;2;2;2;2m██[38;2;2;2;2m██[38;2;2;2;2m██[38;2;131;131;156m██[38;2;2;2;2m██[38;2;131;131;156m██[38;2;131;131;156m██[38;2;82;82;106m██[38;2;2;2;2m██                                  
                                      [38;2;2;2;2m██[38;2;2;2;2m██[38;2;131;131;156m██[38;2;131;131;156m██[38;2;82;82;106m██[38;2;82;82;106m██[38;2;2;2;2m██[38;2;82;82;106m██[38;2;82;82;106m██[38;2;82;82;106m██[38;2;2;2;2m██                                  
                                    [38;2;2;2;2m██[38;2;131;131;156m██[38;2;82;82;106m██[38;2;82;82;106m██[38;2;82;82;106m██[38;2;82;82;106m██[38;2;82;82;106m██[38;2;2;2;2m██[38;2;82;82;106m██[38;2;82;82;106m██[38;2;82;82;106m██[38;2;2;2;2m██                                  
                                  [38;2;2;2;2m██[38;2;131;131;156m██[38;2;82;82;106m██[38;2;82;82;106m██[38;2;82;82;106m██[38;2;82;82;106m██[38;2;82;82;106m██[38;2;2;2;2m██[38;2;82;82;106m██[38;2;82;82;106m██[38;2;82;82;106m██[38;2;2;2;2m██                                    
                                [38;2;2;2;2m██[38;2;131;131;156m██[38;2;2;2;2m██[38;2;82;82;106m██[38;2;82;82;106m██[38;2;82;82;106m██[38;2;82;82;106m██[38;2;82;82;106m██[38;2;2;2;2m██[38;2;82;82;106m██[38;2;82;82;106m██[38;2;82;82;106m██[38;2;2;2;2m██                                    
                              [38;2;2;2;2m██[38;2;131;131;156m██[38;2;82;82;106m██[38;2;82;82;106m██[38;2;2;2;2m██[38;2;82;82;106m██[38;2;82;82;106m██[38;2;82;82;106m██[38;2;82;82;106m██[38;2;2;2;2m██[38;2;82;82;106m██[38;2;82;82;106m██[38;2;2;2;2m██                                      
                            [38;2;2;2;2m██[38;2;131;131;156m██[38;2;82;82;106m██[38;2;82;82;106m██[38;2;82;82;106m██[38;2;2;2;2m██[38;2;82;82;106m██[38;2;82;82;106m██[38;2;82;82;106m██[38;2;82;82;106m██[38;2;2;2;2m██[38;2;82;82;106m██[38;2;82;82;106m██[38;2;2;2;2m██                                      
                            [38;2;2;2;2m██[38;2;131;131;156m██[38;2;82;82;106m██[38;2;82;82;106m██[38;2;82;82;106m██[38;2;2;2;2m██[38;2;82;82;106m██[38;2;82;82;106m██[38;2;82;82;106m██[38;2;2;2;2m██[38;2;82;82;106m██[38;2;82;82;106m██[38;2;82;82;106m██[38;2;2;2;2m██                                      
                          [38;2;2;2;2m██[38;2;131;131;156m██[38;2;2;2;2m██[38;2;82;82;106m██[38;2;82;82;106m██[38;2;82;82;106m██[38;2;2;2;2m██[38;2;82;82;106m██[38;2;82;82;106m██[38;2;82;82;106m██[38;2;2;2;2m██[38;2;82;82;106m██[38;2;82;82;106m██[38;2;2;2;2m██                                        
                          [38;2;2;2;2m██[38;2;131;131;156m██[38;2;2;2;2m██[38;2;82;82;106m██[38;2;82;82;106m██[38;2;82;82;106m██[38;2;82;82;106m██[38;2;2;2;2m██[38;2;82;82;106m██[38;2;82;82;106m██[38;2;2;2;2m██[38;2;82;82;106m██[38;2;82;82;106m██[38;2;2;2;2m██                                        
                          [38;2;2;2;2m██[38;2;131;131;156m██[38;2;2;2;2m██[38;2;82;82;106m██[38;2;82;82;106m██[38;2;82;82;106m██[38;2;82;82;106m██[38;2;2;2;2m██[38;2;82;82;106m██[38;2;82;82;106m██[38;2;2;2;2m██[38;2;34;83;35m██[38;2;34;83;35m██[38;2;2;2;2m██                                        
                        [38;2;2;2;2m██[38;2;131;131;156m██[38;2;82;82;106m██[38;2;82;82;106m██[38;2;2;2;2m██[38;2;82;82;106m██[38;2;82;82;106m██[38;2;82;82;106m██[38;2;2;2;2m██[38;2;82;82;106m██[38;2;34;83;35m██[38;2;34;83;35m██[38;2;53;128;55m██[38;2;53;128;55m██[38;2;34;83;35m██[38;2;34;83;35m██[38;2;34;83;35m██                                    
                        [38;2;2;2;2m██[38;2;131;131;156m██[38;2;82;82;106m██[38;2;82;82;106m██[38;2;2;2;2m██[38;2;82;82;106m██[38;2;82;82;106m██[38;2;82;82;106m██[38;2;34;83;35m██[38;2;34;83;35m██[38;2;53;128;55m██[38;2;73;175;75m██[38;2;73;175;75m██[38;2;73;175;75m██[38;2;73;175;75m██[38;2;113;196;115m██[38;2;113;196;115m██[38;2;34;83;35m██[38;2;34;83;35m██                                
                        [38;2;2;2;2m██[38;2;2;2;2m██[38;2;82;82;106m██[38;2;82;82;106m██[38;2;82;82;106m██[38;2;2;2;2m██[38;2;82;82;106m██[38;2;34;83;35m██[38;2;73;175;75m██[38;2;73;175;75m██[38;2;73;175;75m██[38;2;73;175;75m██[38;2;73;175;75m██[38;2;73;175;75m██[38;2;73;175;75m██[38;2;73;175;75m██[38;2;113;196;115m██[38;2;113;196;115m██[38;2;113;196;115m██[38;2;34;83;35m██                              
                      [38;2;34;83;35m██[38;2;2;2;2m██[38;2;131;131;156m██[38;2;2;2;2m██[38;2;82;82;106m██[38;2;82;82;106m██[38;2;2;2;2m██[38;2;34;83;35m██[38;2;73;175;75m██[38;2;73;175;75m██[38;2;73;175;75m██[38;2;73;175;75m██[38;2;73;175;75m██[38;2;73;175;75m██[38;2;73;175;75m██[38;2;73;175;75m██[38;2;73;175;75m██[38;2;73;175;75m██[38;2;113;196;115m██[38;2;113;196;115m██[38;2;113;196;115m██[38;2;34;83;35m██                            
                      [38;2;34;83;35m██[38;2;2;2;2m██[38;2;131;131;156m██[38;2;2;2;2m██[38;2;82;82;106m██[38;2;82;82;106m██[38;2;82;82;106m██[38;2;34;83;35m██[38;2;73;175;75m██[38;2;73;175;75m██[38;2;73;175;75m██[38;2;73;175;75m██[38;2;73;175;75m██[38;2;73;175;75m██[38;2;73;175;75m██[38;2;73;175;75m██[38;2;73;175;75m██[38;2;73;175;75m██[38;2;73;175;75m██[38;2;113;196;115m██[38;2;113;196;115m██[38;2;113;196;115m██[38;2;34;83;35m██                          
                    [38;2;34;83;35m██[38;2;53;128;55m██[38;2;2;2;2m██[38;2;82;82;106m██[38;2;82;82;106m██[38;2;2;2;2m██[38;2;82;82;106m██[38;2;34;83;35m██[38;2;73;175;75m██[38;2;73;175;75m██[38;2;73;175;75m██[38;2;73;175;75m██[38;2;73;175;75m██[38;2;73;175;75m██[38;2;73;175;75m██[38;2;73;175;75m██[38;2;73;175;75m██[38;2;73;175;75m██[38;2;73;175;75m██[38;2;73;175;75m██[38;2;113;196;115m██[38;2;36;33;56m██[38;2;36;33;56m██[38;2;36;33;56m██                          
                    [38;2;34;83;35m██[38;2;53;128;55m██[38;2;2;2;2m██[38;2;82;82;106m██[38;2;82;82;106m██[38;2;2;2;2m██[38;2;82;82;106m██[38;2;34;83;35m██[38;2;73;175;75m██[38;2;73;175;75m██[38;2;73;175;75m██[38;2;73;175;75m██[38;2;73;175;75m██[38;2;73;175;75m██[38;2;73;175;75m██[38;2;73;175;75m██[38;2;73;175;75m██[38;2;73;175;75m██[38;2;73;175;75m██[38;2;73;175;75m██[38;2;36;33;56m██[38;2;131;131;156m██[38;2;131;131;156m██[38;2;131;131;156m██[38;2;36;33;56m██                        
                    [38;2;34;83;35m██[38;2;73;175;75m██[38;2;73;175;75m██[38;2;2;2;2m██[38;2;82;82;106m██[38;2;82;82;106m██[38;2;2;2;2m██[38;2;73;175;75m██[38;2;73;175;75m██[38;2;73;175;75m██[38;2;73;175;75m██[38;2;73;175;75m██[38;2;73;175;75m██[38;2;73;175;75m██[38;2;73;175;75m██[38;2;73;175;75m██[38;2;73;175;75m██[38;2;73;175;75m██[38;2;73;175;75m██[38;2;36;33;56m██[38;2;82;82;106m██[38;2;82;82;106m██[38;2;131;131;156m██[38;2;131;131;156m██[38;2;131;131;156m██[38;2;36;33;56m██                      
                    [38;2;36;33;56m██[38;2;73;175;75m██[38;2;73;175;75m██[38;2;2;2;2m██[38;2;82;82;106m██[38;2;82;82;106m██[38;2;34;83;35m██[38;2;73;175;75m██[38;2;73;175;75m██[38;2;73;175;75m██[38;2;73;175;75m██[38;2;73;175;75m██[38;2;73;175;75m██[38;2;73;175;75m██[38;2;73;175;75m██[38;2;73;175;75m██[38;2;73;175;75m██[38;2;73;175;75m██[38;2;73;175;75m██[38;2;36;33;56m██[38;2;82;82;106m██[38;2;82;82;106m██[38;2;82;82;106m██[38;2;82;82;106m██[38;2;82;82;106m██[38;2;131;131;156m██[38;2;36;33;56m██[38;2;36;33;56m██                  
                  [38;2;36;33;56m██[38;2;82;82;106m██[38;2;73;175;75m██[38;2;73;175;75m██[38;2;73;175;75m██[38;2;2;2;2m██[38;2;82;82;106m██[38;2;34;83;35m██[38;2;73;175;75m██[38;2;73;175;75m██[38;2;73;175;75m██[38;2;73;175;75m██[38;2;73;175;75m██[38;2;73;175;75m██[38;2;73;175;75m██[38;2;73;175;75m██[38;2;73;175;75m██[38;2;73;175;75m██[38;2;73;175;75m██[38;2;36;33;56m██[38;2;82;82;106m██[38;2;82;82;106m██[38;2;82;82;106m██[38;2;36;33;56m██[38;2;82;82;106m██[38;2;131;131;156m██[38;2;131;131;156m██[38;2;131;131;156m██[38;2;131;131;156m██[38;2;36;33;56m██[38;2;36;33;56m██              
                [38;2;36;33;56m██[38;2;82;82;106m██[38;2;53;128;55m██[38;2;73;175;75m██[38;2;73;175;75m██[38;2;73;175;75m██[38;2;73;175;75m██[38;2;2;2;2m██[38;2;73;175;75m██[38;2;73;175;75m██[38;2;73;175;75m██[38;2;73;175;75m██[38;2;73;175;75m██[38;2;73;175;75m██[38;2;73;175;75m██[38;2;73;175;75m██[38;2;73;175;75m██[38;2;73;175;75m██[38;2;73;175;75m██[38;2;73;175;75m██[38;2;36;33;56m██[38;2;82;82;106m██[38;2;82;82;106m██[38;2;36;33;56m██[38;2;82;82;106m██[38;2;82;82;106m██[38;2;82;82;106m██[38;2;82;82;106m██[38;2;131;131;156m██[38;2;131;131;156m██[38;2;131;131;156m██[38;2;131;131;156m██[38;2;2;2;2m██            
            [38;2;36;33;56m██[38;2;36;33;56m██[38;2;82;82;106m██[38;2;82;82;106m██[38;2;53;128;55m██[38;2;73;175;75m██[38;2;73;175;75m██[38;2;73;175;75m██[38;2;73;175;75m██[38;2;73;175;75m██[38;2;73;175;75m██[38;2;73;175;75m██[38;2;73;175;75m██[38;2;73;175;75m██[38;2;73;175;75m██[38;2;73;175;75m██[38;2;73;175;75m██[38;2;73;175;75m██[38;2;73;175;75m██[38;2;73;175;75m██[38;2;73;175;75m██[38;2;73;175;75m██[38;2;36;33;56m██[38;2;82;82;106m██[38;2;82;82;106m██[38;2;36;33;56m██[38;2;82;82;106m██[38;2;82;82;106m██[38;2;82;82;106m██[38;2;82;82;106m██[38;2;82;82;106m██[38;2;82;82;106m██[38;2;2;2;2m██[38;2;2;2;2m██              
          [38;2;36;33;56m██[38;2;82;82;106m██[38;2;82;82;106m██[38;2;82;82;106m██[38;2;82;82;106m██[38;2;82;82;106m██[38;2;73;175;75m██[38;2;73;175;75m██[38;2;73;175;75m██[38;2;73;175;75m██[38;2;73;175;75m██[38;2;73;175;75m██[38;2;73;175;75m██[38;2;73;175;75m██[38;2;73;175;75m██[38;2;73;175;75m██[38;2;73;175;75m██[38;2;73;175;75m██[38;2;73;175;75m██[38;2;73;175;75m██[38;2;73;175;75m██[38;2;73;175;75m██[38;2;53;128;55m██[38;2;36;33;56m██[38;2;82;82;106m██[38;2;82;82;106m██[38;2;82;82;106m██[38;2;36;33;56m██[38;2;82;82;106m██[38;2;82;82;106m██[38;2;82;82;106m██[38;2;2;2;2m██[38;2;2;2;2m██                  
            [38;2;2;2;2m██[38;2;2;2;2m██[38;2;36;33;56m██[38;2;82;82;106m██[38;2;82;82;106m██[38;2;53;128;55m██[38;2;73;175;75m██[38;2;73;175;75m██[38;2;73;175;75m██[38;2;73;175;75m██[38;2;73;175;75m██[38;2;73;175;75m██[38;2;73;175;75m██[38;2;73;175;75m██[38;2;73;175;75m██[38;2;73;175;75m██[38;2;73;175;75m██[38;2;73;175;75m██[38;2;73;175;75m██[38;2;73;175;75m██[38;2;53;128;55m██[38;2;53;128;55m██[38;2;36;33;56m██[38;2;82;82;106m██[38;2;82;82;106m██[38;2;82;82;106m██[38;2;82;82;106m██[38;2;36;33;56m██[38;2;2;2;2m██[38;2;2;2;2m██                      
                [38;2;2;2;2m██[38;2;2;2;2m██[38;2;36;33;56m██[38;2;82;82;106m██[38;2;53;128;55m██[38;2;73;175;75m██[38;2;73;175;75m██[38;2;73;175;75m██[38;2;73;175;75m██[38;2;73;175;75m██[38;2;73;175;75m██[38;2;73;175;75m██[38;2;73;175;75m██[38;2;73;175;75m██[38;2;73;175;75m██[38;2;73;175;75m██[38;2;53;128;55m██[38;2;53;128;55m██[38;2;53;128;55m██[38;2;53;128;55m██[38;2;53;128;55m██[38;2;36;33;56m██[38;2;82;82;106m██[38;2;82;82;106m██[38;2;82;82;106m██[38;2;82;82;106m██[38;2;82;82;106m██[38;2;2;2;2m██                      
                    [38;2;2;2;2m██[38;2;2;2;2m██[38;2;53;128;55m██[38;2;53;128;55m██[38;2;53;128;55m██[38;2;73;175;75m██[38;2;73;175;75m██[38;2;73;175;75m██[38;2;73;175;75m██[38;2;73;175;75m██[38;2;73;175;75m██[38;2;53;128;55m██[38;2;53;128;55m██[38;2;53;128;55m██[38;2;53;128;55m██[38;2;53;128;55m██[38;2;53;128;55m██[38;2;53;128;55m██[38;2;53;128;55m██[38;2;36;33;56m██[38;2;82;82;106m██[38;2;82;82;106m██[38;2;82;82;106m██[38;2;82;82;106m██[38;2;2;2;2m██                        
                        [38;2;2;2;2m██[38;2;53;128;55m██[38;2;53;128;55m██[38;2;53;128;55m██[38;2;53;128;55m██[38;2;53;128;55m██[38;2;53;128;55m██[38;2;53;128;55m██[38;2;53;128;55m██[38;2;53;128;55m██[38;2;53;128;55m██[38;2;53;128;55m██[38;2;53;128;55m██[38;2;53;128;55m██[38;2;53;128;55m██[38;2;53;128;55m██[38;2;53;128;55m██[38;2;53;128;55m██[38;2;36;33;56m██[38;2;82;82;106m██[38;2;82;82;106m██[38;2;2;2;2m██                          
                          [38;2;2;2;2m██[38;2;53;128;55m██[38;2;53;128;55m██[38;2;53;128;55m██[38;2;53;128;55m██[38;2;53;128;55m██[38;2;53;128;55m██[38;2;53;128;55m██[38;2;53;128;55m██[38;2;53;128;55m██[38;2;53;128;55m██[38;2;53;128;55m██[38;2;53;128;55m██[38;2;53;128;55m██[38;2;53;128;55m██[38;2;53;128;55m██[38;2;53;128;55m██[38;2;53;128;55m██[38;2;36;33;56m██[38;2;2;2;2m██                            
                            [38;2;2;2;2m██[38;2;2;2;2m██[38;2;53;128;55m██[38;2;53;128;55m██[38;2;53;128;55m██[38;2;53;128;55m██[38;2;53;128;55m██[38;2;53;128;55m██[38;2;53;128;55m██[38;2;53;128;55m██[38;2;53;128;55m██[38;2;53;128;55m██[38;2;53;128;55m██[38;2;53;128;55m██[38;2;53;128;55m██[38;2;53;128;55m██[38;2;34;83;35m██[38;2;2;2;2m██                              
                                [38;2;2;2;2m██[38;2;34;83;35m██[38;2;53;128;55m██[38;2;53;128;55m██[38;2;53;128;55m██[38;2;53;128;55m██[38;2;53;128;55m██[38;2;53;128;55m██[38;2;53;128;55m██[38;2;53;128;55m██[38;2;53;128;55m██[38;2;53;128;55m██[38;2;53;128;55m██[38;2;2;2;2m██                                  
                                [38;2;34;83;35m██[38;2;2;2;2m██[38;2;34;83;35m██[38;2;34;83;35m██[38;2;53;128;55m██[38;2;53;128;55m██[38;2;53;128;55m██[38;2;53;128;55m██[38;2;53;128;55m██[38;2;53;128;55m██[38;2;53;128;55m██[38;2;34;83;35m██[38;2;34;83;35m██[38;2;2;2;2m██                                  
                            [38;2;34;83;35m██[38;2;34;83;35m██[38;2;53;128;55m██[38;2;53;128;55m██[38;2;53;128;55m██[38;2;53;128;55m██[38;2;53;128;55m██[38;2;53;128;55m██[38;2;53;128;55m██[38;2;53;128;55m██[38;2;53;128;55m██[38;2;53;128;55m██[38;2;53;128;55m██[38;2;53;128;55m██[38;2;53;128;55m██[38;2;53;128;55m██[38;2;2;2;2m██[38;2;2;2;2m██                              
                        [38;2;34;83;35m██[38;2;34;83;35m██[38;2;53;128;55m██[38;2;53;128;55m██[38;2;53;128;55m██[38;2;34;83;35m██[38;2;53;128;55m██[38;2;53;128;55m██[38;2;53;128;55m██[38;2;53;128;55m██[38;2;53;128;55m██[38;2;53;128;55m██[38;2;53;128;55m██[38;2;53;128;55m██[38;2;53;128;55m██[38;2;53;128;55m██[38;2;53;128;55m██[38;2;53;128;55m██[38;2;53;128;55m██[38;2;53;128;55m██[38;2;2;2;2m██[38;2;2;2;2m██                          
          [38;2;2;2;2m██[38;2;2;2;2m██[38;2;2;2;2m██    [38;2;34;83;35m██[38;2;34;83;35m██[38;2;53;128;55m██[38;2;53;128;55m██[38;2;53;128;55m██[38;2;53;128;55m██[38;2;53;128;55m██[38;2;34;83;35m██[38;2;53;128;55m██[38;2;53;128;55m██[38;2;53;128;55m██[38;2;53;128;55m██[38;2;53;128;55m██[38;2;2;2;2m██[38;2;2;2;2m██[38;2;53;128;55m██[38;2;53;128;55m██[38;2;53;128;55m██[38;2;53;128;55m██[38;2;53;128;55m██[38;2;53;128;55m██[38;2;73;175;75m██[38;2;73;175;75m██[38;2;73;175;75m██[38;2;2;2;2m██[38;2;2;2;2m██[38;2;34;83;35m██[38;2;34;83;35m██                  
        [38;2;2;2;2m██[38;2;131;131;156m██[38;2;131;131;156m██[38;2;131;131;156m██[38;2;2;2;2m██[38;2;2;2;2m██[38;2;53;128;55m██[38;2;53;128;55m██[38;2;53;128;55m██[38;2;53;128;55m██[38;2;53;128;55m██[38;2;53;128;55m██[38;2;2;2;2m██[38;2;53;128;55m██[38;2;53;128;55m██[38;2;53;128;55m██[38;2;53;128;55m██[38;2;53;128;55m██[38;2;2;2;2m██[38;2;131;131;156m██[38;2;82;82;106m██[38;2;2;2;2m██[38;2;34;83;35m██[38;2;34;83;35m██[38;2;53;128;55m██[38;2;53;128;55m██[38;2;53;128;55m██[38;2;73;175;75m██[38;2;73;175;75m██[38;2;73;175;75m██[38;2;73;175;75m██[38;2;73;175;75m██[38;2;73;175;75m██[38;2;73;175;75m██[38;2;34;83;35m██[38;2;34;83;35m██[38;2;34;83;35m██[38;2;103;65;44m██[38;2;103;65;44m██        
      [38;2;2;2;2m██[38;2;131;131;156m██[38;2;82;82;106m██[38;2;82;82;106m██[38;2;82;82;106m██[38;2;131;131;156m██[38;2;131;131;156m██[38;2;2;2;2m██[38;2;2;2;2m██[38;2;53;128;55m██[38;2;53;128;55m██[38;2;53;128;55m██[38;2;53;128;55m██[38;2;2;2;2m██[38;2;53;128;55m██[38;2;53;128;55m██[38;2;53;128;55m██[38;2;53;128;55m██[38;2;2;2;2m██[38;2;131;131;156m██[38;2;82;82;106m██[38;2;82;82;106m██[38;2;2;2;2m██[38;2;53;128;55m██[38;2;53;128;55m██[38;2;2;2;2m██[38;2;2;2;2m██[38;2;53;128;55m██[38;2;53;128;55m██[38;2;73;175;75m██[38;2;73;175;75m██[38;2;73;175;75m██[38;2;73;175;75m██[38;2;73;175;75m██[38;2;73;175;75m██[38;2;73;175;75m██[38;2;73;175;75m██[38;2;73;175;75m██[38;2;185;122;87m██[38;2;185;122;87m██[38;2;103;65;44m██[38;2;103;65;44m██[38;2;103;65;44m██  
      [38;2;2;2;2m██[38;2;2;2;2m██[38;2;2;2;2m██[38;2;82;82;106m██[38;2;82;82;106m██[38;2;82;82;106m██[38;2;82;82;106m██[38;2;131;131;156m██[38;2;131;131;156m██[38;2;2;2;2m██[38;2;53;128;55m██[38;2;34;83;35m██[38;2;2;2;2m██[38;2;53;128;55m██[38;2;53;128;55m██[38;2;53;128;55m██[38;2;53;128;55m██[38;2;53;128;55m██[38;2;2;2;2m██[38;2;131;131;156m██[38;2;82;82;106m██[38;2;82;82;106m██[38;2;82;82;106m██[38;2;2;2;2m██[38;2;53;128;55m██[38;2;53;128;55m██[38;2;53;128;55m██[38;2;2;2;2m██[38;2;53;128;55m██[38;2;73;175;75m██[38;2;73;175;75m██[38;2;73;175;75m██[38;2;73;175;75m██[38;2;73;175;75m██[38;2;73;175;75m██[38;2;73;175;75m██[38;2;73;175;75m██[38;2;103;65;44m██[38;2;103;65;44m██[38;2;185;122;87m██[38;2;199;147;118m██[38;2;199;147;118m██[38;2;199;147;118m██[38;2;2;2;2m██
    [38;2;2;2;2m██[38;2;2;2;2m██[38;2;82;82;106m██[38;2;82;82;106m██[38;2;2;2;2m██[38;2;2;2;2m██[38;2;82;82;106m██[38;2;82;82;106m██[38;2;82;82;106m██[38;2;82;82;106m██[38;2;131;131;156m██[38;2;2;2;2m██  [38;2;2;2;2m██[38;2;53;128;55m██[38;2;53;128;55m██[38;2;53;128;55m██[38;2;53;128;55m██[38;2;53;128;55m██[38;2;2;2;2m██[38;2;2;2;2m██[38;2;2;2;2m██[38;2;82;82;106m██[38;2;82;82;106m██[38;2;2;2;2m██[38;2;53;128;55m██[38;2;53;128;55m██[38;2;53;128;55m██[38;2;36;33;56m██[38;2;2;2;2m██[38;2;73;175;75m██[38;2;73;175;75m██[38;2;73;175;75m██[38;2;73;175;75m██[38;2;73;175;75m██[38;2;73;175;75m██[38;2;73;175;75m██[38;2;73;175;75m██[38;2;185;122;87m██[38;2;185;122;87m██[38;2;103;65;44m██[38;2;103;65;44m██[38;2;103;65;44m██[38;2;185;122;87m██[38;2;2;2;2m██
  [38;2;2;2;2m██[38;2;185;122;87m██[38;2;2;2;2m██[38;2;82;82;106m██[38;2;82;82;106m██[38;2;82;82;106m██[38;2;82;82;106m██[38;2;2;2;2m██[38;2;2;2;2m██[38;2;82;82;106m██[38;2;82;82;106m██[38;2;82;82;106m██[38;2;82;82;106m██[38;2;2;2;2m██[38;2;34;83;35m██[38;2;53;128;55m██[38;2;53;128;55m██[38;2;53;128;55m██[38;2;53;128;55m██[38;2;53;128;55m██[38;2;2;2;2m██[38;2;131;131;156m██[38;2;82;82;106m██[38;2;2;2;2m██[38;2;82;82;106m██[38;2;82;82;106m██[38;2;2;2;2m██[38;2;53;128;55m██[38;2;53;128;55m██[38;2;53;128;55m██[38;2;36;33;56m██[38;2;2;2;2m██[38;2;34;83;35m██[38;2;73;175;75m██[38;2;73;175;75m██[38;2;73;175;75m██[38;2;73;175;75m██[38;2;73;175;75m██[38;2;185;122;87m██[38;2;185;122;87m██[38;2;199;147;118m██[38;2;199;147;118m██[38;2;199;147;118m██[38;2;199;147;118m██[38;2;2;2;2m██  
[38;2;2;2;2m██[38;2;185;122;87m██[38;2;185;122;87m██[38;2;2;2;2m██[38;2;82;82;106m██[38;2;82;82;106m██[38;2;82;82;106m██[38;2;82;82;106m██[38;2;82;82;106m██[38;2;82;82;106m██[38;2;2;2;2m██[38;2;82;82;106m██[38;2;82;82;106m██[38;2;82;82;106m██[38;2;82;82;106m██[38;2;2;2;2m██[38;2;53;128;55m██[38;2;53;128;55m██[38;2;53;128;55m██[38;2;53;128;55m██[38;2;53;128;55m██[38;2;2;2;2m██[38;2;82;82;106m██[38;2;82;82;106m██[38;2;82;82;106m██[38;2;2;2;2m██[38;2;82;82;106m██[38;2;2;2;2m██[38;2;53;128;55m██[38;2;53;128;55m██[38;2;53;128;55m██[38;2;36;33;56m██[38;2;131;131;156m██[38;2;2;2;2m██[38;2;73;175;75m██[38;2;73;175;75m██[38;2;73;175;75m██[38;2;73;175;75m██[38;2;73;175;75m██[38;2;103;65;44m██[38;2;103;65;44m██[38;2;185;122;87m██[38;2;199;147;118m██[38;2;199;147;118m██[38;2;199;147;118m██[38;2;2;2;2m██  
[38;2;2;2;2m██[38;2;185;122;87m██[38;2;2;2;2m██[38;2;2;2;2m██[38;2;82;82;106m██[38;2;82;82;106m██[38;2;82;82;106m██[38;2;82;82;106m██[38;2;82;82;106m██[38;2;82;82;106m██[38;2;82;82;106m██[38;2;2;2;2m██[38;2;2;2;2m██[38;2;82;82;106m██[38;2;82;82;106m██[38;2;82;82;106m██[38;2;2;2;2m██[38;2;53;128;55m██[38;2;53;128;55m██[38;2;53;128;55m██[38;2;53;128;55m██[38;2;2;2;2m██[38;2;82;82;106m██[38;2;82;82;106m██[38;2;82;82;106m██[38;2;82;82;106m██[38;2;2;2;2m██[38;2;2;2;2m██[38;2;53;128;55m██[38;2;53;128;55m██[38;2;53;128;55m██[38;2;36;33;56m██[38;2;82;82;106m██[38;2;131;131;156m██[38;2;2;2;2m██[38;2;2;2;2m██[38;2;73;175;75m██[38;2;73;175;75m██[38;2;185;122;87m██[38;2;185;122;87m██[38;2;185;122;87m██[38;2;103;65;44m██[38;2;103;65;44m██[38;2;185;122;87m██[38;2;2;2;2m██    
  [38;2;2;2;2m██[38;2;103;65;44m██[38;2;185;122;87m██[38;2;2;2;2m██[38;2;82;82;106m██[38;2;82;82;106m██[38;2;82;82;106m██[38;2;82;82;106m██[38;2;82;82;106m██[38;2;82;82;106m██[38;2;82;82;106m██[38;2;82;82;106m██[38;2;2;2;2m██[38;2;2;2;2m██[38;2;82;82;106m██[38;2;82;82;106m██[38;2;53;128;55m██[38;2;53;128;55m██[38;2;53;128;55m██[38;2;53;128;55m██[38;2;2;2;2m██[38;2;82;82;106m██[38;2;82;82;106m██[38;2;82;82;106m██[38;2;82;82;106m██[38;2;82;82;106m██[38;2;34;83;35m██[38;2;53;128;55m██[38;2;53;128;55m██[38;2;53;128;55m██[38;2;53;128;55m██[38;2;82;82;106m██[38;2;131;131;156m██[38;2;36;33;56m██  [38;2;2;2;2m██[38;2;2;2;2m██[38;2;185;122;87m██[38;2;185;122;87m██[38;2;199;147;118m██[38;2;199;147;118m██[38;2;199;147;118m██[38;2;103;65;44m██[38;2;2;2;2m██    
  [38;2;2;2;2m██[38;2;185;122;87m██[38;2;185;122;87m██[38;2;2;2;2m██[38;2;2;2;2m██[38;2;82;82;106m██[38;2;82;82;106m██[38;2;82;82;106m██[38;2;82;82;106m██[38;2;82;82;106m██[38;2;82;82;106m██[38;2;82;82;106m██[38;2;82;82;106m██[38;2;82;82;106m██[38;2;2;2;2m██[38;2;2;2;2m██[38;2;34;83;35m██[38;2;53;128;55m██[38;2;53;128;55m██[38;2;53;128;55m██[38;2;2;2;2m██[38;2;82;82;106m██[38;2;82;82;106m██[38;2;82;82;106m██[38;2;82;82;106m██[38;2;82;82;106m██[38;2;34;83;35m██[38;2;53;128;55m██[38;2;53;128;55m██[38;2;53;128;55m██[38;2;53;128;55m██[38;2;36;33;56m██[38;2;82;82;106m██[38;2;36;33;56m██      [38;2;2;2;2m██[38;2;2;2;2m██[38;2;185;122;87m██[38;2;199;147;118m██[38;2;199;147;118m██[38;2;2;2;2m██      
  [38;2;2;2;2m██[38;2;185;122;87m██[38;2;2;2;2m██[38;2;2;2;2m██[38;2;82;82;106m██[38;2;2;2;2m██[38;2;2;2;2m██[38;2;82;82;106m██[38;2;82;82;106m██[38;2;82;82;106m██[38;2;82;82;106m██[38;2;82;82;106m██[38;2;82;82;106m██[38;2;82;82;106m██[38;2;82;82;106m██[38;2;82;82;106m██[38;2;34;83;35m██[38;2;53;128;55m██[38;2;53;128;55m██[38;2;53;128;55m██[38;2;53;128;55m██[38;2;2;2;2m██[38;2;82;82;106m██[38;2;82;82;106m██[38;2;82;82;106m██[38;2;2;2;2m██[38;2;34;83;35m██[38;2;53;128;55m██[38;2;53;128;55m██[38;2;53;128;55m██[38;2;53;128;55m██[38;2;36;33;56m██[38;2;82;82;106m██[38;2;36;33;56m██          [38;2;2;2;2m██[38;2;2;2;2m██[38;2;2;2;2m██        
    [38;2;2;2;2m██[38;2;103;65;44m██[38;2;185;122;87m██[38;2;2;2;2m██[38;2;82;82;106m██[38;2;82;82;106m██[38;2;2;2;2m██[38;2;2;2;2m██[38;2;82;82;106m██[38;2;82;82;106m██[38;2;82;82;106m██[38;2;82;82;106m██[38;2;82;82;106m██[38;2;2;2;2m██[38;2;2;2;2m██[38;2;34;83;35m██[38;2;53;128;55m██[38;2;53;128;55m██[38;2;53;128;55m██[38;2;53;128;55m██[38;2;2;2;2m██[38;2;82;82;106m██[38;2;82;82;106m██[38;2;2;2;2m██[38;2;82;82;106m██[38;2;34;83;35m██[38;2;53;128;55m██[38;2;53;128;55m██[38;2;53;128;55m██[38;2;53;128;55m██[38;2;36;33;56m██[38;2;82;82;106m██[38;2;36;33;56m██                        
    [38;2;2;2;2m██[38;2;185;122;87m██[38;2;185;122;87m██[38;2;2;2;2m██[38;2;82;82;106m██[38;2;82;82;106m██[38;2;82;82;106m██[38;2;82;82;106m██[38;2;2;2;2m██[38;2;2;2;2m██[38;2;2;2;2m██[38;2;2;2;2m██[38;2;2;2;2m██[38;2;82;82;106m██[38;2;2;2;2m██[38;2;53;128;55m██[38;2;53;128;55m██[38;2;53;128;55m██[38;2;53;128;55m██[38;2;53;128;55m██[38;2;2;2;2m██[38;2;2;2;2m██[38;2;2;2;2m██[38;2;82;82;106m██[38;2;82;82;106m██[38;2;2;2;2m██[38;2;53;128;55m██[38;2;53;128;55m██[38;2;53;128;55m██[38;2;53;128;55m██[38;2;53;128;55m██[38;2;36;33;56m██[38;2;2;2;2m██                        
      [38;2;2;2;2m██[38;2;2;2;2m██  [38;2;2;2;2m██[38;2;82;82;106m██[38;2;82;82;106m██[38;2;82;82;106m██[38;2;82;82;106m██[38;2;82;82;106m██[38;2;82;82;106m██[38;2;82;82;106m██[38;2;82;82;106m██[38;2;2;2;2m██[38;2;53;128;55m██[38;2;53;128;55m██[38;2;53;128;55m██[38;2;53;128;55m██[38;2;53;128;55m██[38;2;53;128;55m██[38;2;53;128;55m██[38;2;2;2;2m██[38;2;82;82;106m██[38;2;82;82;106m██[38;2;82;82;106m██[38;2;2;2;2m██[38;2;53;128;55m██[38;2;53;128;55m██[38;2;53;128;55m██[38;2;53;128;55m██[38;2;53;128;55m██[38;2;36;33;56m██[38;2;2;2;2m██                        
              [38;2;2;2;2m██[38;2;82;82;106m██[38;2;82;82;106m██[38;2;82;82;106m██[38;2;82;82;106m██[38;2;82;82;106m██[38;2;82;82;106m██[38;2;2;2;2m██[38;2;53;128;55m██[38;2;53;128;55m██[38;2;53;128;55m██[38;2;53;128;55m██[38;2;53;128;55m██[38;2;53;128;55m██[38;2;53;128;55m██[38;2;53;128;55m██[38;2;2;2;2m██[38;2;82;82;106m██[38;2;82;82;106m██[38;2;2;2;2m██[38;2;53;128;55m██[38;2;53;128;55m██[38;2;53;128;55m██[38;2;53;128;55m██[38;2;53;128;55m██[38;2;53;128;55m██[38;2;2;2;2m██                          
                [38;2;2;2;2m██[38;2;2;2;2m██[38;2;82;82;106m██[38;2;82;82;106m██[38;2;2;2;2m██[38;2;2;2;2m██[38;2;125;79;53m██[38;2;125;79;53m██[38;2;103;65;44m██[38;2;103;65;44m██[38;2;53;128;55m██[38;2;53;128;55m██[38;2;53;128;55m██[38;2;53;128;55m██[38;2;53;128;55m██[38;2;53;128;55m██[38;2;2;2;2m██[38;2;82;82;106m██[38;2;2;2;2m██[38;2;125;79;53m██[38;2;53;128;55m██[38;2;53;128;55m██[38;2;53;128;55m██[38;2;53;128;55m██[38;2;53;128;55m██[38;2;2;2;2m██                          
                    [38;2;2;2;2m██[38;2;2;2;2m██[38;2;2;2;2m██[38;2;125;79;53m██[38;2;125;79;53m██[38;2;125;79;53m██[38;2;125;79;53m██[38;2;125;79;53m██[38;2;103;65;44m██[38;2;103;65;44m██[38;2;103;65;44m██[38;2;2;2;2m██[38;2;2;2;2m██[38;2;34;83;35m██[38;2;73;175;75m██[38;2;2;2;2m██[38;2;125;79;53m██[38;2;125;79;53m██[38;2;125;79;53m██[38;2;125;79;53m██[38;2;125;79;53m██[38;2;53;128;55m██[38;2;53;128;55m██[38;2;2;2;2m██                          
                        [38;2;2;2;2m██[38;2;125;79;53m██[38;2;125;79;53m██[38;2;125;79;53m██[38;2;125;79;53m██[38;2;125;79;53m██[38;2;125;79;53m██[38;2;125;79;53m██[38;2;2;2;2m██    [38;2;2;2;2m██[38;2;2;2;2m██[38;2;125;79;53m██[38;2;125;79;53m██[38;2;125;79;53m██[38;2;125;79;53m██[38;2;125;79;53m██[38;2;125;79;53m██[38;2;125;79;53m██[38;2;125;79;53m██[38;2;2;2;2m██                          
                          [38;2;2;2;2m██[38;2;125;79;53m██[38;2;125;79;53m██[38;2;125;79;53m██[38;2;125;79;53m██[38;2;125;79;53m██[38;2;2;2;2m██          [38;2;2;2;2m██[38;2;125;79;53m██[38;2;125;79;53m██[38;2;125;79;53m██[38;2;125;79;53m██[38;2;125;79;53m██[38;2;125;79;53m██[38;2;125;79;53m██[38;2;2;2;2m██                          
                          [38;2;2;2;2m██[38;2;125;79;53m██[38;2;125;79;53m██[38;2;125;79;53m██[38;2;125;79;53m██[38;2;2;2;2m██            [38;2;103;65;44m██[38;2;103;65;44m██[38;2;125;79;53m██[38;2;125;79;53m██[38;2;125;79;53m██[38;2;125;79;53m██[38;2;125;79;53m██[38;2;125;79;53m██[38;2;2;2;2m██                          
                            [38;2;2;2;2m██[38;2;2;2;2m██[38;2;2;2;2m██[38;2;2;2;2m██                [38;2;2;2;2m██[38;2;125;79;53m██[38;2;125;79;53m██[38;2;125;79;53m██[38;2;125;79;53m██[38;2;125;79;53m██[38;2;2;2;2m██                            
                                                      [38;2;2;2;2m██[38;2;125;79;53m██[38;2;125;79;53m██[38;2;125;79;53m██[38;2;103;65;44m██[38;2;2;2;2m██                            
                                                        [38;2;2;2;2m██[38;2;2;2;2m██[38;2;2;2;2m██[38;2;2;2;2m██[38;2;2;2;2m██                            
