                                                                    [38;2;54;54;60m██[38;2;54;54;60m██                                                
                                                                  [38;2;0;0;0m██[38;2;148;148;164m██[38;2;208;208;212m██[38;2;54;54;60m██                                              
                                                                  [38;2;0;0;0m██[38;2;96;97;108m██[38;2;171;171;177m██[38;2;171;171;177m██[38;2;54;54;60m██                                            
                                                      [38;2;54;54;60m██[38;2;54;54;60m██          [38;2;0;0;0m██[38;2;0;0;0m██[38;2;0;0;0m██[38;2;148;148;164m██[38;2;54;54;60m██                                          
                                                    [38;2;0;0;0m██[38;2;148;148;164m██[38;2;208;208;212m██[38;2;54;54;60m██[38;2;54;54;60m██            [38;2;0;0;0m██[38;2;0;0;0m██[38;2;54;54;60m██                                        
                                                    [38;2;0;0;0m██[38;2;96;97;108m██[38;2;171;171;177m██[38;2;171;171;177m██[38;2;171;171;177m██[38;2;54;54;60m██              [38;2;0;0;0m██[38;2;54;54;60m██                                      
                                                      [38;2;0;0;0m██[38;2;0;0;0m██[38;2;0;0;0m██[38;2;0;0;0m██[38;2;0;0;0m██[38;2;54;54;60m██[38;2;54;54;60m██            [38;2;0;0;0m██[38;2;54;54;60m██                                    
                                                                [38;2;0;0;0m██[38;2;0;0;0m██[38;2;0;0;0m██[38;2;54;54;60m██          [38;2;0;0;0m██[38;2;54;54;60m██                                  
                      [38;2;41;131;70m██[38;2;41;131;70m██[38;2;41;131;70m██[38;2;41;131;70m██[38;2;41;131;70m██[38;2;41;131;70m██[38;2;41;131;70m██[38;2;41;131;70m██        [38;2;0;0;0m██[38;2;0;0;0m██[38;2;0;0;0m██[38;2;0;0;0m██[38;2;0;0;0m██[38;2;0;0;0m██            [38;2;0;0;0m██[38;2;0;0;0m██[38;2;54;54;60m██        [38;2;0;0;0m██                                  
              [38;2;41;131;70m██[38;2;41;131;70m██[38;2;41;131;70m██[38;2;41;131;70m██[38;2;73;181;115m██[38;2;73;181;115m██[38;2;73;181;115m██[38;2;73;181;115m██[38;2;73;181;115m██[38;2;73;181;115m██[38;2;73;181;115m██[38;2;73;181;115m██[38;2;41;131;70m██[38;2;41;131;70m██[38;2;0;0;0m██[38;2;0;0;0m██[38;2;178;41;213m██[38;2;178;41;213m██[38;2;178;41;213m██[38;2;178;41;213m██[38;2;216;98;246m██[38;2;216;98;246m██[38;2;0;0;0m██[38;2;0;0;0m██[38;2;0;0;0m██          [38;2;0;0;0m██[38;2;54;54;60m██[38;2;54;54;60m██    [38;2;0;0;0m██[38;2;54;54;60m██                                
          [38;2;41;131;70m██[38;2;41;131;70m██[38;2;73;181;115m██[38;2;73;181;115m██[38;2;73;181;115m██[38;2;73;181;115m██[38;2;73;181;115m██[38;2;128;216;156m██[38;2;208;208;212m██[38;2;208;208;212m██[38;2;208;208;212m██[38;2;208;208;212m██[38;2;208;208;212m██[38;2;41;131;70m██[38;2;0;0;0m██[38;2;0;0;0m██[38;2;178;41;213m██[38;2;178;41;213m██[38;2;178;41;213m██[38;2;178;41;213m██[38;2;244;170;250m██[38;2;245;245;247m██[38;2;245;245;247m██[38;2;244;170;250m██[38;2;216;98;246m██[38;2;216;98;246m██[38;2;216;98;246m██[38;2;0;0;0m██[38;2;0;0;0m██        [38;2;0;0;0m██[38;2;0;0;0m██[38;2;54;54;60m██    [38;2;0;0;0m██                                
      [38;2;41;131;70m██[38;2;41;131;70m██[38;2;73;181;115m██[38;2;73;181;115m██[38;2;73;181;115m██[38;2;73;181;115m██[38;2;128;216;156m██[38;2;208;208;212m██[38;2;208;208;212m██[38;2;208;208;212m██[38;2;208;208;212m██[38;2;208;208;212m██[38;2;208;208;212m██[38;2;208;208;212m██[38;2;208;208;212m██[38;2;0;0;0m██[38;2;99;41;131m██[38;2;178;41;213m██[38;2;244;170;250m██[38;2;245;245;247m██[38;2;245;245;247m██[38;2;245;245;247m██[38;2;245;245;247m██[38;2;245;245;247m██[38;2;245;245;247m██[38;2;245;245;247m██[38;2;245;245;247m██[38;2;245;245;247m██[38;2;244;170;250m██[38;2;216;98;246m██[38;2;216;98;246m██[38;2;0;0;0m██          [38;2;0;0;0m██[38;2;54;54;60m██  [38;2;0;0;0m██[38;2;54;54;60m██                              
    [38;2;41;131;70m██[38;2;73;181;115m██[38;2;73;181;115m██[38;2;73;181;115m██[38;2;208;208;212m██[38;2;208;208;212m██[38;2;208;208;212m██[38;2;208;208;212m██[38;2;208;208;212m██[38;2;208;208;212m██[38;2;208;208;212m██[38;2;208;208;212m██[38;2;208;208;212m██[38;2;208;208;212m██[38;2;41;88;213m██[38;2;0;0;0m██[38;2;99;41;131m██[38;2;178;41;213m██[38;2;245;245;247m██[38;2;245;245;247m██[38;2;245;245;247m██[38;2;245;245;247m██[38;2;245;245;247m██[38;2;245;245;247m██[38;2;245;245;247m██[38;2;245;245;247m██[38;2;245;245;247m██[38;2;245;245;247m██[38;2;245;245;247m██[38;2;245;245;247m██[38;2;244;170;250m██[38;2;216;98;246m██[38;2;216;98;246m██[38;2;0;0;0m██          [38;2;0;0;0m██[38;2;54;54;60m██[38;2;0;0;0m██[38;2;54;54;60m██                              
  [38;2;41;131;70m██[38;2;73;181;115m██[38;2;73;181;115m██[38;2;208;208;212m██[38;2;208;208;212m██[38;2;208;208;212m██[38;2;208;208;212m██[38;2;208;208;212m██[38;2;208;208;212m██[38;2;208;208;212m██[38;2;208;208;212m██[38;2;208;208;212m██[38;2;208;208;212m██[38;2;208;208;212m██[38;2;41;88;213m██[38;2;0;0;0m██[38;2;99;41;131m██[38;2;178;41;213m██[38;2;245;245;247m██[38;2;245;245;247m██[38;2;245;245;247m██[38;2;245;245;247m██[38;2;245;245;247m██[38;2;245;245;247m██[38;2;245;245;247m██[38;2;250;170;170m██[38;2;246;98;98m██[38;2;250;170;170m██[38;2;245;245;247m██[38;2;245;245;247m██[38;2;245;245;247m██[38;2;245;245;247m██[38;2;244;170;250m██[38;2;178;41;213m██[38;2;99;41;131m██[38;2;0;0;0m██        [38;2;0;0;0m██[38;2;148;148;164m██[38;2;96;97;108m██[38;2;54;54;60m██[38;2;0;0;0m██                            
  [38;2;41;131;70m██[38;2;73;181;115m██[38;2;208;208;212m██[38;2;208;208;212m██[38;2;208;208;212m██[38;2;208;208;212m██[38;2;208;208;212m██[38;2;208;208;212m██[38;2;208;208;212m██[38;2;208;208;212m██[38;2;208;208;212m██[38;2;208;208;212m██[38;2;208;208;212m██[38;2;208;208;212m██[38;2;41;88;213m██[38;2;0;0;0m██[38;2;178;41;213m██[38;2;244;170;250m██[38;2;245;245;247m██[38;2;245;245;247m██[38;2;245;245;247m██[38;2;245;245;247m██[38;2;245;245;247m██[38;2;245;245;247m██[38;2;246;98;98m██[38;2;213;41;41m██[38;2;213;41;41m██[38;2;213;41;41m██[38;2;246;98;98m██[38;2;245;245;247m██[38;2;245;245;247m██[38;2;245;245;247m██[38;2;245;245;247m██[38;2;244;170;250m██[38;2;178;41;213m██[38;2;178;41;213m██[38;2;0;0;0m██    [38;2;0;0;0m██[38;2;96;97;108m██[38;2;148;148;164m██[38;2;148;148;164m██[38;2;171;171;177m██[38;2;0;0;0m██[38;2;96;97;108m██                          
[38;2;41;131;70m██[38;2;73;181;115m██[38;2;41;131;70m██[38;2;208;208;212m██[38;2;208;208;212m██[38;2;208;208;212m██[38;2;208;208;212m██[38;2;208;208;212m██[38;2;208;208;212m██[38;2;208;208;212m██[38;2;208;208;212m██[38;2;208;208;212m██[38;2;208;208;212m██[38;2;208;208;212m██[38;2;208;208;212m██[38;2;0;0;0m██[38;2;178;41;213m██[38;2;244;170;250m██[38;2;245;245;247m██[38;2;245;245;247m██[38;2;245;245;247m██[38;2;245;245;247m██[38;2;245;245;247m██[38;2;245;245;247m██[38;2;245;245;247m██[38;2;213;41;41m██[38;2;213;41;41m██[38;2;213;41;41m██[38;2;213;41;41m██[38;2;213;41;41m██[38;2;250;170;170m██[38;2;245;245;247m██[38;2;245;245;247m██[38;2;245;245;247m██[38;2;245;245;247m██[38;2;244;170;250m██[38;2;178;41;213m██[38;2;99;41;131m██[38;2;0;0;0m██[38;2;0;0;0m██[38;2;148;148;164m██[38;2;148;148;164m██[38;2;148;148;164m██[38;2;148;148;164m██[38;2;171;171;177m██[38;2;171;171;177m██[38;2;96;97;108m██[38;2;0;0;0m██                        
[38;2;41;131;70m██[38;2;73;181;115m██[38;2;208;208;212m██[38;2;208;208;212m██[38;2;208;208;212m██[38;2;208;208;212m██[38;2;208;208;212m██[38;2;208;208;212m██[38;2;208;208;212m██[38;2;208;208;212m██[38;2;208;208;212m██[38;2;208;208;212m██[38;2;208;208;212m██[38;2;208;208;212m██[38;2;208;208;212m██[38;2;0;0;0m██[38;2;178;41;213m██[38;2;245;245;247m██[38;2;245;245;247m██[38;2;245;245;247m██[38;2;245;245;247m██[38;2;245;245;247m██[38;2;245;245;247m██[38;2;245;245;247m██[38;2;245;245;247m██[38;2;213;41;41m██[38;2;213;41;41m██[38;2;213;41;41m██[38;2;213;41;41m██[38;2;213;41;41m██[38;2;250;170;170m██[38;2;245;245;247m██[38;2;245;245;247m██[38;2;245;245;247m██[38;2;245;245;247m██[38;2;245;245;247m██[38;2;244;170;250m██[38;2;178;41;213m██[38;2;0;0;0m██[38;2;148;148;164m██[38;2;148;148;164m██[38;2;148;148;164m██[38;2;148;148;164m██[38;2;148;148;164m██[38;2;148;148;164m██[38;2;171;171;177m██[38;2;171;171;177m██[38;2;148;148;164m██[38;2;0;0;0m██                      
  [38;2;73;181;115m██[38;2;208;208;212m██[38;2;208;208;212m██[38;2;208;208;212m██[38;2;208;208;212m██[38;2;208;208;212m██[38;2;208;208;212m██[38;2;208;208;212m██[38;2;208;208;212m██[38;2;208;208;212m██[38;2;208;208;212m██[38;2;208;208;212m██[38;2;208;208;212m██[38;2;208;208;212m██[38;2;0;0;0m██[38;2;178;41;213m██[38;2;245;245;247m██[38;2;245;245;247m██[38;2;245;245;247m██[38;2;245;245;247m██[38;2;245;245;247m██[38;2;245;245;247m██[38;2;245;245;247m██[38;2;245;245;247m██[38;2;246;98;98m██[38;2;213;41;41m██[38;2;213;41;41m██[38;2;213;41;41m██[38;2;246;98;98m██[38;2;245;245;247m██[38;2;245;245;247m██[38;2;213;41;41m██[38;2;213;41;41m██[38;2;245;245;247m██[38;2;245;245;247m██[38;2;245;245;247m██[38;2;178;41;213m██[38;2;99;41;131m██[38;2;148;148;164m██[38;2;148;148;164m██[38;2;148;148;164m██[38;2;148;148;164m██[38;2;148;148;164m██[38;2;148;148;164m██[38;2;148;148;164m██[38;2;245;245;247m██[38;2;245;245;247m██[38;2;208;208;212m██[38;2;0;0;0m██                    
  [38;2;41;131;70m██[38;2;208;208;212m██[38;2;208;208;212m██[38;2;208;208;212m██[38;2;208;208;212m██[38;2;208;208;212m██[38;2;208;208;212m██[38;2;208;208;212m██[38;2;208;208;212m██[38;2;208;208;212m██[38;2;208;208;212m██[38;2;208;208;212m██[38;2;208;208;212m██[38;2;208;208;212m██[38;2;0;0;0m██[38;2;178;41;213m██[38;2;245;245;247m██[38;2;245;245;247m██[38;2;245;245;247m██[38;2;245;245;247m██[38;2;245;245;247m██[38;2;245;245;247m██[38;2;245;245;247m██[38;2;245;245;247m██[38;2;245;245;247m██[38;2;250;170;170m██[38;2;246;98;98m██[38;2;250;170;170m██[38;2;245;245;247m██[38;2;245;245;247m██[38;2;213;41;41m██[38;2;213;41;41m██[38;2;158;34;34m██[38;2;158;34;34m██[38;2;208;208;212m██[38;2;208;208;212m██[38;2;216;98;246m██[38;2;178;41;213m██[38;2;0;0;0m██[38;2;148;148;164m██[38;2;148;148;164m██[38;2;148;148;164m██[38;2;148;148;164m██[38;2;208;208;212m██[38;2;208;208;212m██[38;2;208;208;212m██[38;2;245;245;247m██[38;2;245;245;247m██[38;2;245;245;247m██[38;2;0;0;0m██                  
  [38;2;41;131;70m██[38;2;208;208;212m██[38;2;208;208;212m██[38;2;208;208;212m██[38;2;208;208;212m██[38;2;208;208;212m██[38;2;208;208;212m██[38;2;171;170;250m██[38;2;41;88;213m██[38;2;41;88;213m██[38;2;41;88;213m██[38;2;41;88;213m██[38;2;171;170;250m██[38;2;171;170;250m██[38;2;0;0;0m██[38;2;99;41;131m██[38;2;245;245;247m██[38;2;245;245;247m██[38;2;245;245;247m██[38;2;245;245;247m██[38;2;245;245;247m██[38;2;245;245;247m██[38;2;245;245;247m██[38;2;245;245;247m██[38;2;245;245;247m██[38;2;245;245;247m██[38;2;245;245;247m██[38;2;245;245;247m██[38;2;245;245;247m██[38;2;245;245;247m██[38;2;213;41;41m██[38;2;158;34;34m██[38;2;158;34;34m██[38;2;158;34;34m██[38;2;195;129;129m██[38;2;208;208;212m██[38;2;208;208;212m██[38;2;178;41;213m██[38;2;0;0;0m██[38;2;148;148;164m██[38;2;148;148;164m██[38;2;148;148;164m██[38;2;208;208;212m██[38;2;208;208;212m██[38;2;208;208;212m██[38;2;208;208;212m██[38;2;208;208;212m██[38;2;245;245;247m██[38;2;96;97;108m██[38;2;246;98;98m██[38;2;148;148;164m██                
  [38;2;54;54;60m██[38;2;208;208;212m██[38;2;208;208;212m██[38;2;208;208;212m██[38;2;208;208;212m██[38;2;171;170;250m██[38;2;41;88;213m██[38;2;41;88;213m██[38;2;41;88;213m██[38;2;41;88;213m██[38;2;41;88;213m██[38;2;41;88;213m██[38;2;41;88;213m██[38;2;41;88;213m██[38;2;41;88;213m██[38;2;0;0;0m██[38;2;216;98;246m██[38;2;245;245;247m██[38;2;245;245;247m██[38;2;245;245;247m██[38;2;245;245;247m██[38;2;245;245;247m██[38;2;245;245;247m██[38;2;245;245;247m██[38;2;245;245;247m██[38;2;245;245;247m██[38;2;245;245;247m██[38;2;245;245;247m██[38;2;245;245;247m██[38;2;245;245;247m██[38;2;195;129;129m██[38;2;158;34;34m██[38;2;158;34;34m██[38;2;158;34;34m██[38;2;158;34;34m██[38;2;195;129;129m██[38;2;208;208;212m██[38;2;216;98;246m██[38;2;178;41;213m██[38;2;0;0;0m██[38;2;148;148;164m██[38;2;208;208;212m██[38;2;208;208;212m██[38;2;208;208;212m██[38;2;208;208;212m██[38;2;208;208;212m██[38;2;208;208;212m██[38;2;208;208;212m██[38;2;96;97;108m██[38;2;255;255;238m██[38;2;148;148;164m██                
  [38;2;54;54;60m██[38;2;208;208;212m██[38;2;208;208;212m██[38;2;208;208;212m██[38;2;208;208;212m██[38;2;41;88;213m██[38;2;41;88;213m██[38;2;41;88;213m██[38;2;41;88;213m██[38;2;41;88;213m██[38;2;41;88;213m██[38;2;41;88;213m██[38;2;41;88;213m██[38;2;41;88;213m██[38;2;41;88;213m██[38;2;0;0;0m██[38;2;178;41;213m██[38;2;245;245;247m██[38;2;245;245;247m██[38;2;245;245;247m██[38;2;245;245;247m██[38;2;250;170;170m██[38;2;246;98;98m██[38;2;246;98;98m██[38;2;246;98;98m██[38;2;250;170;170m██[38;2;250;170;170m██[38;2;245;245;247m██[38;2;245;245;247m██[38;2;245;245;247m██[38;2;208;208;212m██[38;2;158;34;34m██[38;2;158;34;34m██[38;2;158;34;34m██[38;2;158;34;34m██[38;2;158;34;34m██[38;2;208;208;212m██[38;2;208;208;212m██[38;2;178;41;213m██[38;2;0;0;0m██[38;2;148;148;164m██[38;2;208;208;212m██[38;2;208;208;212m██[38;2;208;208;212m██[38;2;208;208;212m██[38;2;208;208;212m██[38;2;208;208;212m██[38;2;208;208;212m██[38;2;96;97;108m██[38;2;148;148;164m██[38;2;255;255;238m██[38;2;148;148;164m██              
    [38;2;54;54;60m██[38;2;208;208;212m██[38;2;208;208;212m██[38;2;208;208;212m██[38;2;171;170;250m██[38;2;41;88;213m██[38;2;41;88;213m██[38;2;41;88;213m██[38;2;41;88;213m██[38;2;41;88;213m██[38;2;41;88;213m██[38;2;41;88;213m██[38;2;41;88;213m██[38;2;41;88;213m██[38;2;41;88;213m██[38;2;0;0;0m██[38;2;245;245;247m██[38;2;245;245;247m██[38;2;245;245;247m██[38;2;250;170;170m██[38;2;213;41;41m██[38;2;213;41;41m██[38;2;213;41;41m██[38;2;213;41;41m██[38;2;213;41;41m██[38;2;213;41;41m██[38;2;250;170;170m██[38;2;245;245;247m██[38;2;208;208;212m██[38;2;208;208;212m██[38;2;208;208;212m██[38;2;158;34;34m██[38;2;158;34;34m██[38;2;158;34;34m██[38;2;158;34;34m██[38;2;195;129;129m██[38;2;208;208;212m██[38;2;216;98;246m██[38;2;178;41;213m██[38;2;0;0;0m██[38;2;208;208;212m██[38;2;208;208;212m██[38;2;208;208;212m██[38;2;208;208;212m██[38;2;208;208;212m██[38;2;208;208;212m██[38;2;208;208;212m██[38;2;0;0;0m██[38;2;0;0;0m██[38;2;246;98;98m██[38;2;0;0;0m██              
      [38;2;54;54;60m██[38;2;208;208;212m██[38;2;208;208;212m██[38;2;208;208;212m██[38;2;171;170;250m██[38;2;171;170;250m██[38;2;41;88;213m██[38;2;41;88;213m██[38;2;41;88;213m██[38;2;41;88;213m██[38;2;41;88;213m██[38;2;41;88;213m██[38;2;41;88;213m██[38;2;41;88;213m██[38;2;0;0;0m██[38;2;216;98;246m██[38;2;245;245;247m██[38;2;245;245;247m██[38;2;250;170;170m██[38;2;213;41;41m██[38;2;213;41;41m██[38;2;213;41;41m██[38;2;213;41;41m██[38;2;213;41;41m██[38;2;213;41;41m██[38;2;213;41;41m██[38;2;250;170;170m██[38;2;208;208;212m██[38;2;208;208;212m██[38;2;208;208;212m██[38;2;195;129;129m██[38;2;158;34;34m██[38;2;158;34;34m██[38;2;158;34;34m██[38;2;158;34;34m██[38;2;208;208;212m██[38;2;208;208;212m██[38;2;178;41;213m██[38;2;0;0;0m██[38;2;208;208;212m██[38;2;208;208;212m██[38;2;208;208;212m██[38;2;208;208;212m██[38;2;208;208;212m██[38;2;208;208;212m██[38;2;208;208;212m██[38;2;0;0;0m██[38;2;0;0;0m██[38;2;246;98;98m██[38;2;0;0;0m██              
        [38;2;54;54;60m██[38;2;54;54;60m██[38;2;208;208;212m██[38;2;208;208;212m██[38;2;208;208;212m██[38;2;208;208;212m██[38;2;208;208;212m██[38;2;208;208;212m██[38;2;171;170;250m██[38;2;41;88;213m██[38;2;41;88;213m██[38;2;41;88;213m██[38;2;41;88;213m██[38;2;41;88;213m██[38;2;0;0;0m██[38;2;245;245;247m██[38;2;245;245;247m██[38;2;250;170;170m██[38;2;213;41;41m██[38;2;213;41;41m██[38;2;213;41;41m██[38;2;213;41;41m██[38;2;213;41;41m██[38;2;213;41;41m██[38;2;213;41;41m██[38;2;213;41;41m██[38;2;208;208;212m██[38;2;208;208;212m██[38;2;208;208;212m██[38;2;208;208;212m██[38;2;200;76;76m██[38;2;158;34;34m██[38;2;158;34;34m██[38;2;158;34;34m██[38;2;208;208;212m██[38;2;208;208;212m██[38;2;178;41;213m██[38;2;0;0;0m██[38;2;208;208;212m██[38;2;208;208;212m██[38;2;208;208;212m██[38;2;208;208;212m██[38;2;208;208;212m██[38;2;208;208;212m██[38;2;208;208;212m██[38;2;208;208;212m██[38;2;96;97;108m██[38;2;213;41;41m██[38;2;0;0;0m██              
            [38;2;54;54;60m██[38;2;54;54;60m██[38;2;54;54;60m██[38;2;208;208;212m██[38;2;208;208;212m██[38;2;208;208;212m██[38;2;208;208;212m██[38;2;208;208;212m██[38;2;208;208;212m██[38;2;171;170;250m██[38;2;41;88;213m██[38;2;41;88;213m██[38;2;0;0;0m██[38;2;245;245;247m██[38;2;245;245;247m██[38;2;245;245;247m██[38;2;250;170;170m██[38;2;213;41;41m██[38;2;213;41;41m██[38;2;213;41;41m██[38;2;213;41;41m██[38;2;213;41;41m██[38;2;213;41;41m██[38;2;213;41;41m██[38;2;158;34;34m██[38;2;195;129;129m██[38;2;208;208;212m██[38;2;208;208;212m██[38;2;208;208;212m██[38;2;200;76;76m██[38;2;158;34;34m██[38;2;158;34;34m██[38;2;195;129;129m██[38;2;208;208;212m██[38;2;216;98;246m██[38;2;0;0;0m██[38;2;208;208;212m██[38;2;208;208;212m██[38;2;208;208;212m██[38;2;208;208;212m██[38;2;208;208;212m██[38;2;208;208;212m██[38;2;208;208;212m██[38;2;208;208;212m██[38;2;148;148;164m██[38;2;96;97;108m██[38;2;0;0;0m██              
                  [38;2;54;54;60m██[38;2;54;54;60m██[38;2;208;208;212m██[38;2;208;208;212m██[38;2;208;208;212m██[38;2;208;208;212m██[38;2;208;208;212m██[38;2;208;208;212m██[38;2;208;208;212m██[38;2;98;116;246m██[38;2;54;54;60m██[38;2;245;245;247m██[38;2;245;245;247m██[38;2;245;245;247m██[38;2;250;170;170m██[38;2;213;41;41m██[38;2;213;41;41m██[38;2;213;41;41m██[38;2;213;41;41m██[38;2;213;41;41m██[38;2;213;41;41m██[38;2;158;34;34m██[38;2;158;34;34m██[38;2;195;129;129m██[38;2;208;208;212m██[38;2;208;208;212m██[38;2;208;208;212m██[38;2;195;129;129m██[38;2;158;34;34m██[38;2;158;34;34m██[38;2;208;208;212m██[38;2;208;208;212m██[38;2;178;41;213m██[38;2;0;0;0m██[38;2;208;208;212m██[38;2;208;208;212m██[38;2;208;208;212m██[38;2;208;208;212m██[38;2;208;208;212m██[38;2;208;208;212m██[38;2;208;208;212m██[38;2;208;208;212m██[38;2;0;0;0m██                
                      [38;2;54;54;60m██[38;2;208;208;212m██[38;2;208;208;212m██[38;2;208;208;212m██[38;2;208;208;212m██[38;2;208;208;212m██[38;2;208;208;212m██[38;2;208;208;212m██[38;2;208;208;212m██[38;2;54;54;60m██[38;2;245;245;247m██[38;2;245;245;247m██[38;2;245;245;247m██[38;2;245;245;247m██[38;2;246;98;98m██[38;2;213;41;41m██[38;2;213;41;41m██[38;2;213;41;41m██[38;2;158;34;34m██[38;2;158;34;34m██[38;2;158;34;34m██[38;2;158;34;34m██[38;2;195;129;129m██[38;2;208;208;212m██[38;2;208;208;212m██[38;2;208;208;212m██[38;2;195;129;129m██[38;2;158;34;34m██[38;2;195;129;129m██[38;2;208;208;212m██[38;2;216;98;246m██[38;2;0;0;0m██[38;2;208;208;212m██[38;2;208;208;212m██[38;2;208;208;212m██[38;2;208;208;212m██[38;2;208;208;212m██[38;2;208;208;212m██[38;2;208;208;212m██[38;2;208;208;212m██[38;2;0;0;0m██                
                        [38;2;54;54;60m██[38;2;208;208;212m██[38;2;208;208;212m██[38;2;208;208;212m██[38;2;208;208;212m██[38;2;208;208;212m██[38;2;208;208;212m██[38;2;208;208;212m██[38;2;171;170;250m██[38;2;54;54;60m██[38;2;245;245;247m██[38;2;245;245;247m██[38;2;245;245;247m██[38;2;245;245;247m██[38;2;245;245;247m██[38;2;245;245;247m██[38;2;250;170;170m██[38;2;195;129;129m██[38;2;158;34;34m██[38;2;158;34;34m██[38;2;158;34;34m██[38;2;158;34;34m██[38;2;195;129;129m██[38;2;208;208;212m██[38;2;208;208;212m██[38;2;208;208;212m██[38;2;195;129;129m██[38;2;158;34;34m██[38;2;208;208;212m██[38;2;216;98;246m██[38;2;0;0;0m██[38;2;208;208;212m██[38;2;208;208;212m██[38;2;208;208;212m██[38;2;208;208;212m██[38;2;208;208;212m██[38;2;208;208;212m██[38;2;208;208;212m██[38;2;96;97;108m██[38;2;0;0;0m██[38;2;0;0;0m██              
                        [38;2;54;54;60m██[38;2;208;208;212m██[38;2;208;208;212m██[38;2;208;208;212m██[38;2;208;208;212m██[38;2;208;208;212m██[38;2;208;208;212m██[38;2;208;208;212m██[38;2;41;88;213m██[38;2;41;88;213m██[38;2;54;54;60m██[38;2;54;54;60m██[38;2;54;54;60m██[38;2;245;245;247m██[38;2;245;245;247m██[38;2;245;245;247m██[38;2;245;245;247m██[38;2;208;208;212m██[38;2;208;208;212m██[38;2;208;208;212m██[38;2;208;208;212m██[38;2;208;208;212m██[38;2;208;208;212m██[38;2;208;208;212m██[38;2;208;208;212m██[38;2;208;208;212m██[38;2;208;208;212m██[38;2;200;76;76m██[38;2;200;76;76m██[38;2;208;208;212m██[38;2;178;41;213m██[38;2;0;0;0m██[38;2;148;148;164m██[38;2;208;208;212m██[38;2;208;208;212m██[38;2;208;208;212m██[38;2;148;148;164m██[38;2;96;97;108m██    [38;2;0;0;0m██[38;2;54;54;60m██            
                        [38;2;54;54;60m██[38;2;208;208;212m██[38;2;208;208;212m██[38;2;208;208;212m██[38;2;208;208;212m██[38;2;208;208;212m██[38;2;208;208;212m██[38;2;208;208;212m██[38;2;171;170;250m██[38;2;41;88;213m██[38;2;41;88;213m██[38;2;41;88;213m██[38;2;54;54;60m██[38;2;54;54;60m██[38;2;245;245;247m██[38;2;245;245;247m██[38;2;245;245;247m██[38;2;208;208;212m██[38;2;208;208;212m██[38;2;195;129;129m██[38;2;158;34;34m██[38;2;158;34;34m██[38;2;200;76;76m██[38;2;195;129;129m██[38;2;208;208;212m██[38;2;208;208;212m██[38;2;208;208;212m██[38;2;208;208;212m██[38;2;200;76;76m██[38;2;208;208;212m██[38;2;216;98;246m██[38;2;0;0;0m██[38;2;96;97;108m██[38;2;0;0;0m██[38;2;0;0;0m██[38;2;96;97;108m██[38;2;96;97;108m██[38;2;0;0;0m██      [38;2;0;0;0m██[38;2;54;54;60m██          
                          [38;2;54;54;60m██[38;2;54;54;60m██[38;2;54;54;60m██[38;2;54;54;60m██[38;2;208;208;212m██[38;2;208;208;212m██[38;2;208;208;212m██[38;2;208;208;212m██[38;2;208;208;212m██[38;2;171;170;250m██[38;2;41;88;213m██[38;2;41;88;213m██[38;2;54;54;60m██[38;2;245;245;247m██[38;2;245;245;247m██[38;2;245;245;247m██[38;2;208;208;212m██[38;2;195;129;129m██[38;2;158;34;34m██[38;2;158;34;34m██[38;2;158;34;34m██[38;2;158;34;34m██[38;2;158;34;34m██[38;2;200;76;76m██[38;2;195;129;129m██[38;2;208;208;212m██[38;2;208;208;212m██[38;2;208;208;212m██[38;2;208;208;212m██[38;2;216;98;246m██[38;2;0;0;0m██[38;2;96;97;108m██[38;2;96;97;108m██[38;2;0;0;0m██[38;2;245;245;247m██[38;2;245;245;247m██[38;2;208;208;212m██[38;2;0;0;0m██      [38;2;0;0;0m██[38;2;54;54;60m██        
                                  [38;2;54;54;60m██[38;2;208;208;212m██[38;2;208;208;212m██[38;2;208;208;212m██[38;2;208;208;212m██[38;2;208;208;212m██[38;2;208;208;212m██[38;2;208;208;212m██[38;2;54;54;60m██[38;2;245;245;247m██[38;2;245;245;247m██[38;2;245;245;247m██[38;2;208;208;212m██[38;2;200;76;76m██[38;2;158;34;34m██[38;2;158;34;34m██[38;2;158;34;34m██[38;2;158;34;34m██[38;2;158;34;34m██[38;2;158;34;34m██[38;2;158;34;34m██[38;2;200;76;76m██[38;2;195;129;129m██[38;2;208;208;212m██[38;2;208;208;212m██[38;2;208;208;212m██[38;2;0;0;0m██[38;2;96;97;108m██[38;2;96;97;108m██[38;2;0;0;0m██[38;2;148;148;164m██[38;2;245;245;247m██[38;2;245;245;247m██[38;2;0;0;0m██        [38;2;0;0;0m██[38;2;54;54;60m██      
                                  [38;2;54;54;60m██[38;2;208;208;212m██[38;2;208;208;212m██[38;2;208;208;212m██[38;2;208;208;212m██[38;2;208;208;212m██[38;2;208;208;212m██[38;2;208;208;212m██[38;2;54;54;60m██[38;2;245;245;247m██[38;2;245;245;247m██[38;2;245;245;247m██[38;2;208;208;212m██[38;2;195;129;129m██[38;2;158;34;34m██[38;2;158;34;34m██[38;2;158;34;34m██[38;2;158;34;34m██[38;2;158;34;34m██[38;2;158;34;34m██[38;2;158;34;34m██[38;2;158;34;34m██[38;2;158;34;34m██[38;2;158;34;34m██[38;2;195;129;129m██[38;2;208;208;212m██[38;2;54;54;60m██[38;2;96;97;108m██[38;2;96;97;108m██[38;2;96;97;108m██[38;2;0;0;0m██[38;2;0;0;0m██[38;2;0;0;0m██            [38;2;0;0;0m██[38;2;54;54;60m██    
                                  [38;2;54;54;60m██[38;2;208;208;212m██[38;2;208;208;212m██[38;2;208;208;212m██[38;2;208;208;212m██[38;2;208;208;212m██[38;2;208;208;212m██[38;2;208;208;212m██[38;2;54;54;60m██[38;2;245;245;247m██[38;2;245;245;247m██[38;2;245;245;247m██[38;2;208;208;212m██[38;2;208;208;212m██[38;2;208;208;212m██[38;2;195;129;129m██[38;2;200;76;76m██[38;2;200;76;76m██[38;2;200;76;76m██[38;2;158;34;34m██[38;2;158;34;34m██[38;2;208;208;212m██[38;2;208;208;212m██[38;2;208;208;212m██[38;2;208;208;212m██[38;2;208;208;212m██[38;2;54;54;60m██[38;2;96;97;108m██[38;2;96;97;108m██[38;2;148;148;164m██[38;2;148;148;164m██[38;2;0;0;0m██                [38;2;0;0;0m██    
                                    [38;2;54;54;60m██[38;2;208;208;212m██[38;2;208;208;212m██[38;2;208;208;212m██[38;2;208;208;212m██[38;2;208;208;212m██[38;2;208;208;212m██[38;2;54;54;60m██[38;2;245;245;247m██[38;2;245;245;247m██[38;2;245;245;247m██[38;2;245;245;247m██[38;2;208;208;212m██[38;2;208;208;212m██[38;2;208;208;212m██[38;2;208;208;212m██[38;2;208;208;212m██[38;2;208;208;212m██[38;2;208;208;212m██[38;2;208;208;212m██[38;2;208;208;212m██[38;2;200;76;76m██[38;2;158;34;34m██[38;2;208;208;212m██[38;2;0;0;0m██[38;2;96;97;108m██[38;2;96;97;108m██[38;2;148;148;164m██[38;2;148;148;164m██[38;2;148;148;164m██[38;2;96;97;108m██                [38;2;0;0;0m██[38;2;54;54;60m██  
                                      [38;2;54;54;60m██[38;2;54;54;60m██[38;2;54;54;60m██[38;2;54;54;60m██[38;2;54;54;60m██[38;2;54;54;60m██[38;2;54;54;60m██[38;2;54;54;60m██[38;2;54;54;60m██[38;2;96;97;108m██[38;2;245;245;247m██[38;2;208;208;212m██[38;2;208;208;212m██[38;2;208;208;212m██[38;2;208;208;212m██[38;2;208;208;212m██[38;2;208;208;212m██[38;2;200;76;76m██[38;2;200;76;76m██[38;2;158;34;34m██[38;2;158;34;34m██[38;2;0;0;0m██[38;2;0;0;0m██[38;2;208;208;212m██[38;2;0;0;0m██[38;2;96;97;108m██[38;2;96;97;108m██[38;2;148;148;164m██[38;2;148;148;164m██[38;2;245;245;247m██[38;2;148;148;164m██    [38;2;54;54;60m██[38;2;54;54;60m██[38;2;54;54;60m██      [38;2;0;0;0m██  
                                                [38;2;54;54;60m██[38;2;208;208;212m██[38;2;208;208;212m██[38;2;208;208;212m██[38;2;54;54;60m██[38;2;245;245;247m██[38;2;245;245;247m██[38;2;208;208;212m██[38;2;208;208;212m██[38;2;208;208;212m██[38;2;195;129;129m██[38;2;158;34;34m██[38;2;158;34;34m██[38;2;158;34;34m██[38;2;158;34;34m██[38;2;0;0;0m██[38;2;216;98;246m██[38;2;208;208;212m██[38;2;208;208;212m██[38;2;0;0;0m██[38;2;96;97;108m██[38;2;96;97;108m██[38;2;96;97;108m██[38;2;245;245;247m██[38;2;245;245;247m██[38;2;148;148;164m██  [38;2;54;54;60m██[38;2;0;0;0m██[38;2;0;0;0m██[38;2;0;0;0m██[38;2;54;54;60m██    [38;2;0;0;0m██[38;2;54;54;60m██
                                                [38;2;54;54;60m██[38;2;208;208;212m██[38;2;208;208;212m██[38;2;208;208;212m██[38;2;54;54;60m██[38;2;245;245;247m██[38;2;245;245;247m██[38;2;245;245;247m██[38;2;208;208;212m██[38;2;195;129;129m██[38;2;158;34;34m██[38;2;158;34;34m██[38;2;158;34;34m██[38;2;0;0;0m██[38;2;0;0;0m██[38;2;216;98;246m██[38;2;208;208;212m██[38;2;208;208;212m██[38;2;0;0;0m██[38;2;0;0;0m██[38;2;0;0;0m██[38;2;96;97;108m██[38;2;208;208;212m██[38;2;208;208;212m██[38;2;0;0;0m██  [38;2;54;54;60m██[38;2;0;0;0m██      [38;2;0;0;0m██[38;2;54;54;60m██    [38;2;0;0;0m██
                                              [38;2;0;0;0m██[38;2;208;208;212m██[38;2;208;208;212m██[38;2;208;208;212m██[38;2;208;208;212m██[38;2;54;54;60m██[38;2;245;245;247m██[38;2;245;245;247m██[38;2;245;245;247m██[38;2;245;245;247m██[38;2;0;0;0m██[38;2;0;0;0m██[38;2;0;0;0m██[38;2;0;0;0m██[38;2;216;98;246m██[38;2;216;98;246m██[38;2;216;98;246m██[38;2;208;208;212m██[38;2;208;208;212m██[38;2;0;0;0m██    [38;2;0;0;0m██[38;2;0;0;0m██[38;2;0;0;0m██    [38;2;0;0;0m██          [38;2;54;54;60m██    [38;2;0;0;0m██
                                          [38;2;54;54;60m██[38;2;54;54;60m██[38;2;54;54;60m██[38;2;0;0;0m██[38;2;0;0;0m██[38;2;208;208;212m██[38;2;208;208;212m██[38;2;208;208;212m██[38;2;54;54;60m██[38;2;54;54;60m██[38;2;54;54;60m██[38;2;54;54;60m██[38;2;208;208;212m██[38;2;208;208;212m██[38;2;216;98;246m██[38;2;216;98;246m██[38;2;216;98;246m██[38;2;216;98;246m██[38;2;208;208;212m██[38;2;208;208;212m██[38;2;0;0;0m██                [38;2;0;0;0m██          [38;2;54;54;60m██    [38;2;0;0;0m██
                                      [38;2;54;54;60m██[38;2;54;54;60m██[38;2;0;0;0m██[38;2;0;0;0m██[38;2;0;0;0m██    [38;2;0;0;0m██[38;2;0;0;0m██[38;2;208;208;212m██[38;2;208;208;212m██[38;2;73;181;115m██[38;2;73;181;115m██[38;2;54;54;60m██[38;2;208;208;212m██[38;2;208;208;212m██[38;2;216;98;246m██[38;2;216;98;246m██[38;2;216;98;246m██[38;2;208;208;212m██[38;2;208;208;212m██[38;2;178;41;213m██[38;2;0;0;0m██                [38;2;0;0;0m██                [38;2;0;0;0m██
                                  [38;2;54;54;60m██[38;2;54;54;60m██[38;2;0;0;0m██[38;2;0;0;0m██              [38;2;0;0;0m██[38;2;208;208;212m██[38;2;208;208;212m██[38;2;208;208;212m██[38;2;54;54;60m██[38;2;208;208;212m██[38;2;208;208;212m██[38;2;216;98;246m██[38;2;216;98;246m██[38;2;208;208;212m██[38;2;208;208;212m██[38;2;178;41;213m██[38;2;178;41;213m██[38;2;0;0;0m██                [38;2;0;0;0m██                [38;2;0;0;0m██
                      [38;2;0;0;0m██[38;2;0;0;0m██[38;2;0;0;0m██    [38;2;54;54;60m██[38;2;0;0;0m██[38;2;0;0;0m██                  [38;2;0;0;0m██[38;2;208;208;212m██[38;2;208;208;212m██[38;2;54;54;60m██[38;2;208;208;212m██[38;2;208;208;212m██[38;2;208;208;212m██[38;2;208;208;212m██[38;2;208;208;212m██[38;2;208;208;212m██[38;2;178;41;213m██[38;2;178;41;213m██[38;2;0;0;0m██                  [38;2;54;54;60m██[38;2;0;0;0m██            [38;2;0;0;0m██[38;2;54;54;60m██
                    [38;2;0;0;0m██[38;2;96;97;108m██[38;2;96;97;108m██[38;2;96;97;108m██[38;2;54;54;60m██[38;2;54;54;60m██[38;2;0;0;0m██                        [38;2;0;0;0m██[38;2;0;0;0m██[38;2;208;208;212m██[38;2;208;208;212m██[38;2;208;208;212m██[38;2;208;208;212m██[38;2;208;208;212m██[38;2;208;208;212m██[38;2;178;41;213m██[38;2;178;41;213m██[38;2;178;41;213m██[38;2;0;0;0m██                    [38;2;0;0;0m██            [38;2;0;0;0m██  
                  [38;2;0;0;0m██[38;2;148;148;164m██[38;2;208;208;212m██[38;2;96;97;108m██[38;2;96;97;108m██[38;2;96;97;108m██[38;2;0;0;0m██                            [38;2;0;0;0m██[38;2;208;208;212m██[38;2;0;0;0m██[38;2;208;208;212m██[38;2;208;208;212m██[38;2;208;208;212m██[38;2;208;208;212m██[38;2;178;41;213m██[38;2;178;41;213m██[38;2;0;0;0m██                      [38;2;0;0;0m██[38;2;54;54;60m██[38;2;54;54;60m██      [38;2;54;54;60m██[38;2;0;0;0m██  
                  [38;2;0;0;0m██[38;2;96;97;108m██[38;2;96;97;108m██[38;2;96;97;108m██[38;2;0;0;0m██[38;2;0;0;0m██                            [38;2;0;0;0m██[38;2;54;54;60m██[38;2;0;0;0m██  [38;2;0;0;0m██[38;2;208;208;212m██[38;2;208;208;212m██[38;2;208;208;212m██[38;2;208;208;212m██[38;2;208;208;212m██[38;2;0;0;0m██                        [38;2;0;0;0m██[38;2;0;0;0m██[38;2;54;54;60m██[38;2;54;54;60m██[38;2;54;54;60m██[38;2;0;0;0m██    
                    [38;2;0;0;0m██[38;2;0;0;0m██[38;2;0;0;0m██                              [38;2;0;0;0m██[38;2;54;54;60m██[38;2;0;0;0m██    [38;2;0;0;0m██[38;2;208;208;212m██[38;2;208;208;212m██[38;2;208;208;212m██[38;2;208;208;212m██[38;2;0;0;0m██                              [38;2;0;0;0m██[38;2;0;0;0m██[38;2;0;0;0m██      
                                                    [38;2;0;0;0m██[38;2;0;0;0m██[38;2;54;54;60m██[38;2;0;0;0m██        [38;2;0;0;0m██[38;2;208;208;212m██[38;2;208;208;212m██[38;2;208;208;212m██[38;2;0;0;0m██                                          
                                              [38;2;0;0;0m██[38;2;0;0;0m██[38;2;54;54;60m██[38;2;96;97;108m██[38;2;96;97;108m██[38;2;0;0;0m██          [38;2;0;0;0m██[38;2;208;208;212m██[38;2;208;208;212m██[38;2;0;0;0m██                                            
                                            [38;2;0;0;0m██[38;2;148;148;164m██[38;2;208;208;212m██[38;2;96;97;108m██[38;2;96;97;108m██[38;2;96;97;108m██[38;2;0;0;0m██          [38;2;0;0;0m██[38;2;208;208;212m██[38;2;208;208;212m██[38;2;0;0;0m██                                            
                                          [38;2;0;0;0m██[38;2;96;97;108m██[38;2;148;148;164m██[38;2;148;148;164m██[38;2;96;97;108m██[38;2;96;97;108m██[38;2;0;0;0m██            [38;2;0;0;0m██[38;2;208;208;212m██[38;2;0;0;0m██                                              
                                          [38;2;54;54;60m██[38;2;96;97;108m██[38;2;96;97;108m██[38;2;96;97;108m██[38;2;96;97;108m██[38;2;96;97;108m██[38;2;0;0;0m██            [38;2;0;0;0m██[38;2;0;0;0m██                                                
                                          [38;2;0;0;0m██[38;2;54;54;60m██[38;2;54;54;60m██[38;2;54;54;60m██[38;2;0;0;0m██[38;2;0;0;0m██                                                                  
                                            [38;2;0;0;0m██[38;2;0;0;0m██[38;2;0;0;0m██                                                                      
