                                            [38;2;106;98;98m██[38;2;106;98;98m██                                                            
                                          [38;2;106;98;98m██[38;2;139;131;123m██[38;2;65;65;57m██                                                            
                                        [38;2;106;98;98m██[38;2;222;213;213m██[38;2;139;131;123m██[38;2;65;65;57m██            [38;2;106;98;98m██[38;2;106;98;98m██[38;2;106;98;98m██                                          
                                        [38;2;106;98;98m██[38;2;139;131;123m██[38;2;65;65;57m██          [38;2;106;98;98m██[38;2;106;98;98m██[38;2;222;213;213m██[38;2;139;131;123m██[38;2;65;65;57m██                                          
                                      [38;2;106;98;98m██[38;2;65;65;57m██[38;2;65;65;57m██          [38;2;106;98;98m██[38;2;139;131;123m██[38;2;139;131;123m██[38;2;106;98;98m██[38;2;65;65;57m██                                            
                                    [38;2;106;98;98m██[38;2;65;65;57m██            [38;2;106;98;98m██[38;2;65;65;57m██[38;2;65;65;57m██[38;2;65;65;57m██[38;2;65;65;57m██                                              
                                  [38;2;106;98;98m██[38;2;65;65;57m██          [38;2;106;98;98m██[38;2;65;65;57m██[38;2;65;65;57m██                                                      
          [38;2;156;139;65m██[38;2;156;139;65m██[38;2;156;139;65m██                  [38;2;65;65;57m██        [38;2;106;98;98m██[38;2;65;65;57m██[38;2;65;65;57m██                                                          
        [38;2;156;139;65m██[38;2;255;255;49m██[38;2;255;255;49m██[38;2;255;255;49m██[38;2;156;139;65m██              [38;2;106;98;98m██[38;2;65;65;57m██    [38;2;106;98;98m██[38;2;65;65;57m██[38;2;65;65;57m██                                                              
      [38;2;156;139;65m██[38;2;230;205;90m██[38;2;156;139;65m██[38;2;106;98;98m██[38;2;255;255;49m██[38;2;255;255;49m██[38;2;65;65;57m██            [38;2;65;65;57m██    [38;2;106;98;98m██[38;2;65;65;57m██                        [38;2;156;139;65m██[38;2;156;139;65m██[38;2;156;139;65m██[38;2;156;139;65m██[38;2;156;139;65m██[38;2;156;139;65m██[38;2;156;139;65m██[38;2;156;139;65m██[38;2;156;139;65m██[38;2;156;139;65m██                      
    [38;2;156;139;65m██[38;2;230;205;90m██[38;2;106;98;98m██[38;2;106;98;98m██[38;2;106;98;98m██[38;2;106;98;98m██[38;2;255;255;49m██[38;2;156;139;65m██          [38;2;106;98;98m██[38;2;65;65;57m██  [38;2;65;65;57m██[38;2;65;65;57m██                    [38;2;156;139;65m██[38;2;156;139;65m██[38;2;156;139;65m██[38;2;255;255;49m██[38;2;255;255;49m██[38;2;255;255;49m██[38;2;255;255;49m██[38;2;255;255;49m██[38;2;255;255;49m██[38;2;255;255;49m██[38;2;255;255;49m██[38;2;255;255;49m██[38;2;255;255;49m██[38;2;156;139;65m██[38;2;156;139;65m██[38;2;156;139;65m██[38;2;156;139;65m██              
    [38;2;156;139;65m██[38;2;106;98;98m██[38;2;106;98;98m██[38;2;246;65;49m██[38;2;164;74;65m██[38;2;106;98;98m██[38;2;106;98;98m██[38;2;255;255;49m██[38;2;65;65;57m██        [38;2;65;65;57m██[38;2;65;65;57m██[38;2;65;65;57m██[38;2;106;98;98m██                  [38;2;156;139;65m██[38;2;156;139;65m██[38;2;255;255;49m██[38;2;255;255;49m██[38;2;230;205;90m██[38;2;230;205;90m██[38;2;106;98;98m██[38;2;106;98;98m██[38;2;106;98;98m██[38;2;106;98;98m██[38;2;106;98;98m██[38;2;106;98;98m██[38;2;106;98;98m██[38;2;230;205;90m██[38;2;255;255;49m██[38;2;255;255;49m██[38;2;255;255;49m██[38;2;255;255;49m██[38;2;230;205;90m██[38;2;156;139;65m██[38;2;156;139;65m██          
  [38;2;156;139;65m██[38;2;106;98;98m██[38;2;106;98;98m██[38;2;246;65;49m██[38;2;246;65;49m██[38;2;246;65;49m██[38;2;164;74;65m██[38;2;106;98;98m██[38;2;230;205;90m██[38;2;65;65;57m██        [38;2;65;65;57m██[38;2;106;98;98m██[38;2;106;98;98m██[38;2;65;65;57m██              [38;2;65;65;57m██[38;2;156;139;65m██[38;2;255;255;49m██[38;2;255;255;49m██[38;2;230;205;90m██[38;2;106;98;98m██[38;2;106;98;98m██[38;2;106;98;98m██[38;2;106;98;98m██[38;2;164;74;65m██[38;2;164;74;65m██[38;2;164;74;65m██[38;2;106;98;98m██[38;2;106;98;98m██[38;2;106;98;98m██[38;2;106;98;98m██[38;2;106;98;98m██[38;2;106;98;98m██[38;2;106;98;98m██[38;2;156;139;65m██[38;2;230;205;90m██[38;2;230;205;90m██[38;2;230;205;90m██[38;2;156;139;65m██[38;2;156;139;65m██      
  [38;2;156;139;65m██[38;2;106;98;98m██[38;2;106;98;98m██[38;2;164;74;65m██[38;2;246;65;49m██[38;2;246;65;49m██[38;2;164;74;65m██[38;2;106;98;98m██[38;2;106;98;98m██[38;2;230;205;90m██[38;2;65;65;57m██    [38;2;106;98;98m██[38;2;139;131;123m██[38;2;139;131;123m██[38;2;106;98;98m██[38;2;65;65;57m██            [38;2;65;65;57m██[38;2;156;139;65m██[38;2;230;205;90m██[38;2;230;205;90m██[38;2;156;139;65m██[38;2;106;98;98m██[38;2;106;98;98m██[38;2;106;98;98m██[38;2;106;98;98m██[38;2;164;74;65m██[38;2;246;65;49m██[38;2;246;65;49m██[38;2;246;65;49m██[38;2;164;74;65m██[38;2;106;98;98m██[38;2;106;98;98m██[38;2;106;98;98m██[38;2;106;98;98m██[38;2;106;98;98m██[38;2;106;98;98m██[38;2;106;98;98m██[38;2;106;98;98m██[38;2;106;98;98m██[38;2;230;205;90m██[38;2;230;205;90m██[38;2;230;205;90m██[38;2;156;139;65m██    
[38;2;156;139;65m██[38;2;106;98;98m██[38;2;106;98;98m██[38;2;106;98;98m██[38;2;106;98;98m██[38;2;164;74;65m██[38;2;164;74;65m██[38;2;106;98;98m██[38;2;106;98;98m██[38;2;106;98;98m██[38;2;230;205;90m██[38;2;65;65;57m██  [38;2;106;98;98m██[38;2;139;131;123m██[38;2;139;131;123m██[38;2;139;131;123m██[38;2;139;131;123m██[38;2;106;98;98m██[38;2;16;16;16m██        [38;2;65;65;57m██[38;2;230;205;90m██[38;2;230;205;90m██[38;2;156;139;65m██[38;2;106;98;98m██[38;2;106;98;98m██[38;2;106;98;98m██[38;2;106;98;98m██[38;2;106;98;98m██[38;2;106;98;98m██[38;2;106;98;98m██[38;2;246;65;49m██[38;2;246;65;49m██[38;2;246;65;49m██[38;2;246;65;49m██[38;2;106;98;98m██[38;2;106;98;98m██[38;2;106;98;98m██[38;2;106;98;98m██[38;2;106;98;98m██[38;2;106;98;98m██[38;2;106;98;98m██[38;2;106;98;98m██[38;2;106;98;98m██[38;2;106;98;98m██[38;2;106;98;98m██[38;2;230;205;90m██[38;2;230;205;90m██[38;2;156;139;65m██  
[38;2;65;65;57m██[38;2;106;98;98m██[38;2;106;98;98m██[38;2;106;98;98m██[38;2;106;98;98m██[38;2;106;98;98m██[38;2;106;98;98m██[38;2;230;205;90m██[38;2;255;255;49m██[38;2;106;98;98m██[38;2;106;98;98m██[38;2;230;205;90m██[38;2;16;16;16m██[38;2;139;131;123m██[38;2;139;131;123m██[38;2;139;131;123m██[38;2;139;131;123m██[38;2;139;131;123m██[38;2;106;98;98m██[38;2;106;98;98m██[38;2;16;16;16m██    [38;2;65;65;57m██[38;2;230;205;90m██[38;2;156;139;65m██[38;2;106;98;98m██[38;2;106;98;98m██[38;2;106;98;98m██[38;2;106;98;98m██[38;2;230;205;90m██[38;2;255;255;49m██[38;2;255;255;49m██[38;2;106;98;98m██[38;2;106;98;98m██[38;2;164;74;65m██[38;2;246;65;49m██[38;2;246;65;49m██[38;2;164;74;65m██[38;2;106;98;98m██[38;2;106;98;98m██[38;2;106;98;98m██[38;2;106;98;98m██[38;2;106;98;98m██[38;2;106;98;98m██[38;2;106;98;98m██[38;2;106;98;98m██[38;2;106;98;98m██[38;2;106;98;98m██[38;2;106;98;98m██[38;2;106;98;98m██[38;2;230;205;90m██[38;2;156;139;65m██  
[38;2;65;65;57m██[38;2;106;98;98m██[38;2;230;205;90m██[38;2;255;255;49m██[38;2;230;205;90m██[38;2;106;98;98m██[38;2;106;98;98m██[38;2;230;205;90m██[38;2;255;255;49m██[38;2;255;255;49m██[38;2;106;98;98m██[38;2;16;16;16m██[38;2;139;131;123m██[38;2;139;131;123m██[38;2;139;131;123m██[38;2;180;172;164m██[38;2;222;213;213m██[38;2;222;213;213m██[38;2;180;172;164m██[38;2;106;98;98m██[38;2;106;98;98m██[38;2;16;16;16m██[38;2;65;65;57m██[38;2;230;205;90m██[38;2;156;139;65m██[38;2;106;98;98m██[38;2;106;98;98m██[38;2;106;98;98m██[38;2;230;205;90m██[38;2;255;255;49m██[38;2;255;255;49m██[38;2;255;255;49m██[38;2;255;255;49m██[38;2;255;255;49m██[38;2;106;98;98m██[38;2;106;98;98m██[38;2;164;74;65m██[38;2;164;74;65m██[38;2;106;98;98m██[38;2;106;98;98m██[38;2;106;98;98m██[38;2;106;98;98m██[38;2;106;98;98m██[38;2;106;98;98m██[38;2;106;98;98m██[38;2;106;98;98m██[38;2;106;98;98m██[38;2;106;98;98m██[38;2;106;98;98m██[38;2;106;98;98m██[38;2;106;98;98m██[38;2;156;139;65m██[38;2;230;205;90m██[38;2;65;65;57m██
  [38;2;65;65;57m██[38;2;255;255;49m██[38;2;255;255;49m██[38;2;255;255;49m██[38;2;255;255;49m██[38;2;106;98;98m██[38;2;106;98;98m██[38;2;230;205;90m██[38;2;255;255;49m██[38;2;16;16;16m██[38;2;222;213;213m██[38;2;139;131;123m██[38;2;180;172;164m██[38;2;222;213;213m██[38;2;222;213;213m██[38;2;222;213;213m██[38;2;222;213;213m██[38;2;222;213;213m██[38;2;180;172;164m██[38;2;180;172;164m██[38;2;65;65;57m██[38;2;230;205;90m██[38;2;156;139;65m██[38;2;65;65;57m██[38;2;65;65;57m██[38;2;106;98;98m██[38;2;255;255;49m██[38;2;255;255;49m██[38;2;255;255;49m██[38;2;255;255;49m██[38;2;255;255;49m██[38;2;255;255;49m██[38;2;255;255;49m██[38;2;106;98;98m██[38;2;106;98;98m██[38;2;106;98;98m██[38;2;106;98;98m██[38;2;106;98;98m██[38;2;106;98;98m██[38;2;106;98;98m██[38;2;106;98;98m██[38;2;106;98;98m██[38;2;106;98;98m██[38;2;106;98;98m██[38;2;106;98;98m██[38;2;106;98;98m██[38;2;106;98;98m██[38;2;106;98;98m██[38;2;106;98;98m██[38;2;106;98;98m██[38;2;106;98;98m██[38;2;230;205;90m██[38;2;65;65;57m██
    [38;2;65;65;57m██[38;2;255;255;49m██[38;2;255;255;49m██[38;2;255;255;49m██[38;2;255;255;49m██[38;2;230;205;90m██[38;2;106;98;98m██[38;2;16;16;16m██[38;2;222;213;213m██[38;2;222;213;213m██[38;2;222;213;213m██[38;2;222;213;213m██[38;2;222;213;213m██[38;2;222;213;213m██[38;2;222;213;213m██[38;2;139;131;123m██[38;2;139;131;123m██[38;2;106;98;98m██[38;2;180;172;164m██[38;2;180;172;164m██[38;2;16;16;16m██[38;2;65;65;57m██[38;2;65;65;57m██[38;2;65;65;57m██[38;2;230;205;90m██[38;2;230;205;90m██[38;2;230;205;90m██[38;2;255;255;49m██[38;2;255;255;49m██[38;2;255;255;49m██[38;2;255;255;49m██[38;2;156;139;65m██[38;2;106;98;98m██[38;2;106;98;98m██[38;2;106;98;98m██[38;2;106;98;98m██[38;2;106;98;98m██[38;2;106;98;98m██[38;2;106;98;98m██[38;2;106;98;98m██[38;2;106;98;98m██[38;2;106;98;98m██[38;2;106;98;98m██[38;2;106;98;98m██[38;2;106;98;98m██[38;2;106;98;98m██[38;2;106;98;98m██[38;2;106;98;98m██[38;2;106;98;98m██[38;2;106;98;98m██[38;2;156;139;65m██[38;2;65;65;57m██
      [38;2;65;65;57m██[38;2;65;65;57m██[38;2;230;205;90m██[38;2;255;255;49m██[38;2;255;255;49m██[38;2;255;255;49m██[38;2;16;16;16m██[38;2;222;213;213m██[38;2;222;213;213m██[38;2;222;213;213m██[38;2;222;213;213m██[38;2;222;213;213m██[38;2;222;213;213m██[38;2;139;131;123m██[38;2;131;213;255m██[38;2;131;213;255m██[38;2;98;156;255m██[38;2;106;98;98m██[38;2;180;172;164m██[38;2;16;16;16m██[38;2;65;65;57m██[38;2;65;65;57m██[38;2;156;139;65m██[38;2;230;205;90m██[38;2;230;205;90m██[38;2;230;205;90m██[38;2;230;205;90m██[38;2;255;255;49m██[38;2;230;205;90m██[38;2;106;98;98m██[38;2;106;98;98m██[38;2;106;98;98m██[38;2;106;98;98m██[38;2;106;98;98m██[38;2;106;98;98m██[38;2;106;98;98m██[38;2;156;139;65m██[38;2;230;205;90m██[38;2;230;205;90m██[38;2;230;205;90m██[38;2;230;205;90m██[38;2;230;205;90m██[38;2;156;139;65m██[38;2;106;98;98m██[38;2;106;98;98m██[38;2;106;98;98m██[38;2;106;98;98m██[38;2;106;98;98m██[38;2;106;98;98m██[38;2;156;139;65m██[38;2;65;65;57m██
          [38;2;65;65;57m██[38;2;106;98;98m██[38;2;230;205;90m██[38;2;16;16;16m██[38;2;255;255;238m██[38;2;222;213;213m██[38;2;222;213;213m██[38;2;222;213;213m██[38;2;222;213;213m██[38;2;222;213;213m██[38;2;180;172;164m██[38;2;255;255;238m██[38;2;255;255;238m██[38;2;131;213;255m██[38;2;131;213;255m██[38;2;106;98;98m██[38;2;180;172;164m██[38;2;180;172;164m██[38;2;16;16;16m██[38;2;156;139;65m██[38;2;230;205;90m██[38;2;230;205;90m██[38;2;230;205;90m██[38;2;230;205;90m██[38;2;230;205;90m██[38;2;230;205;90m██[38;2;106;98;98m██[38;2;106;98;98m██[38;2;106;98;98m██[38;2;106;98;98m██[38;2;106;98;98m██[38;2;156;139;65m██[38;2;230;205;90m██[38;2;255;255;49m██[38;2;255;255;49m██[38;2;255;255;49m██[38;2;255;255;49m██[38;2;255;255;49m██[38;2;255;255;49m██[38;2;255;255;49m██[38;2;255;255;49m██[38;2;255;255;49m██[38;2;156;139;65m██[38;2;106;98;98m██[38;2;106;98;98m██[38;2;106;98;98m██[38;2;106;98;98m██[38;2;65;65;57m██  
        [38;2;65;65;57m██[38;2;106;98;98m██[38;2;106;98;98m██[38;2;106;98;98m██[38;2;16;16;16m██[38;2;98;156;255m██[38;2;222;213;213m██[38;2;222;213;213m██[38;2;222;213;213m██[38;2;222;213;213m██[38;2;222;213;213m██[38;2;180;172;164m██[38;2;255;255;238m██[38;2;255;255;238m██[38;2;65;65;57m██[38;2;131;213;255m██[38;2;65;65;57m██[38;2;180;172;164m██[38;2;180;172;164m██[38;2;16;16;16m██[38;2;230;205;90m██[38;2;230;205;90m██[38;2;230;205;90m██[38;2;230;205;90m██[38;2;230;205;90m██[38;2;156;139;65m██[38;2;65;65;57m██[38;2;106;98;98m██[38;2;106;98;98m██[38;2;106;98;98m██[38;2;230;205;90m██[38;2;255;255;49m██[38;2;255;255;49m██[38;2;255;255;49m██[38;2;255;255;49m██[38;2;255;255;49m██[38;2;255;255;49m██[38;2;255;255;49m██[38;2;255;255;49m██[38;2;255;255;49m██[38;2;255;255;49m██[38;2;255;255;49m██[38;2;255;255;49m██[38;2;230;205;90m██[38;2;106;98;98m██[38;2;106;98;98m██[38;2;106;98;98m██[38;2;106;98;98m██[38;2;65;65;57m██  
        [38;2;65;65;57m██[38;2;106;98;98m██[38;2;230;205;90m██[38;2;230;205;90m██[38;2;16;16;16m██[38;2;98;156;255m██[38;2;222;213;213m██[38;2;222;213;213m██[38;2;222;213;213m██[38;2;222;213;213m██[38;2;222;213;213m██[38;2;139;131;123m██[38;2;98;156;255m██[38;2;65;65;57m██[38;2;65;65;57m██[38;2;98;156;255m██[38;2;65;65;57m██[38;2;180;172;164m██[38;2;180;172;164m██[38;2;16;16;16m██[38;2;230;205;90m██[38;2;230;205;90m██[38;2;230;205;90m██[38;2;230;205;90m██[38;2;65;65;57m██[38;2;65;65;57m██[38;2;65;65;57m██[38;2;106;98;98m██[38;2;230;205;90m██[38;2;255;255;49m██[38;2;255;255;49m██[38;2;255;255;49m██[38;2;255;255;49m██[38;2;255;255;49m██[38;2;255;255;49m██[38;2;255;255;49m██[38;2;255;255;49m██[38;2;255;255;49m██[38;2;255;255;49m██[38;2;255;255;49m██[38;2;255;255;49m██[38;2;255;255;49m██[38;2;255;255;49m██[38;2;156;139;65m██[38;2;106;98;98m██[38;2;106;98;98m██[38;2;106;98;98m██[38;2;16;16;16m██    
          [38;2;65;65;57m██[38;2;65;65;57m██[38;2;156;139;65m██[38;2;16;16;16m██[38;2;98;156;255m██[38;2;222;213;213m██[38;2;222;213;213m██[38;2;222;213;213m██[38;2;222;213;213m██[38;2;222;213;213m██[38;2;65;65;57m██[38;2;98;156;255m██[38;2;65;65;57m██[38;2;65;65;57m██[38;2;98;156;255m██[38;2;65;65;57m██[38;2;180;172;164m██[38;2;180;172;164m██[38;2;16;16;16m██[38;2;230;205;90m██[38;2;230;205;90m██[38;2;156;139;65m██[38;2;65;65;57m██[38;2;65;65;57m██[38;2;65;65;57m██[38;2;156;139;65m██[38;2;230;205;90m██[38;2;255;255;49m██[38;2;255;255;49m██[38;2;255;255;49m██[38;2;255;255;49m██[38;2;255;255;49m██[38;2;255;255;49m██[38;2;255;255;49m██[38;2;255;255;49m██[38;2;255;255;49m██[38;2;255;255;49m██[38;2;255;255;49m██[38;2;255;255;49m██[38;2;255;255;49m██[38;2;230;205;90m██[38;2;156;139;65m██[38;2;106;98;98m██[38;2;106;98;98m██[38;2;106;98;98m██[38;2;16;16;16m██      
              [38;2;65;65;57m██[38;2;106;98;98m██[38;2;16;16;16m██[38;2;180;172;164m██[38;2;65;65;57m██[38;2;139;131;123m██[38;2;222;213;213m██[38;2;222;213;213m██[38;2;65;65;57m██[38;2;106;98;98m██[38;2;98;156;255m██[38;2;98;156;255m██[38;2;65;65;57m██[38;2;139;131;123m██[38;2;180;172;164m██[38;2;106;98;98m██[38;2;230;205;90m██[38;2;230;205;90m██[38;2;65;65;57m██[38;2;65;65;57m██[38;2;65;65;57m██[38;2;65;65;57m██[38;2;230;205;90m██[38;2;230;205;90m██[38;2;230;205;90m██[38;2;255;255;49m██[38;2;255;255;49m██[38;2;255;255;49m██[38;2;255;255;49m██[38;2;255;255;49m██[38;2;255;255;49m██[38;2;255;255;49m██[38;2;255;255;49m██[38;2;255;255;49m██[38;2;230;205;90m██[38;2;156;139;65m██[38;2;106;98;98m██[38;2;106;98;98m██[38;2;106;98;98m██[38;2;106;98;98m██[38;2;106;98;98m██[38;2;16;16;16m██[38;2;16;16;16m██        
              [38;2;65;65;57m██[38;2;106;98;98m██[38;2;106;98;98m██[38;2;65;65;57m██[38;2;65;65;57m██[38;2;65;65;57m██[38;2;180;172;164m██[38;2;180;172;164m██[38;2;180;172;164m██[38;2;65;65;57m██[38;2;65;65;57m██[38;2;65;65;57m██[38;2;139;131;123m██[38;2;180;172;164m██[38;2;180;172;164m██[38;2;16;16;16m██[38;2;156;139;65m██[38;2;65;65;57m██[38;2;65;65;57m██[38;2;65;65;57m██[38;2;65;65;57m██[38;2;230;205;90m██[38;2;230;205;90m██[38;2;230;205;90m██[38;2;230;205;90m██[38;2;230;205;90m██[38;2;230;205;90m██[38;2;230;205;90m██[38;2;230;205;90m██[38;2;230;205;90m██[38;2;156;139;65m██[38;2;106;98;98m██[38;2;106;98;98m██[38;2;106;98;98m██[38;2;106;98;98m██[38;2;106;98;98m██[38;2;106;98;98m██[38;2;106;98;98m██[38;2;16;16;16m██[38;2;16;16;16m██[38;2;16;16;16m██            
            [38;2;65;65;57m██[38;2;106;98;98m██[38;2;106;98;98m██[38;2;16;16;16m██[38;2;65;65;57m██[38;2;16;16;16m██[38;2;180;172;164m██[38;2;180;172;164m██[38;2;180;172;164m██[38;2;180;172;164m██[38;2;180;172;164m██[38;2;180;172;164m██[38;2;180;172;164m██[38;2;180;172;164m██[38;2;180;172;164m██[38;2;16;16;16m██[38;2;65;65;57m██[38;2;65;65;57m██[38;2;65;65;57m██[38;2;65;65;57m██[38;2;65;65;57m██[38;2;65;65;57m██[38;2;65;65;57m██[38;2;65;65;57m██[38;2;65;65;57m██[38;2;65;65;57m██[38;2;106;98;98m██[38;2;106;98;98m██[38;2;106;98;98m██[38;2;106;98;98m██[38;2;106;98;98m██[38;2;106;98;98m██[38;2;106;98;98m██[38;2;106;98;98m██[38;2;106;98;98m██[38;2;106;98;98m██[38;2;106;98;98m██[38;2;16;16;16m██[38;2;16;16;16m██                  
            [38;2;65;65;57m██[38;2;106;98;98m██[38;2;16;16;16m██[38;2;16;16;16m██[38;2;106;98;98m██[38;2;106;98;98m██[38;2;16;16;16m██[38;2;106;98;98m██[38;2;180;172;164m██[38;2;180;172;164m██[38;2;180;172;164m██[38;2;180;172;164m██[38;2;180;172;164m██[38;2;16;16;16m██[38;2;16;16;16m██[38;2;65;65;57m██[38;2;65;65;57m██[38;2;65;65;57m██[38;2;65;65;57m██[38;2;156;139;65m██[38;2;230;205;90m██[38;2;230;205;90m██[38;2;230;205;90m██[38;2;230;205;90m██[38;2;230;205;90m██[38;2;255;255;49m██[38;2;255;255;49m██[38;2;230;205;90m██[38;2;156;139;65m██[38;2;106;98;98m██[38;2;106;98;98m██[38;2;106;98;98m██[38;2;106;98;98m██[38;2;106;98;98m██[38;2;106;98;98m██[38;2;106;98;98m██[38;2;16;16;16m██                      
              [38;2;16;16;16m██[38;2;16;16;16m██[38;2;106;98;98m██[38;2;65;65;57m██[38;2;65;65;57m██[38;2;65;65;57m██[38;2;16;16;16m██[38;2;65;65;57m██[38;2;106;98;98m██[38;2;106;98;98m██[38;2;65;65;57m██[38;2;16;16;16m██[38;2;16;16;16m██[38;2;65;65;57m██[38;2;65;65;57m██[38;2;156;139;65m██[38;2;230;205;90m██[38;2;230;205;90m██[38;2;230;205;90m██[38;2;230;205;90m██[38;2;230;205;90m██[38;2;230;205;90m██[38;2;230;205;90m██[38;2;230;205;90m██[38;2;255;255;49m██[38;2;255;255;49m██[38;2;255;255;49m██[38;2;230;205;90m██[38;2;106;98;98m██[38;2;106;98;98m██[38;2;106;98;98m██[38;2;106;98;98m██[38;2;106;98;98m██[38;2;106;98;98m██[38;2;106;98;98m██[38;2;16;16;16m██                      
            [38;2;65;65;57m██[38;2;16;16;16m██  [38;2;65;65;57m██[38;2;222;213;213m██[38;2;222;213;213m██[38;2;65;65;57m██[38;2;139;131;123m██[38;2;139;131;123m██[38;2;139;131;123m██[38;2;139;131;123m██[38;2;106;98;98m██[38;2;106;98;98m██[38;2;222;213;213m██[38;2;222;213;213m██[38;2;180;172;164m██[38;2;16;16;16m██[38;2;156;139;65m██[38;2;230;205;90m██[38;2;230;205;90m██[38;2;230;205;90m██[38;2;230;205;90m██[38;2;230;205;90m██[38;2;230;205;90m██[38;2;255;255;49m██[38;2;255;255;49m██[38;2;255;255;49m██[38;2;230;205;90m██[38;2;156;139;65m██[38;2;106;98;98m██[38;2;106;98;98m██[38;2;106;98;98m██[38;2;106;98;98m██[38;2;106;98;98m██[38;2;106;98;98m██[38;2;106;98;98m██[38;2;16;16;16m██                      
          [38;2;106;98;98m██[38;2;16;16;16m██    [38;2;65;65;57m██[38;2;139;131;123m██[38;2;180;172;164m██[38;2;139;131;123m██[38;2;222;213;213m██[38;2;222;213;213m██[38;2;139;131;123m██[38;2;139;131;123m██[38;2;139;131;123m██[38;2;106;98;98m██[38;2;180;172;164m██[38;2;180;172;164m██[38;2;139;131;123m██[38;2;16;16;16m██[38;2;65;65;57m██[38;2;65;65;57m██[38;2;65;65;57m██[38;2;65;65;57m██[38;2;65;65;57m██[38;2;65;65;57m██[38;2;65;65;57m██[38;2;106;98;98m██[38;2;106;98;98m██[38;2;106;98;98m██[38;2;106;98;98m██[38;2;106;98;98m██[38;2;106;98;98m██[38;2;106;98;98m██[38;2;106;98;98m██[38;2;16;16;16m██[38;2;16;16;16m██[38;2;16;16;16m██[38;2;16;16;16m██                        
        [38;2;106;98;98m██[38;2;16;16;16m██        [38;2;16;16;16m██[38;2;65;65;57m██[38;2;222;213;213m██[38;2;222;213;213m██[38;2;222;213;213m██[38;2;180;172;164m██[38;2;139;131;123m██[38;2;139;131;123m██[38;2;106;98;98m██[38;2;106;98;98m██[38;2;16;16;16m██[38;2;16;16;16m██[38;2;156;139;65m██[38;2;230;205;90m██[38;2;230;205;90m██[38;2;230;205;90m██[38;2;230;205;90m██[38;2;230;205;90m██[38;2;230;205;90m██[38;2;156;139;65m██[38;2;106;98;98m██[38;2;106;98;98m██[38;2;106;98;98m██[38;2;106;98;98m██[38;2;106;98;98m██[38;2;106;98;98m██[38;2;106;98;98m██[38;2;65;65;57m██                                
      [38;2;106;98;98m██[38;2;16;16;16m██            [38;2;16;16;16m██[38;2;222;213;213m██[38;2;222;213;213m██[38;2;222;213;213m██[38;2;222;213;213m██[38;2;139;131;123m██[38;2;106;98;98m██[38;2;106;98;98m██[38;2;106;98;98m██[38;2;16;16;16m██[38;2;98;156;255m██[38;2;98;156;255m██[38;2;65;65;57m██[38;2;65;65;57m██[38;2;65;65;57m██[38;2;230;205;90m██[38;2;230;205;90m██[38;2;230;205;90m██[38;2;230;205;90m██[38;2;156;139;65m██[38;2;106;98;98m██[38;2;106;98;98m██[38;2;106;98;98m██[38;2;106;98;98m██[38;2;106;98;98m██[38;2;106;98;98m██[38;2;16;16;16m██                                
      [38;2;16;16;16m██              [38;2;65;65;57m██[38;2;180;172;164m██[38;2;222;213;213m██[38;2;222;213;213m██[38;2;180;172;164m██[38;2;106;98;98m██[38;2;106;98;98m██[38;2;65;65;57m██[38;2;65;65;57m██[38;2;16;16;16m██[38;2;98;156;255m██[38;2;98;156;255m██[38;2;98;156;255m██[38;2;98;156;255m██[38;2;98;156;255m██[38;2;65;65;57m██[38;2;65;65;57m██[38;2;16;16;16m██[38;2;16;16;16m██[38;2;106;98;98m██[38;2;106;98;98m██[38;2;106;98;98m██[38;2;106;98;98m██[38;2;106;98;98m██[38;2;106;98;98m██[38;2;65;65;57m██                                  
    [38;2;106;98;98m██[38;2;16;16;16m██            [38;2;65;65;57m██[38;2;222;213;213m██[38;2;106;98;98m██[38;2;180;172;164m██[38;2;180;172;164m██[38;2;180;172;164m██[38;2;106;98;98m██[38;2;65;65;57m██[38;2;222;213;213m██[38;2;180;172;164m██[38;2;16;16;16m██[38;2;98;156;255m██[38;2;98;156;255m██[38;2;131;213;255m██[38;2;131;213;255m██[38;2;98;156;255m██[38;2;98;156;255m██[38;2;98;156;255m██[38;2;65;65;57m██[38;2;65;65;57m██[38;2;16;16;16m██[38;2;16;16;16m██[38;2;16;16;16m██[38;2;16;16;16m██[38;2;16;16;16m██[38;2;16;16;16m██[38;2;16;16;16m██                                  
    [38;2;16;16;16m██      [38;2;106;98;98m██[38;2;106;98;98m██    [38;2;65;65;57m██[38;2;222;213;213m██[38;2;222;213;213m██[38;2;65;65;57m██[38;2;180;172;164m██[38;2;180;172;164m██[38;2;65;65;57m██[38;2;222;213;213m██[38;2;222;213;213m██[38;2;222;213;213m██[38;2;180;172;164m██[38;2;16;16;16m██[38;2;65;65;57m██[38;2;106;98;98m██[38;2;131;213;255m██[38;2;131;213;255m██[38;2;131;213;255m██[38;2;106;98;98m██[38;2;106;98;98m██[38;2;65;65;57m██[38;2;65;65;57m██[38;2;16;16;16m██                                            
  [38;2;106;98;98m██[38;2;16;16;16m██    [38;2;106;98;98m██[38;2;16;16;16m██[38;2;16;16;16m██[38;2;106;98;98m██    [38;2;16;16;16m██[38;2;180;172;164m██[38;2;180;172;164m██[38;2;65;65;57m██[38;2;16;16;16m██[38;2;16;16;16m██[38;2;180;172;164m██[38;2;222;213;213m██[38;2;180;172;164m██[38;2;180;172;164m██[38;2;16;16;16m██[38;2;164;74;65m██[38;2;164;74;65m██[38;2;106;98;98m██[38;2;106;98;98m██[38;2;106;98;98m██[38;2;106;98;98m██[38;2;106;98;98m██[38;2;106;98;98m██[38;2;106;98;98m██[38;2;16;16;16m██                                            
  [38;2;16;16;16m██    [38;2;106;98;98m██[38;2;16;16;16m██    [38;2;16;16;16m██[38;2;106;98;98m██    [38;2;16;16;16m██[38;2;16;16;16m██[38;2;16;16;16m██[38;2;106;98;98m██[38;2;65;65;57m██[38;2;16;16;16m██[38;2;180;172;164m██[38;2;180;172;164m██[38;2;106;98;98m██[38;2;16;16;16m██[38;2;164;74;65m██[38;2;246;65;49m██[38;2;246;65;49m██[38;2;164;74;65m██[38;2;106;98;98m██[38;2;106;98;98m██[38;2;106;98;98m██[38;2;106;98;98m██[38;2;106;98;98m██[38;2;106;98;98m██[38;2;16;16;16m██                                          
  [38;2;16;16;16m██    [38;2;106;98;98m██        [38;2;16;16;16m██      [38;2;65;65;57m██[38;2;106;98;98m██[38;2;106;98;98m██[38;2;65;65;57m██  [38;2;16;16;16m██[38;2;16;16;16m██[38;2;16;16;16m██[38;2;106;98;98m██[38;2;164;74;65m██[38;2;246;65;49m██[38;2;246;65;49m██[38;2;246;65;49m██[38;2;106;98;98m██[38;2;106;98;98m██[38;2;106;98;98m██[38;2;106;98;98m██[38;2;65;65;57m██[38;2;16;16;16m██[38;2;65;65;57m██[38;2;65;65;57m██                                        
  [38;2;16;16;16m██    [38;2;106;98;98m██        [38;2;16;16;16m██      [38;2;65;65;57m██[38;2;106;98;98m██[38;2;106;98;98m██[38;2;65;65;57m██        [38;2;65;65;57m██[38;2;106;98;98m██[38;2;164;74;65m██[38;2;246;65;49m██[38;2;164;74;65m██[38;2;106;98;98m██[38;2;106;98;98m██[38;2;65;65;57m██[38;2;16;16;16m██    [38;2;16;16;16m██[38;2;16;16;16m██[38;2;65;65;57m██[38;2;65;65;57m██                                    
  [38;2;16;16;16m██              [38;2;16;16;16m██        [38;2;65;65;57m██[38;2;106;98;98m██[38;2;65;65;57m██          [38;2;65;65;57m██[38;2;106;98;98m██[38;2;106;98;98m██[38;2;106;98;98m██[38;2;106;98;98m██[38;2;65;65;57m██            [38;2;16;16;16m██[38;2;16;16;16m██[38;2;65;65;57m██                                  
  [38;2;16;16;16m██[38;2;106;98;98m██          [38;2;106;98;98m██[38;2;16;16;16m██        [38;2;65;65;57m██[38;2;106;98;98m██[38;2;106;98;98m██[38;2;65;65;57m██          [38;2;65;65;57m██[38;2;106;98;98m██[38;2;106;98;98m██[38;2;106;98;98m██[38;2;65;65;57m██                [38;2;16;16;16m██[38;2;16;16;16m██[38;2;65;65;57m██    [38;2;65;65;57m██[38;2;65;65;57m██[38;2;65;65;57m██[38;2;65;65;57m██                  
    [38;2;16;16;16m██          [38;2;16;16;16m██            [38;2;65;65;57m██[38;2;106;98;98m██[38;2;65;65;57m██            [38;2;65;65;57m██[38;2;65;65;57m██[38;2;106;98;98m██[38;2;65;65;57m██                    [38;2;16;16;16m██[38;2;16;16;16m██[38;2;16;16;16m██[38;2;106;98;98m██[38;2;139;131;123m██[38;2;222;213;213m██[38;2;180;172;164m██[38;2;65;65;57m██                
    [38;2;16;16;16m██[38;2;106;98;98m██      [38;2;106;98;98m██[38;2;16;16;16m██              [38;2;65;65;57m██[38;2;65;65;57m██                [38;2;16;16;16m██[38;2;16;16;16m██                          [38;2;16;16;16m██[38;2;106;98;98m██[38;2;106;98;98m██[38;2;106;98;98m██[38;2;16;16;16m██                
      [38;2;16;16;16m██[38;2;106;98;98m██[38;2;106;98;98m██[38;2;106;98;98m██[38;2;16;16;16m██                                                                    [38;2;16;16;16m██[38;2;16;16;16m██[38;2;16;16;16m██                  
        [38;2;16;16;16m██[38;2;16;16;16m██[38;2;16;16;16m██                                                                                              
