                                                    [38;2;58;53;50m██                  [38;2;115;123;131m██                        [38;2;58;53;50m██                                                              
                                                  [38;2;58;53;50m██[38;2;156;146;136m██[38;2;58;53;50m██              [38;2;2;2;2m██[38;2;255;255;255m██[38;2;115;123;131m██                    [38;2;58;53;50m██[38;2;156;146;136m██[38;2;58;53;50m██                                                            
                                                  [38;2;58;53;50m██[38;2;156;146;136m██[38;2;123;112;105m██[38;2;58;53;50m██            [38;2;2;2;2m██[38;2;255;255;255m██[38;2;255;255;255m██[38;2;115;123;131m██                  [38;2;58;53;50m██[38;2;156;146;136m██[38;2;58;53;50m██                                                            
                                                  [38;2;58;53;50m██[38;2;156;146;136m██[38;2;156;146;136m██[38;2;2;2;2m██[38;2;2;2;2m██          [38;2;2;2;2m██[38;2;230;222;255m██[38;2;255;255;255m██[38;2;255;255;255m██[38;2;115;123;131m██  [38;2;115;123;131m██[38;2;115;123;131m██          [38;2;58;53;50m██[38;2;156;146;136m██[38;2;123;112;105m██[38;2;58;53;50m██                                                          
                                                  [38;2;58;53;50m██[38;2;156;146;136m██[38;2;156;146;136m██[38;2;2;2;2m██[38;2;255;255;255m██[38;2;115;123;131m██[38;2;115;123;131m██        [38;2;2;2;2m██[38;2;255;255;255m██[38;2;255;255;255m██[38;2;255;255;255m██[38;2;115;123;131m██[38;2;2;2;2m██[38;2;255;255;255m██[38;2;115;123;131m██      [38;2;58;53;50m██[38;2;123;112;105m██[38;2;156;146;136m██[38;2;123;112;105m██[38;2;58;53;50m██                                                          
                                                  [38;2;58;53;50m██[38;2;123;112;105m██[38;2;156;146;136m██[38;2;2;2;2m██[38;2;255;255;255m██[38;2;255;255;255m██[38;2;255;255;255m██[38;2;115;123;131m██[38;2;115;123;131m██    [38;2;2;2;2m██[38;2;255;255;255m██[38;2;255;255;255m██[38;2;255;255;255m██[38;2;255;255;255m██[38;2;2;2;2m██[38;2;255;255;255m██[38;2;115;123;131m██      [38;2;58;53;50m██[38;2;156;146;136m██[38;2;156;146;136m██[38;2;123;112;105m██[38;2;58;53;50m██                                                          
                                                  [38;2;58;53;50m██[38;2;123;112;105m██[38;2;123;112;105m██[38;2;123;112;105m██[38;2;2;2;2m██[38;2;255;255;255m██[38;2;255;255;255m██[38;2;255;255;255m██[38;2;255;255;255m██[38;2;115;123;131m██[38;2;115;123;131m██[38;2;115;123;131m██[38;2;230;222;255m██[38;2;255;255;255m██[38;2;255;255;255m██[38;2;255;255;255m██[38;2;198;194;204m██[38;2;255;255;255m██[38;2;255;255;255m██[38;2;115;123;131m██    [38;2;58;53;50m██[38;2;156;146;136m██[38;2;123;112;105m██[38;2;58;53;50m██[38;2;123;112;105m██[38;2;58;53;50m██                                                        
                                                    [38;2;58;53;50m██[38;2;123;112;105m██[38;2;123;112;105m██[38;2;2;2;2m██[38;2;198;194;204m██[38;2;255;255;255m██[38;2;255;255;255m██[38;2;255;255;255m██[38;2;255;255;255m██[38;2;198;194;204m██[38;2;198;194;204m██[38;2;230;222;255m██[38;2;230;222;255m██[38;2;230;222;255m██[38;2;255;255;255m██[38;2;255;255;255m██[38;2;255;255;255m██[38;2;255;255;255m██[38;2;115;123;131m██  [38;2;58;53;50m██[38;2;156;146;136m██[38;2;156;146;136m██[38;2;123;112;105m██[38;2;2;2;2m██[38;2;123;112;105m██[38;2;58;53;50m██                                                        
                                                    [38;2;58;53;50m██[38;2;123;112;105m██[38;2;123;112;105m██[38;2;58;53;50m██[38;2;2;2;2m██[38;2;230;222;255m██[38;2;230;222;255m██[38;2;255;255;255m██[38;2;255;255;255m██[38;2;255;255;255m██[38;2;198;194;204m██[38;2;198;194;204m██[38;2;230;222;255m██[38;2;230;222;255m██[38;2;230;222;255m██[38;2;255;255;255m██[38;2;255;255;255m██[38;2;255;255;255m██[38;2;255;255;255m██[38;2;115;123;131m██[38;2;58;53;50m██[38;2;156;146;136m██[38;2;156;146;136m██[38;2;123;112;105m██[38;2;2;2;2m██[38;2;123;112;105m██[38;2;58;53;50m██                                                        
                                                  [38;2;115;123;131m██[38;2;115;123;131m██[38;2;115;123;131m██[38;2;115;123;131m██[38;2;115;123;131m██[38;2;2;2;2m██[38;2;198;194;204m██[38;2;230;222;255m██[38;2;230;222;255m██[38;2;230;222;255m██[38;2;255;255;255m██[38;2;255;255;255m██[38;2;255;255;255m██[38;2;230;222;255m██[38;2;230;222;255m██[38;2;198;194;204m██[38;2;230;222;255m██[38;2;230;222;255m██[38;2;255;255;255m██[38;2;255;255;255m██[38;2;255;255;255m██[38;2;58;53;50m██[38;2;156;146;136m██[38;2;123;112;105m██[38;2;123;112;105m██[38;2;2;2;2m██[38;2;58;53;50m██[38;2;123;112;105m██[38;2;58;53;50m██                                                      
                                                  [38;2;2;2;2m██[38;2;198;194;204m██[38;2;255;255;255m██[38;2;255;255;255m██[38;2;230;222;255m██[38;2;115;123;131m██[38;2;2;2;2m██[38;2;230;222;255m██[38;2;230;222;255m██[38;2;230;222;255m██[38;2;230;222;255m██[38;2;230;222;255m██[38;2;230;222;255m██[38;2;255;255;255m██[38;2;255;255;255m██[38;2;230;222;255m██[38;2;198;194;204m██[38;2;198;194;204m██[38;2;230;222;255m██[38;2;230;222;255m██[38;2;255;255;255m██[38;2;58;53;50m██[38;2;156;146;136m██[38;2;123;112;105m██[38;2;58;53;50m██[38;2;2;2;2m██[38;2;2;2;2m██[38;2;123;112;105m██[38;2;58;53;50m██                                                      
                      [38;2;57;106;41m██[38;2;57;106;41m██                          [38;2;2;2;2m██[38;2;198;194;204m██[38;2;255;255;255m██[38;2;255;255;255m██[38;2;255;255;255m██[38;2;255;255;255m██[38;2;255;255;255m██[38;2;230;222;255m██[38;2;230;222;255m██[38;2;198;194;204m██[38;2;198;194;204m██[38;2;198;194;204m██[38;2;198;194;204m██[38;2;198;194;204m██[38;2;198;194;204m██[38;2;198;194;204m██[38;2;198;194;204m██[38;2;198;194;204m██[38;2;198;194;204m██[38;2;230;222;255m██[38;2;58;53;50m██[38;2;123;112;105m██[38;2;123;112;105m██[38;2;2;2;2m██[38;2;2;2;2m██[38;2;2;2;2m██[38;2;100;91;86m██[38;2;58;53;50m██                                                      
                      [38;2;57;106;41m██[38;2;91;243;87m██[38;2;57;106;41m██[38;2;57;106;41m██                    [38;2;115;123;131m██[38;2;115;123;131m██[38;2;255;255;255m██[38;2;255;255;255m██[38;2;255;255;255m██[38;2;255;255;255m██[38;2;255;255;255m██[38;2;230;222;255m██[38;2;198;194;204m██[38;2;198;194;204m██[38;2;198;194;204m██[38;2;198;194;204m██[38;2;198;194;204m██[38;2;198;194;204m██[38;2;198;194;204m██[38;2;198;194;204m██[38;2;198;194;204m██[38;2;198;194;204m██[38;2;198;194;204m██[38;2;198;194;204m██[38;2;198;194;204m██[38;2;58;53;50m██[38;2;100;91;86m██[38;2;123;112;105m██[38;2;2;2;2m██[38;2;2;2;2m██[38;2;2;2;2m██[38;2;100;91;86m██[38;2;58;53;50m██                                                      
  [38;2;110;119;49m██[38;2;110;119;49m██[38;2;110;119;49m██[38;2;110;119;49m██[38;2;110;119;49m██[38;2;110;119;49m██        [38;2;2;2;2m██[38;2;91;243;87m██[38;2;91;243;87m██[38;2;91;243;87m██[38;2;57;106;41m██                [38;2;115;123;131m██[38;2;198;194;204m██[38;2;255;255;255m██[38;2;255;255;255m██[38;2;255;255;255m██[38;2;255;255;255m██[38;2;255;255;255m██[38;2;230;222;255m██[38;2;198;194;204m██[38;2;198;194;204m██[38;2;198;194;204m██[38;2;198;194;204m██[38;2;198;194;204m██[38;2;198;194;204m██[38;2;198;194;204m██[38;2;198;194;204m██[38;2;198;194;204m██[38;2;198;194;204m██[38;2;198;194;204m██[38;2;198;194;204m██[38;2;198;194;204m██[38;2;198;194;204m██[38;2;58;53;50m██[38;2;100;91;86m██[38;2;100;91;86m██[38;2;2;2;2m██[38;2;2;2;2m██[38;2;58;53;50m██[38;2;100;91;86m██[38;2;58;53;50m██                                                      
[38;2;110;119;49m██[38;2;198;210;110m██[38;2;198;210;110m██[38;2;198;210;110m██[38;2;198;210;110m██[38;2;198;210;110m██[38;2;198;210;110m██[38;2;110;119;49m██[38;2;110;119;49m██[38;2;110;119;49m██  [38;2;2;2;2m██[38;2;65;203;61m██[38;2;91;243;87m██[38;2;91;243;87m██[38;2;91;243;87m██[38;2;57;106;41m██            [38;2;115;123;131m██[38;2;255;255;255m██[38;2;255;255;255m██[38;2;255;255;255m██[38;2;255;255;255m██[38;2;255;255;255m██[38;2;255;255;255m██[38;2;255;255;255m██[38;2;230;222;255m██[38;2;198;194;204m██[38;2;198;194;204m██[38;2;198;194;204m██[38;2;198;194;204m██[38;2;198;194;204m██[38;2;198;194;204m██[38;2;198;194;204m██[38;2;198;194;204m██[38;2;198;194;204m██[38;2;198;194;204m██[38;2;198;194;204m██[38;2;198;194;204m██[38;2;198;194;204m██[38;2;198;194;204m██[38;2;198;194;204m██[38;2;58;53;50m██[38;2;100;91;86m██[38;2;2;2;2m██[38;2;2;2;2m██[38;2;58;53;50m██[38;2;100;91;86m██[38;2;58;53;50m██                                                      
  [38;2;110;119;49m██[38;2;198;210;110m██[38;2;198;210;110m██[38;2;198;210;110m██[38;2;198;210;110m██[38;2;198;210;110m██[38;2;198;210;110m██[38;2;198;210;110m██[38;2;198;210;110m██[38;2;110;119;49m██[38;2;110;119;49m██[38;2;2;2;2m██[38;2;91;243;87m██[38;2;123;112;105m██[38;2;91;243;87m██[38;2;65;203;61m██[38;2;57;106;41m██        [38;2;115;123;131m██[38;2;255;255;255m██[38;2;255;255;255m██[38;2;255;255;255m██[38;2;255;255;255m██[38;2;255;255;255m██[38;2;255;255;255m██[38;2;255;255;255m██[38;2;255;255;255m██[38;2;198;194;204m██[38;2;198;194;204m██[38;2;198;194;204m██[38;2;198;194;204m██[38;2;198;194;204m██[38;2;198;194;204m██[38;2;198;194;204m██[38;2;198;194;204m██[38;2;198;194;204m██[38;2;198;194;204m██[38;2;198;194;204m██[38;2;198;194;204m██[38;2;198;194;204m██[38;2;198;194;204m██[38;2;198;194;204m██[38;2;198;194;204m██[38;2;58;53;50m██[38;2;100;91;86m██[38;2;2;2;2m██[38;2;2;2;2m██[38;2;100;91;86m██[38;2;58;53;50m██                                                        
    [38;2;110;119;49m██[38;2;198;210;110m██[38;2;198;210;110m██[38;2;198;210;110m██[38;2;198;210;110m██[38;2;198;210;110m██[38;2;198;210;110m██[38;2;198;210;110m██[38;2;198;210;110m██[38;2;198;210;110m██[38;2;110;119;49m██[38;2;65;203;61m██[38;2;91;243;87m██[38;2;123;112;105m██[38;2;91;243;87m██[38;2;57;106;41m██      [38;2;2;2;2m██[38;2;255;255;255m██[38;2;255;255;255m██[38;2;255;255;255m██[38;2;255;255;255m██[38;2;255;255;255m██[38;2;255;255;255m██[38;2;255;255;255m██[38;2;230;222;255m██[38;2;198;194;204m██[38;2;198;194;204m██[38;2;198;194;204m██[38;2;198;194;204m██[38;2;198;194;204m██[38;2;198;194;204m██[38;2;198;194;204m██[38;2;198;194;204m██[38;2;198;194;204m██[38;2;198;194;204m██[38;2;198;194;204m██[38;2;198;194;204m██[38;2;198;194;204m██[38;2;198;194;204m██[38;2;198;194;204m██[38;2;198;194;204m██[38;2;198;194;204m██[38;2;58;53;50m██[38;2;100;91;86m██[38;2;58;53;50m██[38;2;2;2;2m██[38;2;100;91;86m██[38;2;58;53;50m██                                                        
      [38;2;110;119;49m██[38;2;198;210;110m██[38;2;198;210;110m██[38;2;198;210;110m██[38;2;198;210;110m██[38;2;123;112;105m██[38;2;123;112;105m██[38;2;198;210;110m██[38;2;198;210;110m██[38;2;198;210;110m██[38;2;110;119;49m██[38;2;110;119;49m██[38;2;65;203;61m██[38;2;100;91;86m██[38;2;65;203;61m██[38;2;57;106;41m██[38;2;115;123;131m██[38;2;2;2;2m██[38;2;255;255;255m██[38;2;255;255;255m██[38;2;255;255;255m██[38;2;255;255;255m██[38;2;255;255;255m██[38;2;255;255;255m██[38;2;230;222;255m██[38;2;198;194;204m██[38;2;198;194;204m██[38;2;198;194;204m██[38;2;198;194;204m██[38;2;198;194;204m██[38;2;198;194;204m██[38;2;198;194;204m██[38;2;198;194;204m██[38;2;198;194;204m██[38;2;198;194;204m██[38;2;198;194;204m██[38;2;198;194;204m██[38;2;198;194;204m██[38;2;198;194;204m██[38;2;198;194;204m██[38;2;198;194;204m██[38;2;198;194;204m██[38;2;198;194;204m██[38;2;198;194;204m██[38;2;58;53;50m██[38;2;115;123;131m██[38;2;100;91;86m██[38;2;2;2;2m██[38;2;100;91;86m██[38;2;58;53;50m██[38;2;115;123;131m██                                                      
        [38;2;2;2;2m██[38;2;165;178;74m██[38;2;165;178;74m██[38;2;198;210;110m██[38;2;198;210;110m██[38;2;198;210;110m██[38;2;123;112;105m██[38;2;123;112;105m██[38;2;123;112;105m██[38;2;123;112;105m██[38;2;165;178;74m██[38;2;65;203;61m██[38;2;65;203;61m██[38;2;65;203;61m██[38;2;57;106;41m██[38;2;198;194;204m██[38;2;255;255;255m██[38;2;255;255;255m██[38;2;255;255;255m██[38;2;255;255;255m██[38;2;255;255;255m██[38;2;230;222;255m██[38;2;198;194;204m██[38;2;198;194;204m██[38;2;198;194;204m██[38;2;198;194;204m██[38;2;198;194;204m██[38;2;198;194;204m██[38;2;198;194;204m██[38;2;198;194;204m██[38;2;198;194;204m██[38;2;198;194;204m██[38;2;198;194;204m██[38;2;198;194;204m██[38;2;198;194;204m██[38;2;198;194;204m██[38;2;198;194;204m██[38;2;198;194;204m██[38;2;198;194;204m██[38;2;198;194;204m██[38;2;198;194;204m██[38;2;198;194;204m██[38;2;198;194;204m██[38;2;115;123;131m██[38;2;198;194;204m██[38;2;198;194;204m██[38;2;198;194;204m██[38;2;100;91;86m██[38;2;230;222;255m██[38;2;115;123;131m██                                                      
          [38;2;110;119;49m██[38;2;110;119;49m██[38;2;165;178;74m██[38;2;165;178;74m██[38;2;165;178;74m██[38;2;165;178;74m██[38;2;165;178;74m██[38;2;123;112;105m██[38;2;100;91;86m██[38;2;100;91;86m██[38;2;165;178;74m██[38;2;65;203;61m██[38;2;2;2;2m██[38;2;255;255;255m██[38;2;255;255;255m██[38;2;255;255;255m██[38;2;230;222;255m██[38;2;115;123;131m██[38;2;230;222;255m██[38;2;230;222;255m██[38;2;198;194;204m██[38;2;198;194;204m██[38;2;198;194;204m██[38;2;198;194;204m██[38;2;198;194;204m██[38;2;198;194;204m██[38;2;198;194;204m██[38;2;198;194;204m██[38;2;198;194;204m██[38;2;198;194;204m██[38;2;198;194;204m██[38;2;198;194;204m██[38;2;198;194;204m██[38;2;198;194;204m██[38;2;198;194;204m██[38;2;198;194;204m██[38;2;198;194;204m██[38;2;198;194;204m██[38;2;198;194;204m██[38;2;198;194;204m██[38;2;198;194;204m██[38;2;198;194;204m██[38;2;115;123;131m██[38;2;198;194;204m██[38;2;58;53;50m██[38;2;2;2;2m██[38;2;198;194;204m██[38;2;230;222;255m██[38;2;255;255;255m██[38;2;115;123;131m██                                                    
              [38;2;110;119;49m██[38;2;110;119;49m██[38;2;165;178;74m██[38;2;165;178;74m██[38;2;165;178;74m██[38;2;165;178;74m██[38;2;165;178;74m██[38;2;100;91;86m██[38;2;100;91;86m██[38;2;165;178;74m██[38;2;65;203;61m██[38;2;2;2;2m██[38;2;2;2;2m██[38;2;115;123;131m██[38;2;2;2;2m██[38;2;230;222;255m██[38;2;230;222;255m██[38;2;230;222;255m██[38;2;198;194;204m██[38;2;198;194;204m██[38;2;198;194;204m██[38;2;198;194;204m██[38;2;198;194;204m██[38;2;198;194;204m██[38;2;198;194;204m██[38;2;198;194;204m██[38;2;198;194;204m██[38;2;198;194;204m██[38;2;198;194;204m██[38;2;198;194;204m██[38;2;198;194;204m██[38;2;198;194;204m██[38;2;198;194;204m██[38;2;198;194;204m██[38;2;198;194;204m██[38;2;198;194;204m██[38;2;198;194;204m██[38;2;198;194;204m██[38;2;198;194;204m██[38;2;198;194;204m██[38;2;198;194;204m██[38;2;198;194;204m██[38;2;58;53;50m██[38;2;2;2;2m██[38;2;2;2;2m██[38;2;115;123;131m██[38;2;255;255;255m██[38;2;255;255;255m██[38;2;115;123;131m██                                                  
                [38;2;110;119;49m██[38;2;110;119;49m██[38;2;110;119;49m██[38;2;110;119;49m██[38;2;165;178;74m██[38;2;165;178;74m██[38;2;165;178;74m██[38;2;165;178;74m██[38;2;165;178;74m██[38;2;100;91;86m██[38;2;123;112;105m██[38;2;123;112;105m██[38;2;2;2;2m██[38;2;230;222;255m██[38;2;230;222;255m██[38;2;230;222;255m██[38;2;198;194;204m██[38;2;198;194;204m██[38;2;198;194;204m██[38;2;198;194;204m██[38;2;198;194;204m██[38;2;198;194;204m██[38;2;198;194;204m██[38;2;198;194;204m██[38;2;198;194;204m██[38;2;198;194;204m██[38;2;198;194;204m██[38;2;198;194;204m██[38;2;198;194;204m██[38;2;198;194;204m██[38;2;198;194;204m██[38;2;198;194;204m██[38;2;198;194;204m██[38;2;198;194;204m██[38;2;198;194;204m██[38;2;198;194;204m██[38;2;198;194;204m██[38;2;198;194;204m██[38;2;198;194;204m██[38;2;198;194;204m██[38;2;198;194;204m██[38;2;58;53;50m██[38;2;2;2;2m██[38;2;2;2;2m██[38;2;186;245;169m██[38;2;115;123;131m██[38;2;255;255;255m██[38;2;115;123;131m██                                                  
            [38;2;57;106;41m██[38;2;57;106;41m██[38;2;106;197;115m██[38;2;106;197;115m██[38;2;106;197;115m██[38;2;74;148;90m██[38;2;100;91;86m██[38;2;100;91;86m██[38;2;100;91;86m██[38;2;165;178;74m██[38;2;165;178;74m██[38;2;58;53;50m██[38;2;123;112;105m██[38;2;2;2;2m██[38;2;230;222;255m██[38;2;230;222;255m██[38;2;230;222;255m██[38;2;230;222;255m██[38;2;198;194;204m██[38;2;230;222;255m██[38;2;198;194;204m██[38;2;198;194;204m██[38;2;198;194;204m██[38;2;198;194;204m██[38;2;198;194;204m██[38;2;198;194;204m██[38;2;198;194;204m██[38;2;198;194;204m██[38;2;198;194;204m██[38;2;198;194;204m██[38;2;198;194;204m██[38;2;198;194;204m██[38;2;198;194;204m██[38;2;198;194;204m██[38;2;198;194;204m██[38;2;198;194;204m██[38;2;198;194;204m██[38;2;198;194;204m██[38;2;198;194;204m██[38;2;198;194;204m██[38;2;198;194;204m██[38;2;198;194;204m██[38;2;198;194;204m██[38;2;198;194;204m██[38;2;2;2;2m██[38;2;2;2;2m██[38;2;186;245;169m██[38;2;2;2;2m██[38;2;255;255;255m██[38;2;115;123;131m██                                                  
        [38;2;74;148;90m██[38;2;74;148;90m██[38;2;106;197;115m██[38;2;106;197;115m██[38;2;123;112;105m██[38;2;123;112;105m██[38;2;100;91;86m██[38;2;100;91;86m██[38;2;100;91;86m██[38;2;100;91;86m██[38;2;74;148;90m██[38;2;74;148;90m██[38;2;74;148;90m██[38;2;57;106;41m██[38;2;58;53;50m██[38;2;2;2;2m██[38;2;230;222;255m██[38;2;230;222;255m██[38;2;230;222;255m██[38;2;198;194;204m██[38;2;230;222;255m██[38;2;230;222;255m██[38;2;198;194;204m██[38;2;198;194;204m██[38;2;198;194;204m██[38;2;198;194;204m██[38;2;198;194;204m██[38;2;198;194;204m██[38;2;198;194;204m██[38;2;198;194;204m██[38;2;198;194;204m██[38;2;198;194;204m██[38;2;198;194;204m██[38;2;198;194;204m██[38;2;198;194;204m██[38;2;198;194;204m██[38;2;198;194;204m██[38;2;198;194;204m██[38;2;198;194;204m██[38;2;198;194;204m██[38;2;198;194;204m██[38;2;198;194;204m██[38;2;198;194;204m██[38;2;198;194;204m██[38;2;198;194;204m██[38;2;198;194;204m██[38;2;58;53;50m██[38;2;2;2;2m██[38;2;186;245;169m██[38;2;186;245;169m██[38;2;115;123;131m██[38;2;2;2;2m██[38;2;58;53;50m██                                                
      [38;2;57;106;41m██[38;2;106;197;115m██[38;2;106;197;115m██[38;2;106;197;115m██[38;2;106;197;115m██[38;2;106;197;115m██[38;2;74;148;90m██[38;2;74;148;90m██[38;2;74;148;90m██[38;2;74;148;90m██[38;2;74;148;90m██[38;2;74;148;90m██[38;2;57;106;41m██[38;2;2;2;2m██  [38;2;2;2;2m██[38;2;198;194;204m██[38;2;230;222;255m██[38;2;230;222;255m██[38;2;230;222;255m██[38;2;230;222;255m██[38;2;230;222;255m██[38;2;230;222;255m██[38;2;198;194;204m██[38;2;198;194;204m██[38;2;198;194;204m██[38;2;198;194;204m██[38;2;198;194;204m██[38;2;198;194;204m██[38;2;198;194;204m██[38;2;198;194;204m██[38;2;198;194;204m██[38;2;198;194;204m██[38;2;198;194;204m██[38;2;198;194;204m██[38;2;198;194;204m██[38;2;198;194;204m██[38;2;198;194;204m██[38;2;198;194;204m██[38;2;198;194;204m██[38;2;198;194;204m██[38;2;198;194;204m██[38;2;198;194;204m██[38;2;198;194;204m██[38;2;198;194;204m██[38;2;198;194;204m██[38;2;198;194;204m██[38;2;198;194;204m██[38;2;58;53;50m██[38;2;2;2;2m██[38;2;2;2;2m██[38;2;115;123;131m██[38;2;2;2;2m██[38;2;156;146;136m██[38;2;58;53;50m██                                              
        [38;2;57;106;41m██[38;2;57;106;41m██[38;2;74;148;90m██[38;2;74;148;90m██[38;2;74;148;90m██[38;2;74;148;90m██[38;2;74;148;90m██[38;2;57;106;41m██[38;2;2;2;2m██[38;2;2;2;2m██[38;2;2;2;2m██      [38;2;2;2;2m██[38;2;230;222;255m██[38;2;230;222;255m██[38;2;230;222;255m██[38;2;230;222;255m██[38;2;230;222;255m██[38;2;230;222;255m██[38;2;198;194;204m██[38;2;198;194;204m██[38;2;198;194;204m██[38;2;198;194;204m██[38;2;198;194;204m██[38;2;198;194;204m██[38;2;198;194;204m██[38;2;198;194;204m██[38;2;198;194;204m██[38;2;198;194;204m██[38;2;198;194;204m██[38;2;198;194;204m██[38;2;198;194;204m██[38;2;198;194;204m██[38;2;198;194;204m██[38;2;198;194;204m██[38;2;198;194;204m██[38;2;198;194;204m██[38;2;198;194;204m██[38;2;198;194;204m██[38;2;198;194;204m██[38;2;198;194;204m██[38;2;198;194;204m██[38;2;198;194;204m██[38;2;198;194;204m██[38;2;198;194;204m██[38;2;198;194;204m██[38;2;198;194;204m██[38;2;198;194;204m██[38;2;198;194;204m██[38;2;2;2;2m██[38;2;156;146;136m██[38;2;156;146;136m██[38;2;58;53;50m██[38;2;58;53;50m██                                          
            [38;2;57;106;41m██[38;2;2;2;2m██[38;2;2;2;2m██[38;2;2;2;2m██[38;2;2;2;2m██            [38;2;2;2;2m██[38;2;230;222;255m██[38;2;230;222;255m██[38;2;230;222;255m██[38;2;115;123;131m██[38;2;230;222;255m██[38;2;230;222;255m██[38;2;230;222;255m██[38;2;198;194;204m██[38;2;198;194;204m██[38;2;198;194;204m██[38;2;198;194;204m██[38;2;198;194;204m██[38;2;198;194;204m██[38;2;198;194;204m██[38;2;198;194;204m██[38;2;198;194;204m██[38;2;198;194;204m██[38;2;198;194;204m██[38;2;198;194;204m██[38;2;198;194;204m██[38;2;198;194;204m██[38;2;198;194;204m██[38;2;198;194;204m██[38;2;198;194;204m██[38;2;198;194;204m██[38;2;198;194;204m██[38;2;198;194;204m██[38;2;198;194;204m██[38;2;198;194;204m██[38;2;198;194;204m██[38;2;100;91;86m██[38;2;100;91;86m██[38;2;100;91;86m██[38;2;100;91;86m██[38;2;198;194;204m██[38;2;198;194;204m██[38;2;58;53;50m██[38;2;100;91;86m██[38;2;123;112;105m██[38;2;156;146;136m██[38;2;156;146;136m██[38;2;123;112;105m██[38;2;58;53;50m██                                        
                                [38;2;115;123;131m██[38;2;230;222;255m██[38;2;230;222;255m██[38;2;2;2;2m██[38;2;2;2;2m██[38;2;198;194;204m██[38;2;230;222;255m██[38;2;230;222;255m██[38;2;230;222;255m██[38;2;198;194;204m██[38;2;198;194;204m██[38;2;198;194;204m██[38;2;198;194;204m██[38;2;198;194;204m██[38;2;198;194;204m██[38;2;198;194;204m██[38;2;198;194;204m██[38;2;198;194;204m██[38;2;198;194;204m██[38;2;198;194;204m██[38;2;198;194;204m██[38;2;198;194;204m██[38;2;198;194;204m██[38;2;198;194;204m██[38;2;198;194;204m██[38;2;198;194;204m██[38;2;198;194;204m██[38;2;198;194;204m██[38;2;198;194;204m██[38;2;198;194;204m██[38;2;58;53;50m██[38;2;58;53;50m██[38;2;156;146;136m██[38;2;156;146;136m██[38;2;156;146;136m██[38;2;156;146;136m██[38;2;58;53;50m██[38;2;198;194;204m██[38;2;58;53;50m██[38;2;100;91;86m██[38;2;100;91;86m██[38;2;100;91;86m██[38;2;123;112;105m██[38;2;156;146;136m██[38;2;156;146;136m██[38;2;58;53;50m██[38;2;58;53;50m██                                    
                                [38;2;2;2;2m██[38;2;2;2;2m██[38;2;2;2;2m██  [38;2;115;123;131m██[38;2;230;222;255m██[38;2;230;222;255m██[38;2;230;222;255m██[38;2;198;194;204m██[38;2;198;194;204m██[38;2;198;194;204m██[38;2;198;194;204m██[38;2;198;194;204m██[38;2;198;194;204m██[38;2;198;194;204m██[38;2;198;194;204m██[38;2;198;194;204m██[38;2;198;194;204m██[38;2;198;194;204m██[38;2;198;194;204m██[38;2;198;194;204m██[38;2;198;194;204m██[38;2;198;194;204m██[38;2;198;194;204m██[38;2;198;194;204m██[38;2;198;194;204m██[38;2;198;194;204m██[38;2;198;194;204m██[38;2;198;194;204m██[38;2;58;53;50m██[38;2;100;91;86m██[38;2;123;112;105m██[38;2;156;146;136m██[38;2;123;112;105m██[38;2;100;91;86m██[38;2;100;91;86m██[38;2;100;91;86m██[38;2;2;2;2m██[38;2;58;53;50m██[38;2;58;53;50m██[38;2;58;53;50m██[38;2;58;53;50m██[38;2;100;91;86m██[38;2;100;91;86m██[38;2;123;112;105m██[38;2;156;146;136m██[38;2;156;146;136m██[38;2;58;53;50m██                                  
                                        [38;2;115;123;131m██[38;2;230;222;255m██[38;2;230;222;255m██[38;2;230;222;255m██[38;2;198;194;204m██[38;2;198;194;204m██[38;2;198;194;204m██[38;2;198;194;204m██[38;2;198;194;204m██[38;2;198;194;204m██[38;2;198;194;204m██[38;2;198;194;204m██[38;2;198;194;204m██[38;2;198;194;204m██[38;2;198;194;204m██[38;2;198;194;204m██[38;2;198;194;204m██[38;2;198;194;204m██[38;2;198;194;204m██[38;2;198;194;204m██[38;2;198;194;204m██[38;2;198;194;204m██[38;2;198;194;204m██[38;2;198;194;204m██[38;2;2;2;2m██[38;2;100;91;86m██[38;2;100;91;86m██[38;2;100;91;86m██[38;2;58;53;50m██[38;2;100;91;86m██[38;2;123;112;105m██[38;2;156;146;136m██[38;2;156;146;136m██[38;2;156;146;136m██[38;2;2;2;2m██      [38;2;58;53;50m██[38;2;58;53;50m██[38;2;58;53;50m██[38;2;58;53;50m██[38;2;58;53;50m██                                    
                                      [38;2;2;2;2m██[38;2;230;222;255m██[38;2;230;222;255m██[38;2;230;222;255m██[38;2;198;194;204m██[38;2;115;123;131m██[38;2;198;194;204m██[38;2;198;194;204m██[38;2;198;194;204m██[38;2;115;123;131m██[38;2;198;194;204m██[38;2;198;194;204m██[38;2;198;194;204m██[38;2;198;194;204m██[38;2;198;194;204m██[38;2;198;194;204m██[38;2;198;194;204m██[38;2;198;194;204m██[38;2;198;194;204m██[38;2;198;194;204m██[38;2;198;194;204m██[38;2;198;194;204m██[38;2;198;194;204m██[38;2;198;194;204m██[38;2;198;194;204m██[38;2;2;2;2m██[38;2;100;91;86m██[38;2;100;91;86m██[38;2;58;53;50m██[38;2;100;91;86m██[38;2;100;91;86m██[38;2;123;112;105m██[38;2;123;112;105m██[38;2;156;146;136m██[38;2;156;146;136m██[38;2;156;146;136m██[38;2;58;53;50m██                                                  
                                      [38;2;2;2;2m██[38;2;230;222;255m██[38;2;230;222;255m██[38;2;198;194;204m██[38;2;115;123;131m██[38;2;115;123;131m██[38;2;198;194;204m██[38;2;198;194;204m██[38;2;115;123;131m██[38;2;198;194;204m██[38;2;198;194;204m██[38;2;198;194;204m██[38;2;198;194;204m██[38;2;198;194;204m██[38;2;198;194;204m██[38;2;198;194;204m██[38;2;198;194;204m██[38;2;198;194;204m██[38;2;198;194;204m██[38;2;198;194;204m██[38;2;198;194;204m██[38;2;198;194;204m██[38;2;198;194;204m██[38;2;198;194;204m██[38;2;2;2;2m██[38;2;100;91;86m██[38;2;100;91;86m██[38;2;100;91;86m██[38;2;58;53;50m██[38;2;100;91;86m██[38;2;100;91;86m██[38;2;100;91;86m██[38;2;100;91;86m██[38;2;58;53;50m██[38;2;58;53;50m██[38;2;58;53;50m██[38;2;58;53;50m██                                                  
                                    [38;2;2;2;2m██[38;2;230;222;255m██[38;2;230;222;255m██[38;2;115;123;131m██[38;2;115;123;131m██[38;2;198;194;204m██[38;2;115;123;131m██[38;2;198;194;204m██[38;2;115;123;131m██[38;2;198;194;204m██[38;2;198;194;204m██[38;2;198;194;204m██[38;2;198;194;204m██[38;2;198;194;204m██[38;2;198;194;204m██[38;2;198;194;204m██[38;2;198;194;204m██[38;2;198;194;204m██[38;2;198;194;204m██[38;2;198;194;204m██[38;2;198;194;204m██[38;2;198;194;204m██[38;2;198;194;204m██[38;2;198;194;204m██[38;2;198;194;204m██[38;2;2;2;2m██[38;2;100;91;86m██[38;2;100;91;86m██[38;2;58;53;50m██[38;2;100;91;86m██[38;2;100;91;86m██[38;2;100;91;86m██[38;2;100;91;86m██[38;2;58;53;50m██[38;2;100;91;86m██[38;2;156;146;136m██[38;2;156;146;136m██[38;2;58;53;50m██                      [38;2;2;2;2m██[38;2;2;2;2m██[38;2;2;2;2m██[38;2;2;2;2m██[38;2;118;94;38m██[38;2;118;94;38m██[38;2;118;94;38m██              
                                    [38;2;2;2;2m██[38;2;2;2;2m██[38;2;2;2;2m██[38;2;198;194;204m██[38;2;198;194;204m██[38;2;198;194;204m██[38;2;115;123;131m██[38;2;115;123;131m██[38;2;198;194;204m██[38;2;198;194;204m██[38;2;198;194;204m██[38;2;198;194;204m██[38;2;198;194;204m██[38;2;198;194;204m██[38;2;198;194;204m██[38;2;198;194;204m██[38;2;198;194;204m██[38;2;198;194;204m██[38;2;198;194;204m██[38;2;198;194;204m██[38;2;198;194;204m██[38;2;198;194;204m██[38;2;198;194;204m██[38;2;198;194;204m██[38;2;198;194;204m██[38;2;2;2;2m██[38;2;100;91;86m██[38;2;100;91;86m██[38;2;58;53;50m██[38;2;100;91;86m██[38;2;100;91;86m██[38;2;100;91;86m██[38;2;58;53;50m██[38;2;100;91;86m██[38;2;100;91;86m██[38;2;123;112;105m██[38;2;156;146;136m██[38;2;156;146;136m██[38;2;58;53;50m██              [38;2;2;2;2m██[38;2;2;2;2m██[38;2;118;94;38m██[38;2;197;165;89m██[38;2;197;165;89m██[38;2;197;165;89m██[38;2;197;165;89m██[38;2;197;165;89m██[38;2;197;165;89m██[38;2;197;165;89m██[38;2;2;2;2m██            
                                        [38;2;115;123;131m██[38;2;198;194;204m██[38;2;198;194;204m██[38;2;198;194;204m██[38;2;198;194;204m██[38;2;198;194;204m██[38;2;198;194;204m██[38;2;198;194;204m██[38;2;198;194;204m██[38;2;198;194;204m██[38;2;198;194;204m██[38;2;198;194;204m██[38;2;198;194;204m██[38;2;198;194;204m██[38;2;198;194;204m██[38;2;198;194;204m██[38;2;198;194;204m██[38;2;198;194;204m██[38;2;198;194;204m██[38;2;198;194;204m██[38;2;198;194;204m██[38;2;198;194;204m██[38;2;198;194;204m██[38;2;2;2;2m██[38;2;100;91;86m██[38;2;100;91;86m██[38;2;58;53;50m██[38;2;100;91;86m██[38;2;100;91;86m██[38;2;100;91;86m██[38;2;58;53;50m██[38;2;100;91;86m██[38;2;100;91;86m██[38;2;100;91;86m██[38;2;100;91;86m██[38;2;123;112;105m██[38;2;123;112;105m██[38;2;58;53;50m██[38;2;58;53;50m██      [38;2;2;2;2m██[38;2;118;94;38m██[38;2;197;165;89m██[38;2;197;165;89m██[38;2;100;91;86m██[38;2;100;91;86m██[38;2;100;91;86m██[38;2;100;91;86m██[38;2;197;165;89m██[38;2;197;165;89m██[38;2;197;165;89m██[38;2;2;2;2m██              
                                        [38;2;115;123;131m██[38;2;198;194;204m██[38;2;198;194;204m██[38;2;198;194;204m██[38;2;198;194;204m██[38;2;198;194;204m██[38;2;198;194;204m██[38;2;198;194;204m██[38;2;198;194;204m██[38;2;198;194;204m██[38;2;198;194;204m██[38;2;198;194;204m██[38;2;198;194;204m██[38;2;198;194;204m██[38;2;198;194;204m██[38;2;198;194;204m██[38;2;198;194;204m██[38;2;198;194;204m██[38;2;198;194;204m██[38;2;198;194;204m██[38;2;198;194;204m██[38;2;198;194;204m██[38;2;198;194;204m██[38;2;115;123;131m██[38;2;2;2;2m██[38;2;100;91;86m██[38;2;58;53;50m██[38;2;100;91;86m██[38;2;100;91;86m██[38;2;100;91;86m██[38;2;58;53;50m██[38;2;100;91;86m██[38;2;100;91;86m██[38;2;100;91;86m██[38;2;100;91;86m██[38;2;100;91;86m██[38;2;123;112;105m██[38;2;123;112;105m██[38;2;123;112;105m██[38;2;58;53;50m██[38;2;118;94;38m██[38;2;2;2;2m██[38;2;197;165;89m██[38;2;197;165;89m██[38;2;100;91;86m██[38;2;100;91;86m██[38;2;100;91;86m██[38;2;197;165;89m██[38;2;197;165;89m██[38;2;197;165;89m██[38;2;197;165;89m██[38;2;2;2;2m██[38;2;2;2;2m██                
                                      [38;2;115;123;131m██[38;2;198;194;204m██[38;2;198;194;204m██[38;2;198;194;204m██[38;2;198;194;204m██[38;2;198;194;204m██[38;2;198;194;204m██[38;2;198;194;204m██[38;2;198;194;204m██[38;2;198;194;204m██[38;2;198;194;204m██[38;2;198;194;204m██[38;2;198;194;204m██[38;2;198;194;204m██[38;2;198;194;204m██[38;2;198;194;204m██[38;2;198;194;204m██[38;2;198;194;204m██[38;2;198;194;204m██[38;2;198;194;204m██[38;2;198;194;204m██[38;2;198;194;204m██[38;2;198;194;204m██[38;2;198;194;204m██[38;2;115;123;131m██[38;2;2;2;2m██[38;2;100;91;86m██[38;2;100;91;86m██[38;2;58;53;50m██[38;2;100;91;86m██[38;2;100;91;86m██[38;2;100;91;86m██[38;2;58;53;50m██[38;2;100;91;86m██[38;2;100;91;86m██[38;2;100;91;86m██[38;2;2;2;2m██[38;2;58;53;50m██[38;2;100;91;86m██[38;2;123;112;105m██[38;2;57;106;41m██[38;2;74;148;90m██[38;2;74;148;90m██[38;2;74;148;90m██[38;2;74;148;90m██[38;2;74;148;90m██[38;2;118;94;38m██[38;2;118;94;38m██[38;2;118;94;38m██[38;2;2;2;2m██[38;2;2;2;2m██[38;2;2;2;2m██                    
                                      [38;2;115;123;131m██[38;2;198;194;204m██[38;2;198;194;204m██[38;2;198;194;204m██[38;2;198;194;204m██[38;2;198;194;204m██[38;2;198;194;204m██[38;2;198;194;204m██[38;2;198;194;204m██[38;2;198;194;204m██[38;2;198;194;204m██[38;2;198;194;204m██[38;2;198;194;204m██[38;2;198;194;204m██[38;2;198;194;204m██[38;2;198;194;204m██[38;2;198;194;204m██[38;2;198;194;204m██[38;2;198;194;204m██[38;2;198;194;204m██[38;2;198;194;204m██[38;2;198;194;204m██[38;2;198;194;204m██[38;2;198;194;204m██[38;2;115;123;131m██[38;2;115;123;131m██[38;2;2;2;2m██[38;2;100;91;86m██[38;2;58;53;50m██[38;2;100;91;86m██[38;2;100;91;86m██[38;2;100;91;86m██[38;2;100;91;86m██[38;2;58;53;50m██[38;2;2;2;2m██[38;2;2;2;2m██    [38;2;58;53;50m██[38;2;57;106;41m██[38;2;74;148;90m██[38;2;74;148;90m██[38;2;74;148;90m██[38;2;74;148;90m██[38;2;74;148;90m██[38;2;74;148;90m██[38;2;74;148;90m██[38;2;74;148;90m██[38;2;74;148;90m██[38;2;74;148;90m██[38;2;57;106;41m██[38;2;57;106;41m██[38;2;57;106;41m██                  
                                    [38;2;115;123;131m██[38;2;198;194;204m██[38;2;198;194;204m██[38;2;198;194;204m██[38;2;198;194;204m██[38;2;198;194;204m██[38;2;230;222;255m██[38;2;198;194;204m██[38;2;198;194;204m██[38;2;198;194;204m██[38;2;198;194;204m██[38;2;198;194;204m██[38;2;198;194;204m██[38;2;198;194;204m██[38;2;198;194;204m██[38;2;198;194;204m██[38;2;198;194;204m██[38;2;198;194;204m██[38;2;198;194;204m██[38;2;198;194;204m██[38;2;198;194;204m██[38;2;198;194;204m██[38;2;198;194;204m██[38;2;198;194;204m██[38;2;198;194;204m██[38;2;115;123;131m██[38;2;198;194;204m██[38;2;58;53;50m██[38;2;2;2;2m██[38;2;2;2;2m██[38;2;100;91;86m██[38;2;100;91;86m██[38;2;100;91;86m██[38;2;100;91;86m██[38;2;2;2;2m██[38;2;2;2;2m██        [38;2;2;2;2m██[38;2;165;178;74m██[38;2;74;148;90m██[38;2;74;148;90m██[38;2;74;148;90m██[38;2;74;148;90m██[38;2;100;91;86m██[38;2;100;91;86m██[38;2;100;91;86m██[38;2;74;148;90m██[38;2;74;148;90m██[38;2;106;197;115m██[38;2;106;197;115m██[38;2;106;197;115m██[38;2;74;148;90m██[38;2;57;106;41m██              
                                    [38;2;115;123;131m██[38;2;198;194;204m██[38;2;198;194;204m██[38;2;198;194;204m██[38;2;198;194;204m██[38;2;230;222;255m██[38;2;230;222;255m██[38;2;198;194;204m██[38;2;198;194;204m██[38;2;198;194;204m██[38;2;198;194;204m██[38;2;198;194;204m██[38;2;198;194;204m██[38;2;198;194;204m██[38;2;198;194;204m██[38;2;198;194;204m██[38;2;198;194;204m██[38;2;198;194;204m██[38;2;198;194;204m██[38;2;198;194;204m██[38;2;198;194;204m██[38;2;198;194;204m██[38;2;198;194;204m██[38;2;198;194;204m██[38;2;198;194;204m██[38;2;115;123;131m██[38;2;198;194;204m██[38;2;58;53;50m██[38;2;100;91;86m██[38;2;100;91;86m██[38;2;2;2;2m██[38;2;2;2;2m██[38;2;2;2;2m██[38;2;2;2;2m██            [38;2;2;2;2m██[38;2;165;178;74m██[38;2;165;178;74m██[38;2;74;148;90m██[38;2;74;148;90m██[38;2;74;148;90m██[38;2;74;148;90m██[38;2;74;148;90m██[38;2;100;91;86m██[38;2;100;91;86m██[38;2;123;112;105m██[38;2;123;112;105m██[38;2;106;197;115m██[38;2;106;197;115m██[38;2;106;197;115m██[38;2;106;197;115m██[38;2;74;148;90m██[38;2;57;106;41m██          
                                    [38;2;115;123;131m██[38;2;198;194;204m██[38;2;198;194;204m██[38;2;198;194;204m██[38;2;198;194;204m██[38;2;230;222;255m██[38;2;230;222;255m██[38;2;198;194;204m██[38;2;198;194;204m██[38;2;198;194;204m██[38;2;198;194;204m██[38;2;198;194;204m██[38;2;198;194;204m██[38;2;198;194;204m██[38;2;198;194;204m██[38;2;198;194;204m██[38;2;198;194;204m██[38;2;198;194;204m██[38;2;198;194;204m██[38;2;198;194;204m██[38;2;198;194;204m██[38;2;198;194;204m██[38;2;198;194;204m██[38;2;198;194;204m██[38;2;115;123;131m██[38;2;198;194;204m██[38;2;198;194;204m██[38;2;2;2;2m██[38;2;100;91;86m██[38;2;100;91;86m██[38;2;100;91;86m██[38;2;100;91;86m██[38;2;58;53;50m██[38;2;58;53;50m██            [38;2;2;2;2m██[38;2;165;178;74m██[38;2;165;178;74m██[38;2;100;91;86m██[38;2;165;178;74m██[38;2;57;106;41m██[38;2;74;148;90m██[38;2;74;148;90m██[38;2;74;148;90m██[38;2;106;197;115m██[38;2;106;197;115m██[38;2;106;197;115m██[38;2;123;112;105m██[38;2;123;112;105m██[38;2;123;112;105m██[38;2;106;197;115m██[38;2;106;197;115m██[38;2;106;197;115m██[38;2;74;148;90m██[38;2;57;106;41m██      
                                  [38;2;115;123;131m██[38;2;198;194;204m██[38;2;198;194;204m██[38;2;198;194;204m██[38;2;198;194;204m██[38;2;230;222;255m██[38;2;230;222;255m██[38;2;230;222;255m██[38;2;198;194;204m██[38;2;198;194;204m██[38;2;198;194;204m██[38;2;198;194;204m██[38;2;198;194;204m██[38;2;198;194;204m██[38;2;198;194;204m██[38;2;198;194;204m██[38;2;198;194;204m██[38;2;198;194;204m██[38;2;198;194;204m██[38;2;198;194;204m██[38;2;198;194;204m██[38;2;198;194;204m██[38;2;198;194;204m██[38;2;198;194;204m██[38;2;198;194;204m██[38;2;115;123;131m██[38;2;198;194;204m██[38;2;198;194;204m██[38;2;2;2;2m██[38;2;100;91;86m██[38;2;100;91;86m██[38;2;100;91;86m██[38;2;100;91;86m██[38;2;100;91;86m██[38;2;123;112;105m██[38;2;58;53;50m██[38;2;58;53;50m██        [38;2;2;2;2m██[38;2;165;178;74m██[38;2;165;178;74m██[38;2;100;91;86m██[38;2;100;91;86m██[38;2;165;178;74m██[38;2;2;2;2m██[38;2;57;106;41m██[38;2;106;197;115m██[38;2;106;197;115m██[38;2;106;197;115m██[38;2;106;197;115m██[38;2;106;197;115m██[38;2;106;197;115m██[38;2;106;197;115m██[38;2;106;197;115m██[38;2;106;197;115m██[38;2;106;197;115m██[38;2;106;197;115m██[38;2;106;197;115m██[38;2;57;106;41m██    
                                  [38;2;115;123;131m██[38;2;198;194;204m██[38;2;198;194;204m██[38;2;198;194;204m██[38;2;198;194;204m██[38;2;230;222;255m██[38;2;230;222;255m██[38;2;198;194;204m██[38;2;198;194;204m██[38;2;198;194;204m██[38;2;198;194;204m██[38;2;198;194;204m██[38;2;198;194;204m██[38;2;198;194;204m██[38;2;198;194;204m██[38;2;198;194;204m██[38;2;198;194;204m██[38;2;198;194;204m██[38;2;198;194;204m██[38;2;198;194;204m██[38;2;198;194;204m██[38;2;198;194;204m██[38;2;198;194;204m██[38;2;198;194;204m██[38;2;198;194;204m██[38;2;115;123;131m██[38;2;198;194;204m██[38;2;198;194;204m██[38;2;198;194;204m██[38;2;2;2;2m██[38;2;100;91;86m██[38;2;100;91;86m██[38;2;100;91;86m██[38;2;123;112;105m██[38;2;156;146;136m██[38;2;156;146;136m██[38;2;156;146;136m██[38;2;58;53;50m██      [38;2;2;2;2m██[38;2;165;178;74m██[38;2;165;178;74m██[38;2;165;178;74m██[38;2;100;91;86m██[38;2;198;210;110m██[38;2;198;210;110m██[38;2;2;2;2m██[38;2;2;2;2m██[38;2;57;106;41m██[38;2;106;197;115m██[38;2;106;197;115m██[38;2;106;197;115m██[38;2;106;197;115m██[38;2;106;197;115m██[38;2;106;197;115m██[38;2;106;197;115m██[38;2;106;197;115m██[38;2;106;197;115m██[38;2;106;197;115m██[38;2;106;197;115m██[38;2;57;106;41m██  
                                [38;2;115;123;131m██[38;2;198;194;204m██[38;2;198;194;204m██[38;2;198;194;204m██[38;2;198;194;204m██[38;2;230;222;255m██[38;2;230;222;255m██[38;2;230;222;255m██[38;2;198;194;204m██[38;2;198;194;204m██[38;2;198;194;204m██[38;2;198;194;204m██[38;2;198;194;204m██[38;2;198;194;204m██[38;2;198;194;204m██[38;2;198;194;204m██[38;2;198;194;204m██[38;2;198;194;204m██[38;2;198;194;204m██[38;2;198;194;204m██[38;2;198;194;204m██[38;2;198;194;204m██[38;2;198;194;204m██[38;2;198;194;204m██[38;2;198;194;204m██[38;2;115;123;131m██[38;2;198;194;204m██[38;2;198;194;204m██[38;2;198;194;204m██[38;2;198;194;204m██[38;2;2;2;2m██[38;2;100;91;86m██[38;2;100;91;86m██[38;2;100;91;86m██[38;2;123;112;105m██[38;2;123;112;105m██[38;2;156;146;136m██[38;2;156;146;136m██[38;2;58;53;50m██        [38;2;110;119;49m██[38;2;165;178;74m██[38;2;165;178;74m██[38;2;123;112;105m██[38;2;198;210;110m██[38;2;198;210;110m██[38;2;110;119;49m██    [38;2;2;2;2m██[38;2;2;2;2m██[38;2;2;2;2m██[38;2;57;106;41m██[38;2;106;197;115m██[38;2;106;197;115m██[38;2;106;197;115m██[38;2;106;197;115m██[38;2;106;197;115m██[38;2;106;197;115m██[38;2;106;197;115m██[38;2;106;197;115m██[38;2;57;106;41m██
                                [38;2;115;123;131m██[38;2;230;222;255m██[38;2;198;194;204m██[38;2;198;194;204m██[38;2;198;194;204m██[38;2;230;222;255m██[38;2;230;222;255m██[38;2;230;222;255m██[38;2;198;194;204m██[38;2;198;194;204m██[38;2;198;194;204m██[38;2;198;194;204m██[38;2;198;194;204m██[38;2;198;194;204m██[38;2;198;194;204m██[38;2;198;194;204m██[38;2;198;194;204m██[38;2;198;194;204m██[38;2;198;194;204m██[38;2;198;194;204m██[38;2;198;194;204m██[38;2;198;194;204m██[38;2;198;194;204m██[38;2;198;194;204m██[38;2;198;194;204m██[38;2;115;123;131m██[38;2;198;194;204m██[38;2;198;194;204m██[38;2;198;194;204m██[38;2;198;194;204m██[38;2;2;2;2m██[38;2;100;91;86m██[38;2;100;91;86m██[38;2;100;91;86m██[38;2;100;91;86m██[38;2;123;112;105m██[38;2;123;112;105m██[38;2;123;112;105m██[38;2;2;2;2m██        [38;2;2;2;2m██[38;2;165;178;74m██[38;2;165;178;74m██[38;2;198;210;110m██[38;2;123;112;105m██[38;2;198;210;110m██[38;2;198;210;110m██[38;2;110;119;49m██          [38;2;2;2;2m██[38;2;2;2;2m██[38;2;2;2;2m██[38;2;2;2;2m██[38;2;2;2;2m██[38;2;2;2;2m██[38;2;57;106;41m██[38;2;57;106;41m██[38;2;57;106;41m██
                              [38;2;115;123;131m██[38;2;230;222;255m██[38;2;230;222;255m██[38;2;198;194;204m██[38;2;198;194;204m██[38;2;230;222;255m██[38;2;230;222;255m██[38;2;230;222;255m██[38;2;230;222;255m██[38;2;198;194;204m██[38;2;198;194;204m██[38;2;198;194;204m██[38;2;198;194;204m██[38;2;198;194;204m██[38;2;198;194;204m██[38;2;198;194;204m██[38;2;198;194;204m██[38;2;198;194;204m██[38;2;198;194;204m██[38;2;198;194;204m██[38;2;198;194;204m██[38;2;198;194;204m██[38;2;198;194;204m██[38;2;198;194;204m██[38;2;198;194;204m██[38;2;198;194;204m██[38;2;198;194;204m██[38;2;198;194;204m██[38;2;198;194;204m██[38;2;198;194;204m██[38;2;198;194;204m██[38;2;2;2;2m██[38;2;100;91;86m██[38;2;100;91;86m██[38;2;100;91;86m██[38;2;100;91;86m██[38;2;100;91;86m██[38;2;123;112;105m██[38;2;123;112;105m██[38;2;2;2;2m██          [38;2;110;119;49m██[38;2;198;210;110m██[38;2;198;210;110m██[38;2;123;112;105m██[38;2;198;210;110m██[38;2;198;210;110m██[38;2;110;119;49m██                            
                          [38;2;115;123;131m██[38;2;115;123;131m██[38;2;230;222;255m██[38;2;230;222;255m██[38;2;230;222;255m██[38;2;198;194;204m██[38;2;230;222;255m██[38;2;230;222;255m██[38;2;230;222;255m██[38;2;230;222;255m██[38;2;230;222;255m██[38;2;198;194;204m██[38;2;198;194;204m██[38;2;198;194;204m██[38;2;198;194;204m██[38;2;198;194;204m██[38;2;198;194;204m██[38;2;198;194;204m██[38;2;198;194;204m██[38;2;198;194;204m██[38;2;198;194;204m██[38;2;198;194;204m██[38;2;198;194;204m██[38;2;198;194;204m██[38;2;198;194;204m██[38;2;198;194;204m██[38;2;198;194;204m██[38;2;198;194;204m██[38;2;198;194;204m██[38;2;198;194;204m██[38;2;198;194;204m██[38;2;198;194;204m██[38;2;198;194;204m██[38;2;2;2;2m██[38;2;100;91;86m██[38;2;100;91;86m██[38;2;100;91;86m██[38;2;100;91;86m██[38;2;100;91;86m██[38;2;100;91;86m██[38;2;100;91;86m██[38;2;2;2;2m██          [38;2;2;2;2m██[38;2;165;178;74m██[38;2;198;210;110m██[38;2;198;210;110m██[38;2;123;112;105m██[38;2;198;210;110m██[38;2;198;210;110m██[38;2;110;119;49m██                          
                    [38;2;115;123;131m██[38;2;115;123;131m██[38;2;115;123;131m██[38;2;230;222;255m██[38;2;230;222;255m██[38;2;230;222;255m██[38;2;230;222;255m██[38;2;198;194;204m██[38;2;230;222;255m██[38;2;230;222;255m██[38;2;230;222;255m██[38;2;230;222;255m██[38;2;230;222;255m██[38;2;230;222;255m██[38;2;198;194;204m██[38;2;198;194;204m██[38;2;198;194;204m██[38;2;198;194;204m██[38;2;198;194;204m██[38;2;198;194;204m██[38;2;198;194;204m██[38;2;198;194;204m██[38;2;198;194;204m██[38;2;198;194;204m██[38;2;198;194;204m██[38;2;198;194;204m██[38;2;198;194;204m██[38;2;198;194;204m██[38;2;198;194;204m██[38;2;198;194;204m██[38;2;198;194;204m██[38;2;198;194;204m██[38;2;198;194;204m██[38;2;198;194;204m██[38;2;198;194;204m██[38;2;198;194;204m██[38;2;2;2;2m██[38;2;100;91;86m██[38;2;100;91;86m██[38;2;100;91;86m██[38;2;100;91;86m██[38;2;100;91;86m██[38;2;100;91;86m██[38;2;2;2;2m██              [38;2;2;2;2m██[38;2;198;210;110m██[38;2;198;210;110m██[38;2;198;210;110m██[38;2;198;210;110m██[38;2;198;210;110m██[38;2;110;119;49m██                          
            [38;2;115;123;131m██[38;2;115;123;131m██[38;2;115;123;131m██[38;2;115;123;131m██[38;2;230;222;255m██[38;2;230;222;255m██[38;2;230;222;255m██[38;2;230;222;255m██[38;2;230;222;255m██[38;2;230;222;255m██[38;2;230;222;255m██[38;2;230;222;255m██[38;2;230;222;255m██[38;2;230;222;255m██[38;2;230;222;255m██[38;2;230;222;255m██[38;2;230;222;255m██[38;2;198;194;204m██[38;2;198;194;204m██[38;2;198;194;204m██[38;2;198;194;204m██[38;2;198;194;204m██[38;2;198;194;204m██[38;2;198;194;204m██[38;2;198;194;204m██[38;2;198;194;204m██[38;2;198;194;204m██[38;2;198;194;204m██[38;2;198;194;204m██[38;2;198;194;204m██[38;2;198;194;204m██[38;2;198;194;204m██[38;2;198;194;204m██[38;2;198;194;204m██[38;2;198;194;204m██[38;2;198;194;204m██[38;2;198;194;204m██[38;2;198;194;204m██[38;2;198;194;204m██[38;2;198;194;204m██[38;2;2;2;2m██[38;2;100;91;86m██[38;2;100;91;86m██[38;2;100;91;86m██[38;2;100;91;86m██[38;2;100;91;86m██[38;2;100;91;86m██[38;2;2;2;2m██                [38;2;2;2;2m██[38;2;198;210;110m██[38;2;198;210;110m██[38;2;198;210;110m██[38;2;198;210;110m██[38;2;110;119;49m██                          
          [38;2;2;2;2m██[38;2;230;222;255m██[38;2;230;222;255m██[38;2;230;222;255m██[38;2;230;222;255m██[38;2;230;222;255m██[38;2;230;222;255m██[38;2;230;222;255m██[38;2;230;222;255m██[38;2;230;222;255m██[38;2;230;222;255m██[38;2;230;222;255m██[38;2;230;222;255m██[38;2;230;222;255m██[38;2;230;222;255m██[38;2;230;222;255m██[38;2;230;222;255m██[38;2;230;222;255m██[38;2;198;194;204m██[38;2;198;194;204m██[38;2;198;194;204m██[38;2;198;194;204m██[38;2;198;194;204m██[38;2;198;194;204m██[38;2;198;194;204m██[38;2;198;194;204m██[38;2;198;194;204m██[38;2;198;194;204m██[38;2;198;194;204m██[38;2;198;194;204m██[38;2;198;194;204m██[38;2;198;194;204m██[38;2;198;194;204m██[38;2;198;194;204m██[38;2;198;194;204m██[38;2;198;194;204m██[38;2;198;194;204m██[38;2;198;194;204m██[38;2;198;194;204m██[38;2;198;194;204m██[38;2;2;2;2m██[38;2;100;91;86m██[38;2;100;91;86m██[38;2;100;91;86m██[38;2;100;91;86m██[38;2;100;91;86m██[38;2;100;91;86m██[38;2;2;2;2m██                    [38;2;2;2;2m██[38;2;165;178;74m██[38;2;198;210;110m██[38;2;198;210;110m██[38;2;110;119;49m██                          
            [38;2;2;2;2m██[38;2;115;123;131m██[38;2;230;222;255m██[38;2;230;222;255m██[38;2;230;222;255m██[38;2;230;222;255m██[38;2;230;222;255m██[38;2;230;222;255m██[38;2;230;222;255m██[38;2;230;222;255m██[38;2;230;222;255m██[38;2;230;222;255m██[38;2;230;222;255m██[38;2;230;222;255m██[38;2;230;222;255m██[38;2;230;222;255m██[38;2;230;222;255m██[38;2;198;194;204m██[38;2;198;194;204m██[38;2;198;194;204m██[38;2;198;194;204m██[38;2;198;194;204m██[38;2;198;194;204m██[38;2;198;194;204m██[38;2;198;194;204m██[38;2;198;194;204m██[38;2;198;194;204m██[38;2;198;194;204m██[38;2;198;194;204m██[38;2;198;194;204m██[38;2;198;194;204m██[38;2;198;194;204m██[38;2;198;194;204m██[38;2;198;194;204m██[38;2;198;194;204m██[38;2;198;194;204m██[38;2;198;194;204m██[38;2;198;194;204m██[38;2;198;194;204m██[38;2;2;2;2m██[38;2;100;91;86m██[38;2;100;91;86m██[38;2;100;91;86m██[38;2;100;91;86m██[38;2;100;91;86m██[38;2;2;2;2m██[38;2;58;53;50m██[38;2;58;53;50m██[38;2;58;53;50m██                  [38;2;2;2;2m██[38;2;110;119;49m██[38;2;198;210;110m██[38;2;110;119;49m██                          
    [38;2;115;123;131m██[38;2;115;123;131m██[38;2;115;123;131m██[38;2;115;123;131m██[38;2;230;222;255m██[38;2;230;222;255m██[38;2;230;222;255m██[38;2;230;222;255m██[38;2;230;222;255m██[38;2;230;222;255m██[38;2;230;222;255m██[38;2;230;222;255m██[38;2;230;222;255m██[38;2;230;222;255m██[38;2;230;222;255m██[38;2;230;222;255m██[38;2;230;222;255m██[38;2;230;222;255m██[38;2;230;222;255m██[38;2;230;222;255m██[38;2;198;194;204m██[38;2;198;194;204m██[38;2;198;194;204m██[38;2;198;194;204m██[38;2;198;194;204m██[38;2;198;194;204m██[38;2;198;194;204m██[38;2;198;194;204m██[38;2;198;194;204m██[38;2;198;194;204m██[38;2;198;194;204m██[38;2;198;194;204m██[38;2;198;194;204m██[38;2;198;194;204m██[38;2;198;194;204m██[38;2;198;194;204m██[38;2;198;194;204m██[38;2;198;194;204m██[38;2;198;194;204m██[38;2;198;194;204m██[38;2;198;194;204m██[38;2;198;194;204m██[38;2;198;194;204m██[38;2;2;2;2m██[38;2;2;2;2m██[38;2;100;91;86m██[38;2;100;91;86m██[38;2;100;91;86m██[38;2;100;91;86m██[38;2;2;2;2m██[38;2;156;146;136m██[38;2;156;146;136m██[38;2;156;146;136m██[38;2;58;53;50m██[38;2;58;53;50m██                  [38;2;110;119;49m██[38;2;110;119;49m██                          
  [38;2;2;2;2m██[38;2;230;222;255m██[38;2;230;222;255m██[38;2;230;222;255m██[38;2;230;222;255m██[38;2;230;222;255m██[38;2;230;222;255m██[38;2;230;222;255m██[38;2;230;222;255m██[38;2;230;222;255m██[38;2;230;222;255m██[38;2;230;222;255m██[38;2;230;222;255m██[38;2;230;222;255m██[38;2;230;222;255m██[38;2;230;222;255m██[38;2;230;222;255m██[38;2;230;222;255m██[38;2;230;222;255m██[38;2;230;222;255m██[38;2;230;222;255m██[38;2;198;194;204m██[38;2;198;194;204m██[38;2;198;194;204m██[38;2;198;194;204m██[38;2;115;123;131m██[38;2;198;194;204m██[38;2;198;194;204m██[38;2;198;194;204m██[38;2;198;194;204m██[38;2;198;194;204m██[38;2;198;194;204m██[38;2;198;194;204m██[38;2;198;194;204m██[38;2;198;194;204m██[38;2;198;194;204m██[38;2;198;194;204m██[38;2;198;194;204m██[38;2;198;194;204m██[38;2;198;194;204m██[38;2;198;194;204m██[38;2;198;194;204m██[38;2;198;194;204m██[38;2;2;2;2m██[38;2;58;53;50m██[38;2;100;91;86m██[38;2;2;2;2m██[38;2;100;91;86m██[38;2;100;91;86m██[38;2;100;91;86m██[38;2;2;2;2m██[38;2;123;112;105m██[38;2;156;146;136m██[38;2;156;146;136m██[38;2;156;146;136m██[38;2;156;146;136m██[38;2;58;53;50m██                                              
    [38;2;2;2;2m██[38;2;2;2;2m██[38;2;115;123;131m██[38;2;230;222;255m██[38;2;230;222;255m██[38;2;230;222;255m██[38;2;230;222;255m██[38;2;230;222;255m██[38;2;230;222;255m██[38;2;230;222;255m██[38;2;230;222;255m██[38;2;230;222;255m██[38;2;230;222;255m██[38;2;230;222;255m██[38;2;230;222;255m██[38;2;230;222;255m██[38;2;230;222;255m██[38;2;230;222;255m██[38;2;230;222;255m██[38;2;198;194;204m██[38;2;198;194;204m██[38;2;198;194;204m██[38;2;198;194;204m██[38;2;115;123;131m██[38;2;198;194;204m██[38;2;198;194;204m██[38;2;198;194;204m██[38;2;198;194;204m██[38;2;198;194;204m██[38;2;198;194;204m██[38;2;198;194;204m██[38;2;198;194;204m██[38;2;198;194;204m██[38;2;198;194;204m██[38;2;198;194;204m██[38;2;198;194;204m██[38;2;198;194;204m██[38;2;198;194;204m██[38;2;198;194;204m██[38;2;198;194;204m██[38;2;198;194;204m██[38;2;198;194;204m██[38;2;2;2;2m██[38;2;100;91;86m██[38;2;100;91;86m██[38;2;2;2;2m██[38;2;100;91;86m██[38;2;100;91;86m██[38;2;100;91;86m██[38;2;100;91;86m██[38;2;58;53;50m██[38;2;123;112;105m██[38;2;123;112;105m██[38;2;100;91;86m██[38;2;100;91;86m██[38;2;156;146;136m██[38;2;58;53;50m██                                            
          [38;2;2;2;2m██[38;2;2;2;2m██[38;2;2;2;2m██[38;2;115;123;131m██[38;2;115;123;131m██[38;2;198;194;204m██[38;2;198;194;204m██[38;2;230;222;255m██[38;2;230;222;255m██[38;2;230;222;255m██[38;2;230;222;255m██[38;2;230;222;255m██[38;2;230;222;255m██[38;2;230;222;255m██[38;2;230;222;255m██[38;2;198;194;204m██[38;2;198;194;204m██[38;2;198;194;204m██[38;2;198;194;204m██[38;2;115;123;131m██[38;2;198;194;204m██[38;2;198;194;204m██[38;2;198;194;204m██[38;2;198;194;204m██[38;2;198;194;204m██[38;2;198;194;204m██[38;2;198;194;204m██[38;2;198;194;204m██[38;2;198;194;204m██[38;2;198;194;204m██[38;2;198;194;204m██[38;2;198;194;204m██[38;2;198;194;204m██[38;2;198;194;204m██[38;2;198;194;204m██[38;2;198;194;204m██[38;2;198;194;204m██[38;2;198;194;204m██[38;2;198;194;204m██[38;2;2;2;2m██[38;2;100;91;86m██[38;2;100;91;86m██[38;2;58;53;50m██[38;2;100;91;86m██[38;2;100;91;86m██[38;2;100;91;86m██[38;2;100;91;86m██[38;2;100;91;86m██[38;2;100;91;86m██[38;2;100;91;86m██[38;2;100;91;86m██[38;2;100;91;86m██[38;2;100;91;86m██[38;2;2;2;2m██                                            
                [38;2;115;123;131m██[38;2;198;194;204m██[38;2;230;222;255m██[38;2;230;222;255m██[38;2;230;222;255m██[38;2;230;222;255m██[38;2;230;222;255m██[38;2;230;222;255m██[38;2;230;222;255m██[38;2;230;222;255m██[38;2;198;194;204m██[38;2;198;194;204m██[38;2;198;194;204m██[38;2;198;194;204m██[38;2;198;194;204m██[38;2;115;123;131m██[38;2;198;194;204m██[38;2;198;194;204m██[38;2;198;194;204m██[38;2;198;194;204m██[38;2;198;194;204m██[38;2;198;194;204m██[38;2;198;194;204m██[38;2;198;194;204m██[38;2;198;194;204m██[38;2;198;194;204m██[38;2;198;194;204m██[38;2;198;194;204m██[38;2;198;194;204m██[38;2;198;194;204m██[38;2;198;194;204m██[38;2;198;194;204m██[38;2;198;194;204m██[38;2;198;194;204m██[38;2;198;194;204m██[38;2;2;2;2m██[38;2;100;91;86m██[38;2;100;91;86m██[38;2;100;91;86m██[38;2;100;91;86m██[38;2;100;91;86m██[38;2;100;91;86m██[38;2;100;91;86m██[38;2;100;91;86m██[38;2;100;91;86m██[38;2;100;91;86m██[38;2;100;91;86m██[38;2;100;91;86m██[38;2;100;91;86m██[38;2;100;91;86m██[38;2;2;2;2m██                                            
              [38;2;2;2;2m██[38;2;230;222;255m██[38;2;230;222;255m██[38;2;230;222;255m██[38;2;230;222;255m██[38;2;230;222;255m██[38;2;230;222;255m██[38;2;198;194;204m██[38;2;198;194;204m██[38;2;198;194;204m██[38;2;198;194;204m██[38;2;198;194;204m██[38;2;198;194;204m██[38;2;198;194;204m██[38;2;2;2;2m██[38;2;2;2;2m██[38;2;198;194;204m██[38;2;198;194;204m██[38;2;198;194;204m██[38;2;198;194;204m██[38;2;198;194;204m██[38;2;198;194;204m██[38;2;198;194;204m██[38;2;198;194;204m██[38;2;198;194;204m██[38;2;198;194;204m██[38;2;198;194;204m██[38;2;198;194;204m██[38;2;198;194;204m██[38;2;198;194;204m██[38;2;198;194;204m██[38;2;198;194;204m██[38;2;198;194;204m██[38;2;198;194;204m██[38;2;198;194;204m██[38;2;2;2;2m██[38;2;100;91;86m██[38;2;100;91;86m██[38;2;100;91;86m██[38;2;100;91;86m██[38;2;100;91;86m██[38;2;100;91;86m██[38;2;100;91;86m██[38;2;100;91;86m██[38;2;100;91;86m██[38;2;100;91;86m██[38;2;100;91;86m██[38;2;100;91;86m██[38;2;2;2;2m██[38;2;2;2;2m██[38;2;58;53;50m██                                              
                [38;2;2;2;2m██[38;2;2;2;2m██[38;2;2;2;2m██[38;2;2;2;2m██[38;2;198;194;204m██[38;2;198;194;204m██[38;2;198;194;204m██[38;2;198;194;204m██[38;2;198;194;204m██[38;2;198;194;204m██[38;2;115;123;131m██[38;2;2;2;2m██[38;2;2;2;2m██[38;2;198;194;204m██[38;2;198;194;204m██[38;2;198;194;204m██[38;2;198;194;204m██[38;2;198;194;204m██[38;2;198;194;204m██[38;2;198;194;204m██[38;2;198;194;204m██[38;2;198;194;204m██[38;2;198;194;204m██[38;2;198;194;204m██[38;2;198;194;204m██[38;2;198;194;204m██[38;2;198;194;204m██[38;2;198;194;204m██[38;2;198;194;204m██[38;2;198;194;204m██[38;2;198;194;204m██[38;2;198;194;204m██[38;2;198;194;204m██[38;2;2;2;2m██[38;2;58;53;50m██[38;2;100;91;86m██[38;2;100;91;86m██[38;2;100;91;86m██[38;2;100;91;86m██[38;2;100;91;86m██[38;2;100;91;86m██[38;2;100;91;86m██[38;2;100;91;86m██[38;2;100;91;86m██[38;2;2;2;2m██[38;2;2;2;2m██[38;2;2;2;2m██                                                    
                        [38;2;2;2;2m██[38;2;2;2;2m██[38;2;2;2;2m██[38;2;2;2;2m██[38;2;2;2;2m██[38;2;2;2;2m██[38;2;115;123;131m██[38;2;198;194;204m██[38;2;198;194;204m██[38;2;198;194;204m██[38;2;198;194;204m██[38;2;198;194;204m██[38;2;198;194;204m██[38;2;198;194;204m██[38;2;198;194;204m██[38;2;198;194;204m██[38;2;198;194;204m██[38;2;198;194;204m██[38;2;198;194;204m██[38;2;198;194;204m██[38;2;198;194;204m██[38;2;198;194;204m██[38;2;198;194;204m██[38;2;198;194;204m██[38;2;198;194;204m██[38;2;198;194;204m██[38;2;198;194;204m██[38;2;2;2;2m██[38;2;2;2;2m██    [38;2;58;53;50m██[38;2;2;2;2m██[38;2;100;91;86m██[38;2;100;91;86m██[38;2;100;91;86m██[38;2;58;53;50m██[38;2;2;2;2m██[38;2;58;53;50m██[38;2;58;53;50m██[38;2;58;53;50m██                                                        
                                  [38;2;115;123;131m██[38;2;198;194;204m██[38;2;198;194;204m██[38;2;198;194;204m██[38;2;198;194;204m██[38;2;198;194;204m██[38;2;198;194;204m██[38;2;198;194;204m██[38;2;198;194;204m██[38;2;198;194;204m██[38;2;198;194;204m██[38;2;198;194;204m██[38;2;198;194;204m██[38;2;198;194;204m██[38;2;198;194;204m██[38;2;198;194;204m██[38;2;198;194;204m██[38;2;198;194;204m██[38;2;198;194;204m██[38;2;2;2;2m██[38;2;2;2;2m██[38;2;2;2;2m██            [38;2;2;2;2m██[38;2;2;2;2m██[38;2;2;2;2m██[38;2;2;2;2m██[38;2;58;53;50m██[38;2;58;53;50m██[38;2;58;53;50m██[38;2;2;2;2m██                                                        
                                [38;2;2;2;2m██[38;2;198;194;204m██[38;2;198;194;204m██[38;2;198;194;204m██[38;2;198;194;204m██[38;2;198;194;204m██[38;2;198;194;204m██[38;2;198;194;204m██[38;2;198;194;204m██[38;2;198;194;204m██[38;2;198;194;204m██[38;2;198;194;204m██[38;2;198;194;204m██[38;2;198;194;204m██[38;2;198;194;204m██[38;2;198;194;204m██[38;2;198;194;204m██[38;2;115;123;131m██[38;2;2;2;2m██[38;2;2;2;2m██                      [38;2;2;2;2m██[38;2;58;53;50m██[38;2;58;53;50m██[38;2;100;91;86m██[38;2;100;91;86m██[38;2;2;2;2m██                                                        
                                  [38;2;2;2;2m██[38;2;2;2;2m██[38;2;2;2;2m██[38;2;2;2;2m██[38;2;198;194;204m██[38;2;198;194;204m██[38;2;198;194;204m██[38;2;198;194;204m██[38;2;198;194;204m██[38;2;198;194;204m██[38;2;198;194;204m██[38;2;115;123;131m██[38;2;2;2;2m██[38;2;2;2;2m██[38;2;2;2;2m██[38;2;2;2;2m██                              [38;2;2;2;2m██[38;2;2;2;2m██[38;2;100;91;86m██[38;2;100;91;86m██[38;2;2;2;2m██                                                        
                                          [38;2;2;2;2m██[38;2;2;2;2m██[38;2;2;2;2m██[38;2;2;2;2m██[38;2;2;2;2m██[38;2;2;2;2m██[38;2;115;123;131m██                                            [38;2;2;2;2m██[38;2;2;2;2m██                                                          
