                                                                                                  [38;2;29;29;33m██[38;2;29;29;33m██[38;2;29;29;33m██[38;2;29;29;33m██[38;2;29;29;33m██                  
                                                                                              [38;2;29;29;33m██[38;2;29;29;33m██[38;2;78;81;84m██[38;2;78;81;84m██[38;2;78;81;84m██[38;2;78;81;84m██[38;2;78;81;84m██[38;2;29;29;33m██[38;2;29;29;33m██              
                                                                                            [38;2;29;29;33m██[38;2;78;81;84m██[38;2;78;81;84m██[38;2;78;81;84m██[38;2;78;81;84m██[38;2;78;81;84m██[38;2;78;81;84m██[38;2;78;81;84m██[38;2;78;81;84m██[38;2;168;38;49m██[38;2;29;29;33m██[38;2;29;29;33m██          
                                                                                          [38;2;29;29;33m██[38;2;78;81;84m██[38;2;78;81;84m██[38;2;78;81;84m██[38;2;78;81;84m██[38;2;78;81;84m██[38;2;78;81;84m██[38;2;54;56;60m██[38;2;78;81;84m██[38;2;78;81;84m██[38;2;78;81;84m██[38;2;78;81;84m██[38;2;168;38;49m██[38;2;29;29;33m██        
                                                                                        [38;2;29;29;33m██[38;2;78;81;84m██[38;2;78;81;84m██[38;2;78;81;84m██[38;2;78;81;84m██[38;2;78;81;84m██[38;2;78;81;84m██[38;2;78;81;84m██[38;2;78;81;84m██[38;2;29;29;33m██[38;2;29;29;33m██[38;2;54;56;60m██[38;2;78;81;84m██[38;2;78;81;84m██[38;2;168;38;49m██[38;2;29;29;33m██      
                                                                                    [38;2;29;29;33m██[38;2;29;29;33m██[38;2;78;81;84m██[38;2;78;81;84m██[38;2;78;81;84m██[38;2;78;81;84m██[38;2;78;81;84m██[38;2;78;81;84m██[38;2;78;81;84m██[38;2;78;81;84m██[38;2;78;81;84m██[38;2;54;56;60m██[38;2;180;180;213m██[38;2;180;180;213m██[38;2;16;16;16m██[38;2;29;29;33m██[38;2;168;38;49m██[38;2;29;29;33m██      
                        [38;2;168;38;49m██[38;2;168;38;49m██                                      [38;2;29;29;33m██[38;2;29;29;33m██        [38;2;29;29;33m██[38;2;29;29;33m██[38;2;29;29;33m██[38;2;78;81;84m██[38;2;78;81;84m██[38;2;78;81;84m██[38;2;78;81;84m██[38;2;78;81;84m██[38;2;78;81;84m██[38;2;78;81;84m██[38;2;78;81;84m██[38;2;78;81;84m██[38;2;78;81;84m██[38;2;78;81;84m██[38;2;78;81;84m██[38;2;54;56;60m██[38;2;252;252;252m██[38;2;16;16;16m██[38;2;252;252;252m██[38;2;94;24;24m██[38;2;82;65;32m██      
                        [38;2;168;38;49m██[38;2;209;77;77m██[38;2;168;38;49m██                                    [38;2;29;29;33m██[38;2;78;81;84m██[38;2;54;56;60m██[38;2;29;29;33m██[38;2;29;29;33m██[38;2;29;29;33m██[38;2;78;81;84m██[38;2;78;81;84m██[38;2;78;81;84m██[38;2;78;81;84m██[38;2;78;81;84m██[38;2;78;81;84m██[38;2;78;81;84m██[38;2;78;81;84m██[38;2;78;81;84m██[38;2;78;81;84m██[38;2;78;81;84m██[38;2;78;81;84m██[38;2;78;81;84m██[38;2;78;81;84m██[38;2;78;81;84m██[38;2;94;24;24m██[38;2;94;24;24m██[38;2;94;24;24m██[38;2;168;38;49m██[38;2;82;65;32m██[38;2;222;164;49m██[38;2;82;65;32m██[38;2;82;65;32m██  
                        [38;2;94;24;24m██[38;2;209;77;77m██[38;2;168;38;49m██                                      [38;2;29;29;33m██[38;2;78;81;84m██[38;2;78;81;84m██[38;2;78;81;84m██[38;2;78;81;84m██[38;2;54;56;60m██[38;2;29;29;33m██[38;2;54;56;60m██[38;2;78;81;84m██[38;2;78;81;84m██[38;2;78;81;84m██[38;2;78;81;84m██[38;2;78;81;84m██[38;2;78;81;84m██[38;2;78;81;84m██[38;2;78;81;84m██[38;2;78;81;84m██[38;2;78;81;84m██[38;2;78;81;84m██[38;2;94;24;24m██[38;2;168;38;49m██[38;2;209;77;77m██[38;2;209;77;77m██[38;2;82;65;32m██[38;2;222;164;49m██[38;2;222;164;49m██[38;2;222;164;49m██[38;2;222;164;49m██[38;2;82;65;32m██
[38;2;94;24;24m██[38;2;94;24;24m██                    [38;2;94;24;24m██[38;2;209;77;77m██[38;2;209;77;77m██[38;2;168;38;49m██                                      [38;2;29;29;33m██[38;2;16;16;16m██[38;2;16;16;16m██[38;2;29;29;33m██[38;2;29;29;33m██[38;2;78;81;84m██[38;2;78;81;84m██[38;2;78;81;84m██[38;2;78;81;84m██[38;2;78;81;84m██[38;2;78;81;84m██[38;2;78;81;84m██[38;2;78;81;84m██[38;2;78;81;84m██[38;2;78;81;84m██[38;2;78;81;84m██[38;2;78;81;84m██[38;2;78;81;84m██[38;2;94;24;24m██[38;2;209;77;77m██[38;2;209;77;77m██[38;2;209;77;77m██[38;2;209;77;77m██[38;2;148;90;16m██[38;2;148;90;16m██[38;2;82;65;32m██[38;2;16;16;16m██[38;2;82;65;32m██
[38;2;16;16;16m██[38;2;209;77;77m██[38;2;94;24;24m██                    [38;2;94;24;24m██[38;2;209;77;77m██[38;2;168;38;49m██                              [38;2;29;29;33m██[38;2;29;29;33m██[38;2;29;29;33m██[38;2;29;29;33m██[38;2;29;29;33m██[38;2;29;29;33m██[38;2;78;81;84m██[38;2;78;81;84m██[38;2;78;81;84m██[38;2;78;81;84m██[38;2;78;81;84m██[38;2;78;81;84m██[38;2;78;81;84m██[38;2;16;16;16m██[38;2;78;81;84m██[38;2;78;81;84m██[38;2;78;81;84m██[38;2;78;81;84m██[38;2;78;81;84m██[38;2;78;81;84m██[38;2;78;81;84m██[38;2;94;24;24m██[38;2;209;77;77m██[38;2;209;77;77m██[38;2;209;77;77m██[38;2;209;77;77m██[38;2;168;38;49m██[38;2;82;65;32m██[38;2;82;65;32m██      
[38;2;16;16;16m██[38;2;168;38;49m██[38;2;209;77;77m██[38;2;94;24;24m██                  [38;2;16;16;16m██[38;2;209;77;77m██[38;2;168;38;49m██                                [38;2;16;16;16m██[38;2;78;81;84m██[38;2;78;81;84m██[38;2;78;81;84m██[38;2;78;81;84m██[38;2;78;81;84m██[38;2;78;81;84m██[38;2;78;81;84m██[38;2;78;81;84m██[38;2;78;81;84m██[38;2;16;16;16m██[38;2;16;16;16m██[38;2;78;81;84m██[38;2;78;81;84m██[38;2;78;81;84m██[38;2;78;81;84m██[38;2;78;81;84m██[38;2;78;81;84m██[38;2;54;56;60m██[38;2;54;56;60m██[38;2;94;24;24m██[38;2;168;38;49m██[38;2;168;38;49m██[38;2;209;77;77m██[38;2;209;77;77m██[38;2;94;24;24m██          
  [38;2;16;16;16m██[38;2;209;77;77m██[38;2;94;24;24m██                  [38;2;16;16;16m██[38;2;209;77;77m██[38;2;209;77;77m██[38;2;168;38;49m██                                [38;2;16;16;16m██[38;2;29;29;33m██[38;2;78;81;84m██[38;2;78;81;84m██[38;2;78;81;84m██[38;2;78;81;84m██[38;2;16;16;16m██[38;2;16;16;16m██[38;2;16;16;16m██[38;2;78;81;84m██[38;2;78;81;84m██[38;2;78;81;84m██[38;2;78;81;84m██[38;2;78;81;84m██[38;2;29;29;33m██[38;2;54;56;60m██[38;2;54;56;60m██[38;2;54;56;60m██[38;2;54;56;60m██[38;2;94;24;24m██[38;2;168;38;49m██[38;2;168;38;49m██[38;2;168;38;49m██[38;2;168;38;49m██[38;2;94;24;24m██          
  [38;2;16;16;16m██[38;2;168;38;49m██[38;2;209;77;77m██[38;2;94;24;24m██                  [38;2;94;24;24m██[38;2;209;77;77m██[38;2;168;38;49m██                                    [38;2;16;16;16m██[38;2;16;16;16m██[38;2;16;16;16m██[38;2;16;16;16m██[38;2;29;29;33m██[38;2;78;81;84m██[38;2;78;81;84m██[38;2;78;81;84m██[38;2;78;81;84m██[38;2;78;81;84m██[38;2;78;81;84m██[38;2;16;16;16m██[38;2;54;56;60m██[38;2;54;56;60m██[38;2;54;56;60m██[38;2;54;56;60m██[38;2;54;56;60m██[38;2;94;24;24m██[38;2;168;38;49m██[38;2;168;38;49m██[38;2;168;38;49m██[38;2;94;24;24m██            
    [38;2;16;16;16m██[38;2;209;77;77m██[38;2;209;77;77m██[38;2;168;38;49m██                [38;2;16;16;16m██[38;2;209;77;77m██[38;2;209;77;77m██[38;2;168;38;49m██                                          [38;2;16;16;16m██[38;2;16;16;16m██[38;2;78;81;84m██[38;2;78;81;84m██[38;2;78;81;84m██[38;2;16;16;16m██[38;2;16;16;16m██[38;2;54;56;60m██[38;2;54;56;60m██[38;2;54;56;60m██[38;2;54;56;60m██[38;2;54;56;60m██[38;2;54;56;60m██[38;2;54;56;60m██[38;2;94;24;24m██[38;2;168;38;49m██[38;2;168;38;49m██[38;2;94;24;24m██            
    [38;2;16;16;16m██[38;2;168;38;49m██[38;2;209;77;77m██[38;2;94;24;24m██                  [38;2;94;24;24m██[38;2;209;77;77m██[38;2;168;38;49m██                                            [38;2;16;16;16m██[38;2;16;16;16m██[38;2;16;16;16m██[38;2;16;16;16m██[38;2;54;56;60m██[38;2;54;56;60m██[38;2;54;56;60m██[38;2;54;56;60m██[38;2;54;56;60m██[38;2;54;56;60m██[38;2;54;56;60m██[38;2;54;56;60m██[38;2;54;56;60m██[38;2;54;56;60m██[38;2;94;24;24m██[38;2;168;38;49m██[38;2;16;16;16m██            
      [38;2;16;16;16m██[38;2;168;38;49m██[38;2;168;38;49m██[38;2;94;24;24m██                [38;2;16;16;16m██[38;2;209;77;77m██[38;2;209;77;77m██[38;2;168;38;49m██                                          [38;2;29;29;33m██[38;2;29;29;33m██[38;2;54;56;60m██[38;2;54;56;60m██[38;2;54;56;60m██[38;2;54;56;60m██[38;2;54;56;60m██[38;2;54;56;60m██[38;2;54;56;60m██[38;2;54;56;60m██[38;2;54;56;60m██[38;2;54;56;60m██[38;2;54;56;60m██[38;2;54;56;60m██[38;2;54;56;60m██[38;2;94;24;24m██[38;2;16;16;16m██            
        [38;2;94;24;24m██[38;2;168;38;49m██[38;2;168;38;49m██[38;2;168;38;49m██              [38;2;16;16;16m██[38;2;168;38;49m██[38;2;168;38;49m██[38;2;168;38;49m██                                          [38;2;16;16;16m██[38;2;54;56;60m██[38;2;54;56;60m██[38;2;54;56;60m██[38;2;54;56;60m██[38;2;54;56;60m██[38;2;54;56;60m██[38;2;54;56;60m██[38;2;54;56;60m██[38;2;54;56;60m██[38;2;54;56;60m██[38;2;54;56;60m██[38;2;54;56;60m██[38;2;54;56;60m██[38;2;54;56;60m██[38;2;54;56;60m██[38;2;94;24;24m██[38;2;16;16;16m██          
        [38;2;16;16;16m██[38;2;168;38;49m██[38;2;168;38;49m██[38;2;94;24;24m██                [38;2;94;24;24m██[38;2;168;38;49m██[38;2;168;38;49m██[38;2;29;29;33m██                                      [38;2;16;16;16m██[38;2;54;56;60m██[38;2;54;56;60m██[38;2;54;56;60m██[38;2;54;56;60m██[38;2;54;56;60m██[38;2;54;56;60m██[38;2;54;56;60m██[38;2;54;56;60m██[38;2;54;56;60m██[38;2;54;56;60m██[38;2;54;56;60m██[38;2;54;56;60m██[38;2;54;56;60m██[38;2;54;56;60m██[38;2;94;24;24m██[38;2;94;24;24m██[38;2;54;56;60m██[38;2;16;16;16m██          
          [38;2;94;24;24m██[38;2;168;38;49m██[38;2;168;38;49m██[38;2;94;24;24m██              [38;2;16;16;16m██[38;2;168;38;49m██[38;2;168;38;49m██[38;2;29;29;33m██                                  [38;2;16;16;16m██[38;2;16;16;16m██[38;2;54;56;60m██[38;2;54;56;60m██[38;2;54;56;60m██[38;2;54;56;60m██[38;2;54;56;60m██[38;2;54;56;60m██[38;2;54;56;60m██[38;2;54;56;60m██[38;2;54;56;60m██[38;2;54;56;60m██[38;2;54;56;60m██[38;2;54;56;60m██[38;2;54;56;60m██[38;2;54;56;60m██[38;2;54;56;60m██[38;2;94;24;24m██[38;2;209;77;77m██[38;2;94;24;24m██[38;2;54;56;60m██[38;2;16;16;16m██        
          [38;2;16;16;16m██[38;2;168;38;49m██[38;2;168;38;49m██[38;2;168;38;49m██[38;2;94;24;24m██            [38;2;16;16;16m██[38;2;168;38;49m██[38;2;168;38;49m██[38;2;168;38;49m██[38;2;29;29;33m██                            [38;2;29;29;33m██[38;2;16;16;16m██[38;2;54;56;60m██[38;2;54;56;60m██[38;2;54;56;60m██[38;2;54;56;60m██[38;2;54;56;60m██[38;2;54;56;60m██[38;2;54;56;60m██[38;2;54;56;60m██[38;2;54;56;60m██[38;2;54;56;60m██[38;2;54;56;60m██[38;2;29;29;33m██[38;2;29;29;33m██[38;2;29;29;33m██[38;2;54;56;60m██[38;2;54;56;60m██[38;2;29;29;33m██[38;2;16;16;16m██[38;2;168;38;49m██[38;2;209;77;77m██[38;2;168;38;49m██[38;2;16;16;16m██        
            [38;2;16;16;16m██[38;2;168;38;49m██[38;2;168;38;49m██[38;2;168;38;49m██[38;2;168;38;49m██            [38;2;94;24;24m██[38;2;168;38;49m██[38;2;78;81;84m██[38;2;29;29;33m██                          [38;2;16;16;16m██[38;2;29;29;33m██[38;2;54;56;60m██[38;2;54;56;60m██[38;2;54;56;60m██[38;2;54;56;60m██[38;2;54;56;60m██[38;2;54;56;60m██[38;2;54;56;60m██[38;2;54;56;60m██[38;2;54;56;60m██[38;2;54;56;60m██[38;2;29;29;33m██[38;2;29;29;33m██[38;2;54;56;60m██[38;2;54;56;60m██[38;2;54;56;60m██[38;2;54;56;60m██[38;2;78;81;84m██[38;2;78;81;84m██[38;2;78;81;84m██[38;2;16;16;16m██[38;2;168;38;49m██[38;2;209;77;77m██[38;2;168;38;49m██[38;2;16;16;16m██      
              [38;2;94;24;24m██[38;2;168;38;49m██[38;2;168;38;49m██[38;2;94;24;24m██            [38;2;16;16;16m██[38;2;168;38;49m██[38;2;78;81;84m██[38;2;78;81;84m██[38;2;29;29;33m██                      [38;2;16;16;16m██[38;2;54;56;60m██[38;2;54;56;60m██[38;2;54;56;60m██[38;2;78;81;84m██[38;2;78;81;84m██[38;2;78;81;84m██[38;2;54;56;60m██[38;2;54;56;60m██[38;2;54;56;60m██[38;2;54;56;60m██[38;2;16;16;16m██[38;2;16;16;16m██[38;2;54;56;60m██[38;2;54;56;60m██[38;2;54;56;60m██[38;2;54;56;60m██[38;2;54;56;60m██[38;2;78;81;84m██[38;2;78;81;84m██[38;2;78;81;84m██[38;2;78;81;84m██[38;2;78;81;84m██[38;2;16;16;16m██[38;2;209;77;77m██[38;2;209;77;77m██[38;2;16;16;16m██      
              [38;2;16;16;16m██[38;2;78;81;84m██[38;2;168;38;49m██[38;2;168;38;49m██[38;2;94;24;24m██          [38;2;16;16;16m██[38;2;168;38;49m██[38;2;78;81;84m██[38;2;78;81;84m██[38;2;29;29;33m██                    [38;2;16;16;16m██[38;2;54;56;60m██[38;2;29;29;33m██[38;2;78;81;84m██[38;2;78;81;84m██[38;2;78;81;84m██[38;2;78;81;84m██[38;2;78;81;84m██[38;2;78;81;84m██[38;2;54;56;60m██[38;2;29;29;33m██[38;2;16;16;16m██[38;2;54;56;60m██[38;2;54;56;60m██[38;2;54;56;60m██[38;2;54;56;60m██[38;2;54;56;60m██[38;2;54;56;60m██[38;2;54;56;60m██[38;2;54;56;60m██[38;2;78;81;84m██[38;2;78;81;84m██[38;2;78;81;84m██[38;2;78;81;84m██[38;2;16;16;16m██[38;2;209;77;77m██[38;2;209;77;77m██[38;2;94;24;24m██      
                [38;2;16;16;16m██[38;2;78;81;84m██[38;2;78;81;84m██[38;2;168;38;49m██[38;2;94;24;24m██          [38;2;16;16;16m██[38;2;78;81;84m██[38;2;78;81;84m██[38;2;78;81;84m██[38;2;29;29;33m██                [38;2;16;16;16m██[38;2;54;56;60m██[38;2;29;29;33m██[38;2;78;81;84m██[38;2;78;81;84m██[38;2;78;81;84m██[38;2;78;81;84m██[38;2;78;81;84m██[38;2;78;81;84m██[38;2;78;81;84m██[38;2;16;16;16m██[38;2;54;56;60m██[38;2;54;56;60m██[38;2;54;56;60m██[38;2;54;56;60m██[38;2;54;56;60m██[38;2;54;56;60m██[38;2;54;56;60m██[38;2;54;56;60m██[38;2;54;56;60m██[38;2;54;56;60m██[38;2;54;56;60m██[38;2;78;81;84m██[38;2;78;81;84m██[38;2;78;81;84m██[38;2;78;81;84m██[38;2;16;16;16m██[38;2;209;77;77m██[38;2;209;77;77m██[38;2;16;16;16m██    
                  [38;2;16;16;16m██[38;2;54;56;60m██[38;2;78;81;84m██[38;2;78;81;84m██[38;2;29;29;33m██        [38;2;16;16;16m██[38;2;78;81;84m██[38;2;78;81;84m██[38;2;78;81;84m██[38;2;29;29;33m██              [38;2;16;16;16m██[38;2;54;56;60m██[38;2;29;29;33m██[38;2;78;81;84m██[38;2;78;81;84m██[38;2;78;81;84m██[38;2;78;81;84m██[38;2;78;81;84m██[38;2;78;81;84m██[38;2;78;81;84m██[38;2;16;16;16m██[38;2;54;56;60m██[38;2;54;56;60m██[38;2;54;56;60m██[38;2;54;56;60m██[38;2;54;56;60m██[38;2;54;56;60m██[38;2;54;56;60m██[38;2;54;56;60m██[38;2;54;56;60m██[38;2;54;56;60m██[38;2;54;56;60m██[38;2;54;56;60m██[38;2;78;81;84m██[38;2;78;81;84m██[38;2;78;81;84m██[38;2;78;81;84m██[38;2;16;16;16m██[38;2;209;77;77m██[38;2;209;77;77m██[38;2;16;16;16m██    
                  [38;2;16;16;16m██[38;2;54;56;60m██[38;2;78;81;84m██[38;2;78;81;84m██[38;2;78;81;84m██[38;2;29;29;33m██      [38;2;16;16;16m██[38;2;54;56;60m██[38;2;78;81;84m██[38;2;78;81;84m██[38;2;78;81;84m██[38;2;16;16;16m██          [38;2;16;16;16m██[38;2;54;56;60m██[38;2;29;29;33m██[38;2;54;56;60m██[38;2;78;81;84m██[38;2;78;81;84m██[38;2;78;81;84m██[38;2;78;81;84m██[38;2;78;81;84m██[38;2;78;81;84m██[38;2;16;16;16m██[38;2;54;56;60m██[38;2;54;56;60m██[38;2;54;56;60m██[38;2;54;56;60m██[38;2;54;56;60m██[38;2;54;56;60m██[38;2;54;56;60m██[38;2;54;56;60m██[38;2;54;56;60m██[38;2;54;56;60m██[38;2;54;56;60m██[38;2;54;56;60m██[38;2;54;56;60m██[38;2;54;56;60m██[38;2;78;81;84m██[38;2;78;81;84m██[38;2;78;81;84m██[38;2;16;16;16m██[38;2;168;38;49m██[38;2;209;77;77m██[38;2;16;16;16m██    
                    [38;2;29;29;33m██[38;2;54;56;60m██[38;2;54;56;60m██[38;2;78;81;84m██[38;2;78;81;84m██        [38;2;16;16;16m██[38;2;54;56;60m██[38;2;78;81;84m██[38;2;78;81;84m██[38;2;16;16;16m██        [38;2;16;16;16m██[38;2;54;56;60m██[38;2;16;16;16m██[38;2;54;56;60m██[38;2;78;81;84m██[38;2;78;81;84m██[38;2;78;81;84m██[38;2;78;81;84m██[38;2;78;81;84m██[38;2;78;81;84m██[38;2;16;16;16m██[38;2;54;56;60m██[38;2;54;56;60m██[38;2;54;56;60m██[38;2;54;56;60m██[38;2;54;56;60m██[38;2;54;56;60m██[38;2;54;56;60m██[38;2;54;56;60m██[38;2;54;56;60m██[38;2;54;56;60m██[38;2;54;56;60m██[38;2;54;56;60m██[38;2;54;56;60m██[38;2;54;56;60m██[38;2;54;56;60m██[38;2;78;81;84m██[38;2;78;81;84m██[38;2;78;81;84m██[38;2;16;16;16m██[38;2;168;38;49m██[38;2;209;77;77m██[38;2;16;16;16m██    
                    [38;2;16;16;16m██[38;2;54;56;60m██[38;2;54;56;60m██[38;2;54;56;60m██[38;2;78;81;84m██[38;2;29;29;33m██      [38;2;16;16;16m██[38;2;54;56;60m██[38;2;54;56;60m██[38;2;78;81;84m██[38;2;54;56;60m██[38;2;16;16;16m██      [38;2;16;16;16m██[38;2;54;56;60m██[38;2;16;16;16m██[38;2;78;81;84m██[38;2;78;81;84m██[38;2;78;81;84m██[38;2;78;81;84m██[38;2;78;81;84m██[38;2;78;81;84m██[38;2;16;16;16m██[38;2;54;56;60m██[38;2;54;56;60m██[38;2;54;56;60m██[38;2;54;56;60m██[38;2;54;56;60m██[38;2;54;56;60m██[38;2;54;56;60m██[38;2;54;56;60m██[38;2;54;56;60m██[38;2;54;56;60m██[38;2;54;56;60m██[38;2;54;56;60m██[38;2;54;56;60m██[38;2;54;56;60m██[38;2;54;56;60m██[38;2;54;56;60m██[38;2;78;81;84m██[38;2;78;81;84m██[38;2;54;56;60m██[38;2;16;16;16m██[38;2;252;252;252m██[38;2;168;38;49m██[38;2;16;16;16m██    
                      [38;2;16;16;16m██[38;2;54;56;60m██[38;2;54;56;60m██[38;2;54;56;60m██[38;2;78;81;84m██[38;2;29;29;33m██    [38;2;16;16;16m██[38;2;54;56;60m██[38;2;54;56;60m██[38;2;54;56;60m██[38;2;54;56;60m██[38;2;16;16;16m██    [38;2;29;29;33m██[38;2;54;56;60m██[38;2;16;16;16m██[38;2;78;81;84m██[38;2;78;81;84m██[38;2;78;81;84m██[38;2;78;81;84m██[38;2;78;81;84m██[38;2;78;81;84m██[38;2;78;81;84m██[38;2;16;16;16m██[38;2;54;56;60m██[38;2;54;56;60m██[38;2;54;56;60m██[38;2;54;56;60m██[38;2;54;56;60m██[38;2;54;56;60m██[38;2;54;56;60m██[38;2;54;56;60m██[38;2;54;56;60m██[38;2;54;56;60m██[38;2;54;56;60m██[38;2;54;56;60m██[38;2;54;56;60m██[38;2;54;56;60m██[38;2;54;56;60m██[38;2;54;56;60m██[38;2;54;56;60m██[38;2;78;81;84m██[38;2;16;16;16m██[38;2;180;180;213m██[38;2;252;252;252m██[38;2;168;38;49m██[38;2;16;16;16m██    
                        [38;2;29;29;33m██[38;2;54;56;60m██[38;2;54;56;60m██[38;2;54;56;60m██[38;2;78;81;84m██[38;2;29;29;33m██    [38;2;16;16;16m██[38;2;54;56;60m██[38;2;54;56;60m██[38;2;54;56;60m██[38;2;54;56;60m██[38;2;16;16;16m██  [38;2;16;16;16m██[38;2;54;56;60m██[38;2;16;16;16m██[38;2;78;81;84m██[38;2;78;81;84m██[38;2;78;81;84m██[38;2;78;81;84m██[38;2;78;81;84m██[38;2;78;81;84m██[38;2;16;16;16m██[38;2;54;56;60m██[38;2;54;56;60m██[38;2;54;56;60m██[38;2;54;56;60m██[38;2;54;56;60m██[38;2;54;56;60m██[38;2;54;56;60m██[38;2;54;56;60m██[38;2;54;56;60m██[38;2;54;56;60m██[38;2;54;56;60m██[38;2;54;56;60m██[38;2;54;56;60m██[38;2;54;56;60m██[38;2;54;56;60m██[38;2;54;56;60m██[38;2;54;56;60m██[38;2;54;56;60m██[38;2;78;81;84m██[38;2;16;16;16m██[38;2;252;252;252m██[38;2;252;252;252m██[38;2;16;16;16m██      
                        [38;2;16;16;16m██[38;2;54;56;60m██[38;2;54;56;60m██[38;2;54;56;60m██[38;2;54;56;60m██[38;2;29;29;33m██    [38;2;16;16;16m██[38;2;54;56;60m██[38;2;54;56;60m██[38;2;54;56;60m██[38;2;54;56;60m██[38;2;16;16;16m██[38;2;29;29;33m██[38;2;54;56;60m██[38;2;16;16;16m██[38;2;78;81;84m██[38;2;78;81;84m██[38;2;78;81;84m██[38;2;78;81;84m██[38;2;78;81;84m██[38;2;78;81;84m██[38;2;16;16;16m██[38;2;54;56;60m██[38;2;54;56;60m██[38;2;54;56;60m██[38;2;54;56;60m██[38;2;54;56;60m██[38;2;54;56;60m██[38;2;54;56;60m██[38;2;54;56;60m██[38;2;54;56;60m██[38;2;54;56;60m██[38;2;54;56;60m██[38;2;54;56;60m██[38;2;54;56;60m██[38;2;54;56;60m██[38;2;54;56;60m██[38;2;54;56;60m██[38;2;54;56;60m██[38;2;54;56;60m██[38;2;54;56;60m██[38;2;54;56;60m██[38;2;16;16;16m██[38;2;252;252;252m██[38;2;252;252;252m██[38;2;16;16;16m██      
                          [38;2;29;29;33m██[38;2;54;56;60m██[38;2;54;56;60m██[38;2;54;56;60m██[38;2;54;56;60m██[38;2;29;29;33m██  [38;2;16;16;16m██[38;2;54;56;60m██[38;2;54;56;60m██[38;2;54;56;60m██[38;2;54;56;60m██[38;2;54;56;60m██[38;2;16;16;16m██[38;2;54;56;60m██[38;2;16;16;16m██[38;2;78;81;84m██[38;2;78;81;84m██[38;2;78;81;84m██[38;2;78;81;84m██[38;2;78;81;84m██[38;2;78;81;84m██[38;2;16;16;16m██[38;2;54;56;60m██[38;2;54;56;60m██[38;2;54;56;60m██[38;2;54;56;60m██[38;2;54;56;60m██[38;2;54;56;60m██[38;2;54;56;60m██[38;2;54;56;60m██[38;2;54;56;60m██[38;2;54;56;60m██[38;2;54;56;60m██[38;2;54;56;60m██[38;2;54;56;60m██[38;2;54;56;60m██[38;2;54;56;60m██[38;2;54;56;60m██[38;2;54;56;60m██[38;2;54;56;60m██[38;2;54;56;60m██[38;2;16;16;16m██[38;2;180;180;213m██[38;2;252;252;252m██[38;2;252;252;252m██[38;2;16;16;16m██      
                          [38;2;16;16;16m██[38;2;54;56;60m██[38;2;54;56;60m██[38;2;54;56;60m██[38;2;54;56;60m██[38;2;54;56;60m██[38;2;29;29;33m██  [38;2;16;16;16m██[38;2;54;56;60m██[38;2;54;56;60m██[38;2;54;56;60m██[38;2;54;56;60m██[38;2;16;16;16m██[38;2;29;29;33m██[38;2;29;29;33m██[38;2;54;56;60m██[38;2;78;81;84m██[38;2;78;81;84m██[38;2;78;81;84m██[38;2;78;81;84m██[38;2;16;16;16m██[38;2;54;56;60m██[38;2;54;56;60m██[38;2;54;56;60m██[38;2;54;56;60m██[38;2;54;56;60m██[38;2;54;56;60m██[38;2;54;56;60m██[38;2;54;56;60m██[38;2;54;56;60m██[38;2;54;56;60m██[38;2;54;56;60m██[38;2;54;56;60m██[38;2;54;56;60m██[38;2;54;56;60m██[38;2;54;56;60m██[38;2;54;56;60m██[38;2;54;56;60m██[38;2;54;56;60m██[38;2;54;56;60m██[38;2;54;56;60m██[38;2;16;16;16m██[38;2;252;252;252m██[38;2;252;252;252m██[38;2;16;16;16m██        
                            [38;2;16;16;16m██[38;2;54;56;60m██[38;2;54;56;60m██[38;2;54;56;60m██[38;2;54;56;60m██[38;2;29;29;33m██[38;2;29;29;33m██[38;2;16;16;16m██[38;2;54;56;60m██[38;2;54;56;60m██[38;2;54;56;60m██[38;2;54;56;60m██[38;2;16;16;16m██[38;2;29;29;33m██[38;2;54;56;60m██[38;2;54;56;60m██[38;2;54;56;60m██[38;2;54;56;60m██[38;2;54;56;60m██[38;2;54;56;60m██[38;2;16;16;16m██[38;2;54;56;60m██[38;2;54;56;60m██[38;2;54;56;60m██[38;2;16;16;16m██[38;2;16;16;16m██[38;2;54;56;60m██[38;2;54;56;60m██[38;2;54;56;60m██[38;2;54;56;60m██[38;2;54;56;60m██[38;2;54;56;60m██[38;2;54;56;60m██[38;2;54;56;60m██[38;2;54;56;60m██[38;2;54;56;60m██[38;2;54;56;60m██[38;2;54;56;60m██[38;2;54;56;60m██[38;2;54;56;60m██[38;2;16;16;16m██[38;2;180;180;213m██[38;2;252;252;252m██[38;2;252;252;252m██[38;2;16;16;16m██        
                              [38;2;29;29;33m██[38;2;54;56;60m██[38;2;54;56;60m██[38;2;54;56;60m██[38;2;54;56;60m██[38;2;16;16;16m██[38;2;16;16;16m██[38;2;54;56;60m██[38;2;54;56;60m██[38;2;54;56;60m██[38;2;54;56;60m██[38;2;54;56;60m██[38;2;16;16;16m██[38;2;54;56;60m██[38;2;54;56;60m██[38;2;54;56;60m██[38;2;54;56;60m██[38;2;54;56;60m██[38;2;16;16;16m██[38;2;54;56;60m██[38;2;54;56;60m██[38;2;16;16;16m██[38;2;16;16;16m██[38;2;54;56;60m██[38;2;54;56;60m██[38;2;54;56;60m██[38;2;54;56;60m██[38;2;54;56;60m██[38;2;54;56;60m██[38;2;54;56;60m██[38;2;54;56;60m██[38;2;54;56;60m██[38;2;54;56;60m██[38;2;54;56;60m██[38;2;54;56;60m██[38;2;54;56;60m██[38;2;54;56;60m██[38;2;54;56;60m██[38;2;29;29;33m██[38;2;29;29;33m██[38;2;252;252;252m██[38;2;252;252;252m██[38;2;16;16;16m██          
                              [38;2;16;16;16m██[38;2;54;56;60m██[38;2;54;56;60m██[38;2;54;56;60m██[38;2;54;56;60m██[38;2;54;56;60m██[38;2;16;16;16m██[38;2;54;56;60m██[38;2;54;56;60m██[38;2;54;56;60m██[38;2;54;56;60m██[38;2;54;56;60m██[38;2;16;16;16m██[38;2;54;56;60m██[38;2;54;56;60m██[38;2;54;56;60m██[38;2;54;56;60m██[38;2;54;56;60m██[38;2;16;16;16m██[38;2;16;16;16m██[38;2;16;16;16m██[38;2;54;56;60m██[38;2;54;56;60m██[38;2;54;56;60m██[38;2;54;56;60m██[38;2;54;56;60m██[38;2;54;56;60m██[38;2;54;56;60m██[38;2;54;56;60m██[38;2;54;56;60m██[38;2;54;56;60m██[38;2;54;56;60m██[38;2;54;56;60m██[38;2;54;56;60m██[38;2;54;56;60m██[38;2;54;56;60m██[38;2;54;56;60m██[38;2;54;56;60m██[38;2;16;16;16m██[38;2;180;180;213m██[38;2;180;180;213m██[38;2;180;180;213m██[38;2;16;16;16m██          
                                [38;2;16;16;16m██[38;2;54;56;60m██[38;2;54;56;60m██[38;2;54;56;60m██[38;2;54;56;60m██[38;2;54;56;60m██[38;2;16;16;16m██[38;2;54;56;60m██[38;2;54;56;60m██[38;2;54;56;60m██[38;2;54;56;60m██[38;2;54;56;60m██[38;2;16;16;16m██[38;2;54;56;60m██[38;2;54;56;60m██[38;2;54;56;60m██[38;2;16;16;16m██[38;2;16;16;16m██[38;2;54;56;60m██[38;2;54;56;60m██[38;2;54;56;60m██[38;2;54;56;60m██[38;2;54;56;60m██[38;2;54;56;60m██[38;2;54;56;60m██[38;2;54;56;60m██[38;2;54;56;60m██[38;2;54;56;60m██[38;2;54;56;60m██[38;2;54;56;60m██[38;2;54;56;60m██[38;2;54;56;60m██[38;2;54;56;60m██[38;2;54;56;60m██[38;2;54;56;60m██[38;2;54;56;60m██[38;2;16;16;16m██[38;2;180;180;213m██[38;2;180;180;213m██[38;2;180;180;213m██[38;2;16;16;16m██            
                                [38;2;16;16;16m██[38;2;29;29;33m██[38;2;54;56;60m██[38;2;54;56;60m██[38;2;54;56;60m██[38;2;54;56;60m██[38;2;16;16;16m██[38;2;54;56;60m██[38;2;54;56;60m██[38;2;54;56;60m██[38;2;54;56;60m██[38;2;54;56;60m██[38;2;16;16;16m██[38;2;54;56;60m██[38;2;54;56;60m██[38;2;16;16;16m██[38;2;29;29;33m██[38;2;54;56;60m██[38;2;54;56;60m██[38;2;54;56;60m██[38;2;54;56;60m██[38;2;16;16;16m██[38;2;16;16;16m██[38;2;54;56;60m██[38;2;54;56;60m██[38;2;54;56;60m██[38;2;54;56;60m██[38;2;54;56;60m██[38;2;54;56;60m██[38;2;54;56;60m██[38;2;54;56;60m██[38;2;54;56;60m██[38;2;54;56;60m██[38;2;54;56;60m██[38;2;54;56;60m██[38;2;54;56;60m██[38;2;16;16;16m██[38;2;180;180;213m██[38;2;180;180;213m██[38;2;16;16;16m██              
                                  [38;2;16;16;16m██[38;2;54;56;60m██[38;2;54;56;60m██[38;2;54;56;60m██[38;2;54;56;60m██[38;2;54;56;60m██[38;2;16;16;16m██[38;2;54;56;60m██[38;2;54;56;60m██[38;2;54;56;60m██[38;2;54;56;60m██[38;2;54;56;60m██[38;2;54;56;60m██[38;2;16;16;16m██[38;2;54;56;60m██[38;2;54;56;60m██[38;2;54;56;60m██[38;2;54;56;60m██[38;2;16;16;16m██[38;2;16;16;16m██[38;2;54;56;60m██[38;2;54;56;60m██[38;2;54;56;60m██[38;2;54;56;60m██[38;2;54;56;60m██[38;2;54;56;60m██[38;2;54;56;60m██[38;2;54;56;60m██[38;2;54;56;60m██[38;2;54;56;60m██[38;2;54;56;60m██[38;2;54;56;60m██[38;2;54;56;60m██[38;2;54;56;60m██[38;2;16;16;16m██[38;2;180;180;213m██[38;2;180;180;213m██[38;2;16;16;16m██                
                              [38;2;16;16;16m██[38;2;16;16;16m██[38;2;78;81;84m██[38;2;16;16;16m██[38;2;54;56;60m██[38;2;54;56;60m██[38;2;54;56;60m██[38;2;54;56;60m██[38;2;54;56;60m██[38;2;54;56;60m██[38;2;54;56;60m██[38;2;54;56;60m██[38;2;54;56;60m██[38;2;54;56;60m██[38;2;29;29;33m██[38;2;54;56;60m██[38;2;54;56;60m██[38;2;54;56;60m██[38;2;16;16;16m██[38;2;16;16;16m██[38;2;54;56;60m██[38;2;54;56;60m██[38;2;54;56;60m██[38;2;54;56;60m██[38;2;54;56;60m██[38;2;54;56;60m██[38;2;54;56;60m██[38;2;16;16;16m██[38;2;29;29;33m██[38;2;54;56;60m██[38;2;54;56;60m██[38;2;54;56;60m██[38;2;54;56;60m██[38;2;54;56;60m██[38;2;54;56;60m██[38;2;16;16;16m██[38;2;180;180;213m██[38;2;29;29;33m██[38;2;29;29;33m██                  
                        [38;2;16;16;16m██[38;2;16;16;16m██[38;2;16;16;16m██[38;2;78;81;84m██[38;2;54;56;60m██[38;2;54;56;60m██[38;2;54;56;60m██[38;2;16;16;16m██[38;2;54;56;60m██[38;2;54;56;60m██[38;2;54;56;60m██[38;2;54;56;60m██[38;2;54;56;60m██[38;2;54;56;60m██[38;2;54;56;60m██[38;2;54;56;60m██[38;2;54;56;60m██[38;2;29;29;33m██[38;2;54;56;60m██[38;2;16;16;16m██[38;2;16;16;16m██[38;2;54;56;60m██[38;2;78;81;84m██[38;2;78;81;84m██[38;2;54;56;60m██[38;2;54;56;60m██[38;2;54;56;60m██[38;2;54;56;60m██[38;2;16;16;16m██[38;2;16;16;16m██[38;2;54;56;60m██[38;2;54;56;60m██[38;2;54;56;60m██[38;2;54;56;60m██[38;2;54;56;60m██[38;2;54;56;60m██[38;2;54;56;60m██[38;2;29;29;33m██[38;2;29;29;33m██[38;2;29;29;33m██                      
                    [38;2;16;16;16m██[38;2;16;16;16m██[38;2;78;81;84m██[38;2;78;81;84m██[38;2;78;81;84m██[38;2;54;56;60m██[38;2;54;56;60m██[38;2;54;56;60m██[38;2;54;56;60m██[38;2;54;56;60m██[38;2;16;16;16m██[38;2;54;56;60m██[38;2;54;56;60m██[38;2;54;56;60m██[38;2;54;56;60m██[38;2;54;56;60m██[38;2;54;56;60m██[38;2;54;56;60m██[38;2;54;56;60m██[38;2;16;16;16m██[38;2;16;16;16m██[38;2;54;56;60m██[38;2;78;81;84m██[38;2;78;81;84m██[38;2;78;81;84m██[38;2;54;56;60m██[38;2;54;56;60m██[38;2;54;56;60m██[38;2;16;16;16m██[38;2;16;16;16m██[38;2;54;56;60m██[38;2;54;56;60m██[38;2;54;56;60m██[38;2;54;56;60m██[38;2;54;56;60m██[38;2;54;56;60m██[38;2;54;56;60m██[38;2;54;56;60m██[38;2;16;16;16m██[38;2;29;29;33m██                          
                [38;2;16;16;16m██[38;2;16;16;16m██[38;2;78;81;84m██[38;2;78;81;84m██[38;2;78;81;84m██[38;2;54;56;60m██[38;2;54;56;60m██[38;2;54;56;60m██[38;2;54;56;60m██[38;2;54;56;60m██[38;2;16;16;16m██[38;2;16;16;16m██[38;2;29;29;33m██[38;2;16;16;16m██[38;2;54;56;60m██[38;2;54;56;60m██[38;2;54;56;60m██[38;2;54;56;60m██[38;2;54;56;60m██[38;2;54;56;60m██[38;2;16;16;16m██[38;2;54;56;60m██[38;2;78;81;84m██[38;2;78;81;84m██[38;2;78;81;84m██[38;2;78;81;84m██[38;2;54;56;60m██[38;2;54;56;60m██[38;2;16;16;16m██[38;2;16;16;16m██[38;2;54;56;60m██[38;2;54;56;60m██[38;2;54;56;60m██[38;2;54;56;60m██[38;2;54;56;60m██[38;2;54;56;60m██[38;2;54;56;60m██[38;2;54;56;60m██[38;2;54;56;60m██[38;2;16;16;16m██                              
              [38;2;16;16;16m██[38;2;78;81;84m██[38;2;78;81;84m██[38;2;78;81;84m██[38;2;78;81;84m██[38;2;54;56;60m██[38;2;54;56;60m██[38;2;16;16;16m██[38;2;16;16;16m██[38;2;16;16;16m██[38;2;16;16;16m██        [38;2;16;16;16m██[38;2;16;16;16m██[38;2;54;56;60m██[38;2;54;56;60m██[38;2;29;29;33m██[38;2;16;16;16m██[38;2;78;81;84m██[38;2;78;81;84m██[38;2;78;81;84m██[38;2;78;81;84m██[38;2;54;56;60m██[38;2;54;56;60m██[38;2;16;16;16m██[38;2;16;16;16m██[38;2;54;56;60m██[38;2;54;56;60m██[38;2;54;56;60m██[38;2;54;56;60m██[38;2;54;56;60m██[38;2;54;56;60m██[38;2;54;56;60m██[38;2;54;56;60m██[38;2;54;56;60m██[38;2;29;29;33m██[38;2;16;16;16m██                                
                [38;2;16;16;16m██[38;2;16;16;16m██[38;2;16;16;16m██[38;2;16;16;16m██[38;2;16;16;16m██[38;2;16;16;16m██                    [38;2;29;29;33m██[38;2;29;29;33m██[38;2;54;56;60m██[38;2;78;81;84m██[38;2;78;81;84m██[38;2;78;81;84m██[38;2;54;56;60m██[38;2;16;16;16m██[38;2;16;16;16m██[38;2;16;16;16m██[38;2;54;56;60m██[38;2;54;56;60m██[38;2;54;56;60m██[38;2;54;56;60m██[38;2;54;56;60m██[38;2;54;56;60m██[38;2;54;56;60m██[38;2;54;56;60m██[38;2;54;56;60m██[38;2;54;56;60m██[38;2;16;16;16m██[38;2;94;24;24m██                                  
                                                  [38;2;29;29;33m██[38;2;78;81;84m██[38;2;78;81;84m██[38;2;29;29;33m██[38;2;16;16;16m██[38;2;16;16;16m██[38;2;78;81;84m██[38;2;78;81;84m██[38;2;54;56;60m██[38;2;54;56;60m██[38;2;54;56;60m██[38;2;54;56;60m██[38;2;54;56;60m██[38;2;54;56;60m██[38;2;54;56;60m██[38;2;54;56;60m██[38;2;54;56;60m██[38;2;16;16;16m██[38;2;16;16;16m██[38;2;94;24;24m██                                    
                                                [38;2;16;16;16m██[38;2;16;16;16m██[38;2;29;29;33m██[38;2;29;29;33m██[38;2;78;81;84m██[38;2;78;81;84m██[38;2;78;81;84m██[38;2;54;56;60m██[38;2;54;56;60m██[38;2;54;56;60m██[38;2;54;56;60m██[38;2;54;56;60m██[38;2;54;56;60m██[38;2;54;56;60m██[38;2;54;56;60m██[38;2;16;16;16m██[38;2;16;16;16m██[38;2;16;16;16m██[38;2;94;24;24m██[38;2;94;24;24m██[38;2;94;24;24m██                                    
                                            [38;2;16;16;16m██[38;2;16;16;16m██[38;2;29;29;33m██[38;2;78;81;84m██[38;2;78;81;84m██[38;2;78;81;84m██[38;2;78;81;84m██[38;2;78;81;84m██[38;2;54;56;60m██[38;2;54;56;60m██[38;2;54;56;60m██[38;2;54;56;60m██[38;2;54;56;60m██[38;2;54;56;60m██[38;2;16;16;16m██[38;2;16;16;16m██[38;2;16;16;16m██    [38;2;16;16;16m██[38;2;94;24;24m██[38;2;94;24;24m██[38;2;168;38;49m██[38;2;16;16;16m██[38;2;94;24;24m██[38;2;94;24;24m██[38;2;94;24;24m██                            
                                        [38;2;16;16;16m██[38;2;16;16;16m██[38;2;78;81;84m██[38;2;78;81;84m██[38;2;78;81;84m██[38;2;78;81;84m██[38;2;78;81;84m██[38;2;78;81;84m██[38;2;54;56;60m██[38;2;54;56;60m██[38;2;54;56;60m██[38;2;54;56;60m██[38;2;16;16;16m██[38;2;16;16;16m██[38;2;16;16;16m██[38;2;16;16;16m██[38;2;94;24;24m██[38;2;94;24;24m██[38;2;94;24;24m██[38;2;49;49;57m██[38;2;16;16;16m██  [38;2;16;16;16m██[38;2;16;16;16m██[38;2;168;38;49m██[38;2;168;38;49m██[38;2;16;16;16m██[38;2;168;38;49m██[38;2;94;24;24m██[38;2;49;49;57m██[38;2;49;49;57m██                        
                                      [38;2;16;16;16m██[38;2;78;81;84m██[38;2;78;81;84m██[38;2;78;81;84m██[38;2;78;81;84m██[38;2;78;81;84m██[38;2;78;81;84m██[38;2;16;16;16m██[38;2;16;16;16m██[38;2;16;16;16m██[38;2;16;16;16m██[38;2;16;16;16m██[38;2;16;16;16m██[38;2;49;49;57m██[38;2;94;24;24m██[38;2;94;24;24m██[38;2;94;24;24m██[38;2;94;24;24m██[38;2;16;16;16m██[38;2;16;16;16m██[38;2;16;16;16m██[38;2;16;16;16m██[38;2;16;16;16m██[38;2;94;24;24m██[38;2;16;16;16m██[38;2;16;16;16m██[38;2;168;38;49m██[38;2;168;38;49m██[38;2;94;24;24m██[38;2;168;38;49m██[38;2;168;38;49m██[38;2;94;24;24m██[38;2;49;49;57m██[38;2;16;16;16m██                    
                                        [38;2;16;16;16m██[38;2;16;16;16m██[38;2;16;16;16m██[38;2;16;16;16m██[38;2;16;16;16m██[38;2;16;16;16m██        [38;2;16;16;16m██[38;2;49;49;57m██[38;2;16;16;16m██[38;2;16;16;16m██[38;2;16;16;16m██[38;2;16;16;16m██[38;2;16;16;16m██      [38;2;16;16;16m██[38;2;49;49;57m██[38;2;168;38;49m██[38;2;209;77;77m██[38;2;209;77;77m██[38;2;168;38;49m██[38;2;168;38;49m██[38;2;168;38;49m██[38;2;168;38;49m██[38;2;168;38;49m██[38;2;49;49;57m██[38;2;90;90;90m██[38;2;90;90;90m██[38;2;16;16;16m██                  
                                                            [38;2;16;16;16m██[38;2;16;16;16m██              [38;2;16;16;16m██[38;2;90;90;90m██[38;2;90;90;90m██[38;2;49;49;57m██[38;2;209;77;77m██[38;2;168;38;49m██[38;2;94;24;24m██[38;2;16;16;16m██[38;2;16;16;16m██[38;2;16;16;16m██[38;2;16;16;16m██[38;2;94;24;24m██[38;2;49;49;57m██[38;2;16;16;16m██[38;2;16;16;16m██                  
                                                                              [38;2;49;49;57m██[38;2;90;90;90m██[38;2;49;49;57m██[38;2;16;16;16m██[38;2;16;16;16m██[38;2;16;16;16m██                                    
                                                                              [38;2;49;49;57m██[38;2;49;49;57m██                                            
