                                                                                                [38;2;156;74;32m██                            
                                                                                              [38;2;156;74;32m██[38;2;255;123;98m██[38;2;156;74;32m██                          
                                                                                              [38;2;156;74;32m██[38;2;255;123;98m██[38;2;16;16;16m██                          
                                                                                              [38;2;222;74;49m██[38;2;255;123;98m██[38;2;16;16;16m██                          
                                                                                            [38;2;156;74;32m██[38;2;255;123;98m██[38;2;255;123;98m██[38;2;156;74;32m██                          
                                                                                            [38;2;156;74;32m██[38;2;255;123;98m██[38;2;255;123;98m██[38;2;222;74;49m██[38;2;16;16;16m██                        
                                                                                            [38;2;222;74;49m██[38;2;255;123;98m██[38;2;255;123;98m██[38;2;222;74;49m██[38;2;156;74;32m██                        
                                                                                          [38;2;156;74;32m██[38;2;255;123;98m██[38;2;255;123;98m██[38;2;222;74;49m██[38;2;222;74;49m██[38;2;222;74;49m██[38;2;156;74;32m██                      
                                                                                          [38;2;156;74;32m██[38;2;255;123;98m██[38;2;255;123;98m██[38;2;222;74;49m██[38;2;222;74;49m██[38;2;222;74;49m██[38;2;222;74;49m██[38;2;156;74;32m██                    
                                                                                          [38;2;222;74;49m██[38;2;255;123;98m██[38;2;255;123;98m██[38;2;222;74;49m██[38;2;222;74;49m██[38;2;222;74;49m██[38;2;222;74;49m██[38;2;222;74;49m██[38;2;156;74;32m██                  
                                                                                        [38;2;16;16;16m██[38;2;255;123;98m██[38;2;255;123;98m██[38;2;222;74;49m██[38;2;222;74;49m██[38;2;222;74;49m██[38;2;222;74;49m██[38;2;222;74;49m██[38;2;222;74;49m██[38;2;222;74;49m██[38;2;16;16;16m██                
                                                                                        [38;2;16;16;16m██[38;2;255;123;98m██[38;2;255;123;98m██[38;2;222;74;49m██[38;2;222;74;49m██[38;2;222;74;49m██[38;2;222;74;49m██[38;2;222;74;49m██[38;2;222;74;49m██[38;2;222;74;49m██[38;2;222;74;49m██[38;2;16;16;16m██              
                                                                                        [38;2;156;74;32m██[38;2;255;255;246m██[38;2;255;255;246m██[38;2;222;74;49m██[38;2;222;74;49m██[38;2;222;74;49m██[38;2;222;74;49m██[38;2;222;74;49m██[38;2;222;74;49m██[38;2;222;74;49m██[38;2;222;74;49m██[38;2;156;74;32m██              
                                                                                      [38;2;16;16;16m██[38;2;255;255;246m██[38;2;255;255;246m██[38;2;255;255;246m██[38;2;222;222;230m██[38;2;222;222;230m██[38;2;222;74;49m██[38;2;222;74;49m██[38;2;222;74;49m██[38;2;222;74;49m██[38;2;222;74;49m██[38;2;222;222;230m██[38;2;222;222;230m██[38;2;16;16;16m██            
                                                                                      [38;2;16;16;16m██[38;2;255;255;246m██[38;2;255;255;246m██[38;2;222;222;230m██[38;2;222;222;230m██[38;2;222;222;230m██[38;2;222;222;230m██[38;2;222;74;49m██[38;2;222;74;49m██[38;2;222;74;49m██[38;2;222;74;49m██[38;2;222;222;230m██[38;2;222;222;230m██[38;2;156;74;32m██            
                                                                                      [38;2;148;32;98m██[38;2;172;65;139m██[38;2;148;32;98m██[38;2;222;222;230m██[38;2;222;222;230m██[38;2;222;222;230m██[38;2;222;222;230m██[38;2;222;74;49m██[38;2;222;74;49m██[38;2;222;74;49m██[38;2;222;74;49m██[38;2;222;74;49m██[38;2;222;222;230m██[38;2;222;222;230m██[38;2;16;16;16m██          
                                                                                    [38;2;16;16;16m██[38;2;172;65;139m██[38;2;172;65;139m██[38;2;148;32;98m██[38;2;148;32;98m██[38;2;222;222;230m██[38;2;222;222;230m██[38;2;222;222;230m██[38;2;222;222;230m██[38;2;222;74;49m██[38;2;222;74;49m██[38;2;222;74;49m██[38;2;222;74;49m██[38;2;222;74;49m██[38;2;222;74;49m██[38;2;16;16;16m██          
                                                                                    [38;2;16;16;16m██[38;2;172;65;139m██[38;2;172;65;139m██[38;2;148;32;98m██[38;2;148;32;98m██[38;2;148;32;98m██[38;2;222;222;230m██[38;2;222;222;230m██[38;2;222;222;230m██[38;2;222;74;49m██[38;2;222;74;49m██[38;2;222;74;49m██[38;2;222;74;49m██[38;2;222;74;49m██[38;2;222;74;49m██[38;2;156;74;32m██          
                                                [38;2;156;172;205m██[38;2;156;172;205m██                                [38;2;16;16;16m██[38;2;172;65;139m██[38;2;172;65;139m██[38;2;148;32;98m██[38;2;148;32;98m██[38;2;148;32;98m██[38;2;222;222;230m██[38;2;222;222;230m██[38;2;222;222;230m██[38;2;222;222;230m██[38;2;222;74;49m██[38;2;222;74;49m██[38;2;222;74;49m██[38;2;222;74;49m██[38;2;222;74;49m██[38;2;222;74;49m██[38;2;16;16;16m██        
                                                [38;2;156;172;205m██[38;2;180;205;238m██[38;2;106;131;172m██                              [38;2;148;32;98m██[38;2;172;65;139m██[38;2;148;32;98m██[38;2;148;32;98m██[38;2;148;32;98m██[38;2;148;32;98m██[38;2;148;32;98m██[38;2;222;222;230m██[38;2;222;222;230m██[38;2;222;222;230m██[38;2;222;74;49m██[38;2;222;74;49m██[38;2;222;74;49m██[38;2;222;74;49m██[38;2;222;74;49m██[38;2;222;74;49m██[38;2;16;16;16m██        
                                                [38;2;156;172;205m██[38;2;180;205;238m██[38;2;106;131;172m██                            [38;2;16;16;16m██[38;2;172;65;139m██[38;2;172;65;139m██[38;2;148;32;98m██[38;2;148;32;98m██[38;2;148;32;98m██[38;2;148;32;98m██[38;2;148;32;98m██[38;2;222;222;230m██[38;2;222;222;230m██[38;2;222;222;230m██[38;2;222;74;49m██[38;2;222;74;49m██[38;2;222;74;49m██[38;2;222;222;230m██[38;2;222;222;230m██[38;2;222;74;49m██[38;2;16;16;16m██        
                                                  [38;2;156;172;205m██[38;2;213;230;246m██[38;2;106;131;172m██                          [38;2;16;16;16m██[38;2;172;65;139m██[38;2;172;65;139m██[38;2;148;32;98m██[38;2;148;32;98m██[38;2;148;32;98m██[38;2;148;32;98m██[38;2;148;32;98m██[38;2;222;222;230m██[38;2;222;222;230m██[38;2;222;222;230m██[38;2;222;74;49m██[38;2;222;74;49m██[38;2;222;74;49m██[38;2;222;222;230m██[38;2;222;222;230m██[38;2;222;222;230m██[38;2;16;16;16m██        
                                                  [38;2;156;172;205m██[38;2;213;230;246m██[38;2;106;131;172m██                          [38;2;16;16;16m██[38;2;172;65;139m██[38;2;148;32;98m██[38;2;148;32;98m██[38;2;148;32;98m██[38;2;148;32;98m██[38;2;148;32;98m██[38;2;148;32;98m██[38;2;222;222;230m██[38;2;222;222;230m██[38;2;222;222;230m██[38;2;222;74;49m██[38;2;222;74;49m██[38;2;222;74;49m██[38;2;222;74;49m██[38;2;222;222;230m██[38;2;222;222;230m██[38;2;16;16;16m██        
                                                  [38;2;156;172;205m██[38;2;213;230;246m██[38;2;213;230;246m██[38;2;106;131;172m██                        [38;2;148;32;98m██[38;2;172;65;139m██[38;2;148;32;98m██[38;2;148;32;98m██[38;2;148;32;98m██[38;2;148;32;98m██[38;2;148;32;98m██[38;2;148;32;98m██[38;2;222;222;230m██[38;2;222;222;230m██[38;2;222;222;230m██[38;2;222;74;49m██[38;2;222;74;49m██[38;2;222;74;49m██[38;2;222;74;49m██[38;2;222;74;49m██[38;2;222;74;49m██[38;2;16;16;16m██        
                                                    [38;2;156;172;205m██[38;2;213;230;246m██[38;2;106;131;172m██                      [38;2;16;16;16m██[38;2;172;65;139m██[38;2;172;65;139m██[38;2;148;32;98m██[38;2;148;32;98m██[38;2;148;32;98m██[38;2;148;32;98m██[38;2;148;32;98m██[38;2;222;222;230m██[38;2;222;222;230m██[38;2;222;222;230m██[38;2;222;222;230m██[38;2;222;74;49m██[38;2;222;74;49m██[38;2;222;74;49m██[38;2;222;74;49m██[38;2;222;74;49m██[38;2;222;74;49m██[38;2;16;16;16m██        
[38;2;156;74;32m██[38;2;156;74;32m██[38;2;156;74;32m██                                              [38;2;106;131;172m██[38;2;213;230;246m██[38;2;213;230;246m██[38;2;106;131;172m██                    [38;2;16;16;16m██[38;2;172;65;139m██[38;2;148;32;98m██[38;2;148;32;98m██[38;2;148;32;98m██[38;2;148;32;98m██[38;2;148;32;98m██[38;2;148;32;98m██[38;2;222;222;230m██[38;2;222;222;230m██[38;2;222;222;230m██[38;2;222;74;49m██[38;2;222;74;49m██[38;2;222;74;49m██[38;2;222;74;49m██[38;2;222;74;49m██[38;2;222;74;49m██[38;2;156;74;32m██          
[38;2;16;16;16m██[38;2;222;74;49m██[38;2;255;123;98m██[38;2;156;74;32m██                                            [38;2;106;131;172m██[38;2;213;230;246m██[38;2;213;230;246m██[38;2;106;131;172m██                    [38;2;148;32;98m██[38;2;172;65;139m██[38;2;148;32;98m██[38;2;148;32;98m██[38;2;148;32;98m██[38;2;148;32;98m██[38;2;148;32;98m██[38;2;222;222;230m██[38;2;222;222;230m██[38;2;222;222;230m██[38;2;222;222;230m██[38;2;222;74;49m██[38;2;222;74;49m██[38;2;222;74;49m██[38;2;222;222;230m██[38;2;222;222;230m██[38;2;222;74;49m██[38;2;16;16;16m██          
  [38;2;156;74;32m██[38;2;222;74;49m██[38;2;255;123;98m██[38;2;222;74;49m██[38;2;156;74;32m██                                          [38;2;156;172;205m██[38;2;213;230;246m██[38;2;156;172;205m██[38;2;106;131;172m██                  [38;2;148;32;98m██[38;2;172;65;139m██[38;2;148;32;98m██[38;2;148;32;98m██[38;2;148;32;98m██[38;2;222;222;230m██[38;2;222;222;230m██[38;2;222;222;230m██[38;2;222;222;230m██[38;2;222;222;230m██[38;2;222;74;49m██[38;2;222;74;49m██[38;2;222;74;49m██[38;2;222;74;49m██[38;2;222;222;230m██[38;2;222;222;230m██[38;2;222;222;230m██[38;2;16;16;16m██          
  [38;2;16;16;16m██[38;2;222;74;49m██[38;2;222;74;49m██[38;2;255;123;98m██[38;2;255;123;98m██[38;2;156;74;32m██                                        [38;2;106;131;172m██[38;2;213;230;246m██[38;2;213;230;246m██[38;2;24;74;98m██                [38;2;16;16;16m██[38;2;255;255;246m██[38;2;222;222;230m██[38;2;222;222;230m██[38;2;222;222;230m██[38;2;222;222;230m██[38;2;222;222;230m██[38;2;222;222;230m██[38;2;222;222;230m██[38;2;222;222;230m██[38;2;222;74;49m██[38;2;222;74;49m██[38;2;222;74;49m██[38;2;222;74;49m██[38;2;222;74;49m██[38;2;222;74;49m██[38;2;222;222;230m██[38;2;156;74;32m██            
    [38;2;156;74;32m██[38;2;222;74;49m██[38;2;222;74;49m██[38;2;255;123;98m██[38;2;255;123;98m██[38;2;222;74;49m██[38;2;156;74;32m██                                    [38;2;106;131;172m██[38;2;213;230;246m██[38;2;213;230;246m██[38;2;156;172;205m██[38;2;24;74;98m██              [38;2;16;16;16m██[38;2;255;255;246m██[38;2;222;222;230m██[38;2;222;222;230m██[38;2;222;222;230m██[38;2;222;222;230m██[38;2;222;222;230m██[38;2;222;222;230m██[38;2;222;74;49m██[38;2;222;74;49m██[38;2;222;74;49m██[38;2;222;74;49m██[38;2;222;74;49m██[38;2;222;74;49m██[38;2;222;74;49m██[38;2;222;74;49m██[38;2;222;74;49m██[38;2;16;16;16m██            
    [38;2;16;16;16m██[38;2;222;74;49m██[38;2;222;74;49m██[38;2;222;74;49m██[38;2;255;123;98m██[38;2;255;123;98m██[38;2;222;74;49m██[38;2;156;74;32m██                                    [38;2;106;131;172m██[38;2;213;230;246m██[38;2;156;172;205m██[38;2;24;74;98m██              [38;2;16;16;16m██[38;2;255;123;98m██[38;2;222;222;230m██[38;2;222;222;230m██[38;2;222;222;230m██[38;2;222;222;230m██[38;2;222;74;49m██[38;2;222;74;49m██[38;2;222;74;49m██[38;2;222;74;49m██[38;2;222;74;49m██[38;2;222;222;230m██[38;2;222;222;230m██[38;2;222;74;49m██[38;2;222;74;49m██[38;2;222;74;49m██[38;2;16;16;16m██              
      [38;2;156;74;32m██[38;2;222;74;49m██[38;2;222;74;49m██[38;2;222;74;49m██[38;2;255;123;98m██[38;2;255;255;246m██[38;2;255;255;246m██[38;2;156;74;32m██[38;2;156;74;32m██                                [38;2;106;131;172m██[38;2;213;230;246m██[38;2;213;230;246m██[38;2;156;172;205m██[38;2;24;74;98m██          [38;2;16;16;16m██[38;2;255;123;98m██[38;2;255;123;98m██[38;2;222;74;49m██[38;2;222;74;49m██[38;2;222;74;49m██[38;2;222;74;49m██[38;2;222;74;49m██[38;2;222;74;49m██[38;2;222;74;49m██[38;2;222;74;49m██[38;2;222;74;49m██[38;2;222;222;230m██[38;2;222;222;230m██[38;2;222;222;230m██[38;2;222;74;49m██[38;2;16;16;16m██                
      [38;2;156;74;32m██[38;2;222;74;49m██[38;2;222;74;49m██[38;2;222;74;49m██[38;2;255;255;246m██[38;2;255;255;246m██[38;2;255;255;246m██[38;2;172;65;139m██[38;2;148;32;98m██[38;2;156;74;32m██                              [38;2;106;131;172m██[38;2;213;230;246m██[38;2;213;230;246m██[38;2;156;172;205m██[38;2;156;172;205m██[38;2;16;16;16m██        [38;2;16;16;16m██[38;2;255;123;98m██[38;2;222;74;49m██[38;2;222;74;49m██[38;2;222;74;49m██[38;2;222;74;49m██[38;2;222;74;49m██[38;2;222;74;49m██[38;2;222;74;49m██[38;2;222;74;49m██[38;2;222;74;49m██[38;2;222;74;49m██[38;2;222;74;49m██[38;2;222;222;230m██[38;2;222;222;230m██[38;2;16;16;16m██                  
      [38;2;156;74;32m██[38;2;222;74;49m██[38;2;222;74;49m██[38;2;222;74;49m██[38;2;222;222;230m██[38;2;222;222;230m██[38;2;148;32;98m██[38;2;172;65;139m██[38;2;172;65;139m██[38;2;172;65;139m██[38;2;156;74;32m██[38;2;156;74;32m██                          [38;2;156;172;205m██[38;2;213;230;246m██[38;2;213;230;246m██[38;2;213;230;246m██[38;2;156;172;205m██[38;2;156;172;205m██[38;2;16;16;16m██[38;2;24;74;98m██    [38;2;156;74;32m██[38;2;255;123;98m██[38;2;222;74;49m██[38;2;222;74;49m██[38;2;222;74;49m██[38;2;222;74;49m██[38;2;222;222;230m██[38;2;222;74;49m██[38;2;222;74;49m██[38;2;222;74;49m██[38;2;222;74;49m██[38;2;222;74;49m██[38;2;222;74;49m██[38;2;156;74;32m██[38;2;16;16;16m██                    
      [38;2;156;74;32m██[38;2;222;222;230m██[38;2;222;74;49m██[38;2;222;74;49m██[38;2;222;222;230m██[38;2;222;222;230m██[38;2;148;32;98m██[38;2;148;32;98m██[38;2;172;65;139m██[38;2;172;65;139m██[38;2;172;65;139m██[38;2;148;32;98m██[38;2;156;74;32m██                      [38;2;106;131;172m██[38;2;213;230;246m██[38;2;213;230;246m██[38;2;213;230;246m██[38;2;213;230;246m██[38;2;156;172;205m██[38;2;156;172;205m██[38;2;156;172;205m██[38;2;156;172;205m██[38;2;16;16;16m██[38;2;16;16;16m██[38;2;222;74;49m██[38;2;222;74;49m██[38;2;222;74;49m██[38;2;222;74;49m██[38;2;222;74;49m██[38;2;222;74;49m██[38;2;222;222;230m██[38;2;222;222;230m██[38;2;222;74;49m██[38;2;222;74;49m██[38;2;222;74;49m██[38;2;156;74;32m██[38;2;16;16;16m██                        
    [38;2;16;16;16m██[38;2;222;222;230m██[38;2;222;222;230m██[38;2;222;74;49m██[38;2;222;74;49m██[38;2;222;222;230m██[38;2;222;222;230m██[38;2;148;32;98m██[38;2;148;32;98m██[38;2;148;32;98m██[38;2;148;32;98m██[38;2;172;65;139m██[38;2;172;65;139m██[38;2;172;65;139m██[38;2;156;74;32m██[38;2;156;74;32m██                  [38;2;156;172;205m██[38;2;213;230;246m██[38;2;213;230;246m██[38;2;213;230;246m██[38;2;213;230;246m██[38;2;213;230;246m██[38;2;156;172;205m██[38;2;156;172;205m██[38;2;156;172;205m██[38;2;156;172;205m██[38;2;156;74;32m██[38;2;222;74;49m██[38;2;222;74;49m██[38;2;222;74;49m██[38;2;222;74;49m██[38;2;222;74;49m██[38;2;222;74;49m██[38;2;222;222;230m██[38;2;222;222;230m██[38;2;156;74;32m██[38;2;16;16;16m██[38;2;16;16;16m██                            
    [38;2;16;16;16m██[38;2;222;222;230m██[38;2;222;74;49m██[38;2;222;74;49m██[38;2;222;74;49m██[38;2;222;222;230m██[38;2;222;222;230m██[38;2;148;32;98m██[38;2;148;32;98m██[38;2;148;32;98m██[38;2;148;32;98m██[38;2;148;32;98m██[38;2;172;65;139m██[38;2;172;65;139m██[38;2;172;65;139m██[38;2;148;32;98m██[38;2;156;74;32m██              [38;2;106;131;172m██[38;2;213;230;246m██[38;2;213;230;246m██[38;2;213;230;246m██[38;2;213;230;246m██[38;2;213;230;246m██[38;2;213;230;246m██[38;2;213;230;246m██[38;2;156;172;205m██[38;2;156;172;205m██[38;2;156;74;32m██[38;2;222;74;49m██[38;2;222;74;49m██[38;2;156;74;32m██[38;2;16;16;16m██[38;2;16;16;16m██[38;2;16;16;16m██[38;2;16;16;16m██[38;2;16;16;16m██[38;2;16;16;16m██                                  
    [38;2;16;16;16m██[38;2;222;74;49m██[38;2;222;74;49m██[38;2;222;74;49m██[38;2;222;74;49m██[38;2;222;222;230m██[38;2;222;222;230m██[38;2;172;65;139m██[38;2;148;32;98m██[38;2;148;32;98m██[38;2;148;32;98m██[38;2;148;32;98m██[38;2;148;32;98m██[38;2;148;32;98m██[38;2;172;65;139m██[38;2;172;65;139m██[38;2;255;255;246m██[38;2;156;74;32m██[38;2;156;74;32m██          [38;2;156;172;205m██[38;2;213;230;246m██[38;2;213;230;246m██[38;2;213;230;246m██[38;2;213;230;246m██[38;2;213;230;246m██[38;2;213;230;246m██[38;2;213;230;246m██[38;2;213;230;246m██[38;2;156;172;205m██[38;2;156;74;32m██[38;2;222;74;49m██[38;2;156;74;32m██[38;2;16;16;16m██                                              
    [38;2;16;16;16m██[38;2;222;74;49m██[38;2;222;74;49m██[38;2;222;74;49m██[38;2;222;74;49m██[38;2;222;74;49m██[38;2;222;222;230m██[38;2;222;222;230m██[38;2;148;32;98m██[38;2;148;32;98m██[38;2;148;32;98m██[38;2;148;32;98m██[38;2;148;32;98m██[38;2;148;32;98m██[38;2;148;32;98m██[38;2;255;255;246m██[38;2;255;255;246m██[38;2;255;255;246m██[38;2;255;123;98m██[38;2;156;74;32m██      [38;2;106;131;172m██[38;2;213;230;246m██[38;2;213;230;246m██[38;2;213;230;246m██[38;2;213;230;246m██[38;2;213;230;246m██[38;2;213;230;246m██[38;2;213;230;246m██[38;2;213;230;246m██[38;2;213;230;246m██[38;2;156;172;205m██[38;2;106;131;172m██[38;2;106;131;172m██[38;2;156;172;205m██[38;2;156;172;205m██[38;2;16;16;16m██                                            
    [38;2;16;16;16m██[38;2;222;74;49m██[38;2;222;74;49m██[38;2;222;222;230m██[38;2;222;74;49m██[38;2;222;74;49m██[38;2;222;222;230m██[38;2;222;222;230m██[38;2;222;222;230m██[38;2;172;65;139m██[38;2;148;32;98m██[38;2;148;32;98m██[38;2;148;32;98m██[38;2;222;222;230m██[38;2;222;222;230m██[38;2;222;222;230m██[38;2;222;222;230m██[38;2;255;123;98m██[38;2;255;123;98m██[38;2;255;123;98m██[38;2;222;74;49m██[38;2;156;74;32m██  [38;2;106;131;172m██[38;2;213;230;246m██[38;2;213;230;246m██[38;2;213;230;246m██[38;2;213;230;246m██[38;2;213;230;246m██[38;2;213;230;246m██[38;2;213;230;246m██[38;2;213;230;246m██[38;2;213;230;246m██[38;2;213;230;246m██[38;2;156;172;205m██[38;2;16;16;16m██[38;2;156;172;205m██[38;2;156;172;205m██[38;2;24;74;98m██                                            
      [38;2;156;74;32m██[38;2;222;222;230m██[38;2;222;222;230m██[38;2;222;74;49m██[38;2;222;74;49m██[38;2;222;74;49m██[38;2;222;222;230m██[38;2;222;222;230m██[38;2;222;222;230m██[38;2;222;222;230m██[38;2;222;222;230m██[38;2;222;222;230m██[38;2;222;222;230m██[38;2;222;222;230m██[38;2;222;222;230m██[38;2;222;74;49m██[38;2;222;74;49m██[38;2;255;123;98m██[38;2;255;123;98m██[38;2;255;123;98m██[38;2;255;123;98m██[38;2;156;74;32m██[38;2;213;230;246m██[38;2;213;230;246m██[38;2;213;230;246m██[38;2;213;230;246m██[38;2;213;230;246m██[38;2;213;230;246m██[38;2;213;230;246m██[38;2;213;230;246m██[38;2;213;230;246m██[38;2;213;230;246m██[38;2;213;230;246m██[38;2;106;131;172m██[38;2;16;16;16m██[38;2;156;172;205m██[38;2;156;172;205m██[38;2;156;172;205m██[38;2;16;16;16m██                                          
      [38;2;16;16;16m██[38;2;222;222;230m██[38;2;222;74;49m██[38;2;222;74;49m██[38;2;222;74;49m██[38;2;222;74;49m██[38;2;222;74;49m██[38;2;222;74;49m██[38;2;222;222;230m██[38;2;222;222;230m██[38;2;222;222;230m██[38;2;222;222;230m██[38;2;222;222;230m██[38;2;222;74;49m██[38;2;222;74;49m██[38;2;222;74;49m██[38;2;222;74;49m██[38;2;222;74;49m██[38;2;222;74;49m██[38;2;255;123;98m██[38;2;255;123;98m██[38;2;24;74;98m██[38;2;213;230;246m██[38;2;213;230;246m██[38;2;213;230;246m██[38;2;213;230;246m██[38;2;213;230;246m██[38;2;213;230;246m██[38;2;213;230;246m██[38;2;213;230;246m██[38;2;213;230;246m██[38;2;255;123;98m██[38;2;255;123;98m██[38;2;16;16;16m██[38;2;156;172;205m██[38;2;156;172;205m██[38;2;156;172;205m██[38;2;156;172;205m██[38;2;16;16;16m██                                          
        [38;2;156;74;32m██[38;2;222;74;49m██[38;2;222;74;49m██[38;2;222;74;49m██[38;2;222;74;49m██[38;2;222;74;49m██[38;2;222;74;49m██[38;2;222;74;49m██[38;2;222;74;49m██[38;2;222;74;49m██[38;2;222;74;49m██[38;2;222;74;49m██[38;2;222;74;49m██[38;2;222;74;49m██[38;2;222;74;49m██[38;2;222;74;49m██[38;2;222;74;49m██[38;2;222;74;49m██[38;2;222;74;49m██[38;2;156;74;32m██[38;2;24;74;98m██[38;2;213;230;246m██[38;2;213;230;246m██[38;2;213;230;246m██[38;2;213;230;246m██[38;2;213;230;246m██[38;2;213;230;246m██[38;2;255;123;98m██[38;2;255;123;98m██[38;2;255;123;98m██[38;2;255;123;98m██[38;2;213;230;246m██[38;2;16;16;16m██[38;2;156;172;205m██[38;2;156;172;205m██[38;2;156;172;205m██[38;2;156;172;205m██[38;2;16;16;16m██              [38;2;24;74;98m██[38;2;24;74;98m██[38;2;24;74;98m██[38;2;24;74;98m██[38;2;24;74;98m██[38;2;24;74;98m██[38;2;24;74;98m██              
        [38;2;16;16;16m██[38;2;222;74;49m██[38;2;222;74;49m██[38;2;222;222;230m██[38;2;222;222;230m██[38;2;222;74;49m██[38;2;222;74;49m██[38;2;222;74;49m██[38;2;222;74;49m██[38;2;222;74;49m██[38;2;222;74;49m██[38;2;222;74;49m██[38;2;222;74;49m██[38;2;222;74;49m██[38;2;222;74;49m██[38;2;222;74;49m██[38;2;222;74;49m██[38;2;222;74;49m██[38;2;222;74;49m██[38;2;16;16;16m██[38;2;24;74;98m██[38;2;213;230;246m██[38;2;213;230;246m██[38;2;213;230;246m██[38;2;213;230;246m██[38;2;255;123;98m██[38;2;255;123;98m██[38;2;255;123;98m██[38;2;255;123;98m██[38;2;255;123;98m██[38;2;255;123;98m██[38;2;16;16;16m██[38;2;16;16;16m██[38;2;156;172;205m██[38;2;156;172;205m██[38;2;156;172;205m██[38;2;156;172;205m██[38;2;16;16;16m██          [38;2;24;74;98m██[38;2;106;131;172m██[38;2;156;172;205m██[38;2;156;172;205m██[38;2;156;172;205m██[38;2;156;172;205m██[38;2;156;172;205m██[38;2;156;172;205m██[38;2;156;172;205m██[38;2;106;131;172m██[38;2;24;74;98m██[38;2;24;74;98m██[38;2;24;74;98m██[38;2;24;74;98m██    
          [38;2;16;16;16m██[38;2;222;222;230m██[38;2;222;222;230m██[38;2;222;222;230m██[38;2;222;74;49m██[38;2;222;74;49m██[38;2;222;74;49m██[38;2;222;74;49m██[38;2;222;74;49m██[38;2;222;74;49m██[38;2;222;74;49m██[38;2;222;222;230m██[38;2;222;222;230m██[38;2;222;74;49m██[38;2;222;74;49m██[38;2;222;74;49m██[38;2;222;74;49m██[38;2;16;16;16m██  [38;2;24;74;98m██[38;2;16;16;16m██[38;2;213;230;246m██[38;2;255;123;98m██[38;2;255;123;98m██[38;2;255;123;98m██[38;2;255;123;98m██[38;2;255;123;98m██[38;2;255;123;98m██[38;2;255;123;98m██[38;2;255;123;98m██[38;2;255;123;98m██[38;2;222;74;49m██[38;2;156;172;205m██[38;2;156;172;205m██[38;2;156;172;205m██[38;2;156;172;205m██[38;2;16;16;16m██[38;2;16;16;16m██    [38;2;24;74;98m██[38;2;106;131;172m██[38;2;156;172;205m██[38;2;156;172;205m██[38;2;156;172;205m██[38;2;156;172;205m██[38;2;156;172;205m██[38;2;156;172;205m██[38;2;156;172;205m██[38;2;156;172;205m██[38;2;156;172;205m██[38;2;156;172;205m██[38;2;156;172;205m██[38;2;156;172;205m██[38;2;156;172;205m██[38;2;156;172;205m██[38;2;106;131;172m██[38;2;106;131;172m██
            [38;2;16;16;16m██[38;2;222;222;230m██[38;2;222;74;49m██[38;2;222;74;49m██[38;2;222;74;49m██[38;2;222;74;49m██[38;2;222;222;230m██[38;2;222;74;49m██[38;2;222;74;49m██[38;2;222;74;49m██[38;2;222;222;230m██[38;2;222;222;230m██[38;2;222;222;230m██[38;2;222;74;49m██[38;2;222;74;49m██[38;2;16;16;16m██      [38;2;24;74;98m██[38;2;16;16;16m██[38;2;213;230;246m██[38;2;16;16;16m██[38;2;255;123;98m██[38;2;255;123;98m██[38;2;255;123;98m██[38;2;255;123;98m██[38;2;255;123;98m██[38;2;255;123;98m██[38;2;222;74;49m██[38;2;222;74;49m██[38;2;156;172;205m██[38;2;156;172;205m██[38;2;156;172;205m██[38;2;106;131;172m██[38;2;16;16;16m██[38;2;106;131;172m██[38;2;24;74;98m██[38;2;106;131;172m██[38;2;156;172;205m██[38;2;156;172;205m██[38;2;156;172;205m██[38;2;156;172;205m██[38;2;156;172;205m██[38;2;156;172;205m██[38;2;156;172;205m██[38;2;156;172;205m██[38;2;156;172;205m██[38;2;156;172;205m██[38;2;156;172;205m██[38;2;156;172;205m██[38;2;156;172;205m██[38;2;156;172;205m██[38;2;156;172;205m██[38;2;106;131;172m██[38;2;24;74;98m██  
              [38;2;16;16;16m██[38;2;156;74;32m██[38;2;222;74;49m██[38;2;222;74;49m██[38;2;222;222;230m██[38;2;222;222;230m██[38;2;222;74;49m██[38;2;222;74;49m██[38;2;222;74;49m██[38;2;222;74;49m██[38;2;222;222;230m██[38;2;222;222;230m██[38;2;156;74;32m██[38;2;16;16;16m██        [38;2;24;74;98m██[38;2;180;205;238m██[38;2;16;16;16m██[38;2;16;16;16m██[38;2;255;123;98m██[38;2;255;123;98m██[38;2;255;123;98m██[38;2;255;123;98m██[38;2;222;74;49m██[38;2;222;74;49m██[38;2;222;74;49m██[38;2;106;131;172m██[38;2;156;172;205m██[38;2;156;172;205m██[38;2;156;172;205m██[38;2;24;74;98m██[38;2;106;131;172m██[38;2;24;74;98m██[38;2;156;172;205m██[38;2;156;172;205m██[38;2;156;172;205m██[38;2;156;172;205m██[38;2;156;172;205m██[38;2;156;172;205m██[38;2;156;172;205m██[38;2;156;172;205m██[38;2;156;172;205m██[38;2;156;172;205m██[38;2;156;172;205m██[38;2;156;172;205m██[38;2;156;172;205m██[38;2;156;172;205m██[38;2;24;74;98m██[38;2;16;16;16m██[38;2;16;16;16m██      
                  [38;2;16;16;16m██[38;2;156;74;32m██[38;2;222;222;230m██[38;2;222;222;230m██[38;2;222;74;49m██[38;2;222;74;49m██[38;2;222;74;49m██[38;2;156;74;32m██[38;2;16;16;16m██[38;2;16;16;16m██              [38;2;24;74;98m██[38;2;156;172;205m██[38;2;156;172;205m██[38;2;222;74;49m██[38;2;222;74;49m██[38;2;222;74;49m██[38;2;222;74;49m██[38;2;222;74;49m██[38;2;222;74;49m██[38;2;222;74;49m██[38;2;156;172;205m██[38;2;156;172;205m██[38;2;156;172;205m██[38;2;156;172;205m██[38;2;16;16;16m██[38;2;106;131;172m██[38;2;106;131;172m██[38;2;106;131;172m██[38;2;24;74;98m██[38;2;24;74;98m██[38;2;24;74;98m██[38;2;24;74;98m██[38;2;24;74;98m██[38;2;156;172;205m██[38;2;156;172;205m██[38;2;156;172;205m██[38;2;156;172;205m██[38;2;156;172;205m██[38;2;24;74;98m██[38;2;16;16;16m██[38;2;16;16;16m██            
                      [38;2;16;16;16m██[38;2;16;16;16m██[38;2;16;16;16m██[38;2;16;16;16m██[38;2;16;16;16m██                      [38;2;24;74;98m██[38;2;156;172;205m██[38;2;156;172;205m██[38;2;106;131;172m██[38;2;222;74;49m██[38;2;222;74;49m██[38;2;222;74;49m██[38;2;106;131;172m██[38;2;156;172;205m██[38;2;156;172;205m██[38;2;156;172;205m██[38;2;156;172;205m██[38;2;16;16;16m██[38;2;106;131;172m██[38;2;106;131;172m██[38;2;156;172;205m██[38;2;156;172;205m██[38;2;156;172;205m██[38;2;156;172;205m██[38;2;156;172;205m██[38;2;156;172;205m██[38;2;156;172;205m██[38;2;24;74;98m██[38;2;24;74;98m██[38;2;24;74;98m██[38;2;24;74;98m██[38;2;24;74;98m██                  
                                                        [38;2;24;74;98m██[38;2;106;131;172m██[38;2;156;172;205m██[38;2;156;172;205m██[38;2;156;172;205m██[38;2;156;172;205m██[38;2;156;172;205m██[38;2;156;172;205m██[38;2;156;172;205m██[38;2;156;172;205m██[38;2;106;131;172m██[38;2;106;131;172m██[38;2;106;131;172m██[38;2;106;131;172m██[38;2;24;74;98m██[38;2;156;172;205m██[38;2;156;172;205m██[38;2;156;172;205m██[38;2;156;172;205m██[38;2;156;172;205m██[38;2;156;172;205m██[38;2;156;172;205m██[38;2;180;205;238m██[38;2;213;230;246m██[38;2;213;230;246m██[38;2;213;230;246m██[38;2;106;131;172m██[38;2;106;131;172m██              
                                                            [38;2;24;74;98m██[38;2;24;74;98m██[38;2;24;74;98m██[38;2;24;74;98m██[38;2;156;172;205m██[38;2;156;172;205m██[38;2;106;131;172m██[38;2;106;131;172m██[38;2;106;131;172m██[38;2;106;131;172m██[38;2;106;131;172m██[38;2;106;131;172m██[38;2;106;131;172m██[38;2;16;16;16m██[38;2;24;74;98m██[38;2;156;172;205m██[38;2;156;172;205m██[38;2;156;172;205m██[38;2;156;172;205m██[38;2;156;172;205m██[38;2;213;230;246m██[38;2;213;230;246m██[38;2;213;230;246m██[38;2;213;230;246m██[38;2;213;230;246m██[38;2;213;230;246m██[38;2;106;131;172m██[38;2;106;131;172m██          
                                                              [38;2;106;131;172m██[38;2;24;74;98m██[38;2;106;131;172m██[38;2;106;131;172m██[38;2;106;131;172m██[38;2;106;131;172m██[38;2;106;131;172m██[38;2;106;131;172m██[38;2;106;131;172m██[38;2;106;131;172m██[38;2;106;131;172m██[38;2;106;131;172m██[38;2;16;16;16m██  [38;2;16;16;16m██[38;2;24;74;98m██[38;2;156;172;205m██[38;2;180;205;238m██[38;2;213;230;246m██[38;2;213;230;246m██[38;2;213;230;246m██[38;2;213;230;246m██[38;2;213;230;246m██[38;2;213;230;246m██[38;2;213;230;246m██[38;2;213;230;246m██[38;2;213;230;246m██[38;2;106;131;172m██[38;2;106;131;172m██      
                                                        [38;2;106;131;172m██[38;2;106;131;172m██[38;2;106;131;172m██[38;2;156;172;205m██[38;2;156;172;205m██[38;2;24;74;98m██[38;2;106;131;172m██[38;2;106;131;172m██[38;2;106;131;172m██[38;2;106;131;172m██[38;2;106;131;172m██[38;2;106;131;172m██[38;2;106;131;172m██[38;2;106;131;172m██[38;2;16;16;16m██        [38;2;16;16;16m██[38;2;24;74;98m██[38;2;213;230;246m██[38;2;213;230;246m██[38;2;213;230;246m██[38;2;213;230;246m██[38;2;213;230;246m██[38;2;213;230;246m██[38;2;213;230;246m██[38;2;213;230;246m██[38;2;213;230;246m██[38;2;213;230;246m██[38;2;213;230;246m██[38;2;106;131;172m██    
                                                    [38;2;106;131;172m██[38;2;106;131;172m██[38;2;156;172;205m██[38;2;156;172;205m██[38;2;156;172;205m██[38;2;156;172;205m██[38;2;24;74;98m██[38;2;156;172;205m██[38;2;24;74;98m██[38;2;24;74;98m██[38;2;106;131;172m██[38;2;106;131;172m██[38;2;106;131;172m██[38;2;106;131;172m██[38;2;24;74;98m██[38;2;16;16;16m██              [38;2;16;16;16m██[38;2;16;16;16m██[38;2;16;16;16m██[38;2;16;16;16m██[38;2;24;74;98m██[38;2;24;74;98m██[38;2;24;74;98m██[38;2;24;74;98m██[38;2;24;74;98m██[38;2;24;74;98m██[38;2;24;74;98m██[38;2;24;74;98m██[38;2;106;131;172m██  
                                                  [38;2;106;131;172m██[38;2;156;172;205m██[38;2;156;172;205m██[38;2;156;172;205m██[38;2;156;172;205m██[38;2;156;172;205m██[38;2;24;74;98m██[38;2;156;172;205m██[38;2;156;172;205m██[38;2;156;172;205m██[38;2;16;16;16m██[38;2;24;74;98m██[38;2;16;16;16m██[38;2;16;16;16m██[38;2;16;16;16m██                                              
                                                [38;2;106;131;172m██[38;2;156;172;205m██[38;2;156;172;205m██[38;2;156;172;205m██[38;2;156;172;205m██[38;2;156;172;205m██[38;2;24;74;98m██[38;2;156;172;205m██[38;2;156;172;205m██[38;2;156;172;205m██[38;2;156;172;205m██[38;2;16;16;16m██                                                      
                                              [38;2;24;74;98m██[38;2;156;172;205m██[38;2;156;172;205m██[38;2;156;172;205m██[38;2;156;172;205m██[38;2;156;172;205m██[38;2;24;74;98m██[38;2;180;205;238m██[38;2;180;205;238m██[38;2;156;172;205m██[38;2;156;172;205m██[38;2;156;172;205m██[38;2;16;16;16m██                                                      
                                            [38;2;24;74;98m██[38;2;156;172;205m██[38;2;156;172;205m██[38;2;156;172;205m██[38;2;156;172;205m██[38;2;156;172;205m██[38;2;156;172;205m██[38;2;24;74;98m██[38;2;213;230;246m██[38;2;213;230;246m██[38;2;213;230;246m██[38;2;180;205;238m██[38;2;180;205;238m██[38;2;16;16;16m██                                                      
                                          [38;2;24;74;98m██[38;2;156;172;205m██[38;2;156;172;205m██[38;2;156;172;205m██[38;2;156;172;205m██[38;2;156;172;205m██[38;2;156;172;205m██[38;2;24;74;98m██[38;2;213;230;246m██[38;2;213;230;246m██[38;2;213;230;246m██[38;2;213;230;246m██[38;2;213;230;246m██[38;2;213;230;246m██[38;2;16;16;16m██                                                      
                                        [38;2;24;74;98m██[38;2;156;172;205m██[38;2;156;172;205m██[38;2;156;172;205m██[38;2;156;172;205m██[38;2;156;172;205m██[38;2;24;74;98m██[38;2;16;16;16m██[38;2;24;74;98m██[38;2;213;230;246m██[38;2;213;230;246m██[38;2;213;230;246m██[38;2;213;230;246m██[38;2;213;230;246m██[38;2;24;74;98m██                                                        
                                      [38;2;24;74;98m██[38;2;24;74;98m██[38;2;24;74;98m██[38;2;16;16;16m██[38;2;16;16;16m██[38;2;16;16;16m██[38;2;16;16;16m██    [38;2;106;131;172m██[38;2;213;230;246m██[38;2;213;230;246m██[38;2;213;230;246m██[38;2;213;230;246m██[38;2;213;230;246m██[38;2;16;16;16m██                                                        
                                                        [38;2;106;131;172m██[38;2;213;230;246m██[38;2;213;230;246m██[38;2;213;230;246m██[38;2;213;230;246m██[38;2;24;74;98m██                                                          
                                                        [38;2;106;131;172m██[38;2;213;230;246m██[38;2;213;230;246m██[38;2;213;230;246m██[38;2;213;230;246m██[38;2;16;16;16m██                                                          
                                                        [38;2;106;131;172m██[38;2;213;230;246m██[38;2;213;230;246m██[38;2;213;230;246m██[38;2;24;74;98m██                                                            
                                                          [38;2;156;172;205m██[38;2;213;230;246m██[38;2;213;230;246m██[38;2;24;74;98m██                                                            
                                                          [38;2;106;131;172m██[38;2;213;230;246m██[38;2;106;131;172m██                                                              
                                                          [38;2;106;131;172m██[38;2;213;230;246m██[38;2;24;74;98m██                                                              
                                                          [38;2;106;131;172m██[38;2;106;131;172m██                                                                
                                                          [38;2;106;131;172m██[38;2;24;74;98m██                                                                
                                                          [38;2;106;131;172m██                                                                  
