                                                                      [38;2;16;16;16m██[38;2;115;49;49m██                            
                                                                      [38;2;16;16;16m██[38;2;255;74;90m██[38;2;115;49;49m██                          
                                                                    [38;2;16;16;16m██[38;2;16;16;16m██[38;2;255;74;90m██[38;2;255;74;90m██[38;2;115;49;49m██[38;2;115;49;49m██                      
                                                                    [38;2;16;16;16m██[38;2;156;65;74m██[38;2;115;49;49m██[38;2;255;74;90m██[38;2;255;74;90m██[38;2;255;74;90m██[38;2;115;49;49m██[38;2;115;49;49m██                  
                                                                    [38;2;16;16;16m██[38;2;156;65;74m██[38;2;156;65;74m██[38;2;156;65;74m██[38;2;255;74;90m██[38;2;255;74;90m██[38;2;255;74;90m██[38;2;255;74;90m██[38;2;115;49;49m██                
                                                                      [38;2;16;16;16m██[38;2;156;65;74m██[38;2;156;65;74m██[38;2;156;65;74m██[38;2;156;65;74m██[38;2;255;74;90m██[38;2;255;74;90m██[38;2;255;74;90m██[38;2;115;49;49m██              
                                                                  [38;2;16;16;16m██[38;2;16;16;16m██[38;2;16;16;16m██[38;2;16;16;16m██[38;2;90;90;82m██[38;2;90;90;82m██[38;2;156;65;74m██[38;2;156;65;74m██[38;2;156;65;74m██[38;2;255;74;90m██[38;2;255;74;90m██[38;2;115;49;49m██            
                                                          [38;2;90;90;82m██[38;2;90;90;82m██[38;2;90;90;82m██[38;2;16;16;16m██[38;2;255;255;255m██[38;2;255;255;255m██[38;2;255;255;255m██[38;2;255;255;255m██[38;2;255;255;255m██[38;2;230;230;230m██[38;2;90;90;82m██[38;2;90;90;82m██[38;2;156;65;74m██[38;2;156;65;74m██[38;2;255;74;90m██[38;2;115;49;49m██            
                                                        [38;2;16;16;16m██[38;2;255;255;255m██[38;2;255;255;255m██[38;2;131;131;131m██[38;2;230;230;230m██[38;2;255;255;255m██[38;2;90;90;82m██[38;2;90;90;82m██[38;2;255;255;255m██[38;2;230;230;230m██[38;2;213;213;213m██[38;2;213;213;213m██[38;2;213;213;213m██[38;2;65;65;65m██[38;2;156;65;74m██[38;2;156;65;74m██[38;2;255;74;90m██[38;2;115;49;49m██          
                                                        [38;2;16;16;16m██[38;2;230;230;230m██[38;2;213;213;213m██[38;2;230;230;230m██[38;2;255;255;255m██[38;2;16;16;16m██[38;2;255;255;255m██[38;2;255;255;255m██[38;2;90;90;82m██[38;2;213;213;213m██[38;2;213;213;213m██[38;2;213;213;213m██[38;2;213;213;213m██[38;2;164;131;98m██[38;2;65;65;65m██[38;2;156;65;74m██[38;2;255;74;90m██[38;2;115;49;49m██          
                                                        [38;2;16;16;16m██[38;2;213;213;213m██[38;2;213;213;213m██[38;2;213;213;213m██[38;2;230;230;230m██[38;2;16;16;16m██[38;2;230;230;230m██[38;2;255;255;255m██[38;2;230;230;230m██[38;2;90;90;82m██[38;2;213;213;213m██[38;2;213;213;213m██[38;2;164;131;98m██[38;2;115;82;57m██[38;2;115;82;57m██[38;2;156;65;74m██[38;2;156;65;74m██[38;2;115;49;49m██          
                                                      [38;2;16;16;16m██[38;2;213;213;213m██[38;2;213;213;213m██[38;2;213;213;213m██[38;2;213;213;213m██[38;2;213;213;213m██[38;2;90;90;82m██[38;2;213;213;213m██[38;2;213;213;213m██[38;2;213;213;213m██[38;2;131;131;131m██[38;2;213;213;213m██[38;2;213;213;213m██[38;2;115;82;57m██[38;2;115;82;57m██[38;2;164;131;98m██[38;2;115;49;49m██[38;2;156;65;74m██[38;2;115;49;49m██          
                                                    [38;2;16;16;16m██[38;2;213;213;213m██[38;2;213;213;213m██[38;2;213;213;213m██[38;2;213;213;213m██[38;2;213;213;213m██[38;2;213;213;213m██[38;2;213;213;213m██[38;2;213;213;213m██[38;2;213;213;213m██[38;2;213;213;213m██[38;2;213;213;213m██[38;2;213;213;213m██[38;2;213;213;213m██[38;2;115;82;57m██[38;2;164;131;98m██[38;2;255;255;255m██[38;2;115;82;57m██[38;2;156;65;74m██[38;2;115;49;49m██          
                                                    [38;2;16;16;16m██[38;2;213;213;213m██[38;2;213;213;213m██[38;2;213;213;213m██[38;2;213;213;213m██[38;2;213;213;213m██[38;2;213;213;213m██[38;2;213;213;213m██[38;2;213;213;213m██[38;2;213;213;213m██[38;2;213;213;213m██[38;2;213;213;213m██[38;2;213;213;213m██[38;2;213;213;213m██[38;2;115;82;57m██[38;2;164;131;98m██[38;2;255;255;255m██[38;2;16;16;16m██[38;2;115;49;49m██            
                                                  [38;2;16;16;16m██[38;2;213;213;213m██[38;2;213;213;213m██[38;2;213;213;213m██[38;2;213;213;213m██[38;2;213;213;213m██[38;2;213;213;213m██[38;2;213;213;213m██[38;2;213;213;213m██[38;2;213;213;213m██[38;2;213;213;213m██[38;2;213;213;213m██[38;2;213;213;213m██[38;2;213;213;213m██[38;2;213;213;213m██[38;2;115;82;57m██[38;2;115;82;57m██[38;2;255;255;255m██[38;2;16;16;16m██[38;2;115;49;49m██            
                                                  [38;2;16;16;16m██[38;2;213;213;213m██[38;2;213;213;213m██[38;2;213;213;213m██[38;2;213;213;213m██[38;2;213;213;213m██[38;2;213;213;213m██[38;2;213;213;213m██[38;2;213;213;213m██[38;2;213;213;213m██[38;2;213;213;213m██[38;2;213;213;213m██[38;2;213;213;213m██[38;2;213;213;213m██[38;2;213;213;213m██[38;2;164;131;98m██[38;2;115;82;57m██[38;2;255;255;255m██[38;2;164;131;98m██[38;2;156;65;74m██[38;2;115;49;49m██          
                                                [38;2;16;16;16m██[38;2;213;213;213m██[38;2;213;213;213m██[38;2;213;213;213m██[38;2;213;213;213m██[38;2;213;213;213m██[38;2;213;213;213m██[38;2;213;213;213m██[38;2;213;213;213m██[38;2;213;213;213m██[38;2;213;213;213m██[38;2;213;213;213m██[38;2;213;213;213m██[38;2;213;213;213m██[38;2;115;82;57m██[38;2;115;82;57m██[38;2;213;213;213m██[38;2;164;131;98m██[38;2;115;82;57m██[38;2;164;131;98m██[38;2;156;65;74m██[38;2;115;49;49m██          
                                              [38;2;16;16;16m██[38;2;213;213;213m██[38;2;213;213;213m██[38;2;213;213;213m██[38;2;213;213;213m██[38;2;213;213;213m██[38;2;213;213;213m██[38;2;213;213;213m██[38;2;213;213;213m██[38;2;213;213;213m██[38;2;213;213;213m██[38;2;213;213;213m██[38;2;213;213;213m██[38;2;213;213;213m██[38;2;115;82;57m██[38;2;164;131;98m██[38;2;164;131;98m██[38;2;16;16;16m██[38;2;213;213;213m██[38;2;213;213;213m██[38;2;213;213;213m██[38;2;16;16;16m██            
                                        [38;2;90;90;82m██[38;2;65;65;65m██[38;2;16;16;16m██[38;2;213;213;213m██[38;2;213;213;213m██[38;2;213;213;213m██[38;2;213;213;213m██[38;2;213;213;213m██[38;2;213;213;213m██[38;2;213;213;213m██[38;2;213;213;213m██[38;2;213;213;213m██[38;2;213;213;213m██[38;2;213;213;213m██[38;2;213;213;213m██[38;2;213;213;213m██[38;2;213;213;213m██[38;2;115;82;57m██[38;2;164;131;98m██[38;2;115;82;57m██[38;2;115;82;57m██[38;2;16;16;16m██[38;2;90;90;82m██[38;2;16;16;16m██              
                                    [38;2;90;90;82m██[38;2;90;90;82m██[38;2;255;255;255m██[38;2;213;213;213m██[38;2;213;213;213m██[38;2;213;213;213m██[38;2;213;213;213m██[38;2;213;213;213m██[38;2;213;213;213m██[38;2;213;213;213m██[38;2;213;213;213m██[38;2;213;213;213m██[38;2;213;213;213m██[38;2;213;213;213m██[38;2;213;213;213m██[38;2;213;213;213m██[38;2;213;213;213m██[38;2;213;213;213m██[38;2;115;82;57m██[38;2;164;131;98m██[38;2;164;131;98m██[38;2;115;82;57m██  [38;2;90;90;82m██[38;2;213;213;213m██[38;2;16;16;16m██              
                                [38;2;90;90;82m██[38;2;90;90;82m██[38;2;255;255;255m██[38;2;255;255;255m██[38;2;230;230;230m██[38;2;213;213;213m██[38;2;213;213;213m██[38;2;213;213;213m██[38;2;213;213;213m██[38;2;213;213;213m██[38;2;213;213;213m██[38;2;213;213;213m██[38;2;213;213;213m██[38;2;213;213;213m██[38;2;213;213;213m██[38;2;213;213;213m██[38;2;213;213;213m██[38;2;213;213;213m██[38;2;213;213;213m██[38;2;213;213;213m██[38;2;115;82;57m██[38;2;164;131;98m██[38;2;115;82;57m██      [38;2;16;16;16m██                
                            [38;2;90;90;82m██[38;2;90;90;82m██[38;2;230;230;230m██[38;2;255;255;255m██[38;2;255;255;255m██[38;2;230;230;230m██[38;2;213;213;213m██[38;2;213;213;213m██[38;2;213;213;213m██[38;2;213;213;213m██[38;2;213;213;213m██[38;2;213;213;213m██[38;2;213;213;213m██[38;2;213;213;213m██[38;2;213;213;213m██[38;2;213;213;213m██[38;2;213;213;213m██[38;2;131;131;131m██[38;2;131;131;131m██[38;2;131;131;131m██[38;2;213;213;213m██[38;2;213;213;213m██[38;2;115;82;57m██[38;2;164;131;98m██[38;2;115;82;57m██                        
                          [38;2;65;65;65m██[38;2;230;230;230m██[38;2;255;255;255m██[38;2;255;255;255m██[38;2;255;255;255m██[38;2;230;230;230m██[38;2;131;131;131m██[38;2;230;230;230m██[38;2;255;255;255m██[38;2;255;255;255m██[38;2;255;255;255m██[38;2;230;230;230m██[38;2;213;213;213m██[38;2;213;213;213m██[38;2;213;213;213m██[38;2;213;213;213m██[38;2;213;213;213m██[38;2;213;213;213m██[38;2;213;213;213m██[38;2;213;213;213m██[38;2;213;213;213m██[38;2;65;65;65m██[38;2;65;65;65m██[38;2;115;82;57m██[38;2;164;131;98m██[38;2;115;82;57m██                        
                        [38;2;65;65;65m██[38;2;213;213;213m██[38;2;213;213;213m██[38;2;230;230;230m██[38;2;230;230;230m██[38;2;213;213;213m██[38;2;131;131;131m██[38;2;255;255;255m██[38;2;255;255;255m██[38;2;255;255;255m██[38;2;255;255;255m██[38;2;255;255;255m██[38;2;255;255;255m██[38;2;213;213;213m██[38;2;213;213;213m██[38;2;213;213;213m██[38;2;213;213;213m██[38;2;213;213;213m██[38;2;213;213;213m██[38;2;213;213;213m██[38;2;213;213;213m██[38;2;213;213;213m██[38;2;213;213;213m██[38;2;213;213;213m██[38;2;65;65;65m██[38;2;65;65;65m██[38;2;164;131;98m██[38;2;90;90;82m██[38;2;16;16;16m██                    
                    [38;2;65;65;65m██[38;2;65;65;65m██[38;2;213;213;213m██[38;2;213;213;213m██[38;2;213;213;213m██[38;2;213;213;213m██[38;2;213;213;213m██[38;2;65;65;65m██[38;2;255;255;255m██[38;2;255;255;255m██[38;2;255;255;255m██[38;2;255;255;255m██[38;2;255;255;255m██[38;2;255;255;255m██[38;2;230;230;230m██[38;2;213;213;213m██[38;2;213;213;213m██[38;2;213;213;213m██[38;2;213;213;213m██[38;2;213;213;213m██[38;2;213;213;213m██[38;2;213;213;213m██[38;2;213;213;213m██[38;2;213;213;213m██[38;2;230;230;230m██[38;2;255;255;255m██[38;2;255;255;255m██[38;2;230;230;230m██[38;2;65;65;65m██[38;2;213;213;213m██[38;2;16;16;16m██                    
                  [38;2;65;65;65m██[38;2;213;213;213m██[38;2;213;213;213m██[38;2;213;213;213m██[38;2;213;213;213m██[38;2;213;213;213m██[38;2;213;213;213m██[38;2;65;65;65m██[38;2;164;131;98m██[38;2;164;131;98m██[38;2;164;131;98m██[38;2;164;131;98m██[38;2;164;131;98m██[38;2;255;255;255m██[38;2;255;255;255m██[38;2;213;213;213m██[38;2;213;213;213m██[38;2;213;213;213m██[38;2;213;213;213m██[38;2;213;213;213m██[38;2;213;213;213m██[38;2;213;213;213m██[38;2;213;213;213m██[38;2;213;213;213m██[38;2;213;213;213m██[38;2;255;255;255m██[38;2;255;255;255m██[38;2;255;255;255m██[38;2;255;255;255m██[38;2;213;213;213m██[38;2;131;131;131m██[38;2;65;65;65m██                    
                [38;2;65;65;65m██[38;2;213;213;213m██[38;2;213;213;213m██[38;2;213;213;213m██[38;2;213;213;213m██[38;2;213;213;213m██[38;2;213;213;213m██[38;2;65;65;65m██[38;2;115;82;57m██[38;2;164;131;98m██[38;2;164;131;98m██[38;2;164;131;98m██[38;2;164;131;98m██[38;2;164;131;98m██[38;2;164;131;98m██[38;2;164;131;98m██[38;2;164;131;98m██[38;2;213;213;213m██[38;2;213;213;213m██[38;2;213;213;213m██[38;2;213;213;213m██[38;2;213;213;213m██[38;2;213;213;213m██[38;2;213;213;213m██[38;2;213;213;213m██[38;2;213;213;213m██[38;2;230;230;230m██[38;2;255;255;255m██[38;2;255;255;255m██[38;2;255;255;255m██[38;2;255;255;255m██[38;2;255;255;255m██[38;2;230;230;230m██[38;2;16;16;16m██                  
          [38;2;16;16;16m██  [38;2;65;65;65m██[38;2;213;213;213m██[38;2;213;213;213m██[38;2;213;213;213m██[38;2;213;213;213m██[38;2;213;213;213m██[38;2;213;213;213m██[38;2;213;213;213m██[38;2;65;65;65m██[38;2;164;131;98m██[38;2;164;131;98m██[38;2;164;131;98m██[38;2;164;131;98m██[38;2;164;131;98m██[38;2;164;131;98m██[38;2;164;131;98m██[38;2;115;82;57m██[38;2;115;82;57m██[38;2;115;82;57m██[38;2;164;131;98m██[38;2;213;213;213m██[38;2;213;213;213m██[38;2;213;213;213m██[38;2;213;213;213m██[38;2;213;213;213m██[38;2;213;213;213m██[38;2;213;213;213m██[38;2;213;213;213m██[38;2;230;230;230m██[38;2;255;255;255m██[38;2;255;255;255m██[38;2;255;255;255m██[38;2;255;255;255m██[38;2;255;255;255m██[38;2;255;255;255m██[38;2;16;16;16m██                
        [38;2;16;16;16m██[38;2;255;255;255m██[38;2;16;16;16m██[38;2;213;213;213m██[38;2;213;213;213m██[38;2;213;213;213m██[38;2;213;213;213m██[38;2;213;213;213m██[38;2;213;213;213m██[38;2;213;213;213m██[38;2;65;65;65m██[38;2;213;213;213m██[38;2;255;255;255m██[38;2;255;255;255m██[38;2;255;255;255m██[38;2;255;255;255m██[38;2;255;255;255m██[38;2;164;131;98m██[38;2;164;131;98m██[38;2;115;82;57m██[38;2;115;82;57m██[38;2;115;82;57m██[38;2;115;82;57m██[38;2;164;131;98m██[38;2;213;213;213m██[38;2;213;213;213m██[38;2;213;213;213m██[38;2;213;213;213m██[38;2;213;213;213m██[38;2;213;213;213m██[38;2;213;213;213m██[38;2;213;213;213m██[38;2;213;213;213m██[38;2;255;255;255m██[38;2;255;255;255m██[38;2;255;255;255m██[38;2;255;255;255m██[38;2;255;255;255m██[38;2;255;255;255m██[38;2;65;65;65m██              
        [38;2;16;16;16m██[38;2;255;255;255m██[38;2;16;16;16m██[38;2;213;213;213m██[38;2;213;213;213m██[38;2;213;213;213m██[38;2;213;213;213m██[38;2;213;213;213m██[38;2;213;213;213m██[38;2;213;213;213m██[38;2;65;65;65m██[38;2;255;255;255m██[38;2;255;255;255m██[38;2;255;255;255m██[38;2;255;255;255m██[38;2;255;255;255m██[38;2;255;255;255m██[38;2;255;255;255m██[38;2;213;213;213m██[38;2;213;213;213m██[38;2;164;131;98m██[38;2;115;82;57m██[38;2;115;82;57m██[38;2;115;82;57m██[38;2;164;131;98m██[38;2;213;213;213m██[38;2;213;213;213m██[38;2;213;213;213m██[38;2;213;213;213m██[38;2;213;213;213m██[38;2;213;213;213m██[38;2;213;213;213m██[38;2;213;213;213m██[38;2;230;230;230m██[38;2;255;255;255m██[38;2;255;255;255m██[38;2;255;255;255m██[38;2;255;255;255m██[38;2;255;255;255m██[38;2;255;255;255m██[38;2;65;65;65m██            
        [38;2;16;16;16m██[38;2;255;255;255m██[38;2;255;255;255m██[38;2;16;16;16m██[38;2;213;213;213m██[38;2;213;213;213m██[38;2;213;213;213m██[38;2;213;213;213m██[38;2;213;213;213m██[38;2;65;65;65m██[38;2;213;213;213m██[38;2;255;255;255m██[38;2;255;255;255m██[38;2;255;255;255m██[38;2;255;255;255m██[38;2;255;255;255m██[38;2;230;230;230m██[38;2;213;213;213m██[38;2;213;213;213m██[38;2;213;213;213m██[38;2;213;213;213m██[38;2;213;213;213m██[38;2;164;131;98m██[38;2;115;82;57m██[38;2;115;82;57m██[38;2;164;131;98m██[38;2;213;213;213m██[38;2;213;213;213m██[38;2;213;213;213m██[38;2;213;213;213m██[38;2;213;213;213m██[38;2;213;213;213m██[38;2;213;213;213m██[38;2;213;213;213m██[38;2;213;213;213m██[38;2;255;255;255m██[38;2;255;255;255m██[38;2;255;255;255m██[38;2;255;255;255m██[38;2;255;255;255m██[38;2;213;213;213m██[38;2;65;65;65m██          
      [38;2;65;65;65m██[38;2;16;16;16m██[38;2;255;255;255m██[38;2;255;255;255m██[38;2;16;16;16m██[38;2;213;213;213m██[38;2;213;213;213m██[38;2;213;213;213m██[38;2;213;213;213m██[38;2;213;213;213m██[38;2;16;16;16m██[38;2;164;131;98m██[38;2;164;131;98m██[38;2;164;131;98m██[38;2;164;131;98m██[38;2;164;131;98m██[38;2;230;230;230m██[38;2;213;213;213m██[38;2;213;213;213m██[38;2;213;213;213m██[38;2;213;213;213m██[38;2;213;213;213m██[38;2;213;213;213m██[38;2;213;213;213m██[38;2;213;213;213m██[38;2;164;131;98m██[38;2;164;131;98m██[38;2;213;213;213m██[38;2;213;213;213m██[38;2;213;213;213m██[38;2;213;213;213m██[38;2;213;213;213m██[38;2;213;213;213m██[38;2;213;213;213m██[38;2;213;213;213m██[38;2;213;213;213m██[38;2;213;213;213m██[38;2;255;255;255m██[38;2;255;255;255m██[38;2;255;255;255m██[38;2;255;255;255m██[38;2;255;255;255m██[38;2;65;65;65m██          
      [38;2;65;65;65m██[38;2;16;16;16m██[38;2;255;255;255m██[38;2;255;255;255m██[38;2;255;255;255m██[38;2;16;16;16m██[38;2;213;213;213m██[38;2;213;213;213m██[38;2;213;213;213m██[38;2;213;213;213m██[38;2;16;16;16m██[38;2;164;131;98m██[38;2;164;131;98m██[38;2;164;131;98m██[38;2;164;131;98m██[38;2;115;82;57m██[38;2;115;82;57m██[38;2;164;131;98m██[38;2;213;213;213m██[38;2;213;213;213m██[38;2;213;213;213m██[38;2;213;213;213m██[38;2;213;213;213m██[38;2;213;213;213m██[38;2;213;213;213m██[38;2;213;213;213m██[38;2;213;213;213m██[38;2;213;213;213m██[38;2;213;213;213m██[38;2;131;131;131m██[38;2;213;213;213m██[38;2;213;213;213m██[38;2;213;213;213m██[38;2;213;213;213m██[38;2;213;213;213m██[38;2;213;213;213m██[38;2;213;213;213m██[38;2;213;213;213m██[38;2;255;255;255m██[38;2;255;255;255m██[38;2;255;255;255m██[38;2;255;255;255m██[38;2;213;213;213m██[38;2;65;65;65m██        
    [38;2;65;65;65m██[38;2;213;213;213m██[38;2;16;16;16m██[38;2;255;255;255m██[38;2;255;255;255m██[38;2;255;255;255m██[38;2;16;16;16m██[38;2;213;213;213m██[38;2;213;213;213m██[38;2;213;213;213m██[38;2;16;16;16m██[38;2;115;82;57m██[38;2;164;131;98m██[38;2;164;131;98m██[38;2;164;131;98m██[38;2;115;82;57m██[38;2;115;82;57m██[38;2;115;82;57m██[38;2;115;82;57m██[38;2;115;82;57m██[38;2;164;131;98m██[38;2;213;213;213m██[38;2;213;213;213m██[38;2;213;213;213m██[38;2;213;213;213m██[38;2;213;213;213m██[38;2;213;213;213m██[38;2;213;213;213m██[38;2;213;213;213m██[38;2;213;213;213m██[38;2;213;213;213m██[38;2;65;65;65m██[38;2;65;65;65m██[38;2;213;213;213m██[38;2;213;213;213m██[38;2;213;213;213m██[38;2;213;213;213m██[38;2;213;213;213m██[38;2;213;213;213m██[38;2;213;213;213m██[38;2;230;230;230m██[38;2;255;255;255m██[38;2;255;255;255m██[38;2;230;230;230m██[38;2;65;65;65m██        
    [38;2;65;65;65m██[38;2;213;213;213m██[38;2;213;213;213m██[38;2;16;16;16m██[38;2;255;255;255m██[38;2;255;255;255m██[38;2;255;255;255m██[38;2;16;16;16m██[38;2;213;213;213m██[38;2;90;90;82m██[38;2;16;16;16m██[38;2;213;213;213m██[38;2;213;213;213m██[38;2;213;213;213m██[38;2;213;213;213m██[38;2;213;213;213m██[38;2;164;131;98m██[38;2;115;82;57m██[38;2;115;82;57m██[38;2;115;82;57m██[38;2;115;82;57m██[38;2;164;131;98m██[38;2;213;213;213m██[38;2;213;213;213m██[38;2;213;213;213m██[38;2;213;213;213m██[38;2;213;213;213m██[38;2;213;213;213m██[38;2;213;213;213m██[38;2;213;213;213m██[38;2;213;213;213m██[38;2;213;213;213m██[38;2;213;213;213m██[38;2;65;65;65m██[38;2;213;213;213m██[38;2;213;213;213m██[38;2;213;213;213m██[38;2;213;213;213m██[38;2;213;213;213m██[38;2;213;213;213m██[38;2;213;213;213m██[38;2;230;230;230m██[38;2;230;230;230m██[38;2;213;213;213m██[38;2;213;213;213m██[38;2;65;65;65m██      
  [38;2;65;65;65m██[38;2;213;213;213m██[38;2;16;16;16m██[38;2;65;65;65m██[38;2;16;16;16m██[38;2;255;255;255m██[38;2;255;255;255m██[38;2;255;255;255m██[38;2;255;255;255m██[38;2;16;16;16m██  [38;2;16;16;16m██[38;2;213;213;213m██[38;2;213;213;213m██[38;2;213;213;213m██[38;2;213;213;213m██[38;2;213;213;213m██[38;2;213;213;213m██[38;2;213;213;213m██[38;2;213;213;213m██[38;2;164;131;98m██[38;2;115;82;57m██[38;2;115;82;57m██[38;2;115;82;57m██[38;2;213;213;213m██[38;2;213;213;213m██[38;2;213;213;213m██[38;2;213;213;213m██[38;2;213;213;213m██[38;2;213;213;213m██[38;2;213;213;213m██[38;2;213;213;213m██[38;2;213;213;213m██[38;2;213;213;213m██[38;2;16;16;16m██[38;2;16;16;16m██[38;2;213;213;213m██[38;2;213;213;213m██[38;2;213;213;213m██[38;2;213;213;213m██[38;2;213;213;213m██[38;2;213;213;213m██[38;2;213;213;213m██[38;2;213;213;213m██[38;2;213;213;213m██[38;2;213;213;213m██[38;2;65;65;65m██      
  [38;2;65;65;65m██[38;2;213;213;213m██[38;2;16;16;16m██[38;2;255;255;255m██[38;2;65;65;65m██[38;2;65;65;65m██[38;2;255;255;255m██[38;2;255;255;255m██[38;2;255;255;255m██[38;2;16;16;16m██  [38;2;16;16;16m██[38;2;213;213;213m██[38;2;213;213;213m██[38;2;213;213;213m██[38;2;213;213;213m██[38;2;213;213;213m██[38;2;213;213;213m██[38;2;213;213;213m██[38;2;213;213;213m██[38;2;213;213;213m██[38;2;213;213;213m██[38;2;164;131;98m██[38;2;115;82;57m██[38;2;115;82;57m██[38;2;213;213;213m██[38;2;213;213;213m██[38;2;213;213;213m██[38;2;213;213;213m██[38;2;213;213;213m██[38;2;213;213;213m██[38;2;213;213;213m██[38;2;213;213;213m██[38;2;16;16;16m██    [38;2;16;16;16m██[38;2;213;213;213m██[38;2;213;213;213m██[38;2;213;213;213m██[38;2;213;213;213m██[38;2;213;213;213m██[38;2;213;213;213m██[38;2;213;213;213m██[38;2;213;213;213m██[38;2;213;213;213m██[38;2;213;213;213m██[38;2;65;65;65m██    
  [38;2;65;65;65m██[38;2;213;213;213m██[38;2;16;16;16m██[38;2;255;255;255m██[38;2;255;255;255m██[38;2;213;213;213m██[38;2;131;131;131m██[38;2;255;255;255m██[38;2;255;255;255m██[38;2;255;255;255m██[38;2;16;16;16m██[38;2;65;65;65m██[38;2;213;213;213m██[38;2;213;213;213m██[38;2;213;213;213m██[38;2;213;213;213m██[38;2;213;213;213m██[38;2;213;213;213m██[38;2;213;213;213m██[38;2;213;213;213m██[38;2;213;213;213m██[38;2;213;213;213m██[38;2;213;213;213m██[38;2;164;131;98m██[38;2;115;82;57m██[38;2;213;213;213m██[38;2;213;213;213m██[38;2;213;213;213m██[38;2;213;213;213m██[38;2;213;213;213m██[38;2;213;213;213m██[38;2;213;213;213m██[38;2;213;213;213m██[38;2;16;16;16m██      [38;2;16;16;16m██[38;2;213;213;213m██[38;2;213;213;213m██[38;2;213;213;213m██[38;2;213;213;213m██[38;2;213;213;213m██[38;2;213;213;213m██[38;2;213;213;213m██[38;2;213;213;213m██[38;2;213;213;213m██[38;2;65;65;65m██    
[38;2;16;16;16m██[38;2;213;213;213m██[38;2;213;213;213m██[38;2;213;213;213m██[38;2;16;16;16m██[38;2;255;255;255m██[38;2;255;255;255m██[38;2;255;255;255m██[38;2;255;255;255m██[38;2;255;255;255m██[38;2;255;255;255m██[38;2;255;255;255m██[38;2;65;65;65m██[38;2;213;213;213m██[38;2;213;213;213m██[38;2;213;213;213m██[38;2;213;213;213m██[38;2;213;213;213m██[38;2;213;213;213m██[38;2;213;213;213m██[38;2;213;213;213m██[38;2;213;213;213m██[38;2;213;213;213m██[38;2;213;213;213m██[38;2;213;213;213m██[38;2;213;213;213m██[38;2;213;213;213m██[38;2;213;213;213m██[38;2;213;213;213m██[38;2;213;213;213m██[38;2;213;213;213m██[38;2;213;213;213m██[38;2;213;213;213m██[38;2;16;16;16m██        [38;2;16;16;16m██[38;2;213;213;213m██[38;2;213;213;213m██[38;2;213;213;213m██[38;2;213;213;213m██[38;2;213;213;213m██[38;2;213;213;213m██[38;2;213;213;213m██[38;2;213;213;213m██[38;2;213;213;213m██[38;2;65;65;65m██    
[38;2;16;16;16m██[38;2;213;213;213m██[38;2;213;213;213m██[38;2;213;213;213m██[38;2;156;65;74m██[38;2;16;16;16m██[38;2;255;255;255m██[38;2;255;255;255m██[38;2;255;255;255m██[38;2;255;255;255m██[38;2;255;255;255m██[38;2;255;255;255m██[38;2;255;255;255m██[38;2;131;131;131m██[38;2;213;213;213m██[38;2;213;213;213m██[38;2;213;213;213m██[38;2;213;213;213m██[38;2;213;213;213m██[38;2;213;213;213m██[38;2;213;213;213m██[38;2;213;213;213m██[38;2;213;213;213m██[38;2;213;213;213m██[38;2;213;213;213m██[38;2;213;213;213m██[38;2;213;213;213m██[38;2;213;213;213m██[38;2;213;213;213m██[38;2;213;213;213m██[38;2;213;213;213m██[38;2;213;213;213m██[38;2;16;16;16m██            [38;2;16;16;16m██[38;2;213;213;213m██[38;2;213;213;213m██[38;2;213;213;213m██[38;2;213;213;213m██[38;2;213;213;213m██[38;2;213;213;213m██[38;2;213;213;213m██[38;2;213;213;213m██[38;2;213;213;213m██[38;2;65;65;65m██  
[38;2;16;16;16m██[38;2;213;213;213m██[38;2;213;213;213m██[38;2;156;65;74m██[38;2;156;65;74m██[38;2;16;16;16m██[38;2;16;16;16m██[38;2;131;131;131m██[38;2;255;255;255m██[38;2;255;255;255m██[38;2;255;255;255m██[38;2;255;255;255m██[38;2;255;255;255m██[38;2;131;131;131m██[38;2;213;213;213m██[38;2;213;213;213m██[38;2;213;213;213m██[38;2;213;213;213m██[38;2;213;213;213m██[38;2;213;213;213m██[38;2;213;213;213m██[38;2;213;213;213m██[38;2;213;213;213m██[38;2;213;213;213m██[38;2;213;213;213m██[38;2;213;213;213m██[38;2;213;213;213m██[38;2;213;213;213m██[38;2;213;213;213m██[38;2;213;213;213m██[38;2;213;213;213m██[38;2;16;16;16m██              [38;2;16;16;16m██[38;2;131;131;131m██[38;2;213;213;213m██[38;2;213;213;213m██[38;2;213;213;213m██[38;2;213;213;213m██[38;2;213;213;213m██[38;2;213;213;213m██[38;2;213;213;213m██[38;2;213;213;213m██[38;2;65;65;65m██  
[38;2;16;16;16m██[38;2;213;213;213m██[38;2;213;213;213m██[38;2;156;65;74m██[38;2;16;16;16m██[38;2;213;213;213m██[38;2;213;213;213m██[38;2;213;213;213m██[38;2;131;131;131m██[38;2;131;131;131m██[38;2;213;213;213m██[38;2;255;255;255m██[38;2;255;255;255m██[38;2;213;213;213m██[38;2;131;131;131m██[38;2;213;213;213m██[38;2;213;213;213m██[38;2;213;213;213m██[38;2;213;213;213m██[38;2;213;213;213m██[38;2;213;213;213m██[38;2;213;213;213m██[38;2;213;213;213m██[38;2;213;213;213m██[38;2;213;213;213m██[38;2;131;131;131m██[38;2;131;131;131m██[38;2;131;131;131m██[38;2;213;213;213m██[38;2;213;213;213m██[38;2;16;16;16m██                  [38;2;16;16;16m██[38;2;213;213;213m██[38;2;213;213;213m██[38;2;213;213;213m██[38;2;213;213;213m██[38;2;213;213;213m██[38;2;213;213;213m██[38;2;213;213;213m██[38;2;213;213;213m██[38;2;65;65;65m██  
[38;2;65;65;65m██[38;2;213;213;213m██[38;2;213;213;213m██[38;2;131;131;131m██[38;2;205;98;148m██[38;2;16;16;16m██[38;2;213;213;213m██[38;2;213;213;213m██[38;2;213;213;213m██[38;2;213;213;213m██[38;2;213;213;213m██[38;2;213;213;213m██[38;2;213;213;213m██[38;2;213;213;213m██[38;2;213;213;213m██[38;2;131;131;131m██[38;2;213;213;213m██[38;2;213;213;213m██[38;2;213;213;213m██[38;2;213;213;213m██[38;2;213;213;213m██[38;2;213;213;213m██[38;2;213;213;213m██[38;2;213;213;213m██[38;2;213;213;213m██[38;2;213;213;213m██[38;2;213;213;213m██[38;2;213;213;213m██[38;2;131;131;131m██[38;2;131;131;131m██[38;2;16;16;16m██                  [38;2;16;16;16m██[38;2;213;213;213m██[38;2;213;213;213m██[38;2;213;213;213m██[38;2;213;213;213m██[38;2;213;213;213m██[38;2;213;213;213m██[38;2;213;213;213m██[38;2;213;213;213m██[38;2;65;65;65m██  
[38;2;65;65;65m██[38;2;90;90;82m██[38;2;90;90;82m██[38;2;90;90;82m██[38;2;213;213;213m██[38;2;213;213;213m██[38;2;16;16;16m██[38;2;16;16;16m██[38;2;213;213;213m██[38;2;213;213;213m██[38;2;213;213;213m██[38;2;213;213;213m██[38;2;213;213;213m██[38;2;213;213;213m██[38;2;213;213;213m██[38;2;213;213;213m██[38;2;213;213;213m██[38;2;213;213;213m██[38;2;213;213;213m██[38;2;213;213;213m██[38;2;213;213;213m██[38;2;213;213;213m██[38;2;213;213;213m██[38;2;213;213;213m██[38;2;213;213;213m██[38;2;213;213;213m██[38;2;213;213;213m██[38;2;213;213;213m██[38;2;213;213;213m██[38;2;213;213;213m██[38;2;90;90;82m██                    [38;2;16;16;16m██[38;2;213;213;213m██[38;2;213;213;213m██[38;2;213;213;213m██[38;2;213;213;213m██[38;2;213;213;213m██[38;2;213;213;213m██[38;2;213;213;213m██[38;2;213;213;213m██[38;2;65;65;65m██
[38;2;16;16;16m██[38;2;131;131;131m██[38;2;131;131;131m██[38;2;65;65;65m██[38;2;90;90;82m██[38;2;16;16;16m██    [38;2;16;16;16m██[38;2;65;65;65m██[38;2;213;213;213m██[38;2;213;213;213m██[38;2;213;213;213m██[38;2;213;213;213m██[38;2;213;213;213m██[38;2;213;213;213m██[38;2;213;213;213m██[38;2;213;213;213m██[38;2;213;213;213m██[38;2;213;213;213m██[38;2;213;213;213m██[38;2;213;213;213m██[38;2;213;213;213m██[38;2;213;213;213m██[38;2;213;213;213m██[38;2;213;213;213m██[38;2;213;213;213m██[38;2;213;213;213m██[38;2;213;213;213m██[38;2;213;213;213m██[38;2;230;230;230m██[38;2;90;90;82m██                  [38;2;16;16;16m██[38;2;213;213;213m██[38;2;213;213;213m██[38;2;213;213;213m██[38;2;213;213;213m██[38;2;213;213;213m██[38;2;213;213;213m██[38;2;213;213;213m██[38;2;213;213;213m██[38;2;65;65;65m██
[38;2;16;16;16m██[38;2;131;131;131m██[38;2;131;131;131m██[38;2;16;16;16m██[38;2;131;131;131m██[38;2;16;16;16m██  [38;2;65;65;65m██[38;2;131;131;131m██[38;2;213;213;213m██[38;2;65;65;65m██[38;2;65;65;65m██[38;2;65;65;65m██[38;2;131;131;131m██[38;2;131;131;131m██[38;2;131;131;131m██[38;2;213;213;213m██[38;2;213;213;213m██[38;2;213;213;213m██[38;2;213;213;213m██[38;2;213;213;213m██[38;2;213;213;213m██[38;2;213;213;213m██[38;2;213;213;213m██[38;2;213;213;213m██[38;2;213;213;213m██[38;2;213;213;213m██[38;2;213;213;213m██[38;2;213;213;213m██[38;2;213;213;213m██[38;2;230;230;230m██[38;2;255;255;255m██[38;2;90;90;82m██                [38;2;16;16;16m██[38;2;131;131;131m██[38;2;213;213;213m██[38;2;213;213;213m██[38;2;213;213;213m██[38;2;213;213;213m██[38;2;213;213;213m██[38;2;213;213;213m██[38;2;213;213;213m██[38;2;65;65;65m██
  [38;2;16;16;16m██[38;2;131;131;131m██[38;2;16;16;16m██[38;2;131;131;131m██[38;2;16;16;16m██  [38;2;16;16;16m██[38;2;213;213;213m██[38;2;213;213;213m██[38;2;131;131;131m██[38;2;156;65;74m██[38;2;156;65;74m██[38;2;156;65;74m██[38;2;156;65;74m██[38;2;156;65;74m██[38;2;156;65;74m██[38;2;156;65;74m██[38;2;131;131;131m██[38;2;213;213;213m██[38;2;213;213;213m██[38;2;213;213;213m██[38;2;213;213;213m██[38;2;213;213;213m██[38;2;213;213;213m██[38;2;213;213;213m██[38;2;213;213;213m██[38;2;213;213;213m██[38;2;213;213;213m██[38;2;213;213;213m██[38;2;230;230;230m██[38;2;255;255;255m██[38;2;255;255;255m██[38;2;65;65;65m██                [38;2;16;16;16m██[38;2;213;213;213m██[38;2;213;213;213m██[38;2;213;213;213m██[38;2;213;213;213m██[38;2;213;213;213m██[38;2;213;213;213m██[38;2;213;213;213m██[38;2;65;65;65m██
  [38;2;16;16;16m██[38;2;131;131;131m██[38;2;90;90;82m██[38;2;90;90;82m██[38;2;131;131;131m██[38;2;65;65;65m██[38;2;16;16;16m██[38;2;213;213;213m██[38;2;213;213;213m██[38;2;213;213;213m██[38;2;65;65;65m██[38;2;156;65;74m██[38;2;156;65;74m██[38;2;156;65;74m██[38;2;156;65;74m██[38;2;156;65;74m██[38;2;156;65;74m██[38;2;156;65;74m██[38;2;156;65;74m██[38;2;131;131;131m██[38;2;213;213;213m██[38;2;213;213;213m██[38;2;213;213;213m██[38;2;213;213;213m██[38;2;213;213;213m██[38;2;213;213;213m██[38;2;213;213;213m██[38;2;213;213;213m██[38;2;213;213;213m██[38;2;213;213;213m██[38;2;255;255;255m██[38;2;255;255;255m██[38;2;65;65;65m██                [38;2;16;16;16m██[38;2;131;131;131m██[38;2;156;65;74m██[38;2;156;65;74m██[38;2;213;213;213m██[38;2;213;213;213m██[38;2;213;213;213m██[38;2;213;213;213m██[38;2;16;16;16m██
    [38;2;16;16;16m██[38;2;131;131;131m██[38;2;16;16;16m██[38;2;16;16;16m██[38;2;65;65;65m██[38;2;16;16;16m██[38;2;213;213;213m██[38;2;213;213;213m██[38;2;213;213;213m██[38;2;213;213;213m██[38;2;65;65;65m██[38;2;65;65;65m██[38;2;156;65;74m██[38;2;156;65;74m██[38;2;156;65;74m██[38;2;156;65;74m██[38;2;156;65;74m██[38;2;156;65;74m██[38;2;156;65;74m██[38;2;213;213;213m██[38;2;213;213;213m██[38;2;213;213;213m██[38;2;213;213;213m██[38;2;213;213;213m██[38;2;213;213;213m██[38;2;213;213;213m██[38;2;213;213;213m██[38;2;213;213;213m██[38;2;213;213;213m██[38;2;230;230;230m██[38;2;255;255;255m██[38;2;255;255;255m██[38;2;16;16;16m██              [38;2;16;16;16m██[38;2;156;65;74m██[38;2;156;65;74m██[38;2;156;65;74m██[38;2;156;65;74m██[38;2;213;213;213m██[38;2;213;213;213m██[38;2;213;213;213m██[38;2;16;16;16m██
      [38;2;16;16;16m██[38;2;16;16;16m██      [38;2;16;16;16m██[38;2;213;213;213m██[38;2;213;213;213m██[38;2;213;213;213m██[38;2;213;213;213m██[38;2;213;213;213m██[38;2;16;16;16m██[38;2;16;16;16m██[38;2;16;16;16m██[38;2;16;16;16m██[38;2;156;65;74m██[38;2;156;65;74m██[38;2;131;131;131m██[38;2;213;213;213m██[38;2;213;213;213m██[38;2;213;213;213m██[38;2;213;213;213m██[38;2;213;213;213m██[38;2;213;213;213m██[38;2;131;131;131m██[38;2;131;131;131m██[38;2;213;213;213m██[38;2;213;213;213m██[38;2;213;213;213m██[38;2;230;230;230m██[38;2;230;230;230m██[38;2;16;16;16m██              [38;2;65;65;65m██[38;2;156;65;74m██[38;2;156;65;74m██[38;2;156;65;74m██[38;2;156;65;74m██[38;2;213;213;213m██[38;2;213;213;213m██[38;2;213;213;213m██[38;2;16;16;16m██
                  [38;2;90;90;82m██[38;2;213;213;213m██[38;2;213;213;213m██[38;2;213;213;213m██[38;2;213;213;213m██[38;2;90;90;82m██      [38;2;16;16;16m██[38;2;16;16;16m██[38;2;16;16;16m██[38;2;16;16;16m██[38;2;16;16;16m██[38;2;16;16;16m██[38;2;16;16;16m██[38;2;65;65;65m██[38;2;131;131;131m██[38;2;213;213;213m██[38;2;213;213;213m██[38;2;213;213;213m██[38;2;213;213;213m██[38;2;213;213;213m██[38;2;213;213;213m██[38;2;230;230;230m██[38;2;16;16;16m██              [38;2;65;65;65m██[38;2;131;131;131m██[38;2;156;65;74m██[38;2;156;65;74m██[38;2;131;131;131m██[38;2;213;213;213m██[38;2;213;213;213m██[38;2;213;213;213m██[38;2;16;16;16m██
              [38;2;16;16;16m██[38;2;16;16;16m██[38;2;90;90;82m██[38;2;213;213;213m██[38;2;213;213;213m██[38;2;213;213;213m██[38;2;213;213;213m██[38;2;213;213;213m██[38;2;65;65;65m██                [38;2;16;16;16m██[38;2;230;230;230m██[38;2;230;230;230m██[38;2;230;230;230m██[38;2;213;213;213m██[38;2;213;213;213m██[38;2;213;213;213m██[38;2;213;213;213m██[38;2;230;230;230m██[38;2;16;16;16m██              [38;2;16;16;16m██[38;2;65;65;65m██[38;2;213;213;213m██[38;2;213;213;213m██[38;2;213;213;213m██[38;2;213;213;213m██[38;2;213;213;213m██[38;2;213;213;213m██[38;2;213;213;213m██[38;2;16;16;16m██
            [38;2;16;16;16m██[38;2;131;131;131m██[38;2;131;131;131m██[38;2;131;131;131m██[38;2;90;90;82m██[38;2;131;131;131m██[38;2;213;213;213m██[38;2;213;213;213m██[38;2;213;213;213m██[38;2;65;65;65m██              [38;2;16;16;16m██[38;2;213;213;213m██[38;2;213;213;213m██[38;2;213;213;213m██[38;2;213;213;213m██[38;2;213;213;213m██[38;2;213;213;213m██[38;2;213;213;213m██[38;2;16;16;16m██[38;2;16;16;16m██              [38;2;16;16;16m██[38;2;90;90;82m██[38;2;131;131;131m██[38;2;65;65;65m██[38;2;65;65;65m██[38;2;65;65;65m██[38;2;213;213;213m██[38;2;213;213;213m██[38;2;213;213;213m██[38;2;16;16;16m██  
            [38;2;16;16;16m██[38;2;16;16;16m██[38;2;131;131;131m██[38;2;90;90;82m██[38;2;213;213;213m██[38;2;213;213;213m██[38;2;213;213;213m██[38;2;213;213;213m██[38;2;213;213;213m██[38;2;65;65;65m██            [38;2;16;16;16m██[38;2;213;213;213m██[38;2;213;213;213m██[38;2;213;213;213m██[38;2;213;213;213m██[38;2;131;131;131m██[38;2;65;65;65m██[38;2;16;16;16m██[38;2;65;65;65m██[38;2;65;65;65m██          [38;2;16;16;16m██[38;2;16;16;16m██[38;2;16;16;16m██[38;2;131;131;131m██[38;2;131;131;131m██[38;2;131;131;131m██[38;2;16;16;16m██[38;2;131;131;131m██[38;2;131;131;131m██[38;2;65;65;65m██[38;2;213;213;213m██[38;2;213;213;213m██[38;2;16;16;16m██  
                [38;2;16;16;16m██[38;2;16;16;16m██[38;2;16;16;16m██[38;2;16;16;16m██[38;2;16;16;16m██[38;2;16;16;16m██[38;2;65;65;65m██              [38;2;16;16;16m██[38;2;213;213;213m██[38;2;213;213;213m██[38;2;213;213;213m██[38;2;213;213;213m██[38;2;213;213;213m██[38;2;213;213;213m██[38;2;90;90;82m██[38;2;131;131;131m██[38;2;16;16;16m██[38;2;16;16;16m██        [38;2;16;16;16m██[38;2;90;90;82m██[38;2;131;131;131m██[38;2;131;131;131m██[38;2;16;16;16m██[38;2;16;16;16m██[38;2;131;131;131m██[38;2;131;131;131m██[38;2;131;131;131m██[38;2;65;65;65m██[38;2;213;213;213m██[38;2;16;16;16m██    
                                            [38;2;16;16;16m██[38;2;16;16;16m██[38;2;213;213;213m██[38;2;213;213;213m██[38;2;213;213;213m██[38;2;213;213;213m██[38;2;213;213;213m██[38;2;131;131;131m██[38;2;65;65;65m██[38;2;131;131;131m██[38;2;90;90;82m██[38;2;16;16;16m██        [38;2;16;16;16m██[38;2;16;16;16m██[38;2;65;65;65m██[38;2;131;131;131m██[38;2;131;131;131m██[38;2;131;131;131m██[38;2;131;131;131m██[38;2;90;90;82m██[38;2;16;16;16m██[38;2;16;16;16m██      
                                                [38;2;16;16;16m██[38;2;16;16;16m██[38;2;16;16;16m██[38;2;213;213;213m██[38;2;213;213;213m██[38;2;213;213;213m██[38;2;65;65;65m██[38;2;131;131;131m██[38;2;131;131;131m██[38;2;131;131;131m██[38;2;16;16;16m██          [38;2;16;16;16m██[38;2;16;16;16m██[38;2;16;16;16m██[38;2;16;16;16m██[38;2;16;16;16m██[38;2;16;16;16m██          
                                                      [38;2;16;16;16m██[38;2;16;16;16m██[38;2;16;16;16m██[38;2;16;16;16m██[38;2;16;16;16m██[38;2;16;16;16m██[38;2;16;16;16m██[38;2;16;16;16m██                                
