                                            [38;2;49;74;139m██[38;2;49;74;139m██[38;2;49;74;139m██[38;2;49;74;139m██[38;2;74;123;230m██                  [38;2;49;74;139m██[38;2;49;74;139m██[38;2;49;74;139m██[38;2;49;74;139m██          
                                        [38;2;49;74;139m██[38;2;49;74;139m██[38;2;98;156;246m██[38;2;98;156;246m██[38;2;106;180;255m██[38;2;106;180;255m██[38;2;98;156;246m██[38;2;49;74;139m██            [38;2;16;16;16m██[38;2;49;74;139m██[38;2;106;180;255m██[38;2;106;180;255m██[38;2;106;180;255m██[38;2;98;156;246m██[38;2;49;74;139m██[38;2;49;74;139m██      
                                      [38;2;49;74;139m██[38;2;74;123;230m██[38;2;74;123;230m██[38;2;74;123;230m██[38;2;74;123;230m██[38;2;98;156;246m██[38;2;106;180;255m██[38;2;106;180;255m██[38;2;106;180;255m██[38;2;49;74;139m██        [38;2;16;16;16m██[38;2;106;180;255m██[38;2;106;180;255m██[38;2;98;156;246m██[38;2;98;156;246m██[38;2;106;180;255m██[38;2;106;180;255m██[38;2;106;180;255m██[38;2;74;123;230m██[38;2;74;123;230m██    
                                    [38;2;16;16;16m██[38;2;74;123;230m██[38;2;74;123;230m██[38;2;74;123;230m██[38;2;74;123;230m██[38;2;74;123;230m██[38;2;74;123;230m██[38;2;98;156;246m██[38;2;106;180;255m██[38;2;106;180;255m██[38;2;98;156;246m██[38;2;74;123;230m██    [38;2;49;74;139m██[38;2;49;74;139m██[38;2;98;156;246m██[38;2;74;123;230m██[38;2;74;123;230m██[38;2;74;123;230m██[38;2;74;123;230m██[38;2;98;156;246m██[38;2;106;180;255m██[38;2;106;180;255m██[38;2;16;16;16m██    
                                    [38;2;49;74;139m██[38;2;74;123;230m██[38;2;74;123;230m██[38;2;74;123;230m██[38;2;74;123;230m██[38;2;74;123;230m██[38;2;74;123;230m██[38;2;74;123;230m██[38;2;98;156;246m██[38;2;106;180;255m██[38;2;106;180;255m██[38;2;49;74;139m██    [38;2;16;16;16m██[38;2;98;156;246m██[38;2;74;123;230m██[38;2;74;123;230m██[38;2;74;123;230m██[38;2;74;123;230m██[38;2;74;123;230m██[38;2;74;123;230m██[38;2;98;156;246m██[38;2;106;180;255m██[38;2;106;180;255m██[38;2;16;16;16m██  
                                  [38;2;16;16;16m██[38;2;74;123;230m██[38;2;74;123;230m██[38;2;74;123;230m██[38;2;74;123;230m██[38;2;74;123;230m██[38;2;74;123;230m██[38;2;74;123;230m██[38;2;74;123;230m██[38;2;98;156;246m██[38;2;106;180;255m██[38;2;106;180;255m██[38;2;49;74;139m██    [38;2;16;16;16m██[38;2;74;123;230m██[38;2;74;123;230m██[38;2;74;123;230m██[38;2;74;123;230m██[38;2;74;123;230m██[38;2;74;123;230m██[38;2;74;123;230m██[38;2;74;123;230m██[38;2;98;156;246m██[38;2;106;180;255m██[38;2;16;16;16m██  
                                  [38;2;16;16;16m██[38;2;74;123;230m██[38;2;74;123;230m██[38;2;74;123;230m██[38;2;74;123;230m██[38;2;74;123;230m██[38;2;74;123;230m██[38;2;74;123;230m██[38;2;74;123;230m██[38;2;49;74;139m██[38;2;49;74;139m██[38;2;49;74;139m██[38;2;49;74;139m██[38;2;49;74;139m██[38;2;49;74;139m██[38;2;16;16;16m██[38;2;74;123;230m██[38;2;74;123;230m██[38;2;74;123;230m██[38;2;74;123;230m██[38;2;74;123;230m██[38;2;74;123;230m██[38;2;74;123;230m██[38;2;74;123;230m██[38;2;74;123;230m██[38;2;98;156;246m██[38;2;16;16;16m██  
                                  [38;2;16;16;16m██[38;2;74;123;230m██[38;2;74;123;230m██[38;2;74;123;230m██[38;2;74;123;230m██[38;2;74;123;230m██[38;2;74;123;230m██[38;2;49;74;139m██[38;2;49;74;139m██[38;2;74;123;230m██[38;2;98;156;246m██[38;2;98;156;246m██[38;2;106;180;255m██[38;2;106;180;255m██[38;2;106;180;255m██[38;2;16;16;16m██[38;2;74;123;230m██[38;2;74;123;230m██[38;2;74;123;230m██[38;2;74;123;230m██[38;2;74;123;230m██[38;2;74;123;230m██[38;2;74;123;230m██[38;2;74;123;230m██[38;2;74;123;230m██[38;2;74;123;230m██[38;2;16;16;16m██  
                                  [38;2;16;16;16m██[38;2;74;123;230m██[38;2;74;123;230m██[38;2;74;123;230m██[38;2;74;123;230m██[38;2;74;123;230m██[38;2;49;74;139m██[38;2;74;123;230m██[38;2;74;123;230m██[38;2;74;123;230m██[38;2;74;123;230m██[38;2;74;123;230m██[38;2;74;123;230m██[38;2;98;156;246m██[38;2;98;156;246m██[38;2;49;74;139m██[38;2;74;123;230m██[38;2;74;123;230m██[38;2;74;123;230m██[38;2;74;123;230m██[38;2;74;123;230m██[38;2;74;123;230m██[38;2;74;123;230m██[38;2;74;123;230m██[38;2;74;123;230m██[38;2;74;123;230m██[38;2;16;16;16m██  
                                    [38;2;49;74;139m██[38;2;74;123;230m██[38;2;74;123;230m██[38;2;74;123;230m██[38;2;49;74;139m██[38;2;74;123;230m██[38;2;74;123;230m██[38;2;74;123;230m██[38;2;74;123;230m██[38;2;74;123;230m██[38;2;74;123;230m██[38;2;74;123;230m██[38;2;74;123;230m██[38;2;74;123;230m██[38;2;74;123;230m██[38;2;49;74;139m██[38;2;74;123;230m██[38;2;74;123;230m██[38;2;74;123;230m██[38;2;74;123;230m██[38;2;74;123;230m██[38;2;74;123;230m██[38;2;74;123;230m██[38;2;74;123;230m██[38;2;16;16;16m██    
                                    [38;2;16;16;16m██[38;2;74;123;230m██[38;2;74;123;230m██[38;2;49;74;139m██[38;2;74;123;230m██[38;2;74;123;230m██[38;2;74;123;230m██[38;2;74;123;230m██[38;2;74;123;230m██[38;2;74;123;230m██[38;2;74;123;230m██[38;2;74;123;230m██[38;2;74;123;230m██[38;2;74;123;230m██[38;2;74;123;230m██[38;2;74;123;230m██[38;2;74;123;230m██[38;2;74;123;230m██[38;2;74;123;230m██[38;2;74;123;230m██[38;2;74;123;230m██[38;2;74;123;230m██[38;2;74;123;230m██[38;2;74;123;230m██[38;2;16;16;16m██    
                                      [38;2;16;16;16m██[38;2;74;123;230m██[38;2;49;74;139m██[38;2;74;123;230m██[38;2;74;123;230m██[38;2;74;123;230m██[38;2;74;123;230m██[38;2;74;123;230m██[38;2;74;123;230m██[38;2;74;123;230m██[38;2;74;123;230m██[38;2;74;123;230m██[38;2;74;123;230m██[38;2;74;123;230m██[38;2;74;123;230m██[38;2;74;123;230m██[38;2;49;74;139m██[38;2;74;123;230m██[38;2;74;123;230m██[38;2;74;123;230m██[38;2;74;123;230m██[38;2;74;123;230m██[38;2;16;16;16m██      
                                        [38;2;16;16;16m██[38;2;74;123;230m██[38;2;74;123;230m██[38;2;74;123;230m██[38;2;74;123;230m██[38;2;74;123;230m██[38;2;74;123;230m██[38;2;74;123;230m██[38;2;74;123;230m██[38;2;74;123;230m██[38;2;74;123;230m██[38;2;74;123;230m██[38;2;74;123;230m██[38;2;74;123;230m██[38;2;74;123;230m██[38;2;74;123;230m██[38;2;49;74;139m██[38;2;49;74;139m██[38;2;16;16;16m██[38;2;16;16;16m██[38;2;16;16;16m██        
                                        [38;2;16;16;16m██[38;2;74;123;230m██[38;2;74;123;230m██[38;2;74;123;230m██[38;2;74;123;230m██[38;2;74;123;230m██[38;2;74;123;230m██[38;2;74;123;230m██[38;2;74;123;230m██[38;2;74;123;230m██[38;2;74;123;230m██[38;2;74;123;230m██[38;2;74;123;230m██[38;2;74;123;230m██[38;2;74;123;230m██[38;2;74;123;230m██[38;2;74;123;230m██[38;2;98;156;246m██[38;2;106;180;255m██[38;2;106;180;255m██[38;2;57;106;213m██        
                                        [38;2;16;16;16m██[38;2;74;123;230m██[38;2;74;123;230m██[38;2;74;123;230m██[38;2;74;123;230m██[38;2;74;123;230m██[38;2;74;123;230m██[38;2;74;123;230m██[38;2;74;123;230m██[38;2;74;123;230m██[38;2;74;123;230m██[38;2;74;123;230m██[38;2;74;123;230m██[38;2;74;123;230m██[38;2;74;123;230m██[38;2;74;123;230m██[38;2;74;123;230m██[38;2;74;123;230m██[38;2;98;156;246m██[38;2;106;180;255m██[38;2;57;106;213m██        
                [38;2;32;41;90m██[38;2;32;41;90m██                    [38;2;16;16;16m██[38;2;74;123;230m██[38;2;74;123;230m██[38;2;74;123;230m██[38;2;74;123;230m██[38;2;74;123;230m██[38;2;74;123;230m██[38;2;74;123;230m██[38;2;74;123;230m██[38;2;74;123;230m██[38;2;74;123;230m██[38;2;74;123;230m██[38;2;74;123;230m██[38;2;74;123;230m██[38;2;74;123;230m██[38;2;74;123;230m██[38;2;74;123;230m██[38;2;74;123;230m██[38;2;74;123;230m██[38;2;106;180;255m██[38;2;222;238;255m██[38;2;57;106;213m██      
                [38;2;16;16;16m██[38;2;32;41;90m██[38;2;32;41;90m██                [38;2;16;16;16m██[38;2;74;123;230m██[38;2;74;123;230m██[38;2;74;123;230m██[38;2;74;123;230m██[38;2;74;123;230m██[38;2;74;123;230m██[38;2;74;123;230m██[38;2;74;123;230m██[38;2;74;123;230m██[38;2;74;123;230m██[38;2;74;123;230m██[38;2;74;123;230m██[38;2;74;123;230m██[38;2;74;123;230m██[38;2;74;123;230m██[38;2;74;123;230m██[38;2;74;123;230m██[38;2;74;123;230m██[38;2;74;123;230m██[38;2;98;156;246m██[38;2;222;238;255m██[38;2;49;74;139m██      
                [38;2;16;16;16m██[38;2;16;16;16m██[38;2;32;41;90m██[38;2;32;41;90m██[38;2;32;41;90m██            [38;2;16;16;16m██[38;2;74;123;230m██[38;2;74;123;230m██[38;2;74;123;230m██[38;2;74;123;230m██[38;2;74;123;230m██[38;2;74;123;230m██[38;2;74;123;230m██[38;2;74;123;230m██[38;2;74;123;230m██[38;2;74;123;230m██[38;2;74;123;230m██[38;2;74;123;230m██[38;2;74;123;230m██[38;2;74;123;230m██[38;2;74;123;230m██[38;2;74;123;230m██[38;2;74;123;230m██[38;2;74;123;230m██[38;2;74;123;230m██[38;2;74;123;230m██[38;2;222;238;255m██[38;2;49;74;139m██      
                [38;2;16;16;16m██[38;2;16;16;16m██  [38;2;32;41;90m██[38;2;32;41;90m██[38;2;32;41;90m██[38;2;32;41;90m██        [38;2;16;16;16m██[38;2;74;123;230m██[38;2;74;123;230m██[38;2;74;123;230m██[38;2;74;123;230m██[38;2;74;123;230m██[38;2;74;123;230m██[38;2;74;123;230m██[38;2;74;123;230m██[38;2;74;123;230m██[38;2;74;123;230m██[38;2;74;123;230m██[38;2;74;123;230m██[38;2;74;123;230m██[38;2;74;123;230m██[38;2;74;123;230m██[38;2;74;123;230m██[38;2;74;123;230m██[38;2;74;123;230m██[38;2;74;123;230m██[38;2;74;123;230m██[38;2;98;156;246m██[38;2;49;74;139m██      
                [38;2;16;16;16m██[38;2;16;16;16m██      [38;2;32;41;90m██[38;2;16;16;16m██[38;2;16;16;16m██[38;2;16;16;16m██    [38;2;16;16;16m██[38;2;74;123;230m██[38;2;74;123;230m██[38;2;74;123;230m██[38;2;74;123;230m██[38;2;74;123;230m██[38;2;74;123;230m██[38;2;74;123;230m██[38;2;74;123;230m██[38;2;74;123;230m██[38;2;74;123;230m██[38;2;74;123;230m██[38;2;74;123;230m██[38;2;74;123;230m██[38;2;74;123;230m██[38;2;74;123;230m██[38;2;74;123;230m██[38;2;74;123;230m██[38;2;74;123;230m██[38;2;74;123;230m██[38;2;74;123;230m██[38;2;98;156;246m██[38;2;49;74;139m██      
                [38;2;16;16;16m██[38;2;16;16;16m██          [38;2;16;16;16m██[38;2;16;16;16m██[38;2;16;16;16m██[38;2;16;16;16m██[38;2;74;123;230m██[38;2;74;123;230m██[38;2;74;123;230m██[38;2;74;123;230m██[38;2;74;123;230m██[38;2;74;123;230m██[38;2;74;123;230m██[38;2;74;123;230m██[38;2;74;123;230m██[38;2;74;123;230m██[38;2;74;123;230m██[38;2;74;123;230m██[38;2;74;123;230m██[38;2;74;123;230m██[38;2;74;123;230m██[38;2;74;123;230m██[38;2;74;123;230m██[38;2;74;123;230m██[38;2;74;123;230m██[38;2;74;123;230m██[38;2;74;123;230m██[38;2;74;123;230m██[38;2;16;16;16m██[38;2;16;16;16m██[38;2;16;16;16m██  
              [38;2;32;41;90m██[38;2;16;16;16m██                [38;2;16;16;16m██[38;2;16;16;16m██[38;2;16;16;16m██[38;2;32;41;90m██[38;2;74;123;230m██[38;2;74;123;230m██[38;2;74;123;230m██[38;2;74;123;230m██[38;2;74;123;230m██[38;2;74;123;230m██[38;2;74;123;230m██[38;2;74;123;230m██[38;2;74;123;230m██[38;2;74;123;230m██[38;2;74;123;230m██[38;2;74;123;230m██[38;2;74;123;230m██[38;2;74;123;230m██[38;2;74;123;230m██[38;2;74;123;230m██[38;2;74;123;230m██[38;2;74;123;230m██[38;2;74;123;230m██[38;2;49;74;139m██[38;2;98;156;246m██[38;2;106;180;255m██[38;2;106;180;255m██[38;2;16;16;16m██
        [38;2;32;41;90m██[38;2;32;41;90m██[38;2;32;41;90m██[38;2;16;16;16m██[38;2;16;16;16m██                [38;2;16;16;16m██[38;2;74;123;230m██[38;2;16;16;16m██[38;2;16;16;16m██[38;2;74;123;230m██[38;2;74;123;230m██[38;2;74;123;230m██[38;2;74;123;230m██[38;2;74;123;230m██[38;2;74;123;230m██[38;2;74;123;230m██[38;2;74;123;230m██[38;2;74;123;230m██[38;2;74;123;230m██[38;2;74;123;230m██[38;2;74;123;230m██[38;2;74;123;230m██[38;2;74;123;230m██[38;2;74;123;230m██[38;2;74;123;230m██[38;2;74;123;230m██[38;2;74;123;230m██[38;2;74;123;230m██[38;2;16;16;16m██[38;2;74;123;230m██[38;2;98;156;246m██[38;2;106;180;255m██[38;2;16;16;16m██
  [38;2;32;41;90m██[38;2;32;41;90m██[38;2;32;41;90m██[38;2;32;41;90m██[38;2;32;41;90m██                        [38;2;16;16;16m██[38;2;74;123;230m██[38;2;74;123;230m██[38;2;74;123;230m██[38;2;74;123;230m██[38;2;74;123;230m██[38;2;74;123;230m██[38;2;74;123;230m██[38;2;74;123;230m██[38;2;74;123;230m██[38;2;74;123;230m██[38;2;74;123;230m██[38;2;74;123;230m██[38;2;74;123;230m██[38;2;74;123;230m██[38;2;74;123;230m██[38;2;74;123;230m██[38;2;74;123;230m██[38;2;74;123;230m██[38;2;74;123;230m██[38;2;74;123;230m██[38;2;49;74;139m██[38;2;49;74;139m██[38;2;74;123;230m██[38;2;74;123;230m██[38;2;16;16;16m██  
[38;2;16;16;16m██[38;2;16;16;16m██[38;2;32;41;90m██                                [38;2;16;16;16m██[38;2;74;123;230m██[38;2;74;123;230m██[38;2;74;123;230m██[38;2;74;123;230m██[38;2;74;123;230m██[38;2;74;123;230m██[38;2;74;123;230m██[38;2;74;123;230m██[38;2;74;123;230m██[38;2;74;123;230m██[38;2;74;123;230m██[38;2;74;123;230m██[38;2;74;123;230m██[38;2;74;123;230m██[38;2;74;123;230m██[38;2;74;123;230m██[38;2;74;123;230m██[38;2;74;123;230m██[38;2;74;123;230m██[38;2;16;16;16m██[38;2;74;123;230m██[38;2;57;106;213m██[38;2;16;16;16m██    
  [38;2;16;16;16m██[38;2;16;16;16m██[38;2;16;16;16m██                                [38;2;16;16;16m██[38;2;16;16;16m██[38;2;74;123;230m██[38;2;74;123;230m██[38;2;74;123;230m██[38;2;74;123;230m██[38;2;74;123;230m██[38;2;74;123;230m██[38;2;74;123;230m██[38;2;74;123;230m██[38;2;74;123;230m██[38;2;74;123;230m██[38;2;74;123;230m██[38;2;74;123;230m██[38;2;74;123;230m██[38;2;74;123;230m██[38;2;74;123;230m██[38;2;74;123;230m██[38;2;16;16;16m██[38;2;74;123;230m██[38;2;49;74;139m██[38;2;16;16;16m██      
    [38;2;16;16;16m██[38;2;16;16;16m██[38;2;16;16;16m██[38;2;32;41;90m██                                [38;2;16;16;16m██[38;2;16;16;16m██[38;2;74;123;230m██[38;2;74;123;230m██[38;2;74;123;230m██[38;2;74;123;230m██[38;2;74;123;230m██[38;2;74;123;230m██[38;2;74;123;230m██[38;2;74;123;230m██[38;2;74;123;230m██[38;2;74;123;230m██[38;2;74;123;230m██[38;2;74;123;230m██[38;2;74;123;230m██[38;2;16;16;16m██[38;2;16;16;16m██[38;2;16;16;16m██[38;2;49;74;139m██        
        [38;2;16;16;16m██[38;2;16;16;16m██[38;2;16;16;16m██[38;2;32;41;90m██                          [38;2;49;74;139m██[38;2;98;156;246m██[38;2;74;123;230m██[38;2;16;16;16m██[38;2;16;16;16m██[38;2;16;16;16m██[38;2;74;123;230m██[38;2;74;123;230m██[38;2;74;123;230m██[38;2;74;123;230m██[38;2;74;123;230m██[38;2;74;123;230m██[38;2;74;123;230m██[38;2;74;123;230m██[38;2;16;16;16m██[38;2;16;16;16m██[38;2;98;156;246m██[38;2;49;74;139m██            
            [38;2;16;16;16m██[38;2;16;16;16m██[38;2;16;16;16m██                      [38;2;49;74;139m██[38;2;98;156;246m██[38;2;106;180;255m██[38;2;106;180;255m██[38;2;98;156;246m██[38;2;74;123;230m██[38;2;74;123;230m██[38;2;16;16;16m██[38;2;16;16;16m██[38;2;16;16;16m██[38;2;16;16;16m██[38;2;16;16;16m██[38;2;16;16;16m██[38;2;16;16;16m██[38;2;16;16;16m██[38;2;98;156;246m██[38;2;106;180;255m██[38;2;106;180;255m██[38;2;106;180;255m██[38;2;49;74;139m██          
              [38;2;16;16;16m██[38;2;16;16;16m██                      [38;2;49;74;139m██[38;2;106;180;255m██[38;2;106;180;255m██[38;2;106;180;255m██[38;2;98;156;246m██[38;2;74;123;230m██[38;2;74;123;230m██[38;2;74;123;230m██[38;2;74;123;230m██[38;2;74;123;230m██[38;2;74;123;230m██[38;2;74;123;230m██[38;2;74;123;230m██[38;2;74;123;230m██[38;2;74;123;230m██[38;2;74;123;230m██[38;2;74;123;230m██[38;2;98;156;246m██[38;2;106;180;255m██[38;2;106;180;255m██[38;2;49;74;139m██        
            [38;2;32;41;90m██[38;2;16;16;16m██                      [38;2;16;16;16m██[38;2;74;123;230m██[38;2;98;156;246m██[38;2;106;180;255m██[38;2;106;180;255m██[38;2;98;156;246m██[38;2;74;123;230m██[38;2;74;123;230m██[38;2;74;123;230m██[38;2;74;123;230m██[38;2;74;123;230m██[38;2;74;123;230m██[38;2;74;123;230m██[38;2;74;123;230m██[38;2;74;123;230m██[38;2;74;123;230m██[38;2;74;123;230m██[38;2;74;123;230m██[38;2;74;123;230m██[38;2;98;156;246m██[38;2;106;180;255m██[38;2;49;74;139m██        
            [38;2;16;16;16m██[38;2;16;16;16m██      [38;2;32;41;90m██[38;2;32;41;90m██            [38;2;16;16;16m██[38;2;74;123;230m██[38;2;74;123;230m██[38;2;98;156;246m██[38;2;98;156;246m██[38;2;74;123;230m██[38;2;74;123;230m██[38;2;74;123;230m██[38;2;74;123;230m██[38;2;74;123;230m██[38;2;74;123;230m██[38;2;74;123;230m██[38;2;74;123;230m██[38;2;74;123;230m██[38;2;74;123;230m██[38;2;74;123;230m██[38;2;74;123;230m██[38;2;74;123;230m██[38;2;74;123;230m██[38;2;74;123;230m██[38;2;106;180;255m██[38;2;106;180;255m██[38;2;49;74;139m██      
            [38;2;16;16;16m██      [38;2;32;41;90m██[38;2;16;16;16m██[38;2;16;16;16m██          [38;2;32;41;90m██[38;2;16;16;16m██[38;2;16;16;16m██[38;2;32;41;90m██[38;2;74;123;230m██[38;2;74;123;230m██[38;2;74;123;230m██[38;2;74;123;230m██[38;2;74;123;230m██[38;2;74;123;230m██[38;2;74;123;230m██[38;2;74;123;230m██[38;2;74;123;230m██[38;2;74;123;230m██[38;2;74;123;230m██[38;2;74;123;230m██[38;2;74;123;230m██[38;2;74;123;230m██[38;2;74;123;230m██[38;2;74;123;230m██[38;2;74;123;230m██[38;2;98;156;246m██[38;2;106;180;255m██[38;2;49;74;139m██      
          [38;2;32;41;90m██[38;2;16;16;16m██  [38;2;32;41;90m██[38;2;32;41;90m██[38;2;32;41;90m██  [38;2;16;16;16m██[38;2;32;41;90m██        [38;2;16;16;16m██[38;2;16;16;16m██[38;2;16;16;16m██[38;2;16;16;16m██[38;2;32;41;90m██[38;2;74;123;230m██[38;2;74;123;230m██[38;2;74;123;230m██[38;2;74;123;230m██[38;2;74;123;230m██[38;2;74;123;230m██[38;2;74;123;230m██[38;2;74;123;230m██[38;2;74;123;230m██[38;2;74;123;230m██[38;2;74;123;230m██[38;2;74;123;230m██[38;2;74;123;230m██[38;2;74;123;230m██[38;2;74;123;230m██[38;2;74;123;230m██[38;2;98;156;246m██[38;2;106;180;255m██[38;2;49;74;139m██      
          [38;2;16;16;16m██[38;2;16;16;16m██[38;2;32;41;90m██[38;2;32;41;90m██      [38;2;16;16;16m██[38;2;16;16;16m██      [38;2;16;16;16m██[38;2;16;16;16m██[38;2;32;41;90m██[38;2;74;123;230m██[38;2;16;16;16m██[38;2;16;16;16m██[38;2;32;41;90m██[38;2;74;123;230m██[38;2;74;123;230m██[38;2;74;123;230m██[38;2;74;123;230m██[38;2;74;123;230m██[38;2;74;123;230m██[38;2;74;123;230m██[38;2;74;123;230m██[38;2;74;123;230m██[38;2;74;123;230m██[38;2;74;123;230m██[38;2;74;123;230m██[38;2;74;123;230m██[38;2;74;123;230m██[38;2;74;123;230m██[38;2;74;123;230m██[38;2;106;180;255m██[38;2;49;74;139m██      
          [38;2;16;16;16m██[38;2;32;41;90m██            [38;2;16;16;16m██[38;2;32;41;90m██  [38;2;16;16;16m██[38;2;16;16;16m██[38;2;32;41;90m██[38;2;49;74;139m██[38;2;74;123;230m██[38;2;74;123;230m██[38;2;16;16;16m██[38;2;16;16;16m██[38;2;74;123;230m██[38;2;74;123;230m██[38;2;74;123;230m██[38;2;74;123;230m██[38;2;74;123;230m██[38;2;74;123;230m██[38;2;74;123;230m██[38;2;74;123;230m██[38;2;74;123;230m██[38;2;74;123;230m██[38;2;74;123;230m██[38;2;74;123;230m██[38;2;74;123;230m██[38;2;74;123;230m██[38;2;74;123;230m██[38;2;74;123;230m██[38;2;98;156;246m██[38;2;49;74;139m██      
                          [38;2;16;16;16m██[38;2;16;16;16m██[38;2;16;16;16m██[38;2;16;16;16m██    [38;2;16;16;16m██[38;2;74;123;230m██[38;2;74;123;230m██[38;2;74;123;230m██[38;2;74;123;230m██[38;2;74;123;230m██[38;2;74;123;230m██[38;2;74;123;230m██[38;2;74;123;230m██[38;2;74;123;230m██[38;2;74;123;230m██[38;2;74;123;230m██[38;2;74;123;230m██[38;2;74;123;230m██[38;2;74;123;230m██[38;2;74;123;230m██[38;2;74;123;230m██[38;2;74;123;230m██[38;2;74;123;230m██[38;2;74;123;230m██[38;2;74;123;230m██[38;2;74;123;230m██[38;2;49;74;139m██      
                            [38;2;16;16;16m██[38;2;16;16;16m██      [38;2;16;16;16m██[38;2;49;74;139m██[38;2;74;123;230m██[38;2;74;123;230m██[38;2;74;123;230m██[38;2;74;123;230m██[38;2;74;123;230m██[38;2;74;123;230m██[38;2;74;123;230m██[38;2;74;123;230m██[38;2;74;123;230m██[38;2;74;123;230m██[38;2;74;123;230m██[38;2;74;123;230m██[38;2;74;123;230m██[38;2;74;123;230m██[38;2;74;123;230m██[38;2;74;123;230m██[38;2;74;123;230m██[38;2;74;123;230m██[38;2;74;123;230m██[38;2;49;74;139m██        
                            [38;2;16;16;16m██          [38;2;16;16;16m██[38;2;74;123;230m██[38;2;74;123;230m██[38;2;74;123;230m██[38;2;74;123;230m██[38;2;74;123;230m██[38;2;74;123;230m██[38;2;74;123;230m██[38;2;74;123;230m██[38;2;74;123;230m██[38;2;74;123;230m██[38;2;74;123;230m██[38;2;74;123;230m██[38;2;74;123;230m██[38;2;74;123;230m██[38;2;74;123;230m██[38;2;74;123;230m██[38;2;74;123;230m██[38;2;74;123;230m██[38;2;74;123;230m██[38;2;49;74;139m██        
                                          [38;2;16;16;16m██[38;2;74;123;230m██[38;2;74;123;230m██[38;2;74;123;230m██[38;2;74;123;230m██[38;2;74;123;230m██[38;2;74;123;230m██[38;2;74;123;230m██[38;2;74;123;230m██[38;2;74;123;230m██[38;2;74;123;230m██[38;2;74;123;230m██[38;2;74;123;230m██[38;2;74;123;230m██[38;2;74;123;230m██[38;2;74;123;230m██[38;2;74;123;230m██[38;2;74;123;230m██[38;2;16;16;16m██          
                                            [38;2;16;16;16m██[38;2;16;16;16m██[38;2;74;123;230m██[38;2;74;123;230m██[38;2;74;123;230m██[38;2;74;123;230m██[38;2;74;123;230m██[38;2;74;123;230m██[38;2;74;123;230m██[38;2;74;123;230m██[38;2;74;123;230m██[38;2;74;123;230m██[38;2;74;123;230m██[38;2;74;123;230m██[38;2;74;123;230m██[38;2;16;16;16m██[38;2;16;16;16m██            
                                                [38;2;16;16;16m██[38;2;16;16;16m██[38;2;16;16;16m██[38;2;74;123;230m██[38;2;74;123;230m██[38;2;74;123;230m██[38;2;74;123;230m██[38;2;74;123;230m██[38;2;74;123;230m██[38;2;74;123;230m██[38;2;16;16;16m██[38;2;16;16;16m██[38;2;16;16;16m██                
                                                      [38;2;16;16;16m██[38;2;16;16;16m██[38;2;16;16;16m██[38;2;16;16;16m██[38;2;16;16;16m██[38;2;16;16;16m██[38;2;16;16;16m██                      
