                                                [38;2;16;16;16m██[38;2;16;16;16m██[38;2;16;16;16m██[38;2;16;16;16m██[38;2;16;16;16m██                                                        
                                          [38;2;82;82;82m██[38;2;82;82;82m██[38;2;82;82;82m██[38;2;131;131;131m██[38;2;131;131;131m██[38;2;82;82;82m██[38;2;82;82;82m██[38;2;82;82;82m██[38;2;16;16;16m██[38;2;16;16;16m██                                                    
                                      [38;2;82;82;82m██[38;2;82;82;82m██[38;2;164;164;164m██[38;2;164;164;164m██[38;2;164;164;164m██[38;2;131;131;131m██[38;2;131;131;131m██[38;2;131;131;131m██[38;2;115;115;115m██[38;2;82;82;82m██[38;2;82;82;82m██[38;2;82;82;82m██[38;2;82;82;82m██[38;2;16;16;16m██                                                
                                    [38;2;82;82;82m██[38;2;164;164;164m██[38;2;164;164;164m██[38;2;164;164;164m██[38;2;164;164;164m██[38;2;164;164;164m██[38;2;164;164;164m██[38;2;131;131;131m██[38;2;131;131;131m██[38;2;131;131;131m██[38;2;115;115;115m██[38;2;82;82;82m██[38;2;82;82;82m██[38;2;82;82;82m██[38;2;82;82;82m██[38;2;16;16;16m██                                              
                                  [38;2;82;82;82m██[38;2;164;164;164m██[38;2;164;164;164m██[38;2;164;164;164m██[38;2;164;164;164m██[38;2;164;164;164m██[38;2;164;164;164m██[38;2;164;164;164m██[38;2;164;164;164m██[38;2;131;131;131m██[38;2;131;131;131m██[38;2;131;131;131m██[38;2;82;82;82m██[38;2;16;16;16m██[38;2;82;82;82m██[38;2;82;82;82m██[38;2;82;82;82m██[38;2;16;16;16m██                                            
                                [38;2;82;82;82m██[38;2;164;164;164m██[38;2;164;164;164m██[38;2;164;164;164m██[38;2;164;164;164m██[38;2;164;164;164m██[38;2;164;164;164m██[38;2;164;164;164m██[38;2;164;164;164m██[38;2;164;164;164m██[38;2;131;131;131m██[38;2;131;131;131m██[38;2;131;131;131m██[38;2;82;82;82m██[38;2;82;82;82m██[38;2;16;16;16m██[38;2;82;82;82m██[38;2;82;82;82m██[38;2;82;82;82m██[38;2;16;16;16m██                                          
                                [38;2;82;82;82m██[38;2;164;164;164m██[38;2;164;164;164m██[38;2;164;164;164m██[38;2;164;164;164m██[38;2;164;164;164m██[38;2;164;164;164m██[38;2;164;164;164m██[38;2;164;164;164m██[38;2;164;164;164m██[38;2;131;131;131m██[38;2;131;131;131m██[38;2;115;115;115m██[38;2;82;82;82m██[38;2;82;82;82m██[38;2;16;16;16m██[38;2;16;16;16m██[38;2;82;82;82m██[38;2;82;82;82m██[38;2;16;16;16m██                    [38;2;82;82;82m██[38;2;82;82;82m██[38;2;82;82;82m██[38;2;82;82;82m██[38;2;82;82;82m██            
                              [38;2;82;82;82m██[38;2;164;164;164m██[38;2;164;164;164m██[38;2;164;164;164m██[38;2;234;234;234m██[38;2;234;234;234m██[38;2;234;234;234m██[38;2;164;164;164m██[38;2;164;164;164m██[38;2;164;164;164m██[38;2;164;164;164m██[38;2;131;131;131m██[38;2;131;131;131m██[38;2;82;82;82m██[38;2;82;82;82m██[38;2;82;82;82m██[38;2;16;16;16m██  [38;2;16;16;16m██[38;2;82;82;82m██[38;2;82;82;82m██[38;2;16;16;16m██            [38;2;82;82;82m██[38;2;82;82;82m██[38;2;82;82;82m██[38;2;131;131;131m██[38;2;131;131;131m██[38;2;131;131;131m██[38;2;131;131;131m██[38;2;115;115;115m██[38;2;16;16;16m██[38;2;16;16;16m██        
                              [38;2;82;82;82m██[38;2;164;164;164m██[38;2;164;164;164m██[38;2;234;234;234m██[38;2;234;234;234m██[38;2;234;234;234m██[38;2;234;234;234m██[38;2;234;234;234m██[38;2;164;164;164m██[38;2;164;164;164m██[38;2;131;131;131m██[38;2;131;131;131m██[38;2;131;131;131m██[38;2;82;82;82m██[38;2;82;82;82m██[38;2;82;82;82m██[38;2;16;16;16m██  [38;2;16;16;16m██[38;2;82;82;82m██[38;2;82;82;82m██[38;2;16;16;16m██        [38;2;16;16;16m██[38;2;16;16;16m██[38;2;82;82;82m██[38;2;115;115;115m██[38;2;131;131;131m██[38;2;131;131;131m██[38;2;131;131;131m██[38;2;131;131;131m██[38;2;115;115;115m██[38;2;82;82;82m██[38;2;82;82;82m██[38;2;82;82;82m██[38;2;16;16;16m██[38;2;16;16;16m██    
                            [38;2;82;82;82m██[38;2;131;131;131m██[38;2;164;164;164m██[38;2;234;234;234m██[38;2;234;234;234m██[38;2;234;234;234m██[38;2;234;234;234m██[38;2;234;234;234m██[38;2;234;234;234m██[38;2;164;164;164m██[38;2;164;164;164m██[38;2;131;131;131m██[38;2;131;131;131m██[38;2;115;115;115m██[38;2;82;82;82m██[38;2;16;16;16m██[38;2;82;82;82m██[38;2;82;82;82m██    [38;2;16;16;16m██[38;2;82;82;82m██[38;2;16;16;16m██      [38;2;16;16;16m██[38;2;82;82;82m██[38;2;82;82;82m██[38;2;82;82;82m██[38;2;16;16;16m██[38;2;16;16;16m██[38;2;16;16;16m██[38;2;16;16;16m██[38;2;16;16;16m██[38;2;16;16;16m██[38;2;82;82;82m██[38;2;82;82;82m██[38;2;82;82;82m██[38;2;82;82;82m██[38;2;82;82;82m██[38;2;16;16;16m██  
                            [38;2;82;82;82m██[38;2;131;131;131m██[38;2;164;164;164m██[38;2;234;234;234m██[38;2;234;234;234m██[38;2;234;234;234m██[38;2;234;234;234m██[38;2;234;234;234m██[38;2;234;234;234m██[38;2;234;234;234m██[38;2;131;131;131m██[38;2;131;131;131m██[38;2;131;131;131m██[38;2;82;82;82m██[38;2;82;82;82m██[38;2;16;16;16m██[38;2;82;82;82m██[38;2;82;82;82m██[38;2;16;16;16m██  [38;2;16;16;16m██[38;2;82;82;82m██[38;2;16;16;16m██[38;2;16;16;16m██[38;2;16;16;16m██[38;2;16;16;16m██[38;2;82;82;82m██[38;2;82;82;82m██[38;2;16;16;16m██[38;2;16;16;16m██            [38;2;16;16;16m██[38;2;16;16;16m██[38;2;82;82;82m██[38;2;82;82;82m██[38;2;82;82;82m██[38;2;16;16;16m██  
                            [38;2;82;82;82m██[38;2;131;131;131m██[38;2;205;205;205m██[38;2;234;234;234m██[38;2;234;234;234m██[38;2;234;234;234m██[38;2;234;234;234m██[38;2;234;234;234m██[38;2;234;234;234m██[38;2;205;205;205m██[38;2;131;131;131m██[38;2;131;131;131m██[38;2;131;131;131m██[38;2;82;82;82m██[38;2;16;16;16m██[38;2;82;82;82m██[38;2;82;82;82m██[38;2;82;82;82m██[38;2;16;16;16m██[38;2;16;16;16m██[38;2;82;82;82m██[38;2;131;131;131m██[38;2;131;131;131m██[38;2;82;82;82m██[38;2;82;82;82m██[38;2;82;82;82m██[38;2;16;16;16m██[38;2;16;16;16m██                    [38;2;16;16;16m██[38;2;82;82;82m██[38;2;82;82;82m██[38;2;82;82;82m██[38;2;16;16;16m██
                            [38;2;82;82;82m██[38;2;131;131;131m██[38;2;205;205;205m██[38;2;205;205;205m██[38;2;234;234;234m██[38;2;234;234;234m██[38;2;234;234;234m██[38;2;205;205;205m██[38;2;205;205;205m██[38;2;205;205;205m██[38;2;131;131;131m██[38;2;131;131;131m██[38;2;131;131;131m██[38;2;82;82;82m██[38;2;16;16;16m██[38;2;82;82;82m██[38;2;82;82;82m██[38;2;82;82;82m██[38;2;16;16;16m██[38;2;82;82;82m██[38;2;131;131;131m██[38;2;131;131;131m██[38;2;131;131;131m██[38;2;131;131;131m██[38;2;82;82;82m██[38;2;82;82;82m██[38;2;82;82;82m██[38;2;82;82;82m██[38;2;16;16;16m██                    [38;2;16;16;16m██[38;2;82;82;82m██[38;2;82;82;82m██[38;2;16;16;16m██
                          [38;2;82;82;82m██[38;2;131;131;131m██[38;2;164;164;164m██[38;2;205;205;205m██[38;2;205;205;205m██[38;2;205;205;205m██[38;2;205;205;205m██[38;2;205;205;205m██[38;2;205;205;205m██[38;2;205;205;205m██[38;2;205;205;205m██[38;2;131;131;131m██[38;2;131;131;131m██[38;2;131;131;131m██[38;2;82;82;82m██[38;2;16;16;16m██[38;2;82;82;82m██[38;2;82;82;82m██[38;2;82;82;82m██[38;2;16;16;16m██[38;2;82;82;82m██[38;2;82;82;82m██[38;2;131;131;131m██[38;2;131;131;131m██[38;2;82;82;82m██[38;2;82;82;82m██[38;2;82;82;82m██[38;2;137;79;104m██[38;2;82;82;82m██[38;2;82;82;82m██[38;2;16;16;16m██                    [38;2;16;16;16m██[38;2;16;16;16m██  
                          [38;2;82;82;82m██[38;2;131;131;131m██[38;2;205;205;205m██[38;2;205;205;205m██[38;2;205;205;205m██[38;2;205;205;205m██[38;2;205;205;205m██[38;2;205;205;205m██[38;2;205;205;205m██[38;2;205;205;205m██[38;2;205;205;205m██[38;2;131;131;131m██[38;2;131;131;131m██[38;2;131;131;131m██[38;2;115;115;115m██[38;2;82;82;82m██[38;2;16;16;16m██[38;2;82;82;82m██[38;2;82;82;82m██[38;2;16;16;16m██[38;2;82;82;82m██[38;2;82;82;82m██[38;2;82;82;82m██[38;2;82;82;82m██[38;2;82;82;82m██[38;2;82;82;82m██[38;2;82;82;82m██[38;2;195;103;143m██[38;2;137;79;104m██[38;2;82;82;82m██[38;2;137;79;104m██                          
                          [38;2;82;82;82m██[38;2;131;131;131m██[38;2;205;205;205m██[38;2;205;205;205m██[38;2;205;205;205m██[38;2;205;205;205m██[38;2;205;205;205m██[38;2;205;205;205m██[38;2;205;205;205m██[38;2;205;205;205m██[38;2;205;205;205m██[38;2;131;131;131m██[38;2;131;131;131m██[38;2;131;131;131m██[38;2;115;115;115m██[38;2;82;82;82m██[38;2;16;16;16m██[38;2;82;82;82m██[38;2;82;82;82m██[38;2;16;16;16m██[38;2;195;103;143m██[38;2;195;103;143m██[38;2;137;79;104m██[38;2;82;82;82m██[38;2;82;82;82m██[38;2;82;82;82m██[38;2;82;82;82m██[38;2;195;103;143m██[38;2;195;103;143m██[38;2;137;79;104m██[38;2;195;103;143m██[38;2;16;16;16m██                        
                          [38;2;82;82;82m██[38;2;131;131;131m██[38;2;205;205;205m██[38;2;205;205;205m██[38;2;205;205;205m██[38;2;205;205;205m██[38;2;205;205;205m██[38;2;205;205;205m██[38;2;205;205;205m██[38;2;205;205;205m██[38;2;164;164;164m██[38;2;131;131;131m██[38;2;131;131;131m██[38;2;115;115;115m██[38;2;82;82;82m██[38;2;131;131;131m██[38;2;205;205;205m██[38;2;16;16;16m██[38;2;82;82;82m██[38;2;16;16;16m██[38;2;195;103;143m██[38;2;195;103;143m██[38;2;195;103;143m██[38;2;195;103;143m██[38;2;195;103;143m██[38;2;195;103;143m██[38;2;195;103;143m██[38;2;195;103;143m██[38;2;195;103;143m██[38;2;226;140;177m██[38;2;195;103;143m██[38;2;16;16;16m██                        
                          [38;2;82;82;82m██[38;2;131;131;131m██[38;2;205;205;205m██[38;2;205;205;205m██[38;2;205;205;205m██[38;2;205;205;205m██[38;2;205;205;205m██[38;2;205;205;205m██[38;2;205;205;205m██[38;2;205;205;205m██[38;2;131;131;131m██[38;2;131;131;131m██[38;2;131;131;131m██[38;2;82;82;82m██[38;2;16;16;16m██[38;2;205;205;205m██[38;2;205;205;205m██[38;2;16;16;16m██[38;2;82;82;82m██[38;2;16;16;16m██[38;2;195;103;143m██[38;2;195;103;143m██[38;2;195;103;143m██[38;2;16;16;16m██[38;2;82;82;82m██[38;2;195;103;143m██[38;2;195;103;143m██[38;2;195;103;143m██[38;2;226;140;177m██[38;2;226;140;177m██[38;2;226;140;177m██[38;2;82;82;82m██[38;2;151;30;200m██                      
                          [38;2;82;82;82m██[38;2;131;131;131m██[38;2;205;205;205m██[38;2;205;205;205m██[38;2;205;205;205m██[38;2;205;205;205m██[38;2;205;205;205m██[38;2;205;205;205m██[38;2;205;205;205m██[38;2;164;164;164m██[38;2;131;131;131m██[38;2;131;131;131m██[38;2;131;131;131m██[38;2;82;82;82m██[38;2;16;16;16m██[38;2;16;16;16m██[38;2;205;205;205m██[38;2;16;16;16m██[38;2;82;82;82m██[38;2;16;16;16m██[38;2;195;103;143m██[38;2;195;103;143m██[38;2;16;16;16m██[38;2;205;205;205m██[38;2;16;16;16m██[38;2;82;82;82m██[38;2;195;103;143m██[38;2;195;103;143m██[38;2;226;140;177m██[38;2;226;140;177m██[38;2;226;140;177m██[38;2;16;16;16m██[38;2;151;30;200m██                      
                        [38;2;82;82;82m██[38;2;131;131;131m██[38;2;131;131;131m██[38;2;164;164;164m██[38;2;205;205;205m██[38;2;205;205;205m██[38;2;205;205;205m██[38;2;205;205;205m██[38;2;205;205;205m██[38;2;205;205;205m██[38;2;131;131;131m██[38;2;131;131;131m██[38;2;131;131;131m██[38;2;115;115;115m██[38;2;82;82;82m██[38;2;16;16;16m██[38;2;156;74;106m██[38;2;16;16;16m██[38;2;16;16;16m██[38;2;82;82;82m██[38;2;16;16;16m██[38;2;195;103;143m██[38;2;195;103;143m██[38;2;151;30;200m██[38;2;16;16;16m██[38;2;151;30;200m██[38;2;82;82;82m██[38;2;195;103;143m██[38;2;195;103;143m██[38;2;195;103;143m██[38;2;226;140;177m██[38;2;226;140;177m██[38;2;16;16;16m██[38;2;137;79;104m██                      
                        [38;2;82;82;82m██[38;2;131;131;131m██[38;2;131;131;131m██[38;2;131;131;131m██[38;2;205;205;205m██[38;2;205;205;205m██[38;2;205;205;205m██[38;2;205;205;205m██[38;2;205;205;205m██[38;2;131;131;131m██[38;2;131;131;131m██[38;2;131;131;131m██[38;2;131;131;131m██[38;2;82;82;82m██[38;2;82;82;82m██[38;2;16;16;16m██[38;2;156;74;106m██[38;2;16;16;16m██[38;2;82;82;82m██[38;2;82;82;82m██[38;2;16;16;16m██[38;2;195;103;143m██[38;2;195;103;143m██[38;2;213;47;239m██[38;2;16;16;16m██[38;2;193;99;245m██[38;2;234;234;234m██[38;2;195;103;143m██[38;2;195;103;143m██[38;2;195;103;143m██[38;2;195;103;143m██[38;2;195;103;143m██[38;2;137;79;104m██[38;2;137;79;104m██                      
                        [38;2;82;82;82m██[38;2;131;131;131m██[38;2;131;131;131m██[38;2;131;131;131m██[38;2;131;131;131m██[38;2;164;164;164m██[38;2;205;205;205m██[38;2;164;164;164m██[38;2;131;131;131m██[38;2;131;131;131m██[38;2;131;131;131m██[38;2;131;131;131m██[38;2;115;115;115m██[38;2;82;82;82m██[38;2;16;16;16m██[38;2;156;74;106m██[38;2;156;74;106m██[38;2;16;16;16m██[38;2;82;82;82m██[38;2;82;82;82m██[38;2;16;16;16m██[38;2;195;103;143m██[38;2;195;103;143m██[38;2;195;103;143m██[38;2;137;79;104m██[38;2;193;99;245m██[38;2;234;234;234m██[38;2;195;103;143m██[38;2;195;103;143m██[38;2;195;103;143m██[38;2;195;103;143m██[38;2;195;103;143m██[38;2;195;103;143m██[38;2;16;16;16m██                      
                        [38;2;82;82;82m██[38;2;131;131;131m██[38;2;131;131;131m██[38;2;131;131;131m██[38;2;131;131;131m██[38;2;131;131;131m██[38;2;131;131;131m██[38;2;131;131;131m██[38;2;131;131;131m██[38;2;131;131;131m██[38;2;131;131;131m██[38;2;131;131;131m██[38;2;82;82;82m██[38;2;82;82;82m██[38;2;16;16;16m██[38;2;156;74;106m██[38;2;16;16;16m██[38;2;82;82;82m██[38;2;82;82;82m██[38;2;16;16;16m██[38;2;137;79;104m██[38;2;195;103;143m██[38;2;195;103;143m██[38;2;195;103;143m██[38;2;195;103;143m██[38;2;195;103;143m██[38;2;195;103;143m██[38;2;195;103;143m██[38;2;195;103;143m██[38;2;137;79;104m██[38;2;195;103;143m██[38;2;195;103;143m██[38;2;195;103;143m██[38;2;16;16;16m██        [38;2;16;16;16m██[38;2;16;16;16m██[38;2;16;16;16m██        
                      [38;2;82;82;82m██[38;2;131;131;131m██[38;2;131;131;131m██[38;2;131;131;131m██[38;2;131;131;131m██[38;2;131;131;131m██[38;2;131;131;131m██[38;2;131;131;131m██[38;2;131;131;131m██[38;2;131;131;131m██[38;2;131;131;131m██[38;2;131;131;131m██[38;2;131;131;131m██[38;2;82;82;82m██[38;2;16;16;16m██[38;2;234;234;234m██[38;2;16;16;16m██[38;2;16;16;16m██[38;2;82;82;82m██[38;2;82;82;82m██[38;2;16;16;16m██  [38;2;16;16;16m██[38;2;137;79;104m██[38;2;195;103;143m██[38;2;195;103;143m██[38;2;195;103;143m██[38;2;195;103;143m██[38;2;195;103;143m██[38;2;195;103;143m██[38;2;195;103;143m██[38;2;137;79;104m██[38;2;16;16;16m██[38;2;16;16;16m██      [38;2;16;16;16m██[38;2;16;16;16m██[38;2;131;131;131m██[38;2;131;131;131m██[38;2;16;16;16m██        
                      [38;2;82;82;82m██[38;2;131;131;131m██[38;2;131;131;131m██[38;2;131;131;131m██[38;2;131;131;131m██[38;2;131;131;131m██[38;2;131;131;131m██[38;2;131;131;131m██[38;2;131;131;131m██[38;2;131;131;131m██[38;2;131;131;131m██[38;2;131;131;131m██[38;2;115;115;115m██[38;2;82;82;82m██[38;2;16;16;16m██[38;2;234;234;234m██[38;2;234;234;234m██[38;2;16;16;16m██[38;2;82;82;82m██[38;2;82;82;82m██[38;2;16;16;16m██    [38;2;16;16;16m██[38;2;16;16;16m██[38;2;16;16;16m██[38;2;195;103;143m██[38;2;195;103;143m██[38;2;195;103;143m██[38;2;16;16;16m██[38;2;16;16;16m██[38;2;16;16;16m██      [38;2;16;16;16m██[38;2;16;16;16m██[38;2;82;82;82m██[38;2;131;131;131m██[38;2;131;131;131m██[38;2;16;16;16m██          
                      [38;2;82;82;82m██[38;2;131;131;131m██[38;2;131;131;131m██[38;2;131;131;131m██[38;2;131;131;131m██[38;2;131;131;131m██[38;2;131;131;131m██[38;2;131;131;131m██[38;2;131;131;131m██[38;2;131;131;131m██[38;2;131;131;131m██[38;2;131;131;131m██[38;2;82;82;82m██[38;2;82;82;82m██[38;2;16;16;16m██[38;2;82;82;82m██[38;2;234;234;234m██[38;2;164;164;164m██[38;2;82;82;82m██[38;2;16;16;16m██            [38;2;16;16;16m██[38;2;137;79;104m██[38;2;16;16;16m██      [38;2;137;79;104m██[38;2;137;79;104m██[38;2;137;79;104m██[38;2;115;115;115m██[38;2;82;82;82m██[38;2;82;82;82m██[38;2;82;82;82m██[38;2;82;82;82m██[38;2;16;16;16m██          
                    [38;2;82;82;82m██[38;2;131;131;131m██[38;2;131;131;131m██[38;2;131;131;131m██[38;2;131;131;131m██[38;2;131;131;131m██[38;2;131;131;131m██[38;2;131;131;131m██[38;2;131;131;131m██[38;2;131;131;131m██[38;2;131;131;131m██[38;2;131;131;131m██[38;2;131;131;131m██[38;2;82;82;82m██[38;2;16;16;16m██[38;2;156;74;106m██[38;2;16;16;16m██[38;2;234;234;234m██[38;2;16;16;16m██[38;2;82;82;82m██[38;2;16;16;16m██            [38;2;16;16;16m██[38;2;195;103;143m██[38;2;137;79;104m██[38;2;16;16;16m██[38;2;137;79;104m██[38;2;137;79;104m██[38;2;195;103;143m██[38;2;195;103;143m██[38;2;195;103;143m██[38;2;82;82;82m██[38;2;82;82;82m██[38;2;82;82;82m██[38;2;82;82;82m██[38;2;131;131;131m██[38;2;131;131;131m██[38;2;16;16;16m██        
                    [38;2;82;82;82m██[38;2;131;131;131m██[38;2;131;131;131m██[38;2;131;131;131m██[38;2;131;131;131m██[38;2;131;131;131m██[38;2;131;131;131m██[38;2;131;131;131m██[38;2;131;131;131m██[38;2;131;131;131m██[38;2;131;131;131m██[38;2;131;131;131m██[38;2;115;115;115m██[38;2;82;82;82m██[38;2;16;16;16m██[38;2;156;74;106m██[38;2;16;16;16m██[38;2;16;16;16m██[38;2;82;82;82m██[38;2;82;82;82m██[38;2;16;16;16m██          [38;2;137;79;104m██[38;2;195;103;143m██[38;2;195;103;143m██[38;2;195;103;143m██[38;2;16;16;16m██[38;2;195;103;143m██[38;2;195;103;143m██[38;2;195;103;143m██[38;2;115;115;115m██[38;2;82;82;82m██[38;2;82;82;82m██[38;2;82;82;82m██[38;2;16;16;16m██[38;2;16;16;16m██[38;2;16;16;16m██[38;2;16;16;16m██          
                  [38;2;82;82;82m██[38;2;131;131;131m██[38;2;131;131;131m██[38;2;131;131;131m██[38;2;131;131;131m██[38;2;131;131;131m██[38;2;131;131;131m██[38;2;131;131;131m██[38;2;131;131;131m██[38;2;131;131;131m██[38;2;131;131;131m██[38;2;131;131;131m██[38;2;131;131;131m██[38;2;82;82;82m██[38;2;82;82;82m██[38;2;16;16;16m██[38;2;156;74;106m██[38;2;16;16;16m██[38;2;82;82;82m██[38;2;82;82;82m██[38;2;16;16;16m██          [38;2;137;79;104m██[38;2;226;140;177m██[38;2;195;103;143m██[38;2;195;103;143m██[38;2;195;103;143m██[38;2;195;103;143m██[38;2;16;16;16m██[38;2;16;16;16m██[38;2;16;16;16m██[38;2;16;16;16m██[38;2;16;16;16m██[38;2;16;16;16m██[38;2;16;16;16m██                  
                [38;2;82;82;82m██[38;2;82;82;82m██[38;2;131;131;131m██[38;2;131;131;131m██[38;2;131;131;131m██[38;2;131;131;131m██[38;2;131;131;131m██[38;2;131;131;131m██[38;2;131;131;131m██[38;2;131;131;131m██[38;2;131;131;131m██[38;2;131;131;131m██[38;2;131;131;131m██[38;2;115;115;115m██[38;2;82;82;82m██[38;2;16;16;16m██[38;2;156;74;106m██[38;2;16;16;16m██[38;2;115;115;115m██[38;2;82;82;82m██[38;2;82;82;82m██[38;2;16;16;16m██        [38;2;137;79;104m██[38;2;226;140;177m██[38;2;226;140;177m██[38;2;226;140;177m██[38;2;137;79;104m██[38;2;195;103;143m██[38;2;226;140;177m██[38;2;226;140;177m██[38;2;16;16;16m██                            
                [38;2;82;82;82m██[38;2;131;131;131m██[38;2;131;131;131m██[38;2;131;131;131m██[38;2;131;131;131m██[38;2;131;131;131m██[38;2;131;131;131m██[38;2;131;131;131m██[38;2;131;131;131m██[38;2;131;131;131m██[38;2;131;131;131m██[38;2;131;131;131m██[38;2;115;115;115m██[38;2;82;82;82m██[38;2;131;131;131m██[38;2;205;205;205m██[38;2;16;16;16m██[38;2;16;16;16m██[38;2;115;115;115m██[38;2;82;82;82m██[38;2;16;16;16m██      [38;2;82;82;82m██[38;2;82;82;82m██[38;2;226;140;177m██[38;2;226;140;177m██[38;2;226;140;177m██[38;2;137;79;104m██[38;2;226;140;177m██[38;2;226;140;177m██[38;2;226;140;177m██[38;2;226;140;177m██[38;2;226;140;177m██[38;2;137;79;104m██[38;2;137;79;104m██[38;2;137;79;104m██[38;2;137;79;104m██                    
              [38;2;82;82;82m██[38;2;131;131;131m██[38;2;131;131;131m██[38;2;131;131;131m██[38;2;131;131;131m██[38;2;131;131;131m██[38;2;131;131;131m██[38;2;131;131;131m██[38;2;131;131;131m██[38;2;131;131;131m██[38;2;131;131;131m██[38;2;131;131;131m██[38;2;131;131;131m██[38;2;82;82;82m██[38;2;16;16;16m██[38;2;205;205;205m██[38;2;234;234;234m██[38;2;16;16;16m██[38;2;115;115;115m██[38;2;82;82;82m██[38;2;82;82;82m██[38;2;16;16;16m██    [38;2;82;82;82m██[38;2;115;115;115m██[38;2;226;140;177m██[38;2;226;140;177m██[38;2;226;140;177m██[38;2;195;103;143m██[38;2;16;16;16m██[38;2;226;140;177m██[38;2;226;140;177m██[38;2;226;140;177m██[38;2;226;140;177m██[38;2;226;140;177m██[38;2;226;140;177m██[38;2;226;140;177m██[38;2;226;140;177m██[38;2;226;140;177m██[38;2;137;79;104m██[38;2;137;79;104m██[38;2;137;79;104m██              
            [38;2;82;82;82m██[38;2;131;131;131m██[38;2;131;131;131m██[38;2;131;131;131m██[38;2;131;131;131m██[38;2;131;131;131m██[38;2;131;131;131m██[38;2;131;131;131m██[38;2;131;131;131m██[38;2;131;131;131m██[38;2;131;131;131m██[38;2;131;131;131m██[38;2;131;131;131m██[38;2;82;82;82m██[38;2;82;82;82m██[38;2;16;16;16m██[38;2;16;16;16m██[38;2;234;234;234m██[38;2;16;16;16m██[38;2;115;115;115m██[38;2;82;82;82m██[38;2;16;16;16m██  [38;2;82;82;82m██[38;2;82;82;82m██[38;2;131;131;131m██[38;2;131;131;131m██[38;2;131;131;131m██[38;2;131;131;131m██[38;2;131;131;131m██[38;2;16;16;16m██[38;2;226;140;177m██[38;2;226;140;177m██[38;2;226;140;177m██[38;2;226;140;177m██[38;2;226;140;177m██[38;2;226;140;177m██[38;2;226;140;177m██[38;2;226;140;177m██[38;2;226;140;177m██[38;2;226;140;177m██[38;2;226;140;177m██[38;2;226;140;177m██[38;2;226;140;177m██[38;2;137;79;104m██  [38;2;16;16;16m██[38;2;16;16;16m██      
          [38;2;82;82;82m██[38;2;164;164;164m██[38;2;131;131;131m██[38;2;164;164;164m██[38;2;131;131;131m██[38;2;164;164;164m██[38;2;131;131;131m██[38;2;131;131;131m██[38;2;131;131;131m██[38;2;131;131;131m██[38;2;131;131;131m██[38;2;131;131;131m██[38;2;131;131;131m██[38;2;82;82;82m██[38;2;82;82;82m██[38;2;16;16;16m██[38;2;189;98;139m██[38;2;189;98;139m██[38;2;16;16;16m██[38;2;115;115;115m██[38;2;82;82;82m██[38;2;82;82;82m██[38;2;16;16;16m██[38;2;82;82;82m██[38;2;131;131;131m██[38;2;131;131;131m██[38;2;131;131;131m██[38;2;131;131;131m██[38;2;131;131;131m██[38;2;131;131;131m██[38;2;115;115;115m██[38;2;226;140;177m██[38;2;226;140;177m██[38;2;226;140;177m██[38;2;226;140;177m██[38;2;226;140;177m██[38;2;226;140;177m██[38;2;226;140;177m██[38;2;226;140;177m██[38;2;226;140;177m██[38;2;195;103;143m██[38;2;137;79;104m██[38;2;137;79;104m██[38;2;226;140;177m██[38;2;226;140;177m██[38;2;226;140;177m██[38;2;16;16;16m██[38;2;131;131;131m██[38;2;16;16;16m██      
        [38;2;82;82;82m██[38;2;164;164;164m██[38;2;164;164;164m██[38;2;164;164;164m██[38;2;131;131;131m██[38;2;164;164;164m██[38;2;131;131;131m██[38;2;164;164;164m██[38;2;131;131;131m██[38;2;131;131;131m██[38;2;131;131;131m██[38;2;131;131;131m██[38;2;115;115;115m██[38;2;82;82;82m██[38;2;82;82;82m██[38;2;16;16;16m██[38;2;189;98;139m██[38;2;189;98;139m██[38;2;16;16;16m██[38;2;131;131;131m██[38;2;82;82;82m██[38;2;82;82;82m██[38;2;16;16;16m██[38;2;131;131;131m██[38;2;131;131;131m██[38;2;131;131;131m██[38;2;131;131;131m██[38;2;131;131;131m██[38;2;131;131;131m██[38;2;131;131;131m██[38;2;115;115;115m██[38;2;16;16;16m██[38;2;226;140;177m██[38;2;226;140;177m██[38;2;226;140;177m██[38;2;226;140;177m██[38;2;226;140;177m██[38;2;226;140;177m██[38;2;226;140;177m██[38;2;195;103;143m██[38;2;226;140;177m██[38;2;226;140;177m██[38;2;226;140;177m██[38;2;226;140;177m██[38;2;137;79;104m██[38;2;137;79;104m██[38;2;226;140;177m██[38;2;16;16;16m██[38;2;82;82;82m██[38;2;16;16;16m██      
      [38;2;82;82;82m██[38;2;164;164;164m██[38;2;164;164;164m██[38;2;164;164;164m██[38;2;164;164;164m██[38;2;164;164;164m██[38;2;131;131;131m██[38;2;164;164;164m██[38;2;131;131;131m██[38;2;131;131;131m██[38;2;131;131;131m██[38;2;131;131;131m██[38;2;82;82;82m██[38;2;82;82;82m██[38;2;82;82;82m██[38;2;16;16;16m██[38;2;234;234;234m██[38;2;16;16;16m██[38;2;16;16;16m██[38;2;131;131;131m██[38;2;115;115;115m██[38;2;82;82;82m██[38;2;16;16;16m██[38;2;82;82;82m██[38;2;131;131;131m██[38;2;82;82;82m██[38;2;131;131;131m██[38;2;131;131;131m██[38;2;131;131;131m██[38;2;131;131;131m██[38;2;131;131;131m██[38;2;16;16;16m██[38;2;137;79;104m██[38;2;226;140;177m██[38;2;195;103;143m██[38;2;226;140;177m██[38;2;226;140;177m██[38;2;226;140;177m██[38;2;137;79;104m██[38;2;226;140;177m██[38;2;137;79;104m██[38;2;137;79;104m██[38;2;226;140;177m██[38;2;226;140;177m██[38;2;226;140;177m██[38;2;226;140;177m██[38;2;226;140;177m██[38;2;16;16;16m██[38;2;82;82;82m██[38;2;16;16;16m██        
    [38;2;82;82;82m██[38;2;164;164;164m██[38;2;164;164;164m██[38;2;164;164;164m██[38;2;164;164;164m██[38;2;164;164;164m██[38;2;164;164;164m██[38;2;164;164;164m██[38;2;131;131;131m██[38;2;131;131;131m██[38;2;131;131;131m██[38;2;115;115;115m██[38;2;82;82;82m██[38;2;82;82;82m██[38;2;16;16;16m██[38;2;16;16;16m██[38;2;16;16;16m██[38;2;234;234;234m██[38;2;234;234;234m██[38;2;16;16;16m██[38;2;115;115;115m██[38;2;82;82;82m██[38;2;16;16;16m██[38;2;16;16;16m██[38;2;82;82;82m██[38;2;82;82;82m██[38;2;131;131;131m██[38;2;131;131;131m██[38;2;82;82;82m██[38;2;131;131;131m██[38;2;131;131;131m██[38;2;16;16;16m██  [38;2;137;79;104m██[38;2;226;140;177m██[38;2;137;79;104m██[38;2;226;140;177m██[38;2;195;103;143m██[38;2;226;140;177m██[38;2;137;79;104m██[38;2;195;103;143m██[38;2;195;103;143m██[38;2;195;103;143m██[38;2;137;79;104m██[38;2;137;79;104m██[38;2;226;140;177m██[38;2;226;140;177m██[38;2;226;140;177m██[38;2;16;16;16m██[38;2;16;16;16m██          
  [38;2;82;82;82m██[38;2;131;131;131m██[38;2;131;131;131m██[38;2;164;164;164m██[38;2;164;164;164m██[38;2;164;164;164m██[38;2;131;131;131m██[38;2;131;131;131m██[38;2;115;115;115m██[38;2;82;82;82m██[38;2;82;82;82m██[38;2;82;82;82m██[38;2;82;82;82m██[38;2;131;131;131m██[38;2;16;16;16m██[38;2;189;98;139m██[38;2;189;98;139m██[38;2;16;16;16m██[38;2;164;164;164m██[38;2;234;234;234m██[38;2;82;82;82m██[38;2;82;82;82m██[38;2;82;82;82m██[38;2;16;16;16m██    [38;2;16;16;16m██[38;2;131;131;131m██[38;2;82;82;82m██[38;2;16;16;16m██[38;2;131;131;131m██[38;2;16;16;16m██  [38;2;137;79;104m██[38;2;195;103;143m██[38;2;226;140;177m██[38;2;137;79;104m██[38;2;226;140;177m██[38;2;137;79;104m██[38;2;226;140;177m██[38;2;195;103;143m██[38;2;137;79;104m██[38;2;195;103;143m██[38;2;195;103;143m██[38;2;195;103;143m██[38;2;195;103;143m██[38;2;137;79;104m██[38;2;226;140;177m██[38;2;16;16;16m██              
  [38;2;82;82;82m██[38;2;131;131;131m██[38;2;131;131;131m██[38;2;131;131;131m██[38;2;131;131;131m██[38;2;115;115;115m██[38;2;82;82;82m██[38;2;82;82;82m██[38;2;82;82;82m██[38;2;16;16;16m██[38;2;16;16;16m██[38;2;16;16;16m██[38;2;205;205;205m██[38;2;205;205;205m██[38;2;16;16;16m██[38;2;189;98;139m██[38;2;189;98;139m██[38;2;16;16;16m██[38;2;16;16;16m██[38;2;82;82;82m██[38;2;82;82;82m██[38;2;82;82;82m██[38;2;16;16;16m██      [38;2;16;16;16m██[38;2;16;16;16m██  [38;2;16;16;16m██[38;2;16;16;16m██    [38;2;16;16;16m██[38;2;195;103;143m██[38;2;137;79;104m██[38;2;195;103;143m██[38;2;226;140;177m██[38;2;137;79;104m██[38;2;226;140;177m██[38;2;226;140;177m██[38;2;137;79;104m██[38;2;137;79;104m██[38;2;195;103;143m██[38;2;195;103;143m██[38;2;16;16;16m██[38;2;16;16;16m██[38;2;16;16;16m██                
[38;2;82;82;82m██[38;2;131;131;131m██[38;2;131;131;131m██[38;2;131;131;131m██[38;2;115;115;115m██[38;2;82;82;82m██[38;2;82;82;82m██[38;2;16;16;16m██[38;2;16;16;16m██[38;2;16;16;16m██[38;2;156;74;106m██[38;2;156;74;106m██[38;2;189;98;139m██[38;2;16;16;16m██[38;2;205;205;205m██[38;2;16;16;16m██[38;2;189;98;139m██[38;2;16;16;16m██[38;2;131;131;131m██[38;2;115;115;115m██[38;2;82;82;82m██[38;2;82;82;82m██[38;2;16;16;16m██                      [38;2;16;16;16m██[38;2;195;103;143m██[38;2;137;79;104m██[38;2;195;103;143m██[38;2;195;103;143m██[38;2;137;79;104m██[38;2;195;103;143m██[38;2;195;103;143m██[38;2;195;103;143m██[38;2;137;79;104m██[38;2;16;16;16m██[38;2;16;16;16m██                      
[38;2;82;82;82m██[38;2;131;131;131m██[38;2;131;131;131m██[38;2;82;82;82m██[38;2;82;82;82m██[38;2;16;16;16m██[38;2;16;16;16m██  [38;2;16;16;16m██[38;2;156;74;106m██[38;2;156;74;106m██[38;2;189;98;139m██[38;2;189;98;139m██[38;2;189;98;139m██[38;2;16;16;16m██[38;2;16;16;16m██[38;2;16;16;16m██[38;2;131;131;131m██[38;2;115;115;115m██[38;2;82;82;82m██[38;2;82;82;82m██[38;2;16;16;16m██                        [38;2;16;16;16m██[38;2;195;103;143m██[38;2;137;79;104m██[38;2;195;103;143m██[38;2;195;103;143m██[38;2;137;79;104m██[38;2;195;103;143m██[38;2;195;103;143m██[38;2;195;103;143m██[38;2;16;16;16m██                          
[38;2;16;16;16m██[38;2;131;131;131m██[38;2;82;82;82m██[38;2;82;82;82m██[38;2;16;16;16m██    [38;2;16;16;16m██[38;2;82;82;82m██[38;2;156;74;106m██[38;2;189;98;139m██[38;2;189;98;139m██[38;2;189;98;139m██[38;2;189;98;139m██[38;2;16;16;16m██[38;2;82;82;82m██[38;2;131;131;131m██[38;2;115;115;115m██[38;2;82;82;82m██[38;2;16;16;16m██[38;2;16;16;16m██                            [38;2;16;16;16m██[38;2;137;79;104m██[38;2;195;103;143m██[38;2;195;103;143m██[38;2;137;79;104m██[38;2;195;103;143m██[38;2;195;103;143m██[38;2;16;16;16m██                            
[38;2;16;16;16m██[38;2;82;82;82m██[38;2;82;82;82m██[38;2;16;16;16m██    [38;2;16;16;16m██[38;2;82;82;82m██[38;2;156;74;106m██[38;2;189;98;139m██[38;2;189;98;139m██[38;2;189;98;139m██[38;2;16;16;16m██[38;2;16;16;16m██[38;2;131;131;131m██[38;2;131;131;131m██[38;2;115;115;115m██[38;2;82;82;82m██[38;2;16;16;16m██                                  [38;2;16;16;16m██[38;2;16;16;16m██[38;2;16;16;16m██[38;2;16;16;16m██[38;2;16;16;16m██[38;2;16;16;16m██                              
  [38;2;16;16;16m██[38;2;16;16;16m██    [38;2;16;16;16m██[38;2;82;82;82m██[38;2;156;74;106m██[38;2;189;98;139m██[38;2;189;98;139m██[38;2;16;16;16m██[38;2;16;16;16m██[38;2;131;131;131m██[38;2;131;131;131m██[38;2;115;115;115m██[38;2;82;82;82m██[38;2;16;16;16m██[38;2;16;16;16m██                                      [38;2;16;16;16m██[38;2;82;82;82m██[38;2;82;82;82m██[38;2;82;82;82m██[38;2;16;16;16m██                              
          [38;2;16;16;16m██[38;2;131;131;131m██[38;2;16;16;16m██[38;2;16;16;16m██[38;2;16;16;16m██[38;2;131;131;131m██[38;2;131;131;131m██[38;2;115;115;115m██[38;2;82;82;82m██[38;2;16;16;16m██[38;2;16;16;16m██                                            [38;2;16;16;16m██[38;2;16;16;16m██[38;2;16;16;16m██                                
          [38;2;16;16;16m██[38;2;82;82;82m██[38;2;131;131;131m██[38;2;131;131;131m██[38;2;131;131;131m██[38;2;115;115;115m██[38;2;16;16;16m██[38;2;16;16;16m██[38;2;16;16;16m██                                                                                      
            [38;2;16;16;16m██[38;2;16;16;16m██[38;2;16;16;16m██[38;2;16;16;16m██[38;2;16;16;16m██                                                                                            
