                                          [38;2;123;106;106m██[38;2;16;16;16m██                                        
                                        [38;2;123;106;106m██[38;2;230;222;222m██[38;2;197;189;189m██[38;2;16;16;16m██                                      
                                      [38;2;123;106;106m██[38;2;230;222;222m██[38;2;197;189;189m██[38;2;230;222;222m██[38;2;16;16;16m██                                      
                                    [38;2;123;106;106m██[38;2;230;222;222m██[38;2;230;222;222m██[38;2;197;189;189m██[38;2;230;222;222m██[38;2;197;189;189m██[38;2;16;16;16m██                                    
                                [38;2;123;106;106m██[38;2;123;106;106m██[38;2;230;222;222m██[38;2;230;222;222m██[38;2;197;189;189m██[38;2;230;222;222m██[38;2;230;222;222m██[38;2;230;222;222m██[38;2;197;189;189m██[38;2;123;106;106m██[38;2;16;16;16m██                                
                            [38;2;123;106;106m██[38;2;123;106;106m██[38;2;230;222;222m██[38;2;230;222;222m██[38;2;230;222;222m██[38;2;197;189;189m██[38;2;230;222;222m██[38;2;230;222;222m██[38;2;230;222;222m██[38;2;230;222;222m██[38;2;230;222;222m██[38;2;197;189;189m██[38;2;197;189;189m██[38;2;123;106;106m██[38;2;16;16;16m██                            
                          [38;2;123;106;106m██[38;2;230;222;222m██[38;2;230;222;222m██[38;2;230;222;222m██[38;2;230;222;222m██[38;2;230;222;222m██[38;2;197;189;189m██[38;2;230;222;222m██[38;2;230;222;222m██[38;2;230;222;222m██[38;2;230;222;222m██[38;2;230;222;222m██[38;2;197;189;189m██[38;2;197;189;189m██[38;2;197;189;189m██[38;2;197;189;189m██[38;2;16;16;16m██                          
                        [38;2;123;106;106m██[38;2;230;222;222m██[38;2;230;222;222m██[38;2;230;222;222m██[38;2;230;222;222m██[38;2;230;222;222m██[38;2;197;189;189m██[38;2;230;222;222m██[38;2;230;222;222m██[38;2;230;222;222m██[38;2;230;222;222m██[38;2;230;222;222m██[38;2;230;222;222m██[38;2;230;222;222m██[38;2;197;189;189m██[38;2;197;189;189m██[38;2;197;189;189m██[38;2;197;189;189m██[38;2;16;16;16m██                        
                      [38;2;123;106;106m██[38;2;230;222;222m██[38;2;230;222;222m██[38;2;230;222;222m██[38;2;230;222;222m██[38;2;230;222;222m██[38;2;230;222;222m██[38;2;197;189;189m██[38;2;230;222;222m██[38;2;230;222;222m██[38;2;230;222;222m██[38;2;230;222;222m██[38;2;230;222;222m██[38;2;230;222;222m██[38;2;230;222;222m██[38;2;197;189;189m██[38;2;197;189;189m██[38;2;197;189;189m██[38;2;197;189;189m██[38;2;197;189;189m██[38;2;16;16;16m██                      
                      [38;2;123;106;106m██[38;2;230;222;222m██[38;2;230;222;222m██[38;2;230;222;222m██[38;2;230;222;222m██[38;2;230;222;222m██[38;2;197;189;189m██[38;2;230;222;222m██[38;2;230;222;222m██[38;2;230;222;222m██[38;2;230;222;222m██[38;2;230;222;222m██[38;2;230;222;222m██[38;2;230;222;222m██[38;2;230;222;222m██[38;2;197;189;189m██[38;2;197;189;189m██[38;2;197;189;189m██[38;2;197;189;189m██[38;2;197;189;189m██[38;2;16;16;16m██                      
                    [38;2;123;106;106m██[38;2;230;222;222m██[38;2;230;222;222m██[38;2;230;222;222m██[38;2;230;222;222m██[38;2;230;222;222m██[38;2;230;222;222m██[38;2;197;189;189m██[38;2;230;222;222m██[38;2;230;222;222m██[38;2;230;222;222m██[38;2;230;222;222m██[38;2;230;222;222m██[38;2;230;222;222m██[38;2;230;222;222m██[38;2;230;222;222m██[38;2;197;189;189m██[38;2;197;189;189m██[38;2;197;189;189m██[38;2;197;189;189m██[38;2;197;189;189m██[38;2;197;189;189m██[38;2;16;16;16m██                    
                    [38;2;16;16;16m██[38;2;230;222;222m██[38;2;230;222;222m██[38;2;230;222;222m██[38;2;230;222;222m██[38;2;230;222;222m██[38;2;230;222;222m██[38;2;197;189;189m██[38;2;230;222;222m██[38;2;230;222;222m██[38;2;230;222;222m██[38;2;230;222;222m██[38;2;230;222;222m██[38;2;230;222;222m██[38;2;230;222;222m██[38;2;230;222;222m██[38;2;197;189;189m██[38;2;197;189;189m██[38;2;197;189;189m██[38;2;197;189;189m██[38;2;197;189;189m██[38;2;197;189;189m██[38;2;123;106;106m██[38;2;123;106;106m██[38;2;123;106;106m██                
                [38;2;123;106;106m██[38;2;123;106;106m██[38;2;16;16;16m██[38;2;230;222;222m██[38;2;230;222;222m██[38;2;230;222;222m██[38;2;230;222;222m██[38;2;230;222;222m██[38;2;230;222;222m██[38;2;123;106;106m██[38;2;230;222;222m██[38;2;230;222;222m██[38;2;230;222;222m██[38;2;230;222;222m██[38;2;230;222;222m██[38;2;230;222;222m██[38;2;230;222;222m██[38;2;197;189;189m██[38;2;197;189;189m██[38;2;197;189;189m██[38;2;197;189;189m██[38;2;197;189;189m██[38;2;197;189;189m██[38;2;123;106;106m██[38;2;230;222;222m██[38;2;230;222;222m██[38;2;230;222;222m██[38;2;123;106;106m██              
              [38;2;123;106;106m██[38;2;230;222;222m██[38;2;230;222;222m██[38;2;16;16;16m██[38;2;197;189;189m██[38;2;230;222;222m██[38;2;230;222;222m██[38;2;230;222;222m██[38;2;230;222;222m██[38;2;230;222;222m██[38;2;123;106;106m██[38;2;230;222;222m██[38;2;230;222;222m██[38;2;230;222;222m██[38;2;230;222;222m██[38;2;230;222;222m██[38;2;197;189;189m██[38;2;197;189;189m██[38;2;197;189;189m██[38;2;197;189;189m██[38;2;197;189;189m██[38;2;197;189;189m██[38;2;197;189;189m██[38;2;123;106;106m██[38;2;230;222;222m██[38;2;230;222;222m██[38;2;230;222;222m██[38;2;230;222;222m██[38;2;230;222;222m██[38;2;123;106;106m██            
            [38;2;123;106;106m██[38;2;230;222;222m██[38;2;230;222;222m██[38;2;230;222;222m██[38;2;16;16;16m██[38;2;197;189;189m██[38;2;197;189;189m██[38;2;123;106;106m██[38;2;197;189;189m██[38;2;230;222;222m██[38;2;230;222;222m██[38;2;123;106;106m██[38;2;230;222;222m██[38;2;230;222;222m██[38;2;230;222;222m██[38;2;230;222;222m██[38;2;197;189;189m██[38;2;123;106;106m██[38;2;123;106;106m██[38;2;123;106;106m██[38;2;197;189;189m██[38;2;197;189;189m██[38;2;197;189;189m██[38;2;197;189;189m██[38;2;197;189;189m██[38;2;230;222;222m██[38;2;230;222;222m██[38;2;230;222;222m██[38;2;230;222;222m██[38;2;230;222;222m██[38;2;230;222;222m██[38;2;16;16;16m██          
          [38;2;16;16;16m██[38;2;230;222;222m██[38;2;230;222;222m██[38;2;230;222;222m██[38;2;123;106;106m██[38;2;16;16;16m██[38;2;197;189;189m██[38;2;123;106;106m██[38;2;255;255;255m██[38;2;16;16;16m██[38;2;123;106;106m██[38;2;230;222;222m██[38;2;230;222;222m██[38;2;123;106;106m██[38;2;230;222;222m██[38;2;197;189;189m██[38;2;197;189;189m██[38;2;123;106;106m██[38;2;123;106;106m██[38;2;16;16;16m██[38;2;123;106;106m██[38;2;123;106;106m██[38;2;123;106;106m██[38;2;197;189;189m██[38;2;197;189;189m██[38;2;197;189;189m██[38;2;123;106;106m██[38;2;123;106;106m██[38;2;123;106;106m██[38;2;230;222;222m██[38;2;230;222;222m██[38;2;197;189;189m██[38;2;16;16;16m██          
      [38;2;57;131;180m██[38;2;57;131;180m██[38;2;16;16;16m██[38;2;230;222;222m██[38;2;230;222;222m██[38;2;123;106;106m██[38;2;230;222;222m██[38;2;230;222;222m██[38;2;16;16;16m██[38;2;16;16;16m██[38;2;255;255;255m██[38;2;16;16;16m██[38;2;16;16;16m██[38;2;123;106;106m██[38;2;197;189;189m██[38;2;123;106;106m██[38;2;197;189;189m██[38;2;197;189;189m██[38;2;123;106;106m██[38;2;255;255;255m██[38;2;16;16;16m██[38;2;16;16;16m██[38;2;16;16;16m██[38;2;255;255;255m██[38;2;255;255;255m██[38;2;123;106;106m██[38;2;16;16;16m██[38;2;123;106;106m██[38;2;123;106;106m██[38;2;230;222;222m██[38;2;230;222;222m██[38;2;123;106;106m██[38;2;230;222;222m██[38;2;197;189;189m██[38;2;16;16;16m██[38;2;57;131;180m██[38;2;57;131;180m██      
  [38;2;57;131;180m██  [38;2;57;131;180m██[38;2;180;213;255m██[38;2;16;16;16m██[38;2;230;222;222m██[38;2;230;222;222m██[38;2;123;106;106m██[38;2;230;222;222m██[38;2;230;222;222m██[38;2;230;222;222m██[38;2;16;16;16m██[38;2;255;255;255m██[38;2;197;189;189m██[38;2;16;16;16m██[38;2;16;16;16m██[38;2;123;106;106m██[38;2;123;106;106m██[38;2;123;106;106m██[38;2;123;106;106m██[38;2;197;189;189m██[38;2;255;255;255m██[38;2;16;16;16m██[38;2;16;16;16m██[38;2;16;16;16m██[38;2;255;255;255m██[38;2;255;255;255m██[38;2;197;189;189m██[38;2;16;16;16m██[38;2;123;106;106m██[38;2;197;189;189m██[38;2;197;189;189m██[38;2;230;222;222m██[38;2;123;106;106m██[38;2;197;189;189m██[38;2;197;189;189m██[38;2;16;16;16m██[38;2;180;213;255m██[38;2;57;74;90m██  [38;2;57;131;180m██  
[38;2;57;131;180m██[38;2;106;205;230m██[38;2;57;131;180m██[38;2;57;74;90m██[38;2;106;205;230m██[38;2;106;205;230m██[38;2;16;16;16m██[38;2;230;222;222m██[38;2;230;222;222m██[38;2;230;222;222m██[38;2;230;222;222m██[38;2;197;189;189m██[38;2;197;189;189m██[38;2;16;16;16m██[38;2;255;255;255m██[38;2;123;106;106m██[38;2;197;189;189m██[38;2;230;222;222m██[38;2;230;222;222m██[38;2;230;222;222m██[38;2;230;222;222m██[38;2;197;189;189m██[38;2;255;255;255m██[38;2;197;189;189m██[38;2;16;16;16m██[38;2;197;189;189m██[38;2;255;255;255m██[38;2;197;189;189m██[38;2;197;189;189m██[38;2;16;16;16m██[38;2;123;106;106m██[38;2;197;189;189m██[38;2;197;189;189m██[38;2;197;189;189m██[38;2;197;189;189m██[38;2;197;189;189m██[38;2;16;16;16m██[38;2;90;164;205m██[38;2;106;205;230m██[38;2;16;16;16m██[38;2;57;131;180m██[38;2;106;205;230m██[38;2;57;131;180m██
[38;2;57;74;90m██[38;2;106;205;230m██[38;2;90;164;205m██[38;2;57;74;90m██[38;2;90;164;205m██[38;2;106;205;230m██[38;2;57;74;90m██[38;2;16;16;16m██[38;2;197;189;189m██[38;2;197;189;189m██[38;2;197;189;189m██[38;2;197;189;189m██[38;2;16;16;16m██[38;2;16;16;16m██[38;2;230;90;57m██[38;2;230;90;57m██[38;2;255;255;255m██[38;2;230;222;222m██[38;2;115;41;65m██[38;2;115;41;65m██[38;2;115;41;65m██[38;2;230;222;222m██[38;2;197;189;189m██[38;2;255;255;255m██[38;2;255;255;255m██[38;2;255;255;255m██[38;2;197;189;189m██[38;2;197;189;189m██[38;2;16;16;16m██  [38;2;16;16;16m██[38;2;123;106;106m██[38;2;197;189;189m██[38;2;197;189;189m██[38;2;197;189;189m██[38;2;16;16;16m██[38;2;57;131;180m██[38;2;106;205;230m██[38;2;90;164;205m██[38;2;57;131;180m██[38;2;90;164;205m██[38;2;106;205;230m██[38;2;57;74;90m██
[38;2;57;74;90m██[38;2;90;164;205m██[38;2;57;74;90m██[38;2;180;213;255m██[38;2;57;131;180m██[38;2;90;164;205m██[38;2;90;164;205m██[38;2;57;74;90m██[38;2;57;74;90m██[38;2;16;16;16m██[38;2;16;16;16m██[38;2;16;16;16m██    [38;2;16;16;16m██[38;2;197;189;189m██[38;2;230;222;222m██[38;2;115;41;65m██[38;2;115;41;65m██[38;2;115;41;65m██[38;2;180;57;90m██[38;2;180;57;90m██[38;2;115;41;65m██[38;2;197;189;189m██[38;2;197;189;189m██[38;2;230;90;57m██[38;2;230;90;57m██[38;2;123;106;106m██[38;2;16;16;16m██    [38;2;16;16;16m██[38;2;16;16;16m██[38;2;16;16;16m██[38;2;16;16;16m██[38;2;57;74;90m██[38;2;90;164;205m██[38;2;90;164;205m██[38;2;57;131;180m██[38;2;180;213;255m██[38;2;57;74;90m██[38;2;90;164;205m██[38;2;16;16;16m██
  [38;2;16;16;16m██[38;2;16;16;16m██[38;2;106;205;230m██[38;2;106;205;230m██[38;2;106;205;230m██[38;2;90;164;205m██[38;2;230;222;222m██[38;2;230;222;222m██[38;2;106;205;230m██[38;2;106;205;230m██[38;2;90;164;205m██[38;2;57;131;180m██[38;2;57;131;180m██[38;2;57;131;180m██[38;2;16;16;16m██[38;2;197;189;189m██[38;2;197;189;189m██[38;2;197;189;189m██[38;2;180;57;90m██[38;2;180;57;90m██[38;2;197;189;189m██[38;2;197;189;189m██[38;2;197;189;189m██[38;2;197;189;189m██[38;2;197;189;189m██[38;2;123;106;106m██[38;2;16;16;16m██[38;2;57;74;90m██[38;2;57;74;90m██[38;2;57;74;90m██[38;2;57;131;180m██[38;2;57;131;180m██[38;2;57;131;180m██[38;2;197;189;189m██[38;2;197;189;189m██[38;2;90;164;205m██[38;2;106;205;230m██[38;2;106;205;230m██[38;2;90;164;205m██[38;2;16;16;16m██[38;2;16;16;16m██  
      [38;2;16;16;16m██[38;2;16;16;16m██[38;2;16;16;16m██[38;2;57;74;90m██[38;2;230;222;222m██[38;2;230;222;222m██[38;2;106;205;230m██[38;2;106;205;230m██[38;2;106;205;230m██[38;2;106;205;230m██[38;2;106;205;230m██[38;2;106;205;230m██[38;2;106;205;230m██[38;2;16;16;16m██[38;2;16;16;16m██[38;2;123;106;106m██[38;2;197;189;189m██[38;2;197;189;189m██[38;2;197;189;189m██[38;2;197;189;189m██[38;2;197;189;189m██[38;2;16;16;16m██[38;2;16;16;16m██[38;2;16;16;16m██[38;2;57;131;180m██[38;2;57;131;180m██[38;2;57;131;180m██[38;2;57;131;180m██[38;2;57;131;180m██[38;2;57;131;180m██[38;2;57;131;180m██[38;2;197;189;189m██[38;2;197;189;189m██[38;2;57;74;90m██[38;2;16;16;16m██[38;2;16;16;16m██[38;2;16;16;16m██      
              [38;2;16;16;16m██[38;2;16;16;16m██[38;2;16;16;16m██[38;2;16;16;16m██[38;2;16;16;16m██[38;2;90;164;205m██[38;2;106;205;230m██[38;2;106;205;230m██[38;2;106;205;230m██[38;2;106;205;230m██[38;2;57;131;180m██[38;2;16;16;16m██[38;2;16;16;16m██[38;2;16;16;16m██[38;2;16;16;16m██[38;2;16;16;16m██[38;2;57;74;90m██[38;2;57;131;180m██[38;2;57;131;180m██[38;2;57;131;180m██[38;2;57;131;180m██[38;2;57;131;180m██[38;2;57;131;180m██[38;2;57;74;90m██[38;2;16;16;16m██[38;2;16;16;16m██[38;2;16;16;16m██[38;2;16;16;16m██[38;2;16;16;16m██              
                        [38;2;16;16;16m██[38;2;16;16;16m██[38;2;16;16;16m██[38;2;16;16;16m██[38;2;16;16;16m██[38;2;57;131;180m██[38;2;57;131;180m██[38;2;57;131;180m██[38;2;57;131;180m██[38;2;57;131;180m██[38;2;57;131;180m██[38;2;57;131;180m██[38;2;57;131;180m██[38;2;16;16;16m██[38;2;16;16;16m██[38;2;16;16;16m██[38;2;16;16;16m██[38;2;16;16;16m██                          
                                  [38;2;16;16;16m██[38;2;106;205;230m██[38;2;90;164;205m██[38;2;57;131;180m██[38;2;57;131;180m██[38;2;57;131;180m██[38;2;90;164;205m██[38;2;16;16;16m██                                    
                                  [38;2;16;16;16m██[38;2;106;205;230m██[38;2;106;205;230m██[38;2;106;205;230m██[38;2;106;205;230m██[38;2;106;205;230m██[38;2;106;205;230m██[38;2;16;16;16m██                                    
                              [38;2;57;74;90m██[38;2;57;74;90m██[38;2;230;222;222m██[38;2;197;189;189m██[38;2;106;205;230m██[38;2;106;205;230m██[38;2;106;205;230m██[38;2;106;205;230m██[38;2;197;189;189m██[38;2;230;222;222m██[38;2;16;16;16m██                                  
                        [38;2;57;74;90m██[38;2;57;74;90m██[38;2;57;74;90m██[38;2;57;131;180m██[38;2;123;106;106m██[38;2;197;189;189m██[38;2;230;222;222m██[38;2;230;222;222m██[38;2;230;222;222m██[38;2;230;222;222m██[38;2;230;222;222m██[38;2;230;222;222m██[38;2;197;189;189m██[38;2;123;106;106m██[38;2;57;74;90m██[38;2;57;74;90m██[38;2;57;74;90m██                            
                    [38;2;57;74;90m██[38;2;57;74;90m██[38;2;57;131;180m██[38;2;57;131;180m██[38;2;57;131;180m██[38;2;57;131;180m██[38;2;57;131;180m██[38;2;123;106;106m██[38;2;197;189;189m██[38;2;197;189;189m██[38;2;197;189;189m██[38;2;197;189;189m██[38;2;197;189;189m██[38;2;197;189;189m██[38;2;57;74;90m██[38;2;57;131;180m██[38;2;57;131;180m██[38;2;57;131;180m██[38;2;57;131;180m██[38;2;57;74;90m██[38;2;57;74;90m██[38;2;16;16;16m██                      
                  [38;2;57;74;90m██[38;2;90;164;205m██[38;2;106;205;230m██[38;2;57;74;90m██[38;2;57;74;90m██[38;2;57;131;180m██[38;2;57;131;180m██[38;2;16;16;16m██[38;2;16;16;16m██[38;2;197;189;189m██[38;2;16;16;16m██[38;2;16;16;16m██[38;2;197;189;189m██[38;2;197;189;189m██[38;2;57;74;90m██[38;2;57;131;180m██[38;2;57;131;180m██[38;2;57;74;90m██[38;2;57;74;90m██[38;2;90;164;205m██[38;2;90;164;205m██[38;2;57;131;180m██[38;2;57;131;180m██[38;2;16;16;16m██                    
                  [38;2;16;16;16m██[38;2;106;205;230m██[38;2;106;205;230m██[38;2;106;205;230m██[38;2;106;205;230m██[38;2;57;74;90m██[38;2;16;16;16m██[38;2;255;255;255m██[38;2;255;255;255m██[38;2;123;106;106m██[38;2;255;255;255m██[38;2;255;255;255m██[38;2;16;16;16m██[38;2;16;16;16m██[38;2;57;74;90m██[38;2;57;74;90m██[38;2;57;74;90m██[38;2;57;131;180m██[38;2;106;205;230m██[38;2;106;205;230m██[38;2;106;205;230m██[38;2;90;164;205m██[38;2;57;131;180m██[38;2;16;16;16m██                    
                  [38;2;16;16;16m██[38;2;106;205;230m██[38;2;106;205;230m██[38;2;106;205;230m██[38;2;106;205;230m██[38;2;106;205;230m██[38;2;123;106;106m██[38;2;230;222;222m██[38;2;230;222;222m██[38;2;123;106;106m██[38;2;230;222;222m██[38;2;255;255;255m██[38;2;230;222;222m██[38;2;230;222;222m██[38;2;57;131;180m██[38;2;106;205;230m██[38;2;106;205;230m██[38;2;106;205;230m██[38;2;106;205;230m██[38;2;106;205;230m██[38;2;106;205;230m██[38;2;90;164;205m██[38;2;57;131;180m██[38;2;16;16;16m██                    
                    [38;2;16;16;16m██[38;2;57;131;180m██[38;2;90;164;205m██[38;2;106;205;230m██[38;2;106;205;230m██[38;2;57;131;180m██[38;2;16;16;16m██[38;2;197;189;189m██[38;2;16;16;16m██[38;2;123;106;106m██[38;2;230;222;222m██[38;2;230;222;222m██[38;2;57;131;180m██[38;2;106;205;230m██[38;2;106;205;230m██[38;2;106;205;230m██[38;2;106;205;230m██[38;2;106;205;230m██[38;2;106;205;230m██[38;2;57;131;180m██[38;2;16;16;16m██[38;2;16;16;16m██                      
                        [38;2;16;16;16m██[38;2;16;16;16m██[38;2;16;16;16m██[38;2;123;106;106m██[38;2;197;189;189m██[38;2;123;106;106m██[38;2;230;222;222m██[38;2;230;222;222m██[38;2;230;222;222m██[38;2;230;222;222m██[38;2;57;131;180m██[38;2;106;205;230m██[38;2;106;205;230m██[38;2;106;205;230m██[38;2;57;131;180m██[38;2;16;16;16m██[38;2;16;16;16m██[38;2;16;16;16m██                          
                              [38;2;123;106;106m██[38;2;197;189;189m██[38;2;123;106;106m██[38;2;230;222;222m██[38;2;230;222;222m██[38;2;230;222;222m██[38;2;230;222;222m██[38;2;197;189;189m██[38;2;57;74;90m██[38;2;16;16;16m██[38;2;16;16;16m██[38;2;16;16;16m██                                
                              [38;2;16;16;16m██[38;2;197;189;189m██[38;2;16;16;16m██[38;2;230;222;222m██[38;2;230;222;222m██[38;2;230;222;222m██[38;2;197;189;189m██[38;2;197;189;189m██[38;2;16;16;16m██                                      
                                [38;2;16;16;16m██[38;2;197;189;189m██[38;2;16;16;16m██[38;2;197;189;189m██[38;2;197;189;189m██[38;2;197;189;189m██[38;2;16;16;16m██                                        
                                  [38;2;16;16;16m██[38;2;16;16;16m██[38;2;16;16;16m██[38;2;16;16;16m██[38;2;16;16;16m██                                          
