                                                                                                              [38;2;16;16;16m██[38;2;16;16;16m██  
                                                                                          [38;2;139;82;24m██                [38;2;16;16;16m██[38;2;225;175;87m██[38;2;16;16;16m██  
                                                                                        [38;2;139;82;24m██[38;2;139;82;24m██                [38;2;16;16;16m██[38;2;225;175;87m██[38;2;16;16;16m██  
                                                                                      [38;2;139;82;24m██[38;2;225;175;87m██[38;2;139;82;24m██              [38;2;139;82;24m██[38;2;225;175;87m██[38;2;195;124;57m██[38;2;16;16;16m██  
                                                                                    [38;2;139;82;24m██[38;2;225;175;87m██[38;2;255;237;95m██[38;2;139;82;24m██              [38;2;139;82;24m██[38;2;225;175;87m██[38;2;195;124;57m██[38;2;16;16;16m██  
                                                                                  [38;2;139;82;24m██[38;2;225;175;87m██[38;2;225;175;87m██[38;2;255;237;95m██[38;2;139;82;24m██            [38;2;139;82;24m██[38;2;255;237;95m██[38;2;225;175;87m██[38;2;225;175;87m██[38;2;16;16;16m██  
                                                                                [38;2;139;82;24m██[38;2;225;175;87m██[38;2;225;175;87m██[38;2;255;237;95m██[38;2;255;237;95m██[38;2;139;82;24m██            [38;2;139;82;24m██[38;2;225;175;87m██[38;2;255;237;95m██[38;2;225;175;87m██[38;2;16;16;16m██  
                                                                              [38;2;139;82;24m██[38;2;225;175;87m██[38;2;255;237;95m██[38;2;225;175;87m██[38;2;255;237;95m██[38;2;255;237;95m██[38;2;139;82;24m██          [38;2;16;16;16m██[38;2;255;237;95m██[38;2;225;175;87m██[38;2;255;237;95m██[38;2;225;175;87m██[38;2;16;16;16m██  
                                                                            [38;2;195;124;57m██[38;2;225;175;87m██[38;2;255;237;95m██[38;2;255;237;95m██[38;2;225;175;87m██[38;2;255;237;95m██[38;2;255;237;95m██[38;2;139;82;24m██        [38;2;139;82;24m██[38;2;195;124;57m██[38;2;255;237;95m██[38;2;225;175;87m██[38;2;255;237;95m██[38;2;16;16;16m██    
                                                                            [38;2;139;82;24m██[38;2;255;237;95m██[38;2;255;237;95m██[38;2;225;175;87m██[38;2;255;237;95m██[38;2;255;237;95m██[38;2;255;237;95m██[38;2;139;82;24m██        [38;2;139;82;24m██[38;2;255;237;95m██[38;2;225;175;87m██[38;2;255;237;95m██[38;2;225;175;87m██[38;2;16;16;16m██    
                                                                          [38;2;139;82;24m██[38;2;255;237;95m██[38;2;255;237;95m██[38;2;255;237;95m██[38;2;225;175;87m██[38;2;255;237;95m██[38;2;255;237;95m██[38;2;225;175;87m██[38;2;139;82;24m██      [38;2;139;82;24m██[38;2;255;237;95m██[38;2;255;237;95m██[38;2;225;175;87m██[38;2;255;237;95m██[38;2;225;175;87m██[38;2;16;16;16m██    
                                                                        [38;2;139;82;24m██[38;2;255;237;95m██[38;2;255;237;95m██[38;2;255;237;95m██[38;2;225;175;87m██[38;2;255;237;95m██[38;2;255;237;95m██[38;2;255;237;95m██[38;2;225;175;87m██[38;2;139;82;24m██      [38;2;139;82;24m██[38;2;255;237;95m██[38;2;255;237;95m██[38;2;255;237;95m██[38;2;225;175;87m██[38;2;225;175;87m██[38;2;16;16;16m██    
                                                                      [38;2;139;82;24m██[38;2;255;237;95m██[38;2;255;237;95m██[38;2;255;237;95m██[38;2;255;237;95m██[38;2;225;175;87m██[38;2;255;237;95m██[38;2;255;237;95m██[38;2;255;237;95m██[38;2;225;175;87m██[38;2;139;82;24m██    [38;2;139;82;24m██[38;2;255;237;95m██[38;2;255;237;95m██[38;2;255;237;95m██[38;2;255;237;95m██[38;2;225;175;87m██[38;2;225;175;87m██[38;2;16;16;16m██    
                                                                    [38;2;139;82;24m██[38;2;225;175;87m██[38;2;255;237;95m██[38;2;255;237;95m██[38;2;255;237;95m██[38;2;225;175;87m██[38;2;255;237;95m██[38;2;255;237;95m██[38;2;255;237;95m██[38;2;255;237;95m██[38;2;225;175;87m██[38;2;139;82;24m██    [38;2;139;82;24m██[38;2;255;237;95m██[38;2;255;237;95m██[38;2;255;237;95m██[38;2;255;237;95m██[38;2;225;175;87m██[38;2;16;16;16m██      
                                                                  [38;2;195;124;57m██[38;2;225;175;87m██[38;2;255;237;95m██[38;2;255;237;95m██[38;2;255;237;95m██[38;2;255;237;95m██[38;2;225;175;87m██[38;2;255;237;95m██[38;2;255;237;95m██[38;2;255;237;95m██[38;2;225;175;87m██[38;2;225;175;87m██[38;2;139;82;24m██  [38;2;139;82;24m██[38;2;255;237;95m██[38;2;255;237;95m██[38;2;255;237;95m██[38;2;255;237;95m██[38;2;225;175;87m██[38;2;225;175;87m██[38;2;16;16;16m██      
                                                [38;2;139;82;24m██                [38;2;139;82;24m██[38;2;255;237;95m██[38;2;255;237;95m██[38;2;255;237;95m██[38;2;255;237;95m██[38;2;255;237;95m██[38;2;255;237;95m██[38;2;255;237;95m██[38;2;255;237;95m██[38;2;255;237;95m██[38;2;225;175;87m██[38;2;225;175;87m██[38;2;139;82;24m██  [38;2;139;82;24m██[38;2;255;237;95m██[38;2;255;237;95m██[38;2;255;237;95m██[38;2;255;237;95m██[38;2;225;175;87m██[38;2;225;175;87m██[38;2;16;16;16m██      
                                              [38;2;139;82;24m██[38;2;255;237;95m██[38;2;139;82;24m██            [38;2;139;82;24m██[38;2;255;237;95m██[38;2;255;237;95m██[38;2;255;237;95m██[38;2;255;237;95m██[38;2;255;237;95m██[38;2;255;237;95m██[38;2;255;237;95m██[38;2;255;237;95m██[38;2;255;237;95m██[38;2;255;237;95m██[38;2;225;175;87m██[38;2;225;175;87m██[38;2;195;124;57m██[38;2;139;82;24m██[38;2;255;237;95m██[38;2;255;237;95m██[38;2;225;175;87m██[38;2;255;237;95m██[38;2;255;237;95m██[38;2;225;175;87m██[38;2;225;175;87m██[38;2;16;16;16m██      
                                            [38;2;139;82;24m██[38;2;255;237;95m██[38;2;255;237;95m██[38;2;139;82;24m██          [38;2;139;82;24m██[38;2;255;237;95m██[38;2;255;237;95m██[38;2;255;237;95m██[38;2;255;237;95m██[38;2;255;237;95m██[38;2;255;237;95m██[38;2;255;237;95m██[38;2;255;237;95m██[38;2;255;237;95m██[38;2;255;237;95m██[38;2;255;237;95m██[38;2;225;175;87m██[38;2;225;175;87m██[38;2;195;124;57m██[38;2;255;237;95m██[38;2;255;237;95m██[38;2;255;237;95m██[38;2;225;175;87m██[38;2;255;237;95m██[38;2;255;237;95m██[38;2;225;175;87m██[38;2;16;16;16m██        
                                            [38;2;139;82;24m██[38;2;255;237;95m██[38;2;255;237;95m██[38;2;139;82;24m██        [38;2;139;82;24m██[38;2;255;237;95m██[38;2;255;237;95m██[38;2;255;237;95m██[38;2;255;237;95m██[38;2;255;237;95m██[38;2;255;237;95m██[38;2;255;237;95m██[38;2;255;237;95m██[38;2;255;237;95m██[38;2;255;237;95m██[38;2;255;237;95m██[38;2;225;175;87m██[38;2;225;175;87m██[38;2;225;175;87m██[38;2;195;124;57m██[38;2;255;237;95m██[38;2;255;237;95m██[38;2;225;175;87m██[38;2;255;237;95m██[38;2;255;237;95m██[38;2;225;175;87m██[38;2;225;175;87m██[38;2;16;16;16m██        
                                          [38;2;139;82;24m██[38;2;255;237;95m██[38;2;255;237;95m██[38;2;255;237;95m██[38;2;139;82;24m██      [38;2;139;82;24m██[38;2;255;237;95m██[38;2;255;237;95m██[38;2;255;237;95m██[38;2;255;237;95m██[38;2;255;237;95m██[38;2;255;237;95m██[38;2;255;237;95m██[38;2;255;237;95m██[38;2;255;237;95m██[38;2;255;237;95m██[38;2;255;237;95m██[38;2;255;237;95m██[38;2;225;175;87m██[38;2;225;175;87m██[38;2;195;124;57m██[38;2;225;175;87m██[38;2;255;237;95m██[38;2;255;237;95m██[38;2;225;175;87m██[38;2;255;237;95m██[38;2;255;237;95m██[38;2;225;175;87m██[38;2;225;175;87m██[38;2;16;16;16m██        
                                          [38;2;139;82;24m██[38;2;255;237;95m██[38;2;255;237;95m██[38;2;255;237;95m██[38;2;139;82;24m██    [38;2;139;82;24m██[38;2;225;175;87m██[38;2;255;237;95m██[38;2;255;237;95m██[38;2;255;237;95m██[38;2;255;237;95m██[38;2;255;237;95m██[38;2;255;237;95m██[38;2;255;237;95m██[38;2;255;237;95m██[38;2;255;237;95m██[38;2;255;237;95m██[38;2;255;237;95m██[38;2;255;237;95m██[38;2;225;175;87m██[38;2;225;175;87m██[38;2;195;124;57m██[38;2;225;175;87m██[38;2;255;237;95m██[38;2;225;175;87m██[38;2;255;237;95m██[38;2;255;237;95m██[38;2;255;237;95m██[38;2;225;175;87m██[38;2;225;175;87m██[38;2;16;16;16m██        
                                        [38;2;139;82;24m██[38;2;255;237;95m██[38;2;255;237;95m██[38;2;255;237;95m██[38;2;255;237;95m██[38;2;255;237;95m██[38;2;139;82;24m██[38;2;139;82;24m██[38;2;225;175;87m██[38;2;255;237;95m██[38;2;255;237;95m██[38;2;255;237;95m██[38;2;255;237;95m██[38;2;255;237;95m██[38;2;255;237;95m██[38;2;255;237;95m██[38;2;255;237;95m██[38;2;255;237;95m██[38;2;255;237;95m██[38;2;255;237;95m██[38;2;255;237;95m██[38;2;255;237;95m██[38;2;225;175;87m██[38;2;225;175;87m██[38;2;195;124;57m██[38;2;225;175;87m██[38;2;255;237;95m██[38;2;225;175;87m██[38;2;255;237;95m██[38;2;255;237;95m██[38;2;255;237;95m██[38;2;225;175;87m██[38;2;225;175;87m██[38;2;16;16;16m██        
              [38;2;16;16;16m██                        [38;2;139;82;24m██[38;2;255;237;95m██[38;2;255;237;95m██[38;2;255;237;95m██[38;2;255;237;95m██[38;2;255;237;95m██[38;2;195;124;57m██[38;2;225;175;87m██[38;2;225;175;87m██[38;2;255;237;95m██[38;2;255;237;95m██[38;2;255;237;95m██[38;2;255;237;95m██[38;2;255;237;95m██[38;2;255;237;95m██[38;2;255;237;95m██[38;2;255;237;95m██[38;2;255;237;95m██[38;2;255;237;95m██[38;2;255;237;95m██[38;2;255;237;95m██[38;2;225;175;87m██[38;2;225;175;87m██[38;2;225;175;87m██[38;2;195;124;57m██[38;2;225;175;87m██[38;2;225;175;87m██[38;2;255;237;95m██[38;2;255;237;95m██[38;2;255;237;95m██[38;2;225;175;87m██[38;2;225;175;87m██[38;2;225;175;87m██[38;2;16;16;16m██        
              [38;2;16;16;16m██[38;2;16;16;16m██                    [38;2;139;82;24m██[38;2;255;237;95m██[38;2;255;237;95m██[38;2;255;237;95m██[38;2;255;237;95m██[38;2;255;237;95m██[38;2;255;237;95m██[38;2;195;124;57m██[38;2;225;175;87m██[38;2;255;237;95m██[38;2;255;237;95m██[38;2;255;237;95m██[38;2;255;237;95m██[38;2;255;237;95m██[38;2;255;237;95m██[38;2;255;237;95m██[38;2;255;237;95m██[38;2;255;237;95m██[38;2;255;237;95m██[38;2;255;237;95m██[38;2;255;237;95m██[38;2;255;237;95m██[38;2;225;175;87m██[38;2;225;175;87m██[38;2;225;175;87m██[38;2;195;124;57m██[38;2;225;175;87m██[38;2;225;175;87m██[38;2;255;237;95m██[38;2;255;237;95m██[38;2;255;237;95m██[38;2;225;175;87m██[38;2;225;175;87m██[38;2;225;175;87m██[38;2;16;16;16m██        
              [38;2;16;16;16m██[38;2;225;175;87m██[38;2;16;16;16m██              [38;2;16;16;16m██  [38;2;139;82;24m██[38;2;255;237;95m██[38;2;255;237;95m██[38;2;255;237;95m██[38;2;255;237;95m██[38;2;255;237;95m██[38;2;225;175;87m██[38;2;195;124;57m██[38;2;225;175;87m██[38;2;255;237;95m██[38;2;255;237;95m██[38;2;255;237;95m██[38;2;255;237;95m██[38;2;255;237;95m██[38;2;255;237;95m██[38;2;225;175;87m██[38;2;255;237;95m██[38;2;255;237;95m██[38;2;255;237;95m██[38;2;255;237;95m██[38;2;255;237;95m██[38;2;255;237;95m██[38;2;225;175;87m██[38;2;225;175;87m██[38;2;225;175;87m██[38;2;195;124;57m██[38;2;225;175;87m██[38;2;255;237;95m██[38;2;255;237;95m██[38;2;255;237;95m██[38;2;255;237;95m██[38;2;225;175;87m██[38;2;225;175;87m██[38;2;16;16;16m██          
              [38;2;16;16;16m██[38;2;255;237;95m██[38;2;16;16;16m██              [38;2;16;16;16m██[38;2;16;16;16m██[38;2;255;237;95m██[38;2;255;237;95m██[38;2;255;237;95m██[38;2;255;237;95m██[38;2;255;237;95m██[38;2;255;237;95m██[38;2;225;175;87m██[38;2;195;124;57m██[38;2;225;175;87m██[38;2;255;237;95m██[38;2;255;237;95m██[38;2;255;237;95m██[38;2;255;237;95m██[38;2;255;237;95m██[38;2;255;237;95m██[38;2;225;175;87m██[38;2;255;237;95m██[38;2;255;237;95m██[38;2;255;237;95m██[38;2;255;237;95m██[38;2;255;237;95m██[38;2;255;237;95m██[38;2;225;175;87m██[38;2;225;175;87m██[38;2;225;175;87m██[38;2;225;175;87m██[38;2;225;175;87m██[38;2;255;237;95m██[38;2;255;237;95m██[38;2;255;237;95m██[38;2;255;237;95m██[38;2;225;175;87m██[38;2;225;175;87m██[38;2;16;16;16m██          
              [38;2;16;16;16m██[38;2;255;237;95m██[38;2;225;175;87m██[38;2;16;16;16m██            [38;2;16;16;16m██[38;2;139;82;24m██[38;2;255;237;95m██[38;2;255;237;95m██[38;2;255;237;95m██[38;2;255;237;95m██[38;2;255;237;95m██[38;2;255;237;95m██[38;2;225;175;87m██[38;2;225;175;87m██[38;2;195;124;57m██[38;2;255;237;95m██[38;2;255;237;95m██[38;2;255;237;95m██[38;2;255;237;95m██[38;2;255;237;95m██[38;2;225;175;87m██[38;2;255;237;95m██[38;2;255;237;95m██[38;2;255;237;95m██[38;2;255;237;95m██[38;2;255;237;95m██[38;2;255;237;95m██[38;2;255;237;95m██[38;2;225;175;87m██[38;2;225;175;87m██[38;2;225;175;87m██[38;2;225;175;87m██[38;2;255;237;95m██[38;2;255;237;95m██[38;2;255;237;95m██[38;2;255;237;95m██[38;2;255;237;95m██[38;2;225;175;87m██[38;2;225;175;87m██[38;2;0;0;0m██          
              [38;2;16;16;16m██[38;2;255;237;95m██[38;2;225;175;87m██[38;2;16;16;16m██            [38;2;16;16;16m██[38;2;255;237;95m██[38;2;139;82;24m██[38;2;255;237;95m██[38;2;255;237;95m██[38;2;255;237;95m██[38;2;255;237;95m██[38;2;225;175;87m██[38;2;225;175;87m██[38;2;225;175;87m██[38;2;195;124;57m██[38;2;255;237;95m██[38;2;255;237;95m██[38;2;255;237;95m██[38;2;255;237;95m██[38;2;255;237;95m██[38;2;225;175;87m██[38;2;255;237;95m██[38;2;255;237;95m██[38;2;255;237;95m██[38;2;255;237;95m██[38;2;255;237;95m██[38;2;255;237;95m██[38;2;225;175;87m██[38;2;225;175;87m██[38;2;225;175;87m██[38;2;225;175;87m██[38;2;225;175;87m██[38;2;255;237;95m██[38;2;255;237;95m██[38;2;255;237;95m██[38;2;255;237;95m██[38;2;225;175;87m██[38;2;225;175;87m██[38;2;225;175;87m██[38;2;0;0;0m██          
              [38;2;16;16;16m██[38;2;255;237;95m██[38;2;225;175;87m██[38;2;16;16;16m██            [38;2;139;82;24m██[38;2;255;237;95m██[38;2;139;82;24m██[38;2;255;237;95m██[38;2;255;237;95m██[38;2;255;237;95m██[38;2;255;237;95m██[38;2;225;175;87m██[38;2;225;175;87m██[38;2;225;175;87m██[38;2;195;124;57m██[38;2;255;237;95m██[38;2;255;237;95m██[38;2;255;237;95m██[38;2;255;237;95m██[38;2;225;175;87m██[38;2;255;237;95m██[38;2;255;237;95m██[38;2;255;237;95m██[38;2;255;237;95m██[38;2;255;237;95m██[38;2;255;237;95m██[38;2;255;237;95m██[38;2;225;175;87m██[38;2;225;175;87m██[38;2;225;175;87m██[38;2;225;175;87m██[38;2;255;237;95m██[38;2;255;237;95m██[38;2;255;237;95m██[38;2;255;237;95m██[38;2;255;237;95m██[38;2;225;175;87m██[38;2;225;175;87m██[38;2;225;175;87m██[38;2;0;0;0m██          
              [38;2;16;16;16m██[38;2;255;237;95m██[38;2;225;175;87m██[38;2;225;175;87m██[38;2;16;16;16m██        [38;2;139;82;24m██[38;2;195;124;57m██[38;2;255;237;95m██[38;2;255;237;95m██[38;2;139;82;24m██[38;2;255;237;95m██[38;2;255;237;95m██[38;2;255;237;95m██[38;2;225;175;87m██[38;2;225;175;87m██[38;2;225;175;87m██[38;2;195;124;57m██[38;2;255;237;95m██[38;2;255;237;95m██[38;2;255;237;95m██[38;2;255;237;95m██[38;2;225;175;87m██[38;2;255;237;95m██[38;2;255;237;95m██[38;2;255;237;95m██[38;2;255;237;95m██[38;2;255;237;95m██[38;2;255;237;95m██[38;2;255;237;95m██[38;2;225;175;87m██[38;2;225;175;87m██[38;2;225;175;87m██[38;2;225;175;87m██[38;2;255;237;95m██[38;2;255;237;95m██[38;2;255;237;95m██[38;2;255;237;95m██[38;2;255;237;95m██[38;2;225;175;87m██[38;2;225;175;87m██[38;2;225;175;87m██[38;2;0;0;0m██          
              [38;2;16;16;16m██[38;2;255;237;95m██[38;2;255;237;95m██[38;2;225;175;87m██[38;2;16;16;16m██        [38;2;139;82;24m██[38;2;195;124;57m██[38;2;255;237;95m██[38;2;255;237;95m██[38;2;139;82;24m██[38;2;255;237;95m██[38;2;255;237;95m██[38;2;225;175;87m██[38;2;225;175;87m██[38;2;225;175;87m██[38;2;225;175;87m██[38;2;195;124;57m██[38;2;225;175;87m██[38;2;255;237;95m██[38;2;255;237;95m██[38;2;225;175;87m██[38;2;255;237;95m██[38;2;255;237;95m██[38;2;255;237;95m██[38;2;255;237;95m██[38;2;255;237;95m██[38;2;255;237;95m██[38;2;255;237;95m██[38;2;255;237;95m██[38;2;225;175;87m██[38;2;225;175;87m██[38;2;225;175;87m██[38;2;255;237;95m██[38;2;255;237;95m██[38;2;255;237;95m██[38;2;255;237;95m██[38;2;255;237;95m██[38;2;225;175;87m██[38;2;225;175;87m██[38;2;225;175;87m██[38;2;0;0;0m██            
              [38;2;16;16;16m██[38;2;255;237;95m██[38;2;255;237;95m██[38;2;225;175;87m██[38;2;16;16;16m██      [38;2;139;82;24m██[38;2;255;237;95m██[38;2;195;124;57m██[38;2;255;237;95m██[38;2;255;237;95m██[38;2;255;237;95m██[38;2;139;82;24m██[38;2;255;237;95m██[38;2;225;175;87m██[38;2;225;175;87m██[38;2;225;175;87m██[38;2;225;175;87m██[38;2;225;175;87m██[38;2;195;124;57m██[38;2;255;237;95m██[38;2;255;237;95m██[38;2;225;175;87m██[38;2;255;237;95m██[38;2;255;237;95m██[38;2;255;237;95m██[38;2;255;237;95m██[38;2;255;237;95m██[38;2;255;237;95m██[38;2;255;237;95m██[38;2;255;237;95m██[38;2;225;175;87m██[38;2;225;175;87m██[38;2;225;175;87m██[38;2;255;237;95m██[38;2;255;237;95m██[38;2;255;237;95m██[38;2;255;237;95m██[38;2;255;237;95m██[38;2;225;175;87m██[38;2;225;175;87m██[38;2;225;175;87m██[38;2;0;0;0m██            
              [38;2;16;16;16m██[38;2;255;237;95m██[38;2;255;237;95m██[38;2;225;175;87m██[38;2;225;175;87m██[38;2;16;16;16m██    [38;2;139;82;24m██[38;2;255;237;95m██[38;2;195;124;57m██[38;2;255;237;95m██[38;2;255;237;95m██[38;2;255;237;95m██[38;2;139;82;24m██[38;2;255;237;95m██[38;2;225;175;87m██[38;2;225;175;87m██[38;2;225;175;87m██[38;2;225;175;87m██[38;2;225;175;87m██[38;2;195;124;57m██[38;2;255;237;95m██[38;2;225;175;87m██[38;2;255;237;95m██[38;2;255;237;95m██[38;2;255;237;95m██[38;2;255;237;95m██[38;2;255;237;95m██[38;2;255;237;95m██[38;2;255;237;95m██[38;2;255;237;95m██[38;2;255;237;95m██[38;2;225;175;87m██[38;2;225;175;87m██[38;2;255;237;95m██[38;2;255;237;95m██[38;2;255;237;95m██[38;2;255;237;95m██[38;2;255;237;95m██[38;2;255;237;95m██[38;2;225;175;87m██[38;2;225;175;87m██[38;2;225;175;87m██[38;2;0;0;0m██            
                [38;2;16;16;16m██[38;2;255;237;95m██[38;2;225;175;87m██[38;2;225;175;87m██[38;2;16;16;16m██  [38;2;139;82;24m██[38;2;255;237;95m██[38;2;255;237;95m██[38;2;195;124;57m██[38;2;225;175;87m██[38;2;255;237;95m██[38;2;255;237;95m██[38;2;255;237;95m██[38;2;139;82;24m██[38;2;225;175;87m██[38;2;225;175;87m██[38;2;225;175;87m██[38;2;225;175;87m██[38;2;225;175;87m██[38;2;195;124;57m██[38;2;255;237;95m██[38;2;225;175;87m██[38;2;255;237;95m██[38;2;255;237;95m██[38;2;255;237;95m██[38;2;255;237;95m██[38;2;255;237;95m██[38;2;255;237;95m██[38;2;255;237;95m██[38;2;255;237;95m██[38;2;255;237;95m██[38;2;225;175;87m██[38;2;225;175;87m██[38;2;255;237;95m██[38;2;255;237;95m██[38;2;255;237;95m██[38;2;255;237;95m██[38;2;255;237;95m██[38;2;255;237;95m██[38;2;225;175;87m██[38;2;225;175;87m██[38;2;225;175;87m██[38;2;16;16;16m██            
                [38;2;16;16;16m██[38;2;255;237;95m██[38;2;225;175;87m██[38;2;225;175;87m██[38;2;139;82;24m██  [38;2;139;82;24m██[38;2;255;237;95m██[38;2;255;237;95m██[38;2;225;175;87m██[38;2;225;175;87m██[38;2;255;237;95m██[38;2;255;237;95m██[38;2;255;237;95m██[38;2;139;82;24m██[38;2;225;175;87m██[38;2;225;175;87m██[38;2;225;175;87m██[38;2;225;175;87m██[38;2;225;175;87m██[38;2;195;124;57m██[38;2;255;237;95m██[38;2;225;175;87m██[38;2;255;237;95m██[38;2;255;237;95m██[38;2;255;237;95m██[38;2;255;237;95m██[38;2;255;237;95m██[38;2;255;237;95m██[38;2;255;237;95m██[38;2;255;237;95m██[38;2;255;237;95m██[38;2;225;175;87m██[38;2;255;237;95m██[38;2;255;237;95m██[38;2;255;237;95m██[38;2;255;237;95m██[38;2;255;237;95m██[38;2;255;237;95m██[38;2;225;175;87m██[38;2;225;175;87m██[38;2;225;175;87m██[38;2;0;0;0m██              
                [38;2;16;16;16m██[38;2;255;237;95m██[38;2;225;175;87m██[38;2;225;175;87m██[38;2;225;175;87m██[38;2;139;82;24m██[38;2;255;237;95m██[38;2;255;237;95m██[38;2;255;237;95m██[38;2;255;237;95m██[38;2;195;124;57m██[38;2;255;237;95m██[38;2;255;237;95m██[38;2;255;237;95m██[38;2;255;237;95m██[38;2;139;82;24m██[38;2;225;175;87m██[38;2;225;175;87m██[38;2;225;175;87m██[38;2;225;175;87m██[38;2;195;124;57m██[38;2;225;175;87m██[38;2;255;237;95m██[38;2;255;237;95m██[38;2;255;237;95m██[38;2;255;237;95m██[38;2;255;237;95m██[38;2;255;237;95m██[38;2;255;237;95m██[38;2;255;237;95m██[38;2;255;237;95m██[38;2;255;237;95m██[38;2;255;237;95m██[38;2;255;237;95m██[38;2;255;237;95m██[38;2;255;237;95m██[38;2;255;237;95m██[38;2;255;237;95m██[38;2;255;237;95m██[38;2;225;175;87m██[38;2;225;175;87m██[38;2;225;175;87m██[38;2;16;16;16m██              
                [38;2;16;16;16m██[38;2;255;237;95m██[38;2;255;237;95m██[38;2;225;175;87m██[38;2;225;175;87m██[38;2;139;82;24m██[38;2;255;237;95m██[38;2;255;237;95m██[38;2;255;237;95m██[38;2;255;237;95m██[38;2;195;124;57m██[38;2;255;237;95m██[38;2;255;237;95m██[38;2;255;237;95m██[38;2;255;237;95m██[38;2;139;82;24m██[38;2;225;175;87m██[38;2;225;175;87m██[38;2;225;175;87m██[38;2;225;175;87m██[38;2;225;175;87m██[38;2;225;175;87m██[38;2;255;237;95m██[38;2;255;237;95m██[38;2;255;237;95m██[38;2;255;237;95m██[38;2;255;237;95m██[38;2;255;237;95m██[38;2;255;237;95m██[38;2;255;237;95m██[38;2;255;237;95m██[38;2;255;237;95m██[38;2;255;237;95m██[38;2;255;237;95m██[38;2;255;237;95m██[38;2;255;237;95m██[38;2;255;237;95m██[38;2;255;237;95m██[38;2;255;237;95m██[38;2;225;175;87m██[38;2;225;175;87m██[38;2;225;175;87m██[38;2;16;16;16m██              
                [38;2;16;16;16m██[38;2;255;237;95m██[38;2;255;237;95m██[38;2;225;175;87m██[38;2;139;82;24m██[38;2;255;237;95m██[38;2;255;237;95m██[38;2;255;237;95m██[38;2;255;237;95m██[38;2;255;237;95m██[38;2;195;124;57m██[38;2;255;237;95m██[38;2;255;237;95m██[38;2;255;237;95m██[38;2;255;237;95m██[38;2;255;237;95m██[38;2;139;82;24m██[38;2;225;175;87m██[38;2;225;175;87m██[38;2;225;175;87m██[38;2;225;175;87m██[38;2;255;237;95m██[38;2;255;237;95m██[38;2;255;237;95m██[38;2;255;237;95m██[38;2;255;237;95m██[38;2;255;237;95m██[38;2;255;237;95m██[38;2;255;237;95m██[38;2;255;237;95m██[38;2;255;237;95m██[38;2;255;237;95m██[38;2;255;237;95m██[38;2;255;237;95m██[38;2;255;237;95m██[38;2;255;237;95m██[38;2;255;237;95m██[38;2;255;237;95m██[38;2;255;237;95m██[38;2;225;175;87m██[38;2;225;175;87m██[38;2;225;175;87m██[38;2;16;16;16m██              
                [38;2;16;16;16m██[38;2;255;237;95m██[38;2;225;175;87m██[38;2;225;175;87m██[38;2;139;82;24m██[38;2;255;237;95m██[38;2;255;237;95m██[38;2;255;237;95m██[38;2;255;237;95m██[38;2;255;237;95m██[38;2;195;124;57m██[38;2;255;237;95m██[38;2;255;237;95m██[38;2;255;237;95m██[38;2;255;237;95m██[38;2;255;237;95m██[38;2;139;82;24m██[38;2;225;175;87m██[38;2;225;175;87m██[38;2;225;175;87m██[38;2;225;175;87m██[38;2;255;237;95m██[38;2;255;237;95m██[38;2;255;237;95m██[38;2;255;237;95m██[38;2;255;237;95m██[38;2;255;237;95m██[38;2;255;237;95m██[38;2;255;237;95m██[38;2;255;237;95m██[38;2;255;237;95m██[38;2;255;237;95m██[38;2;255;237;95m██[38;2;255;237;95m██[38;2;255;237;95m██[38;2;255;237;95m██[38;2;255;237;95m██[38;2;255;237;95m██[38;2;225;175;87m██[38;2;225;175;87m██[38;2;225;175;87m██[38;2;16;16;16m██            [38;2;16;16;16m██  
                [38;2;16;16;16m██[38;2;225;175;87m██[38;2;225;175;87m██[38;2;139;82;24m██[38;2;255;237;95m██[38;2;255;237;95m██[38;2;255;237;95m██[38;2;255;237;95m██[38;2;255;237;95m██[38;2;255;237;95m██[38;2;195;124;57m██[38;2;255;237;95m██[38;2;255;237;95m██[38;2;255;237;95m██[38;2;255;237;95m██[38;2;255;237;95m██[38;2;139;82;24m██[38;2;225;175;87m██[38;2;225;175;87m██[38;2;225;175;87m██[38;2;225;175;87m██[38;2;255;237;95m██[38;2;255;237;95m██[38;2;255;237;95m██[38;2;255;237;95m██[38;2;255;237;95m██[38;2;255;237;95m██[38;2;255;237;95m██[38;2;255;237;95m██[38;2;255;237;95m██[38;2;255;237;95m██[38;2;255;237;95m██[38;2;255;237;95m██[38;2;255;237;95m██[38;2;225;175;87m██[38;2;255;237;95m██[38;2;255;237;95m██[38;2;255;237;95m██[38;2;225;175;87m██[38;2;225;175;87m██[38;2;225;175;87m██[38;2;16;16;16m██[38;2;16;16;16m██        [38;2;16;16;16m██[38;2;16;16;16m██  
                  [38;2;139;82;24m██[38;2;225;175;87m██[38;2;139;82;24m██[38;2;255;237;95m██[38;2;255;237;95m██[38;2;255;237;95m██[38;2;255;237;95m██[38;2;255;237;95m██[38;2;255;237;95m██[38;2;225;175;87m██[38;2;225;175;87m██[38;2;255;237;95m██[38;2;255;237;95m██[38;2;255;237;95m██[38;2;255;237;95m██[38;2;255;237;95m██[38;2;139;82;24m██[38;2;225;175;87m██[38;2;225;175;87m██[38;2;225;175;87m██[38;2;255;237;95m██[38;2;255;237;95m██[38;2;255;237;95m██[38;2;255;237;95m██[38;2;255;237;95m██[38;2;255;237;95m██[38;2;255;237;95m██[38;2;255;237;95m██[38;2;255;237;95m██[38;2;255;237;95m██[38;2;255;237;95m██[38;2;255;237;95m██[38;2;255;237;95m██[38;2;225;175;87m██[38;2;255;237;95m██[38;2;255;237;95m██[38;2;255;237;95m██[38;2;225;175;87m██[38;2;225;175;87m██[38;2;225;175;87m██[38;2;16;16;16m██[38;2;16;16;16m██      [38;2;16;16;16m██[38;2;140;193;220m██[38;2;16;16;16m██  
                  [38;2;139;82;24m██[38;2;139;82;24m██[38;2;255;237;95m██[38;2;255;237;95m██[38;2;255;237;95m██[38;2;255;237;95m██[38;2;255;237;95m██[38;2;255;237;95m██[38;2;255;237;95m██[38;2;225;175;87m██[38;2;225;175;87m██[38;2;255;237;95m██[38;2;255;237;95m██[38;2;255;237;95m██[38;2;255;237;95m██[38;2;255;237;95m██[38;2;139;82;24m██[38;2;225;175;87m██[38;2;225;175;87m██[38;2;255;237;95m██[38;2;255;237;95m██[38;2;255;237;95m██[38;2;255;237;95m██[38;2;255;237;95m██[38;2;255;237;95m██[38;2;255;237;95m██[38;2;255;237;95m██[38;2;255;237;95m██[38;2;255;237;95m██[38;2;255;237;95m██[38;2;255;237;95m██[38;2;255;237;95m██[38;2;255;237;95m██[38;2;225;175;87m██[38;2;255;237;95m██[38;2;255;237;95m██[38;2;225;175;87m██[38;2;225;175;87m██[38;2;225;175;87m██[38;2;16;16;16m██[38;2;94;146;182m██[38;2;16;16;16m██      [38;2;16;16;16m██[38;2;140;193;220m██[38;2;16;16;16m██  
                  [38;2;139;82;24m██[38;2;139;82;24m██[38;2;255;237;95m██[38;2;255;237;95m██[38;2;255;237;95m██[38;2;255;237;95m██[38;2;255;237;95m██[38;2;255;237;95m██[38;2;255;237;95m██[38;2;255;237;95m██[38;2;195;124;57m██[38;2;255;237;95m██[38;2;255;237;95m██[38;2;255;237;95m██[38;2;255;237;95m██[38;2;255;237;95m██[38;2;255;237;95m██[38;2;139;82;24m██[38;2;225;175;87m██[38;2;255;237;95m██[38;2;255;237;95m██[38;2;255;237;95m██[38;2;255;237;95m██[38;2;255;237;95m██[38;2;255;237;95m██[38;2;255;237;95m██[38;2;255;237;95m██[38;2;255;237;95m██[38;2;255;237;95m██[38;2;255;237;95m██[38;2;255;237;95m██[38;2;255;237;95m██[38;2;255;237;95m██[38;2;225;175;87m██[38;2;255;237;95m██[38;2;255;237;95m██[38;2;225;175;87m██[38;2;225;175;87m██[38;2;225;175;87m██[38;2;16;16;16m██[38;2;140;193;220m██[38;2;16;16;16m██    [38;2;16;16;16m██[38;2;140;193;220m██[38;2;140;193;220m██[38;2;16;16;16m██  
                  [38;2;139;82;24m██[38;2;255;237;95m██[38;2;255;237;95m██[38;2;255;237;95m██[38;2;255;237;95m██[38;2;255;237;95m██[38;2;255;237;95m██[38;2;255;237;95m██[38;2;255;237;95m██[38;2;255;237;95m██[38;2;195;124;57m██[38;2;255;237;95m██[38;2;255;237;95m██[38;2;255;237;95m██[38;2;255;237;95m██[38;2;255;237;95m██[38;2;255;237;95m██[38;2;139;82;24m██[38;2;225;175;87m██[38;2;255;237;95m██[38;2;255;237;95m██[38;2;255;237;95m██[38;2;255;237;95m██[38;2;255;237;95m██[38;2;255;237;95m██[38;2;255;237;95m██[38;2;255;237;95m██[38;2;255;237;95m██[38;2;255;237;95m██[38;2;255;237;95m██[38;2;255;237;95m██[38;2;255;237;95m██[38;2;255;237;95m██[38;2;255;237;95m██[38;2;255;237;95m██[38;2;255;237;95m██[38;2;195;124;57m██[38;2;225;175;87m██[38;2;225;175;87m██[38;2;16;16;16m██[38;2;140;193;220m██[38;2;94;146;182m██[38;2;16;16;16m██  [38;2;16;16;16m██[38;2;140;193;220m██[38;2;140;193;220m██[38;2;16;16;16m██  
                  [38;2;139;82;24m██[38;2;255;237;95m██[38;2;255;237;95m██[38;2;255;237;95m██[38;2;255;237;95m██[38;2;255;237;95m██[38;2;255;237;95m██[38;2;255;237;95m██[38;2;255;237;95m██[38;2;255;237;95m██[38;2;195;124;57m██[38;2;255;237;95m██[38;2;255;237;95m██[38;2;255;237;95m██[38;2;255;237;95m██[38;2;255;237;95m██[38;2;255;237;95m██[38;2;255;237;95m██[38;2;139;82;24m██[38;2;255;237;95m██[38;2;255;237;95m██[38;2;255;237;95m██[38;2;255;237;95m██[38;2;255;237;95m██[38;2;255;237;95m██[38;2;255;237;95m██[38;2;255;237;95m██[38;2;255;237;95m██[38;2;255;237;95m██[38;2;255;237;95m██[38;2;255;237;95m██[38;2;255;237;95m██[38;2;255;237;95m██[38;2;255;237;95m██[38;2;255;237;95m██[38;2;255;237;95m██[38;2;139;82;24m██[38;2;225;175;87m██[38;2;195;124;57m██[38;2;16;16;16m██[38;2;140;193;220m██[38;2;94;146;182m██[38;2;16;16;16m██  [38;2;16;16;16m██[38;2;140;193;220m██[38;2;140;193;220m██[38;2;16;16;16m██  
                  [38;2;139;82;24m██[38;2;255;237;95m██[38;2;255;237;95m██[38;2;255;237;95m██[38;2;255;237;95m██[38;2;255;237;95m██[38;2;255;237;95m██[38;2;255;237;95m██[38;2;255;237;95m██[38;2;255;237;95m██[38;2;225;175;87m██[38;2;225;175;87m██[38;2;255;237;95m██[38;2;255;237;95m██[38;2;255;237;95m██[38;2;255;237;95m██[38;2;255;237;95m██[38;2;255;237;95m██[38;2;139;82;24m██[38;2;255;237;95m██[38;2;255;237;95m██[38;2;255;237;95m██[38;2;255;237;95m██[38;2;255;237;95m██[38;2;255;237;95m██[38;2;255;237;95m██[38;2;255;237;95m██[38;2;255;237;95m██[38;2;255;237;95m██[38;2;255;237;95m██[38;2;255;237;95m██[38;2;255;237;95m██[38;2;255;237;95m██[38;2;255;237;95m██[38;2;255;237;95m██[38;2;225;175;87m██[38;2;16;16;16m██[38;2;195;124;57m██[38;2;16;16;16m██[38;2;94;146;182m██[38;2;140;193;220m██[38;2;140;193;220m██[38;2;51;72;93m██[38;2;16;16;16m██[38;2;140;193;220m██[38;2;140;193;220m██[38;2;140;193;220m██[38;2;16;16;16m██  
                [38;2;139;82;24m██[38;2;255;237;95m██[38;2;255;237;95m██[38;2;255;237;95m██[38;2;255;237;95m██[38;2;255;237;95m██[38;2;255;237;95m██[38;2;255;237;95m██[38;2;255;237;95m██[38;2;255;237;95m██[38;2;255;237;95m██[38;2;225;175;87m██[38;2;225;175;87m██[38;2;255;237;95m██[38;2;255;237;95m██[38;2;255;237;95m██[38;2;255;237;95m██[38;2;255;237;95m██[38;2;255;237;95m██[38;2;255;237;95m██[38;2;139;82;24m██[38;2;255;237;95m██[38;2;255;237;95m██[38;2;255;237;95m██[38;2;255;237;95m██[38;2;255;237;95m██[38;2;255;237;95m██[38;2;255;237;95m██[38;2;255;237;95m██[38;2;255;237;95m██[38;2;255;237;95m██[38;2;255;237;95m██[38;2;255;237;95m██[38;2;255;237;95m██[38;2;255;237;95m██[38;2;255;237;95m██[38;2;16;16;16m██[38;2;94;146;182m██[38;2;16;16;16m██[38;2;51;72;93m██[38;2;94;146;182m██[38;2;140;193;220m██[38;2;140;193;220m██[38;2;51;72;93m██[38;2;16;16;16m██[38;2;140;193;220m██[38;2;140;193;220m██[38;2;140;193;220m██[38;2;16;16;16m██  
                [38;2;139;82;24m██[38;2;255;237;95m██[38;2;255;237;95m██[38;2;255;237;95m██[38;2;255;237;95m██[38;2;255;237;95m██[38;2;255;237;95m██[38;2;255;237;95m██[38;2;255;237;95m██[38;2;255;237;95m██[38;2;255;237;95m██[38;2;255;237;95m██[38;2;195;124;57m██[38;2;255;237;95m██[38;2;255;237;95m██[38;2;255;237;95m██[38;2;255;237;95m██[38;2;255;237;95m██[38;2;255;237;95m██[38;2;255;237;95m██[38;2;139;82;24m██[38;2;255;237;95m██[38;2;255;237;95m██[38;2;255;237;95m██[38;2;255;237;95m██[38;2;255;237;95m██[38;2;255;237;95m██[38;2;255;237;95m██[38;2;255;237;95m██[38;2;255;237;95m██[38;2;255;237;95m██[38;2;225;175;87m██[38;2;255;237;95m██[38;2;255;237;95m██[38;2;255;237;95m██[38;2;255;237;95m██[38;2;16;16;16m██[38;2;94;146;182m██[38;2;94;146;182m██[38;2;51;72;93m██[38;2;94;146;182m██[38;2;140;193;220m██[38;2;140;193;220m██[38;2;51;72;93m██[38;2;94;146;182m██[38;2;140;193;220m██[38;2;140;193;220m██[38;2;16;16;16m██    
              [38;2;139;82;24m██[38;2;255;237;95m██[38;2;255;237;95m██[38;2;255;237;95m██[38;2;255;237;95m██[38;2;255;237;95m██[38;2;255;237;95m██[38;2;255;237;95m██[38;2;255;237;95m██[38;2;255;237;95m██[38;2;255;237;95m██[38;2;255;237;95m██[38;2;255;237;95m██[38;2;195;124;57m██[38;2;255;237;95m██[38;2;255;237;95m██[38;2;255;237;95m██[38;2;255;237;95m██[38;2;255;237;95m██[38;2;255;237;95m██[38;2;255;237;95m██[38;2;255;237;95m██[38;2;139;82;24m██[38;2;255;237;95m██[38;2;255;237;95m██[38;2;255;237;95m██[38;2;255;237;95m██[38;2;255;237;95m██[38;2;255;237;95m██[38;2;255;237;95m██[38;2;255;237;95m██[38;2;255;237;95m██[38;2;225;175;87m██[38;2;255;237;95m██[38;2;255;237;95m██[38;2;255;237;95m██[38;2;195;124;57m██[38;2;16;16;16m██[38;2;51;72;93m██[38;2;140;193;220m██[38;2;94;146;182m██[38;2;94;146;182m██[38;2;140;193;220m██[38;2;140;193;220m██[38;2;51;72;93m██[38;2;94;146;182m██[38;2;140;193;220m██[38;2;140;193;220m██[38;2;16;16;16m██    
              [38;2;139;82;24m██[38;2;255;237;95m██[38;2;255;237;95m██[38;2;255;237;95m██[38;2;255;237;95m██[38;2;255;237;95m██[38;2;255;237;95m██[38;2;255;237;95m██[38;2;255;237;95m██[38;2;255;237;95m██[38;2;255;237;95m██[38;2;255;237;95m██[38;2;255;237;95m██[38;2;195;124;57m██[38;2;255;237;95m██[38;2;255;237;95m██[38;2;255;237;95m██[38;2;255;237;95m██[38;2;255;237;95m██[38;2;255;237;95m██[38;2;255;237;95m██[38;2;255;237;95m██[38;2;225;175;87m██[38;2;139;82;24m██[38;2;255;237;95m██[38;2;255;237;95m██[38;2;255;237;95m██[38;2;255;237;95m██[38;2;255;237;95m██[38;2;255;237;95m██[38;2;255;237;95m██[38;2;255;237;95m██[38;2;225;175;87m██[38;2;255;237;95m██[38;2;255;237;95m██[38;2;255;237;95m██[38;2;195;124;57m██[38;2;94;146;182m██[38;2;51;72;93m██[38;2;140;193;220m██[38;2;140;193;220m██[38;2;51;72;93m██[38;2;140;193;220m██[38;2;140;193;220m██[38;2;51;72;93m██[38;2;140;193;220m██[38;2;140;193;220m██[38;2;140;193;220m██[38;2;16;16;16m██    
            [38;2;139;82;24m██[38;2;255;237;95m██[38;2;255;237;95m██[38;2;255;237;95m██[38;2;255;237;95m██[38;2;255;237;95m██[38;2;255;237;95m██[38;2;255;237;95m██[38;2;255;237;95m██[38;2;255;237;95m██[38;2;255;237;95m██[38;2;255;237;95m██[38;2;255;237;95m██[38;2;255;237;95m██[38;2;195;124;57m██[38;2;255;237;95m██[38;2;255;237;95m██[38;2;255;237;95m██[38;2;255;237;95m██[38;2;255;237;95m██[38;2;255;237;95m██[38;2;255;237;95m██[38;2;255;237;95m██[38;2;225;175;87m██[38;2;139;82;24m██[38;2;255;237;95m██[38;2;255;237;95m██[38;2;255;237;95m██[38;2;255;237;95m██[38;2;255;237;95m██[38;2;255;237;95m██[38;2;255;237;95m██[38;2;225;175;87m██[38;2;225;175;87m██[38;2;255;237;95m██[38;2;255;237;95m██[38;2;255;237;95m██[38;2;16;16;16m██[38;2;94;146;182m██[38;2;51;72;93m██[38;2;140;193;220m██[38;2;140;193;220m██[38;2;51;72;93m██[38;2;140;193;220m██[38;2;140;193;220m██[38;2;94;146;182m██[38;2;140;193;220m██[38;2;140;193;220m██[38;2;140;193;220m██[38;2;16;16;16m██    
            [38;2;139;82;24m██[38;2;255;237;95m██[38;2;255;237;95m██[38;2;255;237;95m██[38;2;255;237;95m██[38;2;255;237;95m██[38;2;255;237;95m██[38;2;255;237;95m██[38;2;255;237;95m██[38;2;255;237;95m██[38;2;255;237;95m██[38;2;255;237;95m██[38;2;255;237;95m██[38;2;255;237;95m██[38;2;225;175;87m██[38;2;255;237;95m██[38;2;255;237;95m██[38;2;255;237;95m██[38;2;255;237;95m██[38;2;255;237;95m██[38;2;255;237;95m██[38;2;255;237;95m██[38;2;225;175;87m██[38;2;225;175;87m██[38;2;225;175;87m██[38;2;139;82;24m██[38;2;255;237;95m██[38;2;255;237;95m██[38;2;255;237;95m██[38;2;255;237;95m██[38;2;255;237;95m██[38;2;255;237;95m██[38;2;225;175;87m██[38;2;225;175;87m██[38;2;255;237;95m██[38;2;255;237;95m██[38;2;225;175;87m██[38;2;16;16;16m██[38;2;94;146;182m██[38;2;51;72;93m██[38;2;140;193;220m██[38;2;140;193;220m██[38;2;94;146;182m██[38;2;94;146;182m██[38;2;140;193;220m██[38;2;94;146;182m██[38;2;140;193;220m██[38;2;140;193;220m██[38;2;16;16;16m██      
          [38;2;139;82;24m██[38;2;255;237;95m██[38;2;255;237;95m██[38;2;255;237;95m██[38;2;255;237;95m██[38;2;255;237;95m██[38;2;255;237;95m██[38;2;255;237;95m██[38;2;255;237;95m██[38;2;255;237;95m██[38;2;255;237;95m██[38;2;255;237;95m██[38;2;255;237;95m██[38;2;255;237;95m██[38;2;255;237;95m██[38;2;225;175;87m██[38;2;255;237;95m██[38;2;255;237;95m██[38;2;255;237;95m██[38;2;255;237;95m██[38;2;255;237;95m██[38;2;255;237;95m██[38;2;225;175;87m██[38;2;225;175;87m██[38;2;225;175;87m██[38;2;225;175;87m██[38;2;195;124;57m██[38;2;255;237;95m██[38;2;255;237;95m██[38;2;255;237;95m██[38;2;255;237;95m██[38;2;255;237;95m██[38;2;255;237;95m██[38;2;195;124;57m██[38;2;225;175;87m██[38;2;255;237;95m██[38;2;255;237;95m██[38;2;195;124;57m██[38;2;94;146;182m██[38;2;94;146;182m██[38;2;51;72;93m██[38;2;140;193;220m██[38;2;140;193;220m██[38;2;140;193;220m██[38;2;94;146;182m██[38;2;140;193;220m██[38;2;94;146;182m██[38;2;140;193;220m██[38;2;140;193;220m██[38;2;16;16;16m██      
          [38;2;139;82;24m██[38;2;255;237;95m██[38;2;255;237;95m██[38;2;255;237;95m██[38;2;255;237;95m██[38;2;255;237;95m██[38;2;255;237;95m██[38;2;255;237;95m██[38;2;255;237;95m██[38;2;255;237;95m██[38;2;255;237;95m██[38;2;255;237;95m██[38;2;255;237;95m██[38;2;255;237;95m██[38;2;255;237;95m██[38;2;255;237;95m██[38;2;255;237;95m██[38;2;255;237;95m██[38;2;255;237;95m██[38;2;255;237;95m██[38;2;225;175;87m██[38;2;225;175;87m██[38;2;225;175;87m██[38;2;225;175;87m██[38;2;225;175;87m██[38;2;225;175;87m██[38;2;195;124;57m██[38;2;255;237;95m██[38;2;255;237;95m██[38;2;255;237;95m██[38;2;255;237;95m██[38;2;255;237;95m██[38;2;255;237;95m██[38;2;16;16;16m██[38;2;225;175;87m██[38;2;255;237;95m██[38;2;255;237;95m██[38;2;16;16;16m██[38;2;94;146;182m██[38;2;94;146;182m██[38;2;94;146;182m██[38;2;94;146;182m██[38;2;140;193;220m██[38;2;140;193;220m██[38;2;94;146;182m██[38;2;140;193;220m██[38;2;140;193;220m██[38;2;140;193;220m██[38;2;140;193;220m██[38;2;16;16;16m██  [38;2;16;16;16m██[38;2;16;16;16m██
        [38;2;139;82;24m██[38;2;255;237;95m██[38;2;255;237;95m██[38;2;255;237;95m██[38;2;255;237;95m██[38;2;255;237;95m██[38;2;255;237;95m██[38;2;255;237;95m██[38;2;255;237;95m██[38;2;255;237;95m██[38;2;255;237;95m██[38;2;255;237;95m██[38;2;255;237;95m██[38;2;255;237;95m██[38;2;225;175;87m██[38;2;195;124;57m██[38;2;195;124;57m██[38;2;255;237;95m██[38;2;255;237;95m██[38;2;225;175;87m██[38;2;225;175;87m██[38;2;225;175;87m██[38;2;225;175;87m██[38;2;225;175;87m██[38;2;225;175;87m██[38;2;225;175;87m██[38;2;195;124;57m██[38;2;255;237;95m██[38;2;255;237;95m██[38;2;255;237;95m██[38;2;255;237;95m██[38;2;255;237;95m██[38;2;255;237;95m██[38;2;16;16;16m██[38;2;94;146;182m██[38;2;195;124;57m██[38;2;255;237;95m██[38;2;225;175;87m██[38;2;16;16;16m██[38;2;94;146;182m██[38;2;94;146;182m██[38;2;94;146;182m██[38;2;51;72;93m██[38;2;140;193;220m██[38;2;140;193;220m██[38;2;94;146;182m██[38;2;140;193;220m██[38;2;140;193;220m██[38;2;140;193;220m██[38;2;140;193;220m██[38;2;51;72;93m██[38;2;16;16;16m██[38;2;140;193;220m██[38;2;16;16;16m██
        [38;2;139;82;24m██[38;2;255;237;95m██[38;2;255;237;95m██[38;2;255;237;95m██[38;2;255;237;95m██[38;2;255;237;95m██[38;2;255;237;95m██[38;2;255;237;95m██[38;2;255;237;95m██[38;2;255;237;95m██[38;2;255;237;95m██[38;2;255;237;95m██[38;2;255;237;95m██[38;2;195;124;57m██[38;2;170;40;40m██[38;2;227;67;67m██[38;2;94;146;182m██[38;2;195;124;57m██[38;2;225;175;87m██[38;2;225;175;87m██[38;2;225;175;87m██[38;2;225;175;87m██[38;2;225;175;87m██[38;2;225;175;87m██[38;2;225;175;87m██[38;2;195;124;57m██[38;2;255;237;95m██[38;2;255;237;95m██[38;2;255;237;95m██[38;2;255;237;95m██[38;2;255;237;95m██[38;2;255;237;95m██[38;2;255;237;95m██[38;2;16;16;16m██[38;2;94;146;182m██[38;2;195;124;57m██[38;2;255;237;95m██[38;2;195;124;57m██[38;2;51;72;93m██[38;2;94;146;182m██[38;2;94;146;182m██[38;2;94;146;182m██[38;2;51;72;93m██[38;2;140;193;220m██[38;2;140;193;220m██[38;2;140;193;220m██[38;2;140;193;220m██[38;2;140;193;220m██[38;2;140;193;220m██[38;2;140;193;220m██[38;2;51;72;93m██[38;2;140;193;220m██[38;2;140;193;220m██[38;2;16;16;16m██
      [38;2;139;82;24m██[38;2;255;237;95m██[38;2;255;237;95m██[38;2;255;237;95m██[38;2;255;237;95m██[38;2;255;237;95m██[38;2;255;237;95m██[38;2;255;237;95m██[38;2;255;237;95m██[38;2;255;237;95m██[38;2;255;237;95m██[38;2;225;175;87m██[38;2;195;124;57m██[38;2;16;16;16m██[38;2;247;247;247m██[38;2;16;16;16m██[38;2;170;40;40m██[38;2;94;146;182m██[38;2;94;146;182m██[38;2;195;124;57m██[38;2;195;124;57m██[38;2;225;175;87m██[38;2;225;175;87m██[38;2;225;175;87m██[38;2;225;175;87m██[38;2;195;124;57m██[38;2;225;175;87m██[38;2;255;237;95m██[38;2;255;237;95m██[38;2;255;237;95m██[38;2;255;237;95m██[38;2;255;237;95m██[38;2;255;237;95m██[38;2;16;16;16m██[38;2;94;146;182m██[38;2;140;193;220m██[38;2;195;124;57m██[38;2;255;237;95m██[38;2;16;16;16m██[38;2;51;72;93m██[38;2;94;146;182m██[38;2;94;146;182m██[38;2;94;146;182m██[38;2;51;72;93m██[38;2;140;193;220m██[38;2;140;193;220m██[38;2;140;193;220m██[38;2;140;193;220m██[38;2;140;193;220m██[38;2;140;193;220m██[38;2;51;72;93m██[38;2;94;146;182m██[38;2;140;193;220m██[38;2;140;193;220m██[38;2;16;16;16m██
      [38;2;139;82;24m██[38;2;255;237;95m██[38;2;255;237;95m██[38;2;255;237;95m██[38;2;255;237;95m██[38;2;255;237;95m██[38;2;255;237;95m██[38;2;255;237;95m██[38;2;255;237;95m██[38;2;225;175;87m██[38;2;195;124;57m██[38;2;139;82;24m██[38;2;139;82;24m██[38;2;195;124;57m██[38;2;16;16;16m██[38;2;16;16;16m██[38;2;16;16;16m██[38;2;195;124;57m██[38;2;195;124;57m██[38;2;225;175;87m██[38;2;225;175;87m██[38;2;195;124;57m██[38;2;195;124;57m██[38;2;195;124;57m██[38;2;195;124;57m██[38;2;225;175;87m██[38;2;255;237;95m██[38;2;255;237;95m██[38;2;255;237;95m██[38;2;255;237;95m██[38;2;255;237;95m██[38;2;255;237;95m██[38;2;255;237;95m██[38;2;16;16;16m██[38;2;140;193;220m██[38;2;140;193;220m██[38;2;195;124;57m██[38;2;225;175;87m██[38;2;94;146;182m██[38;2;51;72;93m██[38;2;94;146;182m██[38;2;94;146;182m██[38;2;94;146;182m██[38;2;51;72;93m██[38;2;94;146;182m██[38;2;140;193;220m██[38;2;140;193;220m██[38;2;140;193;220m██[38;2;140;193;220m██[38;2;140;193;220m██[38;2;51;72;93m██[38;2;140;193;220m██[38;2;140;193;220m██[38;2;16;16;16m██  
    [38;2;139;82;24m██[38;2;255;237;95m██[38;2;255;237;95m██[38;2;255;237;95m██[38;2;255;237;95m██[38;2;255;237;95m██[38;2;255;237;95m██[38;2;255;237;95m██[38;2;225;175;87m██[38;2;195;124;57m██[38;2;139;82;24m██[38;2;139;82;24m██[38;2;195;124;57m██[38;2;195;124;57m██[38;2;94;146;182m██[38;2;94;146;182m██[38;2;94;146;182m██[38;2;94;146;182m██[38;2;94;146;182m██[38;2;225;175;87m██[38;2;225;175;87m██[38;2;225;175;87m██[38;2;225;175;87m██[38;2;195;124;57m██[38;2;195;124;57m██[38;2;225;175;87m██[38;2;225;175;87m██[38;2;255;237;95m██[38;2;255;237;95m██[38;2;255;237;95m██[38;2;255;237;95m██[38;2;255;237;95m██[38;2;255;237;95m██[38;2;16;16;16m██[38;2;94;146;182m██[38;2;140;193;220m██[38;2;140;193;220m██[38;2;195;124;57m██[38;2;16;16;16m██[38;2;94;146;182m██[38;2;94;146;182m██[38;2;94;146;182m██[38;2;140;193;220m██[38;2;94;146;182m██[38;2;94;146;182m██[38;2;51;72;93m██[38;2;140;193;220m██[38;2;140;193;220m██[38;2;140;193;220m██[38;2;140;193;220m██[38;2;94;146;182m██[38;2;94;146;182m██[38;2;140;193;220m██[38;2;140;193;220m██[38;2;16;16;16m██  
    [38;2;139;82;24m██[38;2;255;237;95m██[38;2;255;237;95m██[38;2;255;237;95m██[38;2;255;237;95m██[38;2;255;237;95m██[38;2;225;175;87m██[38;2;195;124;57m██[38;2;139;82;24m██[38;2;195;124;57m██[38;2;225;175;87m██[38;2;225;175;87m██[38;2;225;175;87m██[38;2;94;146;182m██[38;2;94;146;182m██[38;2;94;146;182m██[38;2;94;146;182m██[38;2;94;146;182m██[38;2;94;146;182m██[38;2;94;146;182m██[38;2;225;175;87m██[38;2;225;175;87m██[38;2;225;175;87m██[38;2;225;175;87m██[38;2;195;124;57m██[38;2;225;175;87m██[38;2;255;237;95m██[38;2;255;237;95m██[38;2;255;237;95m██[38;2;255;237;95m██[38;2;255;237;95m██[38;2;255;237;95m██[38;2;255;237;95m██[38;2;16;16;16m██[38;2;140;193;220m██[38;2;140;193;220m██[38;2;140;193;220m██[38;2;195;124;57m██[38;2;140;193;220m██[38;2;94;146;182m██[38;2;94;146;182m██[38;2;140;193;220m██[38;2;94;146;182m██[38;2;140;193;220m██[38;2;94;146;182m██[38;2;51;72;93m██[38;2;140;193;220m██[38;2;140;193;220m██[38;2;140;193;220m██[38;2;140;193;220m██[38;2;94;146;182m██[38;2;140;193;220m██[38;2;140;193;220m██[38;2;16;16;16m██    
  [38;2;139;82;24m██[38;2;255;237;95m██[38;2;255;237;95m██[38;2;255;237;95m██[38;2;255;237;95m██[38;2;255;237;95m██[38;2;195;124;57m██[38;2;16;16;16m██[38;2;16;16;16m██[38;2;225;175;87m██[38;2;255;237;95m██[38;2;255;237;95m██[38;2;255;237;95m██[38;2;225;175;87m██[38;2;140;193;220m██[38;2;140;193;220m██[38;2;140;193;220m██[38;2;94;146;182m██[38;2;94;146;182m██[38;2;94;146;182m██[38;2;16;16;16m██[38;2;225;175;87m██[38;2;225;175;87m██[38;2;225;175;87m██[38;2;225;175;87m██[38;2;225;175;87m██[38;2;255;237;95m██[38;2;255;237;95m██[38;2;255;237;95m██[38;2;255;237;95m██[38;2;255;237;95m██[38;2;255;237;95m██[38;2;255;237;95m██[38;2;16;16;16m██[38;2;94;146;182m██[38;2;140;193;220m██[38;2;94;146;182m██[38;2;140;193;220m██[38;2;140;193;220m██[38;2;94;146;182m██[38;2;51;72;93m██[38;2;140;193;220m██[38;2;140;193;220m██[38;2;140;193;220m██[38;2;140;193;220m██[38;2;140;193;220m██[38;2;94;146;182m██[38;2;140;193;220m██[38;2;140;193;220m██[38;2;140;193;220m██[38;2;140;193;220m██[38;2;140;193;220m██[38;2;140;193;220m██[38;2;94;146;182m██[38;2;16;16;16m██    
  [38;2;139;82;24m██[38;2;255;237;95m██[38;2;255;237;95m██[38;2;255;237;95m██[38;2;225;175;87m██[38;2;16;16;16m██    [38;2;16;16;16m██[38;2;255;237;95m██[38;2;255;237;95m██[38;2;255;237;95m██[38;2;255;237;95m██[38;2;195;124;57m██[38;2;140;193;220m██[38;2;140;193;220m██[38;2;94;146;182m██[38;2;94;146;182m██[38;2;94;146;182m██[38;2;94;146;182m██[38;2;16;16;16m██[38;2;225;175;87m██[38;2;225;175;87m██[38;2;225;175;87m██[38;2;225;175;87m██[38;2;255;237;95m██[38;2;255;237;95m██[38;2;255;237;95m██[38;2;255;237;95m██[38;2;255;237;95m██[38;2;255;237;95m██[38;2;255;237;95m██[38;2;195;124;57m██[38;2;195;124;57m██[38;2;140;193;220m██[38;2;140;193;220m██[38;2;94;146;182m██[38;2;94;146;182m██[38;2;94;146;182m██[38;2;94;146;182m██[38;2;51;72;93m██[38;2;140;193;220m██[38;2;140;193;220m██[38;2;140;193;220m██[38;2;140;193;220m██[38;2;140;193;220m██[38;2;140;193;220m██[38;2;140;193;220m██[38;2;140;193;220m██[38;2;140;193;220m██[38;2;140;193;220m██[38;2;140;193;220m██[38;2;94;146;182m██[38;2;16;16;16m██      
[38;2;139;82;24m██[38;2;255;237;95m██[38;2;255;237;95m██[38;2;225;175;87m██[38;2;139;82;24m██[38;2;16;16;16m██    [38;2;16;16;16m██[38;2;255;237;95m██[38;2;255;237;95m██[38;2;255;237;95m██[38;2;255;237;95m██[38;2;195;124;57m██[38;2;140;193;220m██[38;2;140;193;220m██[38;2;140;193;220m██[38;2;94;146;182m██[38;2;94;146;182m██[38;2;94;146;182m██[38;2;16;16;16m██[38;2;225;175;87m██[38;2;225;175;87m██[38;2;225;175;87m██[38;2;225;175;87m██[38;2;225;175;87m██[38;2;255;237;95m██[38;2;255;237;95m██[38;2;255;237;95m██[38;2;255;237;95m██[38;2;255;237;95m██[38;2;255;237;95m██[38;2;255;237;95m██[38;2;16;16;16m██[38;2;140;193;220m██[38;2;140;193;220m██[38;2;94;146;182m██[38;2;94;146;182m██[38;2;94;146;182m██[38;2;94;146;182m██[38;2;94;146;182m██[38;2;51;72;93m██[38;2;94;146;182m██[38;2;140;193;220m██[38;2;140;193;220m██[38;2;140;193;220m██[38;2;140;193;220m██[38;2;140;193;220m██[38;2;140;193;220m██[38;2;140;193;220m██[38;2;140;193;220m██[38;2;140;193;220m██[38;2;140;193;220m██[38;2;16;16;16m██        
[38;2;139;82;24m██[38;2;225;175;87m██[38;2;139;82;24m██[38;2;139;82;24m██        [38;2;16;16;16m██[38;2;255;237;95m██[38;2;255;237;95m██[38;2;255;237;95m██[38;2;195;124;57m██[38;2;140;193;220m██[38;2;140;193;220m██[38;2;140;193;220m██[38;2;94;146;182m██[38;2;94;146;182m██[38;2;94;146;182m██[38;2;16;16;16m██[38;2;195;124;57m██[38;2;225;175;87m██[38;2;225;175;87m██[38;2;225;175;87m██[38;2;225;175;87m██[38;2;255;237;95m██[38;2;255;237;95m██[38;2;255;237;95m██[38;2;255;237;95m██[38;2;255;237;95m██[38;2;255;237;95m██[38;2;255;237;95m██[38;2;16;16;16m██[38;2;94;146;182m██[38;2;140;193;220m██[38;2;140;193;220m██[38;2;94;146;182m██[38;2;94;146;182m██[38;2;94;146;182m██[38;2;51;72;93m██[38;2;51;72;93m██[38;2;51;72;93m██[38;2;94;146;182m██[38;2;94;146;182m██[38;2;140;193;220m██[38;2;140;193;220m██[38;2;140;193;220m██[38;2;140;193;220m██[38;2;140;193;220m██[38;2;140;193;220m██[38;2;140;193;220m██[38;2;94;146;182m██[38;2;16;16;16m██          
[38;2;139;82;24m██[38;2;139;82;24m██            [38;2;16;16;16m██[38;2;227;67;67m██[38;2;227;67;67m██[38;2;170;40;40m██[38;2;140;193;220m██[38;2;140;193;220m██[38;2;140;193;220m██[38;2;51;72;93m██[38;2;94;146;182m██[38;2;94;146;182m██[38;2;16;16;16m██[38;2;16;16;16m██[38;2;225;175;87m██[38;2;225;175;87m██[38;2;225;175;87m██[38;2;225;175;87m██[38;2;255;237;95m██[38;2;255;237;95m██[38;2;255;237;95m██[38;2;255;237;95m██[38;2;255;237;95m██[38;2;255;237;95m██[38;2;255;237;95m██[38;2;195;124;57m██[38;2;195;124;57m██[38;2;140;193;220m██[38;2;140;193;220m██[38;2;140;193;220m██[38;2;94;146;182m██[38;2;94;146;182m██[38;2;16;16;16m██[38;2;94;146;182m██[38;2;94;146;182m██[38;2;51;72;93m██[38;2;94;146;182m██[38;2;94;146;182m██[38;2;94;146;182m██[38;2;140;193;220m██[38;2;140;193;220m██[38;2;140;193;220m██[38;2;140;193;220m██[38;2;94;146;182m██[38;2;51;72;93m██[38;2;16;16;16m██            
                  [38;2;16;16;16m██[38;2;170;40;40m██[38;2;170;40;40m██[38;2;140;193;220m██[38;2;140;193;220m██[38;2;51;72;93m██[38;2;94;146;182m██[38;2;94;146;182m██[38;2;16;16;16m██  [38;2;16;16;16m██[38;2;225;175;87m██[38;2;225;175;87m██[38;2;225;175;87m██[38;2;255;237;95m██[38;2;255;237;95m██[38;2;255;237;95m██[38;2;255;237;95m██[38;2;255;237;95m██[38;2;255;237;95m██[38;2;255;237;95m██[38;2;255;237;95m██[38;2;16;16;16m██[38;2;140;193;220m██[38;2;140;193;220m██[38;2;140;193;220m██[38;2;140;193;220m██[38;2;94;146;182m██[38;2;16;16;16m██[38;2;94;146;182m██[38;2;94;146;182m██[38;2;16;16;16m██  [38;2;16;16;16m██[38;2;94;146;182m██[38;2;94;146;182m██[38;2;94;146;182m██[38;2;94;146;182m██[38;2;94;146;182m██[38;2;94;146;182m██[38;2;94;146;182m██[38;2;94;146;182m██[38;2;16;16;16m██            
                    [38;2;16;16;16m██[38;2;94;146;182m██[38;2;51;72;93m██[38;2;51;72;93m██[38;2;94;146;182m██[38;2;94;146;182m██[38;2;16;16;16m██    [38;2;16;16;16m██[38;2;225;175;87m██[38;2;255;237;95m██[38;2;255;237;95m██[38;2;255;237;95m██[38;2;255;237;95m██[38;2;255;237;95m██[38;2;255;237;95m██[38;2;255;237;95m██[38;2;255;237;95m██[38;2;255;237;95m██[38;2;16;16;16m██[38;2;94;146;182m██[38;2;140;193;220m██[38;2;140;193;220m██[38;2;140;193;220m██[38;2;140;193;220m██[38;2;51;72;93m██[38;2;94;146;182m██[38;2;94;146;182m██[38;2;94;146;182m██[38;2;16;16;16m██    [38;2;16;16;16m██[38;2;16;16;16m██[38;2;94;146;182m██[38;2;94;146;182m██[38;2;94;146;182m██[38;2;94;146;182m██[38;2;94;146;182m██[38;2;94;146;182m██[38;2;16;16;16m██            
                      [38;2;16;16;16m██[38;2;16;16;16m██[38;2;94;146;182m██[38;2;94;146;182m██[38;2;16;16;16m██      [38;2;16;16;16m██[38;2;255;237;95m██[38;2;255;237;95m██[38;2;255;237;95m██[38;2;255;237;95m██[38;2;255;237;95m██[38;2;255;237;95m██[38;2;255;237;95m██[38;2;255;237;95m██[38;2;255;237;95m██[38;2;255;237;95m██[38;2;16;16;16m██[38;2;140;193;220m██[38;2;140;193;220m██[38;2;140;193;220m██[38;2;140;193;220m██[38;2;140;193;220m██[38;2;140;193;220m██[38;2;51;72;93m██[38;2;94;146;182m██[38;2;94;146;182m██[38;2;16;16;16m██        [38;2;16;16;16m██[38;2;94;146;182m██[38;2;94;146;182m██[38;2;94;146;182m██[38;2;94;146;182m██[38;2;94;146;182m██[38;2;16;16;16m██            
                          [38;2;16;16;16m██[38;2;16;16;16m██        [38;2;16;16;16m██[38;2;255;237;95m██[38;2;255;237;95m██[38;2;255;237;95m██[38;2;255;237;95m██[38;2;255;237;95m██[38;2;255;237;95m██[38;2;255;237;95m██[38;2;255;237;95m██[38;2;255;237;95m██[38;2;16;16;16m██[38;2;94;146;182m██[38;2;140;193;220m██[38;2;140;193;220m██[38;2;140;193;220m██[38;2;94;146;182m██[38;2;140;193;220m██[38;2;140;193;220m██[38;2;140;193;220m██[38;2;51;72;93m██[38;2;94;146;182m██[38;2;16;16;16m██          [38;2;16;16;16m██[38;2;94;146;182m██[38;2;94;146;182m██[38;2;94;146;182m██[38;2;94;146;182m██[38;2;16;16;16m██            
                                      [38;2;16;16;16m██[38;2;255;237;95m██[38;2;255;237;95m██[38;2;255;237;95m██[38;2;255;237;95m██[38;2;255;237;95m██[38;2;255;237;95m██[38;2;255;237;95m██[38;2;255;237;95m██[38;2;255;237;95m██[38;2;16;16;16m██[38;2;140;193;220m██[38;2;140;193;220m██[38;2;140;193;220m██[38;2;140;193;220m██[38;2;94;146;182m██[38;2;94;146;182m██[38;2;94;146;182m██[38;2;16;16;16m██[38;2;16;16;16m██[38;2;94;146;182m██[38;2;16;16;16m██          [38;2;16;16;16m██[38;2;94;146;182m██[38;2;94;146;182m██[38;2;94;146;182m██[38;2;94;146;182m██[38;2;94;146;182m██[38;2;16;16;16m██          
                                        [38;2;16;16;16m██[38;2;255;237;95m██[38;2;255;237;95m██[38;2;255;237;95m██[38;2;255;237;95m██[38;2;255;237;95m██[38;2;255;237;95m██[38;2;255;237;95m██[38;2;16;16;16m██[38;2;94;146;182m██[38;2;140;193;220m██[38;2;140;193;220m██[38;2;140;193;220m██[38;2;140;193;220m██[38;2;140;193;220m██[38;2;94;146;182m██[38;2;51;72;93m██[38;2;94;146;182m██[38;2;94;146;182m██[38;2;16;16;16m██              [38;2;16;16;16m██[38;2;94;146;182m██[38;2;94;146;182m██[38;2;94;146;182m██[38;2;94;146;182m██[38;2;16;16;16m██          
                                        [38;2;16;16;16m██[38;2;255;237;95m██[38;2;255;237;95m██[38;2;255;237;95m██[38;2;255;237;95m██[38;2;255;237;95m██[38;2;255;237;95m██[38;2;255;237;95m██[38;2;16;16;16m██[38;2;94;146;182m██[38;2;140;193;220m██[38;2;140;193;220m██[38;2;140;193;220m██[38;2;140;193;220m██[38;2;140;193;220m██[38;2;51;72;93m██[38;2;94;146;182m██[38;2;94;146;182m██[38;2;94;146;182m██[38;2;16;16;16m██              [38;2;16;16;16m██[38;2;94;146;182m██[38;2;94;146;182m██[38;2;94;146;182m██[38;2;94;146;182m██[38;2;16;16;16m██          
                                        [38;2;16;16;16m██[38;2;255;237;95m██[38;2;255;237;95m██[38;2;255;237;95m██[38;2;255;237;95m██[38;2;255;237;95m██[38;2;255;237;95m██[38;2;16;16;16m██  [38;2;16;16;16m██[38;2;140;193;220m██[38;2;140;193;220m██[38;2;140;193;220m██[38;2;140;193;220m██[38;2;140;193;220m██[38;2;51;72;93m██[38;2;94;146;182m██[38;2;94;146;182m██[38;2;94;146;182m██[38;2;16;16;16m██                [38;2;16;16;16m██[38;2;94;146;182m██[38;2;94;146;182m██[38;2;94;146;182m██[38;2;16;16;16m██          
                                        [38;2;16;16;16m██[38;2;255;237;95m██[38;2;255;237;95m██[38;2;255;237;95m██[38;2;255;237;95m██[38;2;255;237;95m██[38;2;255;237;95m██[38;2;16;16;16m██  [38;2;16;16;16m██[38;2;140;193;220m██[38;2;140;193;220m██[38;2;140;193;220m██[38;2;140;193;220m██[38;2;140;193;220m██[38;2;51;72;93m██[38;2;94;146;182m██[38;2;94;146;182m██[38;2;94;146;182m██[38;2;16;16;16m██                [38;2;16;16;16m██[38;2;94;146;182m██[38;2;94;146;182m██[38;2;94;146;182m██[38;2;16;16;16m██          
                                        [38;2;16;16;16m██[38;2;255;237;95m██[38;2;255;237;95m██[38;2;255;237;95m██[38;2;255;237;95m██[38;2;255;237;95m██[38;2;16;16;16m██    [38;2;16;16;16m██[38;2;140;193;220m██[38;2;140;193;220m██[38;2;140;193;220m██[38;2;140;193;220m██[38;2;94;146;182m██[38;2;51;72;93m██[38;2;94;146;182m██[38;2;94;146;182m██[38;2;16;16;16m██                  [38;2;16;16;16m██[38;2;94;146;182m██[38;2;94;146;182m██[38;2;94;146;182m██[38;2;16;16;16m██          
                                      [38;2;16;16;16m██[38;2;139;82;24m██[38;2;255;237;95m██[38;2;255;237;95m██[38;2;255;237;95m██[38;2;255;237;95m██[38;2;255;237;95m██[38;2;16;16;16m██    [38;2;16;16;16m██[38;2;140;193;220m██[38;2;140;193;220m██[38;2;140;193;220m██[38;2;94;146;182m██[38;2;16;16;16m██[38;2;94;146;182m██[38;2;94;146;182m██[38;2;94;146;182m██[38;2;16;16;16m██                  [38;2;16;16;16m██[38;2;94;146;182m██[38;2;94;146;182m██[38;2;94;146;182m██[38;2;16;16;16m██          
                                      [38;2;16;16;16m██[38;2;139;82;24m██[38;2;225;175;87m██[38;2;255;237;95m██[38;2;255;237;95m██[38;2;255;237;95m██[38;2;16;16;16m██      [38;2;16;16;16m██[38;2;140;193;220m██[38;2;140;193;220m██[38;2;94;146;182m██[38;2;94;146;182m██[38;2;16;16;16m██[38;2;94;146;182m██[38;2;94;146;182m██[38;2;94;146;182m██[38;2;16;16;16m██                  [38;2;16;16;16m██[38;2;94;146;182m██[38;2;94;146;182m██[38;2;94;146;182m██[38;2;16;16;16m██          
                                    [38;2;16;16;16m██[38;2;94;146;182m██[38;2;140;193;220m██[38;2;16;16;16m██[38;2;255;237;95m██[38;2;255;237;95m██[38;2;255;237;95m██[38;2;16;16;16m██      [38;2;16;16;16m██[38;2;94;146;182m██[38;2;94;146;182m██[38;2;94;146;182m██[38;2;94;146;182m██[38;2;16;16;16m██[38;2;94;146;182m██[38;2;94;146;182m██[38;2;94;146;182m██[38;2;16;16;16m██                  [38;2;16;16;16m██[38;2;94;146;182m██[38;2;94;146;182m██[38;2;140;193;220m██[38;2;16;16;16m██          
                                    [38;2;16;16;16m██[38;2;94;146;182m██[38;2;94;146;182m██[38;2;16;16;16m██[38;2;255;237;95m██[38;2;255;237;95m██[38;2;16;16;16m██      [38;2;16;16;16m██[38;2;94;146;182m██[38;2;94;146;182m██[38;2;94;146;182m██[38;2;94;146;182m██[38;2;16;16;16m██[38;2;94;146;182m██[38;2;94;146;182m██[38;2;94;146;182m██[38;2;94;146;182m██[38;2;16;16;16m██                  [38;2;16;16;16m██[38;2;94;146;182m██[38;2;140;193;220m██[38;2;140;193;220m██[38;2;16;16;16m██          
                                  [38;2;16;16;16m██[38;2;225;175;87m██[38;2;255;237;95m██[38;2;225;175;87m██[38;2;16;16;16m██[38;2;255;237;95m██[38;2;255;237;95m██[38;2;16;16;16m██      [38;2;16;16;16m██[38;2;94;146;182m██[38;2;94;146;182m██[38;2;94;146;182m██[38;2;94;146;182m██[38;2;16;16;16m██[38;2;16;16;16m██[38;2;16;16;16m██[38;2;16;16;16m██[38;2;94;146;182m██[38;2;16;16;16m██                [38;2;16;16;16m██[38;2;140;193;220m██[38;2;140;193;220m██[38;2;140;193;220m██[38;2;140;193;220m██[38;2;16;16;16m██          
                                [38;2;16;16;16m██[38;2;255;237;95m██[38;2;255;237;95m██[38;2;255;237;95m██[38;2;225;175;87m██[38;2;16;16;16m██[38;2;255;237;95m██[38;2;16;16;16m██    [38;2;16;16;16m██[38;2;16;16;16m██[38;2;225;175;87m██[38;2;16;16;16m██[38;2;94;146;182m██[38;2;94;146;182m██[38;2;16;16;16m██[38;2;225;175;87m██[38;2;225;175;87m██[38;2;225;175;87m██[38;2;16;16;16m██[38;2;16;16;16m██                [38;2;16;16;16m██[38;2;227;67;67m██[38;2;170;40;40m██[38;2;140;193;220m██[38;2;140;193;220m██[38;2;140;193;220m██[38;2;16;16;16m██          
                                [38;2;16;16;16m██[38;2;225;175;87m██[38;2;255;237;95m██[38;2;225;175;87m██[38;2;225;175;87m██[38;2;16;16;16m██[38;2;255;237;95m██[38;2;16;16;16m██  [38;2;16;16;16m██[38;2;255;237;95m██[38;2;255;237;95m██[38;2;255;237;95m██[38;2;255;237;95m██[38;2;16;16;16m██[38;2;94;146;182m██[38;2;16;16;16m██[38;2;225;175;87m██[38;2;225;175;87m██[38;2;16;16;16m██                  [38;2;16;16;16m██[38;2;170;40;40m██[38;2;170;40;40m██[38;2;16;16;16m██[38;2;227;67;67m██[38;2;170;40;40m██[38;2;16;16;16m██            
                              [38;2;16;16;16m██[38;2;140;193;220m██[38;2;94;146;182m██[38;2;16;16;16m██[38;2;225;175;87m██[38;2;225;175;87m██[38;2;16;16;16m██[38;2;16;16;16m██    [38;2;16;16;16m██[38;2;225;175;87m██[38;2;255;237;95m██[38;2;255;237;95m██[38;2;255;237;95m██[38;2;225;175;87m██[38;2;16;16;16m██[38;2;225;175;87m██[38;2;225;175;87m██[38;2;16;16;16m██                    [38;2;16;16;16m██[38;2;16;16;16m██[38;2;16;16;16m██[38;2;227;67;67m██[38;2;170;40;40m██[38;2;170;40;40m██[38;2;16;16;16m██            
                            [38;2;16;16;16m██[38;2;16;16;16m██[38;2;140;193;220m██[38;2;140;193;220m██[38;2;140;193;220m██[38;2;94;146;182m██[38;2;225;175;87m██[38;2;225;175;87m██[38;2;16;16;16m██  [38;2;16;16;16m██[38;2;16;16;16m██[38;2;16;16;16m██[38;2;16;16;16m██[38;2;255;237;95m██[38;2;225;175;87m██[38;2;225;175;87m██[38;2;225;175;87m██[38;2;225;175;87m██[38;2;16;16;16m██                          [38;2;16;16;16m██[38;2;16;16;16m██[38;2;16;16;16m██[38;2;16;16;16m██              
                          [38;2;16;16;16m██[38;2;227;67;67m██[38;2;170;40;40m██[38;2;16;16;16m██[38;2;140;193;220m██[38;2;94;146;182m██[38;2;94;146;182m██[38;2;16;16;16m██[38;2;16;16;16m██  [38;2;16;16;16m██[38;2;94;146;182m██[38;2;140;193;220m██[38;2;140;193;220m██[38;2;140;193;220m██[38;2;16;16;16m██[38;2;225;175;87m██[38;2;225;175;87m██[38;2;225;175;87m██[38;2;255;237;95m██[38;2;255;237;95m██[38;2;16;16;16m██                                              
                        [38;2;16;16;16m██[38;2;170;40;40m██[38;2;170;40;40m██[38;2;16;16;16m██[38;2;170;40;40m██[38;2;170;40;40m██[38;2;16;16;16m██[38;2;16;16;16m██    [38;2;16;16;16m██[38;2;227;67;67m██[38;2;227;67;67m██[38;2;16;16;16m██[38;2;140;193;220m██[38;2;140;193;220m██[38;2;94;146;182m██[38;2;16;16;16m██[38;2;225;175;87m██[38;2;225;175;87m██[38;2;255;237;95m██[38;2;16;16;16m██                                                
                          [38;2;16;16;16m██[38;2;16;16;16m██[38;2;16;16;16m██[38;2;16;16;16m██[38;2;16;16;16m██      [38;2;16;16;16m██[38;2;170;40;40m██[38;2;170;40;40m██[38;2;16;16;16m██[38;2;170;40;40m██[38;2;16;16;16m██[38;2;94;146;182m██[38;2;94;146;182m██[38;2;94;146;182m██[38;2;16;16;16m██[38;2;16;16;16m██[38;2;16;16;16m██                                                  
                                        [38;2;16;16;16m██[38;2;16;16;16m██[38;2;16;16;16m██[38;2;16;16;16m██[38;2;16;16;16m██[38;2;16;16;16m██[38;2;16;16;16m██[38;2;16;16;16m██[38;2;16;16;16m██[38;2;16;16;16m██                                                        
