                                                                          [38;2;131;86;43m██                                  
                                                                        [38;2;131;86;43m██[38;2;238;193;68m██[38;2;200;120;54m██                                
                                                                        [38;2;131;86;43m██[38;2;238;193;68m██[38;2;238;193;68m██[38;2;200;120;54m██                              
                                                                      [38;2;131;86;43m██[38;2;238;193;68m██[38;2;238;193;68m██[38;2;238;193;68m██[38;2;200;120;54m██                              
                                                                      [38;2;131;86;43m██[38;2;238;193;68m██[38;2;238;193;68m██[38;2;238;193;68m██[38;2;238;193;68m██[38;2;200;120;54m██                            
                                                                      [38;2;131;86;43m██[38;2;208;140;50m██[38;2;208;140;50m██[38;2;238;193;68m██[38;2;238;193;68m██[38;2;200;120;54m██                            
                                                                    [38;2;131;86;43m██[38;2;208;140;50m██[38;2;208;140;50m██[38;2;208;140;50m██[38;2;208;140;50m██[38;2;238;193;68m██[38;2;238;193;68m██[38;2;200;120;54m██                          
                                                                  [38;2;131;86;43m██[38;2;131;86;43m██[38;2;208;140;50m██[38;2;208;140;50m██[38;2;208;140;50m██[38;2;208;140;50m██[38;2;208;140;50m██[38;2;238;193;68m██[38;2;200;120;54m██                          
                                                                [38;2;131;86;43m██[38;2;208;140;50m██[38;2;131;86;43m██[38;2;208;140;50m██[38;2;208;140;50m██[38;2;208;140;50m██[38;2;208;140;50m██[38;2;208;140;50m██[38;2;238;193;68m██[38;2;238;193;68m██[38;2;131;86;43m██[38;2;200;120;54m██                      
                                                                [38;2;131;86;43m██[38;2;208;140;50m██[38;2;131;86;43m██[38;2;208;140;50m██[38;2;208;140;50m██[38;2;208;140;50m██[38;2;208;140;50m██[38;2;208;140;50m██[38;2;208;140;50m██[38;2;238;193;68m██[38;2;131;86;43m██[38;2;238;193;68m██[38;2;200;120;54m██                    
                                                              [38;2;131;86;43m██[38;2;208;140;50m██[38;2;131;86;43m██[38;2;208;140;50m██[38;2;208;140;50m██[38;2;208;140;50m██[38;2;208;140;50m██[38;2;208;140;50m██[38;2;208;140;50m██[38;2;208;140;50m██[38;2;238;193;68m██[38;2;131;86;43m██[38;2;238;193;68m██[38;2;200;120;54m██                    
                                                              [38;2;131;86;43m██[38;2;208;140;50m██[38;2;131;86;43m██[38;2;208;140;50m██[38;2;208;140;50m██[38;2;208;140;50m██[38;2;208;140;50m██[38;2;208;140;50m██[38;2;208;140;50m██[38;2;208;140;50m██[38;2;131;86;43m██[38;2;208;140;50m██[38;2;238;193;68m██[38;2;238;193;68m██[38;2;200;120;54m██                  
                                                            [38;2;16;16;16m██[38;2;208;140;50m██[38;2;208;140;50m██[38;2;131;86;43m██[38;2;208;140;50m██[38;2;208;140;50m██[38;2;208;140;50m██[38;2;208;140;50m██[38;2;208;140;50m██[38;2;208;140;50m██[38;2;208;140;50m██[38;2;131;86;43m██[38;2;208;140;50m██[38;2;238;193;68m██[38;2;238;193;68m██[38;2;200;120;54m██                  
                                                            [38;2;16;16;16m██[38;2;208;140;50m██[38;2;131;86;43m██[38;2;208;140;50m██[38;2;208;140;50m██[38;2;208;140;50m██[38;2;208;140;50m██[38;2;208;140;50m██[38;2;208;140;50m██[38;2;208;140;50m██[38;2;208;140;50m██[38;2;131;86;43m██[38;2;208;140;50m██[38;2;208;140;50m██[38;2;238;193;68m██[38;2;200;120;54m██                  
                                                            [38;2;16;16;16m██[38;2;208;140;50m██[38;2;131;86;43m██[38;2;208;140;50m██[38;2;208;140;50m██[38;2;208;140;50m██[38;2;208;140;50m██[38;2;208;140;50m██[38;2;208;140;50m██[38;2;208;140;50m██[38;2;131;86;43m██[38;2;208;140;50m██[38;2;208;140;50m██[38;2;208;140;50m██[38;2;238;193;68m██[38;2;238;193;68m██[38;2;200;120;54m██                
                                                          [38;2;16;16;16m██[38;2;208;140;50m██[38;2;208;140;50m██[38;2;131;86;43m██[38;2;208;140;50m██[38;2;208;140;50m██[38;2;208;140;50m██[38;2;208;140;50m██[38;2;208;140;50m██[38;2;208;140;50m██[38;2;208;140;50m██[38;2;131;86;43m██[38;2;208;140;50m██[38;2;208;140;50m██[38;2;208;140;50m██[38;2;238;193;68m██[38;2;238;193;68m██[38;2;200;120;54m██                
                                                          [38;2;16;16;16m██[38;2;208;140;50m██[38;2;131;86;43m██[38;2;208;140;50m██[38;2;208;140;50m██[38;2;208;140;50m██[38;2;208;140;50m██[38;2;208;140;50m██[38;2;208;140;50m██[38;2;208;140;50m██[38;2;208;140;50m██[38;2;131;86;43m██[38;2;208;140;50m██[38;2;208;140;50m██[38;2;208;140;50m██[38;2;208;140;50m██[38;2;238;193;68m██[38;2;200;120;54m██                
                                                        [38;2;16;16;16m██[38;2;208;140;50m██[38;2;208;140;50m██[38;2;131;86;43m██[38;2;208;140;50m██[38;2;208;140;50m██[38;2;208;140;50m██[38;2;208;140;50m██[38;2;208;140;50m██[38;2;208;140;50m██[38;2;208;140;50m██[38;2;131;86;43m██[38;2;208;140;50m██[38;2;208;140;50m██[38;2;208;140;50m██[38;2;208;140;50m██[38;2;208;140;50m██[38;2;238;193;68m██[38;2;238;193;68m██[38;2;200;120;54m██              
                                                        [38;2;16;16;16m██[38;2;208;140;50m██[38;2;208;140;50m██[38;2;131;86;43m██[38;2;208;140;50m██[38;2;208;140;50m██[38;2;208;140;50m██[38;2;208;140;50m██[38;2;208;140;50m██[38;2;208;140;50m██[38;2;208;140;50m██[38;2;131;86;43m██[38;2;208;140;50m██[38;2;208;140;50m██[38;2;208;140;50m██[38;2;208;140;50m██[38;2;208;140;50m██[38;2;208;140;50m██[38;2;238;193;68m██[38;2;200;120;54m██              
                                                        [38;2;16;16;16m██[38;2;208;140;50m██[38;2;131;86;43m██[38;2;208;140;50m██[38;2;208;140;50m██[38;2;208;140;50m██[38;2;208;140;50m██[38;2;208;140;50m██[38;2;208;140;50m██[38;2;208;140;50m██[38;2;208;140;50m██[38;2;131;86;43m██[38;2;208;140;50m██[38;2;208;140;50m██[38;2;208;140;50m██[38;2;208;140;50m██[38;2;208;140;50m██[38;2;208;140;50m██[38;2;238;193;68m██[38;2;200;120;54m██              
                      [38;2;16;16;16m██[38;2;16;16;16m██                            [38;2;16;16;16m██[38;2;208;140;50m██[38;2;208;140;50m██[38;2;131;86;43m██[38;2;208;140;50m██[38;2;208;140;50m██[38;2;208;140;50m██[38;2;208;140;50m██[38;2;208;140;50m██[38;2;208;140;50m██[38;2;208;140;50m██[38;2;208;140;50m██[38;2;208;140;50m██[38;2;208;140;50m██[38;2;208;140;50m██[38;2;208;140;50m██[38;2;208;140;50m██[38;2;208;140;50m██[38;2;208;140;50m██[38;2;208;140;50m██[38;2;208;140;50m██[38;2;131;86;43m██            
                    [38;2;16;16;16m██[38;2;120;139;150m██[38;2;16;16;16m██                            [38;2;16;16;16m██[38;2;208;140;50m██[38;2;208;140;50m██[38;2;131;86;43m██[38;2;208;140;50m██[38;2;208;140;50m██[38;2;208;140;50m██[38;2;208;140;50m██[38;2;208;140;50m██[38;2;208;140;50m██[38;2;208;140;50m██[38;2;208;140;50m██[38;2;208;140;50m██[38;2;208;140;50m██[38;2;208;140;50m██[38;2;208;140;50m██[38;2;208;140;50m██[38;2;131;86;43m██[38;2;208;140;50m██[38;2;208;140;50m██[38;2;208;140;50m██[38;2;131;86;43m██            
                  [38;2;16;16;16m██[38;2;120;139;150m██[38;2;120;139;150m██[38;2;16;16;16m██                            [38;2;16;16;16m██[38;2;208;140;50m██[38;2;208;140;50m██[38;2;131;86;43m██[38;2;208;140;50m██[38;2;208;140;50m██[38;2;208;140;50m██[38;2;208;140;50m██[38;2;208;140;50m██[38;2;208;140;50m██[38;2;208;140;50m██[38;2;208;140;50m██[38;2;208;140;50m██[38;2;208;140;50m██[38;2;208;140;50m██[38;2;208;140;50m██[38;2;131;86;43m██[38;2;16;16;16m██[38;2;208;140;50m██[38;2;208;140;50m██[38;2;208;140;50m██[38;2;131;86;43m██            
                [38;2;16;16;16m██[38;2;92;104;112m██[38;2;120;139;150m██[38;2;16;16;16m██                            [38;2;16;16;16m██[38;2;208;140;50m██[38;2;208;140;50m██[38;2;208;140;50m██[38;2;208;140;50m██[38;2;131;86;43m██[38;2;208;140;50m██[38;2;208;140;50m██[38;2;208;140;50m██[38;2;208;140;50m██[38;2;208;140;50m██[38;2;208;140;50m██[38;2;208;140;50m██[38;2;208;140;50m██[38;2;208;140;50m██[38;2;208;140;50m██[38;2;208;140;50m██[38;2;16;16;16m██[38;2;16;16;16m██[38;2;131;86;43m██[38;2;208;140;50m██[38;2;208;140;50m██[38;2;131;86;43m██[38;2;131;86;43m██          
              [38;2;46;51;56m██[38;2;46;51;56m██[38;2;120;139;150m██[38;2;120;139;150m██[38;2;16;16;16m██                            [38;2;16;16;16m██[38;2;208;140;50m██[38;2;208;140;50m██[38;2;208;140;50m██[38;2;208;140;50m██[38;2;131;86;43m██[38;2;208;140;50m██[38;2;208;140;50m██[38;2;208;140;50m██[38;2;208;140;50m██[38;2;208;140;50m██[38;2;208;140;50m██[38;2;208;140;50m██[38;2;208;140;50m██[38;2;208;140;50m██[38;2;208;140;50m██[38;2;208;140;50m██[38;2;16;16;16m██[38;2;16;16;16m██[38;2;131;86;43m██[38;2;208;140;50m██[38;2;131;86;43m██[38;2;208;140;50m██[38;2;238;193;68m██[38;2;131;86;43m██[38;2;131;86;43m██      
              [38;2;16;16;16m██[38;2;92;104;112m██[38;2;120;139;150m██[38;2;120;139;150m██[38;2;16;16;16m██                            [38;2;16;16;16m██[38;2;208;140;50m██[38;2;208;140;50m██[38;2;208;140;50m██[38;2;208;140;50m██[38;2;208;140;50m██[38;2;131;86;43m██[38;2;208;140;50m██[38;2;208;140;50m██[38;2;208;140;50m██[38;2;208;140;50m██[38;2;208;140;50m██[38;2;208;140;50m██[38;2;208;140;50m██[38;2;208;140;50m██[38;2;208;140;50m██[38;2;208;140;50m██[38;2;131;86;43m██[38;2;16;16;16m██[38;2;208;140;50m██[38;2;208;140;50m██[38;2;46;51;56m██[38;2;120;139;150m██[38;2;120;139;150m██[38;2;238;193;68m██[38;2;238;193;68m██[38;2;131;86;43m██[38;2;131;86;43m██  
            [38;2;16;16;16m██[38;2;69;75;81m██[38;2;120;139;150m██[38;2;120;139;150m██[38;2;16;16;16m██                                [38;2;16;16;16m██[38;2;208;140;50m██[38;2;208;140;50m██[38;2;208;140;50m██[38;2;208;140;50m██[38;2;131;86;43m██[38;2;208;140;50m██[38;2;208;140;50m██[38;2;208;140;50m██[38;2;208;140;50m██[38;2;208;140;50m██[38;2;208;140;50m██[38;2;208;140;50m██[38;2;208;140;50m██[38;2;208;140;50m██[38;2;208;140;50m██[38;2;208;140;50m██[38;2;208;140;50m██[38;2;208;140;50m██[38;2;46;51;56m██[38;2;92;104;112m██[38;2;92;104;112m██[38;2;120;139;150m██[38;2;120;139;150m██[38;2;238;193;68m██[38;2;238;193;68m██[38;2;238;193;68m██[38;2;131;86;43m██
          [38;2;16;16;16m██[38;2;69;75;81m██[38;2;69;75;81m██[38;2;120;139;150m██[38;2;120;139;150m██[38;2;16;16;16m██                                [38;2;16;16;16m██[38;2;208;140;50m██[38;2;208;140;50m██[38;2;208;140;50m██[38;2;208;140;50m██[38;2;131;86;43m██[38;2;208;140;50m██[38;2;208;140;50m██[38;2;208;140;50m██[38;2;208;140;50m██[38;2;208;140;50m██[38;2;208;140;50m██[38;2;208;140;50m██[38;2;208;140;50m██[38;2;208;140;50m██[38;2;208;140;50m██[38;2;208;140;50m██[38;2;208;140;50m██[38;2;208;140;50m██[38;2;46;51;56m██[38;2;92;104;112m██[38;2;92;104;112m██[38;2;92;104;112m██[38;2;92;104;112m██[38;2;120;139;150m██[38;2;120;139;150m██[38;2;208;140;50m██[38;2;16;16;16m██
        [38;2;46;51;56m██[38;2;46;51;56m██[38;2;69;75;81m██[38;2;69;75;81m██[38;2;120;139;150m██[38;2;120;139;150m██[38;2;16;16;16m██                                  [38;2;16;16;16m██[38;2;208;140;50m██[38;2;208;140;50m██[38;2;208;140;50m██[38;2;208;140;50m██[38;2;208;140;50m██[38;2;208;140;50m██[38;2;208;140;50m██[38;2;208;140;50m██[38;2;208;140;50m██[38;2;208;140;50m██[38;2;208;140;50m██[38;2;208;140;50m██[38;2;208;140;50m██[38;2;208;140;50m██[38;2;208;140;50m██[38;2;208;140;50m██[38;2;46;51;56m██[38;2;92;104;112m██[38;2;200;120;54m██[38;2;92;104;112m██[38;2;92;104;112m██[38;2;92;104;112m██[38;2;92;104;112m██[38;2;92;104;112m██[38;2;92;104;112m██[38;2;16;16;16m██
        [38;2;16;16;16m██[38;2;69;75;81m██[38;2;69;75;81m██[38;2;69;75;81m██[38;2;120;139;150m██[38;2;16;16;16m██                                    [38;2;16;16;16m██[38;2;208;140;50m██[38;2;208;140;50m██[38;2;208;140;50m██[38;2;208;140;50m██[38;2;208;140;50m██[38;2;208;140;50m██[38;2;208;140;50m██[38;2;208;140;50m██[38;2;208;140;50m██[38;2;208;140;50m██[38;2;208;140;50m██[38;2;208;140;50m██[38;2;208;140;50m██[38;2;208;140;50m██[38;2;208;140;50m██[38;2;208;140;50m██[38;2;46;51;56m██[38;2;200;120;54m██[38;2;208;140;50m██[38;2;92;104;112m██[38;2;46;51;56m██[38;2;46;51;56m██[38;2;92;104;112m██[38;2;46;51;56m██[38;2;16;16;16m██  
      [38;2;16;16;16m██[38;2;69;75;81m██[38;2;69;75;81m██[38;2;69;75;81m██[38;2;92;104;112m██[38;2;92;104;112m██[38;2;16;16;16m██            [38;2;131;86;43m██[38;2;131;86;43m██                      [38;2;16;16;16m██[38;2;208;140;50m██[38;2;208;140;50m██[38;2;208;140;50m██[38;2;208;140;50m██[38;2;208;140;50m██[38;2;208;140;50m██[38;2;208;140;50m██[38;2;208;140;50m██[38;2;208;140;50m██[38;2;208;140;50m██[38;2;208;140;50m██[38;2;208;140;50m██[38;2;208;140;50m██[38;2;208;140;50m██[38;2;208;140;50m██[38;2;208;140;50m██[38;2;208;140;50m██[38;2;69;75;81m██[38;2;46;51;56m██[38;2;69;75;81m██[38;2;46;51;56m██[38;2;46;51;56m██[38;2;69;75;81m██[38;2;16;16;16m██  
      [38;2;16;16;16m██[38;2;69;75;81m██[38;2;69;75;81m██[38;2;69;75;81m██[38;2;92;104;112m██[38;2;69;75;81m██[38;2;16;16;16m██  [38;2;131;86;43m██        [38;2;16;16;16m██[38;2;238;193;68m██[38;2;16;16;16m██                    [38;2;16;16;16m██[38;2;208;140;50m██[38;2;208;140;50m██[38;2;208;140;50m██[38;2;208;140;50m██[38;2;208;140;50m██[38;2;208;140;50m██[38;2;208;140;50m██[38;2;208;140;50m██[38;2;208;140;50m██[38;2;208;140;50m██[38;2;208;140;50m██[38;2;208;140;50m██[38;2;208;140;50m██[38;2;208;140;50m██[38;2;208;140;50m██[38;2;208;140;50m██[38;2;69;75;81m██[38;2;69;75;81m██[38;2;69;75;81m██[38;2;69;75;81m██[38;2;16;16;16m██[38;2;16;16;16m██[38;2;16;16;16m██    
    [38;2;16;16;16m██[38;2;69;75;81m██[38;2;69;75;81m██[38;2;69;75;81m██[38;2;69;75;81m██[38;2;69;75;81m██[38;2;16;16;16m██  [38;2;131;86;43m██[38;2;208;140;50m██[38;2;131;86;43m██      [38;2;16;16;16m██[38;2;238;193;68m██[38;2;16;16;16m██                      [38;2;16;16;16m██[38;2;208;140;50m██[38;2;208;140;50m██[38;2;208;140;50m██[38;2;208;140;50m██[38;2;208;140;50m██[38;2;208;140;50m██[38;2;208;140;50m██[38;2;208;140;50m██[38;2;208;140;50m██[38;2;208;140;50m██[38;2;208;140;50m██[38;2;208;140;50m██[38;2;208;140;50m██[38;2;208;140;50m██[38;2;208;140;50m██[38;2;69;75;81m██[38;2;16;16;16m██[38;2;16;16;16m██[38;2;16;16;16m██          
    [38;2;16;16;16m██[38;2;69;75;81m██[38;2;69;75;81m██[38;2;69;75;81m██[38;2;69;75;81m██[38;2;69;75;81m██[38;2;16;16;16m██  [38;2;131;86;43m██[38;2;208;140;50m██[38;2;131;86;43m██      [38;2;16;16;16m██[38;2;238;193;68m██[38;2;238;193;68m██[38;2;16;16;16m██                    [38;2;16;16;16m██[38;2;208;140;50m██[38;2;208;140;50m██[38;2;208;140;50m██[38;2;208;140;50m██[38;2;208;140;50m██[38;2;208;140;50m██[38;2;208;140;50m██[38;2;208;140;50m██[38;2;208;140;50m██[38;2;208;140;50m██[38;2;208;140;50m██[38;2;208;140;50m██[38;2;208;140;50m██[38;2;16;16;16m██[38;2;16;16;16m██[38;2;16;16;16m██                
  [38;2;16;16;16m██[38;2;69;75;81m██[38;2;69;75;81m██[38;2;69;75;81m██[38;2;69;75;81m██[38;2;69;75;81m██[38;2;69;75;81m██[38;2;16;16;16m██[38;2;131;86;43m██[38;2;131;86;43m██[38;2;208;140;50m██[38;2;208;140;50m██[38;2;131;86;43m██    [38;2;16;16;16m██[38;2;238;193;68m██[38;2;238;193;68m██[38;2;16;16;16m██        [38;2;16;16;16m██        [38;2;16;16;16m██[38;2;208;140;50m██[38;2;238;193;68m██[38;2;208;140;50m██[38;2;131;86;43m██[38;2;208;140;50m██[38;2;208;140;50m██[38;2;208;140;50m██[38;2;208;140;50m██[38;2;208;140;50m██[38;2;208;140;50m██[38;2;131;86;43m██[38;2;208;140;50m██[38;2;208;140;50m██[38;2;208;140;50m██[38;2;16;16;16m██                    
  [38;2;16;16;16m██[38;2;69;75;81m██[38;2;69;75;81m██[38;2;69;75;81m██[38;2;69;75;81m██[38;2;69;75;81m██[38;2;69;75;81m██[38;2;46;51;56m██[38;2;208;140;50m██[38;2;131;86;43m██[38;2;208;140;50m██[38;2;208;140;50m██[38;2;131;86;43m██    [38;2;16;16;16m██[38;2;208;140;50m██[38;2;238;193;68m██[38;2;238;193;68m██[38;2;16;16;16m██    [38;2;16;16;16m██[38;2;238;193;68m██[38;2;16;16;16m██    [38;2;46;51;56m██[38;2;131;86;43m██[38;2;238;193;68m██[38;2;238;193;68m██[38;2;131;86;43m██[38;2;131;86;43m██[38;2;208;140;50m██[38;2;208;140;50m██[38;2;208;140;50m██[38;2;208;140;50m██[38;2;208;140;50m██[38;2;208;140;50m██[38;2;131;86;43m██[38;2;131;86;43m██[38;2;208;140;50m██[38;2;16;16;16m██                      
[38;2;16;16;16m██[38;2;69;75;81m██[38;2;69;75;81m██[38;2;69;75;81m██[38;2;69;75;81m██[38;2;69;75;81m██[38;2;69;75;81m██[38;2;69;75;81m██[38;2;69;75;81m██[38;2;46;51;56m██[38;2;208;140;50m██[38;2;208;140;50m██[38;2;16;16;16m██[38;2;16;16;16m██[38;2;131;86;43m██  [38;2;131;86;43m██[38;2;208;140;50m██[38;2;238;193;68m██[38;2;238;193;68m██[38;2;16;16;16m██    [38;2;16;16;16m██[38;2;238;193;68m██[38;2;16;16;16m██[38;2;46;51;56m██[38;2;46;51;56m██[38;2;120;139;150m██[38;2;69;75;81m██[38;2;238;193;68m██[38;2;131;86;43m██[38;2;69;75;81m██[38;2;69;75;81m██[38;2;131;86;43m██[38;2;208;140;50m██[38;2;208;140;50m██[38;2;208;140;50m██[38;2;208;140;50m██[38;2;208;140;50m██[38;2;131;86;43m██[38;2;69;75;81m██[38;2;131;86;43m██[38;2;16;16;16m██                      
[38;2;16;16;16m██[38;2;69;75;81m██[38;2;69;75;81m██[38;2;69;75;81m██[38;2;69;75;81m██[38;2;69;75;81m██[38;2;69;75;81m██[38;2;69;75;81m██[38;2;69;75;81m██[38;2;69;75;81m██[38;2;46;51;56m██[38;2;208;140;50m██[38;2;16;16;16m██[38;2;238;193;68m██[38;2;16;16;16m██[38;2;131;86;43m██[38;2;131;86;43m██[38;2;208;140;50m██[38;2;208;140;50m██[38;2;238;193;68m██[38;2;238;193;68m██[38;2;16;16;16m██[38;2;46;51;56m██[38;2;208;140;50m██[38;2;238;193;68m██[38;2;16;16;16m██[38;2;120;139;150m██[38;2;120;139;150m██[38;2;120;139;150m██[38;2;69;75;81m██[38;2;69;75;81m██[38;2;69;75;81m██[38;2;69;75;81m██[38;2;69;75;81m██[38;2;131;86;43m██[38;2;208;140;50m██[38;2;208;140;50m██[38;2;208;140;50m██[38;2;131;86;43m██[38;2;131;86;43m██[38;2;131;86;43m██[38;2;69;75;81m██[38;2;69;75;81m██[38;2;69;75;81m██[38;2;16;16;16m██                    
  [38;2;16;16;16m██[38;2;69;75;81m██[38;2;69;75;81m██[38;2;69;75;81m██[38;2;69;75;81m██[38;2;69;75;81m██[38;2;69;75;81m██[38;2;69;75;81m██[38;2;69;75;81m██[38;2;69;75;81m██[38;2;131;86;43m██[38;2;16;16;16m██[38;2;238;193;68m██[38;2;208;140;50m██[38;2;16;16;16m██[38;2;131;86;43m██[38;2;208;140;50m██[38;2;208;140;50m██[38;2;238;193;68m██[38;2;238;193;68m██[38;2;16;16;16m██[38;2;131;86;43m██[38;2;208;140;50m██[38;2;238;193;68m██[38;2;131;86;43m██[38;2;120;139;150m██[38;2;120;139;150m██[38;2;120;139;150m██[38;2;120;139;150m██[38;2;92;104;112m██[38;2;69;75;81m██[38;2;69;75;81m██[38;2;69;75;81m██[38;2;131;86;43m██[38;2;131;86;43m██[38;2;131;86;43m██[38;2;131;86;43m██[38;2;69;75;81m██[38;2;69;75;81m██[38;2;69;75;81m██[38;2;69;75;81m██[38;2;69;75;81m██[38;2;92;104;112m██[38;2;92;104;112m██[38;2;16;16;16m██                  
    [38;2;16;16;16m██[38;2;69;75;81m██[38;2;69;75;81m██[38;2;69;75;81m██[38;2;69;75;81m██[38;2;69;75;81m██[38;2;69;75;81m██[38;2;69;75;81m██[38;2;69;75;81m██[38;2;69;75;81m██[38;2;131;86;43m██[38;2;208;140;50m██[38;2;238;193;68m██[38;2;131;86;43m██[38;2;208;140;50m██[38;2;208;140;50m██[38;2;208;140;50m██[38;2;208;140;50m██[38;2;238;193;68m██[38;2;238;193;68m██[38;2;16;16;16m██[38;2;208;140;50m██[38;2;238;193;68m██[38;2;208;140;50m██[38;2;131;86;43m██[38;2;120;139;150m██[38;2;92;104;112m██[38;2;92;104;112m██[38;2;69;75;81m██[38;2;69;75;81m██[38;2;69;75;81m██[38;2;69;75;81m██[38;2;69;75;81m██[38;2;69;75;81m██[38;2;69;75;81m██[38;2;69;75;81m██[38;2;69;75;81m██[38;2;69;75;81m██[38;2;69;75;81m██[38;2;69;75;81m██[38;2;69;75;81m██[38;2;16;16;16m██[38;2;92;104;112m██[38;2;92;104;112m██[38;2;16;16;16m██                
    [38;2;16;16;16m██[38;2;16;16;16m██[38;2;69;75;81m██[38;2;69;75;81m██[38;2;69;75;81m██[38;2;69;75;81m██[38;2;69;75;81m██[38;2;69;75;81m██[38;2;69;75;81m██[38;2;69;75;81m██[38;2;131;86;43m██[38;2;208;140;50m██[38;2;208;140;50m██[38;2;238;193;68m██[38;2;16;16;16m██[38;2;208;140;50m██[38;2;208;140;50m██[38;2;208;140;50m██[38;2;208;140;50m██[38;2;238;193;68m██[38;2;16;16;16m██[38;2;208;140;50m██[38;2;238;193;68m██[38;2;238;193;68m██[38;2;16;16;16m██[38;2;92;104;112m██[38;2;69;75;81m██[38;2;69;75;81m██[38;2;69;75;81m██[38;2;69;75;81m██[38;2;69;75;81m██[38;2;69;75;81m██[38;2;69;75;81m██[38;2;69;75;81m██[38;2;69;75;81m██[38;2;69;75;81m██[38;2;69;75;81m██[38;2;69;75;81m██[38;2;69;75;81m██[38;2;69;75;81m██[38;2;92;104;112m██[38;2;92;104;112m██[38;2;16;16;16m██[38;2;16;16;16m██[38;2;16;16;16m██                
      [38;2;16;16;16m██[38;2;16;16;16m██[38;2;69;75;81m██[38;2;69;75;81m██[38;2;69;75;81m██[38;2;69;75;81m██[38;2;69;75;81m██[38;2;69;75;81m██[38;2;69;75;81m██[38;2;131;86;43m██[38;2;208;140;50m██[38;2;208;140;50m██[38;2;238;193;68m██[38;2;238;193;68m██[38;2;16;16;16m██[38;2;208;140;50m██[38;2;208;140;50m██[38;2;208;140;50m██[38;2;208;140;50m██[38;2;208;140;50m██[38;2;131;86;43m██[38;2;238;193;68m██[38;2;238;193;68m██[38;2;16;16;16m██[38;2;69;75;81m██[38;2;69;75;81m██[38;2;69;75;81m██[38;2;69;75;81m██[38;2;69;75;81m██[38;2;69;75;81m██[38;2;69;75;81m██[38;2;69;75;81m██[38;2;69;75;81m██[38;2;69;75;81m██[38;2;69;75;81m██[38;2;69;75;81m██[38;2;69;75;81m██[38;2;69;75;81m██[38;2;69;75;81m██[38;2;69;75;81m██[38;2;92;104;112m██[38;2;92;104;112m██[38;2;16;16;16m██                  
[38;2;131;86;43m██[38;2;131;86;43m██[38;2;131;86;43m██[38;2;131;86;43m██[38;2;16;16;16m██[38;2;69;75;81m██[38;2;69;75;81m██[38;2;69;75;81m██[38;2;69;75;81m██[38;2;69;75;81m██[38;2;69;75;81m██[38;2;69;75;81m██[38;2;69;75;81m██[38;2;131;86;43m██[38;2;208;140;50m██[38;2;208;140;50m██[38;2;238;193;68m██[38;2;238;193;68m██[38;2;208;140;50m██[38;2;208;140;50m██[38;2;208;140;50m██[38;2;208;140;50m██[38;2;208;140;50m██[38;2;208;140;50m██[38;2;238;193;68m██[38;2;238;193;68m██[38;2;208;140;50m██[38;2;16;16;16m██[38;2;69;75;81m██[38;2;69;75;81m██[38;2;69;75;81m██[38;2;69;75;81m██[38;2;69;75;81m██[38;2;69;75;81m██[38;2;69;75;81m██[38;2;69;75;81m██[38;2;69;75;81m██[38;2;69;75;81m██[38;2;69;75;81m██[38;2;69;75;81m██[38;2;69;75;81m██[38;2;69;75;81m██[38;2;69;75;81m██[38;2;16;16;16m██[38;2;16;16;16m██[38;2;16;16;16m██                  
[38;2;16;16;16m██[38;2;208;140;50m██[38;2;208;140;50m██[38;2;208;140;50m██[38;2;208;140;50m██[38;2;16;16;16m██[38;2;69;75;81m██[38;2;69;75;81m██[38;2;69;75;81m██[38;2;16;16;16m██[38;2;131;86;43m██[38;2;131;86;43m██[38;2;69;75;81m██[38;2;131;86;43m██[38;2;208;140;50m██[38;2;208;140;50m██[38;2;208;140;50m██[38;2;208;140;50m██[38;2;208;140;50m██[38;2;208;140;50m██[38;2;208;140;50m██[38;2;208;140;50m██[38;2;208;140;50m██[38;2;208;140;50m██[38;2;208;140;50m██[38;2;238;193;68m██[38;2;238;193;68m██[38;2;16;16;16m██[38;2;69;75;81m██[38;2;69;75;81m██[38;2;69;75;81m██[38;2;69;75;81m██[38;2;69;75;81m██[38;2;69;75;81m██[38;2;69;75;81m██[38;2;69;75;81m██[38;2;69;75;81m██[38;2;69;75;81m██[38;2;69;75;81m██[38;2;69;75;81m██[38;2;69;75;81m██[38;2;69;75;81m██[38;2;69;75;81m██[38;2;16;16;16m██                      
  [38;2;16;16;16m██[38;2;16;16;16m██[38;2;208;140;50m██[38;2;208;140;50m██[38;2;208;140;50m██[38;2;16;16;16m██[38;2;69;75;81m██[38;2;69;75;81m██[38;2;16;16;16m██[38;2;208;140;50m██[38;2;208;140;50m██[38;2;131;86;43m██[38;2;131;86;43m██[38;2;208;140;50m██[38;2;208;140;50m██[38;2;208;140;50m██[38;2;208;140;50m██[38;2;208;140;50m██[38;2;208;140;50m██[38;2;208;140;50m██[38;2;208;140;50m██[38;2;208;140;50m██[38;2;208;140;50m██[38;2;208;140;50m██[38;2;208;140;50m██[38;2;238;193;68m██[38;2;208;140;50m██[38;2;131;86;43m██[38;2;69;75;81m██[38;2;69;75;81m██[38;2;69;75;81m██[38;2;69;75;81m██[38;2;46;51;56m██[38;2;69;75;81m██[38;2;69;75;81m██[38;2;69;75;81m██[38;2;69;75;81m██[38;2;69;75;81m██[38;2;69;75;81m██[38;2;69;75;81m██[38;2;69;75;81m██[38;2;69;75;81m██[38;2;16;16;16m██                      
      [38;2;16;16;16m██[38;2;208;140;50m██[38;2;16;16;16m██[38;2;69;75;81m██[38;2;69;75;81m██[38;2;69;75;81m██[38;2;69;75;81m██[38;2;16;16;16m██[38;2;208;140;50m██[38;2;208;140;50m██[38;2;208;140;50m██[38;2;131;86;43m██[38;2;131;86;43m██[38;2;208;140;50m██[38;2;208;140;50m██[38;2;208;140;50m██[38;2;208;140;50m██[38;2;208;140;50m██[38;2;208;140;50m██[38;2;208;140;50m██[38;2;208;140;50m██[38;2;208;140;50m██[38;2;208;140;50m██[38;2;208;140;50m██[38;2;238;193;68m██[38;2;16;16;16m██[38;2;69;75;81m██[38;2;69;75;81m██[38;2;69;75;81m██[38;2;69;75;81m██[38;2;46;51;56m██[38;2;69;75;81m██[38;2;69;75;81m██[38;2;69;75;81m██[38;2;69;75;81m██[38;2;69;75;81m██[38;2;69;75;81m██[38;2;69;75;81m██[38;2;69;75;81m██[38;2;69;75;81m██[38;2;16;16;16m██                      
        [38;2;131;86;43m██[38;2;16;16;16m██[38;2;16;16;16m██[38;2;16;16;16m██[38;2;69;75;81m██[38;2;69;75;81m██[38;2;69;75;81m██[38;2;16;16;16m██[38;2;208;140;50m██[38;2;208;140;50m██[38;2;208;140;50m██[38;2;208;140;50m██[38;2;208;140;50m██[38;2;208;140;50m██[38;2;208;140;50m██[38;2;208;140;50m██[38;2;208;140;50m██[38;2;208;140;50m██[38;2;208;140;50m██[38;2;208;140;50m██[38;2;208;140;50m██[38;2;208;140;50m██[38;2;208;140;50m██[38;2;238;193;68m██[38;2;16;16;16m██[38;2;69;75;81m██[38;2;69;75;81m██[38;2;69;75;81m██[38;2;69;75;81m██[38;2;69;75;81m██[38;2;46;51;56m██[38;2;69;75;81m██[38;2;69;75;81m██[38;2;69;75;81m██[38;2;69;75;81m██[38;2;69;75;81m██[38;2;69;75;81m██[38;2;69;75;81m██[38;2;16;16;16m██                        
        [38;2;131;86;43m██[38;2;208;140;50m██[38;2;208;140;50m██[38;2;208;140;50m██[38;2;16;16;16m██[38;2;69;75;81m██[38;2;69;75;81m██[38;2;16;16;16m██[38;2;208;140;50m██[38;2;208;140;50m██[38;2;208;140;50m██[38;2;208;140;50m██[38;2;208;140;50m██[38;2;208;140;50m██[38;2;208;140;50m██[38;2;208;140;50m██[38;2;208;140;50m██[38;2;208;140;50m██[38;2;208;140;50m██[38;2;208;140;50m██[38;2;208;140;50m██[38;2;208;140;50m██[38;2;208;140;50m██[38;2;208;140;50m██[38;2;16;16;16m██[38;2;69;75;81m██[38;2;69;75;81m██[38;2;69;75;81m██[38;2;69;75;81m██[38;2;69;75;81m██[38;2;46;51;56m██[38;2;69;75;81m██[38;2;69;75;81m██[38;2;69;75;81m██[38;2;69;75;81m██[38;2;69;75;81m██[38;2;69;75;81m██[38;2;69;75;81m██[38;2;16;16;16m██                        
          [38;2;131;86;43m██[38;2;208;140;50m██[38;2;16;16;16m██[38;2;69;75;81m██[38;2;69;75;81m██[38;2;69;75;81m██[38;2;69;75;81m██[38;2;16;16;16m██[38;2;208;140;50m██[38;2;131;86;43m██[38;2;131;86;43m██[38;2;208;140;50m██[38;2;208;140;50m██[38;2;208;140;50m██[38;2;208;140;50m██[38;2;208;140;50m██[38;2;208;140;50m██[38;2;208;140;50m██[38;2;208;140;50m██[38;2;208;140;50m██[38;2;208;140;50m██[38;2;208;140;50m██[38;2;208;140;50m██[38;2;16;16;16m██[38;2;69;75;81m██[38;2;69;75;81m██[38;2;16;16;16m██[38;2;16;16;16m██[38;2;46;51;56m██[38;2;16;16;16m██[38;2;69;75;81m██[38;2;69;75;81m██[38;2;69;75;81m██[38;2;69;75;81m██[38;2;69;75;81m██[38;2;69;75;81m██[38;2;16;16;16m██                          
          [38;2;46;51;56m██[38;2;46;51;56m██[38;2;16;16;16m██[38;2;16;16;16m██[38;2;46;51;56m██[38;2;46;51;56m██[38;2;69;75;81m██[38;2;16;16;16m██[38;2;208;140;50m██[38;2;131;86;43m██[38;2;120;139;150m██[38;2;131;86;43m██[38;2;208;140;50m██[38;2;208;140;50m██[38;2;208;140;50m██[38;2;208;140;50m██[38;2;208;140;50m██[38;2;208;140;50m██[38;2;208;140;50m██[38;2;208;140;50m██[38;2;208;140;50m██[38;2;208;140;50m██[38;2;16;16;16m██[38;2;16;16;16m██[38;2;16;16;16m██[38;2;16;16;16m██[38;2;46;51;56m██[38;2;46;51;56m██[38;2;16;16;16m██[38;2;16;16;16m██[38;2;69;75;81m██[38;2;69;75;81m██[38;2;69;75;81m██[38;2;69;75;81m██[38;2;69;75;81m██[38;2;69;75;81m██[38;2;16;16;16m██                          
        [38;2;46;51;56m██[38;2;46;51;56m██[38;2;69;75;81m██[38;2;92;104;112m██[38;2;131;86;43m██[38;2;16;16;16m██[38;2;69;75;81m██[38;2;16;16;16m██[38;2;46;51;56m██[38;2;16;16;16m██[38;2;131;86;43m██[38;2;120;139;150m██[38;2;131;86;43m██[38;2;208;140;50m██[38;2;208;140;50m██[38;2;208;140;50m██[38;2;208;140;50m██[38;2;208;140;50m██[38;2;208;140;50m██[38;2;208;140;50m██[38;2;208;140;50m██[38;2;208;140;50m██[38;2;208;140;50m██[38;2;16;16;16m██[38;2;69;75;81m██[38;2;69;75;81m██[38;2;69;75;81m██[38;2;46;51;56m██[38;2;16;16;16m██  [38;2;16;16;16m██[38;2;69;75;81m██[38;2;69;75;81m██[38;2;69;75;81m██[38;2;69;75;81m██[38;2;69;75;81m██[38;2;69;75;81m██[38;2;16;16;16m██                          
        [38;2;46;51;56m██[38;2;92;104;112m██[38;2;92;104;112m██[38;2;92;104;112m██[38;2;69;75;81m██[38;2;16;16;16m██[38;2;16;16;16m██[38;2;200;120;54m██[38;2;46;51;56m██[38;2;46;51;56m██[38;2;46;51;56m██[38;2;92;104;112m██[38;2;120;139;150m██[38;2;46;51;56m██[38;2;131;86;43m██[38;2;208;140;50m██[38;2;208;140;50m██[38;2;208;140;50m██[38;2;208;140;50m██[38;2;208;140;50m██[38;2;208;140;50m██[38;2;208;140;50m██[38;2;16;16;16m██[38;2;69;75;81m██[38;2;69;75;81m██[38;2;69;75;81m██[38;2;69;75;81m██[38;2;69;75;81m██[38;2;16;16;16m██  [38;2;16;16;16m██[38;2;69;75;81m██[38;2;69;75;81m██[38;2;69;75;81m██[38;2;69;75;81m██[38;2;69;75;81m██[38;2;16;16;16m██                            
      [38;2;46;51;56m██[38;2;46;51;56m██[38;2;46;51;56m██[38;2;92;104;112m██[38;2;69;75;81m██[38;2;69;75;81m██[38;2;69;75;81m██[38;2;131;86;43m██[38;2;200;120;54m██[38;2;16;16;16m██[38;2;16;16;16m██[38;2;16;16;16m██[38;2;69;75;81m██[38;2;120;139;150m██[38;2;46;51;56m██[38;2;69;75;81m██[38;2;131;86;43m██[38;2;131;86;43m██[38;2;208;140;50m██[38;2;208;140;50m██[38;2;208;140;50m██[38;2;16;16;16m██[38;2;16;16;16m██[38;2;46;51;56m██[38;2;69;75;81m██[38;2;69;75;81m██[38;2;69;75;81m██[38;2;69;75;81m██[38;2;16;16;16m██      [38;2;16;16;16m██[38;2;69;75;81m██[38;2;69;75;81m██[38;2;69;75;81m██[38;2;69;75;81m██[38;2;16;16;16m██                            
      [38;2;16;16;16m██[38;2;92;104;112m██[38;2;92;104;112m██[38;2;69;75;81m██[38;2;69;75;81m██[38;2;69;75;81m██[38;2;69;75;81m██[38;2;69;75;81m██[38;2;16;16;16m██[38;2;16;16;16m██[38;2;120;139;150m██[38;2;120;139;150m██[38;2;46;51;56m██[38;2;92;104;112m██[38;2;92;104;112m██[38;2;69;75;81m██[38;2;69;75;81m██[38;2;69;75;81m██[38;2;16;16;16m██[38;2;16;16;16m██[38;2;16;16;16m██      [38;2;46;51;56m██[38;2;69;75;81m██[38;2;69;75;81m██[38;2;69;75;81m██[38;2;16;16;16m██      [38;2;16;16;16m██[38;2;69;75;81m██[38;2;69;75;81m██[38;2;69;75;81m██[38;2;92;104;112m██[38;2;16;16;16m██                            
        [38;2;16;16;16m██[38;2;46;51;56m██[38;2;69;75;81m██[38;2;69;75;81m██[38;2;69;75;81m██[38;2;69;75;81m██[38;2;69;75;81m██[38;2;16;16;16m██  [38;2;16;16;16m██[38;2;120;139;150m██[38;2;120;139;150m██[38;2;69;75;81m██[38;2;92;104;112m██[38;2;92;104;112m██[38;2;69;75;81m██[38;2;69;75;81m██[38;2;16;16;16m██          [38;2;16;16;16m██[38;2;69;75;81m██[38;2;69;75;81m██[38;2;69;75;81m██[38;2;16;16;16m██        [38;2;16;16;16m██[38;2;69;75;81m██[38;2;69;75;81m██[38;2;92;104;112m██[38;2;16;16;16m██                            
        [38;2;16;16;16m██[38;2;69;75;81m██[38;2;69;75;81m██[38;2;69;75;81m██[38;2;69;75;81m██[38;2;69;75;81m██[38;2;16;16;16m██      [38;2;16;16;16m██[38;2;120;139;150m██[38;2;92;104;112m██[38;2;92;104;112m██[38;2;92;104;112m██[38;2;69;75;81m██[38;2;16;16;16m██            [38;2;16;16;16m██[38;2;69;75;81m██[38;2;69;75;81m██[38;2;69;75;81m██[38;2;16;16;16m██        [38;2;16;16;16m██[38;2;69;75;81m██[38;2;69;75;81m██[38;2;92;104;112m██[38;2;92;104;112m██[38;2;16;16;16m██                          
          [38;2;16;16;16m██[38;2;69;75;81m██[38;2;69;75;81m██[38;2;69;75;81m██[38;2;69;75;81m██[38;2;16;16;16m██        [38;2;16;16;16m██[38;2;92;104;112m██[38;2;92;104;112m██[38;2;69;75;81m██[38;2;69;75;81m██[38;2;16;16;16m██        [38;2;131;86;43m██[38;2;131;86;43m██[38;2;16;16;16m██[38;2;69;75;81m██[38;2;46;51;56m██[38;2;69;75;81m██[38;2;46;51;56m██[38;2;46;51;56m██      [38;2;16;16;16m██[38;2;69;75;81m██[38;2;69;75;81m██[38;2;92;104;112m██[38;2;120;139;150m██[38;2;16;16;16m██[38;2;131;86;43m██                        
            [38;2;16;16;16m██[38;2;69;75;81m██[38;2;69;75;81m██[38;2;69;75;81m██[38;2;16;16;16m██    [38;2;16;16;16m██[38;2;16;16;16m██[38;2;16;16;16m██[38;2;69;75;81m██[38;2;92;104;112m██[38;2;69;75;81m██[38;2;69;75;81m██[38;2;16;16;16m██        [38;2;131;86;43m██[38;2;208;140;50m██[38;2;131;86;43m██[38;2;46;51;56m██[38;2;208;140;50m██[38;2;46;51;56m██[38;2;208;140;50m██[38;2;46;51;56m██      [38;2;16;16;16m██[38;2;69;75;81m██[38;2;69;75;81m██[38;2;69;75;81m██[38;2;120;139;150m██[38;2;131;86;43m██[38;2;238;193;68m██[38;2;131;86;43m██                      
            [38;2;16;16;16m██[38;2;69;75;81m██[38;2;69;75;81m██[38;2;69;75;81m██[38;2;16;16;16m██    [38;2;16;16;16m██[38;2;120;139;150m██[38;2;120;139;150m██[38;2;92;104;112m██[38;2;69;75;81m██[38;2;69;75;81m██[38;2;69;75;81m██[38;2;69;75;81m██[38;2;16;16;16m██        [38;2;131;86;43m██[38;2;208;140;50m██[38;2;208;140;50m██[38;2;208;140;50m██[38;2;208;140;50m██[38;2;69;75;81m██[38;2;46;51;56m██  [38;2;16;16;16m██[38;2;131;86;43m██[38;2;46;51;56m██[38;2;69;75;81m██[38;2;69;75;81m██[38;2;69;75;81m██[38;2;238;193;68m██[38;2;208;140;50m██[38;2;238;193;68m██[38;2;131;86;43m██                      
              [38;2;16;16;16m██[38;2;69;75;81m██[38;2;69;75;81m██[38;2;46;51;56m██[38;2;16;16;16m██    [38;2;16;16;16m██[38;2;92;104;112m██[38;2;92;104;112m██[38;2;69;75;81m██[38;2;69;75;81m██[38;2;69;75;81m██[38;2;69;75;81m██[38;2;16;16;16m██          [38;2;131;86;43m██[38;2;208;140;50m██[38;2;208;140;50m██[38;2;69;75;81m██[38;2;69;75;81m██[38;2;46;51;56m██  [38;2;16;16;16m██[38;2;208;140;50m██[38;2;131;86;43m██[38;2;46;51;56m██[38;2;131;86;43m██[38;2;208;140;50m██[38;2;238;193;68m██[38;2;238;193;68m██[38;2;238;193;68m██[38;2;131;86;43m██                      
              [38;2;16;16;16m██[38;2;69;75;81m██[38;2;69;75;81m██[38;2;69;75;81m██[38;2;16;16;16m██      [38;2;16;16;16m██[38;2;69;75;81m██[38;2;69;75;81m██[38;2;69;75;81m██[38;2;69;75;81m██[38;2;69;75;81m██[38;2;16;16;16m██        [38;2;131;86;43m██[38;2;208;140;50m██[38;2;208;140;50m██[38;2;208;140;50m██[38;2;208;140;50m██[38;2;69;75;81m██[38;2;189;189;230m██[38;2;46;51;56m██  [38;2;16;16;16m██[38;2;208;140;50m██[38;2;46;51;56m██[38;2;208;140;50m██[38;2;208;140;50m██[38;2;208;140;50m██[38;2;238;193;68m██[38;2;238;193;68m██[38;2;238;193;68m██[38;2;16;16;16m██                    
              [38;2;16;16;16m██[38;2;69;75;81m██[38;2;69;75;81m██[38;2;69;75;81m██[38;2;69;75;81m██[38;2;46;51;56m██      [38;2;16;16;16m██[38;2;69;75;81m██[38;2;69;75;81m██[38;2;69;75;81m██[38;2;69;75;81m██[38;2;16;16;16m██          [38;2;131;86;43m██[38;2;16;16;16m██[38;2;16;16;16m██[38;2;16;16;16m██[38;2;16;16;16m██[38;2;16;16;16m██[38;2;46;51;56m██  [38;2;16;16;16m██[38;2;208;140;50m██[38;2;208;140;50m██[38;2;208;140;50m██[38;2;208;140;50m██[38;2;208;140;50m██[38;2;238;193;68m██[38;2;208;140;50m██[38;2;131;86;43m██[38;2;46;51;56m██                    
                [38;2;16;16;16m██[38;2;69;75;81m██[38;2;69;75;81m██[38;2;69;75;81m██[38;2;189;189;230m██[38;2;16;16;16m██    [38;2;16;16;16m██[38;2;69;75;81m██[38;2;69;75;81m██[38;2;69;75;81m██[38;2;69;75;81m██[38;2;69;75;81m██[38;2;16;16;16m██                        [38;2;16;16;16m██[38;2;208;140;50m██[38;2;208;140;50m██[38;2;131;86;43m██[38;2;208;140;50m██[38;2;208;140;50m██[38;2;208;140;50m██[38;2;120;139;150m██[38;2;255;255;255m██[38;2;16;16;16m██                    
                  [38;2;16;16;16m██[38;2;16;16;16m██[38;2;16;16;16m██[38;2;16;16;16m██[38;2;16;16;16m██      [38;2;16;16;16m██[38;2;69;75;81m██[38;2;69;75;81m██[38;2;69;75;81m██[38;2;69;75;81m██[38;2;46;51;56m██[38;2;16;16;16m██                        [38;2;16;16;16m██[38;2;131;86;43m██[38;2;208;140;50m██[38;2;208;140;50m██[38;2;208;140;50m██[38;2;69;75;81m██[38;2;69;75;81m██[38;2;189;189;230m██[38;2;189;189;230m██[38;2;46;51;56m██                  
                                  [38;2;16;16;16m██[38;2;69;75;81m██[38;2;69;75;81m██[38;2;69;75;81m██[38;2;69;75;81m██[38;2;46;51;56m██[38;2;189;189;230m██[38;2;16;16;16m██                        [38;2;16;16;16m██[38;2;16;16;16m██[38;2;16;16;16m██[38;2;16;16;16m██[38;2;16;16;16m██[38;2;16;16;16m██[38;2;16;16;16m██[38;2;16;16;16m██[38;2;46;51;56m██                  
                                  [38;2;16;16;16m██[38;2;69;75;81m██[38;2;69;75;81m██[38;2;69;75;81m██[38;2;69;75;81m██[38;2;69;75;81m██[38;2;46;51;56m██[38;2;255;255;255m██[38;2;16;16;16m██                                                          
                                    [38;2;16;16;16m██[38;2;69;75;81m██[38;2;69;75;81m██[38;2;69;75;81m██[38;2;46;51;56m██[38;2;16;16;16m██[38;2;16;16;16m██[38;2;16;16;16m██                                                          
                                      [38;2;16;16;16m██[38;2;16;16;16m██[38;2;16;16;16m██[38;2;16;16;16m██                                                                
