                                  [38;2;49;82;66m██[38;2;16;16;16m██                                              
                                [38;2;49;82;66m██[38;2;101;181;136m██[38;2;74;132;99m██[38;2;16;16;16m██                                            
                                [38;2;74;132;99m██[38;2;74;132;99m██[38;2;74;132;99m██[38;2;16;16;16m██                                            
                              [38;2;49;82;66m██[38;2;74;132;99m██[38;2;74;132;99m██[38;2;16;16;16m██                                              
              [38;2;122;105;71m██[38;2;122;105;71m██[38;2;16;16;16m██[38;2;16;16;16m██        [38;2;49;82;66m██[38;2;74;132;99m██[38;2;49;82;66m██[38;2;16;16;16m██                                              
            [38;2;122;105;71m██[38;2;235;197;110m██[38;2;235;197;110m██[38;2;235;197;110m██[38;2;74;132;99m██[38;2;16;16;16m██      [38;2;122;105;71m██[38;2;255;235;120m██[38;2;16;16;16m██    [38;2;122;105;71m██[38;2;122;105;71m██[38;2;122;105;71m██                                      
          [38;2;122;105;71m██[38;2;235;197;110m██[38;2;235;197;110m██[38;2;16;16;16m██[38;2;16;16;16m██[38;2;235;197;110m██[38;2;74;132;99m██[38;2;16;16;16m██    [38;2;122;105;71m██[38;2;255;235;120m██[38;2;235;197;110m██[38;2;122;105;71m██[38;2;122;105;71m██[38;2;235;197;110m██[38;2;235;197;110m██[38;2;235;197;110m██[38;2;122;105;71m██                                    
  [38;2;49;82;66m██[38;2;49;82;66m██[38;2;49;82;66m██  [38;2;122;105;71m██[38;2;235;197;110m██[38;2;16;16;16m██    [38;2;49;82;66m██[38;2;74;132;99m██[38;2;16;16;16m██    [38;2;122;105;71m██[38;2;235;197;110m██[38;2;255;235;120m██[38;2;16;16;16m██[38;2;235;197;110m██[38;2;16;16;16m██[38;2;16;16;16m██[38;2;235;197;110m██[38;2;235;197;110m██[38;2;122;105;71m██                                  
[38;2;16;16;16m██[38;2;101;181;136m██[38;2;74;132;99m██[38;2;74;132;99m██[38;2;49;82;66m██[38;2;49;82;66m██[38;2;49;82;66m██[38;2;122;105;71m██[38;2;49;82;66m██[38;2;49;82;66m██[38;2;74;132;99m██[38;2;49;82;66m██[38;2;16;16;16m██      [38;2;49;82;66m██[38;2;74;132;99m██[38;2;49;82;66m██[38;2;16;16;16m██    [38;2;122;105;71m██[38;2;235;197;110m██[38;2;16;16;16m██                                  
[38;2;16;16;16m██[38;2;74;132;99m██[38;2;74;132;99m██[38;2;74;132;99m██[38;2;74;132;99m██[38;2;235;197;110m██[38;2;255;235;120m██[38;2;255;235;120m██[38;2;49;82;66m██[38;2;74;132;99m██[38;2;74;132;99m██[38;2;16;16;16m██  [38;2;107;82;140m██[38;2;107;82;140m██[38;2;107;82;140m██[38;2;107;82;140m██[38;2;16;16;16m██[38;2;74;132;99m██[38;2;49;82;66m██[38;2;16;16;16m██[38;2;122;105;71m██[38;2;235;197;110m██[38;2;235;197;110m██[38;2;16;16;16m██      [38;2;139;139;148m██[38;2;139;139;148m██[38;2;139;139;148m██                      
  [38;2;16;16;16m██[38;2;16;16;16m██[38;2;16;16;16m██[38;2;16;16;16m██[38;2;16;16;16m██[38;2;16;16;16m██[38;2;16;16;16m██[38;2;16;16;16m██[38;2;16;16;16m██[38;2;16;16;16m██[38;2;107;82;140m██[38;2;107;82;140m██[38;2;107;82;140m██[38;2;107;82;140m██[38;2;107;82;140m██[38;2;122;105;71m██[38;2;235;197;110m██[38;2;16;16;16m██[38;2;74;132;99m██[38;2;74;132;99m██[38;2;49;82;66m██[38;2;235;197;110m██[38;2;16;16;16m██[38;2;107;82;140m██[38;2;76;58;99m██[38;2;76;58;99m██[38;2;139;139;148m██[38;2;255;255;255m██[38;2;255;255;255m██[38;2;139;139;148m██                      
            [38;2;16;16;16m██[38;2;235;197;110m██[38;2;16;16;16m██[38;2;76;58;99m██[38;2;107;82;140m██[38;2;107;82;140m██[38;2;107;82;140m██[38;2;74;82;106m██[38;2;74;82;106m██[38;2;74;82;106m██[38;2;122;105;71m██[38;2;255;235;120m██[38;2;122;105;71m██[38;2;16;16;16m██[38;2;16;16;16m██[38;2;16;16;16m██[38;2;16;16;16m██[38;2;107;82;140m██[38;2;107;82;140m██[38;2;107;82;140m██[38;2;107;82;140m██[38;2;76;58;99m██[38;2;255;255;255m██[38;2;255;255;255m██[38;2;139;139;148m██                      
            [38;2;16;16;16m██[38;2;255;235;120m██[38;2;235;197;110m██[38;2;16;16;16m██[38;2;107;82;140m██[38;2;107;82;140m██[38;2;74;82;106m██[38;2;174;191;209m██[38;2;174;191;209m██[38;2;174;191;209m██[38;2;132;149;176m██[38;2;255;235;120m██[38;2;235;197;110m██[38;2;16;16;16m██[38;2;174;191;209m██[38;2;74;82;106m██[38;2;74;82;106m██[38;2;107;82;140m██[38;2;107;82;140m██[38;2;107;82;140m██[38;2;107;82;140m██[38;2;107;82;140m██[38;2;76;58;99m██[38;2;255;255;255m██[38;2;139;139;148m██                      
            [38;2;76;58;99m██[38;2;16;16;16m██[38;2;255;235;120m██[38;2;235;197;110m██[38;2;16;16;16m██[38;2;122;105;71m██[38;2;174;191;209m██[38;2;174;191;209m██[38;2;174;191;209m██[38;2;174;191;209m██[38;2;174;191;209m██[38;2;122;105;71m██[38;2;235;197;110m██[38;2;16;16;16m██[38;2;174;191;209m██[38;2;174;191;209m██[38;2;174;191;209m██[38;2;74;82;106m██[38;2;107;82;140m██[38;2;107;82;140m██[38;2;107;82;140m██[38;2;107;82;140m██[38;2;76;58;99m██[38;2;255;255;255m██[38;2;139;139;148m██                      
          [38;2;76;58;99m██[38;2;107;82;140m██[38;2;107;82;140m██[38;2;16;16;16m██[38;2;74;82;106m██[38;2;235;197;110m██[38;2;235;197;110m██[38;2;132;149;176m██[38;2;174;191;209m██[38;2;174;191;209m██[38;2;174;191;209m██[38;2;174;191;209m██[38;2;122;105;71m██[38;2;235;197;110m██[38;2;74;82;106m██[38;2;132;149;176m██[38;2;174;191;209m██[38;2;174;191;209m██[38;2;174;191;209m██[38;2;74;82;106m██[38;2;107;82;140m██[38;2;107;82;140m██[38;2;107;82;140m██[38;2;148;115;189m██[38;2;76;58;99m██          [38;2;139;139;148m██[38;2;139;139;148m██[38;2;139;139;148m██[38;2;139;139;148m██[38;2;139;139;148m██[38;2;139;139;148m██  
        [38;2;76;58;99m██[38;2;107;82;140m██[38;2;107;82;140m██[38;2;107;82;140m██[38;2;74;82;106m██[38;2;174;191;209m██[38;2;74;82;106m██[38;2;74;82;106m██[38;2;174;191;209m██[38;2;174;191;209m██[38;2;174;191;209m██[38;2;174;191;209m██[38;2;174;191;209m██[38;2;122;105;71m██[38;2;235;197;110m██[38;2;74;82;106m██[38;2;132;149;176m██[38;2;174;191;209m██[38;2;174;191;209m██[38;2;174;191;209m██[38;2;132;149;176m██[38;2;74;82;106m██[38;2;107;82;140m██[38;2;148;115;189m██[38;2;148;115;189m██[38;2;76;58;99m██    [38;2;139;139;148m██[38;2;139;139;148m██[38;2;139;139;148m██[38;2;255;255;255m██[38;2;255;255;255m██[38;2;255;255;255m██[38;2;255;255;255m██[38;2;255;255;255m██[38;2;255;255;255m██[38;2;139;139;148m██
        [38;2;76;58;99m██[38;2;107;82;140m██[38;2;107;82;140m██[38;2;74;82;106m██[38;2;174;191;209m██[38;2;174;191;209m██[38;2;174;191;209m██[38;2;174;191;209m██[38;2;174;191;209m██[38;2;174;191;209m██[38;2;174;191;209m██[38;2;174;191;209m██[38;2;174;191;209m██[38;2;132;149;176m██[38;2;122;105;71m██[38;2;132;149;176m██[38;2;174;191;209m██[38;2;174;191;209m██[38;2;174;191;209m██[38;2;174;191;209m██[38;2;132;149;176m██[38;2;74;82;106m██[38;2;107;82;140m██[38;2;148;115;189m██[38;2;148;115;189m██[38;2;148;115;189m██[38;2;76;58;99m██[38;2;139;139;148m██[38;2;255;255;255m██[38;2;255;255;255m██[38;2;255;255;255m██[38;2;255;255;255m██[38;2;255;255;255m██[38;2;255;255;255m██[38;2;255;255;255m██[38;2;255;255;255m██[38;2;255;255;255m██[38;2;139;139;148m██
      [38;2;76;58;99m██[38;2;148;115;189m██[38;2;148;115;189m██[38;2;107;82;140m██[38;2;74;82;106m██[38;2;174;191;209m██[38;2;222;222;222m██[38;2;174;191;209m██[38;2;174;191;209m██[38;2;174;191;209m██[38;2;174;191;209m██[38;2;174;191;209m██[38;2;174;191;209m██[38;2;174;191;209m██[38;2;174;191;209m██[38;2;174;191;209m██[38;2;174;191;209m██[38;2;174;191;209m██[38;2;174;191;209m██[38;2;174;191;209m██[38;2;132;149;176m██[38;2;132;149;176m██[38;2;76;58;99m██[38;2;148;115;189m██[38;2;148;115;189m██[38;2;148;115;189m██[38;2;148;115;189m██[38;2;76;58;99m██[38;2;255;255;255m██[38;2;255;255;255m██[38;2;255;255;255m██[38;2;255;255;255m██[38;2;255;255;255m██[38;2;255;255;255m██[38;2;255;255;255m██[38;2;255;255;255m██[38;2;255;255;255m██[38;2;255;255;255m██[38;2;139;139;148m██
      [38;2;76;58;99m██[38;2;148;115;189m██[38;2;148;115;189m██[38;2;74;82;106m██[38;2;174;191;209m██[38;2;222;222;222m██[38;2;255;255;255m██[38;2;135;118;196m██[38;2;174;191;209m██[38;2;174;191;209m██[38;2;174;191;209m██[38;2;174;191;209m██[38;2;174;191;209m██[38;2;174;191;209m██[38;2;174;191;209m██[38;2;174;191;209m██[38;2;174;191;209m██[38;2;174;191;209m██[38;2;174;191;209m██[38;2;132;149;176m██[38;2;132;149;176m██[38;2;132;149;176m██[38;2;76;58;99m██[38;2;76;58;99m██[38;2;148;115;189m██[38;2;148;115;189m██[38;2;148;115;189m██[38;2;76;58;99m██[38;2;222;222;222m██[38;2;255;255;255m██[38;2;255;255;255m██[38;2;255;255;255m██[38;2;255;255;255m██[38;2;255;255;255m██[38;2;255;255;255m██[38;2;255;255;255m██[38;2;255;255;255m██[38;2;139;139;148m██  
      [38;2;107;82;140m██[38;2;185;149;230m██[38;2;148;115;189m██[38;2;74;82;106m██[38;2;174;191;209m██[38;2;255;255;255m██[38;2;135;118;196m██[38;2;16;16;16m██[38;2;135;118;196m██[38;2;174;191;209m██[38;2;174;191;209m██[38;2;174;191;209m██[38;2;174;191;209m██[38;2;174;191;209m██[38;2;174;191;209m██[38;2;135;118;196m██[38;2;255;255;255m██[38;2;255;255;255m██[38;2;132;149;176m██[38;2;132;149;176m██[38;2;76;58;99m██[38;2;76;58;99m██[38;2;148;115;189m██[38;2;148;115;189m██[38;2;148;115;189m██[38;2;148;115;189m██[38;2;148;115;189m██[38;2;16;16;16m██[38;2;255;255;255m██[38;2;222;222;222m██[38;2;255;255;255m██[38;2;222;222;222m██[38;2;255;255;255m██[38;2;255;255;255m██[38;2;255;255;255m██[38;2;255;255;255m██[38;2;255;255;255m██[38;2;74;74;82m██  
      [38;2;107;82;140m██[38;2;185;149;230m██[38;2;148;115;189m██[38;2;74;82;106m██[38;2;174;191;209m██[38;2;222;222;222m██[38;2;135;118;196m██[38;2;135;118;196m██[38;2;132;149;176m██[38;2;132;149;176m██[38;2;174;191;209m██[38;2;174;191;209m██[38;2;174;191;209m██[38;2;174;191;209m██[38;2;185;166;255m██[38;2;135;118;196m██[38;2;104;90;158m██[38;2;255;255;255m██[38;2;222;222;222m██[38;2;76;58;99m██[38;2;148;115;189m██[38;2;185;149;230m██[38;2;185;149;230m██[38;2;185;149;230m██[38;2;148;115;189m██[38;2;148;115;189m██[38;2;148;115;189m██[38;2;16;16;16m██[38;2;222;222;222m██[38;2;255;255;255m██[38;2;222;222;222m██[38;2;255;255;255m██[38;2;222;222;222m██[38;2;255;255;255m██[38;2;255;255;255m██[38;2;255;255;255m██[38;2;74;74;82m██    
      [38;2;107;82;140m██[38;2;185;149;230m██[38;2;185;149;230m██[38;2;74;82;106m██[38;2;174;191;209m██[38;2;174;191;209m██[38;2;132;149;176m██[38;2;132;149;176m██[38;2;174;191;209m██[38;2;174;191;209m██[38;2;74;82;106m██[38;2;174;191;209m██[38;2;174;191;209m██[38;2;135;118;196m██[38;2;16;16;16m██[38;2;135;118;196m██[38;2;104;90;158m██[38;2;222;222;222m██[38;2;76;58;99m██[38;2;148;115;189m██[38;2;185;149;230m██[38;2;185;149;230m██[38;2;185;149;230m██[38;2;185;149;230m██[38;2;148;115;189m██[38;2;148;115;189m██[38;2;107;82;140m██[38;2;16;16;16m██[38;2;222;222;222m██[38;2;222;222;222m██[38;2;222;222;222m██[38;2;222;222;222m██[38;2;222;222;222m██[38;2;222;222;222m██[38;2;139;139;148m██[38;2;74;74;82m██      
      [38;2;107;82;140m██[38;2;185;149;230m██[38;2;185;149;230m██[38;2;148;115;189m██[38;2;74;82;106m██[38;2;174;191;209m██[38;2;174;191;209m██[38;2;132;149;176m██[38;2;74;82;106m██[38;2;74;82;106m██[38;2;132;149;176m██[38;2;132;149;176m██[38;2;132;149;176m██[38;2;135;118;196m██[38;2;135;118;196m██[38;2;104;90;158m██[38;2;76;58;99m██[38;2;148;115;189m██[38;2;185;149;230m██[38;2;185;149;230m██[38;2;185;149;230m██[38;2;148;115;189m██[38;2;148;115;189m██[38;2;148;115;189m██[38;2;148;115;189m██[38;2;148;115;189m██[38;2;16;16;16m██[38;2;222;222;222m██[38;2;222;222;222m██[38;2;222;222;222m██[38;2;222;222;222m██[38;2;222;222;222m██[38;2;139;139;148m██[38;2;74;74;82m██          
        [38;2;107;82;140m██[38;2;148;115;189m██[38;2;148;115;189m██[38;2;74;82;106m██[38;2;132;149;176m██[38;2;174;191;209m██[38;2;174;191;209m██[38;2;132;149;176m██[38;2;132;149;176m██[38;2;132;149;176m██[38;2;132;149;176m██[38;2;132;149;176m██[38;2;132;149;176m██[38;2;132;149;176m██[38;2;76;58;99m██[38;2;148;115;189m██[38;2;185;149;230m██[38;2;185;149;230m██[38;2;49;82;66m██[38;2;16;16;16m██[38;2;16;16;16m██[38;2;148;115;189m██[38;2;148;115;189m██[38;2;148;115;189m██[38;2;76;58;99m██[38;2;222;222;222m██[38;2;222;222;222m██[38;2;222;222;222m██[38;2;139;139;148m██[38;2;139;139;148m██[38;2;74;74;82m██              
        [38;2;76;58;99m██[38;2;148;115;189m██[38;2;148;115;189m██[38;2;148;115;189m██[38;2;74;82;106m██[38;2;132;149;176m██[38;2;132;149;176m██[38;2;132;149;176m██[38;2;74;82;106m██[38;2;74;82;106m██[38;2;132;149;176m██[38;2;132;149;176m██[38;2;132;149;176m██[38;2;132;149;176m██[38;2;76;58;99m██[38;2;148;115;189m██[38;2;185;149;230m██[38;2;49;82;66m██[38;2;74;132;99m██[38;2;49;82;66m██[38;2;49;82;66m██[38;2;16;16;16m██[38;2;76;58;99m██[38;2;16;16;16m██[38;2;16;16;16m██[38;2;16;16;16m██[38;2;74;74;82m██[38;2;74;74;82m██[38;2;74;74;82m██                  
          [38;2;16;16;16m██[38;2;148;115;189m██[38;2;148;115;189m██[38;2;148;115;189m██[38;2;74;82;106m██[38;2;74;82;106m██[38;2;132;149;176m██[38;2;132;149;176m██[38;2;132;149;176m██[38;2;74;82;106m██[38;2;132;149;176m██[38;2;132;149;176m██[38;2;76;58;99m██[38;2;148;115;189m██[38;2;148;115;189m██[38;2;148;115;189m██[38;2;49;82;66m██[38;2;74;132;99m██[38;2;74;132;99m██[38;2;49;82;66m██[38;2;49;82;66m██[38;2;16;16;16m██[38;2;107;82;140m██[38;2;76;58;99m██[38;2;49;82;66m██[38;2;16;16;16m██[38;2;16;16;16m██[38;2;180;180;142m██[38;2;180;180;142m██[38;2;180;180;142m██[38;2;180;180;142m██[38;2;180;180;142m██          
            [38;2;16;16;16m██[38;2;16;16;16m██[38;2;107;82;140m██[38;2;107;82;140m██[38;2;76;58;99m██[38;2;16;16;16m██[38;2;74;82;106m██[38;2;132;149;176m██[38;2;132;149;176m██[38;2;132;149;176m██[38;2;132;149;176m██[38;2;76;58;99m██[38;2;148;115;189m██[38;2;148;115;189m██[38;2;148;115;189m██[38;2;16;16;16m██[38;2;74;132;99m██[38;2;74;132;99m██[38;2;49;82;66m██[38;2;49;82;66m██[38;2;49;82;66m██[38;2;16;16;16m██[38;2;107;82;140m██[38;2;16;16;16m██[38;2;49;82;66m██[38;2;49;82;66m██[38;2;16;16;16m██[38;2;180;180;142m██[38;2;180;180;142m██[38;2;180;180;142m██[38;2;180;180;142m██[38;2;180;180;142m██        
                [38;2;16;16;16m██[38;2;16;16;16m██[38;2;16;16;16m██[38;2;49;82;66m██[38;2;16;16;16m██[38;2;74;82;106m██[38;2;74;82;106m██[38;2;74;82;106m██[38;2;74;82;106m██[38;2;76;58;99m██[38;2;148;115;189m██[38;2;148;115;189m██[38;2;148;115;189m██[38;2;16;16;16m██[38;2;49;82;66m██[38;2;49;82;66m██[38;2;49;82;66m██[38;2;49;82;66m██[38;2;49;82;66m██[38;2;16;16;16m██[38;2;107;82;140m██[38;2;16;16;16m██[38;2;49;82;66m██[38;2;49;82;66m██[38;2;49;82;66m██[38;2;16;16;16m██[38;2;235;197;110m██[38;2;235;197;110m██[38;2;235;197;110m██[38;2;180;180;142m██[38;2;180;180;142m██      
                    [38;2;16;16;16m██[38;2;74;132;99m██[38;2;49;82;66m██[38;2;16;16;16m██[38;2;132;149;176m██[38;2;132;149;176m██[38;2;132;149;176m██[38;2;76;58;99m██[38;2;76;58;99m██[38;2;76;58;99m██[38;2;76;58;99m██[38;2;132;149;176m██[38;2;16;16;16m██[38;2;49;82;66m██[38;2;49;82;66m██[38;2;49;82;66m██[38;2;49;82;66m██[38;2;107;82;140m██[38;2;107;82;140m██[38;2;16;16;16m██[38;2;49;82;66m██[38;2;49;82;66m██[38;2;49;82;66m██[38;2;49;82;66m██[38;2;16;16;16m██[38;2;255;255;255m██[38;2;255;255;255m██[38;2;235;197;110m██[38;2;180;180;142m██[38;2;180;180;142m██    
                    [38;2;16;16;16m██[38;2;49;82;66m██[38;2;49;82;66m██[38;2;49;82;66m██[38;2;16;16;16m██[38;2;132;149;176m██[38;2;132;149;176m██[38;2;132;149;176m██[38;2;132;149;176m██[38;2;132;149;176m██[38;2;132;149;176m██[38;2;235;197;110m██[38;2;235;197;110m██[38;2;16;16;16m██[38;2;16;16;16m██[38;2;76;58;99m██[38;2;185;149;230m██[38;2;148;115;189m██[38;2;76;58;99m██[38;2;16;16;16m██[38;2;49;82;66m██[38;2;49;82;66m██[38;2;49;82;66m██[38;2;49;82;66m██[38;2;16;16;16m██[38;2;255;235;120m██[38;2;255;255;255m██[38;2;255;235;120m██[38;2;235;197;110m██[38;2;180;180;142m██[38;2;180;180;142m██  
                    [38;2;16;16;16m██[38;2;49;82;66m██[38;2;49;82;66m██[38;2;49;82;66m██[38;2;16;16;16m██[38;2;255;235;120m██[38;2;255;235;120m██[38;2;255;235;120m██[38;2;235;197;110m██[38;2;235;197;110m██[38;2;235;197;110m██[38;2;235;197;110m██[38;2;235;197;110m██[38;2;235;197;110m██[38;2;107;82;140m██[38;2;148;115;189m██[38;2;148;115;189m██[38;2;76;58;99m██[38;2;16;16;16m██[38;2;49;82;66m██[38;2;49;82;66m██[38;2;49;82;66m██[38;2;49;82;66m██[38;2;49;82;66m██[38;2;49;82;66m██[38;2;16;16;16m██[38;2;255;235;120m██[38;2;255;235;120m██[38;2;235;197;110m██[38;2;180;180;142m██[38;2;180;180;142m██  
                      [38;2;16;16;16m██[38;2;49;82;66m██[38;2;74;82;106m██[38;2;16;16;16m██[38;2;255;235;120m██[38;2;255;235;120m██[38;2;255;235;120m██[38;2;255;235;120m██[38;2;255;235;120m██[38;2;235;197;110m██[38;2;235;197;110m██[38;2;235;197;110m██[38;2;235;197;110m██[38;2;235;197;110m██[38;2;16;16;16m██[38;2;16;16;16m██[38;2;49;82;66m██[38;2;49;82;66m██[38;2;49;82;66m██[38;2;49;82;66m██[38;2;49;82;66m██[38;2;49;82;66m██[38;2;49;82;66m██[38;2;49;82;66m██[38;2;16;16;16m██[38;2;255;235;120m██[38;2;255;235;120m██[38;2;235;197;110m██[38;2;180;180;142m██[38;2;180;180;142m██  
                        [38;2;16;16;16m██[38;2;16;16;16m██[38;2;235;197;110m██[38;2;255;235;120m██[38;2;255;235;120m██[38;2;255;235;120m██[38;2;255;235;120m██[38;2;255;235;120m██[38;2;255;235;120m██[38;2;255;235;120m██[38;2;235;197;110m██[38;2;132;149;176m██[38;2;132;149;176m██[38;2;132;149;176m██[38;2;16;16;16m██[38;2;49;82;66m██[38;2;49;82;66m██[38;2;49;82;66m██[38;2;49;82;66m██[38;2;49;82;66m██[38;2;49;82;66m██[38;2;49;82;66m██[38;2;49;82;66m██[38;2;16;16;16m██[38;2;255;235;120m██[38;2;255;235;120m██[38;2;235;197;110m██[38;2;180;180;142m██[38;2;180;180;142m██  
                            [38;2;132;149;176m██[38;2;174;191;209m██[38;2;174;191;209m██[38;2;174;191;209m██[38;2;174;191;209m██[38;2;174;191;209m██[38;2;174;191;209m██[38;2;174;191;209m██[38;2;174;191;209m██[38;2;132;149;176m██[38;2;132;149;176m██[38;2;132;149;176m██[38;2;122;105;71m██[38;2;49;82;66m██[38;2;49;82;66m██[38;2;49;82;66m██[38;2;49;82;66m██[38;2;49;82;66m██[38;2;49;82;66m██[38;2;49;82;66m██[38;2;49;82;66m██[38;2;16;16;16m██[38;2;255;235;120m██[38;2;235;197;110m██[38;2;180;180;142m██[38;2;180;180;142m██    
                            [38;2;132;149;176m██[38;2;174;191;209m██[38;2;174;191;209m██[38;2;174;191;209m██[38;2;174;191;209m██[38;2;174;191;209m██[38;2;174;191;209m██[38;2;174;191;209m██[38;2;174;191;209m██[38;2;132;149;176m██[38;2;132;149;176m██[38;2;235;197;110m██[38;2;235;197;110m██[38;2;122;105;71m██[38;2;49;82;66m██[38;2;49;82;66m██[38;2;16;16;16m██[38;2;16;16;16m██[38;2;16;16;16m██[38;2;16;16;16m██[38;2;49;82;66m██[38;2;16;16;16m██[38;2;235;197;110m██[38;2;180;180;142m██[38;2;180;180;142m██      
                              [38;2;122;105;71m██[38;2;235;197;110m██[38;2;235;197;110m██[38;2;235;197;110m██[38;2;255;235;120m██[38;2;255;235;120m██[38;2;255;235;120m██[38;2;235;197;110m██[38;2;235;197;110m██[38;2;235;197;110m██[38;2;235;197;110m██[38;2;132;149;176m██[38;2;132;149;176m██[38;2;16;16;16m██[38;2;107;82;140m██[38;2;185;149;230m██[38;2;185;149;230m██[38;2;185;149;230m██[38;2;107;82;140m██[38;2;107;82;140m██[38;2;16;16;16m██[38;2;180;180;142m██[38;2;180;180;142m██        
                                [38;2;122;105;71m██[38;2;235;197;110m██[38;2;235;197;110m██[38;2;235;197;110m██[38;2;235;197;110m██[38;2;235;197;110m██[38;2;235;197;110m██[38;2;235;197;110m██[38;2;235;197;110m██[38;2;132;149;176m██[38;2;132;149;176m██[38;2;132;149;176m██[38;2;107;82;140m██[38;2;185;149;230m██[38;2;185;149;230m██[38;2;107;82;140m██[38;2;107;82;140m██[38;2;107;82;140m██[38;2;107;82;140m██[38;2;76;58;99m██[38;2;16;16;16m██          
                              [38;2;16;16;16m██[38;2;16;16;16m██[38;2;16;16;16m██[38;2;132;149;176m██[38;2;132;149;176m██[38;2;132;149;176m██[38;2;132;149;176m██[38;2;132;149;176m██[38;2;132;149;176m██[38;2;132;149;176m██[38;2;132;149;176m██[38;2;132;149;176m██[38;2;16;16;16m██[38;2;107;82;140m██[38;2;107;82;140m██[38;2;16;16;16m██[38;2;49;82;66m██[38;2;49;82;66m██[38;2;16;16;16m██[38;2;76;58;99m██[38;2;107;82;140m██[38;2;16;16;16m██          
                            [38;2;16;16;16m██[38;2;49;82;66m██[38;2;74;132;99m██[38;2;49;82;66m██[38;2;16;16;16m██[38;2;74;82;106m██[38;2;132;149;176m██[38;2;132;149;176m██[38;2;132;149;176m██[38;2;132;149;176m██[38;2;132;149;176m██[38;2;74;82;106m██[38;2;16;16;16m██[38;2;16;16;16m██[38;2;107;82;140m██[38;2;16;16;16m██[38;2;49;82;66m██[38;2;49;82;66m██[38;2;49;82;66m██[38;2;49;82;66m██[38;2;16;16;16m██[38;2;76;58;99m██[38;2;16;16;16m██          
                            [38;2;16;16;16m██[38;2;74;132;99m██[38;2;49;82;66m██[38;2;49;82;66m██[38;2;49;82;66m██[38;2;49;82;66m██[38;2;16;16;16m██  [38;2;74;82;106m██[38;2;74;82;106m██[38;2;74;82;106m██    [38;2;16;16;16m██[38;2;76;58;99m██[38;2;49;82;66m██[38;2;74;132;99m██[38;2;49;82;66m██[38;2;49;82;66m██[38;2;49;82;66m██[38;2;16;16;16m██[38;2;16;16;16m██            
                            [38;2;16;16;16m██[38;2;49;82;66m██[38;2;49;82;66m██[38;2;49;82;66m██[38;2;16;16;16m██[38;2;16;16;16m██                [38;2;16;16;16m██[38;2;74;132;99m██[38;2;74;132;99m██[38;2;74;132;99m██[38;2;49;82;66m██[38;2;49;82;66m██[38;2;16;16;16m██              
                            [38;2;16;16;16m██[38;2;16;16;16m██[38;2;16;16;16m██[38;2;16;16;16m██                    [38;2;49;82;66m██[38;2;49;82;66m██[38;2;74;132;99m██[38;2;74;132;99m██[38;2;49;82;66m██[38;2;49;82;66m██[38;2;16;16;16m██              
                                                          [38;2;16;16;16m██[38;2;49;82;66m██[38;2;74;132;99m██[38;2;49;82;66m██[38;2;49;82;66m██[38;2;16;16;16m██              
                                                            [38;2;16;16;16m██[38;2;49;82;66m██[38;2;49;82;66m██[38;2;16;16;16m██                
                                                              [38;2;16;16;16m██[38;2;16;16;16m██                  
