              [38;2;89;89;105m██[38;2;89;89;105m██[38;2;89;89;105m██[38;2;89;89;105m██[38;2;89;89;105m██                          
          [38;2;89;89;105m██[38;2;89;89;105m██[38;2;108;108;115m██[38;2;108;108;115m██[38;2;108;108;115m██[38;2;108;108;115m██[38;2;89;89;105m██[38;2;89;89;105m██[38;2;89;89;105m██                      
        [38;2;89;89;105m██[38;2;143;143;150m██[38;2;143;143;150m██[38;2;143;143;150m██[38;2;143;143;150m██[38;2;108;108;115m██[38;2;108;108;115m██[38;2;108;108;115m██[38;2;89;89;105m██[38;2;89;89;105m██[38;2;64;64;71m██                    
      [38;2;89;89;105m██[38;2;143;143;150m██[38;2;187;187;196m██[38;2;187;187;196m██[38;2;143;143;150m██[38;2;143;143;150m██[38;2;143;143;150m██[38;2;108;108;115m██[38;2;108;108;115m██[38;2;108;108;115m██[38;2;89;89;105m██[38;2;89;89;105m██[38;2;64;64;71m██                  
      [38;2;89;89;105m██[38;2;187;187;196m██[38;2;255;255;255m██[38;2;255;255;255m██[38;2;187;187;196m██[38;2;143;143;150m██[38;2;143;143;150m██[38;2;143;143;150m██[38;2;108;108;115m██[38;2;108;108;115m██[38;2;108;108;115m██[38;2;89;89;105m██[38;2;64;64;71m██                  
    [38;2;89;89;105m██[38;2;143;143;150m██[38;2;187;187;196m██[38;2;255;255;255m██[38;2;255;255;255m██[38;2;187;187;196m██[38;2;143;143;150m██[38;2;143;143;150m██[38;2;143;143;150m██[38;2;108;108;115m██[38;2;108;108;115m██[38;2;108;108;115m██[38;2;89;89;105m██[38;2;89;89;105m██[38;2;64;64;71m██                
    [38;2;89;89;105m██[38;2;143;143;150m██[38;2;143;143;150m██[38;2;187;187;196m██[38;2;187;187;196m██[38;2;143;143;150m██[38;2;143;143;150m██[38;2;143;143;150m██[38;2;143;143;150m██[38;2;108;108;115m██[38;2;108;108;115m██[38;2;108;108;115m██[38;2;89;89;105m██[38;2;89;89;105m██[38;2;64;64;71m██                
    [38;2;89;89;105m██[38;2;143;143;150m██[38;2;143;143;150m██[38;2;143;143;150m██[38;2;143;143;150m██[38;2;143;143;150m██[38;2;187;187;196m██[38;2;187;187;196m██[38;2;143;143;150m██[38;2;108;108;115m██[38;2;108;108;115m██[38;2;89;89;105m██[38;2;89;89;105m██[38;2;89;89;105m██[38;2;64;64;71m██                
    [38;2;89;89;105m██[38;2;108;108;115m██[38;2;143;143;150m██[38;2;143;143;150m██[38;2;143;143;150m██[38;2;143;143;150m██[38;2;187;187;196m██[38;2;187;187;196m██[38;2;108;108;115m██[38;2;108;108;115m██[38;2;108;108;115m██[38;2;89;89;105m██[38;2;89;89;105m██[38;2;89;89;105m██[38;2;64;64;71m██                
    [38;2;89;89;105m██[38;2;108;108;115m██[38;2;108;108;115m██[38;2;143;143;150m██[38;2;143;143;150m██[38;2;143;143;150m██[38;2;143;143;150m██[38;2;108;108;115m██[38;2;108;108;115m██[38;2;108;108;115m██[38;2;89;89;105m██[38;2;89;89;105m██[38;2;89;89;105m██[38;2;89;89;105m██[38;2;64;64;71m██                
      [38;2;89;89;105m██[38;2;108;108;115m██[38;2;108;108;115m██[38;2;108;108;115m██[38;2;108;108;115m██[38;2;108;108;115m██[38;2;108;108;115m██[38;2;108;108;115m██[38;2;89;89;105m██[38;2;89;89;105m██[38;2;89;89;105m██[38;2;89;89;105m██[38;2;158;83;173m██[38;2;16;16;16m██                
      [38;2;64;64;71m██[38;2;89;89;105m██[38;2;108;108;115m██[38;2;108;108;115m██[38;2;108;108;115m██[38;2;108;108;115m██[38;2;89;89;105m██[38;2;89;89;105m██[38;2;89;89;105m██[38;2;89;89;105m██[38;2;108;108;115m██[38;2;158;83;173m██[38;2;215;151;222m██[38;2;158;83;173m██                
        [38;2;64;64;71m██[38;2;89;89;105m██[38;2;108;108;115m██[38;2;108;108;115m██[38;2;108;108;115m██[38;2;108;108;115m██[38;2;108;108;115m██[38;2;108;108;115m██[38;2;108;108;115m██[38;2;89;89;105m██[38;2;158;83;173m██[38;2;215;151;222m██[38;2;184;122;199m██[38;2;16;16;16m██              
      [38;2;158;83;173m██[38;2;158;83;173m██[38;2;64;64;71m██[38;2;64;64;71m██[38;2;89;89;105m██[38;2;89;89;105m██[38;2;89;89;105m██[38;2;89;89;105m██[38;2;89;89;105m██[38;2;64;64;71m██[38;2;97;52;112m██[38;2;215;151;222m██[38;2;215;151;222m██[38;2;184;122;199m██[38;2;16;16;16m██              
      [38;2;158;83;173m██[38;2;215;151;222m██[38;2;215;151;222m██[38;2;158;83;173m██[38;2;64;64;71m██[38;2;64;64;71m██[38;2;64;64;71m██[38;2;64;64;71m██[38;2;64;64;71m██[38;2;158;83;173m██[38;2;215;151;222m██[38;2;215;151;222m██[38;2;215;151;222m██[38;2;184;122;199m██[38;2;184;122;199m██[38;2;16;16;16m██            
      [38;2;158;83;173m██[38;2;184;122;199m██[38;2;215;151;222m██[38;2;215;151;222m██[38;2;184;122;199m██[38;2;158;83;173m██[38;2;158;83;173m██[38;2;158;83;173m██[38;2;158;83;173m██[38;2;184;122;199m██[38;2;215;151;222m██[38;2;215;151;222m██[38;2;215;151;222m██[38;2;215;151;222m██[38;2;184;122;199m██[38;2;184;122;199m██[38;2;16;16;16m██          
        [38;2;184;122;199m██[38;2;215;151;222m██[38;2;215;151;222m██[38;2;215;151;222m██[38;2;215;151;222m██[38;2;215;151;222m██[38;2;215;151;222m██[38;2;215;151;222m██[38;2;215;151;222m██[38;2;215;151;222m██[38;2;215;151;222m██[38;2;215;151;222m██[38;2;215;151;222m██[38;2;215;151;222m██[38;2;184;122;199m██[38;2;184;122;199m██[38;2;16;16;16m██        
        [38;2;158;83;173m██[38;2;215;151;222m██[38;2;215;151;222m██[38;2;215;151;222m██[38;2;215;151;222m██[38;2;215;151;222m██[38;2;215;151;222m██[38;2;215;151;222m██[38;2;215;151;222m██[38;2;215;151;222m██[38;2;215;151;222m██[38;2;215;151;222m██[38;2;215;151;222m██[38;2;215;151;222m██[38;2;184;122;199m██[38;2;184;122;199m██[38;2;158;83;173m██        
        [38;2;158;83;173m██[38;2;215;151;222m██[38;2;215;151;222m██[38;2;215;151;222m██[38;2;215;151;222m██[38;2;215;151;222m██[38;2;215;151;222m██[38;2;215;151;222m██[38;2;215;151;222m██[38;2;255;255;255m██[38;2;16;16;16m██[38;2;215;151;222m██[38;2;215;151;222m██[38;2;215;151;222m██[38;2;215;151;222m██[38;2;184;122;199m██[38;2;184;122;199m██[38;2;16;16;16m██      
        [38;2;158;83;173m██[38;2;215;151;222m██[38;2;255;255;255m██[38;2;16;16;16m██[38;2;215;151;222m██[38;2;215;151;222m██[38;2;184;122;199m██[38;2;184;122;199m██[38;2;184;122;199m██[38;2;97;52;112m██[38;2;16;16;16m██[38;2;215;151;222m██[38;2;252;144;186m██[38;2;252;144;186m██[38;2;250;92;153m██[38;2;184;122;199m██[38;2;184;122;199m██[38;2;184;122;199m██[38;2;16;16;16m██    
        [38;2;158;83;173m██[38;2;215;151;222m██[38;2;97;52;112m██[38;2;16;16;16m██[38;2;184;122;199m██[38;2;184;122;199m██[38;2;215;151;222m██[38;2;215;151;222m██[38;2;215;151;222m██[38;2;215;151;222m██[38;2;158;83;173m██[38;2;215;151;222m██[38;2;250;92;153m██[38;2;250;92;153m██[38;2;250;92;153m██[38;2;184;122;199m██[38;2;184;122;199m██[38;2;97;52;112m██[38;2;97;52;112m██[38;2;97;52;112m██  
      [38;2;158;83;173m██[38;2;250;92;153m██[38;2;252;144;186m██[38;2;215;151;222m██[38;2;184;122;199m██[38;2;215;151;222m██[38;2;215;151;222m██[38;2;215;151;222m██[38;2;184;122;199m██[38;2;184;122;199m██[38;2;215;151;222m██[38;2;184;122;199m██[38;2;97;52;112m██[38;2;215;151;222m██[38;2;215;151;222m██[38;2;215;151;222m██[38;2;158;83;173m██[38;2;158;83;173m██[38;2;215;151;222m██[38;2;215;151;222m██[38;2;16;16;16m██  
      [38;2;158;83;173m██[38;2;250;92;153m██[38;2;250;92;153m██[38;2;184;122;199m██[38;2;215;151;222m██[38;2;184;122;199m██[38;2;184;122;199m██[38;2;215;151;222m██[38;2;158;83;173m██[38;2;158;83;173m██[38;2;215;151;222m██[38;2;184;122;199m██[38;2;97;52;112m██[38;2;215;151;222m██[38;2;215;151;222m██[38;2;215;151;222m██[38;2;215;151;222m██[38;2;215;151;222m██[38;2;215;151;222m██[38;2;184;122;199m██[38;2;16;16;16m██  
  [38;2;158;83;173m██[38;2;158;83;173m██[38;2;158;83;173m██[38;2;215;151;222m██[38;2;215;151;222m██[38;2;158;83;173m██[38;2;215;151;222m██[38;2;158;83;173m██[38;2;158;83;173m██[38;2;215;151;222m██[38;2;184;122;199m██[38;2;184;122;199m██[38;2;184;122;199m██[38;2;184;122;199m██[38;2;97;52;112m██[38;2;215;151;222m██[38;2;215;151;222m██[38;2;215;151;222m██[38;2;215;151;222m██[38;2;215;151;222m██[38;2;215;151;222m██[38;2;97;52;112m██[38;2;158;83;173m██[38;2;16;16;16m██
[38;2;158;83;173m██[38;2;215;151;222m██[38;2;215;151;222m██[38;2;158;83;173m██[38;2;215;151;222m██[38;2;215;151;222m██[38;2;158;83;173m██[38;2;184;122;199m██[38;2;184;122;199m██[38;2;184;122;199m██[38;2;184;122;199m██[38;2;184;122;199m██[38;2;158;83;173m██[38;2;97;52;112m██[38;2;97;52;112m██[38;2;184;122;199m██[38;2;215;151;222m██[38;2;215;151;222m██[38;2;215;151;222m██[38;2;215;151;222m██[38;2;215;151;222m██[38;2;97;52;112m██[38;2;158;83;173m██[38;2;184;122;199m██[38;2;16;16;16m██
[38;2;97;52;112m██[38;2;215;151;222m██[38;2;215;151;222m██[38;2;215;151;222m██[38;2;215;151;222m██[38;2;215;151;222m██[38;2;215;151;222m██[38;2;158;83;173m██[38;2;97;52;112m██[38;2;97;52;112m██[38;2;97;52;112m██[38;2;158;83;173m██[38;2;184;122;199m██[38;2;215;151;222m██[38;2;215;151;222m██[38;2;215;151;222m██[38;2;215;151;222m██[38;2;215;151;222m██[38;2;215;151;222m██[38;2;215;151;222m██[38;2;184;122;199m██[38;2;184;122;199m██[38;2;184;122;199m██[38;2;184;122;199m██[38;2;16;16;16m██
  [38;2;16;16;16m██[38;2;215;151;222m██[38;2;158;83;173m██[38;2;215;151;222m██[38;2;215;151;222m██[38;2;215;151;222m██[38;2;215;151;222m██[38;2;215;151;222m██[38;2;215;151;222m██[38;2;215;151;222m██[38;2;215;151;222m██[38;2;215;151;222m██[38;2;215;151;222m██[38;2;215;151;222m██[38;2;215;151;222m██[38;2;215;151;222m██[38;2;215;151;222m██[38;2;215;151;222m██[38;2;215;151;222m██[38;2;184;122;199m██[38;2;184;122;199m██[38;2;184;122;199m██[38;2;184;122;199m██[38;2;16;16;16m██
    [38;2;16;16;16m██[38;2;97;52;112m██[38;2;215;151;222m██[38;2;215;151;222m██[38;2;215;151;222m██[38;2;215;151;222m██[38;2;215;151;222m██[38;2;215;151;222m██[38;2;215;151;222m██[38;2;215;151;222m██[38;2;215;151;222m██[38;2;215;151;222m██[38;2;215;151;222m██[38;2;215;151;222m██[38;2;215;151;222m██[38;2;215;151;222m██[38;2;215;151;222m██[38;2;184;122;199m██[38;2;184;122;199m██[38;2;184;122;199m██[38;2;184;122;199m██[38;2;184;122;199m██[38;2;16;16;16m██
      [38;2;97;52;112m██[38;2;184;122;199m██[38;2;215;151;222m██[38;2;215;151;222m██[38;2;215;151;222m██[38;2;215;151;222m██[38;2;215;151;222m██[38;2;215;151;222m██[38;2;215;151;222m██[38;2;215;151;222m██[38;2;215;151;222m██[38;2;215;151;222m██[38;2;215;151;222m██[38;2;215;151;222m██[38;2;215;151;222m██[38;2;184;122;199m██[38;2;184;122;199m██[38;2;184;122;199m██[38;2;184;122;199m██[38;2;184;122;199m██[38;2;16;16;16m██  
        [38;2;97;52;112m██[38;2;184;122;199m██[38;2;215;151;222m██[38;2;215;151;222m██[38;2;215;151;222m██[38;2;215;151;222m██[38;2;215;151;222m██[38;2;215;151;222m██[38;2;215;151;222m██[38;2;215;151;222m██[38;2;215;151;222m██[38;2;215;151;222m██[38;2;215;151;222m██[38;2;184;122;199m██[38;2;184;122;199m██[38;2;184;122;199m██[38;2;184;122;199m██[38;2;184;122;199m██[38;2;184;122;199m██[38;2;16;16;16m██  
        [38;2;97;52;112m██[38;2;184;122;199m██[38;2;184;122;199m██[38;2;184;122;199m██[38;2;215;151;222m██[38;2;215;151;222m██[38;2;215;151;222m██[38;2;215;151;222m██[38;2;215;151;222m██[38;2;215;151;222m██[38;2;215;151;222m██[38;2;184;122;199m██[38;2;184;122;199m██[38;2;184;122;199m██[38;2;184;122;199m██[38;2;184;122;199m██[38;2;184;122;199m██[38;2;184;122;199m██[38;2;16;16;16m██    
          [38;2;158;83;173m██[38;2;184;122;199m██[38;2;184;122;199m██[38;2;184;122;199m██[38;2;184;122;199m██[38;2;184;122;199m██[38;2;184;122;199m██[38;2;184;122;199m██[38;2;184;122;199m██[38;2;184;122;199m██[38;2;184;122;199m██[38;2;184;122;199m██[38;2;184;122;199m██[38;2;184;122;199m██[38;2;184;122;199m██[38;2;184;122;199m██[38;2;16;16;16m██      
            [38;2;97;52;112m██[38;2;158;83;173m██[38;2;184;122;199m██[38;2;184;122;199m██[38;2;184;122;199m██[38;2;184;122;199m██[38;2;184;122;199m██[38;2;184;122;199m██[38;2;184;122;199m██[38;2;184;122;199m██[38;2;184;122;199m██[38;2;184;122;199m██[38;2;184;122;199m██[38;2;184;122;199m██[38;2;16;16;16m██        
                [38;2;97;52;112m██[38;2;158;83;173m██[38;2;184;122;199m██[38;2;184;122;199m██[38;2;184;122;199m██[38;2;184;122;199m██[38;2;184;122;199m██[38;2;184;122;199m██[38;2;184;122;199m██[38;2;158;83;173m██[38;2;16;16;16m██[38;2;16;16;16m██[38;2;158;83;173m██[38;2;16;16;16m██      
                    [38;2;16;16;16m██[38;2;16;16;16m██[38;2;16;16;16m██[38;2;16;16;16m██[38;2;16;16;16m██[38;2;16;16;16m██[38;2;16;16;16m██[38;2;16;16;16m██[38;2;97;52;112m██[38;2;16;16;16m██[38;2;158;83;173m██[38;2;16;16;16m██      
                      [38;2;97;52;112m██[38;2;158;83;173m██[38;2;158;83;173m██[38;2;97;52;112m██[38;2;97;52;112m██[38;2;97;52;112m██[38;2;97;52;112m██[38;2;97;52;112m██[38;2;16;16;16m██[38;2;158;83;173m██[38;2;16;16;16m██      
                    [38;2;158;83;173m██[38;2;215;151;222m██[38;2;158;83;173m██        [38;2;97;52;112m██[38;2;16;16;16m██[38;2;158;83;173m██[38;2;16;16;16m██[38;2;97;52;112m██[38;2;16;16;16m██    
                    [38;2;158;83;173m██[38;2;215;151;222m██[38;2;215;151;222m██[38;2;158;83;173m██[38;2;158;83;173m██[38;2;97;52;112m██[38;2;97;52;112m██[38;2;184;122;199m██[38;2;184;122;199m██[38;2;158;83;173m██[38;2;16;16;16m██[38;2;158;83;173m██[38;2;97;52;112m██[38;2;16;16;16m██  
                      [38;2;158;83;173m██[38;2;215;151;222m██[38;2;215;151;222m██[38;2;215;151;222m██[38;2;184;122;199m██[38;2;184;122;199m██[38;2;184;122;199m██[38;2;158;83;173m██[38;2;16;16;16m██  [38;2;16;16;16m██[38;2;158;83;173m██[38;2;97;52;112m██[38;2;16;16;16m██
                      [38;2;97;52;112m██[38;2;97;52;112m██[38;2;97;52;112m██[38;2;97;52;112m██[38;2;16;16;16m██[38;2;16;16;16m██[38;2;16;16;16m██[38;2;16;16;16m██    [38;2;16;16;16m██[38;2;158;83;173m██[38;2;158;83;173m██[38;2;16;16;16m██
                    [38;2;97;52;112m██[38;2;184;122;199m██[38;2;158;83;173m██[38;2;97;52;112m██            [38;2;16;16;16m██[38;2;16;16;16m██[38;2;158;83;173m██[38;2;97;52;112m██[38;2;16;16;16m██
                    [38;2;158;83;173m██[38;2;215;151;222m██[38;2;215;151;222m██[38;2;184;122;199m██[38;2;158;83;173m██[38;2;97;52;112m██[38;2;97;52;112m██[38;2;16;16;16m██[38;2;16;16;16m██[38;2;16;16;16m██[38;2;158;83;173m██[38;2;158;83;173m██[38;2;158;83;173m██[38;2;16;16;16m██  
                      [38;2;158;83;173m██[38;2;215;151;222m██[38;2;215;151;222m██[38;2;215;151;222m██[38;2;215;151;222m██[38;2;184;122;199m██[38;2;184;122;199m██[38;2;158;83;173m██[38;2;158;83;173m██[38;2;158;83;173m██[38;2;97;52;112m██[38;2;16;16;16m██    
                          [38;2;158;83;173m██[38;2;158;83;173m██[38;2;97;52;112m██[38;2;97;52;112m██[38;2;97;52;112m██[38;2;97;52;112m██[38;2;16;16;16m██[38;2;16;16;16m██[38;2;16;16;16m██      
                                  [38;2;97;52;112m██[38;2;184;122;199m██[38;2;158;83;173m██[38;2;16;16;16m██        
                                [38;2;97;52;112m██[38;2;184;122;199m██[38;2;158;83;173m██[38;2;16;16;16m██          
                              [38;2;97;52;112m██[38;2;16;16;16m██[38;2;16;16;16m██[38;2;16;16;16m██            
