                                                                  [38;2;123;90;49m██[38;2;123;90;49m██                                                                  
                                                                  [38;2;123;90;49m██[38;2;255;230;90m██[38;2;123;90;49m██                                                                
                                                                  [38;2;123;90;49m██[38;2;255;230;90m██[38;2;123;90;49m██                                                                
                                                                [38;2;123;90;49m██[38;2;246;156;24m██[38;2;246;156;24m██[38;2;255;230;90m██[38;2;0;0;0m██                                                              
                                                                [38;2;123;90;49m██[38;2;246;156;24m██[38;2;246;156;24m██[38;2;255;230;90m██[38;2;0;0;0m██                                                              
                                                                [38;2;123;90;49m██[38;2;246;156;24m██[38;2;246;156;24m██[38;2;246;156;24m██[38;2;255;230;90m██[38;2;0;0;0m██                                                            
                                                              [38;2;123;90;49m██[38;2;246;156;24m██[38;2;246;156;24m██[38;2;246;156;24m██[38;2;246;156;24m██[38;2;255;230;90m██[38;2;0;0;0m██[38;2;123;90;49m██    [38;2;123;90;49m██[38;2;123;90;49m██[38;2;123;90;49m██[38;2;0;0;0m██[38;2;0;0;0m██                                            
                                                    [38;2;0;0;0m██[38;2;0;0;0m██[38;2;0;0;0m██[38;2;123;90;49m██  [38;2;0;0;0m██[38;2;246;156;24m██[38;2;246;156;24m██[38;2;246;156;24m██[38;2;246;156;24m██[38;2;246;156;24m██[38;2;255;230;90m██[38;2;123;90;49m██[38;2;123;90;49m██[38;2;123;90;49m██[38;2;255;230;90m██[38;2;255;230;90m██[38;2;255;230;90m██[38;2;246;156;24m██[38;2;0;0;0m██                                            
                                                    [38;2;0;0;0m██[38;2;246;156;24m██[38;2;246;156;24m██[38;2;246;156;24m██[38;2;0;0;0m██[38;2;0;0;0m██[38;2;246;156;24m██[38;2;246;156;24m██[38;2;246;156;24m██[38;2;246;156;24m██[38;2;246;156;24m██[38;2;255;230;90m██[38;2;255;230;90m██[38;2;255;230;90m██[38;2;255;230;90m██[38;2;246;156;24m██[38;2;246;156;24m██[38;2;246;156;24m██[38;2;0;0;0m██                                              
                                                      [38;2;0;0;0m██[38;2;123;90;49m██[38;2;246;156;24m██[38;2;246;156;24m██[38;2;123;90;49m██[38;2;0;0;0m██[38;2;0;0;0m██[38;2;0;0;0m██[38;2;139;41;41m██[38;2;246;156;24m██[38;2;246;156;24m██[38;2;246;156;24m██[38;2;246;156;24m██[38;2;246;156;24m██[38;2;246;156;24m██[38;2;246;156;24m██[38;2;0;0;0m██[38;2;0;0;0m██                                              
                                                        [38;2;123;90;49m██[38;2;123;90;49m██[38;2;0;0;0m██[38;2;0;0;0m██[38;2;205;49;49m██[38;2;205;49;49m██[38;2;238;82;82m██[38;2;238;82;82m██[38;2;139;41;41m██[38;2;139;41;41m██[38;2;246;156;24m██[38;2;246;156;24m██[38;2;246;156;24m██[38;2;246;156;24m██[38;2;123;90;49m██[38;2;0;0;0m██                                                
                                                          [38;2;0;0;0m██[38;2;205;49;49m██[38;2;205;49;49m██[38;2;205;49;49m██[38;2;205;49;49m██[38;2;205;49;49m██[38;2;238;82;82m██[38;2;238;82;82m██[38;2;238;82;82m██[38;2;139;41;41m██[38;2;246;156;24m██[38;2;246;156;24m██[38;2;123;90;49m██[38;2;0;0;0m██                                                  
                                                        [38;2;139;41;41m██[38;2;205;49;49m██[38;2;205;49;49m██[38;2;205;49;49m██[38;2;205;49;49m██[38;2;205;49;49m██[38;2;205;49;49m██[38;2;205;49;49m██[38;2;205;49;49m██[38;2;238;82;82m██[38;2;238;82;82m██[38;2;139;41;41m██[38;2;246;156;24m██[38;2;123;90;49m██                                                    
                                                      [38;2;139;41;41m██[38;2;205;49;49m██[38;2;205;49;49m██[38;2;205;49;49m██[38;2;205;49;49m██[38;2;205;49;49m██[38;2;205;49;49m██[38;2;205;49;49m██[38;2;205;49;49m██[38;2;205;49;49m██[38;2;205;49;49m██[38;2;238;82;82m██[38;2;238;82;82m██[38;2;139;41;41m██[38;2;246;156;24m██[38;2;0;0;0m██                                                  
                                                    [38;2;139;41;41m██[38;2;205;49;49m██[38;2;205;49;49m██[38;2;205;49;49m██[38;2;205;49;49m██[38;2;205;49;49m██[38;2;205;49;49m██[38;2;205;49;49m██[38;2;205;49;49m██[38;2;205;49;49m██[38;2;205;49;49m██[38;2;205;49;49m██[38;2;205;49;49m██[38;2;238;82;82m██[38;2;205;49;49m██[38;2;246;156;24m██[38;2;246;156;24m██[38;2;0;0;0m██                                                
                          [38;2;139;41;41m██[38;2;0;0;0m██[38;2;0;0;0m██[38;2;139;41;41m██                  [38;2;139;41;41m██[38;2;205;49;49m██[38;2;205;49;49m██[38;2;205;49;49m██[38;2;205;49;49m██[38;2;205;49;49m██[38;2;205;49;49m██[38;2;205;49;49m██[38;2;205;49;49m██[38;2;205;49;49m██[38;2;205;49;49m██[38;2;205;49;49m██[38;2;205;49;49m██[38;2;0;0;0m██[38;2;0;0;0m██[38;2;205;49;49m██[38;2;246;156;24m██[38;2;246;156;24m██[38;2;0;0;0m██                                              
                        [38;2;139;41;41m██[38;2;205;49;49m██[38;2;238;82;82m██[38;2;238;82;82m██[38;2;238;82;82m██[38;2;139;41;41m██[38;2;139;41;41m██            [38;2;139;41;41m██[38;2;205;49;49m██[38;2;205;49;49m██[38;2;205;49;49m██[38;2;205;49;49m██[38;2;205;49;49m██[38;2;205;49;49m██[38;2;205;49;49m██[38;2;205;49;49m██[38;2;205;49;49m██[38;2;205;49;49m██[38;2;205;49;49m██[38;2;205;49;49m██[38;2;0;0;0m██[38;2;180;172;164m██[38;2;0;0;0m██[38;2;0;0;0m██[38;2;139;41;41m██[38;2;0;0;0m██[38;2;0;0;0m██                                              
                      [38;2;139;41;41m██[38;2;238;82;82m██[38;2;238;82;82m██[38;2;238;82;82m██[38;2;238;82;82m██[38;2;238;82;82m██[38;2;238;82;82m██[38;2;238;82;82m██[38;2;139;41;41m██          [38;2;139;41;41m██[38;2;205;49;49m██[38;2;205;49;49m██[38;2;205;49;49m██[38;2;205;49;49m██[38;2;205;49;49m██[38;2;205;49;49m██[38;2;205;49;49m██[38;2;205;49;49m██[38;2;205;49;49m██[38;2;205;49;49m██[38;2;205;49;49m██[38;2;205;49;49m██[38;2;139;41;41m██[38;2;222;222;222m██[38;2;222;222;222m██[38;2;0;0;0m██[38;2;139;41;41m██                                                  
                    [38;2;139;41;41m██[38;2;205;49;49m██[38;2;205;49;49m██[38;2;205;49;49m██[38;2;205;49;49m██[38;2;238;82;82m██[38;2;238;82;82m██[38;2;238;82;82m██[38;2;238;82;82m██[38;2;205;49;49m██[38;2;139;41;41m██      [38;2;139;41;41m██[38;2;205;49;49m██[38;2;205;49;49m██[38;2;205;49;49m██[38;2;205;49;49m██[38;2;205;49;49m██[38;2;205;49;49m██[38;2;205;49;49m██[38;2;205;49;49m██[38;2;205;49;49m██[38;2;205;49;49m██[38;2;205;49;49m██[38;2;205;49;49m██[38;2;139;41;41m██[38;2;139;41;41m██[38;2;222;222;222m██[38;2;0;0;0m██[38;2;0;0;0m██[38;2;139;41;41m██                          [38;2;139;41;41m██[38;2;139;41;41m██[38;2;139;41;41m██[38;2;139;41;41m██                
                    [38;2;139;41;41m██[38;2;205;49;49m██[38;2;205;49;49m██[38;2;205;49;49m██[38;2;205;49;49m██[38;2;205;49;49m██[38;2;205;49;49m██[38;2;238;82;82m██[38;2;238;82;82m██[38;2;238;82;82m██[38;2;139;41;41m██      [38;2;139;41;41m██[38;2;205;49;49m██[38;2;205;49;49m██[38;2;205;49;49m██[38;2;205;49;49m██[38;2;205;49;49m██[38;2;205;49;49m██[38;2;205;49;49m██[38;2;205;49;49m██[38;2;205;49;49m██[38;2;205;49;49m██[38;2;205;49;49m██[38;2;205;49;49m██[38;2;139;41;41m██[38;2;0;0;0m██[38;2;222;222;222m██[38;2;180;172;164m██[38;2;0;0;0m██[38;2;205;49;49m██[38;2;139;41;41m██                    [38;2;139;41;41m██[38;2;139;41;41m██[38;2;238;82;82m██[38;2;238;82;82m██[38;2;238;82;82m██[38;2;238;82;82m██[38;2;139;41;41m██[38;2;139;41;41m██            
                  [38;2;139;41;41m██[38;2;205;49;49m██[38;2;205;49;49m██[38;2;205;49;49m██[38;2;205;49;49m██[38;2;205;49;49m██[38;2;205;49;49m██[38;2;205;49;49m██[38;2;205;49;49m██[38;2;238;82;82m██[38;2;238;82;82m██[38;2;205;49;49m██[38;2;139;41;41m██  [38;2;0;0;0m██[38;2;205;49;49m██[38;2;205;49;49m██[38;2;205;49;49m██[38;2;205;49;49m██[38;2;205;49;49m██[38;2;205;49;49m██[38;2;205;49;49m██[38;2;205;49;49m██[38;2;205;49;49m██[38;2;205;49;49m██[38;2;205;49;49m██[38;2;205;49;49m██[38;2;205;49;49m██[38;2;139;41;41m██[38;2;238;82;82m██[38;2;98;90;90m██[38;2;0;0;0m██[38;2;238;82;82m██[38;2;205;49;49m██[38;2;139;41;41m██                [38;2;139;41;41m██[38;2;139;41;41m██[38;2;238;82;82m██[38;2;238;82;82m██[38;2;238;82;82m██[38;2;238;82;82m██[38;2;238;82;82m██[38;2;238;82;82m██[38;2;238;82;82m██[38;2;238;82;82m██[38;2;139;41;41m██[38;2;139;41;41m██        
                  [38;2;0;0;0m██[38;2;205;49;49m██[38;2;205;49;49m██[38;2;205;49;49m██[38;2;205;49;49m██[38;2;205;49;49m██[38;2;205;49;49m██[38;2;205;49;49m██[38;2;205;49;49m██[38;2;205;49;49m██[38;2;238;82;82m██[38;2;238;82;82m██[38;2;139;41;41m██  [38;2;0;0;0m██[38;2;205;49;49m██[38;2;205;49;49m██[38;2;205;49;49m██[38;2;205;49;49m██[38;2;205;49;49m██[38;2;205;49;49m██[38;2;205;49;49m██[38;2;205;49;49m██[38;2;205;49;49m██[38;2;205;49;49m██[38;2;205;49;49m██[38;2;205;49;49m██[38;2;205;49;49m██[38;2;205;49;49m██[38;2;139;41;41m██[38;2;238;82;82m██[38;2;238;82;82m██[38;2;205;49;49m██[38;2;238;82;82m██[38;2;139;41;41m██              [38;2;139;41;41m██[38;2;205;49;49m██[38;2;238;82;82m██[38;2;238;82;82m██[38;2;238;82;82m██[38;2;238;82;82m██[38;2;238;82;82m██[38;2;238;82;82m██[38;2;238;82;82m██[38;2;238;82;82m██[38;2;238;82;82m██[38;2;238;82;82m██[38;2;238;82;82m██[38;2;139;41;41m██      
                [38;2;0;0;0m██[38;2;139;41;41m██[38;2;205;49;49m██[38;2;205;49;49m██[38;2;205;49;49m██[38;2;205;49;49m██[38;2;205;49;49m██[38;2;205;49;49m██[38;2;205;49;49m██[38;2;205;49;49m██[38;2;205;49;49m██[38;2;205;49;49m██[38;2;238;82;82m██[38;2;139;41;41m██[38;2;0;0;0m██[38;2;205;49;49m██[38;2;205;49;49m██[38;2;205;49;49m██[38;2;205;49;49m██[38;2;205;49;49m██[38;2;205;49;49m██[38;2;205;49;49m██[38;2;205;49;49m██[38;2;205;49;49m██[38;2;205;49;49m██[38;2;205;49;49m██[38;2;205;49;49m██[38;2;205;49;49m██[38;2;205;49;49m██[38;2;205;49;49m██[38;2;205;49;49m██[38;2;139;41;41m██[38;2;139;41;41m██[38;2;238;82;82m██[38;2;238;82;82m██[38;2;139;41;41m██            [38;2;0;0;0m██[38;2;205;49;49m██[38;2;238;82;82m██[38;2;238;82;82m██[38;2;238;82;82m██[38;2;238;82;82m██[38;2;238;82;82m██[38;2;238;82;82m██[38;2;238;82;82m██[38;2;205;49;49m██[38;2;205;49;49m██[38;2;205;49;49m██[38;2;205;49;49m██[38;2;238;82;82m██[38;2;238;82;82m██[38;2;0;0;0m██    
              [38;2;0;0;0m██[38;2;205;49;49m██[38;2;205;49;49m██[38;2;205;49;49m██[38;2;205;49;49m██[38;2;205;49;49m██[38;2;205;49;49m██[38;2;205;49;49m██[38;2;205;49;49m██[38;2;205;49;49m██[38;2;205;49;49m██[38;2;205;49;49m██[38;2;205;49;49m██[38;2;205;49;49m██[38;2;139;41;41m██[38;2;0;0;0m██[38;2;205;49;49m██[38;2;205;49;49m██[38;2;205;49;49m██[38;2;205;49;49m██[38;2;205;49;49m██[38;2;205;49;49m██[38;2;205;49;49m██[38;2;205;49;49m██[38;2;205;49;49m██[38;2;205;49;49m██[38;2;205;49;49m██[38;2;205;49;49m██[38;2;205;49;49m██[38;2;205;49;49m██[38;2;205;49;49m██[38;2;205;49;49m██[38;2;238;82;82m██[38;2;238;82;82m██[38;2;238;82;82m██[38;2;139;41;41m██[38;2;139;41;41m██            [38;2;0;0;0m██[38;2;238;82;82m██[38;2;238;82;82m██[38;2;238;82;82m██[38;2;238;82;82m██[38;2;238;82;82m██[38;2;238;82;82m██[38;2;238;82;82m██[38;2;205;49;49m██[38;2;205;49;49m██[38;2;205;49;49m██[38;2;205;49;49m██[38;2;205;49;49m██[38;2;205;49;49m██[38;2;238;82;82m██[38;2;205;49;49m██[38;2;0;0;0m██  
            [38;2;0;0;0m██[38;2;205;49;49m██[38;2;205;49;49m██[38;2;205;49;49m██[38;2;205;49;49m██[38;2;205;49;49m██[38;2;205;49;49m██[38;2;205;49;49m██[38;2;205;49;49m██[38;2;205;49;49m██[38;2;205;49;49m██[38;2;205;49;49m██[38;2;205;49;49m██[38;2;205;49;49m██[38;2;139;41;41m██[38;2;139;41;41m██[38;2;0;0;0m██[38;2;205;49;49m██[38;2;205;49;49m██[38;2;205;49;49m██[38;2;205;49;49m██[38;2;205;49;49m██[38;2;205;49;49m██[38;2;205;49;49m██[38;2;205;49;49m██[38;2;205;49;49m██[38;2;205;49;49m██[38;2;205;49;49m██[38;2;205;49;49m██[38;2;205;49;49m██[38;2;205;49;49m██[38;2;205;49;49m██[38;2;205;49;49m██[38;2;205;49;49m██[38;2;238;82;82m██[38;2;139;41;41m██[38;2;222;222;222m██[38;2;139;41;41m██          [38;2;139;41;41m██[38;2;205;49;49m██[38;2;205;49;49m██[38;2;205;49;49m██[38;2;238;82;82m██[38;2;238;82;82m██[38;2;238;82;82m██[38;2;205;49;49m██[38;2;205;49;49m██[38;2;205;49;49m██[38;2;205;49;49m██[38;2;205;49;49m██[38;2;205;49;49m██[38;2;205;49;49m██[38;2;205;49;49m██[38;2;205;49;49m██[38;2;205;49;49m██[38;2;0;0;0m██  
            [38;2;0;0;0m██[38;2;205;49;49m██[38;2;0;0;0m██[38;2;139;41;41m██[38;2;139;41;41m██[38;2;205;49;49m██[38;2;205;49;49m██[38;2;205;49;49m██[38;2;205;49;49m██[38;2;205;49;49m██[38;2;205;49;49m██[38;2;205;49;49m██[38;2;205;49;49m██[38;2;0;0;0m██[38;2;0;0;0m██[38;2;0;0;0m██[38;2;205;49;49m██[38;2;205;49;49m██[38;2;205;49;49m██[38;2;205;49;49m██[38;2;205;49;49m██[38;2;205;49;49m██[38;2;205;49;49m██[38;2;205;49;49m██[38;2;205;49;49m██[38;2;205;49;49m██[38;2;205;49;49m██[38;2;205;49;49m██[38;2;205;49;49m██[38;2;205;49;49m██[38;2;205;49;49m██[38;2;205;49;49m██[38;2;205;49;49m██[38;2;205;49;49m██[38;2;139;41;41m██[38;2;65;115;172m██[38;2;222;222;222m██[38;2;98;90;90m██          [38;2;139;41;41m██[38;2;205;49;49m██[38;2;205;49;49m██[38;2;205;49;49m██[38;2;205;49;49m██[38;2;205;49;49m██[38;2;205;49;49m██[38;2;205;49;49m██[38;2;205;49;49m██[38;2;205;49;49m██[38;2;238;82;82m██[38;2;238;82;82m██[38;2;205;49;49m██[38;2;205;49;49m██[38;2;205;49;49m██[38;2;205;49;49m██[38;2;205;49;49m██[38;2;205;49;49m██[38;2;0;0;0m██
            [38;2;139;41;41m██[38;2;0;0;0m██[38;2;139;41;41m██[38;2;139;41;41m██[38;2;205;49;49m██[38;2;205;49;49m██[38;2;205;49;49m██[38;2;205;49;49m██[38;2;205;49;49m██[38;2;205;49;49m██[38;2;205;49;49m██[38;2;205;49;49m██[38;2;0;0;0m██[38;2;205;49;49m██[38;2;205;49;49m██[38;2;0;0;0m██[38;2;205;49;49m██[38;2;139;41;41m██[38;2;139;41;41m██[38;2;139;41;41m██[38;2;139;41;41m██[38;2;139;41;41m██[38;2;139;41;41m██[38;2;139;41;41m██[38;2;139;41;41m██[38;2;205;49;49m██[38;2;205;49;49m██[38;2;205;49;49m██[38;2;205;49;49m██[38;2;205;49;49m██[38;2;205;49;49m██[38;2;205;49;49m██[38;2;205;49;49m██[38;2;205;49;49m██[38;2;139;41;41m██[38;2;82;156;246m██[38;2;65;115;172m██[38;2;98;90;90m██        [38;2;0;0;0m██[38;2;139;41;41m██[38;2;205;49;49m██[38;2;205;49;49m██[38;2;205;49;49m██[38;2;205;49;49m██[38;2;205;49;49m██[38;2;205;49;49m██[38;2;205;49;49m██[38;2;205;49;49m██[38;2;205;49;49m██[38;2;238;82;82m██[38;2;238;82;82m██[38;2;238;82;82m██[38;2;205;49;49m██[38;2;205;49;49m██[38;2;205;49;49m██[38;2;205;49;49m██[38;2;205;49;49m██[38;2;0;0;0m██
                  [38;2;0;0;0m██[38;2;205;49;49m██[38;2;205;49;49m██[38;2;205;49;49m██[38;2;205;49;49m██[38;2;205;49;49m██[38;2;205;49;49m██[38;2;139;41;41m██[38;2;0;0;0m██[38;2;205;49;49m██[38;2;205;49;49m██[38;2;205;49;49m██[38;2;0;0;0m██[38;2;139;41;41m██[38;2;205;49;49m██[38;2;205;49;49m██[38;2;205;49;49m██[38;2;205;49;49m██[38;2;205;49;49m██[38;2;205;49;49m██[38;2;205;49;49m██[38;2;205;49;49m██[38;2;139;41;41m██[38;2;139;41;41m██[38;2;205;49;49m██[38;2;205;49;49m██[38;2;205;49;49m██[38;2;205;49;49m██[38;2;205;49;49m██[38;2;205;49;49m██[38;2;0;0;0m██[38;2;0;0;0m██[38;2;0;0;0m██[38;2;139;41;41m██[38;2;98;90;90m██        [38;2;139;41;41m██[38;2;205;49;49m██[38;2;205;49;49m██[38;2;205;49;49m██[38;2;205;49;49m██[38;2;205;49;49m██[38;2;205;49;49m██[38;2;205;49;49m██[38;2;238;82;82m██[38;2;205;49;49m██[38;2;205;49;49m██[38;2;139;41;41m██[38;2;205;49;49m██[38;2;238;82;82m██[38;2;139;41;41m██[38;2;0;0;0m██[38;2;205;49;49m██[38;2;205;49;49m██[38;2;205;49;49m██[38;2;0;0;0m██
                [38;2;0;0;0m██[38;2;205;49;49m██[38;2;205;49;49m██[38;2;205;49;49m██[38;2;205;49;49m██[38;2;205;49;49m██[38;2;205;49;49m██[38;2;139;41;41m██[38;2;205;49;49m██[38;2;0;0;0m██[38;2;205;49;49m██[38;2;205;49;49m██[38;2;139;41;41m██[38;2;139;41;41m██[38;2;205;49;49m██[38;2;205;49;49m██[38;2;205;49;49m██[38;2;205;49;49m██[38;2;205;49;49m██[38;2;205;49;49m██[38;2;205;49;49m██[38;2;205;49;49m██[38;2;205;49;49m██[38;2;205;49;49m██[38;2;205;49;49m██[38;2;139;41;41m██[38;2;139;41;41m██[38;2;205;49;49m██[38;2;205;49;49m██[38;2;205;49;49m██[38;2;0;0;0m██[38;2;238;82;82m██[38;2;238;82;82m██[38;2;238;82;82m██[38;2;238;82;82m██[38;2;0;0;0m██      [38;2;0;0;0m██[38;2;205;49;49m██[38;2;205;49;49m██[38;2;205;49;49m██[38;2;205;49;49m██[38;2;205;49;49m██[38;2;205;49;49m██[38;2;205;49;49m██[38;2;205;49;49m██[38;2;238;82;82m██[38;2;238;82;82m██[38;2;139;41;41m██[38;2;0;0;0m██[38;2;139;41;41m██[38;2;205;49;49m██[38;2;0;0;0m██  [38;2;0;0;0m██[38;2;205;49;49m██[38;2;205;49;49m██[38;2;0;0;0m██
                [38;2;0;0;0m██[38;2;205;49;49m██[38;2;0;0;0m██[38;2;139;41;41m██[38;2;205;49;49m██[38;2;205;49;49m██[38;2;205;49;49m██[38;2;0;0;0m██[38;2;205;49;49m██[38;2;0;0;0m██[38;2;139;41;41m██[38;2;205;49;49m██[38;2;0;0;0m██[38;2;205;49;49m██[38;2;205;49;49m██[38;2;205;49;49m██[38;2;205;49;49m██[38;2;205;49;49m██[38;2;205;49;49m██[38;2;205;49;49m██[38;2;205;49;49m██[38;2;205;49;49m██[38;2;205;49;49m██[38;2;205;49;49m██[38;2;205;49;49m██[38;2;205;49;49m██[38;2;205;49;49m██[38;2;139;41;41m██[38;2;205;49;49m██[38;2;0;0;0m██[38;2;205;49;49m██[38;2;205;49;49m██[38;2;238;82;82m██[38;2;238;82;82m██[38;2;238;82;82m██[38;2;238;82;82m██[38;2;0;0;0m██    [38;2;0;0;0m██[38;2;205;49;49m██[38;2;205;49;49m██[38;2;205;49;49m██[38;2;205;49;49m██[38;2;205;49;49m██[38;2;205;49;49m██[38;2;205;49;49m██[38;2;0;0;0m██[38;2;139;41;41m██[38;2;238;82;82m██[38;2;139;41;41m██  [38;2;0;0;0m██[38;2;0;0;0m██      [38;2;0;0;0m██[38;2;0;0;0m██  
                [38;2;0;0;0m██[38;2;0;0;0m██[38;2;139;41;41m██[38;2;139;41;41m██[38;2;205;49;49m██[38;2;205;49;49m██[38;2;0;0;0m██[38;2;0;0;0m██[38;2;205;49;49m██[38;2;139;41;41m██[38;2;0;0;0m██[38;2;205;49;49m██[38;2;0;0;0m██[38;2;205;49;49m██[38;2;205;49;49m██[38;2;205;49;49m██[38;2;205;49;49m██[38;2;205;49;49m██[38;2;205;49;49m██[38;2;205;49;49m██[38;2;205;49;49m██[38;2;205;49;49m██[38;2;205;49;49m██[38;2;205;49;49m██[38;2;205;49;49m██[38;2;205;49;49m██[38;2;205;49;49m██[38;2;205;49;49m██[38;2;139;41;41m██[38;2;205;49;49m██[38;2;205;49;49m██[38;2;205;49;49m██[38;2;205;49;49m██[38;2;205;49;49m██[38;2;238;82;82m██[38;2;238;82;82m██[38;2;238;82;82m██[38;2;139;41;41m██  [38;2;139;41;41m██[38;2;0;0;0m██[38;2;205;49;49m██[38;2;205;49;49m██[38;2;205;49;49m██[38;2;205;49;49m██[38;2;205;49;49m██[38;2;205;49;49m██[38;2;0;0;0m██[38;2;0;0;0m██[38;2;0;0;0m██[38;2;0;0;0m██                  
                    [38;2;98;90;90m██[38;2;0;0;0m██[38;2;205;49;49m██[38;2;0;0;0m██[38;2;180;172;164m██[38;2;180;172;164m██[38;2;0;0;0m██[38;2;205;49;49m██[38;2;0;0;0m██[38;2;139;41;41m██[38;2;0;0;0m██[38;2;205;49;49m██[38;2;205;49;49m██[38;2;205;49;49m██[38;2;205;49;49m██[38;2;205;49;49m██[38;2;205;49;49m██[38;2;205;49;49m██[38;2;205;49;49m██[38;2;205;49;49m██[38;2;205;49;49m██[38;2;205;49;49m██[38;2;205;49;49m██[38;2;205;49;49m██[38;2;205;49;49m██[38;2;205;49;49m██[38;2;205;49;49m██[38;2;205;49;49m██[38;2;205;49;49m██[38;2;205;49;49m██[38;2;205;49;49m██[38;2;205;49;49m██[38;2;205;49;49m██[38;2;238;82;82m██[38;2;238;82;82m██[38;2;0;0;0m██  [38;2;0;0;0m██[38;2;205;49;49m██[38;2;0;0;0m██[38;2;139;41;41m██[38;2;0;0;0m██[38;2;205;49;49m██[38;2;205;49;49m██[38;2;0;0;0m██[38;2;0;0;0m██[38;2;0;0;0m██[38;2;0;0;0m██          [38;2;98;90;90m██        
                    [38;2;98;90;90m██[38;2;98;90;90m██[38;2;0;0;0m██[38;2;180;172;164m██[38;2;180;172;164m██[38;2;180;172;164m██[38;2;0;0;0m██[38;2;205;49;49m██[38;2;139;41;41m██[38;2;0;0;0m██[38;2;139;41;41m██[38;2;205;49;49m██[38;2;205;49;49m██[38;2;205;49;49m██[38;2;205;49;49m██[38;2;205;49;49m██[38;2;205;49;49m██[38;2;205;49;49m██[38;2;205;49;49m██[38;2;205;49;49m██[38;2;205;49;49m██[38;2;205;49;49m██[38;2;205;49;49m██[38;2;205;49;49m██[38;2;205;49;49m██[38;2;205;49;49m██[38;2;139;41;41m██[38;2;205;49;49m██[38;2;205;49;49m██[38;2;205;49;49m██[38;2;205;49;49m██[38;2;205;49;49m██[38;2;205;49;49m██[38;2;205;49;49m██[38;2;238;82;82m██[38;2;0;0;0m██  [38;2;0;0;0m██[38;2;205;49;49m██[38;2;205;49;49m██[38;2;139;41;41m██[38;2;98;90;90m██[38;2;0;0;0m██[38;2;0;0;0m██[38;2;180;172;164m██[38;2;180;172;164m██[38;2;98;90;90m██[38;2;0;0;0m██[38;2;0;0;0m██[38;2;0;0;0m██    [38;2;98;90;90m██[38;2;222;222;222m██[38;2;98;90;90m██      
                      [38;2;0;0;0m██[38;2;180;172;164m██[38;2;180;172;164m██[38;2;180;172;164m██[38;2;180;172;164m██[38;2;180;172;164m██[38;2;0;0;0m██[38;2;139;41;41m██[38;2;0;0;0m██[38;2;205;49;49m██[38;2;205;49;49m██[38;2;205;49;49m██[38;2;205;49;49m██[38;2;205;49;49m██[38;2;205;49;49m██[38;2;205;49;49m██[38;2;205;49;49m██[38;2;205;49;49m██[38;2;205;49;49m██[38;2;205;49;49m██[38;2;205;49;49m██[38;2;205;49;49m██[38;2;205;49;49m██[38;2;205;49;49m██[38;2;205;49;49m██[38;2;205;49;49m██[38;2;139;41;41m██[38;2;205;49;49m██[38;2;205;49;49m██[38;2;205;49;49m██[38;2;205;49;49m██[38;2;205;49;49m██[38;2;205;49;49m██[38;2;0;0;0m██    [38;2;139;41;41m██[38;2;205;49;49m██[38;2;205;49;49m██[38;2;139;41;41m██[38;2;180;172;164m██[38;2;180;172;164m██[38;2;180;172;164m██[38;2;180;172;164m██[38;2;180;172;164m██[38;2;180;172;164m██[38;2;222;222;222m██[38;2;222;222;222m██[38;2;0;0;0m██[38;2;0;0;0m██[38;2;0;0;0m██[38;2;222;222;222m██[38;2;222;222;222m██[38;2;0;0;0m██      
                        [38;2;0;0;0m██[38;2;98;90;90m██[38;2;180;172;164m██[38;2;180;172;164m██[38;2;98;90;90m██[38;2;0;0;0m██[38;2;0;0;0m██[38;2;0;0;0m██[38;2;205;49;49m██[38;2;205;49;49m██[38;2;205;49;49m██[38;2;205;49;49m██[38;2;205;49;49m██[38;2;205;49;49m██[38;2;205;49;49m██[38;2;205;49;49m██[38;2;205;49;49m██[38;2;205;49;49m██[38;2;205;49;49m██[38;2;205;49;49m██[38;2;205;49;49m██[38;2;205;49;49m██[38;2;205;49;49m██[38;2;205;49;49m██[38;2;205;49;49m██[38;2;139;41;41m██[38;2;139;41;41m██[38;2;205;49;49m██[38;2;205;49;49m██[38;2;205;49;49m██[38;2;0;0;0m██[38;2;0;0;0m██[38;2;139;41;41m██  [38;2;139;41;41m██[38;2;205;49;49m██[38;2;205;49;49m██[38;2;139;41;41m██[38;2;98;90;90m██[38;2;180;172;164m██[38;2;180;172;164m██[38;2;180;172;164m██[38;2;180;172;164m██[38;2;180;172;164m██[38;2;180;172;164m██[38;2;180;172;164m██[38;2;222;222;222m██[38;2;222;222;222m██[38;2;222;222;222m██[38;2;222;222;222m██[38;2;222;222;222m██[38;2;180;172;164m██[38;2;0;0;0m██      
                            [38;2;0;0;0m██[38;2;0;0;0m██[38;2;0;0;0m██    [38;2;0;0;0m██[38;2;205;49;49m██[38;2;139;41;41m██[38;2;139;41;41m██[38;2;139;41;41m██[38;2;139;41;41m██[38;2;139;41;41m██[38;2;139;41;41m██[38;2;139;41;41m██[38;2;139;41;41m██[38;2;205;49;49m██[38;2;205;49;49m██[38;2;205;49;49m██[38;2;205;49;49m██[38;2;205;49;49m██[38;2;205;49;49m██[38;2;205;49;49m██[38;2;205;49;49m██[38;2;205;49;49m██[38;2;98;90;90m██[38;2;139;41;41m██[38;2;0;0;0m██[38;2;0;0;0m██[38;2;205;49;49m██[38;2;205;49;49m██[38;2;139;41;41m██[38;2;0;0;0m██[38;2;139;41;41m██[38;2;205;49;49m██[38;2;205;49;49m██[38;2;139;41;41m██  [38;2;0;0;0m██[38;2;98;90;90m██[38;2;180;172;164m██[38;2;180;172;164m██[38;2;180;172;164m██[38;2;180;172;164m██[38;2;180;172;164m██[38;2;180;172;164m██[38;2;180;172;164m██[38;2;180;172;164m██[38;2;180;172;164m██[38;2;180;172;164m██[38;2;0;0;0m██        
                                      [38;2;0;0;0m██[38;2;139;41;41m██[38;2;205;49;49m██[38;2;205;49;49m██[38;2;205;49;49m██[38;2;205;49;49m██[38;2;205;49;49m██[38;2;205;49;49m██[38;2;205;49;49m██[38;2;205;49;49m██[38;2;139;41;41m██[38;2;139;41;41m██[38;2;139;41;41m██[38;2;205;49;49m██[38;2;205;49;49m██[38;2;205;49;49m██[38;2;205;49;49m██[38;2;205;49;49m██[38;2;205;49;49m██[38;2;98;90;90m██[38;2;180;172;164m██[38;2;98;90;90m██[38;2;0;0;0m██[38;2;205;49;49m██[38;2;205;49;49m██[38;2;205;49;49m██[38;2;0;0;0m██[38;2;205;49;49m██[38;2;205;49;49m██[38;2;139;41;41m██        [38;2;0;0;0m██[38;2;0;0;0m██[38;2;98;90;90m██[38;2;180;172;164m██[38;2;180;172;164m██[38;2;180;172;164m██[38;2;180;172;164m██[38;2;180;172;164m██[38;2;0;0;0m██[38;2;0;0;0m██          
                                      [38;2;0;0;0m██[38;2;205;49;49m██[38;2;205;49;49m██[38;2;205;49;49m██[38;2;205;49;49m██[38;2;205;49;49m██[38;2;205;49;49m██[38;2;205;49;49m██[38;2;205;49;49m██[38;2;205;49;49m██[38;2;205;49;49m██[38;2;205;49;49m██[38;2;205;49;49m██[38;2;139;41;41m██[38;2;139;41;41m██[38;2;205;49;49m██[38;2;205;49;49m██[38;2;205;49;49m██[38;2;205;49;49m██[38;2;98;90;90m██[38;2;180;172;164m██[38;2;98;90;90m██[38;2;139;41;41m██[38;2;0;0;0m██[38;2;205;49;49m██[38;2;205;49;49m██[38;2;238;82;82m██[38;2;139;41;41m██[38;2;205;49;49m██[38;2;0;0;0m██              [38;2;0;0;0m██[38;2;0;0;0m██[38;2;0;0;0m██[38;2;0;0;0m██[38;2;0;0;0m██              
                                      [38;2;139;41;41m██[38;2;205;49;49m██[38;2;205;49;49m██[38;2;205;49;49m██[38;2;205;49;49m██[38;2;205;49;49m██[38;2;205;49;49m██[38;2;205;49;49m██[38;2;205;49;49m██[38;2;205;49;49m██[38;2;205;49;49m██[38;2;205;49;49m██[38;2;205;49;49m██[38;2;205;49;49m██[38;2;205;49;49m██[38;2;139;41;41m██[38;2;205;49;49m██[38;2;205;49;49m██[38;2;205;49;49m██[38;2;98;90;90m██[38;2;98;90;90m██[38;2;205;49;49m██[38;2;139;41;41m██  [38;2;0;0;0m██[38;2;205;49;49m██[38;2;205;49;49m██[38;2;0;0;0m██[38;2;0;0;0m██                                        
                                    [38;2;0;0;0m██[38;2;205;49;49m██[38;2;205;49;49m██[38;2;205;49;49m██[38;2;205;49;49m██[38;2;205;49;49m██[38;2;205;49;49m██[38;2;205;49;49m██[38;2;205;49;49m██[38;2;205;49;49m██[38;2;205;49;49m██[38;2;205;49;49m██[38;2;205;49;49m██[38;2;205;49;49m██[38;2;205;49;49m██[38;2;205;49;49m██[38;2;205;49;49m██[38;2;139;41;41m██[38;2;205;49;49m██[38;2;205;49;49m██[38;2;205;49;49m██[38;2;205;49;49m██[38;2;205;49;49m██[38;2;0;0;0m██    [38;2;0;0;0m██[38;2;0;0;0m██                                            
                                    [38;2;0;0;0m██[38;2;205;49;49m██[38;2;205;49;49m██[38;2;205;49;49m██[38;2;205;49;49m██[38;2;205;49;49m██[38;2;205;49;49m██[38;2;205;49;49m██[38;2;205;49;49m██[38;2;205;49;49m██[38;2;205;49;49m██[38;2;205;49;49m██[38;2;205;49;49m██[38;2;205;49;49m██[38;2;205;49;49m██[38;2;205;49;49m██[38;2;205;49;49m██[38;2;139;41;41m██[38;2;98;90;90m██[38;2;205;49;49m██[38;2;205;49;49m██[38;2;205;49;49m██[38;2;205;49;49m██[38;2;0;0;0m██                                                    
                                    [38;2;0;0;0m██[38;2;205;49;49m██[38;2;205;49;49m██[38;2;205;49;49m██[38;2;205;49;49m██[38;2;205;49;49m██[38;2;205;49;49m██[38;2;205;49;49m██[38;2;205;49;49m██[38;2;205;49;49m██[38;2;205;49;49m██[38;2;205;49;49m██[38;2;205;49;49m██[38;2;205;49;49m██[38;2;205;49;49m██[38;2;205;49;49m██[38;2;205;49;49m██[38;2;139;41;41m██[38;2;180;172;164m██[38;2;98;90;90m██[38;2;205;49;49m██[38;2;205;49;49m██[38;2;139;41;41m██                                                      
                                  [38;2;0;0;0m██[38;2;205;49;49m██[38;2;139;41;41m██[38;2;139;41;41m██[38;2;139;41;41m██[38;2;139;41;41m██[38;2;139;41;41m██[38;2;205;49;49m██[38;2;205;49;49m██[38;2;205;49;49m██[38;2;205;49;49m██[38;2;205;49;49m██[38;2;205;49;49m██[38;2;205;49;49m██[38;2;205;49;49m██[38;2;205;49;49m██[38;2;205;49;49m██[38;2;139;41;41m██[38;2;180;172;164m██[38;2;180;172;164m██[38;2;98;90;90m██[38;2;205;49;49m██[38;2;205;49;49m██[38;2;0;0;0m██                                                      
                              [38;2;139;41;41m██[38;2;139;41;41m██[38;2;0;0;0m██[38;2;139;41;41m██[38;2;205;49;49m██[38;2;205;49;49m██[38;2;205;49;49m██[38;2;205;49;49m██[38;2;205;49;49m██[38;2;139;41;41m██[38;2;139;41;41m██[38;2;205;49;49m██[38;2;205;49;49m██[38;2;205;49;49m██[38;2;205;49;49m██[38;2;205;49;49m██[38;2;205;49;49m██[38;2;205;49;49m██[38;2;205;49;49m██[38;2;139;41;41m██[38;2;180;172;164m██[38;2;180;172;164m██[38;2;180;172;164m██[38;2;98;90;90m██[38;2;139;41;41m██          [38;2;0;0;0m██[38;2;0;0;0m██                                          
                            [38;2;139;41;41m██[38;2;205;49;49m██[38;2;205;49;49m██[38;2;139;41;41m██[38;2;205;49;49m██[38;2;238;82;82m██[38;2;238;82;82m██[38;2;238;82;82m██[38;2;205;49;49m██[38;2;205;49;49m██[38;2;205;49;49m██[38;2;205;49;49m██[38;2;139;41;41m██[38;2;139;41;41m██[38;2;205;49;49m██[38;2;205;49;49m██[38;2;205;49;49m██[38;2;205;49;49m██[38;2;205;49;49m██[38;2;139;41;41m██[38;2;180;172;164m██[38;2;180;172;164m██[38;2;180;172;164m██[38;2;180;172;164m██[38;2;98;90;90m██[38;2;0;0;0m██      [38;2;139;41;41m██[38;2;139;41;41m██[38;2;238;82;82m██[38;2;0;0;0m██                                          
                          [38;2;139;41;41m██[38;2;205;49;49m██[38;2;205;49;49m██[38;2;0;0;0m██[38;2;205;49;49m██[38;2;238;82;82m██[38;2;238;82;82m██[38;2;238;82;82m██[38;2;238;82;82m██[38;2;238;82;82m██[38;2;238;82;82m██[38;2;205;49;49m██[38;2;205;49;49m██[38;2;205;49;49m██[38;2;205;49;49m██[38;2;139;41;41m██[38;2;205;49;49m██[38;2;205;49;49m██[38;2;205;49;49m██[38;2;205;49;49m██[38;2;139;41;41m██[38;2;180;172;164m██[38;2;180;172;164m██[38;2;180;172;164m██[38;2;98;90;90m██[38;2;139;41;41m██    [38;2;0;0;0m██[38;2;0;0;0m██[38;2;205;49;49m██[38;2;238;82;82m██[38;2;238;82;82m██[38;2;0;0;0m██                                          
                          [38;2;139;41;41m██[38;2;205;49;49m██[38;2;205;49;49m██[38;2;0;0;0m██[38;2;238;82;82m██[38;2;238;82;82m██[38;2;238;82;82m██[38;2;238;82;82m██[38;2;238;82;82m██[38;2;238;82;82m██[38;2;238;82;82m██[38;2;238;82;82m██[38;2;205;49;49m██[38;2;205;49;49m██[38;2;205;49;49m██[38;2;205;49;49m██[38;2;139;41;41m██[38;2;205;49;49m██[38;2;205;49;49m██[38;2;139;41;41m██[38;2;180;172;164m██[38;2;180;172;164m██[38;2;180;172;164m██[38;2;0;0;0m██[38;2;0;0;0m██[38;2;139;41;41m██[38;2;0;0;0m██[38;2;0;0;0m██[38;2;139;41;41m██[38;2;139;41;41m██[38;2;205;49;49m██[38;2;205;49;49m██[38;2;238;82;82m██[38;2;238;82;82m██[38;2;0;0;0m██                                        
                        [38;2;139;41;41m██[38;2;205;49;49m██[38;2;205;49;49m██[38;2;0;0;0m██[38;2;238;82;82m██[38;2;205;49;49m██[38;2;205;49;49m██[38;2;205;49;49m██[38;2;238;82;82m██[38;2;238;82;82m██[38;2;238;82;82m██[38;2;238;82;82m██[38;2;238;82;82m██[38;2;205;49;49m██[38;2;205;49;49m██[38;2;205;49;49m██[38;2;205;49;49m██[38;2;139;41;41m██[38;2;139;41;41m██[38;2;0;0;0m██[38;2;0;0;0m██[38;2;180;172;164m██[38;2;180;172;164m██[38;2;0;0;0m██[38;2;205;49;49m██[38;2;205;49;49m██[38;2;139;41;41m██[38;2;238;82;82m██[38;2;238;82;82m██[38;2;0;0;0m██[38;2;139;41;41m██[38;2;205;49;49m██[38;2;205;49;49m██[38;2;205;49;49m██[38;2;205;49;49m██[38;2;238;82;82m██[38;2;139;41;41m██[38;2;0;0;0m██[38;2;0;0;0m██                                  
                        [38;2;139;41;41m██[38;2;139;41;41m██[38;2;0;0;0m██[38;2;205;49;49m██[38;2;205;49;49m██[38;2;238;82;82m██[38;2;238;82;82m██[38;2;238;82;82m██[38;2;139;41;41m██[38;2;139;41;41m██[38;2;238;82;82m██[38;2;238;82;82m██[38;2;205;49;49m██[38;2;205;49;49m██[38;2;205;49;49m██[38;2;205;49;49m██[38;2;139;41;41m██[38;2;180;172;164m██[38;2;139;41;41m██[38;2;205;49;49m██[38;2;205;49;49m██[38;2;139;41;41m██[38;2;0;0;0m██[38;2;205;49;49m██[38;2;205;49;49m██[38;2;238;82;82m██[38;2;238;82;82m██[38;2;139;41;41m██[38;2;238;82;82m██[38;2;238;82;82m██[38;2;0;0;0m██[38;2;205;49;49m██[38;2;205;49;49m██[38;2;205;49;49m██[38;2;205;49;49m██[38;2;205;49;49m██[38;2;238;82;82m██[38;2;238;82;82m██[38;2;0;0;0m██                                  
                [38;2;205;49;49m██[38;2;139;41;41m██[38;2;0;0;0m██[38;2;0;0;0m██[38;2;0;0;0m██[38;2;139;41;41m██[38;2;238;82;82m██[38;2;238;82;82m██[38;2;238;82;82m██[38;2;238;82;82m██[38;2;238;82;82m██[38;2;238;82;82m██[38;2;238;82;82m██[38;2;205;49;49m██[38;2;139;41;41m██[38;2;205;49;49m██[38;2;205;49;49m██[38;2;205;49;49m██[38;2;205;49;49m██[38;2;98;90;90m██[38;2;180;172;164m██[38;2;180;172;164m██[38;2;139;41;41m██[38;2;139;41;41m██[38;2;205;49;49m██[38;2;0;0;0m██[38;2;205;49;49m██[38;2;205;49;49m██[38;2;205;49;49m██[38;2;238;82;82m██[38;2;238;82;82m██[38;2;238;82;82m██[38;2;139;41;41m██[38;2;238;82;82m██[38;2;0;0;0m██[38;2;0;0;0m██[38;2;0;0;0m██[38;2;0;0;0m██[38;2;205;49;49m██[38;2;205;49;49m██[38;2;238;82;82m██[38;2;0;0;0m██                                    
          [38;2;139;41;41m██[38;2;139;41;41m██[38;2;139;41;41m██[38;2;238;82;82m██[38;2;238;82;82m██[38;2;246;156;24m██[38;2;255;230;90m██[38;2;255;230;90m██[38;2;255;230;90m██[38;2;205;49;49m██[38;2;205;49;49m██[38;2;238;82;82m██[38;2;238;82;82m██[38;2;238;82;82m██[38;2;238;82;82m██[38;2;205;49;49m██[38;2;205;49;49m██[38;2;205;49;49m██[38;2;139;41;41m██[38;2;205;49;49m██[38;2;139;41;41m██[38;2;98;90;90m██[38;2;180;172;164m██[38;2;180;172;164m██[38;2;180;172;164m██[38;2;180;172;164m██[38;2;0;0;0m██[38;2;0;0;0m██[38;2;0;0;0m██[38;2;205;49;49m██[38;2;205;49;49m██[38;2;205;49;49m██[38;2;205;49;49m██[38;2;205;49;49m██[38;2;238;82;82m██[38;2;139;41;41m██[38;2;205;49;49m██[38;2;0;0;0m██      [38;2;139;41;41m██[38;2;205;49;49m██[38;2;205;49;49m██[38;2;0;0;0m██                                    
      [38;2;139;41;41m██[38;2;139;41;41m██[38;2;238;82;82m██[38;2;238;82;82m██[38;2;238;82;82m██[38;2;238;82;82m██[38;2;255;230;90m██[38;2;255;230;90m██[38;2;255;230;90m██[38;2;246;156;24m██[38;2;238;82;82m██[38;2;238;82;82m██[38;2;238;82;82m██[38;2;205;49;49m██[38;2;139;41;41m██[38;2;205;49;49m██[38;2;205;49;49m██[38;2;205;49;49m██[38;2;205;49;49m██[38;2;139;41;41m██[38;2;98;90;90m██[38;2;98;90;90m██[38;2;180;172;164m██[38;2;180;172;164m██[38;2;98;90;90m██[38;2;180;172;164m██[38;2;98;90;90m██[38;2;98;90;90m██[38;2;98;90;90m██  [38;2;0;0;0m██[38;2;205;49;49m██[38;2;205;49;49m██[38;2;205;49;49m██[38;2;205;49;49m██[38;2;205;49;49m██[38;2;205;49;49m██[38;2;238;82;82m██[38;2;139;41;41m██[38;2;0;0;0m██      [38;2;0;0;0m██[38;2;205;49;49m██[38;2;139;41;41m██                                      
    [38;2;0;0;0m██[38;2;238;82;82m██[38;2;238;82;82m██[38;2;238;82;82m██[38;2;238;82;82m██[38;2;238;82;82m██[38;2;246;156;24m██[38;2;255;230;90m██[38;2;246;156;24m██[38;2;238;82;82m██[38;2;238;82;82m██[38;2;238;82;82m██[38;2;238;82;82m██[38;2;238;82;82m██[38;2;238;82;82m██[38;2;205;49;49m██[38;2;0;0;0m██[38;2;205;49;49m██[38;2;98;90;90m██[38;2;98;90;90m██[38;2;180;172;164m██[38;2;180;172;164m██[38;2;180;172;164m██[38;2;180;172;164m██[38;2;98;90;90m██[38;2;98;90;90m██[38;2;0;0;0m██[38;2;0;0;0m██    [38;2;0;0;0m██[38;2;205;49;49m██[38;2;205;49;49m██[38;2;205;49;49m██[38;2;205;49;49m██[38;2;205;49;49m██[38;2;205;49;49m██[38;2;205;49;49m██[38;2;205;49;49m██[38;2;139;41;41m██[38;2;0;0;0m██      [38;2;0;0;0m██[38;2;205;49;49m██[38;2;0;0;0m██                                      
  [38;2;0;0;0m██[38;2;238;82;82m██[38;2;238;82;82m██[38;2;238;82;82m██[38;2;238;82;82m██[38;2;238;82;82m██[38;2;238;82;82m██[38;2;255;230;90m██[38;2;238;82;82m██[38;2;238;82;82m██[38;2;238;82;82m██[38;2;238;82;82m██[38;2;238;82;82m██[38;2;238;82;82m██[38;2;238;82;82m██[38;2;238;82;82m██[38;2;238;82;82m██[38;2;205;49;49m██[38;2;0;0;0m██[38;2;180;172;164m██[38;2;180;172;164m██[38;2;180;172;164m██[38;2;98;90;90m██[38;2;0;0;0m██[38;2;0;0;0m██[38;2;0;0;0m██[38;2;0;0;0m██        [38;2;0;0;0m██[38;2;205;49;49m██[38;2;205;49;49m██[38;2;205;49;49m██[38;2;205;49;49m██[38;2;205;49;49m██[38;2;205;49;49m██[38;2;205;49;49m██[38;2;205;49;49m██[38;2;205;49;49m██[38;2;139;41;41m██[38;2;139;41;41m██    [38;2;0;0;0m██[38;2;0;0;0m██                                        
[38;2;0;0;0m██[38;2;238;82;82m██[38;2;238;82;82m██[38;2;139;41;41m██[38;2;0;0;0m██[38;2;0;0;0m██[38;2;0;0;0m██[38;2;0;0;0m██[38;2;0;0;0m██[38;2;0;0;0m██[38;2;0;0;0m██[38;2;0;0;0m██[38;2;139;41;41m██[38;2;238;82;82m██[38;2;238;82;82m██[38;2;238;82;82m██[38;2;238;82;82m██[38;2;238;82;82m██[38;2;205;49;49m██[38;2;205;49;49m██[38;2;0;0;0m██[38;2;0;0;0m██[38;2;0;0;0m██[38;2;0;0;0m██                [38;2;0;0;0m██[38;2;205;49;49m██[38;2;205;49;49m██[38;2;205;49;49m██[38;2;205;49;49m██[38;2;205;49;49m██[38;2;205;49;49m██[38;2;205;49;49m██[38;2;205;49;49m██[38;2;205;49;49m██[38;2;205;49;49m██[38;2;0;0;0m██                                                
[38;2;0;0;0m██[38;2;0;0;0m██[38;2;0;0;0m██                    [38;2;0;0;0m██[38;2;0;0;0m██[38;2;0;0;0m██[38;2;205;49;49m██[38;2;238;82;82m██[38;2;205;49;49m██[38;2;205;49;49m██[38;2;205;49;49m██                      [38;2;0;0;0m██[38;2;205;49;49m██[38;2;205;49;49m██[38;2;205;49;49m██[38;2;205;49;49m██[38;2;205;49;49m██[38;2;205;49;49m██[38;2;205;49;49m██[38;2;205;49;49m██[38;2;205;49;49m██[38;2;205;49;49m██[38;2;0;0;0m██                                                
                                [38;2;0;0;0m██[38;2;0;0;0m██[38;2;205;49;49m██[38;2;205;49;49m██[38;2;205;49;49m██[38;2;0;0;0m██                    [38;2;0;0;0m██[38;2;205;49;49m██[38;2;205;49;49m██[38;2;205;49;49m██[38;2;205;49;49m██[38;2;205;49;49m██[38;2;205;49;49m██[38;2;205;49;49m██[38;2;205;49;49m██[38;2;205;49;49m██[38;2;205;49;49m██[38;2;0;0;0m██[38;2;0;0;0m██                                              
                                    [38;2;0;0;0m██[38;2;205;49;49m██[38;2;205;49;49m██[38;2;0;0;0m██                      [38;2;0;0;0m██[38;2;205;49;49m██[38;2;205;49;49m██[38;2;205;49;49m██[38;2;205;49;49m██[38;2;205;49;49m██[38;2;205;49;49m██[38;2;205;49;49m██[38;2;205;49;49m██[38;2;139;41;41m██[38;2;180;172;164m██[38;2;180;172;164m██[38;2;0;0;0m██                                            
                                      [38;2;0;0;0m██[38;2;0;0;0m██[38;2;0;0;0m██                        [38;2;139;41;41m██[38;2;139;41;41m██[38;2;0;0;0m██[38;2;0;0;0m██[38;2;0;0;0m██[38;2;139;41;41m██[38;2;139;41;41m██[38;2;0;0;0m██[38;2;0;0;0m██[38;2;0;0;0m██[38;2;0;0;0m██[38;2;0;0;0m██                                            
