                                                                            [38;2;74;115;180m██[38;2;74;115;180m██[38;2;90;148;222m██[38;2;90;148;222m██[38;2;90;148;222m██                                  
                                                                        [38;2;74;115;180m██[38;2;74;115;180m██[38;2;123;197;255m██[38;2;123;197;255m██[38;2;123;197;255m██[38;2;123;197;255m██[38;2;123;197;255m██[38;2;90;148;222m██[38;2;90;148;222m██                              
                                                                    [38;2;74;115;180m██[38;2;74;115;180m██[38;2;123;197;255m██[38;2;123;197;255m██[38;2;123;197;255m██[38;2;123;197;255m██[38;2;123;197;255m██[38;2;123;197;255m██[38;2;123;197;255m██[38;2;123;197;255m██[38;2;123;197;255m██[38;2;90;148;222m██[38;2;90;148;222m██                          
                                                                  [38;2;74;82;115m██[38;2;74;115;180m██[38;2;90;148;222m██[38;2;123;197;255m██[38;2;123;197;255m██[38;2;123;197;255m██[38;2;123;197;255m██[38;2;123;197;255m██[38;2;123;197;255m██[38;2;123;197;255m██[38;2;123;197;255m██[38;2;123;197;255m██[38;2;123;197;255m██[38;2;123;197;255m██[38;2;90;148;222m██                        
                                                                [38;2;74;82;115m██[38;2;74;115;180m██[38;2;74;115;180m██[38;2;74;115;180m██[38;2;74;115;180m██[38;2;90;148;222m██[38;2;123;197;255m██[38;2;123;197;255m██[38;2;123;197;255m██[38;2;123;197;255m██[38;2;123;197;255m██[38;2;123;197;255m██[38;2;123;197;255m██[38;2;123;197;255m██[38;2;123;197;255m██[38;2;123;197;255m██[38;2;90;148;222m██                      
                                                              [38;2;74;82;115m██[38;2;74;115;180m██[38;2;74;115;180m██[38;2;74;115;180m██[38;2;74;115;180m██[38;2;74;115;180m██[38;2;74;115;180m██[38;2;74;115;180m██[38;2;74;115;180m██[38;2;74;115;180m██[38;2;74;115;180m██[38;2;74;115;180m██[38;2;90;148;222m██[38;2;123;197;255m██[38;2;123;197;255m██[38;2;123;197;255m██[38;2;123;197;255m██[38;2;123;197;255m██[38;2;90;148;222m██                    
                                                              [38;2;74;82;115m██[38;2;74;115;180m██[38;2;74;115;180m██[38;2;74;115;180m██[38;2;74;115;180m██[38;2;74;115;180m██[38;2;74;115;180m██[38;2;74;115;180m██[38;2;74;115;180m██[38;2;74;115;180m██[38;2;74;115;180m██[38;2;74;115;180m██[38;2;74;115;180m██[38;2;74;115;180m██[38;2;74;115;180m██[38;2;90;148;222m██[38;2;123;197;255m██[38;2;123;197;255m██[38;2;90;148;222m██                    
                                                            [38;2;74;82;115m██[38;2;74;115;180m██[38;2;74;115;180m██[38;2;74;115;180m██[38;2;74;115;180m██[38;2;74;115;180m██[38;2;74;115;180m██[38;2;74;115;180m██[38;2;74;115;180m██[38;2;74;115;180m██[38;2;74;115;180m██[38;2;74;115;180m██[38;2;74;115;180m██[38;2;74;115;180m██[38;2;74;115;180m██[38;2;74;115;180m██[38;2;74;115;180m██[38;2;90;148;222m██[38;2;123;197;255m██[38;2;123;197;255m██[38;2;74;115;180m██                  
                                                  [38;2;123;131;172m██[38;2;123;131;172m██[38;2;123;131;172m██[38;2;123;131;172m██[38;2;123;131;172m██[38;2;74;82;115m██[38;2;74;115;180m██[38;2;74;115;180m██[38;2;74;115;180m██[38;2;74;115;180m██[38;2;74;115;180m██[38;2;74;115;180m██[38;2;74;115;180m██[38;2;74;115;180m██[38;2;74;115;180m██[38;2;74;115;180m██[38;2;74;115;180m██[38;2;74;115;180m██[38;2;74;115;180m██[38;2;74;115;180m██[38;2;74;115;180m██[38;2;74;115;180m██[38;2;74;115;180m██[38;2;90;148;222m██[38;2;123;197;255m██[38;2;74;82;115m██                  
                                                  [38;2;123;131;172m██[38;2;222;222;255m██[38;2;222;222;255m██[38;2;189;189;213m██[38;2;189;189;213m██[38;2;74;82;115m██[38;2;74;115;180m██[38;2;74;115;180m██[38;2;74;115;180m██[38;2;74;115;180m██[38;2;74;115;180m██[38;2;74;115;180m██[38;2;74;115;180m██[38;2;74;115;180m██[38;2;74;115;180m██[38;2;74;115;180m██[38;2;74;115;180m██[38;2;74;115;180m██[38;2;74;115;180m██[38;2;74;115;180m██[38;2;74;115;180m██[38;2;74;115;180m██[38;2;74;115;180m██[38;2;74;115;180m██[38;2;90;148;222m██[38;2;90;148;222m██[38;2;74;82;115m██[38;2;123;131;172m██[38;2;123;131;172m██[38;2;123;131;172m██[38;2;123;131;172m██[38;2;123;131;172m██[38;2;123;131;172m██[38;2;123;131;172m██  
                                                  [38;2;123;131;172m██[38;2;255;255;255m██[38;2;189;189;213m██[38;2;189;189;213m██[38;2;74;82;115m██[38;2;74;115;180m██[38;2;74;115;180m██[38;2;74;115;180m██[38;2;74;115;180m██[38;2;74;115;180m██[38;2;74;115;180m██[38;2;74;115;180m██[38;2;74;115;180m██[38;2;74;115;180m██[38;2;74;115;180m██[38;2;74;115;180m██[38;2;74;115;180m██[38;2;74;115;180m██[38;2;74;115;180m██[38;2;74;115;180m██[38;2;74;115;180m██[38;2;74;115;180m██[38;2;74;115;180m██[38;2;74;115;180m██[38;2;90;148;222m██[38;2;90;148;222m██[38;2;74;115;180m██[38;2;189;189;213m██[38;2;189;189;213m██[38;2;222;222;255m██[38;2;222;222;255m██[38;2;222;222;255m██[38;2;222;222;255m██[38;2;123;131;172m██  
                                                    [38;2;16;16;16m██[38;2;189;189;213m██[38;2;189;189;213m██[38;2;74;82;115m██[38;2;74;115;180m██[38;2;74;115;180m██[38;2;74;115;180m██[38;2;74;115;180m██[38;2;74;115;180m██[38;2;74;115;180m██[38;2;74;115;180m██[38;2;74;115;180m██[38;2;74;115;180m██[38;2;74;115;180m██[38;2;74;115;180m██[38;2;74;115;180m██[38;2;74;115;180m██[38;2;74;115;180m██[38;2;74;115;180m██[38;2;74;115;180m██[38;2;74;115;180m██[38;2;74;115;180m██[38;2;74;115;180m██[38;2;74;115;180m██[38;2;90;148;222m██[38;2;90;148;222m██[38;2;16;16;16m██[38;2;189;189;213m██[38;2;189;189;213m██[38;2;189;189;213m██[38;2;123;131;172m██[38;2;123;131;172m██[38;2;16;16;16m██  
                                                  [38;2;16;16;16m██[38;2;189;189;213m██[38;2;189;189;213m██[38;2;189;189;213m██[38;2;74;82;115m██[38;2;74;115;180m██[38;2;74;115;180m██[38;2;74;115;180m██[38;2;74;115;180m██[38;2;74;115;180m██[38;2;74;115;180m██[38;2;74;115;180m██[38;2;74;115;180m██[38;2;74;115;180m██[38;2;74;115;180m██[38;2;74;115;180m██[38;2;74;115;180m██[38;2;74;115;180m██[38;2;74;115;180m██[38;2;74;115;180m██[38;2;74;115;180m██[38;2;74;115;180m██[38;2;74;115;180m██[38;2;74;115;180m██[38;2;74;115;180m██[38;2;90;148;222m██[38;2;90;148;222m██[38;2;16;16;16m██[38;2;123;131;172m██[38;2;123;131;172m██[38;2;189;189;213m██[38;2;222;222;255m██[38;2;16;16;16m██    
                                                  [38;2;16;16;16m██[38;2;123;131;172m██[38;2;189;189;213m██[38;2;16;16;16m██[38;2;74;115;180m██[38;2;74;115;180m██[38;2;74;115;180m██[38;2;74;115;180m██[38;2;74;115;180m██[38;2;74;115;180m██[38;2;74;115;180m██[38;2;74;115;180m██[38;2;74;115;180m██[38;2;74;115;180m██[38;2;74;115;180m██[38;2;74;115;180m██[38;2;74;115;180m██[38;2;74;115;180m██[38;2;74;115;180m██[38;2;74;115;180m██[38;2;74;115;180m██[38;2;74;115;180m██[38;2;74;115;180m██[38;2;74;115;180m██[38;2;74;115;180m██[38;2;74;82;115m██[38;2;74;115;180m██[38;2;16;16;16m██[38;2;189;189;213m██[38;2;189;189;213m██[38;2;123;131;172m██[38;2;123;131;172m██[38;2;222;222;255m██[38;2;16;16;16m██  
                                                    [38;2;16;16;16m██[38;2;123;131;172m██[38;2;16;16;16m██[38;2;74;115;180m██[38;2;74;115;180m██[38;2;74;115;180m██[38;2;74;115;180m██[38;2;74;115;180m██[38;2;74;115;180m██[38;2;74;115;180m██[38;2;74;115;180m██[38;2;74;115;180m██[38;2;74;115;180m██[38;2;74;115;180m██[38;2;74;115;180m██[38;2;74;115;180m██[38;2;74;115;180m██[38;2;74;115;180m██[38;2;74;115;180m██[38;2;74;115;180m██[38;2;74;115;180m██[38;2;74;115;180m██[38;2;74;115;180m██[38;2;74;115;180m██[38;2;74;115;180m██[38;2;16;16;16m██[38;2;74;82;115m██[38;2;123;131;172m██[38;2;189;189;213m██[38;2;189;189;213m██[38;2;222;222;255m██[38;2;123;131;172m██[38;2;16;16;16m██  
                                                      [38;2;16;16;16m██[38;2;74;115;180m██[38;2;74;115;180m██[38;2;74;115;180m██[38;2;74;115;180m██[38;2;74;115;180m██[38;2;74;115;180m██[38;2;74;115;180m██[38;2;74;115;180m██[38;2;74;115;180m██[38;2;74;115;180m██[38;2;74;115;180m██[38;2;74;115;180m██[38;2;74;115;180m██[38;2;74;115;180m██[38;2;74;115;180m██[38;2;74;115;180m██[38;2;74;115;180m██[38;2;74;115;180m██[38;2;74;115;180m██[38;2;74;115;180m██[38;2;74;115;180m██[38;2;74;115;180m██[38;2;74;115;180m██[38;2;16;16;16m██[38;2;123;131;172m██[38;2;189;189;213m██[38;2;123;131;172m██[38;2;123;131;172m██[38;2;222;222;255m██[38;2;16;16;16m██    
                                    [38;2;74;82;115m██[38;2;16;16;16m██            [38;2;16;16;16m██[38;2;74;115;180m██[38;2;90;148;222m██[38;2;90;148;222m██[38;2;90;148;222m██[38;2;74;115;180m██[38;2;74;115;180m██[38;2;74;115;180m██[38;2;74;115;180m██[38;2;74;115;180m██[38;2;74;115;180m██[38;2;74;115;180m██[38;2;74;115;180m██[38;2;74;115;180m██[38;2;74;115;180m██[38;2;74;115;180m██[38;2;74;115;180m██[38;2;74;115;180m██[38;2;74;115;180m██[38;2;74;115;180m██[38;2;74;115;180m██[38;2;74;115;180m██[38;2;74;115;180m██[38;2;74;115;180m██[38;2;74;82;115m██[38;2;123;131;172m██[38;2;189;189;213m██[38;2;189;189;213m██[38;2;189;189;213m██[38;2;222;222;255m██[38;2;123;131;172m██[38;2;16;16;16m██    
                                    [38;2;74;82;115m██[38;2;123;197;255m██[38;2;16;16;16m██        [38;2;16;16;16m██[38;2;90;148;222m██[38;2;90;148;222m██[38;2;90;148;222m██[38;2;90;148;222m██[38;2;90;148;222m██[38;2;90;148;222m██[38;2;90;148;222m██[38;2;74;115;180m██[38;2;74;115;180m██[38;2;74;115;180m██[38;2;74;115;180m██[38;2;74;115;180m██[38;2;74;115;180m██[38;2;74;115;180m██[38;2;74;115;180m██[38;2;74;115;180m██[38;2;74;115;180m██[38;2;74;115;180m██[38;2;74;115;180m██[38;2;74;115;180m██[38;2;74;115;180m██[38;2;74;115;180m██[38;2;74;115;180m██[38;2;74;82;115m██[38;2;74;82;115m██[38;2;123;131;172m██[38;2;189;189;213m██[38;2;123;131;172m██[38;2;189;189;213m██[38;2;222;222;255m██[38;2;16;16;16m██      
[38;2;16;16;16m██[38;2;16;16;16m██              [38;2;74;82;115m██[38;2;74;82;115m██            [38;2;74;82;115m██[38;2;123;197;255m██[38;2;123;197;255m██[38;2;16;16;16m██      [38;2;74;82;115m██[38;2;90;148;222m██[38;2;90;148;222m██[38;2;90;148;222m██[38;2;90;148;222m██[38;2;90;148;222m██[38;2;90;148;222m██[38;2;90;148;222m██[38;2;90;148;222m██[38;2;90;148;222m██[38;2;90;148;222m██[38;2;74;115;180m██[38;2;74;115;180m██[38;2;74;115;180m██[38;2;74;115;180m██[38;2;74;115;180m██[38;2;74;115;180m██[38;2;74;115;180m██[38;2;74;115;180m██[38;2;74;115;180m██[38;2;74;115;180m██[38;2;74;115;180m██[38;2;74;115;180m██[38;2;74;115;180m██[38;2;74;115;180m██[38;2;74;82;115m██[38;2;16;16;16m██[38;2;189;189;213m██[38;2;189;189;213m██[38;2;123;131;172m██[38;2;123;131;172m██[38;2;16;16;16m██        
[38;2;16;16;16m██[38;2;90;148;222m██[38;2;74;82;115m██        [38;2;74;82;115m██[38;2;74;82;115m██[38;2;74;82;115m██[38;2;123;197;255m██[38;2;74;82;115m██          [38;2;74;82;115m██[38;2;123;197;255m██[38;2;123;197;255m██[38;2;16;16;16m██    [38;2;74;82;115m██[38;2;90;148;222m██[38;2;90;148;222m██[38;2;90;148;222m██[38;2;90;148;222m██[38;2;90;148;222m██[38;2;90;148;222m██[38;2;90;148;222m██[38;2;90;148;222m██[38;2;90;148;222m██[38;2;90;148;222m██[38;2;90;148;222m██[38;2;90;148;222m██[38;2;74;115;180m██[38;2;74;115;180m██[38;2;74;115;180m██[38;2;74;115;180m██[38;2;74;115;180m██[38;2;74;115;180m██[38;2;74;115;180m██[38;2;74;115;180m██[38;2;74;115;180m██[38;2;74;115;180m██[38;2;74;115;180m██[38;2;74;115;180m██[38;2;16;16;16m██  [38;2;16;16;16m██[38;2;189;189;213m██[38;2;222;222;255m██[38;2;16;16;16m██[38;2;16;16;16m██          
[38;2;16;16;16m██[38;2;90;148;222m██[38;2;123;197;255m██[38;2;74;82;115m██      [38;2;74;82;115m██[38;2;123;197;255m██[38;2;74;82;115m██[38;2;123;197;255m██[38;2;74;82;115m██        [38;2;74;82;115m██[38;2;90;148;222m██[38;2;90;148;222m██[38;2;123;197;255m██[38;2;74;115;180m██[38;2;16;16;16m██[38;2;74;82;115m██[38;2;90;148;222m██[38;2;90;148;222m██[38;2;90;148;222m██[38;2;90;148;222m██[38;2;90;148;222m██[38;2;90;148;222m██[38;2;90;148;222m██[38;2;90;148;222m██[38;2;90;148;222m██[38;2;90;148;222m██[38;2;90;148;222m██[38;2;90;148;222m██[38;2;90;148;222m██[38;2;74;115;180m██[38;2;74;115;180m██[38;2;74;115;180m██[38;2;74;115;180m██[38;2;74;115;180m██[38;2;74;115;180m██[38;2;74;115;180m██[38;2;74;115;180m██[38;2;74;115;180m██[38;2;74;115;180m██[38;2;74;115;180m██[38;2;74;115;180m██[38;2;123;98;82m██  [38;2;16;16;16m██[38;2;16;16;16m██[38;2;16;16;16m██              
[38;2;74;82;115m██[38;2;90;148;222m██[38;2;123;197;255m██[38;2;123;197;255m██[38;2;74;82;115m██    [38;2;74;82;115m██[38;2;123;197;255m██[38;2;74;82;115m██[38;2;90;148;222m██[38;2;90;148;222m██[38;2;74;82;115m██      [38;2;74;82;115m██[38;2;90;148;222m██[38;2;90;148;222m██[38;2;90;148;222m██[38;2;90;148;222m██[38;2;16;16;16m██[38;2;74;82;115m██[38;2;90;148;222m██[38;2;90;148;222m██[38;2;90;148;222m██[38;2;90;148;222m██[38;2;90;148;222m██[38;2;90;148;222m██[38;2;90;148;222m██[38;2;90;148;222m██[38;2;90;148;222m██[38;2;90;148;222m██[38;2;90;148;222m██[38;2;90;148;222m██[38;2;90;148;222m██[38;2;74;115;180m██[38;2;74;115;180m██[38;2;74;115;180m██[38;2;74;115;180m██[38;2;74;115;180m██[38;2;74;115;180m██[38;2;74;115;180m██[38;2;74;115;180m██[38;2;74;115;180m██[38;2;74;115;180m██[38;2;74;115;180m██[38;2;74;115;180m██[38;2;197;180;139m██[38;2;123;98;82m██                    
  [38;2;16;16;16m██[38;2;90;148;222m██[38;2;123;197;255m██[38;2;123;197;255m██[38;2;74;82;115m██  [38;2;74;82;115m██[38;2;90;148;222m██[38;2;74;82;115m██[38;2;74;115;180m██[38;2;90;148;222m██[38;2;74;82;115m██    [38;2;74;82;115m██[38;2;90;148;222m██[38;2;74;115;180m██[38;2;74;115;180m██[38;2;74;115;180m██[38;2;90;148;222m██[38;2;16;16;16m██[38;2;90;148;222m██[38;2;90;148;222m██[38;2;90;148;222m██[38;2;90;148;222m██[38;2;90;148;222m██[38;2;90;148;222m██[38;2;90;148;222m██[38;2;90;148;222m██[38;2;90;148;222m██[38;2;90;148;222m██[38;2;90;148;222m██[38;2;90;148;222m██[38;2;90;148;222m██[38;2;90;148;222m██[38;2;74;115;180m██[38;2;74;115;180m██[38;2;74;115;180m██[38;2;74;115;180m██[38;2;74;115;180m██[38;2;74;115;180m██[38;2;74;115;180m██[38;2;74;115;180m██[38;2;74;115;180m██[38;2;74;115;180m██[38;2;74;115;180m██[38;2;74;115;180m██[38;2;197;180;139m██[38;2;238;205;172m██[38;2;123;98;82m██                  
  [38;2;74;82;115m██[38;2;90;148;222m██[38;2;90;148;222m██[38;2;90;148;222m██[38;2;90;148;222m██[38;2;74;82;115m██  [38;2;74;82;115m██[38;2;90;148;222m██[38;2;74;82;115m██[38;2;90;148;222m██[38;2;90;148;222m██[38;2;74;82;115m██  [38;2;74;82;115m██[38;2;74;115;180m██[38;2;74;115;180m██[38;2;74;115;180m██[38;2;74;115;180m██[38;2;90;148;222m██[38;2;16;16;16m██[38;2;90;148;222m██[38;2;90;148;222m██[38;2;90;148;222m██[38;2;90;148;222m██[38;2;90;148;222m██[38;2;90;148;222m██[38;2;90;148;222m██[38;2;90;148;222m██[38;2;90;148;222m██[38;2;90;148;222m██[38;2;90;148;222m██[38;2;90;148;222m██[38;2;90;148;222m██[38;2;74;115;180m██[38;2;74;115;180m██[38;2;74;115;180m██[38;2;74;115;180m██[38;2;74;115;180m██[38;2;74;115;180m██[38;2;74;115;180m██[38;2;74;115;180m██[38;2;74;115;180m██[38;2;74;115;180m██[38;2;74;115;180m██[38;2;74;115;180m██[38;2;74;115;180m██[38;2;74;115;180m██[38;2;238;205;172m██[38;2;123;98;82m██                  
    [38;2;16;16;16m██[38;2;74;115;180m██[38;2;74;115;180m██[38;2;74;115;180m██[38;2;90;148;222m██[38;2;74;82;115m██[38;2;74;82;115m██[38;2;90;148;222m██[38;2;74;82;115m██[38;2;74;115;180m██[38;2;90;148;222m██[38;2;74;82;115m██[38;2;74;82;115m██[38;2;74;115;180m██[38;2;74;115;180m██[38;2;74;115;180m██[38;2;74;115;180m██[38;2;74;115;180m██[38;2;16;16;16m██[38;2;90;148;222m██[38;2;90;148;222m██[38;2;90;148;222m██[38;2;90;148;222m██[38;2;90;148;222m██[38;2;90;148;222m██[38;2;90;148;222m██[38;2;90;148;222m██[38;2;90;148;222m██[38;2;90;148;222m██[38;2;90;148;222m██[38;2;90;148;222m██[38;2;90;148;222m██[38;2;90;148;222m██[38;2;74;115;180m██[38;2;74;115;180m██[38;2;74;115;180m██[38;2;74;115;180m██[38;2;74;115;180m██[38;2;74;115;180m██[38;2;74;115;180m██[38;2;74;115;180m██[38;2;74;115;180m██[38;2;74;115;180m██[38;2;74;115;180m██[38;2;74;115;180m██[38;2;74;115;180m██[38;2;74;115;180m██[38;2;197;180;139m██[38;2;238;205;172m██[38;2;123;98;82m██                
      [38;2;16;16;16m██[38;2;74;115;180m██[38;2;74;115;180m██[38;2;74;115;180m██[38;2;74;115;180m██[38;2;74;82;115m██[38;2;74;115;180m██[38;2;74;115;180m██[38;2;74;82;115m██[38;2;74;115;180m██[38;2;74;115;180m██[38;2;74;82;115m██[38;2;74;115;180m██[38;2;74;115;180m██[38;2;74;115;180m██[38;2;74;115;180m██[38;2;74;115;180m██[38;2;16;16;16m██[38;2;90;148;222m██[38;2;90;148;222m██[38;2;90;148;222m██[38;2;90;148;222m██[38;2;90;148;222m██[38;2;90;148;222m██[38;2;90;148;222m██[38;2;90;148;222m██[38;2;90;148;222m██[38;2;90;148;222m██[38;2;90;148;222m██[38;2;90;148;222m██[38;2;90;148;222m██[38;2;74;115;180m██[38;2;74;115;180m██[38;2;74;115;180m██[38;2;74;115;180m██[38;2;74;115;180m██[38;2;74;115;180m██[38;2;74;115;180m██[38;2;74;115;180m██[38;2;74;115;180m██[38;2;74;115;180m██[38;2;74;115;180m██[38;2;74;115;180m██[38;2;74;115;180m██[38;2;74;115;180m██[38;2;74;115;180m██[38;2;197;180;139m██[38;2;238;205;172m██[38;2;123;98;82m██                
        [38;2;16;16;16m██[38;2;74;115;180m██[38;2;74;115;180m██[38;2;74;115;180m██[38;2;74;115;180m██[38;2;74;82;115m██[38;2;74;115;180m██[38;2;74;115;180m██[38;2;74;115;180m██[38;2;74;115;180m██[38;2;74;115;180m██[38;2;74;115;180m██[38;2;74;115;180m██[38;2;74;115;180m██[38;2;74;115;180m██[38;2;16;16;16m██[38;2;74;115;180m██[38;2;90;148;222m██[38;2;90;148;222m██[38;2;90;148;222m██[38;2;90;148;222m██[38;2;90;148;222m██[38;2;90;148;222m██[38;2;90;148;222m██[38;2;90;148;222m██[38;2;90;148;222m██[38;2;90;148;222m██[38;2;90;148;222m██[38;2;90;148;222m██[38;2;74;115;180m██[38;2;74;115;180m██[38;2;74;115;180m██[38;2;74;115;180m██[38;2;74;115;180m██[38;2;74;115;180m██[38;2;74;115;180m██[38;2;74;115;180m██[38;2;74;115;180m██[38;2;74;115;180m██[38;2;74;115;180m██[38;2;74;115;180m██[38;2;74;115;180m██[38;2;74;115;180m██[38;2;74;115;180m██[38;2;74;115;180m██[38;2;74;115;180m██[38;2;238;205;172m██[38;2;123;98;82m██                
          [38;2;16;16;16m██[38;2;74;115;180m██[38;2;74;115;180m██[38;2;74;115;180m██[38;2;74;115;180m██[38;2;74;82;115m██[38;2;74;115;180m██[38;2;74;115;180m██[38;2;74;115;180m██[38;2;74;115;180m██[38;2;74;115;180m██[38;2;74;115;180m██[38;2;74;115;180m██[38;2;74;115;180m██[38;2;16;16;16m██[38;2;74;115;180m██[38;2;74;115;180m██[38;2;90;148;222m██[38;2;90;148;222m██[38;2;90;148;222m██[38;2;90;148;222m██[38;2;90;148;222m██[38;2;90;148;222m██[38;2;90;148;222m██[38;2;90;148;222m██[38;2;90;148;222m██[38;2;74;115;180m██[38;2;74;115;180m██[38;2;74;115;180m██[38;2;74;115;180m██[38;2;74;115;180m██[38;2;74;115;180m██[38;2;74;115;180m██[38;2;74;115;180m██[38;2;74;115;180m██[38;2;74;115;180m██[38;2;74;115;180m██[38;2;74;115;180m██[38;2;74;115;180m██[38;2;74;115;180m██[38;2;74;115;180m██[38;2;74;115;180m██[38;2;74;115;180m██[38;2;74;115;180m██[38;2;74;115;180m██[38;2;238;205;172m██[38;2;123;98;82m██                
            [38;2;16;16;16m██[38;2;16;16;16m██[38;2;74;115;180m██[38;2;74;115;180m██[38;2;74;115;180m██[38;2;74;115;180m██[38;2;74;115;180m██[38;2;74;115;180m██[38;2;74;115;180m██[38;2;74;115;180m██[38;2;74;115;180m██[38;2;74;115;180m██[38;2;74;82;115m██[38;2;74;115;180m██[38;2;74;115;180m██[38;2;74;115;180m██[38;2;74;115;180m██[38;2;90;148;222m██[38;2;90;148;222m██[38;2;90;148;222m██[38;2;90;148;222m██[38;2;90;148;222m██[38;2;74;115;180m██[38;2;74;115;180m██[38;2;74;115;180m██[38;2;74;115;180m██[38;2;74;115;180m██[38;2;74;115;180m██[38;2;74;115;180m██[38;2;74;115;180m██[38;2;74;115;180m██[38;2;74;115;180m██[38;2;74;115;180m██[38;2;74;115;180m██[38;2;74;115;180m██[38;2;74;115;180m██[38;2;74;115;180m██[38;2;74;115;180m██[38;2;74;115;180m██[38;2;74;115;180m██[38;2;74;115;180m██[38;2;238;205;172m██[38;2;197;180;139m██[38;2;74;115;180m██[38;2;238;205;172m██[38;2;123;98;82m██                
                [38;2;16;16;16m██[38;2;16;16;16m██[38;2;74;82;115m██[38;2;74;115;180m██[38;2;74;115;180m██[38;2;74;115;180m██[38;2;74;115;180m██[38;2;74;115;180m██[38;2;74;115;180m██[38;2;74;115;180m██[38;2;74;115;180m██[38;2;74;115;180m██[38;2;74;115;180m██[38;2;74;115;180m██[38;2;74;115;180m██[38;2;74;115;180m██[38;2;74;115;180m██[38;2;74;115;180m██[38;2;74;115;180m██[38;2;74;115;180m██[38;2;74;115;180m██[38;2;74;115;180m██[38;2;74;115;180m██[38;2;74;115;180m██[38;2;74;115;180m██[38;2;74;115;180m██[38;2;74;115;180m██[38;2;74;115;180m██[38;2;74;115;180m██[38;2;74;115;180m██[38;2;74;115;180m██[38;2;74;115;180m██[38;2;74;115;180m██[38;2;74;115;180m██[38;2;74;115;180m██[38;2;74;115;180m██[38;2;74;115;180m██[38;2;74;115;180m██[38;2;197;180;139m██[38;2;238;205;172m██[38;2;238;205;172m██[38;2;238;205;172m██[38;2;238;205;172m██[38;2;123;98;82m██                
                    [38;2;74;82;115m██[38;2;16;16;16m██[38;2;74;115;180m██[38;2;74;115;180m██[38;2;74;115;180m██[38;2;74;115;180m██[38;2;74;115;180m██[38;2;74;115;180m██[38;2;74;115;180m██[38;2;74;115;180m██[38;2;74;115;180m██[38;2;74;115;180m██[38;2;74;115;180m██[38;2;74;115;180m██[38;2;74;115;180m██[38;2;74;115;180m██[38;2;74;115;180m██[38;2;74;115;180m██[38;2;74;115;180m██[38;2;74;115;180m██[38;2;74;115;180m██[38;2;74;115;180m██[38;2;74;115;180m██[38;2;74;115;180m██[38;2;74;115;180m██[38;2;74;115;180m██[38;2;74;115;180m██[38;2;74;115;180m██[38;2;74;115;180m██[38;2;74;115;180m██[38;2;74;115;180m██[38;2;74;115;180m██[38;2;74;115;180m██[38;2;74;115;180m██[38;2;74;115;180m██[38;2;74;115;180m██[38;2;197;180;139m██[38;2;238;205;172m██[38;2;238;205;172m██[38;2;238;205;172m██[38;2;197;180;139m██[38;2;123;98;82m██                
                      [38;2;16;16;16m██[38;2;74;115;180m██[38;2;74;115;180m██[38;2;74;115;180m██[38;2;74;115;180m██[38;2;74;115;180m██[38;2;74;115;180m██[38;2;74;115;180m██[38;2;74;115;180m██[38;2;74;115;180m██[38;2;74;115;180m██[38;2;74;115;180m██[38;2;74;115;180m██[38;2;74;115;180m██[38;2;74;115;180m██[38;2;74;115;180m██[38;2;74;115;180m██[38;2;74;115;180m██[38;2;74;115;180m██[38;2;74;115;180m██[38;2;74;115;180m██[38;2;74;115;180m██[38;2;74;115;180m██[38;2;74;115;180m██[38;2;74;115;180m██[38;2;74;115;180m██[38;2;74;115;180m██[38;2;74;115;180m██[38;2;74;115;180m██[38;2;74;115;180m██[38;2;74;115;180m██[38;2;74;115;180m██[38;2;74;115;180m██[38;2;74;115;180m██[38;2;74;115;180m██[38;2;197;180;139m██[38;2;238;205;172m██[38;2;238;205;172m██[38;2;238;205;172m██[38;2;74;82;115m██                  
                        [38;2;16;16;16m██[38;2;74;115;180m██[38;2;74;115;180m██[38;2;74;115;180m██[38;2;74;115;180m██[38;2;74;115;180m██[38;2;74;115;180m██[38;2;74;115;180m██[38;2;74;115;180m██[38;2;74;115;180m██[38;2;74;115;180m██[38;2;74;115;180m██[38;2;74;115;180m██[38;2;74;115;180m██[38;2;74;115;180m██[38;2;74;115;180m██[38;2;74;115;180m██[38;2;74;115;180m██[38;2;74;115;180m██[38;2;74;115;180m██[38;2;74;115;180m██[38;2;74;115;180m██[38;2;74;115;180m██[38;2;74;115;180m██[38;2;74;115;180m██[38;2;74;115;180m██[38;2;74;115;180m██[38;2;74;115;180m██[38;2;74;115;180m██[38;2;74;115;180m██[38;2;197;180;139m██[38;2;197;180;139m██[38;2;74;115;180m██[38;2;74;115;180m██[38;2;197;180;139m██[38;2;238;205;172m██[38;2;238;205;172m██[38;2;197;180;139m██[38;2;74;82;115m██                  
                        [38;2;16;16;16m██[38;2;74;115;180m██[38;2;74;115;180m██[38;2;74;115;180m██[38;2;74;115;180m██[38;2;74;115;180m██[38;2;74;115;180m██[38;2;74;115;180m██[38;2;74;115;180m██[38;2;74;115;180m██[38;2;74;115;180m██[38;2;74;115;180m██[38;2;74;115;180m██[38;2;74;115;180m██[38;2;74;115;180m██[38;2;74;115;180m██[38;2;74;115;180m██[38;2;74;115;180m██[38;2;74;115;180m██[38;2;74;115;180m██[38;2;74;115;180m██[38;2;74;115;180m██[38;2;74;115;180m██[38;2;74;115;180m██[38;2;74;115;180m██[38;2;74;115;180m██[38;2;74;115;180m██[38;2;74;115;180m██[38;2;74;115;180m██[38;2;74;115;180m██[38;2;197;180;139m██[38;2;197;180;139m██[38;2;197;180;139m██[38;2;74;115;180m██[38;2;74;115;180m██[38;2;197;180;139m██[38;2;197;180;139m██[38;2;74;115;180m██[38;2;74;82;115m██                  
                          [38;2;16;16;16m██[38;2;74;115;180m██[38;2;74;115;180m██[38;2;74;115;180m██[38;2;74;115;180m██[38;2;74;115;180m██[38;2;74;115;180m██[38;2;74;115;180m██[38;2;74;115;180m██[38;2;74;115;180m██[38;2;74;115;180m██[38;2;74;115;180m██[38;2;74;115;180m██[38;2;74;115;180m██[38;2;74;115;180m██[38;2;74;115;180m██[38;2;74;115;180m██[38;2;74;115;180m██[38;2;74;115;180m██[38;2;74;115;180m██[38;2;74;115;180m██[38;2;74;115;180m██[38;2;74;115;180m██[38;2;74;115;180m██[38;2;74;115;180m██[38;2;74;115;180m██[38;2;74;115;180m██[38;2;74;115;180m██[38;2;74;115;180m██[38;2;74;115;180m██[38;2;197;180;139m██[38;2;197;180;139m██[38;2;74;115;180m██[38;2;74;115;180m██[38;2;74;82;115m██[38;2;74;115;180m██[38;2;74;82;115m██                    
                          [38;2;16;16;16m██[38;2;74;115;180m██[38;2;74;115;180m██[38;2;74;115;180m██[38;2;74;115;180m██[38;2;74;115;180m██[38;2;74;115;180m██[38;2;74;115;180m██[38;2;74;115;180m██[38;2;74;115;180m██[38;2;74;115;180m██[38;2;74;115;180m██[38;2;74;115;180m██[38;2;74;115;180m██[38;2;74;115;180m██[38;2;74;115;180m██[38;2;74;115;180m██[38;2;74;115;180m██[38;2;74;115;180m██[38;2;74;115;180m██[38;2;74;115;180m██[38;2;74;115;180m██[38;2;74;115;180m██[38;2;74;115;180m██[38;2;74;115;180m██[38;2;74;115;180m██[38;2;74;115;180m██[38;2;74;115;180m██[38;2;74;115;180m██[38;2;74;115;180m██[38;2;74;115;180m██[38;2;74;115;180m██[38;2;74;115;180m██[38;2;74;115;180m██[38;2;74;115;180m██[38;2;74;82;115m██[38;2;16;16;16m██[38;2;16;16;16m██                  
                            [38;2;16;16;16m██[38;2;74;115;180m██[38;2;74;115;180m██[38;2;74;115;180m██[38;2;74;115;180m██[38;2;74;115;180m██[38;2;74;115;180m██[38;2;74;115;180m██[38;2;74;115;180m██[38;2;74;115;180m██[38;2;74;115;180m██[38;2;74;115;180m██[38;2;74;115;180m██[38;2;74;115;180m██[38;2;74;115;180m██[38;2;74;115;180m██[38;2;74;115;180m██[38;2;74;115;180m██[38;2;74;115;180m██[38;2;74;115;180m██[38;2;74;115;180m██[38;2;74;115;180m██[38;2;74;115;180m██[38;2;74;115;180m██[38;2;74;115;180m██[38;2;74;115;180m██[38;2;74;115;180m██[38;2;74;115;180m██[38;2;74;115;180m██[38;2;74;115;180m██[38;2;74;115;180m██[38;2;74;115;180m██[38;2;74;115;180m██[38;2;74;115;180m██[38;2;90;148;222m██[38;2;90;148;222m██[38;2;90;148;222m██[38;2;16;16;16m██[38;2;16;16;16m██[38;2;16;16;16m██[38;2;74;82;115m██          
                              [38;2;16;16;16m██[38;2;74;115;180m██[38;2;74;115;180m██[38;2;74;115;180m██[38;2;74;115;180m██[38;2;74;115;180m██[38;2;74;115;180m██[38;2;74;115;180m██[38;2;74;115;180m██[38;2;74;115;180m██[38;2;74;115;180m██[38;2;74;115;180m██[38;2;74;115;180m██[38;2;74;115;180m██[38;2;74;115;180m██[38;2;74;115;180m██[38;2;74;115;180m██[38;2;74;115;180m██[38;2;74;115;180m██[38;2;74;115;180m██[38;2;74;115;180m██[38;2;74;115;180m██[38;2;74;115;180m██[38;2;74;115;180m██[38;2;74;115;180m██[38;2;74;115;180m██[38;2;74;115;180m██[38;2;74;115;180m██[38;2;74;115;180m██[38;2;74;115;180m██[38;2;74;115;180m██[38;2;74;115;180m██[38;2;74;115;180m██[38;2;90;148;222m██[38;2;90;148;222m██[38;2;90;148;222m██[38;2;123;197;255m██[38;2;123;197;255m██[38;2;74;115;180m██[38;2;74;115;180m██[38;2;74;82;115m██[38;2;74;82;115m██[38;2;74;82;115m██    
                                [38;2;16;16;16m██[38;2;74;115;180m██[38;2;74;115;180m██[38;2;74;115;180m██[38;2;74;115;180m██[38;2;74;115;180m██[38;2;74;115;180m██[38;2;74;115;180m██[38;2;74;115;180m██[38;2;74;115;180m██[38;2;74;115;180m██[38;2;74;115;180m██[38;2;74;115;180m██[38;2;74;115;180m██[38;2;74;115;180m██[38;2;74;115;180m██[38;2;74;115;180m██[38;2;74;115;180m██[38;2;74;115;180m██[38;2;74;115;180m██[38;2;74;115;180m██[38;2;74;115;180m██[38;2;74;115;180m██[38;2;74;115;180m██[38;2;74;115;180m██[38;2;74;115;180m██[38;2;74;115;180m██[38;2;74;115;180m██[38;2;16;16;16m██[38;2;74;115;180m██[38;2;74;115;180m██[38;2;74;115;180m██[38;2;90;148;222m██[38;2;90;148;222m██[38;2;74;115;180m██[38;2;74;115;180m██[38;2;123;197;255m██[38;2;123;197;255m██[38;2;123;197;255m██[38;2;123;197;255m██[38;2;90;148;222m██[38;2;90;148;222m██[38;2;74;82;115m██  
                                  [38;2;74;82;115m██[38;2;74;115;180m██[38;2;74;115;180m██[38;2;74;115;180m██[38;2;74;115;180m██[38;2;74;115;180m██[38;2;74;115;180m██[38;2;74;115;180m██[38;2;74;115;180m██[38;2;74;115;180m██[38;2;74;115;180m██[38;2;74;115;180m██[38;2;74;115;180m██[38;2;74;115;180m██[38;2;74;115;180m██[38;2;74;115;180m██[38;2;74;115;180m██[38;2;74;115;180m██[38;2;74;115;180m██[38;2;74;115;180m██[38;2;74;115;180m██[38;2;74;115;180m██[38;2;74;115;180m██[38;2;74;115;180m██[38;2;74;115;180m██[38;2;74;115;180m██[38;2;74;115;180m██[38;2;74;115;180m██[38;2;16;16;16m██[38;2;74;115;180m██[38;2;74;115;180m██[38;2;74;115;180m██[38;2;90;148;222m██[38;2;90;148;222m██[38;2;90;148;222m██[38;2;74;115;180m██[38;2;74;82;115m██[38;2;74;82;115m██[38;2;123;197;255m██[38;2;123;197;255m██[38;2;74;115;180m██[38;2;74;82;115m██  
                                    [38;2;16;16;16m██[38;2;74;82;115m██[38;2;74;115;180m██[38;2;74;115;180m██[38;2;74;115;180m██[38;2;74;115;180m██[38;2;74;115;180m██[38;2;74;115;180m██[38;2;74;115;180m██[38;2;74;115;180m██[38;2;74;115;180m██[38;2;74;115;180m██[38;2;74;115;180m██[38;2;74;115;180m██[38;2;74;115;180m██[38;2;74;115;180m██[38;2;74;115;180m██[38;2;74;115;180m██[38;2;74;115;180m██[38;2;74;115;180m██[38;2;74;115;180m██[38;2;74;115;180m██[38;2;74;115;180m██[38;2;74;115;180m██[38;2;74;115;180m██[38;2;74;115;180m██[38;2;74;82;115m██  [38;2;16;16;16m██[38;2;16;16;16m██[38;2;74;115;180m██[38;2;74;115;180m██[38;2;90;148;222m██[38;2;90;148;222m██[38;2;123;197;255m██[38;2;123;197;255m██[38;2;90;148;222m██[38;2;74;82;115m██[38;2;74;82;115m██[38;2;123;197;255m██[38;2;123;197;255m██[38;2;74;82;115m██
                                        [38;2;16;16;16m██[38;2;74;82;115m██[38;2;74;115;180m██[38;2;74;115;180m██[38;2;74;115;180m██[38;2;74;115;180m██[38;2;74;115;180m██[38;2;74;115;180m██[38;2;74;115;180m██[38;2;74;115;180m██[38;2;74;115;180m██[38;2;74;115;180m██[38;2;74;115;180m██[38;2;74;115;180m██[38;2;74;115;180m██[38;2;74;115;180m██[38;2;74;115;180m██[38;2;74;115;180m██[38;2;74;115;180m██[38;2;74;115;180m██[38;2;74;115;180m██[38;2;74;115;180m██[38;2;16;16;16m██[38;2;16;16;16m██        [38;2;16;16;16m██[38;2;16;16;16m██[38;2;74;115;180m██[38;2;74;115;180m██[38;2;90;148;222m██[38;2;123;197;255m██[38;2;123;197;255m██[38;2;123;197;255m██[38;2;90;148;222m██[38;2;74;82;115m██[38;2;123;197;255m██[38;2;16;16;16m██
                                            [38;2;16;16;16m██[38;2;16;16;16m██[38;2;74;82;115m██[38;2;74;115;180m██[38;2;74;115;180m██[38;2;74;115;180m██[38;2;74;115;180m██[38;2;74;115;180m██[38;2;74;115;180m██[38;2;74;115;180m██[38;2;74;115;180m██[38;2;74;115;180m██[38;2;74;115;180m██[38;2;74;115;180m██[38;2;74;115;180m██[38;2;74;115;180m██[38;2;74;115;180m██[38;2;74;115;180m██[38;2;16;16;16m██[38;2;16;16;16m██                [38;2;16;16;16m██[38;2;16;16;16m██[38;2;16;16;16m██[38;2;74;115;180m██[38;2;74;115;180m██[38;2;74;115;180m██[38;2;74;115;180m██[38;2;16;16;16m██[38;2;74;115;180m██[38;2;16;16;16m██
                                                  [38;2;16;16;16m██[38;2;16;16;16m██[38;2;74;82;115m██[38;2;74;115;180m██[38;2;74;115;180m██[38;2;74;115;180m██[38;2;74;115;180m██[38;2;74;115;180m██[38;2;74;115;180m██[38;2;74;115;180m██[38;2;74;115;180m██[38;2;74;82;115m██[38;2;16;16;16m██[38;2;16;16;16m██[38;2;16;16;16m██                          [38;2;16;16;16m██[38;2;16;16;16m██[38;2;16;16;16m██[38;2;16;16;16m██[38;2;16;16;16m██[38;2;16;16;16m██  
                                                        [38;2;16;16;16m██[38;2;16;16;16m██[38;2;16;16;16m██[38;2;16;16;16m██[38;2;16;16;16m██[38;2;16;16;16m██[38;2;16;16;16m██[38;2;16;16;16m██                                                
