                                                                                                                                              [38;2;117;119;129m██[38;2;117;119;129m██[38;2;117;119;129m██[38;2;117;119;129m██[38;2;117;119;129m██[38;2;117;119;129m██[38;2;117;119;129m██                          
                                                                                                                                          [38;2;117;119;129m██[38;2;117;119;129m██[38;2;219;219;219m██[38;2;246;246;246m██[38;2;246;246;246m██[38;2;246;246;246m██[38;2;246;246;246m██[38;2;219;219;219m██[38;2;177;177;177m██[38;2;117;119;129m██[38;2;15;15;15m██[38;2;15;15;15m██[38;2;15;15;15m██                  
                                                                                                                                        [38;2;117;119;129m██[38;2;219;219;219m██[38;2;246;246;246m██[38;2;246;246;246m██[38;2;219;219;219m██[38;2;219;219;219m██[38;2;219;219;219m██[38;2;219;219;219m██[38;2;177;177;177m██[38;2;117;119;129m██[38;2;117;119;129m██[38;2;15;15;15m██[38;2;50;124;148m██[38;2;50;124;148m██[38;2;15;15;15m██[38;2;15;15;15m██              
                                                                                                                                      [38;2;117;119;129m██[38;2;246;246;246m██[38;2;246;246;246m██[38;2;219;219;219m██[38;2;219;219;219m██[38;2;219;219;219m██[38;2;177;177;177m██[38;2;177;177;177m██[38;2;117;119;129m██[38;2;69;70;75m██[38;2;69;70;75m██[38;2;69;70;75m██[38;2;69;70;75m██[38;2;69;70;75m██[38;2;69;70;75m██[38;2;69;70;75m██[38;2;50;124;148m██[38;2;15;15;15m██[38;2;15;15;15m██          
                                                                                                                                      [38;2;117;119;129m██[38;2;69;70;75m██[38;2;69;70;75m██[38;2;69;70;75m██[38;2;69;70;75m██[38;2;117;119;129m██[38;2;69;70;75m██[38;2;69;70;75m██[38;2;117;119;129m██[38;2;219;219;219m██[38;2;246;246;246m██[38;2;246;246;246m██[38;2;219;219;219m██[38;2;219;219;219m██[38;2;219;219;219m██[38;2;177;177;177m██[38;2;69;70;75m██[38;2;69;70;75m██[38;2;50;124;148m██[38;2;15;15;15m██        
                                                                                                                                        [38;2;51;88;111m██[38;2;151;208;233m██[38;2;151;208;233m██[38;2;69;70;75m██[38;2;117;119;129m██[38;2;219;219;219m██[38;2;246;246;246m██[38;2;246;246;246m██[38;2;219;219;219m██[38;2;219;219;219m██[38;2;219;219;219m██[38;2;219;219;219m██[38;2;219;219;219m██[38;2;219;219;219m██[38;2;219;219;219m██[38;2;177;177;177m██[38;2;117;119;129m██[38;2;69;70;75m██[38;2;50;124;148m██[38;2;15;15;15m██      
                                                                                                                                      [38;2;15;15;15m██[38;2;151;208;233m██[38;2;69;70;75m██[38;2;117;119;129m██[38;2;246;246;246m██[38;2;246;246;246m██[38;2;219;219;219m██[38;2;219;219;219m██[38;2;219;219;219m██[38;2;219;219;219m██[38;2;219;219;219m██[38;2;219;219;219m██[38;2;219;219;219m██[38;2;219;219;219m██[38;2;219;219;219m██[38;2;219;219;219m██[38;2;177;177;177m██[38;2;117;119;129m██[38;2;117;119;129m██[38;2;69;70;75m██[38;2;15;15;15m██      
                                                                                                                                    [38;2;51;88;111m██[38;2;151;208;233m██[38;2;117;119;129m██[38;2;246;246;246m██[38;2;246;246;246m██[38;2;219;219;219m██[38;2;219;219;219m██[38;2;219;219;219m██[38;2;219;219;219m██[38;2;219;219;219m██[38;2;219;219;219m██[38;2;219;219;219m██[38;2;219;219;219m██[38;2;219;219;219m██[38;2;219;219;219m██[38;2;219;219;219m██[38;2;177;177;177m██[38;2;177;177;177m██[38;2;117;119;129m██[38;2;117;119;129m██[38;2;15;15;15m██[38;2;50;124;148m██[38;2;15;15;15m██    
                                                                                                                                    [38;2;51;88;111m██[38;2;117;119;129m██[38;2;219;219;219m██[38;2;219;219;219m██[38;2;219;219;219m██[38;2;177;177;177m██[38;2;177;177;177m██[38;2;177;177;177m██[38;2;177;177;177m██[38;2;177;177;177m██[38;2;177;177;177m██[38;2;177;177;177m██[38;2;177;177;177m██[38;2;177;177;177m██[38;2;177;177;177m██[38;2;177;177;177m██[38;2;177;177;177m██[38;2;177;177;177m██[38;2;117;119;129m██[38;2;117;119;129m██[38;2;15;15;15m██[38;2;50;124;148m██[38;2;15;15;15m██    
                                                                                                                                    [38;2;51;88;111m██[38;2;69;70;75m██[38;2;69;70;75m██[38;2;69;70;75m██[38;2;69;70;75m██[38;2;117;119;129m██[38;2;117;119;129m██[38;2;117;119;129m██[38;2;117;119;129m██[38;2;117;119;129m██[38;2;117;119;129m██[38;2;117;119;129m██[38;2;117;119;129m██[38;2;117;119;129m██[38;2;177;177;177m██[38;2;177;177;177m██[38;2;177;177;177m██[38;2;117;119;129m██[38;2;117;119;129m██[38;2;69;70;75m██[38;2;50;124;148m██[38;2;50;124;148m██[38;2;91;168;203m██[38;2;15;15;15m██  
                        [38;2;50;124;148m██[38;2;50;124;148m██[38;2;50;124;148m██[38;2;50;124;148m██[38;2;50;124;148m██[38;2;50;124;148m██[38;2;50;124;148m██                                                                                            [38;2;51;88;111m██[38;2;151;208;233m██[38;2;151;208;233m██[38;2;151;208;233m██[38;2;151;208;233m██[38;2;151;208;233m██[38;2;69;70;75m██[38;2;69;70;75m██[38;2;69;70;75m██[38;2;117;119;129m██[38;2;117;119;129m██[38;2;117;119;129m██[38;2;117;119;129m██[38;2;117;119;129m██[38;2;117;119;129m██[38;2;117;119;129m██[38;2;117;119;129m██[38;2;117;119;129m██[38;2;117;119;129m██[38;2;117;119;129m██[38;2;15;15;15m██[38;2;50;124;148m██[38;2;91;168;203m██[38;2;91;168;203m██[38;2;15;15;15m██  
                [38;2;69;70;75m██[38;2;69;70;75m██[38;2;69;70;75m██[38;2;50;124;148m██[38;2;151;208;233m██[38;2;151;208;233m██[38;2;151;208;233m██[38;2;151;208;233m██[38;2;151;208;233m██[38;2;151;208;233m██[38;2;151;208;233m██[38;2;50;124;148m██[38;2;50;124;148m██[38;2;50;124;148m██                                                                                      [38;2;51;88;111m██[38;2;151;208;233m██[38;2;151;208;233m██[38;2;151;208;233m██[38;2;151;208;233m██[38;2;151;208;233m██[38;2;151;208;233m██[38;2;151;208;233m██[38;2;151;208;233m██[38;2;69;70;75m██[38;2;117;119;129m██[38;2;117;119;129m██[38;2;69;70;75m██[38;2;69;70;75m██[38;2;69;70;75m██[38;2;69;70;75m██[38;2;69;70;75m██[38;2;117;119;129m██[38;2;117;119;129m██[38;2;15;15;15m██[38;2;50;124;148m██[38;2;50;124;148m██[38;2;91;168;203m██[38;2;91;168;203m██[38;2;15;15;15m██  
                [38;2;69;70;75m██[38;2;177;177;177m██[38;2;177;177;177m██[38;2;117;119;129m██[38;2;69;70;75m██[38;2;69;70;75m██[38;2;151;208;233m██[38;2;151;208;233m██[38;2;151;208;233m██[38;2;151;208;233m██[38;2;151;208;233m██[38;2;151;208;233m██[38;2;91;168;203m██[38;2;50;124;148m██[38;2;51;88;111m██[38;2;51;88;111m██                                                                                  [38;2;51;88;111m██[38;2;151;208;233m██[38;2;151;208;233m██[38;2;151;208;233m██[38;2;151;208;233m██[38;2;151;208;233m██[38;2;151;208;233m██[38;2;151;208;233m██[38;2;151;208;233m██[38;2;151;208;233m██[38;2;69;70;75m██[38;2;117;119;129m██[38;2;219;219;219m██[38;2;246;246;246m██[38;2;246;246;246m██[38;2;246;246;246m██[38;2;219;219;219m██[38;2;69;70;75m██[38;2;69;70;75m██[38;2;69;70;75m██[38;2;50;124;148m██[38;2;50;124;148m██[38;2;50;124;148m██[38;2;91;168;203m██[38;2;15;15;15m██  
              [38;2;50;124;148m██[38;2;15;15;15m██[38;2;117;119;129m██[38;2;219;219;219m██[38;2;246;246;246m██[38;2;177;177;177m██[38;2;117;119;129m██[38;2;69;70;75m██[38;2;69;70;75m██[38;2;15;15;15m██[38;2;151;208;233m██[38;2;151;208;233m██[38;2;91;168;203m██[38;2;91;168;203m██[38;2;91;168;203m██[38;2;50;124;148m██[38;2;151;208;233m██[38;2;51;88;111m██                                                                                [38;2;51;88;111m██[38;2;151;208;233m██[38;2;151;208;233m██[38;2;151;208;233m██[38;2;151;208;233m██[38;2;151;208;233m██[38;2;151;208;233m██[38;2;151;208;233m██[38;2;117;119;129m██[38;2;117;119;129m██[38;2;219;219;219m██[38;2;246;246;246m██[38;2;246;246;246m██[38;2;219;219;219m██[38;2;219;219;219m██[38;2;219;219;219m██[38;2;219;219;219m██[38;2;219;219;219m██[38;2;177;177;177m██[38;2;117;119;129m██[38;2;69;70;75m██[38;2;69;70;75m██[38;2;50;124;148m██[38;2;50;124;148m██[38;2;15;15;15m██  
            [38;2;50;124;148m██[38;2;151;208;233m██[38;2;15;15;15m██[38;2;117;119;129m██[38;2;177;177;177m██[38;2;219;219;219m██[38;2;219;219;219m██[38;2;219;219;219m██[38;2;219;219;219m██[38;2;177;177;177m██[38;2;117;119;129m██[38;2;91;168;203m██[38;2;91;168;203m██[38;2;91;168;203m██[38;2;91;168;203m██[38;2;91;168;203m██[38;2;50;124;148m██[38;2;151;208;233m██[38;2;151;208;233m██[38;2;51;88;111m██                                                                              [38;2;51;88;111m██[38;2;91;168;203m██[38;2;151;208;233m██[38;2;151;208;233m██[38;2;151;208;233m██[38;2;151;208;233m██[38;2;117;119;129m██[38;2;117;119;129m██[38;2;219;219;219m██[38;2;246;246;246m██[38;2;219;219;219m██[38;2;219;219;219m██[38;2;219;219;219m██[38;2;219;219;219m██[38;2;219;219;219m██[38;2;219;219;219m██[38;2;219;219;219m██[38;2;219;219;219m██[38;2;177;177;177m██[38;2;117;119;129m██[38;2;117;119;129m██[38;2;69;70;75m██[38;2;50;124;148m██[38;2;50;124;148m██[38;2;15;15;15m██  
          [38;2;50;124;148m██[38;2;151;208;233m██[38;2;151;208;233m██[38;2;151;208;233m██[38;2;15;15;15m██[38;2;117;119;129m██[38;2;177;177;177m██[38;2;219;219;219m██[38;2;219;219;219m██[38;2;219;219;219m██[38;2;117;119;129m██[38;2;50;124;148m██[38;2;91;168;203m██[38;2;91;168;203m██[38;2;91;168;203m██[38;2;91;168;203m██[38;2;91;168;203m██[38;2;50;124;148m██[38;2;91;168;203m██[38;2;151;208;233m██[38;2;151;208;233m██[38;2;51;88;111m██                                                                            [38;2;51;88;111m██[38;2;91;168;203m██[38;2;151;208;233m██[38;2;151;208;233m██[38;2;151;208;233m██[38;2;117;119;129m██[38;2;177;177;177m██[38;2;246;246;246m██[38;2;219;219;219m██[38;2;219;219;219m██[38;2;219;219;219m██[38;2;219;219;219m██[38;2;219;219;219m██[38;2;219;219;219m██[38;2;219;219;219m██[38;2;219;219;219m██[38;2;219;219;219m██[38;2;177;177;177m██[38;2;177;177;177m██[38;2;117;119;129m██[38;2;117;119;129m██[38;2;69;70;75m██[38;2;50;124;148m██[38;2;50;124;148m██[38;2;15;15;15m██  
[38;2;69;70;75m██[38;2;69;70;75m██[38;2;69;70;75m██[38;2;69;70;75m██[38;2;69;70;75m██[38;2;69;70;75m██[38;2;151;208;233m██[38;2;151;208;233m██[38;2;91;168;203m██[38;2;91;168;203m██[38;2;15;15;15m██[38;2;117;119;129m██[38;2;177;177;177m██[38;2;177;177;177m██[38;2;177;177;177m██[38;2;50;124;148m██[38;2;91;168;203m██[38;2;91;168;203m██[38;2;91;168;203m██[38;2;91;168;203m██[38;2;91;168;203m██[38;2;91;168;203m██[38;2;50;124;148m██[38;2;91;168;203m██[38;2;91;168;203m██[38;2;151;208;233m██[38;2;51;88;111m██                                                                            [38;2;51;88;111m██[38;2;151;208;233m██[38;2;50;124;148m██[38;2;151;208;233m██[38;2;151;208;233m██[38;2;69;70;75m██[38;2;69;70;75m██[38;2;69;70;75m██[38;2;177;177;177m██[38;2;177;177;177m██[38;2;177;177;177m██[38;2;177;177;177m██[38;2;219;219;219m██[38;2;219;219;219m██[38;2;219;219;219m██[38;2;219;219;219m██[38;2;177;177;177m██[38;2;177;177;177m██[38;2;117;119;129m██[38;2;117;119;129m██[38;2;69;70;75m██[38;2;50;124;148m██[38;2;50;124;148m██[38;2;50;124;148m██[38;2;15;15;15m██  
[38;2;15;15;15m██[38;2;177;177;177m██[38;2;177;177;177m██[38;2;177;177;177m██[38;2;117;119;129m██[38;2;117;119;129m██[38;2;69;70;75m██[38;2;15;15;15m██[38;2;15;15;15m██[38;2;15;15;15m██[38;2;15;15;15m██[38;2;15;15;15m██[38;2;69;70;75m██[38;2;117;119;129m██[38;2;50;124;148m██[38;2;91;168;203m██[38;2;91;168;203m██[38;2;91;168;203m██[38;2;91;168;203m██[38;2;91;168;203m██[38;2;91;168;203m██[38;2;91;168;203m██[38;2;51;88;111m██[38;2;91;168;203m██[38;2;91;168;203m██[38;2;91;168;203m██[38;2;91;168;203m██[38;2;51;88;111m██                                                                          [38;2;51;88;111m██[38;2;151;208;233m██[38;2;151;208;233m██[38;2;50;124;148m██[38;2;151;208;233m██[38;2;151;208;233m██[38;2;151;208;233m██[38;2;151;208;233m██[38;2;69;70;75m██[38;2;69;70;75m██[38;2;117;119;129m██[38;2;177;177;177m██[38;2;177;177;177m██[38;2;177;177;177m██[38;2;177;177;177m██[38;2;177;177;177m██[38;2;177;177;177m██[38;2;117;119;129m██[38;2;117;119;129m██[38;2;15;15;15m██[38;2;50;124;148m██[38;2;50;124;148m██[38;2;91;168;203m██[38;2;50;124;148m██[38;2;15;15;15m██  
[38;2;15;15;15m██[38;2;117;119;129m██[38;2;246;246;246m██[38;2;246;246;246m██[38;2;219;219;219m██[38;2;219;219;219m██[38;2;219;219;219m██[38;2;219;219;219m██[38;2;177;177;177m██[38;2;177;177;177m██[38;2;117;119;129m██[38;2;69;70;75m██[38;2;15;15;15m██[38;2;69;70;75m██[38;2;50;124;148m██[38;2;91;168;203m██[38;2;91;168;203m██[38;2;91;168;203m██[38;2;91;168;203m██[38;2;91;168;203m██[38;2;91;168;203m██[38;2;91;168;203m██[38;2;51;88;111m██[38;2;50;124;148m██[38;2;91;168;203m██[38;2;91;168;203m██[38;2;91;168;203m██[38;2;51;88;111m██                                                                            [38;2;51;88;111m██[38;2;151;208;233m██[38;2;50;124;148m██[38;2;151;208;233m██[38;2;151;208;233m██[38;2;151;208;233m██[38;2;151;208;233m██[38;2;151;208;233m██[38;2;151;208;233m██[38;2;69;70;75m██[38;2;69;70;75m██[38;2;117;119;129m██[38;2;117;119;129m██[38;2;117;119;129m██[38;2;117;119;129m██[38;2;117;119;129m██[38;2;117;119;129m██[38;2;15;15;15m██[38;2;50;124;148m██[38;2;50;124;148m██[38;2;91;168;203m██[38;2;50;124;148m██[38;2;91;168;203m██[38;2;15;15;15m██  
[38;2;15;15;15m██[38;2;117;119;129m██[38;2;177;177;177m██[38;2;246;246;246m██[38;2;219;219;219m██[38;2;219;219;219m██[38;2;219;219;219m██[38;2;219;219;219m██[38;2;219;219;219m██[38;2;219;219;219m██[38;2;177;177;177m██[38;2;177;177;177m██[38;2;117;119;129m██[38;2;51;88;111m██[38;2;91;168;203m██[38;2;91;168;203m██[38;2;91;168;203m██[38;2;91;168;203m██[38;2;91;168;203m██[38;2;91;168;203m██[38;2;91;168;203m██[38;2;91;168;203m██[38;2;51;88;111m██[38;2;50;124;148m██[38;2;50;124;148m██[38;2;91;168;203m██[38;2;91;168;203m██[38;2;51;88;111m██                                                                            [38;2;51;88;111m██[38;2;151;208;233m██[38;2;91;168;203m██[38;2;50;124;148m██[38;2;151;208;233m██[38;2;151;208;233m██[38;2;151;208;233m██[38;2;151;208;233m██[38;2;151;208;233m██[38;2;151;208;233m██[38;2;151;208;233m██[38;2;69;70;75m██[38;2;117;119;129m██[38;2;117;119;129m██[38;2;117;119;129m██[38;2;117;119;129m██[38;2;15;15;15m██[38;2;50;124;148m██[38;2;50;124;148m██[38;2;91;168;203m██[38;2;91;168;203m██[38;2;50;124;148m██[38;2;91;168;203m██[38;2;15;15;15m██  
  [38;2;15;15;15m██[38;2;117;119;129m██[38;2;219;219;219m██[38;2;219;219;219m██[38;2;219;219;219m██[38;2;219;219;219m██[38;2;219;219;219m██[38;2;219;219;219m██[38;2;219;219;219m██[38;2;219;219;219m██[38;2;219;219;219m██[38;2;117;119;129m██[38;2;50;124;148m██[38;2;91;168;203m██[38;2;91;168;203m██[38;2;91;168;203m██[38;2;91;168;203m██[38;2;91;168;203m██[38;2;91;168;203m██[38;2;91;168;203m██[38;2;51;88;111m██[38;2;50;124;148m██[38;2;50;124;148m██[38;2;50;124;148m██[38;2;50;124;148m██[38;2;91;168;203m██[38;2;51;88;111m██[38;2;51;88;111m██                                                                            [38;2;51;88;111m██[38;2;91;168;203m██[38;2;91;168;203m██[38;2;50;124;148m██[38;2;151;208;233m██[38;2;151;208;233m██[38;2;151;208;233m██[38;2;151;208;233m██[38;2;151;208;233m██[38;2;151;208;233m██[38;2;69;70;75m██[38;2;69;70;75m██[38;2;69;70;75m██[38;2;15;15;15m██[38;2;69;70;75m██[38;2;91;168;203m██[38;2;91;168;203m██[38;2;91;168;203m██[38;2;91;168;203m██[38;2;50;124;148m██[38;2;91;168;203m██[38;2;91;168;203m██[38;2;15;15;15m██  
  [38;2;15;15;15m██[38;2;117;119;129m██[38;2;117;119;129m██[38;2;219;219;219m██[38;2;219;219;219m██[38;2;219;219;219m██[38;2;219;219;219m██[38;2;219;219;219m██[38;2;219;219;219m██[38;2;219;219;219m██[38;2;219;219;219m██[38;2;177;177;177m██[38;2;91;168;203m██[38;2;91;168;203m██[38;2;91;168;203m██[38;2;91;168;203m██[38;2;91;168;203m██[38;2;91;168;203m██[38;2;91;168;203m██[38;2;91;168;203m██[38;2;51;88;111m██[38;2;50;124;148m██[38;2;50;124;148m██[38;2;50;124;148m██[38;2;50;124;148m██[38;2;50;124;148m██[38;2;51;88;111m██[38;2;91;168;203m██[38;2;51;88;111m██                                                                            [38;2;51;88;111m██[38;2;91;168;203m██[38;2;91;168;203m██[38;2;50;124;148m██[38;2;151;208;233m██[38;2;151;208;233m██[38;2;151;208;233m██[38;2;151;208;233m██[38;2;151;208;233m██[38;2;151;208;233m██[38;2;91;168;203m██[38;2;91;168;203m██[38;2;91;168;203m██[38;2;91;168;203m██[38;2;91;168;203m██[38;2;91;168;203m██[38;2;91;168;203m██[38;2;51;88;111m██[38;2;91;168;203m██[38;2;91;168;203m██[38;2;91;168;203m██[38;2;15;15;15m██  
    [38;2;15;15;15m██[38;2;117;119;129m██[38;2;117;119;129m██[38;2;219;219;219m██[38;2;219;219;219m██[38;2;219;219;219m██[38;2;219;219;219m██[38;2;219;219;219m██[38;2;219;219;219m██[38;2;219;219;219m██[38;2;177;177;177m██[38;2;91;168;203m██[38;2;91;168;203m██[38;2;91;168;203m██[38;2;91;168;203m██[38;2;91;168;203m██[38;2;91;168;203m██[38;2;91;168;203m██[38;2;91;168;203m██[38;2;51;88;111m██[38;2;50;124;148m██[38;2;50;124;148m██[38;2;50;124;148m██[38;2;50;124;148m██[38;2;50;124;148m██[38;2;51;88;111m██[38;2;91;168;203m██[38;2;91;168;203m██[38;2;51;88;111m██                                                                          [38;2;51;88;111m██[38;2;91;168;203m██[38;2;91;168;203m██[38;2;91;168;203m██[38;2;50;124;148m██[38;2;50;124;148m██[38;2;151;208;233m██[38;2;151;208;233m██[38;2;151;208;233m██[38;2;151;208;233m██[38;2;151;208;233m██[38;2;91;168;203m██[38;2;91;168;203m██[38;2;91;168;203m██[38;2;91;168;203m██[38;2;51;88;111m██[38;2;51;88;111m██[38;2;50;124;148m██[38;2;91;168;203m██[38;2;91;168;203m██[38;2;51;88;111m██    
    [38;2;15;15;15m██[38;2;117;119;129m██[38;2;117;119;129m██[38;2;117;119;129m██[38;2;177;177;177m██[38;2;219;219;219m██[38;2;219;219;219m██[38;2;219;219;219m██[38;2;219;219;219m██[38;2;219;219;219m██[38;2;91;168;203m██[38;2;91;168;203m██[38;2;91;168;203m██[38;2;91;168;203m██[38;2;91;168;203m██[38;2;91;168;203m██[38;2;91;168;203m██[38;2;91;168;203m██[38;2;51;88;111m██[38;2;50;124;148m██[38;2;50;124;148m██[38;2;50;124;148m██[38;2;50;124;148m██[38;2;50;124;148m██[38;2;51;88;111m██[38;2;91;168;203m██[38;2;50;124;148m██[38;2;91;168;203m██[38;2;51;88;111m██                                                      [38;2;113;57;37m██[38;2;182;90;28m██[38;2;182;90;28m██                [38;2;51;88;111m██[38;2;91;168;203m██[38;2;91;168;203m██[38;2;91;168;203m██[38;2;91;168;203m██[38;2;51;88;111m██[38;2;51;88;111m██[38;2;51;88;111m██[38;2;51;88;111m██[38;2;51;88;111m██[38;2;51;88;111m██[38;2;51;88;111m██[38;2;51;88;111m██[38;2;51;88;111m██[38;2;50;124;148m██[38;2;50;124;148m██[38;2;50;124;148m██[38;2;91;168;203m██[38;2;91;168;203m██[38;2;15;15;15m██    
    [38;2;51;88;111m██[38;2;15;15;15m██[38;2;117;119;129m██[38;2;117;119;129m██[38;2;117;119;129m██[38;2;177;177;177m██[38;2;177;177;177m██[38;2;219;219;219m██[38;2;219;219;219m██[38;2;177;177;177m██[38;2;91;168;203m██[38;2;91;168;203m██[38;2;91;168;203m██[38;2;91;168;203m██[38;2;91;168;203m██[38;2;91;168;203m██[38;2;91;168;203m██[38;2;91;168;203m██[38;2;51;88;111m██[38;2;50;124;148m██[38;2;50;124;148m██[38;2;50;124;148m██[38;2;50;124;148m██[38;2;51;88;111m██[38;2;51;88;111m██[38;2;51;88;111m██[38;2;91;168;203m██[38;2;91;168;203m██[38;2;91;168;203m██[38;2;51;88;111m██                                                [38;2;113;57;37m██[38;2;182;90;28m██[38;2;255;210;9m██[38;2;255;210;9m██[38;2;113;57;37m██                [38;2;51;88;111m██[38;2;51;88;111m██[38;2;91;168;203m██[38;2;91;168;203m██[38;2;91;168;203m██[38;2;50;124;148m██[38;2;50;124;148m██[38;2;50;124;148m██[38;2;50;124;148m██[38;2;50;124;148m██[38;2;50;124;148m██[38;2;50;124;148m██[38;2;50;124;148m██[38;2;50;124;148m██[38;2;50;124;148m██[38;2;50;124;148m██[38;2;50;124;148m██[38;2;91;168;203m██[38;2;15;15;15m██      
    [38;2;51;88;111m██[38;2;50;124;148m██[38;2;15;15;15m██[38;2;117;119;129m██[38;2;117;119;129m██[38;2;117;119;129m██[38;2;117;119;129m██[38;2;117;119;129m██[38;2;117;119;129m██[38;2;50;124;148m██[38;2;91;168;203m██[38;2;91;168;203m██[38;2;91;168;203m██[38;2;91;168;203m██[38;2;91;168;203m██[38;2;91;168;203m██[38;2;91;168;203m██[38;2;51;88;111m██[38;2;50;124;148m██[38;2;50;124;148m██[38;2;50;124;148m██[38;2;50;124;148m██[38;2;50;124;148m██[38;2;51;88;111m██[38;2;50;124;148m██[38;2;50;124;148m██[38;2;51;88;111m██[38;2;51;88;111m██[38;2;91;168;203m██[38;2;51;88;111m██    [38;2;113;57;37m██[38;2;182;90;28m██                                      [38;2;113;57;37m██[38;2;234;156;0m██[38;2;255;210;9m██[38;2;234;156;0m██[38;2;15;15;15m██                  [38;2;51;88;111m██[38;2;91;168;203m██[38;2;51;88;111m██[38;2;51;88;111m██[38;2;91;168;203m██[38;2;50;124;148m██[38;2;50;124;148m██[38;2;50;124;148m██[38;2;50;124;148m██[38;2;50;124;148m██[38;2;50;124;148m██[38;2;50;124;148m██[38;2;50;124;148m██[38;2;50;124;148m██[38;2;50;124;148m██[38;2;50;124;148m██[38;2;91;168;203m██[38;2;15;15;15m██        
    [38;2;51;88;111m██[38;2;69;70;75m██[38;2;69;70;75m██[38;2;69;70;75m██[38;2;69;70;75m██[38;2;117;119;129m██[38;2;117;119;129m██[38;2;117;119;129m██[38;2;117;119;129m██[38;2;50;124;148m██[38;2;91;168;203m██[38;2;91;168;203m██[38;2;91;168;203m██[38;2;91;168;203m██[38;2;91;168;203m██[38;2;91;168;203m██[38;2;91;168;203m██[38;2;51;88;111m██[38;2;50;124;148m██[38;2;50;124;148m██[38;2;50;124;148m██[38;2;50;124;148m██[38;2;51;88;111m██[38;2;50;124;148m██[38;2;50;124;148m██[38;2;50;124;148m██[38;2;50;124;148m██[38;2;50;124;148m██[38;2;51;88;111m██[38;2;15;15;15m██    [38;2;182;90;28m██[38;2;255;210;9m██[38;2;113;57;37m██                                [38;2;113;57;37m██[38;2;182;90;28m██[38;2;255;210;9m██[38;2;255;210;9m██[38;2;113;57;37m██[38;2;15;15;15m██                    [38;2;51;88;111m██[38;2;91;168;203m██[38;2;91;168;203m██[38;2;91;168;203m██[38;2;51;88;111m██[38;2;51;88;111m██[38;2;50;124;148m██[38;2;50;124;148m██[38;2;50;124;148m██[38;2;50;124;148m██[38;2;50;124;148m██[38;2;50;124;148m██[38;2;50;124;148m██[38;2;50;124;148m██[38;2;50;124;148m██[38;2;51;88;111m██[38;2;51;88;111m██[38;2;15;15;15m██        
    [38;2;51;88;111m██[38;2;15;15;15m██[38;2;177;177;177m██[38;2;177;177;177m██[38;2;177;177;177m██[38;2;69;70;75m██[38;2;69;70;75m██[38;2;69;70;75m██[38;2;69;70;75m██[38;2;50;124;148m██[38;2;91;168;203m██[38;2;91;168;203m██[38;2;91;168;203m██[38;2;91;168;203m██[38;2;91;168;203m██[38;2;91;168;203m██[38;2;91;168;203m██[38;2;51;88;111m██[38;2;50;124;148m██[38;2;50;124;148m██[38;2;50;124;148m██[38;2;50;124;148m██[38;2;51;88;111m██[38;2;50;124;148m██[38;2;50;124;148m██[38;2;50;124;148m██[38;2;50;124;148m██[38;2;50;124;148m██[38;2;50;124;148m██[38;2;15;15;15m██    [38;2;113;57;37m██[38;2;255;210;9m██[38;2;255;210;9m██[38;2;113;57;37m██            [38;2;50;124;148m██[38;2;50;124;148m██[38;2;50;124;148m██[38;2;50;124;148m██[38;2;50;124;148m██[38;2;50;124;148m██[38;2;50;124;148m██[38;2;113;57;37m██[38;2;182;90;28m██[38;2;234;156;0m██[38;2;255;210;9m██[38;2;255;210;9m██[38;2;113;57;37m██[38;2;15;15;15m██[38;2;51;88;111m██[38;2;51;88;111m██[38;2;51;88;111m██[38;2;51;88;111m██                [38;2;51;88;111m██[38;2;91;168;203m██[38;2;91;168;203m██[38;2;91;168;203m██[38;2;50;124;148m██[38;2;51;88;111m██[38;2;51;88;111m██[38;2;51;88;111m██[38;2;51;88;111m██[38;2;51;88;111m██[38;2;51;88;111m██[38;2;51;88;111m██[38;2;51;88;111m██[38;2;51;88;111m██[38;2;50;124;148m██[38;2;50;124;148m██[38;2;15;15;15m██        
      [38;2;15;15;15m██[38;2;117;119;129m██[38;2;219;219;219m██[38;2;246;246;246m██[38;2;219;219;219m██[38;2;219;219;219m██[38;2;177;177;177m██[38;2;177;177;177m██[38;2;50;124;148m██[38;2;91;168;203m██[38;2;91;168;203m██[38;2;91;168;203m██[38;2;91;168;203m██[38;2;91;168;203m██[38;2;91;168;203m██[38;2;51;88;111m██[38;2;50;124;148m██[38;2;50;124;148m██[38;2;50;124;148m██[38;2;50;124;148m██[38;2;50;124;148m██[38;2;51;88;111m██[38;2;50;124;148m██[38;2;50;124;148m██[38;2;50;124;148m██[38;2;50;124;148m██[38;2;50;124;148m██[38;2;50;124;148m██[38;2;51;88;111m██[38;2;15;15;15m██    [38;2;182;90;28m██[38;2;255;210;9m██[38;2;243;243;93m██[38;2;113;57;37m██    [38;2;50;124;148m██[38;2;50;124;148m██[38;2;50;124;148m██[38;2;151;208;233m██[38;2;151;208;233m██[38;2;151;208;233m██[38;2;151;208;233m██[38;2;151;208;233m██[38;2;151;208;233m██[38;2;113;57;37m██[38;2;255;210;9m██[38;2;255;210;9m██[38;2;255;210;9m██[38;2;234;156;0m██[38;2;15;15;15m██[38;2;151;208;233m██[38;2;91;168;203m██[38;2;51;88;111m██[38;2;91;168;203m██[38;2;91;168;203m██[38;2;91;168;203m██[38;2;51;88;111m██[38;2;51;88;111m██            [38;2;51;88;111m██[38;2;91;168;203m██[38;2;91;168;203m██[38;2;91;168;203m██[38;2;50;124;148m██[38;2;51;88;111m██[38;2;50;124;148m██[38;2;50;124;148m██[38;2;50;124;148m██[38;2;50;124;148m██[38;2;50;124;148m██[38;2;50;124;148m██[38;2;50;124;148m██[38;2;51;88;111m██[38;2;50;124;148m██[38;2;15;15;15m██          
      [38;2;15;15;15m██[38;2;117;119;129m██[38;2;117;119;129m██[38;2;219;219;219m██[38;2;219;219;219m██[38;2;219;219;219m██[38;2;219;219;219m██[38;2;177;177;177m██[38;2;91;168;203m██[38;2;91;168;203m██[38;2;91;168;203m██[38;2;91;168;203m██[38;2;91;168;203m██[38;2;91;168;203m██[38;2;91;168;203m██[38;2;51;88;111m██[38;2;50;124;148m██[38;2;50;124;148m██[38;2;50;124;148m██[38;2;50;124;148m██[38;2;51;88;111m██[38;2;50;124;148m██[38;2;50;124;148m██[38;2;50;124;148m██[38;2;50;124;148m██[38;2;50;124;148m██[38;2;50;124;148m██[38;2;51;88;111m██[38;2;50;124;148m██[38;2;15;15;15m██    [38;2;15;15;15m██[38;2;234;156;0m██[38;2;255;210;9m██[38;2;243;243;93m██[38;2;113;57;37m██[38;2;50;124;148m██[38;2;151;208;233m██[38;2;151;208;233m██[38;2;151;208;233m██[38;2;151;208;233m██[38;2;151;208;233m██[38;2;151;208;233m██[38;2;151;208;233m██[38;2;113;57;37m██[38;2;113;57;37m██[38;2;243;243;93m██[38;2;255;210;9m██[38;2;255;210;9m██[38;2;113;57;37m██[38;2;15;15;15m██[38;2;151;208;233m██[38;2;151;208;233m██[38;2;151;208;233m██[38;2;91;168;203m██[38;2;51;88;111m██[38;2;15;15;15m██[38;2;15;15;15m██[38;2;15;15;15m██[38;2;91;168;203m██[38;2;51;88;111m██[38;2;51;88;111m██      [38;2;15;15;15m██[38;2;15;15;15m██[38;2;15;15;15m██[38;2;91;168;203m██[38;2;91;168;203m██[38;2;50;124;148m██[38;2;50;124;148m██[38;2;51;88;111m██[38;2;50;124;148m██[38;2;50;124;148m██[38;2;50;124;148m██[38;2;50;124;148m██[38;2;50;124;148m██[38;2;50;124;148m██[38;2;50;124;148m██[38;2;50;124;148m██[38;2;15;15;15m██          
        [38;2;15;15;15m██[38;2;117;119;129m██[38;2;117;119;129m██[38;2;177;177;177m██[38;2;219;219;219m██[38;2;219;219;219m██[38;2;177;177;177m██[38;2;91;168;203m██[38;2;91;168;203m██[38;2;91;168;203m██[38;2;91;168;203m██[38;2;91;168;203m██[38;2;91;168;203m██[38;2;91;168;203m██[38;2;51;88;111m██[38;2;50;124;148m██[38;2;50;124;148m██[38;2;50;124;148m██[38;2;50;124;148m██[38;2;51;88;111m██[38;2;50;124;148m██[38;2;50;124;148m██[38;2;50;124;148m██[38;2;50;124;148m██[38;2;50;124;148m██[38;2;50;124;148m██[38;2;51;88;111m██[38;2;50;124;148m██[38;2;50;124;148m██[38;2;15;15;15m██    [38;2;113;57;37m██[38;2;255;210;9m██[38;2;255;210;9m██[38;2;243;243;93m██[38;2;113;57;37m██[38;2;91;168;203m██[38;2;151;208;233m██[38;2;151;208;233m██[38;2;151;208;233m██[38;2;151;208;233m██[38;2;151;208;233m██[38;2;113;57;37m██[38;2;234;156;0m██[38;2;243;243;93m██[38;2;255;210;9m██[38;2;255;210;9m██[38;2;113;57;37m██[38;2;15;15;15m██[38;2;50;124;148m██[38;2;151;208;233m██[38;2;151;208;233m██[38;2;151;208;233m██[38;2;151;208;233m██[38;2;51;88;111m██[38;2;15;15;15m██[38;2;15;15;15m██[38;2;15;15;15m██[38;2;15;15;15m██[38;2;50;124;148m██[38;2;15;15;15m██[38;2;15;15;15m██[38;2;15;15;15m██[38;2;15;15;15m██[38;2;15;15;15m██[38;2;91;168;203m██[38;2;50;124;148m██[38;2;15;15;15m██[38;2;91;168;203m██[38;2;91;168;203m██[38;2;50;124;148m██[38;2;50;124;148m██[38;2;50;124;148m██[38;2;50;124;148m██[38;2;50;124;148m██[38;2;50;124;148m██[38;2;50;124;148m██[38;2;50;124;148m██[38;2;50;124;148m██[38;2;15;15;15m██            
        [38;2;51;88;111m██[38;2;15;15;15m██[38;2;69;70;75m██[38;2;117;119;129m██[38;2;177;177;177m██[38;2;177;177;177m██[38;2;117;119;129m██[38;2;91;168;203m██[38;2;91;168;203m██[38;2;91;168;203m██[38;2;91;168;203m██[38;2;91;168;203m██[38;2;91;168;203m██[38;2;51;88;111m██[38;2;50;124;148m██[38;2;50;124;148m██[38;2;50;124;148m██[38;2;50;124;148m██[38;2;50;124;148m██[38;2;51;88;111m██[38;2;50;124;148m██[38;2;50;124;148m██[38;2;50;124;148m██[38;2;50;124;148m██[38;2;50;124;148m██[38;2;50;124;148m██[38;2;51;88;111m██[38;2;50;124;148m██[38;2;15;15;15m██[38;2;15;15;15m██[38;2;15;15;15m██[38;2;15;15;15m██[38;2;15;15;15m██[38;2;234;156;0m██[38;2;255;210;9m██[38;2;243;243;93m██[38;2;243;243;93m██[38;2;113;57;37m██[38;2;113;57;37m██[38;2;151;208;233m██[38;2;151;208;233m██[38;2;113;57;37m██[38;2;113;57;37m██[38;2;255;210;9m██[38;2;243;243;93m██[38;2;255;210;9m██[38;2;255;210;9m██[38;2;15;15;15m██[38;2;15;15;15m██[38;2;15;15;15m██[38;2;15;15;15m██[38;2;50;124;148m██[38;2;151;208;233m██[38;2;151;208;233m██[38;2;151;208;233m██[38;2;91;168;203m██[38;2;51;88;111m██[38;2;91;168;203m██[38;2;50;124;148m██[38;2;15;15;15m██[38;2;15;15;15m██[38;2;51;88;111m██[38;2;91;168;203m██[38;2;91;168;203m██[38;2;91;168;203m██[38;2;91;168;203m██[38;2;15;15;15m██[38;2;50;124;148m██[38;2;50;124;148m██[38;2;15;15;15m██[38;2;15;15;15m██[38;2;91;168;203m██[38;2;50;124;148m██[38;2;50;124;148m██[38;2;50;124;148m██[38;2;50;124;148m██[38;2;50;124;148m██[38;2;50;124;148m██[38;2;15;15;15m██[38;2;15;15;15m██              
        [38;2;51;88;111m██[38;2;91;168;203m██[38;2;50;124;148m██[38;2;15;15;15m██[38;2;15;15;15m██[38;2;15;15;15m██[38;2;51;88;111m██[38;2;91;168;203m██[38;2;91;168;203m██[38;2;91;168;203m██[38;2;91;168;203m██[38;2;91;168;203m██[38;2;91;168;203m██[38;2;51;88;111m██[38;2;50;124;148m██[38;2;50;124;148m██[38;2;50;124;148m██[38;2;50;124;148m██[38;2;51;88;111m██[38;2;51;88;111m██[38;2;51;88;111m██[38;2;50;124;148m██[38;2;50;124;148m██[38;2;50;124;148m██[38;2;50;124;148m██[38;2;51;88;111m██[38;2;50;124;148m██[38;2;15;15;15m██[38;2;50;124;148m██[38;2;50;124;148m██[38;2;15;15;15m██[38;2;50;124;148m██[38;2;15;15;15m██[38;2;15;15;15m██[38;2;234;156;0m██[38;2;255;210;9m██[38;2;243;243;93m██[38;2;243;243;93m██[38;2;234;156;0m██[38;2;113;57;37m██[38;2;113;57;37m██[38;2;234;156;0m██[38;2;243;243;93m██[38;2;243;243;93m██[38;2;255;210;9m██[38;2;255;210;9m██[38;2;15;15;15m██[38;2;182;90;28m██[38;2;182;90;28m██[38;2;15;15;15m██[38;2;15;15;15m██[38;2;50;124;148m██[38;2;151;208;233m██[38;2;151;208;233m██[38;2;151;208;233m██[38;2;151;208;233m██[38;2;51;88;111m██[38;2;91;168;203m██[38;2;50;124;148m██[38;2;91;168;203m██[38;2;91;168;203m██[38;2;91;168;203m██[38;2;91;168;203m██[38;2;50;124;148m██[38;2;15;15;15m██[38;2;15;15;15m██[38;2;15;15;15m██[38;2;15;15;15m██[38;2;50;124;148m██[38;2;50;124;148m██[38;2;15;15;15m██[38;2;15;15;15m██[38;2;15;15;15m██[38;2;15;15;15m██[38;2;15;15;15m██[38;2;15;15;15m██[38;2;15;15;15m██[38;2;15;15;15m██                  
          [38;2;51;88;111m██[38;2;91;168;203m██[38;2;91;168;203m██[38;2;91;168;203m██[38;2;91;168;203m██[38;2;91;168;203m██[38;2;91;168;203m██[38;2;91;168;203m██[38;2;91;168;203m██[38;2;91;168;203m██[38;2;91;168;203m██[38;2;51;88;111m██[38;2;50;124;148m██[38;2;50;124;148m██[38;2;50;124;148m██[38;2;50;124;148m██[38;2;50;124;148m██[38;2;51;88;111m██[38;2;91;168;203m██[38;2;91;168;203m██[38;2;51;88;111m██[38;2;51;88;111m██[38;2;51;88;111m██[38;2;50;124;148m██[38;2;51;88;111m██[38;2;50;124;148m██[38;2;15;15;15m██[38;2;50;124;148m██[38;2;15;15;15m██[38;2;91;168;203m██[38;2;50;124;148m██[38;2;15;15;15m██[38;2;246;246;246m██[38;2;113;57;37m██[38;2;255;210;9m██[38;2;255;210;9m██[38;2;243;243;93m██[38;2;243;243;93m██[38;2;234;156;0m██[38;2;255;210;9m██[38;2;243;243;93m██[38;2;243;243;93m██[38;2;255;210;9m██[38;2;255;210;9m██[38;2;15;15;15m██[38;2;246;246;246m██[38;2;15;15;15m██[38;2;113;57;37m██[38;2;15;15;15m██[38;2;15;15;15m██[38;2;91;168;203m██[38;2;151;208;233m██[38;2;151;208;233m██[38;2;151;208;233m██[38;2;151;208;233m██[38;2;91;168;203m██[38;2;51;88;111m██[38;2;91;168;203m██[38;2;50;124;148m██[38;2;15;15;15m██[38;2;15;15;15m██[38;2;15;15;15m██[38;2;15;15;15m██[38;2;50;124;148m██[38;2;50;124;148m██[38;2;50;124;148m██[38;2;50;124;148m██[38;2;15;15;15m██[38;2;15;15;15m██[38;2;15;15;15m██[38;2;51;88;111m██[38;2;50;124;148m██[38;2;15;15;15m██                          
            [38;2;51;88;111m██[38;2;51;88;111m██[38;2;91;168;203m██[38;2;151;208;233m██[38;2;151;208;233m██[38;2;151;208;233m██[38;2;151;208;233m██[38;2;91;168;203m██[38;2;50;124;148m██[38;2;51;88;111m██[38;2;91;168;203m██[38;2;91;168;203m██[38;2;91;168;203m██[38;2;91;168;203m██[38;2;91;168;203m██[38;2;91;168;203m██[38;2;51;88;111m██[38;2;91;168;203m██[38;2;91;168;203m██[38;2;91;168;203m██[38;2;91;168;203m██[38;2;91;168;203m██[38;2;15;15;15m██[38;2;15;15;15m██[38;2;15;15;15m██[38;2;50;124;148m██[38;2;15;15;15m██[38;2;15;15;15m██[38;2;151;208;233m██[38;2;151;208;233m██[38;2;15;15;15m██[38;2;182;90;28m██[38;2;15;15;15m██[38;2;234;156;0m██[38;2;255;210;9m██[38;2;255;210;9m██[38;2;243;243;93m██[38;2;243;243;93m██[38;2;243;243;93m██[38;2;243;243;93m██[38;2;255;210;9m██[38;2;255;210;9m██[38;2;15;15;15m██[38;2;50;124;148m██[38;2;113;57;37m██[38;2;113;57;37m██[38;2;15;15;15m██[38;2;15;15;15m██[38;2;91;168;203m██[38;2;50;124;148m██[38;2;50;124;148m██[38;2;151;208;233m██[38;2;151;208;233m██[38;2;151;208;233m██[38;2;151;208;233m██[38;2;51;88;111m██[38;2;91;168;203m██[38;2;91;168;203m██[38;2;15;15;15m██[38;2;50;124;148m██[38;2;15;15;15m██[38;2;219;219;219m██[38;2;69;70;75m██[38;2;50;124;148m██[38;2;15;15;15m██[38;2;15;15;15m██[38;2;50;124;148m██[38;2;51;88;111m██[38;2;51;88;111m██[38;2;51;88;111m██[38;2;50;124;148m██[38;2;15;15;15m██                          
                [38;2;51;88;111m██[38;2;15;15;15m██[38;2;15;15;15m██[38;2;50;124;148m██[38;2;50;124;148m██[38;2;50;124;148m██[38;2;151;208;233m██[38;2;151;208;233m██[38;2;151;208;233m██[38;2;151;208;233m██[38;2;91;168;203m██[38;2;91;168;203m██[38;2;91;168;203m██[38;2;15;15;15m██[38;2;15;15;15m██[38;2;15;15;15m██[38;2;15;15;15m██[38;2;15;15;15m██[38;2;15;15;15m██[38;2;15;15;15m██      [38;2;15;15;15m██[38;2;15;15;15m██[38;2;91;168;203m██[38;2;151;208;233m██[38;2;91;168;203m██[38;2;15;15;15m██[38;2;113;57;37m██[38;2;113;57;37m██[38;2;113;57;37m██[38;2;255;210;9m██[38;2;255;210;9m██[38;2;255;210;9m██[38;2;243;243;93m██[38;2;255;210;9m██[38;2;255;210;9m██[38;2;255;210;9m██[38;2;15;15;15m██[38;2;91;168;203m██[38;2;91;168;203m██[38;2;91;168;203m██[38;2;91;168;203m██[38;2;50;124;148m██[38;2;91;168;203m██[38;2;151;208;233m██[38;2;151;208;233m██[38;2;151;208;233m██[38;2;50;124;148m██[38;2;91;168;203m██[38;2;151;208;233m██[38;2;151;208;233m██[38;2;51;88;111m██[38;2;91;168;203m██[38;2;15;15;15m██[38;2;15;15;15m██[38;2;50;124;148m██[38;2;15;15;15m██[38;2;219;219;219m██[38;2;246;246;246m██[38;2;69;70;75m██[38;2;15;15;15m██[38;2;219;219;219m██[38;2;69;70;75m██[38;2;50;124;148m██[38;2;51;88;111m██[38;2;51;88;111m██[38;2;15;15;15m██                            
                      [38;2;15;15;15m██[38;2;15;15;15m██[38;2;15;15;15m██[38;2;15;15;15m██[38;2;15;15;15m██[38;2;15;15;15m██[38;2;15;15;15m██[38;2;15;15;15m██[38;2;15;15;15m██[38;2;15;15;15m██                      [38;2;51;88;111m██[38;2;91;168;203m██[38;2;151;208;233m██[38;2;50;124;148m██[38;2;151;208;233m██[38;2;15;15;15m██[38;2;15;15;15m██[38;2;113;57;37m██[38;2;255;210;9m██[38;2;255;210;9m██[38;2;255;210;9m██[38;2;255;210;9m██[38;2;255;210;9m██[38;2;255;210;9m██[38;2;255;210;9m██[38;2;255;210;9m██[38;2;15;15;15m██[38;2;15;15;15m██[38;2;50;124;148m██[38;2;50;124;148m██[38;2;50;124;148m██[38;2;50;124;148m██[38;2;50;124;148m██[38;2;50;124;148m██[38;2;50;124;148m██[38;2;50;124;148m██[38;2;50;124;148m██[38;2;50;124;148m██[38;2;51;88;111m██[38;2;51;88;111m██[38;2;51;88;111m██[38;2;15;15;15m██[38;2;15;15;15m██[38;2;50;124;148m██[38;2;15;15;15m██[38;2;219;219;219m██[38;2;219;219;219m██[38;2;246;246;246m██[38;2;117;119;129m██[38;2;177;177;177m██[38;2;219;219;219m██[38;2;69;70;75m██[38;2;15;15;15m██[38;2;15;15;15m██                              
                                                                [38;2;51;88;111m██[38;2;91;168;203m██[38;2;50;124;148m██[38;2;151;208;233m██[38;2;151;208;233m██[38;2;151;208;233m██[38;2;15;15;15m██[38;2;255;210;9m██[38;2;255;210;9m██[38;2;255;210;9m██[38;2;255;210;9m██[38;2;234;156;0m██[38;2;234;156;0m██[38;2;255;210;9m██[38;2;255;210;9m██[38;2;255;210;9m██[38;2;255;210;9m██[38;2;182;90;28m██[38;2;15;15;15m██[38;2;151;208;233m██[38;2;151;208;233m██[38;2;151;208;233m██[38;2;151;208;233m██[38;2;91;168;203m██[38;2;91;168;203m██[38;2;91;168;203m██[38;2;91;168;203m██[38;2;91;168;203m██[38;2;91;168;203m██[38;2;91;168;203m██[38;2;91;168;203m██[38;2;51;88;111m██[38;2;51;88;111m██[38;2;51;88;111m██[38;2;15;15;15m██[38;2;177;177;177m██[38;2;219;219;219m██[38;2;219;219;219m██[38;2;246;246;246m██[38;2;117;119;129m██[38;2;177;177;177m██[38;2;219;219;219m██[38;2;69;70;75m██                                
                                                                [38;2;51;88;111m██[38;2;91;168;203m██[38;2;50;124;148m██[38;2;50;124;148m██[38;2;50;124;148m██[38;2;15;15;15m██[38;2;255;210;9m██[38;2;255;210;9m██[38;2;255;210;9m██[38;2;255;210;9m██[38;2;234;156;0m██[38;2;15;15;15m██[38;2;15;15;15m██[38;2;234;156;0m██[38;2;255;210;9m██[38;2;255;210;9m██[38;2;255;210;9m██[38;2;255;210;9m██[38;2;255;210;9m██[38;2;15;15;15m██[38;2;15;15;15m██[38;2;151;208;233m██[38;2;151;208;233m██[38;2;151;208;233m██[38;2;91;168;203m██[38;2;91;168;203m██[38;2;91;168;203m██[38;2;91;168;203m██[38;2;91;168;203m██[38;2;91;168;203m██[38;2;91;168;203m██[38;2;91;168;203m██[38;2;91;168;203m██[38;2;50;124;148m██[38;2;50;124;148m██[38;2;15;15;15m██[38;2;15;15;15m██[38;2;219;219;219m██[38;2;219;219;219m██[38;2;246;246;246m██[38;2;117;119;129m██[38;2;177;177;177m██[38;2;219;219;219m██[38;2;69;70;75m██                              
                                                              [38;2;51;88;111m██[38;2;51;88;111m██[38;2;51;88;111m██[38;2;151;208;233m██[38;2;151;208;233m██[38;2;15;15;15m██[38;2;234;156;0m██[38;2;255;210;9m██[38;2;255;210;9m██[38;2;255;210;9m██[38;2;234;156;0m██[38;2;15;15;15m██[38;2;91;168;203m██[38;2;91;168;203m██[38;2;15;15;15m██[38;2;234;156;0m██[38;2;234;156;0m██[38;2;255;210;9m██[38;2;255;210;9m██[38;2;255;210;9m██[38;2;255;210;9m██[38;2;182;90;28m██[38;2;15;15;15m██[38;2;151;208;233m██[38;2;151;208;233m██[38;2;151;208;233m██[38;2;151;208;233m██[38;2;91;168;203m██[38;2;91;168;203m██[38;2;91;168;203m██[38;2;91;168;203m██[38;2;91;168;203m██[38;2;91;168;203m██[38;2;91;168;203m██[38;2;91;168;203m██[38;2;50;124;148m██[38;2;50;124;148m██[38;2;50;124;148m██[38;2;15;15;15m██[38;2;219;219;219m██[38;2;219;219;219m██[38;2;117;119;129m██[38;2;177;177;177m██[38;2;177;177;177m██[38;2;219;219;219m██[38;2;69;70;75m██                            
                                                          [38;2;51;88;111m██[38;2;51;88;111m██[38;2;91;168;203m██[38;2;91;168;203m██[38;2;151;208;233m██[38;2;151;208;233m██[38;2;15;15;15m██[38;2;182;90;28m██[38;2;255;210;9m██[38;2;255;210;9m██[38;2;255;210;9m██[38;2;234;156;0m██[38;2;113;57;37m██[38;2;151;208;233m██[38;2;151;208;233m██[38;2;151;208;233m██[38;2;151;208;233m██[38;2;15;15;15m██[38;2;234;156;0m██[38;2;234;156;0m██[38;2;234;156;0m██[38;2;255;210;9m██[38;2;255;210;9m██[38;2;255;210;9m██[38;2;255;210;9m██[38;2;15;15;15m██[38;2;51;88;111m██[38;2;51;88;111m██[38;2;51;88;111m██[38;2;51;88;111m██[38;2;51;88;111m██[38;2;51;88;111m██[38;2;91;168;203m██[38;2;91;168;203m██[38;2;91;168;203m██[38;2;91;168;203m██[38;2;91;168;203m██[38;2;91;168;203m██[38;2;50;124;148m██[38;2;50;124;148m██[38;2;15;15;15m██[38;2;177;177;177m██[38;2;219;219;219m██[38;2;219;219;219m██[38;2;117;119;129m██[38;2;177;177;177m██[38;2;177;177;177m██[38;2;69;70;75m██                            
                                                        [38;2;51;88;111m██[38;2;50;124;148m██[38;2;50;124;148m██[38;2;91;168;203m██[38;2;151;208;233m██[38;2;151;208;233m██[38;2;91;168;203m██[38;2;182;90;28m██[38;2;255;210;9m██[38;2;255;210;9m██[38;2;234;156;0m██[38;2;234;156;0m██[38;2;113;57;37m██[38;2;151;208;233m██[38;2;151;208;233m██[38;2;151;208;233m██[38;2;151;208;233m██[38;2;151;208;233m██[38;2;151;208;233m██[38;2;15;15;15m██[38;2;182;90;28m██[38;2;234;156;0m██[38;2;234;156;0m██[38;2;234;156;0m██[38;2;255;210;9m██[38;2;255;210;9m██[38;2;255;210;9m██[38;2;182;90;28m██[38;2;15;15;15m██[38;2;15;15;15m██[38;2;50;124;148m██[38;2;50;124;148m██[38;2;50;124;148m██[38;2;51;88;111m██[38;2;51;88;111m██[38;2;51;88;111m██[38;2;51;88;111m██[38;2;51;88;111m██[38;2;51;88;111m██[38;2;50;124;148m██[38;2;50;124;148m██[38;2;15;15;15m██[38;2;177;177;177m██[38;2;177;177;177m██[38;2;219;219;219m██[38;2;15;15;15m██[38;2;117;119;129m██[38;2;177;177;177m██[38;2;15;15;15m██                            
                                                        [38;2;51;88;111m██[38;2;50;124;148m██[38;2;91;168;203m██[38;2;91;168;203m██[38;2;151;208;233m██[38;2;151;208;233m██[38;2;113;57;37m██[38;2;234;156;0m██[38;2;234;156;0m██[38;2;234;156;0m██[38;2;234;156;0m██[38;2;182;90;28m██[38;2;151;208;233m██[38;2;151;208;233m██[38;2;51;88;111m██[38;2;51;88;111m██[38;2;51;88;111m██[38;2;51;88;111m██[38;2;51;88;111m██[38;2;51;88;111m██[38;2;51;88;111m██[38;2;15;15;15m██[38;2;182;90;28m██[38;2;234;156;0m██[38;2;234;156;0m██[38;2;234;156;0m██[38;2;234;156;0m██[38;2;234;156;0m██[38;2;234;156;0m██[38;2;182;90;28m██[38;2;15;15;15m██[38;2;15;15;15m██[38;2;113;57;37m██[38;2;234;156;0m██[38;2;182;90;28m██[38;2;50;124;148m██[38;2;50;124;148m██[38;2;50;124;148m██[38;2;50;124;148m██[38;2;51;88;111m██[38;2;51;88;111m██[38;2;15;15;15m██[38;2;177;177;177m██[38;2;177;177;177m██[38;2;15;15;15m██[38;2;117;119;129m██[38;2;117;119;129m██[38;2;15;15;15m██                              
                                                        [38;2;51;88;111m██[38;2;50;124;148m██[38;2;91;168;203m██[38;2;91;168;203m██[38;2;151;208;233m██[38;2;113;57;37m██[38;2;234;156;0m██[38;2;234;156;0m██[38;2;234;156;0m██[38;2;234;156;0m██[38;2;182;90;28m██[38;2;15;15;15m██[38;2;51;88;111m██[38;2;51;88;111m██[38;2;50;124;148m██[38;2;50;124;148m██[38;2;50;124;148m██[38;2;50;124;148m██[38;2;50;124;148m██[38;2;50;124;148m██[38;2;50;124;148m██[38;2;50;124;148m██[38;2;15;15;15m██[38;2;113;57;37m██[38;2;234;156;0m██[38;2;234;156;0m██[38;2;234;156;0m██[38;2;234;156;0m██[38;2;234;156;0m██[38;2;234;156;0m██[38;2;234;156;0m██[38;2;234;156;0m██[38;2;234;156;0m██[38;2;234;156;0m██[38;2;15;15;15m██[38;2;15;15;15m██[38;2;15;15;15m██[38;2;15;15;15m██[38;2;15;15;15m██[38;2;15;15;15m██[38;2;15;15;15m██[38;2;177;177;177m██[38;2;177;177;177m██[38;2;15;15;15m██[38;2;117;119;129m██[38;2;117;119;129m██[38;2;15;15;15m██                                
                                                        [38;2;51;88;111m██[38;2;50;124;148m██[38;2;51;88;111m██[38;2;113;57;37m██[38;2;113;57;37m██[38;2;234;156;0m██[38;2;234;156;0m██[38;2;234;156;0m██[38;2;234;156;0m██[38;2;234;156;0m██[38;2;15;15;15m██[38;2;50;124;148m██[38;2;50;124;148m██[38;2;50;124;148m██[38;2;50;124;148m██[38;2;50;124;148m██[38;2;50;124;148m██[38;2;51;88;111m██[38;2;15;15;15m██[38;2;15;15;15m██[38;2;15;15;15m██[38;2;15;15;15m██[38;2;15;15;15m██[38;2;15;15;15m██[38;2;15;15;15m██[38;2;182;90;28m██[38;2;234;156;0m██[38;2;234;156;0m██[38;2;234;156;0m██[38;2;234;156;0m██[38;2;234;156;0m██[38;2;234;156;0m██[38;2;234;156;0m██[38;2;182;90;28m██[38;2;15;15;15m██[38;2;15;15;15m██[38;2;15;15;15m██[38;2;50;124;148m██[38;2;15;15;15m██[38;2;117;119;129m██[38;2;177;177;177m██[38;2;177;177;177m██[38;2;15;15;15m██[38;2;117;119;129m██[38;2;117;119;129m██[38;2;15;15;15m██                                  
                                                      [38;2;117;119;129m██[38;2;69;70;75m██[38;2;15;15;15m██[38;2;50;124;148m██[38;2;15;15;15m██[38;2;234;156;0m██[38;2;234;156;0m██[38;2;234;156;0m██[38;2;234;156;0m██[38;2;234;156;0m██[38;2;113;57;37m██[38;2;15;15;15m██[38;2;15;15;15m██[38;2;15;15;15m██[38;2;15;15;15m██[38;2;51;88;111m██[38;2;91;168;203m██[38;2;91;168;203m██[38;2;91;168;203m██[38;2;91;168;203m██[38;2;15;15;15m██[38;2;15;15;15m██[38;2;15;15;15m██[38;2;15;15;15m██[38;2;15;15;15m██[38;2;15;15;15m██[38;2;15;15;15m██[38;2;113;57;37m██[38;2;234;156;0m██[38;2;234;156;0m██[38;2;234;156;0m██[38;2;234;156;0m██[38;2;234;156;0m██[38;2;234;156;0m██[38;2;15;15;15m██[38;2;15;15;15m██[38;2;15;15;15m██[38;2;51;88;111m██[38;2;50;124;148m██[38;2;15;15;15m██[38;2;177;177;177m██[38;2;177;177;177m██[38;2;15;15;15m██[38;2;117;119;129m██[38;2;117;119;129m██[38;2;15;15;15m██                                    
                                                      [38;2;117;119;129m██[38;2;177;177;177m██[38;2;69;70;75m██[38;2;15;15;15m██[38;2;50;124;148m██[38;2;113;57;37m██[38;2;234;156;0m██[38;2;234;156;0m██[38;2;234;156;0m██[38;2;113;57;37m██[38;2;15;15;15m██[38;2;15;15;15m██[38;2;15;15;15m██[38;2;15;15;15m██[38;2;91;168;203m██[38;2;91;168;203m██[38;2;91;168;203m██[38;2;91;168;203m██[38;2;91;168;203m██[38;2;91;168;203m██[38;2;91;168;203m██[38;2;51;88;111m██[38;2;15;15;15m██[38;2;15;15;15m██[38;2;15;15;15m██[38;2;51;88;111m██[38;2;91;168;203m██[38;2;91;168;203m██[38;2;15;15;15m██[38;2;113;57;37m██[38;2;234;156;0m██[38;2;234;156;0m██[38;2;234;156;0m██[38;2;15;15;15m██[38;2;51;88;111m██[38;2;50;124;148m██[38;2;91;168;203m██[38;2;51;88;111m██[38;2;50;124;148m██[38;2;15;15;15m██[38;2;177;177;177m██[38;2;15;15;15m██[38;2;15;15;15m██[38;2;117;119;129m██[38;2;15;15;15m██[38;2;15;15;15m██    [38;2;15;15;15m██[38;2;15;15;15m██[38;2;15;15;15m██                          
                                                        [38;2;117;119;129m██[38;2;177;177;177m██[38;2;177;177;177m██[38;2;15;15;15m██[38;2;15;15;15m██[38;2;113;57;37m██[38;2;234;156;0m██[38;2;113;57;37m██[38;2;15;15;15m██[38;2;15;15;15m██[38;2;15;15;15m██[38;2;51;88;111m██[38;2;91;168;203m██[38;2;91;168;203m██[38;2;50;124;148m██[38;2;50;124;148m██[38;2;51;88;111m██[38;2;51;88;111m██[38;2;91;168;203m██[38;2;91;168;203m██[38;2;91;168;203m██[38;2;91;168;203m██[38;2;91;168;203m██[38;2;91;168;203m██[38;2;91;168;203m██[38;2;91;168;203m██[38;2;91;168;203m██[38;2;91;168;203m██[38;2;51;88;111m██[38;2;15;15;15m██[38;2;15;15;15m██[38;2;15;15;15m██[38;2;91;168;203m██[38;2;51;88;111m██[38;2;91;168;203m██[38;2;91;168;203m██[38;2;51;88;111m██[38;2;50;124;148m██[38;2;15;15;15m██[38;2;15;15;15m██[38;2;50;124;148m██[38;2;15;15;15m██[38;2;15;15;15m██[38;2;51;88;111m██[38;2;51;88;111m██[38;2;15;15;15m██[38;2;15;15;15m██[38;2;50;124;148m██[38;2;50;124;148m██[38;2;50;124;148m██[38;2;15;15;15m██                        
                                                          [38;2;117;119;129m██[38;2;177;177;177m██[38;2;177;177;177m██[38;2;117;119;129m██[38;2;117;119;129m██[38;2;15;15;15m██[38;2;15;15;15m██[38;2;51;88;111m██[38;2;50;124;148m██[38;2;91;168;203m██[38;2;91;168;203m██[38;2;91;168;203m██[38;2;50;124;148m██[38;2;219;219;219m██[38;2;219;219;219m██[38;2;177;177;177m██[38;2;177;177;177m██[38;2;51;88;111m██[38;2;91;168;203m██[38;2;91;168;203m██[38;2;91;168;203m██[38;2;91;168;203m██[38;2;91;168;203m██[38;2;91;168;203m██[38;2;91;168;203m██[38;2;91;168;203m██[38;2;91;168;203m██[38;2;51;88;111m██[38;2;91;168;203m██[38;2;91;168;203m██[38;2;91;168;203m██[38;2;91;168;203m██[38;2;51;88;111m██[38;2;91;168;203m██[38;2;50;124;148m██[38;2;91;168;203m██[38;2;51;88;111m██[38;2;15;15;15m██[38;2;50;124;148m██[38;2;50;124;148m██[38;2;50;124;148m██[38;2;15;15;15m██[38;2;51;88;111m██[38;2;51;88;111m██[38;2;15;15;15m██[38;2;50;124;148m██[38;2;50;124;148m██[38;2;15;15;15m██[38;2;15;15;15m██[38;2;15;15;15m██[38;2;15;15;15m██[38;2;15;15;15m██                    
                                                            [38;2;69;70;75m██[38;2;177;177;177m██[38;2;177;177;177m██[38;2;69;70;75m██[38;2;15;15;15m██[38;2;50;124;148m██[38;2;50;124;148m██[38;2;91;168;203m██[38;2;91;168;203m██[38;2;91;168;203m██[38;2;50;124;148m██[38;2;246;246;246m██[38;2;246;246;246m██[38;2;219;219;219m██[38;2;219;219;219m██[38;2;177;177;177m██[38;2;177;177;177m██[38;2;51;88;111m██[38;2;91;168;203m██[38;2;91;168;203m██[38;2;91;168;203m██[38;2;91;168;203m██[38;2;91;168;203m██[38;2;91;168;203m██[38;2;91;168;203m██[38;2;51;88;111m██[38;2;91;168;203m██[38;2;91;168;203m██[38;2;91;168;203m██[38;2;91;168;203m██[38;2;91;168;203m██[38;2;51;88;111m██[38;2;91;168;203m██[38;2;50;124;148m██[38;2;91;168;203m██[38;2;91;168;203m██[38;2;91;168;203m██[38;2;15;15;15m██[38;2;15;15;15m██[38;2;15;15;15m██[38;2;51;88;111m██[38;2;51;88;111m██[38;2;51;88;111m██[38;2;15;15;15m██[38;2;50;124;148m██[38;2;15;15;15m██[38;2;50;124;148m██[38;2;91;168;203m██[38;2;91;168;203m██[38;2;91;168;203m██[38;2;50;124;148m██[38;2;15;15;15m██[38;2;15;15;15m██                
                                                              [38;2;69;70;75m██[38;2;69;70;75m██    [38;2;15;15;15m██[38;2;15;15;15m██[38;2;50;124;148m██[38;2;91;168;203m██[38;2;50;124;148m██[38;2;177;177;177m██[38;2;246;246;246m██[38;2;246;246;246m██[38;2;219;219;219m██[38;2;219;219;219m██[38;2;177;177;177m██[38;2;177;177;177m██[38;2;51;88;111m██[38;2;91;168;203m██[38;2;91;168;203m██[38;2;91;168;203m██[38;2;91;168;203m██[38;2;91;168;203m██[38;2;91;168;203m██[38;2;91;168;203m██[38;2;51;88;111m██[38;2;91;168;203m██[38;2;91;168;203m██[38;2;91;168;203m██[38;2;50;124;148m██[38;2;15;15;15m██[38;2;15;15;15m██[38;2;15;15;15m██[38;2;15;15;15m██[38;2;51;88;111m██[38;2;50;124;148m██[38;2;91;168;203m██[38;2;91;168;203m██[38;2;91;168;203m██[38;2;15;15;15m██[38;2;15;15;15m██[38;2;15;15;15m██[38;2;15;15;15m██[38;2;15;15;15m██[38;2;15;15;15m██[38;2;15;15;15m██[38;2;91;168;203m██[38;2;50;124;148m██[38;2;91;168;203m██[38;2;91;168;203m██[38;2;91;168;203m██[38;2;50;124;148m██[38;2;50;124;148m██[38;2;15;15;15m██              
                                                                        [38;2;15;15;15m██[38;2;15;15;15m██[38;2;15;15;15m██[38;2;69;70;75m██[38;2;246;246;246m██[38;2;246;246;246m██[38;2;219;219;219m██[38;2;219;219;219m██[38;2;177;177;177m██[38;2;177;177;177m██[38;2;117;119;129m██[38;2;15;15;15m██[38;2;91;168;203m██[38;2;91;168;203m██[38;2;91;168;203m██[38;2;91;168;203m██[38;2;91;168;203m██[38;2;50;124;148m██[38;2;51;88;111m██[38;2;15;15;15m██[38;2;15;15;15m██[38;2;15;15;15m██[38;2;15;15;15m██[38;2;15;15;15m██[38;2;15;15;15m██[38;2;15;15;15m██[38;2;15;15;15m██[38;2;50;124;148m██[38;2;15;15;15m██[38;2;15;15;15m██[38;2;15;15;15m██[38;2;50;124;148m██[38;2;91;168;203m██[38;2;91;168;203m██[38;2;91;168;203m██[38;2;15;15;15m██[38;2;91;168;203m██[38;2;50;124;148m██[38;2;15;15;15m██[38;2;91;168;203m██[38;2;91;168;203m██[38;2;51;88;111m██[38;2;91;168;203m██[38;2;91;168;203m██[38;2;91;168;203m██[38;2;91;168;203m██[38;2;50;124;148m██[38;2;50;124;148m██[38;2;15;15;15m██            
                                                                        [38;2;15;15;15m██[38;2;91;168;203m██[38;2;69;70;75m██[38;2;177;177;177m██[38;2;246;246;246m██[38;2;219;219;219m██[38;2;219;219;219m██[38;2;177;177;177m██[38;2;177;177;177m██[38;2;117;119;129m██[38;2;15;15;15m██[38;2;51;88;111m██[38;2;51;88;111m██[38;2;51;88;111m██[38;2;15;15;15m██[38;2;15;15;15m██[38;2;15;15;15m██[38;2;15;15;15m██[38;2;15;15;15m██[38;2;51;88;111m██[38;2;51;88;111m██[38;2;51;88;111m██[38;2;51;88;111m██[38;2;51;88;111m██[38;2;15;15;15m██[38;2;15;15;15m██[38;2;15;15;15m██[38;2;15;15;15m██[38;2;51;88;111m██[38;2;51;88;111m██[38;2;51;88;111m██[38;2;15;15;15m██[38;2;15;15;15m██[38;2;15;15;15m██[38;2;15;15;15m██[38;2;91;168;203m██[38;2;91;168;203m██[38;2;50;124;148m██[38;2;15;15;15m██[38;2;51;88;111m██[38;2;51;88;111m██[38;2;51;88;111m██[38;2;51;88;111m██[38;2;51;88;111m██[38;2;51;88;111m██[38;2;51;88;111m██[38;2;50;124;148m██[38;2;50;124;148m██[38;2;50;124;148m██[38;2;15;15;15m██          
                                        [38;2;51;88;111m██[38;2;51;88;111m██[38;2;51;88;111m██[38;2;51;88;111m██[38;2;51;88;111m██[38;2;51;88;111m██[38;2;51;88;111m██                [38;2;15;15;15m██[38;2;91;168;203m██[38;2;15;15;15m██[38;2;69;70;75m██[38;2;246;246;246m██[38;2;219;219;219m██[38;2;219;219;219m██[38;2;177;177;177m██[38;2;177;177;177m██[38;2;69;70;75m██[38;2;15;15;15m██[38;2;51;88;111m██[38;2;51;88;111m██[38;2;51;88;111m██[38;2;51;88;111m██[38;2;51;88;111m██[38;2;51;88;111m██[38;2;51;88;111m██[38;2;51;88;111m██[38;2;51;88;111m██[38;2;51;88;111m██[38;2;15;15;15m██[38;2;15;15;15m██[38;2;15;15;15m██[38;2;15;15;15m██[38;2;15;15;15m██    [38;2;15;15;15m██[38;2;51;88;111m██[38;2;51;88;111m██[38;2;51;88;111m██[38;2;51;88;111m██[38;2;51;88;111m██[38;2;51;88;111m██[38;2;15;15;15m██[38;2;91;168;203m██[38;2;51;88;111m██[38;2;51;88;111m██[38;2;151;208;233m██[38;2;151;208;233m██[38;2;151;208;233m██[38;2;151;208;233m██[38;2;151;208;233m██[38;2;151;208;233m██[38;2;91;168;203m██[38;2;91;168;203m██[38;2;51;88;111m██[38;2;51;88;111m██[38;2;51;88;111m██[38;2;50;124;148m██[38;2;15;15;15m██        
                        [38;2;50;124;148m██[38;2;50;124;148m██[38;2;50;124;148m██[38;2;50;124;148m██[38;2;50;124;148m██[38;2;50;124;148m██[38;2;50;124;148m██[38;2;50;124;148m██[38;2;51;88;111m██[38;2;151;208;233m██[38;2;151;208;233m██[38;2;151;208;233m██[38;2;151;208;233m██[38;2;151;208;233m██[38;2;91;168;203m██[38;2;51;88;111m██[38;2;51;88;111m██          [38;2;15;15;15m██[38;2;15;15;15m██[38;2;91;168;203m██[38;2;69;70;75m██[38;2;177;177;177m██[38;2;219;219;219m██[38;2;219;219;219m██[38;2;177;177;177m██[38;2;177;177;177m██[38;2;15;15;15m██[38;2;51;88;111m██[38;2;15;15;15m██[38;2;15;15;15m██[38;2;15;15;15m██[38;2;15;15;15m██[38;2;15;15;15m██[38;2;15;15;15m██[38;2;15;15;15m██[38;2;15;15;15m██[38;2;15;15;15m██[38;2;15;15;15m██[38;2;15;15;15m██                [38;2;15;15;15m██[38;2;51;88;111m██[38;2;51;88;111m██[38;2;51;88;111m██[38;2;51;88;111m██[38;2;15;15;15m██[38;2;15;15;15m██[38;2;51;88;111m██[38;2;151;208;233m██[38;2;151;208;233m██[38;2;151;208;233m██[38;2;151;208;233m██[38;2;151;208;233m██[38;2;151;208;233m██[38;2;151;208;233m██[38;2;91;168;203m██[38;2;91;168;203m██[38;2;91;168;203m██[38;2;91;168;203m██[38;2;91;168;203m██[38;2;91;168;203m██[38;2;51;88;111m██[38;2;15;15;15m██        
                    [38;2;51;88;111m██[38;2;51;88;111m██[38;2;151;208;233m██[38;2;151;208;233m██[38;2;151;208;233m██[38;2;151;208;233m██[38;2;151;208;233m██[38;2;151;208;233m██[38;2;151;208;233m██[38;2;151;208;233m██[38;2;151;208;233m██[38;2;51;88;111m██[38;2;50;124;148m██[38;2;50;124;148m██[38;2;50;124;148m██[38;2;91;168;203m██[38;2;91;168;203m██[38;2;91;168;203m██[38;2;50;124;148m██[38;2;51;88;111m██[38;2;51;88;111m██[38;2;15;15;15m██[38;2;15;15;15m██[38;2;15;15;15m██[38;2;50;124;148m██[38;2;15;15;15m██[38;2;15;15;15m██[38;2;69;70;75m██[38;2;219;219;219m██[38;2;219;219;219m██[38;2;177;177;177m██[38;2;69;70;75m██[38;2;15;15;15m██[38;2;51;88;111m██[38;2;51;88;111m██[38;2;51;88;111m██[38;2;51;88;111m██[38;2;51;88;111m██[38;2;51;88;111m██[38;2;15;15;15m██                              [38;2;15;15;15m██[38;2;15;15;15m██[38;2;15;15;15m██[38;2;15;15;15m██  [38;2;51;88;111m██[38;2;151;208;233m██[38;2;151;208;233m██[38;2;50;124;148m██[38;2;50;124;148m██[38;2;50;124;148m██[38;2;50;124;148m██[38;2;50;124;148m██[38;2;50;124;148m██[38;2;50;124;148m██[38;2;50;124;148m██[38;2;50;124;148m██[38;2;91;168;203m██[38;2;91;168;203m██[38;2;91;168;203m██[38;2;91;168;203m██[38;2;50;124;148m██[38;2;15;15;15m██      
                [38;2;51;88;111m██[38;2;51;88;111m██[38;2;91;168;203m██[38;2;91;168;203m██[38;2;91;168;203m██[38;2;91;168;203m██[38;2;91;168;203m██[38;2;151;208;233m██[38;2;151;208;233m██[38;2;151;208;233m██[38;2;151;208;233m██[38;2;91;168;203m██[38;2;91;168;203m██[38;2;91;168;203m██[38;2;51;88;111m██[38;2;91;168;203m██[38;2;91;168;203m██[38;2;91;168;203m██[38;2;50;124;148m██[38;2;50;124;148m██[38;2;50;124;148m██[38;2;91;168;203m██[38;2;91;168;203m██[38;2;91;168;203m██[38;2;51;88;111m██[38;2;50;124;148m██[38;2;15;15;15m██[38;2;91;168;203m██[38;2;69;70;75m██[38;2;177;177;177m██[38;2;219;219;219m██[38;2;177;177;177m██[38;2;15;15;15m██    [38;2;15;15;15m██[38;2;51;88;111m██[38;2;51;88;111m██[38;2;51;88;111m██[38;2;15;15;15m██[38;2;15;15;15m██                                          [38;2;51;88;111m██[38;2;151;208;233m██[38;2;50;124;148m██[38;2;91;168;203m██[38;2;91;168;203m██[38;2;91;168;203m██[38;2;91;168;203m██[38;2;91;168;203m██[38;2;91;168;203m██[38;2;91;168;203m██[38;2;91;168;203m██[38;2;91;168;203m██[38;2;50;124;148m██[38;2;50;124;148m██[38;2;91;168;203m██[38;2;91;168;203m██[38;2;91;168;203m██[38;2;50;124;148m██[38;2;15;15;15m██    
              [38;2;51;88;111m██[38;2;91;168;203m██[38;2;91;168;203m██[38;2;91;168;203m██[38;2;91;168;203m██[38;2;91;168;203m██[38;2;91;168;203m██[38;2;91;168;203m██[38;2;91;168;203m██[38;2;50;124;148m██[38;2;91;168;203m██[38;2;91;168;203m██[38;2;91;168;203m██[38;2;91;168;203m██[38;2;91;168;203m██[38;2;51;88;111m██[38;2;50;124;148m██[38;2;50;124;148m██[38;2;50;124;148m██[38;2;91;168;203m██[38;2;91;168;203m██[38;2;91;168;203m██[38;2;91;168;203m██[38;2;91;168;203m██[38;2;91;168;203m██[38;2;51;88;111m██[38;2;50;124;148m██[38;2;51;88;111m██[38;2;91;168;203m██[38;2;69;70;75m██[38;2;219;219;219m██[38;2;69;70;75m██[38;2;15;15;15m██        [38;2;15;15;15m██[38;2;15;15;15m██[38;2;15;15;15m██                                            [38;2;51;88;111m██[38;2;151;208;233m██[38;2;151;208;233m██[38;2;50;124;148m██[38;2;151;208;233m██[38;2;151;208;233m██[38;2;151;208;233m██[38;2;151;208;233m██[38;2;91;168;203m██[38;2;117;119;129m██[38;2;69;70;75m██[38;2;69;70;75m██[38;2;91;168;203m██[38;2;91;168;203m██[38;2;91;168;203m██[38;2;50;124;148m██[38;2;50;124;148m██[38;2;91;168;203m██[38;2;91;168;203m██[38;2;50;124;148m██[38;2;15;15;15m██  
            [38;2;51;88;111m██[38;2;91;168;203m██[38;2;91;168;203m██[38;2;91;168;203m██[38;2;91;168;203m██[38;2;91;168;203m██[38;2;91;168;203m██[38;2;91;168;203m██[38;2;91;168;203m██[38;2;91;168;203m██[38;2;91;168;203m██[38;2;50;124;148m██[38;2;91;168;203m██[38;2;91;168;203m██[38;2;91;168;203m██[38;2;91;168;203m██[38;2;91;168;203m██[38;2;51;88;111m██[38;2;91;168;203m██[38;2;91;168;203m██[38;2;91;168;203m██[38;2;91;168;203m██[38;2;91;168;203m██[38;2;91;168;203m██[38;2;91;168;203m██[38;2;91;168;203m██[38;2;91;168;203m██[38;2;51;88;111m██[38;2;51;88;111m██[38;2;51;88;111m██[38;2;69;70;75m██[38;2;15;15;15m██[38;2;50;124;148m██[38;2;15;15;15m██                                                          [38;2;51;88;111m██[38;2;151;208;233m██[38;2;50;124;148m██[38;2;91;168;203m██[38;2;151;208;233m██[38;2;151;208;233m██[38;2;151;208;233m██[38;2;151;208;233m██[38;2;91;168;203m██[38;2;117;119;129m██[38;2;177;177;177m██[38;2;177;177;177m██[38;2;69;70;75m██[38;2;91;168;203m██[38;2;91;168;203m██[38;2;91;168;203m██[38;2;91;168;203m██[38;2;50;124;148m██[38;2;91;168;203m██[38;2;50;124;148m██[38;2;15;15;15m██  
            [38;2;69;70;75m██[38;2;69;70;75m██[38;2;69;70;75m██[38;2;69;70;75m██[38;2;51;88;111m██[38;2;91;168;203m██[38;2;91;168;203m██[38;2;91;168;203m██[38;2;91;168;203m██[38;2;91;168;203m██[38;2;151;208;233m██[38;2;50;124;148m██[38;2;91;168;203m██[38;2;91;168;203m██[38;2;91;168;203m██[38;2;91;168;203m██[38;2;91;168;203m██[38;2;91;168;203m██[38;2;51;88;111m██[38;2;91;168;203m██[38;2;91;168;203m██[38;2;91;168;203m██[38;2;91;168;203m██[38;2;91;168;203m██[38;2;91;168;203m██[38;2;91;168;203m██[38;2;91;168;203m██[38;2;51;88;111m██[38;2;50;124;148m██[38;2;51;88;111m██[38;2;51;88;111m██[38;2;50;124;148m██[38;2;15;15;15m██                                                          [38;2;51;88;111m██[38;2;151;208;233m██[38;2;151;208;233m██[38;2;50;124;148m██[38;2;151;208;233m██[38;2;151;208;233m██[38;2;151;208;233m██[38;2;151;208;233m██[38;2;151;208;233m██[38;2;91;168;203m██[38;2;117;119;129m██[38;2;219;219;219m██[38;2;219;219;219m██[38;2;177;177;177m██[38;2;69;70;75m██[38;2;91;168;203m██[38;2;91;168;203m██[38;2;91;168;203m██[38;2;91;168;203m██[38;2;50;124;148m██[38;2;50;124;148m██[38;2;50;124;148m██[38;2;15;15;15m██
          [38;2;69;70;75m██[38;2;177;177;177m██[38;2;219;219;219m██[38;2;219;219;219m██[38;2;219;219;219m██[38;2;177;177;177m██[38;2;91;168;203m██[38;2;91;168;203m██[38;2;91;168;203m██[38;2;91;168;203m██[38;2;151;208;233m██[38;2;151;208;233m██[38;2;50;124;148m██[38;2;91;168;203m██[38;2;91;168;203m██[38;2;91;168;203m██[38;2;91;168;203m██[38;2;91;168;203m██[38;2;91;168;203m██[38;2;51;88;111m██[38;2;91;168;203m██[38;2;91;168;203m██[38;2;91;168;203m██[38;2;91;168;203m██[38;2;91;168;203m██[38;2;91;168;203m██[38;2;91;168;203m██[38;2;91;168;203m██[38;2;51;88;111m██[38;2;50;124;148m██[38;2;50;124;148m██[38;2;50;124;148m██[38;2;15;15;15m██                                                            [38;2;51;88;111m██[38;2;151;208;233m██[38;2;50;124;148m██[38;2;91;168;203m██[38;2;151;208;233m██[38;2;151;208;233m██[38;2;151;208;233m██[38;2;151;208;233m██[38;2;151;208;233m██[38;2;117;119;129m██[38;2;177;177;177m██[38;2;219;219;219m██[38;2;246;246;246m██[38;2;219;219;219m██[38;2;177;177;177m██[38;2;69;70;75m██[38;2;91;168;203m██[38;2;91;168;203m██[38;2;91;168;203m██[38;2;91;168;203m██[38;2;50;124;148m██[38;2;50;124;148m██[38;2;15;15;15m██
        [38;2;69;70;75m██[38;2;219;219;219m██[38;2;246;246;246m██[38;2;246;246;246m██[38;2;219;219;219m██[38;2;177;177;177m██[38;2;177;177;177m██[38;2;50;124;148m██[38;2;91;168;203m██[38;2;91;168;203m██[38;2;151;208;233m██[38;2;151;208;233m██[38;2;91;168;203m██[38;2;91;168;203m██[38;2;50;124;148m██[38;2;91;168;203m██[38;2;91;168;203m██[38;2;91;168;203m██[38;2;91;168;203m██[38;2;91;168;203m██[38;2;91;168;203m██[38;2;51;88;111m██[38;2;91;168;203m██[38;2;91;168;203m██[38;2;91;168;203m██[38;2;91;168;203m██[38;2;91;168;203m██[38;2;91;168;203m██[38;2;51;88;111m██[38;2;51;88;111m██[38;2;50;124;148m██[38;2;50;124;148m██[38;2;15;15;15m██                                                            [38;2;51;88;111m██[38;2;151;208;233m██[38;2;91;168;203m██[38;2;50;124;148m██[38;2;151;208;233m██[38;2;151;208;233m██[38;2;151;208;233m██[38;2;151;208;233m██[38;2;151;208;233m██[38;2;91;168;203m██[38;2;117;119;129m██[38;2;177;177;177m██[38;2;219;219;219m██[38;2;219;219;219m██[38;2;246;246;246m██[38;2;219;219;219m██[38;2;117;119;129m██[38;2;69;70;75m██[38;2;91;168;203m██[38;2;91;168;203m██[38;2;91;168;203m██[38;2;50;124;148m██[38;2;50;124;148m██[38;2;15;15;15m██
      [38;2;69;70;75m██[38;2;246;246;246m██[38;2;246;246;246m██[38;2;219;219;219m██[38;2;177;177;177m██[38;2;177;177;177m██[38;2;177;177;177m██[38;2;117;119;129m██[38;2;51;88;111m██[38;2;91;168;203m██[38;2;91;168;203m██[38;2;151;208;233m██[38;2;151;208;233m██[38;2;91;168;203m██[38;2;151;208;233m██[38;2;50;124;148m██[38;2;91;168;203m██[38;2;91;168;203m██[38;2;91;168;203m██[38;2;91;168;203m██[38;2;91;168;203m██[38;2;91;168;203m██[38;2;51;88;111m██[38;2;91;168;203m██[38;2;91;168;203m██[38;2;91;168;203m██[38;2;91;168;203m██[38;2;51;88;111m██[38;2;51;88;111m██[38;2;50;124;148m██[38;2;51;88;111m██[38;2;50;124;148m██[38;2;15;15;15m██                                                              [38;2;51;88;111m██[38;2;151;208;233m██[38;2;50;124;148m██[38;2;91;168;203m██[38;2;151;208;233m██[38;2;151;208;233m██[38;2;151;208;233m██[38;2;151;208;233m██[38;2;151;208;233m██[38;2;117;119;129m██[38;2;117;119;129m██[38;2;69;70;75m██[38;2;177;177;177m██[38;2;219;219;219m██[38;2;246;246;246m██[38;2;246;246;246m██[38;2;177;177;177m██[38;2;69;70;75m██[38;2;50;124;148m██[38;2;91;168;203m██[38;2;91;168;203m██[38;2;91;168;203m██[38;2;50;124;148m██[38;2;15;15;15m██
    [38;2;69;70;75m██[38;2;177;177;177m██[38;2;177;177;177m██[38;2;177;177;177m██[38;2;177;177;177m██[38;2;177;177;177m██[38;2;117;119;129m██[38;2;117;119;129m██[38;2;117;119;129m██[38;2;51;88;111m██[38;2;50;124;148m██[38;2;151;208;233m██[38;2;151;208;233m██[38;2;91;168;203m██[38;2;151;208;233m██[38;2;151;208;233m██[38;2;91;168;203m██[38;2;50;124;148m██[38;2;91;168;203m██[38;2;91;168;203m██[38;2;91;168;203m██[38;2;91;168;203m██[38;2;91;168;203m██[38;2;91;168;203m██[38;2;51;88;111m██[38;2;91;168;203m██[38;2;51;88;111m██[38;2;51;88;111m██[38;2;50;124;148m██[38;2;50;124;148m██[38;2;50;124;148m██[38;2;51;88;111m██[38;2;15;15;15m██                                                              [38;2;51;88;111m██[38;2;91;168;203m██[38;2;91;168;203m██[38;2;50;124;148m██[38;2;151;208;233m██[38;2;151;208;233m██[38;2;151;208;233m██[38;2;151;208;233m██[38;2;151;208;233m██[38;2;91;168;203m██[38;2;117;119;129m██[38;2;177;177;177m██[38;2;117;119;129m██[38;2;69;70;75m██[38;2;117;119;129m██[38;2;219;219;219m██[38;2;246;246;246m██[38;2;246;246;246m██[38;2;117;119;129m██[38;2;69;70;75m██[38;2;91;168;203m██[38;2;91;168;203m██[38;2;91;168;203m██[38;2;50;124;148m██[38;2;15;15;15m██
      [38;2;15;15;15m██[38;2;117;119;129m██[38;2;117;119;129m██[38;2;117;119;129m██[38;2;117;119;129m██[38;2;117;119;129m██[38;2;69;70;75m██[38;2;69;70;75m██[38;2;15;15;15m██[38;2;50;124;148m██[38;2;151;208;233m██[38;2;151;208;233m██[38;2;91;168;203m██[38;2;151;208;233m██[38;2;151;208;233m██[38;2;151;208;233m██[38;2;50;124;148m██[38;2;91;168;203m██[38;2;91;168;203m██[38;2;91;168;203m██[38;2;91;168;203m██[38;2;91;168;203m██[38;2;91;168;203m██[38;2;51;88;111m██[38;2;51;88;111m██[38;2;50;124;148m██[38;2;50;124;148m██[38;2;50;124;148m██[38;2;50;124;148m██[38;2;50;124;148m██[38;2;15;15;15m██                                                                [38;2;51;88;111m██[38;2;91;168;203m██[38;2;50;124;148m██[38;2;91;168;203m██[38;2;151;208;233m██[38;2;151;208;233m██[38;2;151;208;233m██[38;2;151;208;233m██[38;2;151;208;233m██[38;2;117;119;129m██[38;2;219;219;219m██[38;2;219;219;219m██[38;2;117;119;129m██[38;2;117;119;129m██[38;2;117;119;129m██[38;2;69;70;75m██[38;2;219;219;219m██[38;2;246;246;246m██[38;2;177;177;177m██[38;2;69;70;75m██[38;2;50;124;148m██[38;2;91;168;203m██[38;2;91;168;203m██[38;2;50;124;148m██[38;2;15;15;15m██
        [38;2;15;15;15m██[38;2;15;15;15m██[38;2;69;70;75m██[38;2;69;70;75m██[38;2;69;70;75m██[38;2;177;177;177m██[38;2;177;177;177m██[38;2;177;177;177m██[38;2;51;88;111m██[38;2;151;208;233m██[38;2;91;168;203m██[38;2;151;208;233m██[38;2;151;208;233m██[38;2;151;208;233m██[38;2;151;208;233m██[38;2;91;168;203m██[38;2;50;124;148m██[38;2;91;168;203m██[38;2;91;168;203m██[38;2;91;168;203m██[38;2;91;168;203m██[38;2;91;168;203m██[38;2;91;168;203m██[38;2;51;88;111m██[38;2;50;124;148m██[38;2;50;124;148m██[38;2;51;88;111m██[38;2;50;124;148m██[38;2;50;124;148m██[38;2;15;15;15m██                                                                [38;2;51;88;111m██[38;2;91;168;203m██[38;2;50;124;148m██[38;2;151;208;233m██[38;2;151;208;233m██[38;2;151;208;233m██[38;2;151;208;233m██[38;2;151;208;233m██[38;2;91;168;203m██[38;2;117;119;129m██[38;2;219;219;219m██[38;2;219;219;219m██[38;2;177;177;177m██[38;2;117;119;129m██[38;2;117;119;129m██[38;2;117;119;129m██[38;2;69;70;75m██[38;2;246;246;246m██[38;2;177;177;177m██[38;2;69;70;75m██[38;2;50;124;148m██[38;2;91;168;203m██[38;2;91;168;203m██[38;2;50;124;148m██[38;2;15;15;15m██
        [38;2;15;15;15m██[38;2;50;124;148m██[38;2;69;70;75m██[38;2;177;177;177m██[38;2;177;177;177m██[38;2;219;219;219m██[38;2;219;219;219m██[38;2;219;219;219m██[38;2;51;88;111m██[38;2;50;124;148m██[38;2;91;168;203m██[38;2;151;208;233m██[38;2;151;208;233m██[38;2;151;208;233m██[38;2;151;208;233m██[38;2;151;208;233m██[38;2;50;124;148m██[38;2;91;168;203m██[38;2;91;168;203m██[38;2;91;168;203m██[38;2;91;168;203m██[38;2;91;168;203m██[38;2;91;168;203m██[38;2;51;88;111m██[38;2;51;88;111m██[38;2;51;88;111m██[38;2;50;124;148m██[38;2;50;124;148m██[38;2;15;15;15m██                                                                [38;2;51;88;111m██[38;2;91;168;203m██[38;2;50;124;148m██[38;2;91;168;203m██[38;2;151;208;233m██[38;2;151;208;233m██[38;2;151;208;233m██[38;2;151;208;233m██[38;2;151;208;233m██[38;2;117;119;129m██[38;2;219;219;219m██[38;2;219;219;219m██[38;2;219;219;219m██[38;2;219;219;219m██[38;2;117;119;129m██[38;2;117;119;129m██[38;2;117;119;129m██[38;2;117;119;129m██[38;2;69;70;75m██[38;2;177;177;177m██[38;2;69;70;75m██[38;2;50;124;148m██[38;2;91;168;203m██[38;2;91;168;203m██[38;2;50;124;148m██[38;2;15;15;15m██
        [38;2;15;15;15m██[38;2;69;70;75m██[38;2;177;177;177m██[38;2;219;219;219m██[38;2;219;219;219m██[38;2;219;219;219m██[38;2;219;219;219m██[38;2;219;219;219m██[38;2;219;219;219m██[38;2;51;88;111m██[38;2;151;208;233m██[38;2;151;208;233m██[38;2;151;208;233m██[38;2;151;208;233m██[38;2;151;208;233m██[38;2;151;208;233m██[38;2;91;168;203m██[38;2;50;124;148m██[38;2;91;168;203m██[38;2;91;168;203m██[38;2;91;168;203m██[38;2;91;168;203m██[38;2;51;88;111m██[38;2;50;124;148m██[38;2;51;88;111m██[38;2;50;124;148m██[38;2;50;124;148m██[38;2;50;124;148m██[38;2;15;15;15m██                                                                [38;2;51;88;111m██[38;2;91;168;203m██[38;2;50;124;148m██[38;2;151;208;233m██[38;2;151;208;233m██[38;2;151;208;233m██[38;2;151;208;233m██[38;2;151;208;233m██[38;2;117;119;129m██[38;2;219;219;219m██[38;2;219;219;219m██[38;2;219;219;219m██[38;2;219;219;219m██[38;2;219;219;219m██[38;2;177;177;177m██[38;2;117;119;129m██[38;2;117;119;129m██[38;2;117;119;129m██[38;2;117;119;129m██[38;2;15;15;15m██[38;2;69;70;75m██[38;2;50;124;148m██[38;2;50;124;148m██[38;2;91;168;203m██[38;2;50;124;148m██[38;2;15;15;15m██
        [38;2;69;70;75m██[38;2;177;177;177m██[38;2;219;219;219m██[38;2;219;219;219m██[38;2;219;219;219m██[38;2;219;219;219m██[38;2;219;219;219m██[38;2;219;219;219m██[38;2;219;219;219m██[38;2;51;88;111m██[38;2;50;124;148m██[38;2;151;208;233m██[38;2;151;208;233m██[38;2;151;208;233m██[38;2;151;208;233m██[38;2;91;168;203m██[38;2;91;168;203m██[38;2;91;168;203m██[38;2;50;124;148m██[38;2;91;168;203m██[38;2;91;168;203m██[38;2;51;88;111m██[38;2;50;124;148m██[38;2;50;124;148m██[38;2;51;88;111m██[38;2;50;124;148m██[38;2;50;124;148m██[38;2;15;15;15m██                                                                  [38;2;51;88;111m██[38;2;50;124;148m██[38;2;91;168;203m██[38;2;151;208;233m██[38;2;151;208;233m██[38;2;151;208;233m██[38;2;151;208;233m██[38;2;91;168;203m██[38;2;69;70;75m██[38;2;219;219;219m██[38;2;219;219;219m██[38;2;219;219;219m██[38;2;219;219;219m██[38;2;219;219;219m██[38;2;246;246;246m██[38;2;117;119;129m██[38;2;117;119;129m██[38;2;117;119;129m██[38;2;117;119;129m██[38;2;117;119;129m██[38;2;15;15;15m██[38;2;50;124;148m██[38;2;50;124;148m██[38;2;91;168;203m██[38;2;50;124;148m██[38;2;15;15;15m██
      [38;2;69;70;75m██[38;2;177;177;177m██[38;2;219;219;219m██[38;2;219;219;219m██[38;2;219;219;219m██[38;2;219;219;219m██[38;2;219;219;219m██[38;2;219;219;219m██[38;2;246;246;246m██[38;2;246;246;246m██[38;2;219;219;219m██[38;2;51;88;111m██[38;2;151;208;233m██[38;2;151;208;233m██[38;2;151;208;233m██[38;2;151;208;233m██[38;2;91;168;203m██[38;2;91;168;203m██[38;2;91;168;203m██[38;2;50;124;148m██[38;2;51;88;111m██[38;2;51;88;111m██[38;2;50;124;148m██[38;2;50;124;148m██[38;2;50;124;148m██[38;2;51;88;111m██[38;2;50;124;148m██[38;2;15;15;15m██                                                                    [38;2;51;88;111m██[38;2;50;124;148m██[38;2;91;168;203m██[38;2;91;168;203m██[38;2;151;208;233m██[38;2;151;208;233m██[38;2;91;168;203m██[38;2;117;119;129m██[38;2;177;177;177m██[38;2;117;119;129m██[38;2;219;219;219m██[38;2;219;219;219m██[38;2;219;219;219m██[38;2;219;219;219m██[38;2;246;246;246m██[38;2;117;119;129m██[38;2;117;119;129m██[38;2;117;119;129m██[38;2;117;119;129m██[38;2;117;119;129m██[38;2;69;70;75m██[38;2;50;124;148m██[38;2;91;168;203m██[38;2;91;168;203m██[38;2;15;15;15m██  
    [38;2;69;70;75m██[38;2;177;177;177m██[38;2;219;219;219m██[38;2;219;219;219m██[38;2;219;219;219m██[38;2;246;246;246m██[38;2;246;246;246m██[38;2;246;246;246m██[38;2;246;246;246m██[38;2;246;246;246m██[38;2;219;219;219m██[38;2;177;177;177m██[38;2;177;177;177m██[38;2;51;88;111m██[38;2;151;208;233m██[38;2;151;208;233m██[38;2;91;168;203m██[38;2;91;168;203m██[38;2;91;168;203m██[38;2;91;168;203m██[38;2;91;168;203m██[38;2;51;88;111m██[38;2;50;124;148m██[38;2;50;124;148m██[38;2;50;124;148m██[38;2;50;124;148m██[38;2;51;88;111m██[38;2;15;15;15m██                                                                      [38;2;51;88;111m██[38;2;91;168;203m██[38;2;91;168;203m██[38;2;91;168;203m██[38;2;151;208;233m██[38;2;91;168;203m██[38;2;117;119;129m██[38;2;219;219;219m██[38;2;219;219;219m██[38;2;69;70;75m██[38;2;177;177;177m██[38;2;219;219;219m██[38;2;219;219;219m██[38;2;246;246;246m██[38;2;246;246;246m██[38;2;177;177;177m██[38;2;117;119;129m██[38;2;117;119;129m██[38;2;117;119;129m██[38;2;117;119;129m██[38;2;69;70;75m██[38;2;50;124;148m██[38;2;91;168;203m██[38;2;91;168;203m██[38;2;15;15;15m██  
    [38;2;69;70;75m██[38;2;219;219;219m██[38;2;246;246;246m██[38;2;246;246;246m██[38;2;246;246;246m██[38;2;246;246;246m██[38;2;246;246;246m██[38;2;246;246;246m██[38;2;219;219;219m██[38;2;219;219;219m██[38;2;177;177;177m██[38;2;177;177;177m██[38;2;117;119;129m██[38;2;15;15;15m██[38;2;51;88;111m██[38;2;151;208;233m██[38;2;91;168;203m██[38;2;91;168;203m██[38;2;91;168;203m██[38;2;91;168;203m██[38;2;91;168;203m██[38;2;50;124;148m██[38;2;50;124;148m██[38;2;50;124;148m██[38;2;50;124;148m██[38;2;50;124;148m██[38;2;15;15;15m██                                                                        [38;2;51;88;111m██[38;2;91;168;203m██[38;2;91;168;203m██[38;2;91;168;203m██[38;2;117;119;129m██[38;2;117;119;129m██[38;2;219;219;219m██[38;2;219;219;219m██[38;2;219;219;219m██[38;2;177;177;177m██[38;2;69;70;75m██[38;2;219;219;219m██[38;2;219;219;219m██[38;2;246;246;246m██[38;2;246;246;246m██[38;2;177;177;177m██[38;2;117;119;129m██[38;2;117;119;129m██[38;2;117;119;129m██[38;2;69;70;75m██[38;2;69;70;75m██[38;2;50;124;148m██[38;2;91;168;203m██[38;2;15;15;15m██    
  [38;2;69;70;75m██[38;2;219;219;219m██[38;2;219;219;219m██[38;2;219;219;219m██[38;2;219;219;219m██[38;2;219;219;219m██[38;2;219;219;219m██[38;2;177;177;177m██[38;2;177;177;177m██[38;2;177;177;177m██[38;2;117;119;129m██[38;2;117;119;129m██[38;2;117;119;129m██[38;2;117;119;129m██[38;2;69;70;75m██[38;2;177;177;177m██[38;2;51;88;111m██[38;2;91;168;203m██[38;2;91;168;203m██[38;2;91;168;203m██[38;2;91;168;203m██[38;2;91;168;203m██[38;2;50;124;148m██[38;2;50;124;148m██[38;2;50;124;148m██[38;2;50;124;148m██[38;2;15;15;15m██                                                                            [38;2;51;88;111m██[38;2;91;168;203m██[38;2;91;168;203m██[38;2;117;119;129m██[38;2;219;219;219m██[38;2;219;219;219m██[38;2;219;219;219m██[38;2;246;246;246m██[38;2;177;177;177m██[38;2;117;119;129m██[38;2;69;70;75m██[38;2;246;246;246m██[38;2;246;246;246m██[38;2;246;246;246m██[38;2;246;246;246m██[38;2;117;119;129m██[38;2;117;119;129m██[38;2;117;119;129m██[38;2;69;70;75m██[38;2;50;124;148m██[38;2;50;124;148m██[38;2;91;168;203m██[38;2;15;15;15m██    
  [38;2;15;15;15m██[38;2;117;119;129m██[38;2;117;119;129m██[38;2;117;119;129m██[38;2;117;119;129m██[38;2;117;119;129m██[38;2;117;119;129m██[38;2;117;119;129m██[38;2;117;119;129m██[38;2;117;119;129m██[38;2;117;119;129m██[38;2;117;119;129m██[38;2;117;119;129m██[38;2;69;70;75m██[38;2;219;219;219m██[38;2;219;219;219m██[38;2;219;219;219m██[38;2;51;88;111m██[38;2;91;168;203m██[38;2;91;168;203m██[38;2;91;168;203m██[38;2;91;168;203m██[38;2;50;124;148m██[38;2;50;124;148m██[38;2;50;124;148m██[38;2;50;124;148m██[38;2;15;15;15m██                                                                            [38;2;51;88;111m██[38;2;91;168;203m██[38;2;91;168;203m██[38;2;117;119;129m██[38;2;219;219;219m██[38;2;219;219;219m██[38;2;219;219;219m██[38;2;246;246;246m██[38;2;177;177;177m██[38;2;117;119;129m██[38;2;117;119;129m██[38;2;69;70;75m██[38;2;246;246;246m██[38;2;246;246;246m██[38;2;246;246;246m██[38;2;117;119;129m██[38;2;117;119;129m██[38;2;117;119;129m██[38;2;15;15;15m██[38;2;50;124;148m██[38;2;50;124;148m██[38;2;15;15;15m██      
    [38;2;69;70;75m██[38;2;69;70;75m██[38;2;69;70;75m██[38;2;117;119;129m██[38;2;117;119;129m██[38;2;117;119;129m██[38;2;117;119;129m██[38;2;117;119;129m██[38;2;117;119;129m██[38;2;117;119;129m██[38;2;69;70;75m██[38;2;69;70;75m██[38;2;219;219;219m██[38;2;246;246;246m██[38;2;219;219;219m██[38;2;177;177;177m██[38;2;117;119;129m██[38;2;51;88;111m██[38;2;91;168;203m██[38;2;91;168;203m██[38;2;91;168;203m██[38;2;50;124;148m██[38;2;50;124;148m██[38;2;50;124;148m██[38;2;15;15;15m██                                                                                [38;2;51;88;111m██[38;2;91;168;203m██[38;2;117;119;129m██[38;2;219;219;219m██[38;2;219;219;219m██[38;2;246;246;246m██[38;2;246;246;246m██[38;2;117;119;129m██[38;2;117;119;129m██[38;2;117;119;129m██[38;2;69;70;75m██[38;2;69;70;75m██[38;2;246;246;246m██[38;2;246;246;246m██[38;2;117;119;129m██[38;2;117;119;129m██[38;2;15;15;15m██[38;2;50;124;148m██[38;2;50;124;148m██[38;2;91;168;203m██[38;2;15;15;15m██      
          [38;2;15;15;15m██[38;2;15;15;15m██[38;2;15;15;15m██[38;2;15;15;15m██[38;2;15;15;15m██[38;2;15;15;15m██[38;2;15;15;15m██[38;2;69;70;75m██[38;2;246;246;246m██[38;2;246;246;246m██[38;2;219;219;219m██[38;2;177;177;177m██[38;2;117;119;129m██[38;2;117;119;129m██[38;2;51;88;111m██[38;2;91;168;203m██[38;2;91;168;203m██[38;2;91;168;203m██[38;2;50;124;148m██[38;2;50;124;148m██[38;2;15;15;15m██                                                                                    [38;2;51;88;111m██[38;2;91;168;203m██[38;2;177;177;177m██[38;2;246;246;246m██[38;2;246;246;246m██[38;2;219;219;219m██[38;2;117;119;129m██[38;2;117;119;129m██[38;2;69;70;75m██[38;2;50;124;148m██[38;2;50;124;148m██[38;2;69;70;75m██[38;2;246;246;246m██[38;2;117;119;129m██[38;2;15;15;15m██[38;2;50;124;148m██[38;2;50;124;148m██[38;2;91;168;203m██[38;2;15;15;15m██        
                [38;2;15;15;15m██[38;2;50;124;148m██[38;2;50;124;148m██[38;2;69;70;75m██[38;2;246;246;246m██[38;2;246;246;246m██[38;2;219;219;219m██[38;2;177;177;177m██[38;2;117;119;129m██[38;2;117;119;129m██[38;2;15;15;15m██[38;2;50;124;148m██[38;2;50;124;148m██[38;2;91;168;203m██[38;2;50;124;148m██[38;2;50;124;148m██[38;2;15;15;15m██                                                                                        [38;2;51;88;111m██[38;2;177;177;177m██[38;2;246;246;246m██[38;2;246;246;246m██[38;2;177;177;177m██[38;2;117;119;129m██[38;2;117;119;129m██[38;2;69;70;75m██[38;2;50;124;148m██[38;2;91;168;203m██[38;2;91;168;203m██[38;2;69;70;75m██[38;2;69;70;75m██[38;2;50;124;148m██[38;2;50;124;148m██[38;2;91;168;203m██[38;2;15;15;15m██          
                  [38;2;15;15;15m██[38;2;69;70;75m██[38;2;219;219;219m██[38;2;177;177;177m██[38;2;177;177;177m██[38;2;117;119;129m██[38;2;117;119;129m██[38;2;69;70;75m██[38;2;15;15;15m██[38;2;50;124;148m██[38;2;50;124;148m██[38;2;50;124;148m██[38;2;50;124;148m██[38;2;15;15;15m██[38;2;15;15;15m██                                                                                            [38;2;117;119;129m██[38;2;246;246;246m██[38;2;219;219;219m██[38;2;117;119;129m██[38;2;117;119;129m██[38;2;69;70;75m██[38;2;50;124;148m██[38;2;91;168;203m██[38;2;91;168;203m██[38;2;91;168;203m██[38;2;50;124;148m██[38;2;50;124;148m██[38;2;50;124;148m██[38;2;15;15;15m██[38;2;15;15;15m██            
                    [38;2;69;70;75m██[38;2;69;70;75m██[38;2;69;70;75m██[38;2;69;70;75m██[38;2;15;15;15m██[38;2;15;15;15m██[38;2;50;124;148m██[38;2;50;124;148m██[38;2;50;124;148m██[38;2;15;15;15m██[38;2;15;15;15m██[38;2;15;15;15m██                                                                                                [38;2;117;119;129m██[38;2;246;246;246m██[38;2;117;119;129m██[38;2;69;70;75m██[38;2;69;70;75m██[38;2;15;15;15m██[38;2;15;15;15m██[38;2;15;15;15m██[38;2;15;15;15m██[38;2;15;15;15m██[38;2;15;15;15m██[38;2;15;15;15m██[38;2;15;15;15m██                
                          [38;2;15;15;15m██[38;2;15;15;15m██[38;2;15;15;15m██[38;2;15;15;15m██[38;2;15;15;15m██[38;2;15;15;15m██                                                                                                        [38;2;69;70;75m██[38;2;15;15;15m██                                    
