                                                                                                                          [38;2;0;0;0m██  [38;2;0;0;0m██[38;2;0;0;0m██  [38;2;0;0;0m██[38;2;0;0;0m██  [38;2;0;0;0m██[38;2;123;32;41m██                      
                                                                                                                        [38;2;0;0;0m██[38;2;156;41;41m██[38;2;0;0;0m██[38;2;123;32;41m██[38;2;255;115;106m██[38;2;0;0;0m██[38;2;123;32;41m██[38;2;255;115;106m██[38;2;0;0;0m██[38;2;255;32;41m██[38;2;123;32;41m██                      
                                                                                                                        [38;2;0;0;0m██[38;2;255;32;41m██[38;2;0;0;0m██[38;2;255;115;106m██[38;2;255;32;41m██[38;2;0;0;0m██[38;2;255;115;106m██[38;2;0;0;0m██[38;2;156;41;41m██[38;2;255;32;41m██[38;2;123;32;41m██                      
                                                                                                                      [38;2;0;0;0m██[38;2;156;41;41m██[38;2;255;115;106m██[38;2;123;32;41m██[38;2;255;115;106m██[38;2;156;41;41m██[38;2;123;32;41m██[38;2;255;115;106m██[38;2;0;0;0m██[38;2;255;32;41m██[38;2;255;32;41m██[38;2;255;32;41m██[38;2;123;32;41m██                    
                                                                                                                      [38;2;0;0;0m██[38;2;156;41;41m██[38;2;156;41;41m██[38;2;156;41;41m██[38;2;156;41;41m██[38;2;156;41;41m██[38;2;156;41;41m██[38;2;156;41;41m██[38;2;123;32;41m██[38;2;255;32;41m██[38;2;255;32;41m██[38;2;255;32;41m██[38;2;255;115;106m██[38;2;123;32;41m██                  
                                                                                                                    [38;2;0;0;0m██[38;2;156;41;41m██[38;2;156;41;41m██[38;2;156;41;41m██[38;2;156;41;41m██[38;2;156;41;41m██[38;2;156;41;41m██[38;2;156;41;41m██[38;2;156;41;41m██[38;2;156;41;41m██[38;2;255;32;41m██[38;2;255;32;41m██[38;2;255;32;41m██[38;2;255;115;106m██[38;2;123;32;41m██                  
                                                                                                                  [38;2;0;0;0m██[38;2;123;32;41m██[38;2;156;41;41m██[38;2;156;41;41m██[38;2;156;41;41m██[38;2;156;41;41m██[38;2;156;41;41m██[38;2;156;41;41m██[38;2;156;41;41m██[38;2;156;41;41m██[38;2;156;41;41m██[38;2;255;32;41m██[38;2;255;32;41m██[38;2;255;32;41m██[38;2;255;32;41m██[38;2;255;115;106m██[38;2;123;32;41m██                
                                                                                                              [38;2;123;32;41m██[38;2;123;32;41m██[38;2;0;0;0m██[38;2;0;0;0m██[38;2;0;0;0m██[38;2;0;0;0m██[38;2;0;0;0m██[38;2;0;0;0m██[38;2;123;32;41m██[38;2;156;41;41m██[38;2;156;41;41m██[38;2;0;0;0m██[38;2;0;0;0m██[38;2;0;0;0m██[38;2;156;41;41m██[38;2;255;32;41m██[38;2;255;32;41m██[38;2;255;32;41m██[38;2;255;115;106m██[38;2;123;32;41m██              
                                                                                                          [38;2;0;0;0m██[38;2;123;32;41m██[38;2;255;115;106m██[38;2;255;115;106m██[38;2;255;32;41m██[38;2;189;49;49m██[38;2;189;49;49m██[38;2;0;0;0m██[38;2;0;0;0m██[38;2;0;0;0m██[38;2;0;0;0m██[38;2;0;0;0m██[38;2;0;0;0m██[38;2;0;0;0m██[38;2;189;49;49m██[38;2;123;32;41m██[38;2;0;0;0m██[38;2;0;0;0m██[38;2;156;41;41m██[38;2;255;32;41m██[38;2;255;32;41m██[38;2;255;115;106m██[38;2;123;32;41m██            
                                                                                                        [38;2;0;0;0m██[38;2;255;32;41m██[38;2;255;115;106m██[38;2;255;115;106m██[38;2;255;32;41m██[38;2;189;49;49m██[38;2;189;49;49m██[38;2;156;41;41m██[38;2;156;41;41m██[38;2;156;41;41m██[38;2;156;41;41m██[38;2;123;32;41m██[38;2;0;0;0m██[38;2;0;0;0m██[38;2;123;32;41m██[38;2;189;49;49m██[38;2;189;49;49m██[38;2;156;41;41m██[38;2;0;0;0m██[38;2;0;0;0m██[38;2;0;0;0m██[38;2;255;32;41m██[38;2;255;32;41m██[38;2;255;115;106m██[38;2;123;32;41m██          
                                                                                                    [38;2;0;0;0m██[38;2;0;0;0m██[38;2;123;32;41m██[38;2;189;49;49m██[38;2;189;49;49m██[38;2;156;41;41m██[38;2;156;41;41m██[38;2;156;41;41m██[38;2;156;41;41m██[38;2;156;41;41m██[38;2;156;41;41m██[38;2;156;41;41m██[38;2;156;41;41m██[38;2;156;41;41m██[38;2;156;41;41m██[38;2;0;0;0m██[38;2;189;49;49m██[38;2;189;49;49m██[38;2;189;49;49m██[38;2;57;57;57m██[38;2;57;57;57m██[38;2;57;57;57m██[38;2;57;57;57m██[38;2;57;57;57m██[38;2;156;41;41m██[38;2;255;32;41m██[38;2;255;115;106m██[38;2;123;32;41m██[38;2;123;32;41m██      
                                                                                                [38;2;0;0;0m██[38;2;0;0;0m██[38;2;0;0;0m██[38;2;0;0;0m██[38;2;0;0;0m██[38;2;0;0;0m██[38;2;0;0;0m██[38;2;0;0;0m██[38;2;0;0;0m██[38;2;123;32;41m██[38;2;156;41;41m██[38;2;156;41;41m██[38;2;156;41;41m██[38;2;156;41;41m██[38;2;156;41;41m██[38;2;189;49;49m██[38;2;189;49;49m██[38;2;0;0;0m██[38;2;123;32;41m██[38;2;189;49;49m██[38;2;0;0;0m██[38;2;115;98;98m██[38;2;255;255;255m██[38;2;255;255;255m██[38;2;255;255;255m██[38;2;255;255;255m██[38;2;57;57;57m██[38;2;57;57;57m██[38;2;255;32;41m██[38;2;255;115;106m██[38;2;255;115;106m██[38;2;123;32;41m██    
                                                                                            [38;2;0;0;0m██[38;2;0;0;0m██[38;2;255;115;106m██[38;2;255;115;106m██[38;2;255;32;41m██[38;2;189;49;49m██[38;2;156;41;41m██[38;2;156;41;41m██[38;2;123;32;41m██[38;2;0;0;0m██[38;2;0;0;0m██[38;2;0;0;0m██[38;2;0;0;0m██[38;2;0;0;0m██[38;2;123;32;41m██[38;2;156;41;41m██[38;2;189;49;49m██[38;2;189;49;49m██[38;2;189;49;49m██[38;2;123;32;41m██[38;2;0;0;0m██[38;2;189;49;49m██[38;2;0;0;0m██[38;2;189;189;213m██[38;2;255;255;255m██[38;2;255;255;255m██[38;2;255;255;255m██[38;2;255;255;255m██[38;2;255;255;255m██[38;2;255;255;255m██[38;2;57;57;57m██[38;2;255;32;41m██[38;2;255;115;106m██[38;2;123;32;41m██    
                                                                                          [38;2;0;0;0m██[38;2;255;115;106m██[38;2;255;115;106m██[38;2;255;32;41m██[38;2;255;32;41m██[38;2;189;49;49m██[38;2;156;41;41m██[38;2;156;41;41m██[38;2;156;41;41m██[38;2;156;41;41m██[38;2;156;41;41m██[38;2;156;41;41m██[38;2;156;41;41m██[38;2;0;0;0m██[38;2;0;0;0m██[38;2;0;0;0m██[38;2;189;49;49m██[38;2;189;49;49m██[38;2;189;49;49m██[38;2;189;49;49m██[38;2;189;49;49m██[38;2;0;0;0m██[38;2;189;49;49m██[38;2;0;0;0m██[38;2;189;189;213m██[38;2;189;189;213m██[38;2;255;255;255m██[38;2;255;255;255m██[38;2;189;189;213m██[38;2;0;0;0m██[38;2;0;0;0m██[38;2;0;0;0m██[38;2;255;32;41m██[38;2;255;115;106m██[38;2;123;32;41m██    
                                                                                      [38;2;0;0;0m██[38;2;0;0;0m██[38;2;156;41;41m██[38;2;255;32;41m██[38;2;189;49;49m██[38;2;189;49;49m██[38;2;156;41;41m██[38;2;156;41;41m██[38;2;156;41;41m██[38;2;156;41;41m██[38;2;156;41;41m██[38;2;156;41;41m██[38;2;156;41;41m██[38;2;156;41;41m██[38;2;156;41;41m██[38;2;156;41;41m██[38;2;156;41;41m██[38;2;0;0;0m██[38;2;123;32;41m██[38;2;189;49;49m██[38;2;189;49;49m██[38;2;189;49;49m██[38;2;0;0;0m██[38;2;0;0;0m██[38;2;0;0;0m██[38;2;123;32;41m██[38;2;0;0;0m██[38;2;189;189;213m██[38;2;189;189;213m██[38;2;0;0;0m██[38;2;0;0;0m██[38;2;0;0;0m██[38;2;156;106;49m██[38;2;0;0;0m██[38;2;0;0;0m██[38;2;255;115;106m██[38;2;123;32;41m██    
                                                                                    [38;2;0;0;0m██[38;2;0;0;0m██[38;2;0;0;0m██[38;2;0;0;0m██[38;2;0;0;0m██[38;2;0;0;0m██[38;2;0;0;0m██[38;2;0;0;0m██[38;2;0;0;0m██[38;2;0;0;0m██[38;2;156;41;41m██[38;2;156;41;41m██[38;2;156;41;41m██[38;2;156;41;41m██[38;2;156;41;41m██[38;2;156;41;41m██[38;2;156;41;41m██[38;2;189;49;49m██[38;2;0;0;0m██[38;2;0;0;0m██[38;2;189;49;49m██[38;2;189;49;49m██[38;2;0;0;0m██[38;2;189;189;213m██[38;2;255;255;255m██[38;2;115;98;98m██[38;2;115;98;98m██[38;2;123;32;41m██[38;2;0;0;0m██[38;2;0;0;0m██[38;2;0;0;0m██[38;2;57;57;57m██[38;2;0;0;0m██[38;2;255;205;49m██[38;2;0;0;0m██[38;2;57;57;57m██[38;2;255;115;106m██[38;2;255;115;106m██[38;2;123;32;41m██  
                                                                                  [38;2;0;0;0m██[38;2;189;49;49m██[38;2;255;115;106m██[38;2;255;115;106m██[38;2;255;115;106m██[38;2;189;49;49m██[38;2;189;49;49m██[38;2;123;32;41m██[38;2;0;0;0m██[38;2;0;0;0m██[38;2;0;0;0m██[38;2;0;0;0m██[38;2;0;0;0m██[38;2;0;0;0m██[38;2;123;32;41m██[38;2;156;41;41m██[38;2;189;49;49m██[38;2;189;49;49m██[38;2;189;49;49m██[38;2;123;32;41m██[38;2;0;0;0m██[38;2;189;49;49m██[38;2;0;0;0m██[38;2;255;255;255m██[38;2;255;255;255m██[38;2;255;255;255m██[38;2;255;255;255m██[38;2;189;189;213m██[38;2;115;98;98m██[38;2;115;98;98m██[38;2;255;32;41m██[38;2;255;32;41m██[38;2;255;32;41m██[38;2;0;0;0m██[38;2;0;0;0m██[38;2;255;205;49m██[38;2;57;57;57m██[38;2;255;32;41m██[38;2;255;115;106m██[38;2;123;32;41m██  
                                                                              [38;2;0;0;0m██[38;2;123;32;41m██[38;2;255;115;106m██[38;2;255;115;106m██[38;2;255;115;106m██[38;2;255;115;106m██[38;2;255;32;41m██[38;2;255;32;41m██[38;2;189;49;49m██[38;2;156;41;41m██[38;2;156;41;41m██[38;2;156;41;41m██[38;2;156;41;41m██[38;2;156;41;41m██[38;2;123;32;41m██[38;2;0;0;0m██[38;2;0;0;0m██[38;2;189;49;49m██[38;2;189;49;49m██[38;2;189;49;49m██[38;2;189;49;49m██[38;2;189;49;49m██[38;2;0;0;0m██[38;2;0;0;0m██[38;2;0;0;0m██[38;2;189;189;213m██[38;2;255;255;255m██[38;2;255;255;255m██[38;2;255;255;255m██[38;2;255;255;255m██[38;2;255;255;255m██[38;2;255;255;255m██[38;2;115;98;98m██[38;2;255;32;41m██[38;2;57;57;57m██[38;2;0;0;0m██[38;2;0;0;0m██[38;2;57;57;57m██[38;2;0;0;0m██[38;2;255;32;41m██[38;2;255;115;106m██[38;2;123;32;41m██  
                                                                            [38;2;0;0;0m██[38;2;189;49;49m██[38;2;255;115;106m██[38;2;255;115;106m██[38;2;255;115;106m██[38;2;255;32;41m██[38;2;189;49;49m██[38;2;189;49;49m██[38;2;156;41;41m██[38;2;156;41;41m██[38;2;156;41;41m██[38;2;156;41;41m██[38;2;156;41;41m██[38;2;156;41;41m██[38;2;123;32;41m██[38;2;0;0;0m██[38;2;0;0;0m██[38;2;0;0;0m██[38;2;0;0;0m██[38;2;189;49;49m██[38;2;189;49;49m██[38;2;189;49;49m██[38;2;189;49;49m██[38;2;123;32;41m██[38;2;0;0;0m██[38;2;0;0;0m██[38;2;189;189;213m██[38;2;189;189;213m██[38;2;255;255;255m██[38;2;255;255;255m██[38;2;189;189;213m██[38;2;189;189;213m██[38;2;0;0;0m██[38;2;0;0;0m██[38;2;0;0;0m██[38;2;0;0;0m██[38;2;0;0;0m██[38;2;255;32;41m██[38;2;255;32;41m██[38;2;0;0;0m██[38;2;255;32;41m██[38;2;255;115;106m██[38;2;255;115;106m██[38;2;123;32;41m██
                                                                          [38;2;0;0;0m██[38;2;255;115;106m██[38;2;255;115;106m██[38;2;255;115;106m██[38;2;255;32;41m██[38;2;189;49;49m██[38;2;156;41;41m██[38;2;156;41;41m██[38;2;156;41;41m██[38;2;156;41;41m██[38;2;156;41;41m██[38;2;156;41;41m██[38;2;156;41;41m██[38;2;156;41;41m██[38;2;0;0;0m██[38;2;0;0;0m██[38;2;0;0;0m██[38;2;156;41;41m██[38;2;123;32;41m██[38;2;0;0;0m██[38;2;123;32;41m██[38;2;189;49;49m██[38;2;189;49;49m██[38;2;189;49;49m██[38;2;189;49;49m██[38;2;189;49;49m██[38;2;123;32;41m██[38;2;0;0;0m██[38;2;189;189;213m██[38;2;189;189;213m██[38;2;189;189;213m██[38;2;0;0;0m██[38;2;0;0;0m██[38;2;255;32;41m██[38;2;255;32;41m██[38;2;123;32;41m██[38;2;189;189;213m██[38;2;115;98;98m██[38;2;0;0;0m██[38;2;0;0;0m██[38;2;57;57;57m██[38;2;255;32;41m██[38;2;255;32;41m██[38;2;255;115;106m██[38;2;123;32;41m██
                                                                        [38;2;0;0;0m██[38;2;189;49;49m██[38;2;255;115;106m██[38;2;255;32;41m██[38;2;189;49;49m██[38;2;156;41;41m██[38;2;156;41;41m██[38;2;156;41;41m██[38;2;156;41;41m██[38;2;156;41;41m██[38;2;123;32;41m██[38;2;0;0;0m██[38;2;0;0;0m██[38;2;0;0;0m██[38;2;0;0;0m██[38;2;0;0;0m██[38;2;0;0;0m██[38;2;189;49;49m██[38;2;189;49;49m██[38;2;189;49;49m██[38;2;0;0;0m██[38;2;0;0;0m██[38;2;189;49;49m██[38;2;189;49;49m██[38;2;0;0;0m██[38;2;0;0;0m██[38;2;0;0;0m██[38;2;189;49;49m██[38;2;189;49;49m██[38;2;0;0;0m██[38;2;0;0;0m██[38;2;0;0;0m██[38;2;255;32;41m██[38;2;255;32;41m██[38;2;255;32;41m██[38;2;255;32;41m██[38;2;123;32;41m██[38;2;115;98;98m██[38;2;255;255;255m██[38;2;115;98;98m██[38;2;189;189;213m██[38;2;0;0;0m██[38;2;123;32;41m██[38;2;255;32;41m██[38;2;255;115;106m██[38;2;123;32;41m██
                                                                      [38;2;0;0;0m██[38;2;189;49;49m██[38;2;255;115;106m██[38;2;189;49;49m██[38;2;156;41;41m██[38;2;156;41;41m██[38;2;156;41;41m██[38;2;156;41;41m██[38;2;156;41;41m██[38;2;156;41;41m██[38;2;123;32;41m██[38;2;0;0;0m██[38;2;0;0;0m██[38;2;0;0;0m██[38;2;0;0;0m██[38;2;0;0;0m██[38;2;0;0;0m██[38;2;123;32;41m██[38;2;189;49;49m██[38;2;189;49;49m██[38;2;189;49;49m██[38;2;123;32;41m██[38;2;0;0;0m██[38;2;189;49;49m██[38;2;0;0;0m██[38;2;148;131;139m██[38;2;255;255;255m██[38;2;255;255;255m██[38;2;115;98;98m██[38;2;115;98;98m██[38;2;115;98;98m██[38;2;255;32;41m██[38;2;255;32;41m██[38;2;255;32;41m██[38;2;255;32;41m██[38;2;255;32;41m██[38;2;255;32;41m██[38;2;123;32;41m██[38;2;57;57;57m██[38;2;189;189;213m██[38;2;115;98;98m██[38;2;115;98;98m██[38;2;255;255;255m██[38;2;123;32;41m██[38;2;123;32;41m██[38;2;0;0;0m██[38;2;0;0;0m██
                                                                    [38;2;0;0;0m██[38;2;189;49;49m██[38;2;189;49;49m██[38;2;156;41;41m██[38;2;156;41;41m██[38;2;156;41;41m██[38;2;156;41;41m██[38;2;156;41;41m██[38;2;156;41;41m██[38;2;156;41;41m██[38;2;123;32;41m██[38;2;0;0;0m██[38;2;0;0;0m██[38;2;156;41;41m██[38;2;189;49;49m██[38;2;189;49;49m██[38;2;189;49;49m██[38;2;189;49;49m██[38;2;189;49;49m██[38;2;189;49;49m██[38;2;189;49;49m██[38;2;189;49;49m██[38;2;189;49;49m██[38;2;0;0;0m██[38;2;0;0;0m██[38;2;189;189;213m██[38;2;255;255;255m██[38;2;255;255;255m██[38;2;255;255;255m██[38;2;255;255;255m██[38;2;255;255;255m██[38;2;148;131;139m██[38;2;115;98;98m██[38;2;123;32;41m██[38;2;255;32;41m██[38;2;255;32;41m██[38;2;255;32;41m██[38;2;255;32;41m██[38;2;123;32;41m██[38;2;115;98;98m██[38;2;57;57;57m██[38;2;57;57;57m██[38;2;255;255;255m██[38;2;115;98;98m██[38;2;189;189;213m██[38;2;0;0;0m██    
                                                                  [38;2;0;0;0m██[38;2;189;49;49m██[38;2;156;41;41m██[38;2;156;41;41m██[38;2;156;41;41m██[38;2;156;41;41m██[38;2;156;41;41m██[38;2;156;41;41m██[38;2;156;41;41m██[38;2;156;41;41m██[38;2;123;32;41m██[38;2;0;0;0m██[38;2;0;0;0m██[38;2;156;41;41m██[38;2;189;49;49m██[38;2;189;49;49m██[38;2;189;49;49m██[38;2;189;49;49m██[38;2;189;49;49m██[38;2;189;49;49m██[38;2;189;49;49m██[38;2;189;49;49m██[38;2;189;49;49m██[38;2;189;49;49m██[38;2;123;32;41m██[38;2;0;0;0m██[38;2;189;189;213m██[38;2;189;189;213m██[38;2;255;255;255m██[38;2;255;255;255m██[38;2;255;255;255m██[38;2;255;255;255m██[38;2;255;255;255m██[38;2;255;255;255m██[38;2;0;0;0m██[38;2;255;32;41m██[38;2;255;32;41m██[38;2;255;32;41m██[38;2;255;32;41m██[38;2;123;32;41m██[38;2;148;131;139m██[38;2;148;131;139m██[38;2;115;98;98m██[38;2;57;57;57m██[38;2;57;57;57m██[38;2;0;0;0m██      
                                                                  [38;2;0;0;0m██[38;2;156;41;41m██[38;2;156;41;41m██[38;2;156;41;41m██[38;2;156;41;41m██[38;2;156;41;41m██[38;2;156;41;41m██[38;2;156;41;41m██[38;2;156;41;41m██[38;2;123;32;41m██[38;2;0;0;0m██[38;2;0;0;0m██[38;2;189;49;49m██[38;2;189;49;49m██[38;2;189;49;49m██[38;2;189;49;49m██[38;2;189;49;49m██[38;2;189;49;49m██[38;2;189;49;49m██[38;2;189;49;49m██[38;2;189;49;49m██[38;2;189;49;49m██[38;2;189;49;49m██[38;2;189;49;49m██[38;2;189;49;49m██[38;2;0;0;0m██[38;2;189;189;213m██[38;2;189;189;213m██[38;2;189;189;213m██[38;2;189;189;213m██[38;2;189;189;213m██[38;2;189;189;213m██[38;2;0;0;0m██[38;2;0;0;0m██[38;2;0;0;0m██[38;2;255;32;41m██[38;2;255;32;41m██[38;2;255;32;41m██[38;2;123;32;41m██[38;2;148;131;139m██[38;2;148;131;139m██[38;2;148;131;139m██[38;2;148;131;139m██[38;2;148;131;139m██[38;2;0;0;0m██        
                                                                [38;2;0;0;0m██[38;2;156;41;41m██[38;2;156;41;41m██[38;2;156;41;41m██[38;2;156;41;41m██[38;2;156;41;41m██[38;2;156;41;41m██[38;2;156;41;41m██[38;2;156;41;41m██[38;2;156;41;41m██[38;2;0;0;0m██[38;2;0;0;0m██[38;2;156;41;41m██[38;2;189;49;49m██[38;2;189;49;49m██[38;2;189;49;49m██[38;2;189;49;49m██[38;2;189;49;49m██[38;2;189;49;49m██[38;2;189;49;49m██[38;2;0;0;0m██[38;2;0;0;0m██[38;2;0;0;0m██[38;2;0;0;0m██[38;2;0;0;0m██[38;2;189;49;49m██[38;2;156;41;41m██[38;2;0;0;0m██[38;2;189;189;213m██[38;2;189;189;213m██[38;2;189;189;213m██[38;2;0;0;0m██[38;2;0;0;0m██[38;2;115;98;98m██[38;2;115;98;98m██[38;2;0;0;0m██[38;2;255;32;41m██[38;2;255;32;41m██[38;2;255;32;41m██[38;2;123;32;41m██[38;2;148;131;139m██[38;2;148;131;139m██[38;2;148;131;139m██[38;2;57;57;57m██[38;2;57;57;57m██          
                                                                [38;2;0;0;0m██[38;2;156;41;41m██[38;2;156;41;41m██[38;2;156;41;41m██[38;2;156;41;41m██[38;2;156;41;41m██[38;2;156;41;41m██[38;2;156;41;41m██[38;2;156;41;41m██[38;2;156;41;41m██[38;2;0;0;0m██[38;2;0;0;0m██[38;2;189;49;49m██[38;2;189;49;49m██[38;2;189;49;49m██[38;2;189;49;49m██[38;2;189;49;49m██[38;2;189;49;49m██[38;2;0;0;0m██[38;2;0;0;0m██[38;2;123;32;41m██[38;2;156;41;41m██[38;2;156;41;41m██[38;2;156;41;41m██[38;2;123;32;41m██[38;2;0;0;0m██[38;2;0;0;0m██[38;2;0;0;0m██[38;2;0;0;0m██[38;2;0;0;0m██[38;2;0;0;0m██[38;2;115;98;98m██[38;2;115;98;98m██[38;2;115;98;98m██[38;2;115;98;98m██[38;2;0;0;0m██[38;2;255;32;41m██[38;2;255;32;41m██[38;2;255;32;41m██[38;2;123;32;41m██[38;2;115;98;98m██[38;2;57;57;57m██[38;2;57;57;57m██              
                                                              [38;2;0;0;0m██[38;2;156;41;41m██[38;2;156;41;41m██[38;2;156;41;41m██[38;2;156;41;41m██[38;2;156;41;41m██[38;2;156;41;41m██[38;2;156;41;41m██[38;2;156;41;41m██[38;2;156;41;41m██[38;2;156;41;41m██[38;2;123;32;41m██[38;2;0;0;0m██[38;2;0;0;0m██[38;2;189;49;49m██[38;2;189;49;49m██[38;2;189;49;49m██[38;2;189;49;49m██[38;2;0;0;0m██[38;2;123;32;41m██[38;2;156;41;41m██[38;2;156;41;41m██[38;2;156;41;41m██[38;2;156;41;41m██[38;2;156;41;41m██[38;2;156;41;41m██[38;2;156;41;41m██[38;2;123;32;41m██[38;2;0;0;0m██[38;2;0;0;0m██[38;2;189;49;49m██[38;2;115;98;98m██[38;2;0;0;0m██[38;2;115;98;98m██[38;2;115;98;98m██[38;2;115;98;98m██[38;2;0;0;0m██[38;2;255;32;41m██[38;2;255;32;41m██[38;2;255;32;41m██[38;2;123;32;41m██[38;2;0;0;0m██                  
                                                              [38;2;0;0;0m██[38;2;156;41;41m██[38;2;156;41;41m██[38;2;156;41;41m██[38;2;156;41;41m██[38;2;156;41;41m██[38;2;156;41;41m██[38;2;156;41;41m██[38;2;156;41;41m██[38;2;156;41;41m██[38;2;156;41;41m██[38;2;156;41;41m██[38;2;0;0;0m██[38;2;0;0;0m██[38;2;189;49;49m██[38;2;189;49;49m██[38;2;189;49;49m██[38;2;0;0;0m██[38;2;123;32;41m██[38;2;156;41;41m██[38;2;156;41;41m██[38;2;156;41;41m██[38;2;156;41;41m██[38;2;156;41;41m██[38;2;156;41;41m██[38;2;156;41;41m██[38;2;156;41;41m██[38;2;156;41;41m██[38;2;156;41;41m██[38;2;189;49;49m██[38;2;123;32;41m██[38;2;115;98;98m██[38;2;0;0;0m██[38;2;0;0;0m██[38;2;0;0;0m██[38;2;0;0;0m██[38;2;0;0;0m██[38;2;255;32;41m██[38;2;255;32;41m██[38;2;255;32;41m██[38;2;123;32;41m██                    
                                                            [38;2;0;0;0m██[38;2;0;0;0m██[38;2;0;0;0m██[38;2;0;0;0m██[38;2;156;41;41m██[38;2;156;41;41m██[38;2;156;41;41m██[38;2;156;41;41m██[38;2;156;41;41m██[38;2;156;41;41m██[38;2;156;41;41m██[38;2;156;41;41m██[38;2;0;0;0m██[38;2;0;0;0m██[38;2;123;32;41m██[38;2;189;49;49m██[38;2;189;49;49m██[38;2;189;49;49m██[38;2;0;0;0m██[38;2;156;41;41m██[38;2;156;41;41m██[38;2;156;41;41m██[38;2;156;41;41m██[38;2;156;41;41m██[38;2;156;41;41m██[38;2;156;41;41m██[38;2;156;41;41m██[38;2;156;41;41m██[38;2;189;49;49m██[38;2;255;32;41m██[38;2;255;32;41m██[38;2;123;32;41m██[38;2;115;98;98m██[38;2;0;0;0m██        [38;2;0;0;0m██[38;2;255;32;41m██[38;2;255;32;41m██[38;2;123;32;41m██                    
                                                            [38;2;0;0;0m██[38;2;0;0;0m██[38;2;0;0;0m██[38;2;0;0;0m██[38;2;0;0;0m██[38;2;0;0;0m██[38;2;0;0;0m██[38;2;123;32;41m██[38;2;156;41;41m██[38;2;156;41;41m██[38;2;156;41;41m██[38;2;0;0;0m██[38;2;0;0;0m██[38;2;123;32;41m██[38;2;189;49;49m██[38;2;189;49;49m██[38;2;189;49;49m██[38;2;0;0;0m██[38;2;123;32;41m██[38;2;156;41;41m██[38;2;156;41;41m██[38;2;123;32;41m██[38;2;0;0;0m██[38;2;0;0;0m██[38;2;123;32;41m██[38;2;156;41;41m██[38;2;156;41;41m██[38;2;189;49;49m██[38;2;255;32;41m██[38;2;255;115;106m██[38;2;255;115;106m██[38;2;156;41;41m██[38;2;0;0;0m██            [38;2;0;0;0m██[38;2;255;32;41m██[38;2;123;32;41m██                    
                                                          [38;2;0;0;0m██[38;2;156;41;41m██[38;2;156;41;41m██[38;2;156;41;41m██[38;2;123;32;41m██[38;2;0;0;0m██[38;2;0;0;0m██[38;2;0;0;0m██[38;2;0;0;0m██[38;2;0;0;0m██[38;2;0;0;0m██[38;2;123;32;41m██[38;2;0;0;0m██[38;2;0;0;0m██[38;2;189;49;49m██[38;2;189;49;49m██[38;2;189;49;49m██[38;2;189;49;49m██[38;2;0;0;0m██[38;2;156;41;41m██[38;2;156;41;41m██[38;2;123;32;41m██[38;2;0;0;0m██[38;2;123;32;41m██[38;2;0;0;0m██[38;2;123;32;41m██[38;2;156;41;41m██[38;2;156;41;41m██[38;2;255;32;41m██[38;2;255;32;41m██[38;2;255;115;106m██[38;2;255;189;189m██[38;2;255;189;189m██[38;2;156;41;41m██              [38;2;0;0;0m██[38;2;123;32;41m██                    
                                                          [38;2;0;0;0m██[38;2;156;41;41m██[38;2;156;41;41m██[38;2;156;41;41m██[38;2;156;41;41m██[38;2;156;41;41m██[38;2;156;41;41m██[38;2;123;32;41m██[38;2;0;0;0m██[38;2;0;0;0m██[38;2;0;0;0m██[38;2;0;0;0m██[38;2;0;0;0m██[38;2;123;32;41m██[38;2;189;49;49m██[38;2;189;49;49m██[38;2;189;49;49m██[38;2;0;0;0m██[38;2;0;0;0m██[38;2;156;41;41m██[38;2;156;41;41m██[38;2;0;0;0m██[38;2;123;32;41m██[38;2;156;41;41m██[38;2;0;0;0m██[38;2;123;32;41m██[38;2;156;41;41m██[38;2;156;41;41m██[38;2;255;32;41m██[38;2;255;32;41m██[38;2;255;115;106m██[38;2;255;189;189m██[38;2;255;189;189m██[38;2;156;41;41m██                                      
                                                          [38;2;0;0;0m██[38;2;156;41;41m██[38;2;156;41;41m██[38;2;156;41;41m██[38;2;156;41;41m██[38;2;156;41;41m██[38;2;156;41;41m██[38;2;156;41;41m██[38;2;156;41;41m██[38;2;156;41;41m██[38;2;123;32;41m██[38;2;0;0;0m██[38;2;0;0;0m██[38;2;0;0;0m██[38;2;0;0;0m██[38;2;189;49;49m██[38;2;0;0;0m██[38;2;189;189;213m██[38;2;0;0;0m██[38;2;123;32;41m██[38;2;0;0;0m██[38;2;123;32;41m██[38;2;156;41;41m██[38;2;156;41;41m██[38;2;123;32;41m██[38;2;0;0;0m██[38;2;123;32;41m██[38;2;156;41;41m██[38;2;255;32;41m██[38;2;255;32;41m██[38;2;255;115;106m██[38;2;255;115;106m██[38;2;255;115;106m██[38;2;156;41;41m██                                      
                                                        [38;2;0;0;0m██[38;2;156;41;41m██[38;2;156;41;41m██[38;2;156;41;41m██[38;2;156;41;41m██[38;2;156;41;41m██[38;2;156;41;41m██[38;2;156;41;41m██[38;2;156;41;41m██[38;2;156;41;41m██[38;2;156;41;41m██[38;2;156;41;41m██[38;2;189;49;49m██[38;2;156;41;41m██[38;2;0;0;0m██[38;2;0;0;0m██[38;2;0;0;0m██[38;2;189;189;213m██[38;2;255;255;255m██[38;2;0;0;0m██[38;2;123;32;41m██[38;2;0;0;0m██[38;2;156;41;41m██[38;2;156;41;41m██[38;2;156;41;41m██[38;2;156;41;41m██[38;2;0;0;0m██[38;2;123;32;41m██[38;2;156;41;41m██[38;2;255;32;41m██[38;2;255;32;41m██[38;2;255;32;41m██[38;2;255;32;41m██[38;2;255;32;41m██[38;2;123;32;41m██                                      
                                                        [38;2;0;0;0m██[38;2;156;41;41m██[38;2;156;41;41m██[38;2;156;41;41m██[38;2;156;41;41m██[38;2;156;41;41m██[38;2;156;41;41m██[38;2;156;41;41m██[38;2;156;41;41m██[38;2;156;41;41m██[38;2;156;41;41m██[38;2;156;41;41m██[38;2;189;49;49m██[38;2;189;49;49m██[38;2;189;49;49m██[38;2;123;32;41m██[38;2;0;0;0m██[38;2;255;255;255m██[38;2;255;255;255m██[38;2;0;0;0m██[38;2;123;32;41m██[38;2;0;0;0m██[38;2;156;41;41m██[38;2;156;41;41m██[38;2;156;41;41m██[38;2;156;41;41m██[38;2;123;32;41m██[38;2;0;0;0m██[38;2;156;41;41m██[38;2;189;49;49m██[38;2;255;32;41m██[38;2;255;32;41m██[38;2;255;32;41m██[38;2;255;32;41m██[38;2;123;32;41m██                                      
                                                        [38;2;0;0;0m██[38;2;156;41;41m██[38;2;156;41;41m██[38;2;156;41;41m██[38;2;156;41;41m██[38;2;156;41;41m██[38;2;156;41;41m██[38;2;156;41;41m██[38;2;156;41;41m██[38;2;156;41;41m██[38;2;156;41;41m██[38;2;156;41;41m██[38;2;189;49;49m██[38;2;189;49;49m██[38;2;189;49;49m██[38;2;189;49;49m██[38;2;0;0;0m██[38;2;189;189;213m██[38;2;255;255;255m██[38;2;255;255;255m██[38;2;0;0;0m██[38;2;123;32;41m██[38;2;0;0;0m██[38;2;156;41;41m██[38;2;156;41;41m██[38;2;156;41;41m██[38;2;156;41;41m██[38;2;123;32;41m██[38;2;0;0;0m██[38;2;123;32;41m██[38;2;156;41;41m██[38;2;255;32;41m██[38;2;255;32;41m██[38;2;123;32;41m██                                        
                                                      [38;2;0;0;0m██[38;2;0;0;0m██[38;2;0;0;0m██[38;2;0;0;0m██[38;2;123;32;41m██[38;2;156;41;41m██[38;2;156;41;41m██[38;2;156;41;41m██[38;2;156;41;41m██[38;2;156;41;41m██[38;2;156;41;41m██[38;2;156;41;41m██[38;2;156;41;41m██[38;2;189;49;49m██[38;2;189;49;49m██[38;2;189;49;49m██[38;2;189;49;49m██[38;2;189;49;49m██[38;2;0;0;0m██[38;2;255;255;255m██[38;2;255;255;255m██[38;2;0;0;0m██[38;2;156;41;41m██[38;2;123;32;41m██[38;2;0;0;0m██[38;2;156;41;41m██[38;2;156;41;41m██[38;2;156;41;41m██[38;2;156;41;41m██[38;2;0;0;0m██[38;2;0;0;0m██[38;2;0;0;0m██[38;2;0;0;0m██[38;2;255;32;41m██[38;2;123;32;41m██                                        
                                                      [38;2;0;0;0m██[38;2;0;0;0m██[38;2;0;0;0m██[38;2;0;0;0m██[38;2;0;0;0m██[38;2;0;0;0m██[38;2;0;0;0m██[38;2;123;32;41m██[38;2;156;41;41m██[38;2;156;41;41m██[38;2;156;41;41m██[38;2;156;41;41m██[38;2;156;41;41m██[38;2;189;49;49m██[38;2;189;49;49m██[38;2;189;49;49m██[38;2;189;49;49m██[38;2;189;49;49m██[38;2;189;49;49m██[38;2;0;0;0m██[38;2;0;0;0m██[38;2;0;0;0m██[38;2;0;0;0m██[38;2;156;41;41m██[38;2;123;32;41m██[38;2;0;0;0m██[38;2;0;0;0m██[38;2;156;41;41m██[38;2;0;0;0m██[38;2;156;41;41m██[38;2;189;49;49m██[38;2;189;49;49m██[38;2;189;49;49m██[38;2;0;0;0m██  [38;2;0;0;0m██[38;2;0;0;0m██[38;2;0;0;0m██[38;2;0;0;0m██[38;2;123;32;41m██                              
                                                      [38;2;0;0;0m██[38;2;156;41;41m██[38;2;123;32;41m██[38;2;0;0;0m██[38;2;0;0;0m██[38;2;0;0;0m██[38;2;0;0;0m██[38;2;0;0;0m██[38;2;0;0;0m██[38;2;0;0;0m██[38;2;156;41;41m██[38;2;156;41;41m██[38;2;156;41;41m██[38;2;156;41;41m██[38;2;189;49;49m██[38;2;189;49;49m██[38;2;189;49;49m██[38;2;189;49;49m██[38;2;189;49;49m██[38;2;123;32;41m██[38;2;0;0;0m██[38;2;0;0;0m██[38;2;57;57;57m██[38;2;0;0;0m██[38;2;0;0;0m██[38;2;123;32;41m██[38;2;0;0;0m██[38;2;0;0;0m██[38;2;156;41;41m██[38;2;189;49;49m██[38;2;189;49;49m██[38;2;255;32;41m██[38;2;255;115;106m██[38;2;255;115;106m██[38;2;123;32;41m██[38;2;123;32;41m██[38;2;189;49;49m██[38;2;255;32;41m██[38;2;255;115;106m██[38;2;255;115;106m██[38;2;123;32;41m██[38;2;123;32;41m██[38;2;123;32;41m██[38;2;123;32;41m██                      
                                                    [38;2;0;0;0m██[38;2;156;41;41m██[38;2;156;41;41m██[38;2;156;41;41m██[38;2;156;41;41m██[38;2;156;41;41m██[38;2;123;32;41m██[38;2;0;0;0m██[38;2;0;0;0m██[38;2;0;0;0m██[38;2;0;0;0m██[38;2;0;0;0m██[38;2;0;0;0m██[38;2;123;32;41m██[38;2;156;41;41m██[38;2;189;49;49m██[38;2;189;49;49m██[38;2;123;32;41m██[38;2;0;0;0m██[38;2;0;0;0m██[38;2;0;0;0m██[38;2;0;0;0m██[38;2;0;0;0m██[38;2;57;57;57m██[38;2;115;98;98m██[38;2;115;98;98m██[38;2;0;0;0m██[38;2;0;0;0m██[38;2;189;49;49m██[38;2;189;49;49m██[38;2;189;49;49m██[38;2;189;49;49m██[38;2;255;32;41m██[38;2;255;115;106m██[38;2;255;115;106m██[38;2;255;115;106m██[38;2;0;0;0m██[38;2;255;32;41m██[38;2;255;32;41m██[38;2;255;32;41m██[38;2;255;115;106m██[38;2;255;115;106m██[38;2;255;115;106m██[38;2;255;115;106m██[38;2;255;115;106m██[38;2;123;32;41m██[38;2;123;32;41m██[38;2;0;0;0m██[38;2;0;0;0m██              
                                                    [38;2;0;0;0m██[38;2;156;41;41m██[38;2;156;41;41m██[38;2;156;41;41m██[38;2;156;41;41m██[38;2;156;41;41m██[38;2;156;41;41m██[38;2;156;41;41m██[38;2;123;32;41m██[38;2;0;0;0m██[38;2;0;0;0m██[38;2;0;0;0m██[38;2;0;0;0m██[38;2;0;0;0m██[38;2;0;0;0m██[38;2;0;0;0m██[38;2;0;0;0m██[38;2;0;0;0m██[38;2;0;0;0m██[38;2;0;0;0m██[38;2;189;189;213m██[38;2;189;189;213m██[38;2;0;0;0m██[38;2;0;0;0m██[38;2;115;98;98m██[38;2;115;98;98m██[38;2;115;98;98m██[38;2;0;0;0m██[38;2;189;49;49m██[38;2;189;49;49m██[38;2;189;49;49m██[38;2;189;49;49m██[38;2;255;32;41m██[38;2;255;32;41m██[38;2;255;115;106m██[38;2;255;32;41m██[38;2;0;0;0m██[38;2;0;0;0m██[38;2;255;32;41m██[38;2;255;32;41m██[38;2;255;32;41m██[38;2;255;115;106m██[38;2;255;115;106m██[38;2;255;115;106m██[38;2;255;115;106m██[38;2;189;49;49m██[38;2;172;156;164m██[38;2;255;255;255m██[38;2;115;98;98m██[38;2;0;0;0m██            
                                                    [38;2;0;0;0m██[38;2;156;41;41m██[38;2;156;41;41m██[38;2;156;41;41m██[38;2;156;41;41m██[38;2;156;41;41m██[38;2;156;41;41m██[38;2;156;41;41m██[38;2;156;41;41m██[38;2;156;41;41m██[38;2;123;32;41m██[38;2;0;0;0m██[38;2;0;0;0m██[38;2;0;0;0m██[38;2;0;0;0m██[38;2;0;0;0m██[38;2;0;0;0m██[38;2;0;0;0m██[38;2;0;0;0m██[38;2;189;189;213m██[38;2;189;189;213m██[38;2;255;255;255m██[38;2;255;255;255m██[38;2;255;255;255m██[38;2;0;0;0m██[38;2;0;0;0m██[38;2;115;98;98m██[38;2;0;0;0m██[38;2;189;49;49m██[38;2;189;49;49m██[38;2;189;49;49m██[38;2;189;49;49m██[38;2;189;49;49m██[38;2;255;32;41m██[38;2;255;32;41m██[38;2;255;32;41m██[38;2;0;0;0m██[38;2;0;0;0m██[38;2;189;49;49m██[38;2;255;32;41m██[38;2;255;32;41m██[38;2;255;32;41m██[38;2;255;32;41m██[38;2;255;32;41m██[38;2;255;32;41m██[38;2;255;32;41m██[38;2;255;255;255m██[38;2;255;255;255m██[38;2;255;255;255m██[38;2;255;255;255m██[38;2;115;98;98m██          
              [38;2;123;32;41m██[38;2;0;0;0m██[38;2;0;0;0m██                                [38;2;0;0;0m██[38;2;156;41;41m██[38;2;156;41;41m██[38;2;156;41;41m██[38;2;156;41;41m██[38;2;156;41;41m██[38;2;156;41;41m██[38;2;156;41;41m██[38;2;156;41;41m██[38;2;156;41;41m██[38;2;156;41;41m██[38;2;156;41;41m██[38;2;156;41;41m██[38;2;0;0;0m██[38;2;0;0;0m██[38;2;123;32;41m██[38;2;189;49;49m██[38;2;189;49;49m██[38;2;0;0;0m██[38;2;189;189;213m██[38;2;255;255;255m██[38;2;255;255;255m██[38;2;255;255;255m██[38;2;255;255;255m██[38;2;255;255;255m██[38;2;255;255;255m██[38;2;0;0;0m██[38;2;0;0;0m██[38;2;156;41;41m██[38;2;189;49;49m██[38;2;189;49;49m██[38;2;189;49;49m██[38;2;189;49;49m██[38;2;189;49;49m██[38;2;189;49;49m██[38;2;156;41;41m██[38;2;0;0;0m██[38;2;0;0;0m██[38;2;156;41;41m██[38;2;156;41;41m██[38;2;189;49;49m██[38;2;255;32;41m██[38;2;255;32;41m██[38;2;255;32;41m██[38;2;255;32;41m██[38;2;255;32;41m██[38;2;189;49;49m██[38;2;255;255;255m██[38;2;255;255;255m██[38;2;255;255;255m██[38;2;255;255;255m██[38;2;115;98;98m██        
          [38;2;189;49;49m██[38;2;189;49;49m██[38;2;255;115;106m██[38;2;255;115;106m██[38;2;123;32;41m██[38;2;123;32;41m██[38;2;123;32;41m██[38;2;123;32;41m██[38;2;0;0;0m██                      [38;2;123;32;41m██[38;2;0;0;0m██[38;2;156;41;41m██[38;2;156;41;41m██[38;2;156;41;41m██[38;2;156;41;41m██[38;2;156;41;41m██[38;2;156;41;41m██[38;2;156;41;41m██[38;2;156;41;41m██[38;2;0;0;0m██[38;2;0;0;0m██[38;2;123;32;41m██[38;2;156;41;41m██[38;2;0;0;0m██[38;2;0;0;0m██[38;2;156;41;41m██[38;2;189;49;49m██[38;2;189;49;49m██[38;2;0;0;0m██[38;2;189;189;213m██[38;2;189;189;213m██[38;2;255;255;255m██[38;2;255;255;255m██[38;2;255;255;255m██[38;2;189;189;213m██[38;2;0;0;0m██[38;2;0;0;0m██[38;2;115;98;98m██[38;2;0;0;0m██[38;2;189;49;49m██[38;2;189;49;49m██[38;2;189;49;49m██[38;2;189;49;49m██[38;2;189;49;49m██[38;2;189;49;49m██[38;2;0;0;0m██[38;2;0;0;0m██[38;2;123;32;41m██[38;2;156;41;41m██[38;2;156;41;41m██[38;2;156;41;41m██[38;2;156;41;41m██[38;2;189;49;49m██[38;2;255;32;41m██[38;2;255;32;41m██[38;2;255;32;41m██[38;2;255;32;41m██[38;2;115;98;98m██[38;2;172;156;164m██[38;2;255;255;255m██[38;2;255;255;255m██[38;2;255;255;255m██[38;2;115;98;98m██      
        [38;2;189;49;49m██[38;2;255;115;106m██[38;2;255;115;106m██[38;2;189;49;49m██[38;2;123;32;41m██[38;2;123;32;41m██[38;2;255;115;106m██[38;2;255;115;106m██[38;2;255;115;106m██[38;2;0;0;0m██[38;2;123;32;41m██[38;2;123;32;41m██[38;2;123;32;41m██[38;2;0;0;0m██            [38;2;123;32;41m██[38;2;156;41;41m██[38;2;0;0;0m██[38;2;156;41;41m██[38;2;156;41;41m██[38;2;156;41;41m██[38;2;156;41;41m██[38;2;156;41;41m██[38;2;156;41;41m██[38;2;156;41;41m██[38;2;123;32;41m██[38;2;0;0;0m██[38;2;0;0;0m██[38;2;0;0;0m██[38;2;0;0;0m██[38;2;0;0;0m██[38;2;123;32;41m██[38;2;156;41;41m██[38;2;189;49;49m██[38;2;189;49;49m██[38;2;123;32;41m██[38;2;115;98;98m██[38;2;189;189;213m██[38;2;189;189;213m██[38;2;115;98;98m██[38;2;0;0;0m██[38;2;0;0;0m██[38;2;115;98;98m██[38;2;115;98;98m██[38;2;115;98;98m██[38;2;0;0;0m██[38;2;0;0;0m██[38;2;156;41;41m██[38;2;189;49;49m██[38;2;189;49;49m██[38;2;156;41;41m██[38;2;0;0;0m██[38;2;0;0;0m██[38;2;0;0;0m██[38;2;156;41;41m██[38;2;123;32;41m██[38;2;0;0;0m██[38;2;0;0;0m██[38;2;123;32;41m██[38;2;156;41;41m██[38;2;156;41;41m██[38;2;189;49;49m██[38;2;255;32;41m██[38;2;189;49;49m██[38;2;0;0;0m██[38;2;0;0;0m██[38;2;0;0;0m██[38;2;0;0;0m██[38;2;255;255;255m██[38;2;115;98;98m██      
      [38;2;189;49;49m██[38;2;255;115;106m██[38;2;255;115;106m██[38;2;189;49;49m██[38;2;123;32;41m██[38;2;255;115;106m██[38;2;255;115;106m██[38;2;255;115;106m██[38;2;123;32;41m██[38;2;123;32;41m██[38;2;123;32;41m██[38;2;255;115;106m██[38;2;255;115;106m██[38;2;255;115;106m██[38;2;0;0;0m██[38;2;123;32;41m██[38;2;123;32;41m██[38;2;123;32;41m██    [38;2;123;32;41m██[38;2;156;41;41m██[38;2;0;0;0m██[38;2;156;41;41m██[38;2;156;41;41m██[38;2;156;41;41m██[38;2;156;41;41m██[38;2;156;41;41m██[38;2;156;41;41m██[38;2;156;41;41m██[38;2;156;41;41m██[38;2;0;0;0m██[38;2;0;0;0m██[38;2;0;0;0m██[38;2;156;41;41m██[38;2;0;0;0m██[38;2;0;0;0m██[38;2;123;32;41m██[38;2;156;41;41m██[38;2;189;49;49m██[38;2;189;49;49m██[38;2;189;49;49m██[38;2;0;0;0m██[38;2;0;0;0m██[38;2;0;0;0m██[38;2;0;0;0m██[38;2;57;57;57m██[38;2;115;98;98m██[38;2;115;98;98m██[38;2;115;98;98m██[38;2;115;98;98m██[38;2;0;0;0m██[38;2;123;32;41m██[38;2;0;0;0m██[38;2;0;0;0m██[38;2;0;0;0m██[38;2;0;0;0m██[38;2;0;0;0m██[38;2;0;0;0m██[38;2;123;32;41m██[38;2;0;0;0m██[38;2;0;0;0m██[38;2;0;0;0m██[38;2;0;0;0m██[38;2;0;0;0m██[38;2;0;0;0m██[38;2;156;41;41m██[38;2;123;32;41m██[38;2;123;32;41m██[38;2;156;41;41m██[38;2;0;0;0m██      [38;2;0;0;0m██[38;2;0;0;0m██      
    [38;2;0;0;0m██[38;2;255;115;106m██[38;2;255;115;106m██[38;2;189;49;49m██[38;2;123;32;41m██[38;2;255;115;106m██[38;2;255;115;106m██[38;2;255;115;106m██[38;2;189;49;49m██[38;2;123;32;41m██[38;2;255;115;106m██[38;2;255;115;106m██[38;2;255;115;106m██[38;2;189;49;49m██[38;2;123;32;41m██[38;2;189;49;49m██[38;2;255;115;106m██[38;2;255;115;106m██[38;2;123;32;41m██    [38;2;123;32;41m██[38;2;156;41;41m██[38;2;0;0;0m██[38;2;156;41;41m██[38;2;156;41;41m██[38;2;156;41;41m██[38;2;156;41;41m██[38;2;156;41;41m██[38;2;156;41;41m██[38;2;156;41;41m██[38;2;156;41;41m██[38;2;0;0;0m██[38;2;0;0;0m██[38;2;123;32;41m██[38;2;156;41;41m██[38;2;156;41;41m██[38;2;156;41;41m██[38;2;156;41;41m██[38;2;156;41;41m██[38;2;189;49;49m██[38;2;189;49;49m██[38;2;189;49;49m██[38;2;189;49;49m██[38;2;189;49;49m██[38;2;123;32;41m██[38;2;57;57;57m██[38;2;57;57;57m██[38;2;57;57;57m██[38;2;115;98;98m██[38;2;115;98;98m██[38;2;115;98;98m██[38;2;115;98;98m██[38;2;0;0;0m██[38;2;123;32;41m██[38;2;156;41;41m██[38;2;123;32;41m██[38;2;123;32;41m██[38;2;0;0;0m██[38;2;0;0;0m██[38;2;0;0;0m██[38;2;0;0;0m██[38;2;123;32;41m██[38;2;123;32;41m██[38;2;156;41;41m██[38;2;156;41;41m██[38;2;0;0;0m██[38;2;0;0;0m██[38;2;0;0;0m██[38;2;156;41;41m██[38;2;115;98;98m██[38;2;0;0;0m██                
    [38;2;0;0;0m██[38;2;255;115;106m██[38;2;255;115;106m██[38;2;189;49;49m██[38;2;255;115;106m██[38;2;255;115;106m██[38;2;255;115;106m██[38;2;189;49;49m██[38;2;0;0;0m██[38;2;255;115;106m██[38;2;255;115;106m██[38;2;255;115;106m██[38;2;189;49;49m██[38;2;0;0;0m██[38;2;255;115;106m██[38;2;255;115;106m██[38;2;255;115;106m██[38;2;123;32;41m██[38;2;0;0;0m██  [38;2;123;32;41m██[38;2;156;41;41m██[38;2;156;41;41m██[38;2;0;0;0m██[38;2;156;41;41m██[38;2;156;41;41m██[38;2;156;41;41m██[38;2;156;41;41m██[38;2;156;41;41m██[38;2;156;41;41m██[38;2;156;41;41m██[38;2;156;41;41m██[38;2;0;0;0m██[38;2;0;0;0m██[38;2;156;41;41m██[38;2;156;41;41m██[38;2;156;41;41m██[38;2;156;41;41m██[38;2;156;41;41m██[38;2;189;49;49m██[38;2;189;49;49m██[38;2;189;49;49m██[38;2;189;49;49m██[38;2;189;49;49m██[38;2;189;49;49m██[38;2;189;49;49m██[38;2;123;32;41m██[38;2;0;0;0m██[38;2;0;0;0m██[38;2;123;32;41m██[38;2;123;32;41m██[38;2;123;32;41m██[38;2;123;32;41m██[38;2;0;0;0m██[38;2;156;41;41m██[38;2;156;41;41m██[38;2;156;41;41m██[38;2;156;41;41m██[38;2;123;32;41m██[38;2;0;0;0m██[38;2;0;0;0m██[38;2;0;0;0m██[38;2;0;0;0m██[38;2;156;41;41m██[38;2;156;41;41m██[38;2;156;41;41m██[38;2;156;41;41m██[38;2;123;32;41m██[38;2;0;0;0m██[38;2;0;0;0m██[38;2;172;156;164m██[38;2;172;156;164m██[38;2;0;0;0m██              
  [38;2;0;0;0m██[38;2;255;115;106m██[38;2;255;115;106m██[38;2;189;49;49m██[38;2;123;32;41m██[38;2;255;115;106m██[38;2;255;115;106m██[38;2;189;49;49m██[38;2;0;0;0m██[38;2;255;115;106m██[38;2;255;115;106m██[38;2;255;115;106m██[38;2;189;49;49m██[38;2;0;0;0m██[38;2;255;115;106m██[38;2;255;115;106m██[38;2;255;115;106m██[38;2;123;32;41m██[38;2;255;32;41m██[38;2;0;0;0m██  [38;2;123;32;41m██[38;2;156;41;41m██[38;2;156;41;41m██[38;2;0;0;0m██[38;2;156;41;41m██[38;2;156;41;41m██[38;2;156;41;41m██[38;2;156;41;41m██[38;2;156;41;41m██[38;2;156;41;41m██[38;2;156;41;41m██[38;2;123;32;41m██[38;2;0;0;0m██[38;2;0;0;0m██[38;2;156;41;41m██[38;2;156;41;41m██[38;2;156;41;41m██[38;2;156;41;41m██[38;2;156;41;41m██[38;2;189;49;49m██[38;2;189;49;49m██[38;2;189;49;49m██[38;2;189;49;49m██[38;2;189;49;49m██[38;2;189;49;49m██[38;2;0;0;0m██[38;2;0;0;0m██[38;2;189;49;49m██[38;2;189;49;49m██[38;2;189;49;49m██[38;2;189;49;49m██[38;2;189;49;49m██[38;2;189;49;49m██[38;2;189;49;49m██[38;2;0;0;0m██[38;2;156;41;41m██[38;2;156;41;41m██[38;2;156;41;41m██[38;2;156;41;41m██[38;2;0;0;0m██[38;2;123;32;41m██[38;2;0;0;0m██[38;2;0;0;0m██[38;2;0;0;0m██[38;2;123;32;41m██[38;2;156;41;41m██[38;2;156;41;41m██[38;2;156;41;41m██[38;2;156;41;41m██[38;2;123;32;41m██[38;2;255;255;255m██[38;2;255;255;255m██[38;2;255;255;255m██[38;2;115;98;98m██[38;2;115;98;98m██          
  [38;2;0;0;0m██[38;2;255;115;106m██[38;2;189;49;49m██[38;2;0;0;0m██[38;2;255;115;106m██[38;2;255;115;106m██[38;2;255;115;106m██[38;2;189;49;49m██[38;2;0;0;0m██[38;2;255;115;106m██[38;2;255;115;106m██[38;2;189;49;49m██[38;2;0;0;0m██[38;2;189;49;49m██[38;2;255;115;106m██[38;2;255;115;106m██[38;2;123;32;41m██[38;2;255;32;41m██[38;2;255;32;41m██[38;2;0;0;0m██  [38;2;123;32;41m██[38;2;156;41;41m██[38;2;156;41;41m██[38;2;0;0;0m██[38;2;156;41;41m██[38;2;156;41;41m██[38;2;156;41;41m██[38;2;156;41;41m██[38;2;156;41;41m██[38;2;156;41;41m██[38;2;156;41;41m██[38;2;0;0;0m██[38;2;0;0;0m██[38;2;123;32;41m██[38;2;156;41;41m██[38;2;156;41;41m██[38;2;156;41;41m██[38;2;156;41;41m██[38;2;156;41;41m██[38;2;189;49;49m██[38;2;189;49;49m██[38;2;189;49;49m██[38;2;189;49;49m██[38;2;189;49;49m██[38;2;0;0;0m██[38;2;189;49;49m██[38;2;189;49;49m██[38;2;189;49;49m██[38;2;189;49;49m██[38;2;189;49;49m██[38;2;189;49;49m██[38;2;189;49;49m██[38;2;189;49;49m██[38;2;189;49;49m██[38;2;189;49;49m██[38;2;0;0;0m██[38;2;0;0;0m██[38;2;156;41;41m██[38;2;156;41;41m██[38;2;123;32;41m██[38;2;0;0;0m██[38;2;156;41;41m██[38;2;123;32;41m██[38;2;0;0;0m██[38;2;0;0;0m██[38;2;0;0;0m██[38;2;156;41;41m██[38;2;156;41;41m██[38;2;123;32;41m██[38;2;172;156;164m██[38;2;255;255;255m██[38;2;255;255;255m██[38;2;255;255;255m██[38;2;255;255;255m██[38;2;255;255;255m██[38;2;115;98;98m██[38;2;115;98;98m██      
[38;2;123;32;41m██[38;2;189;49;49m██[38;2;189;49;49m██[38;2;123;32;41m██[38;2;0;0;0m██[38;2;255;115;106m██[38;2;255;115;106m██[38;2;189;49;49m██[38;2;0;0;0m██[38;2;255;115;106m██[38;2;255;115;106m██[38;2;255;115;106m██[38;2;189;49;49m██[38;2;0;0;0m██[38;2;255;115;106m██[38;2;255;115;106m██[38;2;189;49;49m██[38;2;123;32;41m██[38;2;255;32;41m██[38;2;255;32;41m██[38;2;0;0;0m██  [38;2;123;32;41m██[38;2;156;41;41m██[38;2;156;41;41m██[38;2;0;0;0m██[38;2;156;41;41m██[38;2;156;41;41m██[38;2;156;41;41m██[38;2;156;41;41m██[38;2;156;41;41m██[38;2;156;41;41m██[38;2;156;41;41m██[38;2;0;0;0m██[38;2;0;0;0m██[38;2;156;41;41m██[38;2;156;41;41m██[38;2;156;41;41m██[38;2;156;41;41m██[38;2;156;41;41m██[38;2;156;41;41m██[38;2;189;49;49m██[38;2;189;49;49m██[38;2;189;49;49m██[38;2;189;49;49m██[38;2;0;0;0m██[38;2;189;49;49m██[38;2;189;49;49m██[38;2;189;49;49m██[38;2;189;49;49m██[38;2;189;49;49m██[38;2;189;49;49m██[38;2;189;49;49m██[38;2;189;49;49m██[38;2;189;49;49m██[38;2;189;49;49m██[38;2;255;32;41m██[38;2;255;32;41m██[38;2;255;32;41m██[38;2;0;0;0m██[38;2;156;41;41m██[38;2;156;41;41m██[38;2;0;0;0m██[38;2;0;0;0m██[38;2;156;41;41m██[38;2;156;41;41m██[38;2;123;32;41m██[38;2;0;0;0m██[38;2;0;0;0m██[38;2;0;0;0m██[38;2;123;32;41m██[38;2;0;0;0m██[38;2;0;0;0m██[38;2;172;156;164m██[38;2;255;255;255m██[38;2;255;255;255m██[38;2;255;255;255m██[38;2;255;255;255m██[38;2;0;0;0m██      
[38;2;0;0;0m██[38;2;189;49;49m██[38;2;189;49;49m██[38;2;0;0;0m██[38;2;189;49;49m██[38;2;255;115;106m██[38;2;189;49;49m██[38;2;189;49;49m██[38;2;0;0;0m██[38;2;255;115;106m██[38;2;255;115;106m██[38;2;189;49;49m██[38;2;0;0;0m██[38;2;255;115;106m██[38;2;255;115;106m██[38;2;255;115;106m██[38;2;0;0;0m██[38;2;255;32;41m██[38;2;255;32;41m██[38;2;0;0;0m██    [38;2;123;32;41m██[38;2;156;41;41m██[38;2;0;0;0m██[38;2;123;32;41m██[38;2;156;41;41m██[38;2;156;41;41m██[38;2;156;41;41m██[38;2;156;41;41m██[38;2;156;41;41m██[38;2;156;41;41m██[38;2;156;41;41m██[38;2;0;0;0m██[38;2;0;0;0m██[38;2;0;0;0m██[38;2;123;32;41m██[38;2;156;41;41m██[38;2;156;41;41m██[38;2;156;41;41m██[38;2;189;49;49m██[38;2;189;49;49m██[38;2;189;49;49m██[38;2;189;49;49m██[38;2;0;0;0m██[38;2;189;49;49m██[38;2;189;49;49m██[38;2;189;49;49m██[38;2;189;49;49m██[38;2;189;49;49m██[38;2;189;49;49m██[38;2;189;49;49m██[38;2;189;49;49m██[38;2;189;49;49m██[38;2;189;49;49m██[38;2;255;32;41m██[38;2;255;32;41m██[38;2;255;32;41m██[38;2;255;115;106m██[38;2;255;189;189m██[38;2;0;0;0m██[38;2;0;0;0m██[38;2;156;41;41m██[38;2;123;32;41m██[38;2;0;0;0m██[38;2;0;0;0m██[38;2;156;41;41m██[38;2;156;41;41m██[38;2;156;41;41m██[38;2;156;41;41m██[38;2;156;41;41m██[38;2;148;131;139m██[38;2;255;255;255m██[38;2;0;0;0m██[38;2;0;0;0m██[38;2;0;0;0m██[38;2;0;0;0m██[38;2;0;0;0m██        
[38;2;0;0;0m██[38;2;189;49;49m██[38;2;189;49;49m██[38;2;0;0;0m██[38;2;189;49;49m██[38;2;189;49;49m██[38;2;189;49;49m██[38;2;189;49;49m██[38;2;0;0;0m██[38;2;255;115;106m██[38;2;189;49;49m██[38;2;189;49;49m██[38;2;0;0;0m██[38;2;255;115;106m██[38;2;255;115;106m██[38;2;189;49;49m██[38;2;0;0;0m██[38;2;255;32;41m██[38;2;255;32;41m██[38;2;0;0;0m██    [38;2;123;32;41m██[38;2;156;41;41m██[38;2;0;0;0m██[38;2;0;0;0m██[38;2;156;41;41m██[38;2;156;41;41m██[38;2;156;41;41m██[38;2;156;41;41m██[38;2;156;41;41m██[38;2;156;41;41m██[38;2;156;41;41m██[38;2;123;32;41m██[38;2;0;0;0m██[38;2;0;0;0m██[38;2;0;0;0m██[38;2;156;41;41m██[38;2;156;41;41m██[38;2;156;41;41m██[38;2;189;49;49m██[38;2;189;49;49m██[38;2;189;49;49m██[38;2;189;49;49m██[38;2;0;0;0m██[38;2;189;49;49m██[38;2;189;49;49m██[38;2;189;49;49m██[38;2;189;49;49m██[38;2;189;49;49m██[38;2;189;49;49m██[38;2;189;49;49m██[38;2;189;49;49m██[38;2;189;49;49m██[38;2;189;49;49m██[38;2;255;32;41m██[38;2;255;32;41m██[38;2;255;32;41m██[38;2;255;115;106m██[38;2;255;189;189m██[38;2;255;189;189m██[38;2;189;49;49m██[38;2;0;0;0m██[38;2;0;0;0m██[38;2;156;41;41m██[38;2;123;32;41m██[38;2;0;0;0m██[38;2;123;32;41m██[38;2;123;32;41m██[38;2;115;98;98m██[38;2;172;156;164m██[38;2;255;255;255m██[38;2;255;255;255m██[38;2;255;255;255m██[38;2;148;131;139m██[38;2;0;0;0m██            
[38;2;0;0;0m██[38;2;189;49;49m██[38;2;189;49;49m██[38;2;0;0;0m██[38;2;189;49;49m██[38;2;189;49;49m██[38;2;189;49;49m██[38;2;123;32;41m██[38;2;189;49;49m██[38;2;189;49;49m██[38;2;189;49;49m██[38;2;0;0;0m██[38;2;189;49;49m██[38;2;255;115;106m██[38;2;189;49;49m██[38;2;0;0;0m██[38;2;255;32;41m██[38;2;255;32;41m██[38;2;255;32;41m██[38;2;0;0;0m██    [38;2;123;32;41m██[38;2;156;41;41m██[38;2;0;0;0m██[38;2;0;0;0m██[38;2;0;0;0m██[38;2;0;0;0m██[38;2;0;0;0m██[38;2;156;41;41m██[38;2;156;41;41m██[38;2;156;41;41m██[38;2;156;41;41m██[38;2;156;41;41m██[38;2;0;0;0m██[38;2;0;0;0m██[38;2;123;32;41m██[38;2;156;41;41m██[38;2;156;41;41m██[38;2;189;49;49m██[38;2;189;49;49m██[38;2;189;49;49m██[38;2;189;49;49m██[38;2;189;49;49m██[38;2;0;0;0m██[38;2;189;49;49m██[38;2;189;49;49m██[38;2;189;49;49m██[38;2;189;49;49m██[38;2;189;49;49m██[38;2;189;49;49m██[38;2;189;49;49m██[38;2;189;49;49m██[38;2;189;49;49m██[38;2;189;49;49m██[38;2;255;32;41m██[38;2;255;32;41m██[38;2;255;32;41m██[38;2;255;115;106m██[38;2;255;189;189m██[38;2;255;189;189m██[38;2;189;49;49m██    [38;2;0;0;0m██[38;2;0;0;0m██[38;2;148;131;139m██[38;2;255;255;255m██[38;2;255;255;255m██[38;2;172;156;164m██[38;2;148;131;139m██[38;2;0;0;0m██[38;2;0;0;0m██[38;2;0;0;0m██[38;2;0;0;0m██              
[38;2;0;0;0m██[38;2;189;49;49m██[38;2;189;49;49m██[38;2;0;0;0m██[38;2;189;49;49m██[38;2;189;49;49m██[38;2;189;49;49m██[38;2;0;0;0m██[38;2;189;49;49m██[38;2;189;49;49m██[38;2;189;49;49m██[38;2;0;0;0m██[38;2;189;49;49m██[38;2;189;49;49m██[38;2;189;49;49m██[38;2;0;0;0m██[38;2;255;32;41m██[38;2;255;32;41m██[38;2;255;32;41m██[38;2;0;0;0m██      [38;2;0;0;0m██[38;2;123;32;41m██[38;2;156;41;41m██[38;2;123;32;41m██[38;2;0;0;0m██[38;2;0;0;0m██[38;2;0;0;0m██[38;2;0;0;0m██[38;2;123;32;41m██[38;2;156;41;41m██[38;2;0;0;0m██[38;2;0;0;0m██[38;2;0;0;0m██[38;2;156;41;41m██[38;2;156;41;41m██[38;2;156;41;41m██[38;2;189;49;49m██[38;2;189;49;49m██[38;2;189;49;49m██[38;2;189;49;49m██[38;2;0;0;0m██[38;2;189;49;49m██[38;2;189;49;49m██[38;2;189;49;49m██[38;2;189;49;49m██[38;2;189;49;49m██[38;2;189;49;49m██[38;2;189;49;49m██[38;2;189;49;49m██[38;2;189;49;49m██[38;2;189;49;49m██[38;2;189;49;49m██[38;2;255;32;41m██[38;2;255;32;41m██[38;2;255;32;41m██[38;2;255;115;106m██[38;2;255;115;106m██[38;2;255;115;106m██[38;2;189;49;49m██        [38;2;0;0;0m██[38;2;0;0;0m██[38;2;0;0;0m██[38;2;0;0;0m██[38;2;0;0;0m██                      
[38;2;0;0;0m██[38;2;189;49;49m██[38;2;189;49;49m██[38;2;0;0;0m██[38;2;189;49;49m██[38;2;189;49;49m██[38;2;189;49;49m██[38;2;0;0;0m██[38;2;189;49;49m██[38;2;189;49;49m██[38;2;189;49;49m██[38;2;0;0;0m██[38;2;189;49;49m██[38;2;189;49;49m██[38;2;189;49;49m██[38;2;0;0;0m██[38;2;255;32;41m██[38;2;255;32;41m██[38;2;255;32;41m██[38;2;0;0;0m██  [38;2;0;0;0m██[38;2;0;0;0m██[38;2;0;0;0m██[38;2;156;41;41m██[38;2;156;41;41m██[38;2;156;41;41m██[38;2;156;41;41m██[38;2;156;41;41m██[38;2;0;0;0m██[38;2;0;0;0m██[38;2;0;0;0m██[38;2;0;0;0m██[38;2;0;0;0m██[38;2;0;0;0m██[38;2;123;32;41m██[38;2;156;41;41m██[38;2;156;41;41m██[38;2;189;49;49m██[38;2;189;49;49m██[38;2;189;49;49m██[38;2;189;49;49m██[38;2;189;49;49m██[38;2;0;0;0m██[38;2;189;49;49m██[38;2;189;49;49m██[38;2;189;49;49m██[38;2;189;49;49m██[38;2;189;49;49m██[38;2;189;49;49m██[38;2;189;49;49m██[38;2;189;49;49m██[38;2;189;49;49m██[38;2;189;49;49m██[38;2;189;49;49m██[38;2;255;32;41m██[38;2;255;32;41m██[38;2;255;32;41m██[38;2;255;32;41m██[38;2;255;115;106m██[38;2;255;115;106m██[38;2;123;32;41m██                                        
[38;2;0;0;0m██[38;2;123;32;41m██[38;2;189;49;49m██[38;2;0;0;0m██[38;2;189;49;49m██[38;2;189;49;49m██[38;2;189;49;49m██[38;2;0;0;0m██[38;2;189;49;49m██[38;2;189;49;49m██[38;2;189;49;49m██[38;2;0;0;0m██[38;2;189;49;49m██[38;2;189;49;49m██[38;2;189;49;49m██[38;2;0;0;0m██[38;2;255;32;41m██[38;2;255;32;41m██[38;2;255;32;41m██[38;2;0;0;0m██[38;2;0;0;0m██[38;2;123;32;41m██[38;2;123;32;41m██[38;2;0;0;0m██[38;2;0;0;0m██[38;2;0;0;0m██[38;2;156;41;41m██[38;2;156;41;41m██[38;2;156;41;41m██[38;2;156;41;41m██[38;2;123;32;41m██[38;2;0;0;0m██[38;2;0;0;0m██[38;2;0;0;0m██[38;2;0;0;0m██[38;2;156;41;41m██[38;2;156;41;41m██[38;2;156;41;41m██[38;2;189;49;49m██[38;2;189;49;49m██[38;2;189;49;49m██[38;2;189;49;49m██[38;2;189;49;49m██[38;2;0;0;0m██[38;2;189;49;49m██[38;2;189;49;49m██[38;2;189;49;49m██[38;2;189;49;49m██[38;2;189;49;49m██[38;2;189;49;49m██[38;2;189;49;49m██[38;2;189;49;49m██[38;2;189;49;49m██[38;2;189;49;49m██[38;2;189;49;49m██[38;2;189;49;49m██[38;2;255;32;41m██[38;2;255;32;41m██[38;2;255;32;41m██[38;2;255;32;41m██[38;2;255;32;41m██[38;2;123;32;41m██                                        
[38;2;0;0;0m██[38;2;156;41;41m██[38;2;123;32;41m██[38;2;0;0;0m██[38;2;189;49;49m██[38;2;189;49;49m██[38;2;189;49;49m██[38;2;0;0;0m██[38;2;189;49;49m██[38;2;189;49;49m██[38;2;189;49;49m██[38;2;0;0;0m██[38;2;189;49;49m██[38;2;189;49;49m██[38;2;189;49;49m██[38;2;0;0;0m██[38;2;255;32;41m██[38;2;255;32;41m██[38;2;255;32;41m██[38;2;0;0;0m██[38;2;189;49;49m██[38;2;0;0;0m██[38;2;0;0;0m██[38;2;156;41;41m██[38;2;0;0;0m██[38;2;0;0;0m██[38;2;0;0;0m██[38;2;0;0;0m██[38;2;156;41;41m██[38;2;156;41;41m██[38;2;156;41;41m██[38;2;156;41;41m██[38;2;0;0;0m██[38;2;0;0;0m██[38;2;0;0;0m██[38;2;0;0;0m██[38;2;156;41;41m██[38;2;189;49;49m██[38;2;189;49;49m██[38;2;189;49;49m██[38;2;189;49;49m██[38;2;189;49;49m██[38;2;57;57;57m██[38;2;0;0;0m██[38;2;189;49;49m██[38;2;189;49;49m██[38;2;189;49;49m██[38;2;189;49;49m██[38;2;189;49;49m██[38;2;189;49;49m██[38;2;189;49;49m██[38;2;189;49;49m██[38;2;189;49;49m██[38;2;189;49;49m██[38;2;189;49;49m██[38;2;189;49;49m██[38;2;255;32;41m██[38;2;255;32;41m██[38;2;255;32;41m██[38;2;255;32;41m██[38;2;123;32;41m██                                          
  [38;2;0;0;0m██[38;2;189;49;49m██[38;2;189;49;49m██[38;2;123;32;41m██[38;2;0;0;0m██[38;2;0;0;0m██[38;2;0;0;0m██[38;2;189;49;49m██[38;2;189;49;49m██[38;2;189;49;49m██[38;2;0;0;0m██[38;2;189;49;49m██[38;2;189;49;49m██[38;2;189;49;49m██[38;2;0;0;0m██[38;2;255;32;41m██[38;2;255;32;41m██[38;2;255;32;41m██[38;2;123;32;41m██[38;2;123;32;41m██[38;2;189;49;49m██[38;2;255;32;41m██[38;2;0;0;0m██[38;2;156;41;41m██[38;2;156;41;41m██[38;2;0;0;0m██[38;2;0;0;0m██[38;2;0;0;0m██[38;2;0;0;0m██[38;2;156;41;41m██[38;2;156;41;41m██[38;2;156;41;41m██[38;2;156;41;41m██[38;2;0;0;0m██[38;2;0;0;0m██[38;2;0;0;0m██[38;2;189;49;49m██[38;2;189;49;49m██[38;2;189;49;49m██[38;2;189;49;49m██[38;2;57;57;57m██[38;2;57;57;57m██[38;2;0;0;0m██[38;2;189;49;49m██[38;2;189;49;49m██[38;2;189;49;49m██[38;2;189;49;49m██[38;2;189;49;49m██[38;2;189;49;49m██[38;2;189;49;49m██[38;2;189;49;49m██[38;2;189;49;49m██[38;2;189;49;49m██[38;2;189;49;49m██[38;2;189;49;49m██[38;2;255;32;41m██[38;2;255;32;41m██[38;2;255;32;41m██[38;2;255;32;41m██[38;2;123;32;41m██                                          
  [38;2;0;0;0m██[38;2;123;32;41m██[38;2;123;32;41m██[38;2;189;49;49m██[38;2;189;49;49m██[38;2;189;49;49m██[38;2;0;0;0m██[38;2;123;32;41m██[38;2;189;49;49m██[38;2;189;49;49m██[38;2;0;0;0m██[38;2;189;49;49m██[38;2;189;49;49m██[38;2;189;49;49m██[38;2;0;0;0m██[38;2;255;32;41m██[38;2;255;32;41m██[38;2;123;32;41m██[38;2;189;49;49m██[38;2;57;57;57m██[38;2;0;0;0m██[38;2;189;49;49m██[38;2;255;32;41m██[38;2;123;32;41m██[38;2;156;41;41m██[38;2;156;41;41m██[38;2;156;41;41m██[38;2;0;0;0m██[38;2;0;0;0m██[38;2;0;0;0m██[38;2;0;0;0m██[38;2;156;41;41m██[38;2;156;41;41m██[38;2;189;49;49m██[38;2;0;0;0m██[38;2;0;0;0m██[38;2;57;57;57m██[38;2;189;49;49m██[38;2;189;49;49m██[38;2;57;57;57m██[38;2;57;57;57m██[38;2;115;98;98m██[38;2;0;0;0m██[38;2;189;49;49m██[38;2;189;49;49m██[38;2;189;49;49m██[38;2;189;49;49m██[38;2;189;49;49m██[38;2;189;49;49m██[38;2;189;49;49m██[38;2;189;49;49m██[38;2;189;49;49m██[38;2;189;49;49m██[38;2;189;49;49m██[38;2;189;49;49m██[38;2;189;49;49m██[38;2;255;32;41m██[38;2;255;32;41m██[38;2;123;32;41m██                                            
    [38;2;0;0;0m██[38;2;115;98;98m██[38;2;0;0;0m██[38;2;0;0;0m██[38;2;123;32;41m██[38;2;189;49;49m██[38;2;189;49;49m██[38;2;0;0;0m██[38;2;0;0;0m██[38;2;0;0;0m██[38;2;189;49;49m██[38;2;189;49;49m██[38;2;189;49;49m██[38;2;0;0;0m██[38;2;255;32;41m██[38;2;123;32;41m██[38;2;189;49;49m██[38;2;0;0;0m██[38;2;115;98;98m██[38;2;0;0;0m██[38;2;189;49;49m██[38;2;255;32;41m██[38;2;255;32;41m██[38;2;57;57;57m██[38;2;156;41;41m██[38;2;156;41;41m██[38;2;156;41;41m██[38;2;156;41;41m██[38;2;0;0;0m██[38;2;0;0;0m██[38;2;156;41;41m██[38;2;189;49;49m██[38;2;255;32;41m██[38;2;255;32;41m██[38;2;156;41;41m██[38;2;57;57;57m██[38;2;0;0;0m██[38;2;0;0;0m██[38;2;0;0;0m██[38;2;115;98;98m██[38;2;115;98;98m██[38;2;123;32;41m██[38;2;123;32;41m██[38;2;189;49;49m██[38;2;156;41;41m██[38;2;189;49;49m██[38;2;189;49;49m██[38;2;156;41;41m██[38;2;189;49;49m██[38;2;189;49;49m██[38;2;189;49;49m██[38;2;189;49;49m██[38;2;189;49;49m██[38;2;189;49;49m██[38;2;189;49;49m██[38;2;189;49;49m██[38;2;255;32;41m██[38;2;0;0;0m██                                            
    [38;2;57;57;57m██[38;2;115;98;98m██[38;2;115;98;98m██[38;2;115;98;98m██[38;2;0;0;0m██[38;2;0;0;0m██[38;2;123;32;41m██[38;2;189;49;49m██[38;2;189;49;49m██[38;2;189;49;49m██[38;2;0;0;0m██[38;2;0;0;0m██[38;2;123;32;41m██[38;2;0;0;0m██[38;2;123;32;41m██[38;2;189;49;49m██[38;2;0;0;0m██[38;2;148;131;139m██[38;2;148;131;139m██[38;2;0;0;0m██[38;2;123;32;41m██[38;2;255;32;41m██[38;2;255;32;41m██[38;2;189;49;49m██[38;2;57;57;57m██[38;2;156;41;41m██[38;2;156;41;41m██[38;2;156;41;41m██[38;2;189;49;49m██[38;2;0;0;0m██[38;2;0;0;0m██[38;2;255;32;41m██[38;2;255;32;41m██[38;2;189;49;49m██[38;2;189;49;49m██[38;2;0;0;0m██[38;2;189;189;213m██[38;2;189;189;213m██[38;2;255;255;255m██[38;2;0;0;0m██[38;2;0;0;0m██[38;2;115;98;98m██[38;2;0;0;0m██[38;2;189;49;49m██[38;2;189;49;49m██[38;2;123;32;41m██[38;2;189;49;49m██[38;2;189;49;49m██[38;2;123;32;41m██[38;2;189;49;49m██[38;2;189;49;49m██[38;2;189;49;49m██[38;2;189;49;49m██[38;2;189;49;49m██[38;2;189;49;49m██[38;2;189;49;49m██[38;2;189;49;49m██[38;2;0;0;0m██                                            
      [38;2;57;57;57m██[38;2;115;98;98m██[38;2;115;98;98m██[38;2;115;98;98m██[38;2;115;98;98m██[38;2;0;0;0m██[38;2;0;0;0m██[38;2;0;0;0m██[38;2;123;32;41m██[38;2;189;49;49m██[38;2;189;49;49m██[38;2;189;49;49m██[38;2;189;49;49m██[38;2;189;49;49m██[38;2;0;0;0m██[38;2;148;131;139m██[38;2;148;131;139m██[38;2;148;131;139m██[38;2;115;98;98m██[38;2;0;0;0m██[38;2;123;32;41m██[38;2;255;32;41m██[38;2;255;32;41m██[38;2;123;32;41m██[38;2;57;57;57m██[38;2;255;32;41m██[38;2;255;32;41m██[38;2;255;32;41m██[38;2;57;57;57m██[38;2;57;57;57m██[38;2;189;49;49m██[38;2;189;49;49m██[38;2;156;41;41m██[38;2;57;57;57m██[38;2;189;189;213m██[38;2;189;189;213m██[38;2;255;255;255m██[38;2;255;255;255m██[38;2;255;255;255m██[38;2;255;255;255m██[38;2;0;0;0m██[38;2;0;0;0m██[38;2;189;49;49m██[38;2;189;49;49m██[38;2;123;32;41m██[38;2;189;49;49m██[38;2;189;49;49m██[38;2;123;32;41m██[38;2;189;49;49m██[38;2;189;49;49m██[38;2;189;49;49m██[38;2;189;49;49m██[38;2;189;49;49m██[38;2;189;49;49m██[38;2;189;49;49m██[38;2;189;49;49m██[38;2;0;0;0m██[38;2;57;57;57m██[38;2;57;57;57m██                                        
        [38;2;57;57;57m██[38;2;115;98;98m██[38;2;115;98;98m██[38;2;115;98;98m██[38;2;115;98;98m██[38;2;115;98;98m██[38;2;115;98;98m██[38;2;0;0;0m██[38;2;0;0;0m██[38;2;0;0;0m██[38;2;0;0;0m██[38;2;57;57;57m██[38;2;57;57;57m██[38;2;115;98;98m██[38;2;148;131;139m██[38;2;148;131;139m██[38;2;148;131;139m██[38;2;148;131;139m██[38;2;57;57;57m██[38;2;57;57;57m██[38;2;57;57;57m██[38;2;0;0;0m██[38;2;0;0;0m██[38;2;57;57;57m██[38;2;189;49;49m██[38;2;189;49;49m██[38;2;189;49;49m██[38;2;57;57;57m██[38;2;57;57;57m██[38;2;156;41;41m██[38;2;156;41;41m██[38;2;156;41;41m██[38;2;57;57;57m██[38;2;189;189;213m██[38;2;189;189;213m██[38;2;255;255;255m██[38;2;255;255;255m██[38;2;255;255;255m██[38;2;255;255;255m██[38;2;255;255;255m██[38;2;255;255;255m██[38;2;0;0;0m██[38;2;156;41;41m██[38;2;123;32;41m██[38;2;189;49;49m██[38;2;156;41;41m██[38;2;123;32;41m██[38;2;189;49;49m██[38;2;189;49;49m██[38;2;189;49;49m██[38;2;189;49;49m██[38;2;189;49;49m██[38;2;189;49;49m██[38;2;189;49;49m██[38;2;189;49;49m██[38;2;0;0;0m██[38;2;115;98;98m██[38;2;115;98;98m██[38;2;57;57;57m██[38;2;0;0;0m██[38;2;0;0;0m██[38;2;57;57;57m██                                
          [38;2;57;57;57m██[38;2;115;98;98m██[38;2;115;98;98m██[38;2;115;98;98m██[38;2;115;98;98m██[38;2;115;98;98m██[38;2;115;98;98m██[38;2;115;98;98m██[38;2;115;98;98m██[38;2;115;98;98m██[38;2;115;98;98m██[38;2;115;98;98m██[38;2;57;57;57m██[38;2;148;131;139m██[38;2;148;131;139m██[38;2;148;131;139m██[38;2;148;131;139m██[38;2;57;57;57m██[38;2;189;189;213m██[38;2;189;189;213m██[38;2;255;255;255m██[38;2;255;255;255m██[38;2;0;0;0m██[38;2;0;0;0m██[38;2;189;49;49m██[38;2;57;57;57m██[38;2;0;0;0m██[38;2;0;0;0m██[38;2;0;0;0m██[38;2;156;41;41m██[38;2;156;41;41m██[38;2;57;57;57m██[38;2;189;189;213m██[38;2;189;189;213m██[38;2;189;189;213m██[38;2;255;255;255m██[38;2;255;255;255m██[38;2;255;255;255m██[38;2;0;0;0m██[38;2;0;0;0m██[38;2;189;49;49m██[38;2;123;32;41m██[38;2;156;41;41m██[38;2;189;49;49m██[38;2;123;32;41m██[38;2;123;32;41m██[38;2;189;49;49m██[38;2;189;49;49m██[38;2;189;49;49m██[38;2;189;49;49m██[38;2;189;49;49m██[38;2;189;49;49m██[38;2;189;49;49m██[38;2;189;49;49m██[38;2;0;0;0m██[38;2;0;0;0m██[38;2;57;57;57m██[38;2;189;189;213m██[38;2;189;189;213m██[38;2;255;255;255m██[38;2;255;255;255m██[38;2;115;98;98m██                              
            [38;2;57;57;57m██[38;2;57;57;57m██[38;2;115;98;98m██[38;2;115;98;98m██[38;2;115;98;98m██[38;2;115;98;98m██[38;2;115;98;98m██[38;2;115;98;98m██[38;2;115;98;98m██[38;2;115;98;98m██[38;2;115;98;98m██[38;2;115;98;98m██[38;2;57;57;57m██[38;2;148;131;139m██[38;2;148;131;139m██[38;2;57;57;57m██[38;2;189;189;213m██[38;2;189;189;213m██[38;2;255;255;255m██[38;2;255;255;255m██[38;2;255;255;255m██[38;2;255;255;255m██[38;2;255;255;255m██[38;2;0;0;0m██[38;2;0;0;0m██[38;2;189;189;213m██[38;2;189;189;213m██[38;2;255;255;255m██[38;2;0;0;0m██[38;2;0;0;0m██[38;2;156;41;41m██[38;2;57;57;57m██[38;2;189;189;213m██[38;2;189;189;213m██[38;2;189;189;213m██[38;2;0;0;0m██[38;2;0;0;0m██[38;2;0;0;0m██[38;2;189;49;49m██[38;2;189;49;49m██[38;2;0;0;0m██[38;2;189;49;49m██[38;2;189;49;49m██[38;2;0;0;0m██[38;2;189;49;49m██[38;2;189;49;49m██[38;2;189;49;49m██[38;2;189;49;49m██[38;2;189;49;49m██[38;2;189;49;49m██[38;2;189;49;49m██[38;2;189;49;49m██[38;2;255;32;41m██[38;2;255;32;41m██[38;2;123;32;41m██[38;2;123;32;41m██[38;2;0;0;0m██[38;2;0;0;0m██[38;2;57;57;57m██[38;2;57;57;57m██[38;2;0;0;0m██                              
                [38;2;57;57;57m██[38;2;57;57;57m██[38;2;115;98;98m██[38;2;115;98;98m██[38;2;115;98;98m██[38;2;115;98;98m██[38;2;115;98;98m██[38;2;115;98;98m██[38;2;115;98;98m██[38;2;115;98;98m██[38;2;57;57;57m██[38;2;115;98;98m██[38;2;148;131;139m██[38;2;0;0;0m██[38;2;189;189;213m██[38;2;189;189;213m██[38;2;255;255;255m██[38;2;255;255;255m██[38;2;255;255;255m██[38;2;255;255;255m██[38;2;255;255;255m██[38;2;255;255;255m██[38;2;255;255;255m██[38;2;0;0;0m██[38;2;255;255;255m██[38;2;255;255;255m██[38;2;255;255;255m██[38;2;255;255;255m██[38;2;0;0;0m██[38;2;0;0;0m██[38;2;0;0;0m██[38;2;0;0;0m██[38;2;0;0;0m██[38;2;57;57;57m██[38;2;57;57;57m██[38;2;0;0;0m██[38;2;189;49;49m██[38;2;156;41;41m██[38;2;0;0;0m██[38;2;189;49;49m██[38;2;189;49;49m██[38;2;0;0;0m██[38;2;189;49;49m██[38;2;189;49;49m██[38;2;189;49;49m██[38;2;189;49;49m██[38;2;189;49;49m██[38;2;189;49;49m██[38;2;189;49;49m██[38;2;255;32;41m██[38;2;255;32;41m██[38;2;255;32;41m██[38;2;255;32;41m██[38;2;123;32;41m██[38;2;115;98;98m██[38;2;189;189;213m██[38;2;189;189;213m██[38;2;255;255;255m██[38;2;255;255;255m██[38;2;115;98;98m██[38;2;115;98;98m██                          
                    [38;2;57;57;57m██[38;2;57;57;57m██[38;2;115;98;98m██[38;2;115;98;98m██[38;2;115;98;98m██[38;2;115;98;98m██[38;2;115;98;98m██[38;2;115;98;98m██[38;2;115;98;98m██[38;2;57;57;57m██[38;2;148;131;139m██[38;2;0;0;0m██[38;2;189;189;213m██[38;2;189;189;213m██[38;2;189;189;213m██[38;2;255;255;255m██[38;2;255;255;255m██[38;2;255;255;255m██[38;2;189;189;213m██[38;2;0;0;0m██[38;2;0;0;0m██[38;2;189;189;213m██[38;2;255;255;255m██[38;2;255;255;255m██[38;2;255;255;255m██[38;2;255;255;255m██[38;2;255;255;255m██[38;2;255;255;255m██[38;2;0;0;0m██[38;2;57;57;57m██[38;2;57;57;57m██  [38;2;0;0;0m██[38;2;189;49;49m██[38;2;189;49;49m██[38;2;0;0;0m██[38;2;156;41;41m██[38;2;189;49;49m██[38;2;189;49;49m██[38;2;0;0;0m██[38;2;189;49;49m██[38;2;189;49;49m██[38;2;189;49;49m██[38;2;189;49;49m██[38;2;189;49;49m██[38;2;189;49;49m██[38;2;189;49;49m██[38;2;255;32;41m██[38;2;255;32;41m██[38;2;255;32;41m██[38;2;255;32;41m██[38;2;123;32;41m██[38;2;189;189;213m██[38;2;189;189;213m██[38;2;255;255;255m██[38;2;255;255;255m██[38;2;255;255;255m██[38;2;255;255;255m██[38;2;189;189;213m██[38;2;0;0;0m██                        
                        [38;2;57;57;57m██[38;2;57;57;57m██[38;2;57;57;57m██[38;2;115;98;98m██[38;2;115;98;98m██[38;2;115;98;98m██[38;2;115;98;98m██[38;2;115;98;98m██[38;2;115;98;98m██[38;2;148;131;139m██[38;2;0;0;0m██[38;2;189;189;213m██[38;2;189;189;213m██[38;2;189;189;213m██[38;2;189;189;213m██[38;2;0;0;0m██[38;2;0;0;0m██[38;2;57;57;57m██[38;2;189;189;213m██[38;2;189;189;213m██[38;2;189;189;213m██[38;2;255;255;255m██[38;2;255;255;255m██[38;2;255;255;255m██[38;2;0;0;0m██[38;2;0;0;0m██        [38;2;0;0;0m██[38;2;189;49;49m██[38;2;189;49;49m██[38;2;0;0;0m██[38;2;189;49;49m██[38;2;189;49;49m██[38;2;0;0;0m██[38;2;156;41;41m██[38;2;189;49;49m██[38;2;189;49;49m██[38;2;189;49;49m██[38;2;189;49;49m██[38;2;189;49;49m██[38;2;189;49;49m██[38;2;189;49;49m██[38;2;255;32;41m██[38;2;255;32;41m██[38;2;255;32;41m██[38;2;255;32;41m██[38;2;189;49;49m██[38;2;189;189;213m██[38;2;189;189;213m██[38;2;189;189;213m██[38;2;115;98;98m██[38;2;0;0;0m██[38;2;0;0;0m██[38;2;0;0;0m██                          
                              [38;2;0;0;0m██[38;2;0;0;0m██[38;2;0;0;0m██[38;2;115;98;98m██[38;2;115;98;98m██[38;2;115;98;98m██[38;2;115;98;98m██[38;2;148;131;139m██[38;2;0;0;0m██[38;2;0;0;0m██[38;2;0;0;0m██[38;2;0;0;0m██[38;2;115;98;98m██[38;2;115;98;98m██[38;2;115;98;98m██[38;2;0;0;0m██[38;2;148;131;139m██[38;2;189;189;213m██[38;2;189;189;213m██[38;2;0;0;0m██[38;2;0;0;0m██            [38;2;0;0;0m██[38;2;189;49;49m██[38;2;156;41;41m██[38;2;0;0;0m██[38;2;189;49;49m██[38;2;189;49;49m██[38;2;0;0;0m██[38;2;156;41;41m██[38;2;189;49;49m██[38;2;189;49;49m██[38;2;189;49;49m██[38;2;189;49;49m██[38;2;189;49;49m██[38;2;189;49;49m██[38;2;189;49;49m██[38;2;189;49;49m██[38;2;189;49;49m██[38;2;255;32;41m██[38;2;255;32;41m██[38;2;123;32;41m██[38;2;0;0;0m██[38;2;0;0;0m██[38;2;0;0;0m██[38;2;0;0;0m██                                
                                    [38;2;0;0;0m██[38;2;0;0;0m██[38;2;0;0;0m██[38;2;0;0;0m██[38;2;115;98;98m██[38;2;148;131;139m██[38;2;148;131;139m██[38;2;148;131;139m██[38;2;148;131;139m██[38;2;148;131;139m██[38;2;115;98;98m██[38;2;115;98;98m██[38;2;115;98;98m██[38;2;0;0;0m██[38;2;0;0;0m██[38;2;0;0;0m██                  [38;2;0;0;0m██[38;2;0;0;0m██[38;2;0;0;0m██[38;2;189;49;49m██[38;2;156;41;41m██[38;2;0;0;0m██[38;2;189;49;49m██[38;2;189;49;49m██[38;2;189;49;49m██[38;2;189;49;49m██[38;2;189;49;49m██[38;2;189;49;49m██[38;2;189;49;49m██[38;2;189;49;49m██[38;2;0;0;0m██[38;2;0;0;0m██[38;2;0;0;0m██[38;2;0;0;0m██[38;2;0;0;0m██                                        
                                            [38;2;0;0;0m██[38;2;0;0;0m██[38;2;0;0;0m██[38;2;0;0;0m██[38;2;0;0;0m██[38;2;0;0;0m██[38;2;0;0;0m██[38;2;0;0;0m██[38;2;57;57;57m██                              [38;2;0;0;0m██[38;2;0;0;0m██[38;2;0;0;0m██[38;2;189;49;49m██[38;2;189;49;49m██[38;2;189;49;49m██[38;2;0;0;0m██[38;2;0;0;0m██[38;2;0;0;0m██[38;2;0;0;0m██[38;2;0;0;0m██                                                  
                                                                                                  [38;2;0;0;0m██[38;2;0;0;0m██[38;2;0;0;0m██                                                            
