                                                                                        [38;2;189;139;106m██[38;2;189;139;106m██                                                                
                                                                                      [38;2;189;139;106m██[38;2;255;230;131m██[38;2;189;139;106m██                                                                
                                                                                    [38;2;189;139;106m██[38;2;255;230;131m██[38;2;255;230;131m██[38;2;189;139;106m██          [38;2;189;139;106m██                                                    
                                                                                  [38;2;189;139;106m██[38;2;255;230;131m██[38;2;255;230;131m██[38;2;255;230;131m██[38;2;189;139;106m██          [38;2;255;230;131m██[38;2;123;82;65m██                                                  
                                                                            [38;2;123;82;65m██    [38;2;238;205;98m██[38;2;255;230;131m██[38;2;255;230;131m██[38;2;238;205;98m██[38;2;238;205;98m██        [38;2;238;205;98m██[38;2;255;230;131m██[38;2;123;82;65m██                                                  
                                                                          [38;2;123;82;65m██[38;2;189;139;106m██  [38;2;189;139;106m██[38;2;255;230;131m██[38;2;255;230;131m██[38;2;238;205;98m██[38;2;189;139;106m██[38;2;189;139;106m██      [38;2;189;139;106m██[38;2;255;230;131m██[38;2;255;230;131m██[38;2;123;82;65m██                                                  
                                                                          [38;2;123;82;65m██[38;2;16;16;16m██[38;2;189;139;106m██[38;2;255;230;131m██[38;2;255;230;131m██[38;2;255;230;131m██[38;2;123;82;65m██        [38;2;189;139;106m██[38;2;255;230;131m██[38;2;255;230;131m██[38;2;255;230;131m██[38;2;123;82;65m██                                                  
                                                                        [38;2;123;82;65m██[38;2;189;139;106m██[38;2;16;16;16m██[38;2;189;139;106m██[38;2;255;230;131m██[38;2;255;230;131m██[38;2;123;82;65m██[38;2;16;16;16m██[38;2;16;16;16m██[38;2;16;16;16m██      [38;2;189;139;106m██[38;2;255;230;131m██[38;2;123;82;65m██                                                    
                                                                        [38;2;123;82;65m██[38;2;16;16;16m██[38;2;189;139;106m██[38;2;255;230;131m██[38;2;255;230;131m██[38;2;189;139;106m██[38;2;16;57;115m██[38;2;16;57;115m██[38;2;16;57;115m██[38;2;16;57;115m██[38;2;16;16;16m██[38;2;16;16;16m██  [38;2;238;205;98m██[38;2;255;230;131m██[38;2;123;82;65m██                                                    
                                                                        [38;2;123;82;65m██[38;2;16;16;16m██[38;2;189;139;106m██[38;2;255;230;131m██[38;2;255;230;131m██[38;2;16;57;115m██[38;2;41;90;148m██[38;2;16;57;115m██[38;2;16;57;115m██[38;2;82;139;230m██[38;2;16;57;115m██[38;2;16;57;115m██[38;2;189;139;106m██[38;2;255;230;131m██[38;2;123;82;65m██                                                      
                                                                        [38;2;123;82;65m██[38;2;189;139;106m██[38;2;255;230;131m██[38;2;255;230;131m██[38;2;189;139;106m██[38;2;41;90;148m██[38;2;82;139;230m██[38;2;41;90;148m██[38;2;82;139;230m██[38;2;156;205;255m██[38;2;16;57;115m██[38;2;189;139;106m██[38;2;255;230;131m██[38;2;255;230;131m██[38;2;123;82;65m██      [38;2;41;90;148m██[38;2;41;90;148m██                                            
                                                                      [38;2;123;82;65m██[38;2;16;16;16m██[38;2;189;139;106m██[38;2;255;230;131m██[38;2;255;230;131m██[38;2;82;139;230m██[38;2;82;139;230m██[38;2;82;139;230m██[38;2;82;139;230m██[38;2;156;205;255m██[38;2;156;205;255m██[38;2;189;139;106m██[38;2;255;230;131m██[38;2;255;230;131m██[38;2;189;139;106m██[38;2;16;16;16m██[38;2;16;16;16m██  [38;2;41;90;148m██[38;2;156;205;255m██[38;2;16;16;16m██                                            
                                                                      [38;2;123;82;65m██[38;2;16;16;16m██[38;2;189;139;106m██[38;2;255;230;131m██[38;2;123;82;65m██[38;2;41;90;148m██[38;2;16;32;65m██[38;2;189;139;106m██[38;2;255;255;255m██[38;2;189;139;106m██[38;2;238;205;98m██[38;2;255;230;131m██[38;2;255;230;131m██[38;2;255;230;131m██[38;2;189;139;106m██[38;2;16;57;115m██[38;2;16;16;16m██[38;2;16;57;115m██[38;2;156;205;255m██[38;2;82;139;230m██[38;2;16;16;16m██                                            
                                                                [38;2;74;115;172m██[38;2;16;57;115m██  [38;2;123;82;65m██[38;2;189;139;106m██[38;2;255;230;131m██[38;2;255;230;131m██[38;2;41;90;148m██[38;2;16;32;65m██[38;2;255;255;255m██[38;2;16;32;65m██[38;2;189;139;106m██[38;2;238;205;98m██[38;2;255;230;131m██[38;2;255;230;131m██[38;2;255;230;131m██[38;2;189;139;106m██[38;2;16;16;16m██[38;2;74;115;172m██[38;2;16;57;115m██[38;2;156;205;255m██[38;2;82;139;230m██[38;2;16;57;115m██                                              
                                                                [38;2;82;139;230m██[38;2;74;115;172m██[38;2;16;57;115m██[38;2;16;16;16m██[38;2;189;139;106m██[38;2;255;230;131m██[38;2;255;230;131m██[38;2;123;82;65m██[38;2;189;139;106m██[38;2;189;139;106m██[38;2;238;205;98m██[38;2;238;205;98m██[38;2;238;205;98m██[38;2;238;205;98m██[38;2;238;205;98m██[38;2;255;230;131m██[38;2;189;139;106m██[38;2;74;115;172m██[38;2;156;205;255m██[38;2;82;139;230m██[38;2;82;139;230m██[38;2;82;139;230m██[38;2;16;16;16m██                                              
                                                                [38;2;74;115;172m██[38;2;156;205;255m██[38;2;74;115;172m██[38;2;16;16;16m██[38;2;255;230;131m██[38;2;189;139;106m██[38;2;255;230;131m██[38;2;238;205;98m██[38;2;238;205;98m██[38;2;238;205;98m██[38;2;238;205;98m██[38;2;238;205;98m██[38;2;238;205;98m██[38;2;238;205;98m██[38;2;238;205;98m██[38;2;189;139;106m██[38;2;74;115;172m██[38;2;156;205;255m██[38;2;82;139;230m██[38;2;82;139;230m██[38;2;82;139;230m██[38;2;16;16;16m██                                                
                                                                [38;2;74;115;172m██[38;2;156;205;255m██[38;2;74;115;172m██[38;2;189;139;106m██[38;2;255;230;131m██[38;2;238;205;98m██[38;2;238;205;98m██[38;2;189;139;106m██[38;2;123;82;65m██[38;2;123;82;65m██[38;2;123;82;65m██[38;2;238;205;98m██[38;2;238;205;98m██[38;2;238;205;98m██[38;2;74;115;172m██[38;2;156;205;255m██[38;2;82;139;230m██[38;2;82;139;230m██[38;2;82;139;230m██[38;2;82;139;230m██[38;2;82;139;230m██[38;2;16;16;16m██                                                
                                                                  [38;2;74;115;172m██[38;2;156;205;255m██[38;2;189;139;106m██[38;2;238;205;98m██[38;2;123;82;65m██[38;2;123;82;65m██[38;2;238;205;98m██[38;2;238;205;98m██[38;2;238;205;98m██[38;2;238;205;98m██[38;2;123;82;65m██[38;2;189;139;106m██[38;2;74;115;172m██[38;2;156;205;255m██[38;2;82;139;230m██[38;2;82;139;230m██[38;2;82;139;230m██[38;2;82;139;230m██[38;2;82;139;230m██[38;2;16;16;16m██                                                  
                                                                  [38;2;74;115;172m██[38;2;156;205;255m██[38;2;123;82;65m██[38;2;123;82;65m██[38;2;189;139;106m██[38;2;238;205;98m██[38;2;238;205;98m██[38;2;238;205;98m██[38;2;238;205;98m██[38;2;189;139;106m██[38;2;74;115;172m██[38;2;156;205;255m██[38;2;156;205;255m██[38;2;82;139;230m██[38;2;82;139;230m██[38;2;82;139;230m██[38;2;82;139;230m██[38;2;82;139;230m██[38;2;41;90;148m██[38;2;16;57;115m██                                                  
                                            [38;2;41;90;148m██[38;2;41;90;148m██                    [38;2;74;115;172m██[38;2;156;205;255m██[38;2;16;57;115m██[38;2;16;57;115m██[38;2;123;82;65m██[38;2;238;205;98m██[38;2;238;205;98m██[38;2;74;115;172m██[38;2;74;115;172m██[38;2;156;205;255m██[38;2;82;139;230m██[38;2;82;139;230m██[38;2;82;139;230m██[38;2;82;139;230m██[38;2;82;139;230m██[38;2;41;90;148m██[38;2;41;90;148m██[38;2;16;32;65m██[38;2;16;16;16m██                                                  
                                          [38;2;41;90;148m██[38;2;82;139;230m██[38;2;82;139;230m██[38;2;16;32;65m██                  [38;2;74;115;172m██[38;2;156;205;255m██[38;2;16;57;115m██[38;2;16;57;115m██[38;2;16;57;115m██[38;2;16;57;115m██[38;2;74;115;172m██[38;2;156;205;255m██[38;2;156;205;255m██[38;2;82;139;230m██[38;2;82;139;230m██[38;2;82;139;230m██[38;2;82;139;230m██[38;2;41;90;148m██[38;2;16;32;65m██[38;2;16;32;65m██[38;2;16;32;65m██[38;2;16;32;65m██[38;2;16;32;65m██[38;2;16;16;16m██                                                
                                        [38;2;41;90;148m██[38;2;156;205;255m██[38;2;82;139;230m██[38;2;82;139;230m██[38;2;41;90;148m██                    [38;2;16;16;16m██[38;2;156;205;255m██[38;2;16;57;115m██[38;2;16;57;115m██[38;2;156;205;255m██[38;2;156;205;255m██[38;2;82;139;230m██[38;2;82;139;230m██[38;2;82;139;230m██[38;2;41;90;148m██[38;2;16;32;65m██[38;2;16;32;65m██[38;2;16;32;65m██[38;2;16;32;65m██[38;2;16;32;65m██[38;2;16;32;65m██[38;2;16;32;65m██[38;2;16;32;65m██[38;2;189;139;106m██[38;2;16;16;16m██                                              
                                      [38;2;41;90;148m██[38;2;156;205;255m██[38;2;156;205;255m██[38;2;82;139;230m██[38;2;82;139;230m██[38;2;82;139;230m██[38;2;16;32;65m██                  [38;2;16;16;16m██[38;2;74;115;172m██[38;2;156;205;255m██[38;2;156;205;255m██[38;2;82;139;230m██[38;2;82;139;230m██[38;2;82;139;230m██[38;2;41;90;148m██[38;2;16;32;65m██[38;2;16;32;65m██[38;2;16;32;65m██[38;2;16;32;65m██[38;2;16;32;65m██[38;2;16;32;65m██[38;2;16;32;65m██[38;2;16;32;65m██[38;2;16;32;65m██[38;2;16;32;65m██[38;2;189;139;106m██[38;2;123;82;65m██                                              
                                  [38;2;41;90;148m██[38;2;41;90;148m██[38;2;156;205;255m██[38;2;115;164;238m██[38;2;115;164;238m██[38;2;82;139;230m██[38;2;82;139;230m██[38;2;82;139;230m██[38;2;41;90;148m██[38;2;16;32;65m██[38;2;16;32;65m██[38;2;16;32;65m██[38;2;16;32;65m██[38;2;16;32;65m██[38;2;16;32;65m██      [38;2;16;16;16m██[38;2;16;32;65m██[38;2;156;205;255m██[38;2;82;139;230m██[38;2;82;139;230m██[38;2;82;139;230m██[38;2;41;90;148m██[38;2;16;32;65m██[38;2;16;32;65m██[38;2;16;32;65m██[38;2;16;32;65m██[38;2;16;32;65m██[38;2;16;32;65m██[38;2;16;32;65m██[38;2;16;32;65m██[38;2;16;32;65m██[38;2;16;32;65m██[38;2;16;32;65m██[38;2;123;82;65m██[38;2;189;139;106m██[38;2;16;16;16m██                                            
                            [38;2;41;90;148m██[38;2;41;90;148m██[38;2;41;90;148m██[38;2;82;139;230m██[38;2;115;164;238m██[38;2;115;164;238m██[38;2;115;164;238m██[38;2;82;139;230m██[38;2;82;139;230m██[38;2;82;139;230m██[38;2;82;139;230m██[38;2;41;90;148m██[38;2;16;57;115m██[38;2;16;57;115m██[38;2;16;57;115m██[38;2;16;57;115m██[38;2;16;57;115m██[38;2;16;57;115m██[38;2;16;32;65m██[38;2;16;32;65m██[38;2;16;32;65m██[38;2;16;16;16m██[38;2;16;32;65m██[38;2;156;205;255m██[38;2;82;139;230m██[38;2;82;139;230m██[38;2;82;139;230m██[38;2;222;238;255m██[38;2;82;139;230m██[38;2;16;32;65m██[38;2;16;32;65m██[38;2;16;32;65m██[38;2;16;32;65m██[38;2;16;32;65m██[38;2;16;32;65m██[38;2;16;32;65m██[38;2;16;32;65m██[38;2;16;32;65m██[38;2;16;32;65m██[38;2;16;16;16m██[38;2;123;82;65m██[38;2;16;16;16m██                                            
                        [38;2;82;139;230m██[38;2;82;139;230m██[38;2;82;139;230m██[38;2;82;139;230m██[38;2;82;139;230m██[38;2;82;139;230m██[38;2;82;139;230m██[38;2;41;90;148m██[38;2;16;32;65m██[38;2;82;139;230m██[38;2;82;139;230m██[38;2;82;139;230m██[38;2;16;32;65m██[38;2;16;32;65m██[38;2;16;32;65m██[38;2;16;32;65m██[38;2;16;32;65m██[38;2;16;32;65m██[38;2;16;32;65m██[38;2;16;32;65m██[38;2;16;57;115m██[38;2;16;57;115m██[38;2;16;16;16m██[38;2;74;115;172m██[38;2;222;238;255m██[38;2;156;205;255m██[38;2;82;139;230m██[38;2;74;115;172m██[38;2;222;238;255m██[38;2;222;238;255m██[38;2;222;238;255m██[38;2;82;139;230m██[38;2;16;32;65m██[38;2;16;32;65m██[38;2;16;32;65m██[38;2;16;32;65m██[38;2;16;32;65m██[38;2;16;32;65m██[38;2;16;32;65m██[38;2;16;57;115m██[38;2;16;57;115m██[38;2;16;16;16m██[38;2;16;16;16m██[38;2;16;16;16m██                                            
                    [38;2;82;139;230m██[38;2;82;139;230m██[38;2;156;205;255m██[38;2;156;205;255m██[38;2;82;139;230m██[38;2;82;139;230m██[38;2;82;139;230m██[38;2;16;32;65m██[38;2;16;32;65m██[38;2;16;32;65m██[38;2;16;32;65m██[38;2;16;32;65m██[38;2;82;139;230m██[38;2;82;139;230m██[38;2;16;32;65m██[38;2;16;32;65m██[38;2;16;32;65m██[38;2;16;32;65m██[38;2;16;32;65m██[38;2;16;32;65m██[38;2;16;32;65m██[38;2;16;32;65m██[38;2;16;32;65m██[38;2;16;32;65m██[38;2;16;16;16m██[38;2;222;238;255m██[38;2;222;238;255m██[38;2;156;205;255m██[38;2;82;139;230m██[38;2;74;115;172m██[38;2;222;238;255m██[38;2;222;238;255m██[38;2;222;238;255m██[38;2;222;238;255m██[38;2;82;139;230m██[38;2;16;32;65m██[38;2;16;32;65m██[38;2;16;32;65m██[38;2;16;32;65m██[38;2;16;57;115m██[38;2;16;57;115m██[38;2;16;57;115m██[38;2;16;57;115m██[38;2;16;57;115m██[38;2;16;57;115m██[38;2;16;57;115m██[38;2;16;16;16m██[38;2;16;16;16m██                                        
                [38;2;82;139;230m██[38;2;82;139;230m██[38;2;156;205;255m██[38;2;156;205;255m██[38;2;156;205;255m██[38;2;82;139;230m██[38;2;16;57;115m██[38;2;16;32;65m██[38;2;16;32;65m██[38;2;16;32;65m██[38;2;16;32;65m██[38;2;16;32;65m██[38;2;16;32;65m██[38;2;16;32;65m██[38;2;82;139;230m██[38;2;16;32;65m██[38;2;16;32;65m██[38;2;16;32;65m██[38;2;16;32;65m██[38;2;16;32;65m██[38;2;16;32;65m██[38;2;16;32;65m██[38;2;16;32;65m██[38;2;16;32;65m██[38;2;16;32;65m██[38;2;16;16;16m██[38;2;156;205;255m██[38;2;222;238;255m██[38;2;222;238;255m██[38;2;156;205;255m██[38;2;82;139;230m██[38;2;82;139;230m██[38;2;222;238;255m██[38;2;222;238;255m██[38;2;82;139;230m██[38;2;16;32;65m██[38;2;16;32;65m██[38;2;16;32;65m██[38;2;16;32;65m██[38;2;16;57;115m██[38;2;16;57;115m██[38;2;16;57;115m██[38;2;16;57;115m██[38;2;16;57;115m██[38;2;16;57;115m██[38;2;16;57;115m██[38;2;16;57;115m██[38;2;16;57;115m██[38;2;16;57;115m██[38;2;16;57;115m██[38;2;16;16;16m██                                      
            [38;2;82;139;230m██[38;2;82;139;230m██[38;2;156;205;255m██[38;2;156;205;255m██[38;2;156;205;255m██[38;2;82;139;230m██[38;2;16;32;65m██[38;2;16;32;65m██[38;2;16;32;65m██[38;2;16;32;65m██[38;2;16;32;65m██[38;2;16;32;65m██[38;2;16;32;65m██[38;2;16;32;65m██[38;2;16;32;65m██[38;2;16;32;65m██[38;2;16;32;65m██[38;2;16;32;65m██[38;2;16;32;65m██[38;2;16;32;65m██[38;2;16;32;65m██[38;2;16;32;65m██[38;2;16;32;65m██[38;2;16;32;65m██[38;2;16;32;65m██[38;2;16;32;65m██[38;2;16;16;16m██[38;2;16;32;65m██[38;2;16;32;65m██[38;2;222;238;255m██[38;2;222;238;255m██[38;2;156;205;255m██[38;2;82;139;230m██[38;2;222;238;255m██[38;2;222;238;255m██[38;2;222;238;255m██[38;2;16;57;115m██[38;2;16;32;65m██[38;2;16;57;115m██[38;2;16;32;65m██[38;2;16;57;115m██[38;2;16;57;115m██[38;2;16;57;115m██[38;2;16;57;115m██[38;2;16;57;115m██[38;2;16;57;115m██[38;2;16;57;115m██[38;2;16;57;115m██[38;2;16;57;115m██[38;2;16;57;115m██[38;2;16;57;115m██[38;2;16;57;115m██[38;2;16;57;115m██[38;2;16;16;16m██                                    
        [38;2;82;139;230m██[38;2;82;139;230m██[38;2;156;205;255m██[38;2;156;205;255m██[38;2;156;205;255m██[38;2;82;139;230m██[38;2;16;32;65m██[38;2;16;32;65m██[38;2;16;32;65m██[38;2;16;32;65m██[38;2;16;32;65m██[38;2;16;32;65m██[38;2;16;32;65m██[38;2;16;32;65m██[38;2;16;32;65m██[38;2;16;32;65m██[38;2;16;32;65m██[38;2;16;32;65m██[38;2;16;32;65m██[38;2;16;32;65m██[38;2;16;32;65m██[38;2;16;32;65m██[38;2;16;32;65m██[38;2;16;32;65m██[38;2;16;32;65m██[38;2;16;32;65m██[38;2;16;32;65m██[38;2;16;32;65m██[38;2;16;16;16m██[38;2;16;57;115m██[38;2;82;139;230m██[38;2;255;255;255m██[38;2;156;205;255m██[38;2;82;139;230m██[38;2;74;115;172m██[38;2;222;238;255m██[38;2;222;238;255m██[38;2;16;57;115m██[38;2;16;32;65m██[38;2;16;32;65m██[38;2;16;32;65m██[38;2;16;57;115m██[38;2;16;57;115m██[38;2;16;57;115m██[38;2;16;57;115m██[38;2;16;57;115m██[38;2;16;57;115m██[38;2;16;57;115m██[38;2;16;57;115m██[38;2;16;57;115m██[38;2;16;57;115m██[38;2;16;57;115m██[38;2;16;57;115m██[38;2;16;57;115m██[38;2;16;57;115m██[38;2;16;57;115m██[38;2;16;16;16m██                                  
      [38;2;82;139;230m██[38;2;156;205;255m██[38;2;156;205;255m██[38;2;156;205;255m██[38;2;82;139;230m██[38;2;16;32;65m██[38;2;16;32;65m██[38;2;16;32;65m██[38;2;16;32;65m██[38;2;16;32;65m██[38;2;16;32;65m██[38;2;16;32;65m██[38;2;16;32;65m██[38;2;16;32;65m██[38;2;16;32;65m██[38;2;16;32;65m██[38;2;16;32;65m██[38;2;16;32;65m██[38;2;16;32;65m██[38;2;16;32;65m██[38;2;16;32;65m██[38;2;16;32;65m██[38;2;16;32;65m██[38;2;16;32;65m██[38;2;16;32;65m██[38;2;16;32;65m██[38;2;16;32;65m██[38;2;16;32;65m██[38;2;16;16;16m██[38;2;16;57;115m██[38;2;16;57;115m██[38;2;255;255;255m██[38;2;255;255;255m██[38;2;156;205;255m██[38;2;82;139;230m██[38;2;41;90;148m██[38;2;222;238;255m██[38;2;222;238;255m██[38;2;16;57;115m██[38;2;16;32;65m██[38;2;16;57;115m██[38;2;16;57;115m██[38;2;16;57;115m██[38;2;16;57;115m██[38;2;16;57;115m██[38;2;16;57;115m██[38;2;16;57;115m██[38;2;16;57;115m██[38;2;16;57;115m██[38;2;16;57;115m██[38;2;16;57;115m██[38;2;16;57;115m██[38;2;16;57;115m██[38;2;16;57;115m██[38;2;16;57;115m██[38;2;16;57;115m██[38;2;16;57;115m██[38;2;16;57;115m██[38;2;16;16;16m██                                
    [38;2;82;139;230m██[38;2;156;205;255m██[38;2;156;205;255m██[38;2;82;139;230m██[38;2;16;32;65m██[38;2;16;32;65m██[38;2;16;32;65m██[38;2;16;32;65m██[38;2;16;32;65m██[38;2;189;139;106m██[38;2;189;139;106m██[38;2;16;32;65m██[38;2;16;32;65m██[38;2;16;32;65m██[38;2;16;32;65m██[38;2;16;32;65m██[38;2;16;32;65m██[38;2;16;32;65m██[38;2;16;32;65m██[38;2;16;32;65m██[38;2;16;32;65m██[38;2;16;32;65m██[38;2;16;32;65m██[38;2;16;32;65m██[38;2;16;32;65m██[38;2;16;32;65m██[38;2;16;32;65m██[38;2;16;32;65m██[38;2;16;16;16m██[38;2;16;57;115m██[38;2;16;57;115m██[38;2;82;139;230m██[38;2;255;255;255m██[38;2;255;255;255m██[38;2;156;205;255m██[38;2;82;139;230m██[38;2;41;90;148m██[38;2;255;255;255m██[38;2;255;255;255m██[38;2;82;139;230m██[38;2;16;32;65m██[38;2;16;57;115m██[38;2;16;57;115m██[38;2;16;57;115m██[38;2;16;57;115m██[38;2;16;57;115m██[38;2;16;57;115m██[38;2;16;57;115m██[38;2;16;32;65m██[38;2;16;57;115m██[38;2;16;57;115m██[38;2;16;57;115m██[38;2;16;57;115m██[38;2;16;57;115m██[38;2;16;57;115m██[38;2;16;57;115m██[38;2;16;57;115m██[38;2;16;57;115m██[38;2;16;57;115m██[38;2;16;57;115m██[38;2;16;16;16m██                              
  [38;2;82;139;230m██[38;2;156;205;255m██[38;2;156;205;255m██[38;2;16;57;115m██[38;2;16;32;65m██[38;2;16;32;65m██[38;2;16;32;65m██[38;2;123;82;65m██[38;2;16;32;65m██[38;2;238;205;98m██[38;2;189;139;106m██[38;2;123;82;65m██[38;2;16;32;65m██[38;2;16;32;65m██[38;2;16;32;65m██[38;2;16;32;65m██[38;2;16;32;65m██[38;2;16;32;65m██[38;2;16;32;65m██[38;2;16;32;65m██[38;2;16;32;65m██[38;2;16;32;65m██[38;2;16;32;65m██[38;2;16;32;65m██[38;2;16;32;65m██[38;2;16;32;65m██[38;2;16;32;65m██[38;2;16;32;65m██[38;2;16;32;65m██[38;2;16;16;16m██[38;2;16;57;115m██[38;2;16;32;65m██[38;2;255;255;255m██[38;2;255;255;255m██[38;2;255;255;255m██[38;2;156;205;255m██[38;2;82;139;230m██[38;2;41;90;148m██[38;2;255;255;255m██[38;2;255;255;255m██[38;2;82;139;230m██[38;2;16;57;115m██[38;2;16;57;115m██[38;2;16;57;115m██[38;2;16;57;115m██[38;2;16;57;115m██[38;2;16;57;115m██[38;2;16;57;115m██[38;2;16;57;115m██[38;2;16;32;65m██[38;2;16;57;115m██[38;2;16;57;115m██[38;2;16;57;115m██[38;2;16;57;115m██[38;2;16;57;115m██[38;2;16;57;115m██[38;2;16;57;115m██[38;2;16;57;115m██[38;2;16;57;115m██[38;2;16;57;115m██[38;2;16;57;115m██[38;2;16;57;115m██[38;2;16;16;16m██                            
[38;2;82;139;230m██[38;2;156;205;255m██[38;2;156;205;255m██[38;2;16;57;115m██[38;2;16;32;65m██[38;2;16;32;65m██[38;2;16;32;65m██[38;2;189;139;106m██[38;2;189;139;106m██[38;2;16;32;65m██[38;2;16;32;65m██[38;2;16;32;65m██[38;2;16;32;65m██[38;2;16;32;65m██[38;2;16;32;65m██[38;2;16;32;65m██[38;2;16;32;65m██[38;2;16;32;65m██[38;2;16;32;65m██[38;2;16;32;65m██[38;2;16;32;65m██[38;2;16;32;65m██[38;2;16;32;65m██[38;2;16;32;65m██[38;2;16;32;65m██[38;2;16;32;65m██[38;2;16;32;65m██[38;2;16;32;65m██[38;2;16;32;65m██[38;2;16;16;16m██[38;2;16;57;115m██[38;2;16;32;65m██[38;2;82;139;230m██[38;2;255;255;255m██[38;2;255;255;255m██[38;2;156;205;255m██[38;2;82;139;230m██[38;2;16;57;115m██[38;2;255;255;255m██[38;2;255;255;255m██[38;2;255;255;255m██[38;2;255;255;255m██[38;2;16;57;115m██[38;2;16;57;115m██[38;2;16;57;115m██[38;2;16;57;115m██[38;2;16;57;115m██[38;2;16;57;115m██[38;2;16;57;115m██[38;2;16;57;115m██[38;2;16;32;65m██[38;2;16;57;115m██[38;2;16;57;115m██[38;2;16;57;115m██[38;2;16;57;115m██[38;2;16;57;115m██[38;2;16;57;115m██[38;2;16;57;115m██[38;2;16;57;115m██[38;2;16;57;115m██[38;2;16;57;115m██[38;2;16;57;115m██[38;2;16;57;115m██[38;2;16;16;16m██                            
[38;2;41;90;148m██[38;2;82;139;230m██[38;2;16;57;115m██[38;2;16;32;65m██[38;2;16;32;65m██[38;2;16;32;65m██[38;2;16;32;65m██[38;2;238;205;98m██[38;2;189;139;106m██[38;2;16;32;65m██[38;2;16;32;65m██[38;2;189;139;106m██[38;2;123;82;65m██[38;2;16;32;65m██[38;2;16;32;65m██[38;2;16;32;65m██[38;2;16;32;65m██[38;2;16;32;65m██[38;2;16;32;65m██[38;2;16;32;65m██[38;2;16;32;65m██[38;2;16;32;65m██[38;2;16;32;65m██[38;2;16;32;65m██[38;2;16;32;65m██[38;2;16;32;65m██[38;2;16;32;65m██[38;2;16;32;65m██[38;2;16;32;65m██[38;2;16;16;16m██[38;2;16;57;115m██[38;2;82;139;230m██[38;2;255;255;255m██[38;2;255;255;255m██[38;2;255;255;255m██[38;2;156;205;255m██[38;2;82;139;230m██[38;2;16;57;115m██[38;2;255;255;255m██[38;2;255;255;255m██[38;2;255;255;255m██[38;2;255;255;255m██[38;2;82;139;230m██[38;2;16;57;115m██[38;2;16;57;115m██[38;2;16;57;115m██[38;2;16;57;115m██[38;2;16;57;115m██[38;2;16;57;115m██[38;2;16;57;115m██[38;2;16;32;65m██[38;2;16;57;115m██[38;2;16;57;115m██[38;2;16;57;115m██[38;2;16;57;115m██[38;2;16;57;115m██[38;2;16;57;115m██[38;2;16;57;115m██[38;2;16;57;115m██[38;2;16;57;115m██[38;2;16;57;115m██[38;2;16;57;115m██[38;2;16;57;115m██[38;2;16;57;115m██[38;2;16;16;16m██                          
  [38;2;41;90;148m██[38;2;16;32;65m██[38;2;41;90;148m██[38;2;41;90;148m██[38;2;16;32;65m██[38;2;16;32;65m██[38;2;238;205;98m██[38;2;16;32;65m██[38;2;16;32;65m██[38;2;16;32;65m██[38;2;189;139;106m██[38;2;189;139;106m██[38;2;16;32;65m██[38;2;16;32;65m██[38;2;16;32;65m██[38;2;16;32;65m██[38;2;16;32;65m██[38;2;16;32;65m██[38;2;16;32;65m██[38;2;16;32;65m██[38;2;16;32;65m██[38;2;16;32;65m██[38;2;16;32;65m██[38;2;16;32;65m██[38;2;16;32;65m██[38;2;16;32;65m██[38;2;16;32;65m██[38;2;16;16;16m██[38;2;16;57;115m██[38;2;16;32;65m██[38;2;255;255;255m██[38;2;255;255;255m██[38;2;255;255;255m██[38;2;255;255;255m██[38;2;156;205;255m██[38;2;82;139;230m██[38;2;16;57;115m██[38;2;255;255;255m██[38;2;255;255;255m██[38;2;255;255;255m██[38;2;255;255;255m██[38;2;255;255;255m██[38;2;16;57;115m██[38;2;16;57;115m██[38;2;16;57;115m██[38;2;16;57;115m██[38;2;16;57;115m██[38;2;16;57;115m██[38;2;16;57;115m██[38;2;16;57;115m██[38;2;16;32;65m██[38;2;16;57;115m██[38;2;16;57;115m██[38;2;16;57;115m██[38;2;16;57;115m██[38;2;16;57;115m██[38;2;16;57;115m██[38;2;16;57;115m██[38;2;16;57;115m██[38;2;16;57;115m██[38;2;16;57;115m██[38;2;16;57;115m██[38;2;16;57;115m██[38;2;16;57;115m██[38;2;16;16;16m██[38;2;16;16;16m██[38;2;16;32;65m██[38;2;16;32;65m██                  
      [38;2;16;32;65m██[38;2;16;32;65m██[38;2;16;32;65m██[38;2;41;90;148m██[38;2;16;57;115m██[38;2;16;32;65m██[38;2;16;32;65m██[38;2;16;32;65m██[38;2;238;205;98m██[38;2;16;32;65m██[38;2;16;32;65m██[38;2;16;32;65m██[38;2;16;32;65m██[38;2;16;32;65m██[38;2;16;32;65m██[38;2;16;32;65m██[38;2;16;32;65m██[38;2;16;32;65m██[38;2;16;32;65m██[38;2;16;32;65m██[38;2;16;32;65m██[38;2;16;32;65m██[38;2;16;32;65m██[38;2;16;32;65m██[38;2;16;32;65m██[38;2;16;16;16m██[38;2;16;32;65m██[38;2;82;139;230m██[38;2;255;255;255m██[38;2;255;255;255m██[38;2;255;255;255m██[38;2;255;255;255m██[38;2;82;139;230m██[38;2;82;139;230m██[38;2;74;115;172m██[38;2;255;255;255m██[38;2;255;255;255m██[38;2;255;255;255m██[38;2;255;255;255m██[38;2;255;255;255m██[38;2;16;57;115m██[38;2;16;57;115m██[38;2;16;57;115m██[38;2;16;57;115m██[38;2;16;57;115m██[38;2;16;57;115m██[38;2;16;57;115m██[38;2;16;57;115m██[38;2;16;32;65m██[38;2;16;57;115m██[38;2;16;57;115m██[38;2;16;57;115m██[38;2;16;57;115m██[38;2;16;57;115m██[38;2;16;57;115m██[38;2;16;57;115m██[38;2;16;57;115m██[38;2;16;57;115m██[38;2;16;57;115m██[38;2;16;57;115m██[38;2;16;57;115m██[38;2;16;57;115m██[38;2;16;57;115m██[38;2;16;57;115m██[38;2;82;139;230m██[38;2;82;139;230m██[38;2;16;32;65m██[38;2;16;32;65m██              
            [38;2;16;16;16m██[38;2;16;16;16m██[38;2;41;90;148m██[38;2;41;90;148m██[38;2;41;90;148m██[38;2;41;90;148m██[38;2;16;57;115m██[38;2;16;57;115m██[38;2;16;32;65m██[38;2;16;32;65m██[38;2;16;32;65m██[38;2;16;32;65m██[38;2;16;32;65m██[38;2;16;32;65m██[38;2;16;32;65m██[38;2;16;32;65m██[38;2;16;32;65m██[38;2;16;32;65m██[38;2;16;32;65m██[38;2;16;32;65m██[38;2;16;32;65m██[38;2;16;16;16m██[38;2;16;57;115m██[38;2;16;32;65m██[38;2;255;255;255m██[38;2;255;255;255m██[38;2;255;255;255m██[38;2;255;255;255m██[38;2;156;205;255m██[38;2;82;139;230m██[38;2;16;57;115m██[38;2;255;255;255m██[38;2;255;255;255m██[38;2;255;255;255m██[38;2;255;255;255m██[38;2;255;255;255m██[38;2;255;255;255m██[38;2;82;139;230m██[38;2;16;57;115m██[38;2;16;57;115m██[38;2;16;57;115m██[38;2;16;57;115m██[38;2;16;57;115m██[38;2;16;57;115m██[38;2;16;57;115m██[38;2;16;32;65m██[38;2;16;57;115m██[38;2;16;57;115m██[38;2;16;57;115m██[38;2;16;57;115m██[38;2;16;57;115m██[38;2;16;57;115m██[38;2;16;57;115m██[38;2;16;57;115m██[38;2;16;57;115m██[38;2;16;57;115m██[38;2;16;57;115m██[38;2;16;57;115m██[38;2;16;57;115m██[38;2;16;57;115m██[38;2;16;57;115m██[38;2;16;57;115m██[38;2;82;139;230m██[38;2;82;139;230m██[38;2;82;139;230m██[38;2;16;32;65m██            
                [38;2;16;16;16m██[38;2;16;16;16m██[38;2;16;16;16m██[38;2;16;32;65m██[38;2;16;32;65m██[38;2;41;90;148m██[38;2;41;90;148m██[38;2;41;90;148m██[38;2;41;90;148m██[38;2;41;90;148m██[38;2;16;57;115m██[38;2;16;32;65m██[38;2;16;32;65m██[38;2;16;32;65m██[38;2;16;32;65m██[38;2;16;32;65m██[38;2;16;32;65m██[38;2;16;32;65m██[38;2;16;32;65m██[38;2;16;16;16m██[38;2;16;57;115m██[38;2;82;139;230m██[38;2;255;255;255m██[38;2;255;255;255m██[38;2;255;255;255m██[38;2;74;115;172m██[38;2;156;205;255m██[38;2;82;139;230m██[38;2;16;57;115m██[38;2;255;255;255m██[38;2;255;255;255m██[38;2;255;255;255m██[38;2;255;255;255m██[38;2;255;255;255m██[38;2;255;255;255m██[38;2;255;255;255m██[38;2;16;57;115m██[38;2;16;57;115m██[38;2;16;57;115m██[38;2;16;57;115m██[38;2;16;57;115m██[38;2;16;57;115m██[38;2;16;57;115m██[38;2;16;57;115m██[38;2;16;32;65m██[38;2;16;57;115m██[38;2;16;57;115m██[38;2;16;57;115m██[38;2;16;57;115m██[38;2;16;57;115m██[38;2;16;57;115m██[38;2;16;57;115m██[38;2;16;57;115m██[38;2;16;57;115m██[38;2;16;57;115m██[38;2;16;57;115m██[38;2;16;57;115m██[38;2;16;57;115m██[38;2;16;57;115m██[38;2;16;57;115m██[38;2;16;57;115m██[38;2;82;139;230m██[38;2;82;139;230m██[38;2;16;32;65m██            
                          [38;2;16;16;16m██[38;2;16;16;16m██[38;2;16;16;16m██[38;2;16;32;65m██[38;2;16;32;65m██[38;2;16;32;65m██[38;2;41;90;148m██[38;2;41;90;148m██[38;2;41;90;148m██[38;2;41;90;148m██[38;2;41;90;148m██[38;2;16;32;65m██[38;2;16;32;65m██  [38;2;16;16;16m██[38;2;16;32;65m██[38;2;82;139;230m██[38;2;255;255;255m██[38;2;255;255;255m██[38;2;255;255;255m██[38;2;74;115;172m██[38;2;82;139;230m██[38;2;82;139;230m██[38;2;16;57;115m██[38;2;255;255;255m██[38;2;255;255;255m██[38;2;255;255;255m██[38;2;255;255;255m██[38;2;255;255;255m██[38;2;255;255;255m██[38;2;255;255;255m██[38;2;82;139;230m██[38;2;16;57;115m██[38;2;16;57;115m██[38;2;16;57;115m██[38;2;16;57;115m██[38;2;16;57;115m██[38;2;16;57;115m██[38;2;16;57;115m██[38;2;16;32;65m██[38;2;16;57;115m██[38;2;16;57;115m██[38;2;16;57;115m██[38;2;16;57;115m██[38;2;16;57;115m██[38;2;16;57;115m██[38;2;16;57;115m██[38;2;16;57;115m██[38;2;16;57;115m██[38;2;16;57;115m██[38;2;16;57;115m██[38;2;16;57;115m██[38;2;16;57;115m██[38;2;16;57;115m██[38;2;16;57;115m██[38;2;16;57;115m██[38;2;16;57;115m██[38;2;82;139;230m██[38;2;16;32;65m██            
                                      [38;2;16;32;65m██[38;2;41;90;148m██[38;2;41;90;148m██[38;2;41;90;148m██[38;2;41;90;148m██[38;2;16;32;65m██  [38;2;16;16;16m██[38;2;16;57;115m██[38;2;16;32;65m██[38;2;255;255;255m██[38;2;255;255;255m██[38;2;255;255;255m██[38;2;255;255;255m██[38;2;156;205;255m██[38;2;82;139;230m██[38;2;82;139;230m██[38;2;16;57;115m██[38;2;255;255;255m██[38;2;255;255;255m██[38;2;255;255;255m██[38;2;255;255;255m██[38;2;255;255;255m██[38;2;255;255;255m██[38;2;255;255;255m██[38;2;255;255;255m██[38;2;16;57;115m██[38;2;16;57;115m██[38;2;16;57;115m██[38;2;16;57;115m██[38;2;16;57;115m██[38;2;16;57;115m██[38;2;16;57;115m██[38;2;16;32;65m██[38;2;16;57;115m██[38;2;82;139;230m██[38;2;156;205;255m██[38;2;16;57;115m██[38;2;16;57;115m██[38;2;16;57;115m██[38;2;16;57;115m██[38;2;16;57;115m██[38;2;16;57;115m██[38;2;16;57;115m██[38;2;16;57;115m██[38;2;16;57;115m██[38;2;16;57;115m██[38;2;16;57;115m██[38;2;16;57;115m██[38;2;16;57;115m██[38;2;16;57;115m██[38;2;82;139;230m██[38;2;16;32;65m██            
                                        [38;2;16;32;65m██[38;2;41;90;148m██[38;2;41;90;148m██[38;2;41;90;148m██[38;2;16;32;65m██  [38;2;16;32;65m██[38;2;16;32;65m██[38;2;82;139;230m██[38;2;255;255;255m██[38;2;255;255;255m██[38;2;255;255;255m██[38;2;74;115;172m██[38;2;156;205;255m██[38;2;82;139;230m██[38;2;82;139;230m██[38;2;74;115;172m██[38;2;255;255;255m██[38;2;255;255;255m██[38;2;255;255;255m██[38;2;255;255;255m██[38;2;255;255;255m██[38;2;255;255;255m██[38;2;255;255;255m██[38;2;255;255;255m██[38;2;255;255;255m██[38;2;16;57;115m██[38;2;16;57;115m██[38;2;16;57;115m██[38;2;16;57;115m██[38;2;16;57;115m██[38;2;16;57;115m██[38;2;16;57;115m██[38;2;16;32;65m██[38;2;82;139;230m██[38;2;156;205;255m██[38;2;156;205;255m██[38;2;82;139;230m██[38;2;16;57;115m██[38;2;16;57;115m██[38;2;16;57;115m██[38;2;16;57;115m██[38;2;16;57;115m██[38;2;16;57;115m██[38;2;16;57;115m██[38;2;16;57;115m██[38;2;16;57;115m██[38;2;16;57;115m██[38;2;16;57;115m██[38;2;16;57;115m██[38;2;16;57;115m██[38;2;74;115;172m██[38;2;16;32;65m██          
                                          [38;2;16;32;65m██[38;2;41;90;148m██[38;2;16;32;65m██  [38;2;16;16;16m██[38;2;16;57;115m██[38;2;16;32;65m██[38;2;255;255;255m██[38;2;255;255;255m██[38;2;255;255;255m██[38;2;255;255;255m██[38;2;74;115;172m██[38;2;115;164;238m██[38;2;82;139;230m██[38;2;16;57;115m██[38;2;255;255;255m██[38;2;255;255;255m██[38;2;255;255;255m██[38;2;255;255;255m██[38;2;255;255;255m██[38;2;255;255;255m██[38;2;255;255;255m██[38;2;255;255;255m██[38;2;255;255;255m██[38;2;255;255;255m██[38;2;82;139;230m██[38;2;16;57;115m██[38;2;16;57;115m██[38;2;16;57;115m██[38;2;16;57;115m██[38;2;16;57;115m██[38;2;16;57;115m██[38;2;16;32;65m██[38;2;82;139;230m██[38;2;156;205;255m██[38;2;156;205;255m██[38;2;156;205;255m██[38;2;82;139;230m██[38;2;16;57;115m██[38;2;16;57;115m██[38;2;16;57;115m██[38;2;16;57;115m██[38;2;16;57;115m██[38;2;16;57;115m██[38;2;16;57;115m██[38;2;16;57;115m██[38;2;16;57;115m██[38;2;16;57;115m██[38;2;16;57;115m██[38;2;16;57;115m██[38;2;74;115;172m██[38;2;16;32;65m██          
                                                  [38;2;16;32;65m██[38;2;16;57;115m██[38;2;82;139;230m██[38;2;255;255;255m██[38;2;255;255;255m██[38;2;255;255;255m██[38;2;74;115;172m██[38;2;156;205;255m██[38;2;82;139;230m██[38;2;82;139;230m██[38;2;16;57;115m██[38;2;255;255;255m██[38;2;255;255;255m██[38;2;255;255;255m██[38;2;255;255;255m██[38;2;255;255;255m██[38;2;255;255;255m██[38;2;255;255;255m██[38;2;255;255;255m██[38;2;255;255;255m██[38;2;255;255;255m██[38;2;255;255;255m██[38;2;16;57;115m██[38;2;16;57;115m██[38;2;16;57;115m██[38;2;16;57;115m██[38;2;16;57;115m██[38;2;16;57;115m██[38;2;16;32;65m██[38;2;156;205;255m██[38;2;156;205;255m██[38;2;156;205;255m██[38;2;82;139;230m██[38;2;82;139;230m██[38;2;16;57;115m██[38;2;16;57;115m██[38;2;16;57;115m██[38;2;16;57;115m██[38;2;16;57;115m██[38;2;16;57;115m██[38;2;16;57;115m██[38;2;16;57;115m██[38;2;16;57;115m██[38;2;16;57;115m██[38;2;16;57;115m██[38;2;16;57;115m██[38;2;16;57;115m██[38;2;74;115;172m██[38;2;16;32;65m██        
                                                  [38;2;16;57;115m██[38;2;255;255;255m██[38;2;255;255;255m██[38;2;255;255;255m██[38;2;255;255;255m██[38;2;255;255;255m██[38;2;74;115;172m██[38;2;156;205;255m██[38;2;82;139;230m██[38;2;82;139;230m██[38;2;16;57;115m██[38;2;255;255;255m██[38;2;255;255;255m██[38;2;255;255;255m██[38;2;255;255;255m██[38;2;255;255;255m██[38;2;255;255;255m██[38;2;255;255;255m██[38;2;255;255;255m██[38;2;255;255;255m██[38;2;255;255;255m██[38;2;255;255;255m██[38;2;255;255;255m██[38;2;16;57;115m██[38;2;16;57;115m██[38;2;16;57;115m██[38;2;16;57;115m██[38;2;16;57;115m██[38;2;16;32;65m██[38;2;156;205;255m██[38;2;156;205;255m██[38;2;82;139;230m██[38;2;82;139;230m██[38;2;82;139;230m██[38;2;16;57;115m██[38;2;16;57;115m██[38;2;16;57;115m██[38;2;16;57;115m██[38;2;16;57;115m██[38;2;16;57;115m██[38;2;16;57;115m██[38;2;16;57;115m██[38;2;16;57;115m██[38;2;16;57;115m██[38;2;16;57;115m██[38;2;16;57;115m██[38;2;16;57;115m██[38;2;74;115;172m██[38;2;16;32;65m██        
                                                  [38;2;16;57;115m██[38;2;74;115;172m██[38;2;255;255;255m██[38;2;255;255;255m██[38;2;255;255;255m██[38;2;74;115;172m██[38;2;156;205;255m██[38;2;82;139;230m██[38;2;82;139;230m██[38;2;82;139;230m██[38;2;16;57;115m██[38;2;255;255;255m██[38;2;255;255;255m██[38;2;255;255;255m██[38;2;255;255;255m██[38;2;255;255;255m██[38;2;255;255;255m██[38;2;255;255;255m██[38;2;255;255;255m██[38;2;255;255;255m██[38;2;255;255;255m██[38;2;222;238;255m██[38;2;255;255;255m██[38;2;115;164;238m██[38;2;16;57;115m██[38;2;16;57;115m██[38;2;16;57;115m██[38;2;16;57;115m██[38;2;16;57;115m██[38;2;156;205;255m██[38;2;82;139;230m██[38;2;82;139;230m██[38;2;82;139;230m██[38;2;82;139;230m██[38;2;16;57;115m██[38;2;16;57;115m██[38;2;16;57;115m██[38;2;16;57;115m██[38;2;16;57;115m██[38;2;16;57;115m██[38;2;16;57;115m██[38;2;16;57;115m██[38;2;16;57;115m██[38;2;16;57;115m██[38;2;16;57;115m██[38;2;16;57;115m██[38;2;16;57;115m██[38;2;16;57;115m██[38;2;74;115;172m██[38;2;16;32;65m██      
                                                [38;2;16;16;16m██[38;2;16;57;115m██[38;2;115;164;238m██[38;2;16;57;115m██[38;2;74;115;172m██[38;2;255;255;255m██[38;2;74;115;172m██[38;2;156;205;255m██[38;2;82;139;230m██[38;2;82;139;230m██[38;2;82;139;230m██[38;2;16;57;115m██[38;2;255;255;255m██[38;2;255;255;255m██[38;2;255;255;255m██[38;2;255;255;255m██[38;2;255;255;255m██[38;2;255;255;255m██[38;2;255;255;255m██[38;2;255;255;255m██[38;2;16;57;115m██[38;2;16;57;115m██[38;2;222;238;255m██[38;2;16;57;115m██[38;2;255;255;255m██[38;2;115;164;238m██[38;2;16;57;115m██[38;2;16;57;115m██[38;2;16;57;115m██[38;2;16;32;65m██[38;2;82;139;230m██[38;2;82;139;230m██[38;2;82;139;230m██[38;2;82;139;230m██[38;2;82;139;230m██[38;2;16;57;115m██[38;2;16;57;115m██[38;2;16;57;115m██[38;2;16;57;115m██[38;2;16;57;115m██[38;2;16;57;115m██[38;2;16;57;115m██[38;2;16;57;115m██[38;2;16;57;115m██[38;2;16;57;115m██[38;2;16;57;115m██[38;2;16;57;115m██[38;2;16;57;115m██[38;2;16;57;115m██[38;2;16;57;115m██[38;2;16;32;65m██      
                                                [38;2;16;16;16m██[38;2;16;57;115m██[38;2;255;255;255m██[38;2;16;57;115m██[38;2;74;115;172m██[38;2;74;115;172m██[38;2;156;205;255m██[38;2;82;139;230m██[38;2;82;139;230m██[38;2;82;139;230m██[38;2;82;139;230m██[38;2;16;57;115m██[38;2;255;255;255m██[38;2;255;255;255m██[38;2;255;255;255m██[38;2;255;255;255m██[38;2;255;255;255m██[38;2;255;255;255m██[38;2;255;255;255m██[38;2;255;255;255m██[38;2;16;57;115m██[38;2;16;57;115m██[38;2;222;238;255m██[38;2;16;57;115m██[38;2;16;57;115m██[38;2;16;57;115m██[38;2;16;57;115m██[38;2;16;57;115m██[38;2;16;57;115m██[38;2;16;57;115m██[38;2;16;57;115m██[38;2;16;57;115m██[38;2;82;139;230m██[38;2;82;139;230m██[38;2;82;139;230m██[38;2;74;115;172m██[38;2;16;57;115m██[38;2;16;57;115m██[38;2;16;57;115m██[38;2;16;57;115m██[38;2;16;57;115m██[38;2;16;57;115m██[38;2;16;57;115m██[38;2;16;57;115m██[38;2;16;57;115m██[38;2;16;57;115m██[38;2;16;57;115m██[38;2;16;57;115m██[38;2;16;57;115m██[38;2;16;57;115m██[38;2;74;115;172m██[38;2;16;32;65m██    
                                                [38;2;16;16;16m██[38;2;16;57;115m██[38;2;16;32;65m██[38;2;255;255;255m██[38;2;255;255;255m██[38;2;74;115;172m██[38;2;156;205;255m██[38;2;82;139;230m██[38;2;82;139;230m██[38;2;82;139;230m██[38;2;82;139;230m██[38;2;16;57;115m██[38;2;255;255;255m██[38;2;255;255;255m██[38;2;255;255;255m██[38;2;255;255;255m██[38;2;255;255;255m██[38;2;16;57;115m██[38;2;16;57;115m██[38;2;222;238;255m██[38;2;222;238;255m██[38;2;222;238;255m██[38;2;115;164;238m██[38;2;16;57;115m██[38;2;16;57;115m██[38;2;16;57;115m██[38;2;16;57;115m██[38;2;16;57;115m██[38;2;16;57;115m██[38;2;16;57;115m██[38;2;16;57;115m██[38;2;16;57;115m██[38;2;16;57;115m██[38;2;82;139;230m██[38;2;82;139;230m██[38;2;82;139;230m██[38;2;16;57;115m██[38;2;16;57;115m██[38;2;16;57;115m██[38;2;16;57;115m██[38;2;16;57;115m██[38;2;16;57;115m██[38;2;16;57;115m██[38;2;16;57;115m██[38;2;16;57;115m██[38;2;16;57;115m██[38;2;16;57;115m██[38;2;16;57;115m██[38;2;16;57;115m██[38;2;16;57;115m██[38;2;16;57;115m██[38;2;16;32;65m██    
                                                [38;2;16;16;16m██[38;2;16;57;115m██[38;2;16;57;115m██[38;2;16;32;65m██[38;2;74;115;172m██[38;2;156;205;255m██[38;2;82;139;230m██[38;2;82;139;230m██[38;2;82;139;230m██[38;2;82;139;230m██[38;2;82;139;230m██[38;2;74;115;172m██[38;2;255;255;255m██[38;2;255;255;255m██[38;2;255;255;255m██[38;2;255;255;255m██[38;2;255;255;255m██[38;2;16;57;115m██[38;2;16;57;115m██[38;2;222;238;255m██[38;2;16;57;115m██[38;2;16;57;115m██[38;2;16;57;115m██[38;2;16;57;115m██[38;2;16;57;115m██[38;2;16;57;115m██[38;2;16;57;115m██[38;2;16;57;115m██[38;2;16;57;115m██[38;2;16;57;115m██[38;2;16;57;115m██[38;2;16;57;115m██[38;2;16;32;65m██[38;2;16;32;65m██[38;2;82;139;230m██[38;2;82;139;230m██[38;2;82;139;230m██[38;2;16;57;115m██[38;2;16;57;115m██[38;2;16;57;115m██[38;2;16;57;115m██[38;2;16;57;115m██[38;2;16;57;115m██[38;2;16;57;115m██[38;2;16;57;115m██[38;2;16;57;115m██[38;2;16;57;115m██[38;2;16;57;115m██[38;2;16;57;115m██[38;2;16;57;115m██[38;2;16;57;115m██[38;2;74;115;172m██[38;2;16;32;65m██  
                                                [38;2;16;16;16m██[38;2;16;57;115m██[38;2;16;57;115m██[38;2;16;32;65m██[38;2;74;115;172m██[38;2;156;205;255m██[38;2;82;139;230m██[38;2;82;139;230m██[38;2;82;139;230m██[38;2;82;139;230m██[38;2;82;139;230m██[38;2;82;139;230m██[38;2;74;115;172m██[38;2;255;255;255m██[38;2;16;57;115m██[38;2;16;57;115m██[38;2;222;238;255m██[38;2;222;238;255m██[38;2;222;238;255m██[38;2;115;164;238m██[38;2;16;57;115m██[38;2;16;57;115m██[38;2;16;57;115m██[38;2;16;57;115m██[38;2;16;57;115m██[38;2;16;57;115m██[38;2;16;57;115m██[38;2;16;57;115m██[38;2;16;57;115m██[38;2;16;57;115m██[38;2;16;57;115m██[38;2;16;57;115m██[38;2;16;32;65m██[38;2;16;32;65m██[38;2;16;32;65m██[38;2;82;139;230m██[38;2;82;139;230m██[38;2;82;139;230m██[38;2;16;57;115m██[38;2;16;57;115m██[38;2;16;57;115m██[38;2;16;57;115m██[38;2;16;57;115m██[38;2;16;57;115m██[38;2;16;57;115m██[38;2;16;57;115m██[38;2;16;57;115m██[38;2;16;57;115m██[38;2;16;57;115m██[38;2;16;57;115m██[38;2;16;57;115m██[38;2;74;115;172m██[38;2;16;32;65m██  
                                                [38;2;16;16;16m██[38;2;16;57;115m██[38;2;16;57;115m██[38;2;16;32;65m██[38;2;156;205;255m██[38;2;115;164;238m██[38;2;82;139;230m██[38;2;82;139;230m██[38;2;82;139;230m██[38;2;82;139;230m██[38;2;82;139;230m██[38;2;82;139;230m██[38;2;16;57;115m██[38;2;255;255;255m██[38;2;16;57;115m██[38;2;16;57;115m██[38;2;222;238;255m██[38;2;16;57;115m██[38;2;16;57;115m██[38;2;16;57;115m██[38;2;16;57;115m██[38;2;16;57;115m██[38;2;16;57;115m██[38;2;16;57;115m██[38;2;16;57;115m██[38;2;16;57;115m██[38;2;16;57;115m██[38;2;16;57;115m██[38;2;16;57;115m██[38;2;16;57;115m██[38;2;16;57;115m██[38;2;16;57;115m██[38;2;16;32;65m██[38;2;16;32;65m██[38;2;16;16;16m██[38;2;16;32;65m██[38;2;82;139;230m██[38;2;82;139;230m██[38;2;82;139;230m██[38;2;16;57;115m██[38;2;16;57;115m██[38;2;16;57;115m██[38;2;16;57;115m██[38;2;16;57;115m██[38;2;16;57;115m██[38;2;16;57;115m██[38;2;16;57;115m██[38;2;16;57;115m██[38;2;16;57;115m██[38;2;16;57;115m██[38;2;16;57;115m██[38;2;16;57;115m██[38;2;16;32;65m██  
                                                [38;2;16;16;16m██[38;2;16;32;65m██[38;2;16;57;115m██[38;2;16;32;65m██[38;2;74;115;172m██[38;2;115;164;238m██[38;2;82;139;230m██[38;2;82;139;230m██[38;2;82;139;230m██[38;2;82;139;230m██[38;2;82;139;230m██[38;2;82;139;230m██[38;2;16;57;115m██[38;2;255;255;255m██[38;2;222;238;255m██[38;2;222;238;255m██[38;2;16;57;115m██[38;2;16;57;115m██[38;2;16;57;115m██[38;2;16;57;115m██[38;2;16;57;115m██[38;2;16;57;115m██[38;2;16;57;115m██[38;2;16;57;115m██[38;2;16;57;115m██[38;2;16;57;115m██[38;2;16;57;115m██[38;2;16;57;115m██[38;2;16;57;115m██[38;2;16;57;115m██[38;2;16;57;115m██[38;2;16;57;115m██[38;2;16;32;65m██[38;2;16;32;65m██[38;2;16;16;16m██[38;2;82;139;230m██[38;2;16;32;65m██[38;2;82;139;230m██[38;2;82;139;230m██[38;2;82;139;230m██[38;2;74;115;172m██[38;2;16;57;115m██[38;2;16;57;115m██[38;2;16;57;115m██[38;2;16;57;115m██[38;2;16;57;115m██[38;2;16;57;115m██[38;2;16;57;115m██[38;2;16;57;115m██[38;2;16;57;115m██[38;2;16;57;115m██[38;2;16;57;115m██[38;2;74;115;172m██[38;2;16;16;16m██
                                                  [38;2;16;16;16m██[38;2;16;32;65m██[38;2;16;32;65m██[38;2;16;32;65m██[38;2;115;164;238m██[38;2;82;139;230m██[38;2;82;139;230m██[38;2;82;139;230m██[38;2;82;139;230m██[38;2;82;139;230m██[38;2;82;139;230m██[38;2;74;115;172m██[38;2;16;57;115m██[38;2;16;57;115m██[38;2;16;57;115m██[38;2;16;57;115m██[38;2;16;57;115m██[38;2;16;57;115m██[38;2;16;57;115m██[38;2;16;57;115m██[38;2;16;57;115m██[38;2;16;57;115m██[38;2;16;57;115m██[38;2;16;57;115m██[38;2;16;57;115m██[38;2;16;57;115m██[38;2;16;57;115m██[38;2;16;57;115m██[38;2;16;57;115m██[38;2;16;57;115m██[38;2;16;32;65m██[38;2;16;32;65m██[38;2;16;32;65m██[38;2;16;16;16m██[38;2;82;139;230m██[38;2;82;139;230m██[38;2;16;32;65m██[38;2;82;139;230m██[38;2;82;139;230m██[38;2;82;139;230m██[38;2;82;139;230m██[38;2;74;115;172m██[38;2;16;57;115m██[38;2;16;57;115m██[38;2;16;57;115m██[38;2;16;57;115m██[38;2;16;57;115m██[38;2;16;57;115m██[38;2;16;57;115m██[38;2;16;57;115m██[38;2;16;57;115m██[38;2;74;115;172m██[38;2;16;16;16m██
                                                  [38;2;16;16;16m██[38;2;16;32;65m██[38;2;16;32;65m██[38;2;16;32;65m██[38;2;16;32;65m██[38;2;115;164;238m██[38;2;82;139;230m██[38;2;82;139;230m██[38;2;82;139;230m██[38;2;82;139;230m██[38;2;82;139;230m██[38;2;82;139;230m██[38;2;16;32;65m██[38;2;16;57;115m██[38;2;16;57;115m██[38;2;16;57;115m██[38;2;16;57;115m██[38;2;16;57;115m██[38;2;16;57;115m██[38;2;16;57;115m██[38;2;16;57;115m██[38;2;16;57;115m██[38;2;16;57;115m██[38;2;16;57;115m██[38;2;16;57;115m██[38;2;16;57;115m██[38;2;16;57;115m██[38;2;16;57;115m██[38;2;16;57;115m██[38;2;16;57;115m██[38;2;16;32;65m██[38;2;16;32;65m██[38;2;16;32;65m██[38;2;16;16;16m██[38;2;82;139;230m██[38;2;82;139;230m██[38;2;82;139;230m██[38;2;16;32;65m██[38;2;16;32;65m██[38;2;82;139;230m██[38;2;82;139;230m██[38;2;82;139;230m██[38;2;82;139;230m██[38;2;74;115;172m██[38;2;16;57;115m██[38;2;16;57;115m██[38;2;16;57;115m██[38;2;16;57;115m██[38;2;16;57;115m██[38;2;16;57;115m██[38;2;16;57;115m██[38;2;74;115;172m██[38;2;16;16;16m██
                                                  [38;2;16;16;16m██[38;2;16;32;65m██[38;2;16;32;65m██[38;2;16;32;65m██[38;2;16;32;65m██[38;2;16;32;65m██[38;2;82;139;230m██[38;2;82;139;230m██[38;2;82;139;230m██[38;2;82;139;230m██[38;2;82;139;230m██[38;2;82;139;230m██[38;2;16;32;65m██[38;2;16;57;115m██[38;2;16;57;115m██[38;2;16;57;115m██[38;2;16;57;115m██[38;2;16;57;115m██[38;2;16;57;115m██[38;2;16;57;115m██[38;2;16;57;115m██[38;2;16;57;115m██[38;2;16;57;115m██[38;2;16;57;115m██[38;2;16;57;115m██[38;2;16;57;115m██[38;2;16;32;65m██[38;2;16;32;65m██[38;2;16;57;115m██[38;2;16;32;65m██[38;2;16;32;65m██[38;2;16;32;65m██[38;2;16;32;65m██[38;2;16;16;16m██[38;2;82;139;230m██[38;2;16;16;16m██[38;2;16;16;16m██    [38;2;16;32;65m██[38;2;16;32;65m██[38;2;82;139;230m██[38;2;82;139;230m██[38;2;82;139;230m██[38;2;82;139;230m██[38;2;82;139;230m██[38;2;16;57;115m██[38;2;16;57;115m██[38;2;16;57;115m██[38;2;16;57;115m██[38;2;16;57;115m██[38;2;74;115;172m██[38;2;16;16;16m██
                                                    [38;2;16;32;65m██[38;2;16;32;65m██[38;2;16;32;65m██[38;2;16;32;65m██[38;2;16;32;65m██[38;2;16;32;65m██[38;2;82;139;230m██[38;2;82;139;230m██[38;2;82;139;230m██[38;2;82;139;230m██[38;2;82;139;230m██[38;2;16;32;65m██[38;2;16;57;115m██[38;2;16;57;115m██[38;2;16;57;115m██[38;2;16;57;115m██[38;2;16;57;115m██[38;2;16;57;115m██[38;2;16;57;115m██[38;2;16;57;115m██[38;2;16;57;115m██[38;2;16;57;115m██[38;2;16;57;115m██[38;2;16;32;65m██[38;2;16;32;65m██[38;2;16;32;65m██[38;2;16;32;65m██[38;2;16;32;65m██[38;2;16;32;65m██[38;2;16;32;65m██[38;2;16;32;65m██[38;2;16;16;16m██[38;2;16;16;16m██[38;2;16;16;16m██            [38;2;16;32;65m██[38;2;16;32;65m██[38;2;82;139;230m██[38;2;82;139;230m██[38;2;82;139;230m██[38;2;82;139;230m██[38;2;82;139;230m██[38;2;82;139;230m██[38;2;16;57;115m██[38;2;16;57;115m██[38;2;74;115;172m██[38;2;16;16;16m██
                                                    [38;2;16;32;65m██[38;2;16;32;65m██[38;2;16;32;65m██[38;2;16;32;65m██[38;2;16;32;65m██[38;2;16;32;65m██[38;2;16;32;65m██[38;2;82;139;230m██[38;2;82;139;230m██[38;2;82;139;230m██[38;2;82;139;230m██[38;2;16;32;65m██[38;2;16;57;115m██[38;2;16;57;115m██[38;2;16;57;115m██[38;2;16;57;115m██[38;2;16;57;115m██[38;2;16;57;115m██[38;2;16;57;115m██[38;2;16;57;115m██[38;2;16;32;65m██[38;2;16;32;65m██[38;2;16;32;65m██[38;2;16;32;65m██[38;2;16;32;65m██[38;2;16;32;65m██[38;2;16;32;65m██[38;2;16;32;65m██[38;2;16;32;65m██[38;2;16;32;65m██[38;2;16;32;65m██[38;2;16;16;16m██                    [38;2;16;32;65m██[38;2;16;32;65m██[38;2;82;139;230m██[38;2;82;139;230m██[38;2;82;139;230m██[38;2;82;139;230m██[38;2;82;139;230m██[38;2;82;139;230m██[38;2;74;115;172m██[38;2;16;16;16m██
                                                      [38;2;16;32;65m██[38;2;16;32;65m██[38;2;16;32;65m██[38;2;16;32;65m██[38;2;16;32;65m██[38;2;16;32;65m██[38;2;16;32;65m██[38;2;82;139;230m██[38;2;82;139;230m██[38;2;82;139;230m██[38;2;74;115;172m██[38;2;16;32;65m██[38;2;16;57;115m██[38;2;16;57;115m██[38;2;16;57;115m██[38;2;16;57;115m██[38;2;16;32;65m██[38;2;16;32;65m██[38;2;16;32;65m██[38;2;16;32;65m██[38;2;16;32;65m██[38;2;16;32;65m██[38;2;16;32;65m██[38;2;16;32;65m██[38;2;16;32;65m██[38;2;16;32;65m██[38;2;16;32;65m██[38;2;16;32;65m██[38;2;16;32;65m██[38;2;16;16;16m██                          [38;2;16;32;65m██[38;2;16;32;65m██[38;2;16;32;65m██[38;2;82;139;230m██[38;2;82;139;230m██[38;2;82;139;230m██[38;2;74;115;172m██[38;2;16;16;16m██
                                                        [38;2;16;16;16m██[38;2;16;32;65m██[38;2;16;32;65m██[38;2;16;32;65m██[38;2;16;32;65m██[38;2;16;32;65m██[38;2;16;32;65m██[38;2;82;139;230m██[38;2;82;139;230m██[38;2;82;139;230m██[38;2;16;32;65m██[38;2;16;32;65m██[38;2;16;32;65m██[38;2;16;32;65m██[38;2;16;32;65m██[38;2;16;32;65m██[38;2;16;32;65m██[38;2;16;32;65m██[38;2;16;32;65m██[38;2;16;32;65m██[38;2;16;32;65m██[38;2;16;32;65m██[38;2;16;32;65m██[38;2;16;32;65m██[38;2;16;32;65m██[38;2;16;32;65m██[38;2;16;32;65m██[38;2;16;32;65m██[38;2;16;16;16m██                                [38;2;16;32;65m██[38;2;16;32;65m██[38;2;16;32;65m██[38;2;16;32;65m██[38;2;16;16;16m██
                                                          [38;2;16;16;16m██[38;2;16;32;65m██[38;2;16;32;65m██[38;2;16;32;65m██[38;2;16;32;65m██[38;2;16;32;65m██[38;2;16;32;65m██[38;2;16;32;65m██[38;2;16;57;115m██[38;2;82;139;230m██[38;2;82;139;230m██[38;2;16;32;65m██[38;2;16;32;65m██[38;2;16;32;65m██[38;2;16;32;65m██[38;2;16;32;65m██[38;2;16;32;65m██[38;2;16;32;65m██[38;2;16;32;65m██[38;2;16;32;65m██[38;2;16;32;65m██[38;2;16;32;65m██[38;2;16;32;65m██[38;2;16;32;65m██[38;2;16;32;65m██[38;2;16;32;65m██[38;2;16;16;16m██                                            
                                                          [38;2;16;16;16m██[38;2;16;32;65m██[38;2;16;32;65m██[38;2;16;32;65m██[38;2;16;32;65m██[38;2;16;32;65m██[38;2;16;16;16m██[38;2;16;16;16m██[38;2;16;32;65m██[38;2;16;32;65m██[38;2;16;32;65m██[38;2;16;32;65m██[38;2;16;32;65m██[38;2;16;16;16m██[38;2;16;16;16m██[38;2;16;32;65m██[38;2;16;32;65m██[38;2;16;32;65m██[38;2;16;32;65m██[38;2;16;32;65m██[38;2;16;32;65m██[38;2;16;32;65m██[38;2;16;32;65m██[38;2;16;32;65m██[38;2;16;32;65m██[38;2;16;16;16m██                                              
                                                            [38;2;16;32;65m██[38;2;16;32;65m██[38;2;16;32;65m██[38;2;16;32;65m██[38;2;16;16;16m██[38;2;16;16;16m██[38;2;16;16;16m██            [38;2;16;32;65m██[38;2;16;16;16m██[38;2;16;32;65m██[38;2;16;32;65m██[38;2;16;32;65m██[38;2;16;32;65m██[38;2;16;32;65m██[38;2;16;32;65m██[38;2;16;32;65m██[38;2;16;32;65m██[38;2;16;16;16m██                                                
                                                          [38;2;16;16;16m██[38;2;16;32;65m██[38;2;16;16;16m██[38;2;16;16;16m██[38;2;16;16;16m██[38;2;16;16;16m██[38;2;16;16;16m██                  [38;2;16;16;16m██[38;2;16;32;65m██[38;2;16;32;65m██[38;2;16;32;65m██[38;2;16;32;65m██[38;2;16;32;65m██[38;2;16;32;65m██[38;2;16;32;65m██[38;2;16;16;16m██                                                
                                                            [38;2;123;82;65m██[38;2;16;32;65m██[38;2;16;32;65m██[38;2;189;139;106m██[38;2;16;16;16m██[38;2;16;16;16m██[38;2;16;16;16m██                  [38;2;16;16;16m██[38;2;16;32;65m██[38;2;16;32;65m██[38;2;16;32;65m██[38;2;16;32;65m██[38;2;16;32;65m██[38;2;16;32;65m██[38;2;16;32;65m██[38;2;16;32;65m██                                              
                                                          [38;2;16;16;16m██[38;2;123;82;65m██[38;2;189;139;106m██[38;2;16;32;65m██[38;2;189;139;106m██[38;2;189;139;106m██[38;2;16;16;16m██[38;2;189;139;106m██[38;2;16;16;16m██                  [38;2;16;16;16m██[38;2;16;32;65m██[38;2;16;32;65m██[38;2;16;32;65m██[38;2;16;32;65m██[38;2;16;32;65m██[38;2;16;32;65m██[38;2;16;16;16m██[38;2;16;32;65m██                                            
                                                    [38;2;16;16;16m██[38;2;16;16;16m██[38;2;16;16;16m██[38;2;189;139;106m██[38;2;189;139;106m██[38;2;189;139;106m██[38;2;189;139;106m██[38;2;189;139;106m██[38;2;189;139;106m██[38;2;189;139;106m██[38;2;189;139;106m██[38;2;16;16;16m██                  [38;2;16;16;16m██[38;2;16;32;65m██[38;2;16;32;65m██[38;2;123;82;65m██[38;2;16;32;65m██[38;2;16;32;65m██[38;2;16;32;65m██[38;2;16;16;16m██[38;2;16;16;16m██[38;2;16;16;16m██                                          
                                                [38;2;16;16;16m██[38;2;123;82;65m██[38;2;123;82;65m██[38;2;189;139;106m██[38;2;238;205;98m██[38;2;189;139;106m██[38;2;189;139;106m██[38;2;189;139;106m██[38;2;189;139;106m██[38;2;189;139;106m██[38;2;189;139;106m██[38;2;189;139;106m██[38;2;189;139;106m██[38;2;16;16;16m██                [38;2;16;16;16m██[38;2;16;32;65m██[38;2;16;32;65m██[38;2;189;139;106m██[38;2;189;139;106m██[38;2;189;139;106m██[38;2;16;32;65m██[38;2;189;139;106m██[38;2;16;16;16m██                                              
                                                [38;2;123;82;65m██[38;2;189;139;106m██[38;2;238;205;98m██[38;2;238;205;98m██[38;2;123;82;65m██[38;2;189;139;106m██[38;2;123;82;65m██[38;2;123;82;65m██[38;2;189;139;106m██[38;2;189;139;106m██[38;2;189;139;106m██[38;2;16;16;16m██[38;2;16;16;16m██                      [38;2;16;16;16m██[38;2;189;139;106m██[38;2;189;139;106m██[38;2;189;139;106m██[38;2;189;139;106m██[38;2;189;139;106m██[38;2;189;139;106m██[38;2;16;16;16m██                                            
                                              [38;2;16;16;16m██[38;2;238;205;98m██[38;2;238;205;98m██[38;2;189;139;106m██[38;2;123;82;65m██[38;2;189;139;106m██[38;2;123;82;65m██[38;2;238;205;98m██[38;2;238;205;98m██[38;2;238;205;98m██[38;2;16;16;16m██[38;2;16;16;16m██                        [38;2;123;82;65m██[38;2;189;139;106m██[38;2;189;139;106m██[38;2;189;139;106m██[38;2;189;139;106m██[38;2;238;205;98m██[38;2;123;82;65m██[38;2;189;139;106m██[38;2;189;139;106m██[38;2;123;82;65m██                                          
                                              [38;2;16;16;16m██[38;2;16;16;16m██[38;2;16;16;16m██[38;2;16;16;16m██[38;2;16;16;16m██[38;2;123;82;65m██[38;2;238;205;98m██[38;2;238;205;98m██[38;2;16;16;16m██[38;2;16;16;16m██                            [38;2;123;82;65m██[38;2;189;139;106m██[38;2;123;82;65m██[38;2;189;139;106m██[38;2;189;139;106m██[38;2;238;205;98m██[38;2;123;82;65m██[38;2;123;82;65m██[38;2;189;139;106m██[38;2;238;205;98m██[38;2;16;16;16m██                                        
                                                        [38;2;123;82;65m██[38;2;16;16;16m██[38;2;16;16;16m██                              [38;2;123;82;65m██[38;2;238;205;98m██[38;2;238;205;98m██[38;2;189;139;106m██[38;2;123;82;65m██[38;2;238;205;98m██[38;2;238;205;98m██[38;2;238;205;98m██[38;2;189;139;106m██[38;2;123;82;65m██[38;2;238;205;98m██[38;2;238;205;98m██[38;2;16;16;16m██                                      
                                                                                            [38;2;123;82;65m██[38;2;238;205;98m██[38;2;16;16;16m██[38;2;189;139;106m██[38;2;16;16;16m██[38;2;238;205;98m██[38;2;238;205;98m██[38;2;238;205;98m██[38;2;189;139;106m██[38;2;16;16;16m██[38;2;16;16;16m██[38;2;238;205;98m██[38;2;16;16;16m██                                      
                                                                                            [38;2;123;82;65m██[38;2;16;16;16m██[38;2;16;16;16m██    [38;2;16;16;16m██[38;2;238;205;98m██[38;2;16;16;16m██      [38;2;123;82;65m██[38;2;16;16;16m██                                      
                                                                                                        [38;2;16;16;16m██                                                  
