                              [38;2;82;74;74m██[38;2;57;32;41m██                                    
                              [38;2;57;32;41m██[38;2;115;98;98m██[38;2;57;32;41m██                                  
                                [38;2;115;98;98m██[38;2;115;98;98m██[38;2;57;32;41m██                                
                                [38;2;115;98;98m██[38;2;115;98;98m██[38;2;0;0;0m██                                
                              [38;2;0;0;0m██[38;2;115;98;98m██[38;2;115;98;98m██[38;2;0;0;0m██                                
                          [38;2;0;0;0m██[38;2;0;0;0m██[38;2;57;32;41m██[38;2;115;98;98m██[38;2;57;32;41m██                                  
                  [38;2;57;32;41m██[38;2;57;32;41m██[38;2;57;32;41m██[38;2;57;32;41m██[38;2;115;98;98m██[38;2;115;98;98m██[38;2;115;98;98m██[38;2;115;98;98m██[38;2;0;0;0m██[38;2;0;0;0m██                                
              [38;2;57;32;41m██[38;2;57;32;41m██[38;2;115;98;98m██[38;2;115;98;98m██[38;2;115;98;98m██[38;2;115;98;98m██[38;2;115;98;98m██[38;2;115;98;98m██[38;2;115;98;98m██[38;2;115;98;98m██[38;2;115;98;98m██[38;2;115;98;98m██[38;2;0;0;0m██                              
            [38;2;57;32;41m██[38;2;115;98;98m██[38;2;115;98;98m██[38;2;115;98;98m██[38;2;115;98;98m██[38;2;115;98;98m██[38;2;115;98;98m██[38;2;115;98;98m██[38;2;115;98;98m██[38;2;115;98;98m██[38;2;115;98;98m██[38;2;115;98;98m██[38;2;115;98;98m██[38;2;115;98;98m██[38;2;0;0;0m██                            
          [38;2;57;32;41m██[38;2;82;74;74m██[38;2;115;98;98m██[38;2;180;180;180m██[38;2;180;180;180m██[38;2;180;180;180m██[38;2;115;98;98m██[38;2;115;98;98m██[38;2;115;98;98m██[38;2;115;98;98m██[38;2;115;98;98m██[38;2;115;98;98m██[38;2;115;98;98m██[38;2;115;98;98m██[38;2;115;98;98m██[38;2;115;98;98m██[38;2;0;0;0m██                          
          [38;2;57;32;41m██[38;2;82;74;74m██[38;2;255;255;255m██[38;2;255;255;255m██[38;2;255;255;255m██[38;2;255;255;255m██[38;2;180;180;180m██[38;2;115;98;98m██[38;2;115;98;98m██[38;2;115;98;98m██[38;2;115;98;98m██[38;2;115;98;98m██[38;2;115;98;98m██[38;2;115;98;98m██[38;2;115;98;98m██[38;2;115;98;98m██[38;2;0;0;0m██                          
        [38;2;57;32;41m██[38;2;82;74;74m██[38;2;180;180;180m██[38;2;255;255;255m██[38;2;255;255;255m██[38;2;255;255;255m██[38;2;255;255;255m██[38;2;255;255;255m██[38;2;180;180;180m██[38;2;115;98;98m██[38;2;115;98;98m██[38;2;115;98;98m██[38;2;115;98;98m██[38;2;115;98;98m██[38;2;115;98;98m██[38;2;115;98;98m██[38;2;115;98;98m██[38;2;82;74;74m██[38;2;0;0;0m██          [38;2;57;32;41m██[38;2;57;32;41m██[38;2;57;32;41m██        
        [38;2;57;32;41m██[38;2;82;74;74m██[38;2;255;255;255m██[38;2;255;255;255m██[38;2;255;255;255m██[38;2;255;255;255m██[38;2;255;255;255m██[38;2;255;255;255m██[38;2;180;180;180m██[38;2;115;98;98m██[38;2;115;98;98m██[38;2;180;180;180m██[38;2;180;180;180m██[38;2;180;180;180m██[38;2;115;98;98m██[38;2;115;98;98m██[38;2;115;98;98m██[38;2;115;98;98m██[38;2;0;0;0m██        [38;2;57;32;41m██[38;2;255;255;255m██[38;2;255;255;255m██[38;2;255;255;255m██[38;2;57;32;41m██      
      [38;2;57;32;41m██[38;2;180;180;180m██[38;2;82;74;74m██[38;2;255;255;255m██[38;2;255;255;255m██[38;2;255;255;255m██[38;2;255;255;255m██[38;2;255;255;255m██[38;2;180;180;180m██[38;2;180;180;180m██[38;2;255;255;255m██[38;2;255;255;255m██[38;2;255;255;255m██[38;2;255;255;255m██[38;2;255;255;255m██[38;2;255;255;255m██[38;2;115;98;98m██[38;2;115;98;98m██[38;2;115;98;98m██[38;2;82;74;74m██[38;2;0;0;0m██  [38;2;0;0;0m██[38;2;0;0;0m██[38;2;82;74;74m██[38;2;255;255;255m██[38;2;255;255;255m██[38;2;255;255;255m██[38;2;57;32;41m██      
      [38;2;57;32;41m██[38;2;0;0;0m██[38;2;255;255;255m██[38;2;255;255;255m██[38;2;255;255;255m██[38;2;255;255;255m██[38;2;255;255;255m██[38;2;255;255;255m██[38;2;255;255;255m██[38;2;0;0;0m██[38;2;0;0;0m██[38;2;0;0;0m██[38;2;255;255;255m██[38;2;255;255;255m██[38;2;255;255;255m██[38;2;255;255;255m██[38;2;180;180;180m██[38;2;115;98;98m██[38;2;115;98;98m██[38;2;115;98;98m██[38;2;0;0;0m██[38;2;57;32;41m██[38;2;82;74;74m██[38;2;82;74;74m██[38;2;180;180;180m██[38;2;255;255;255m██[38;2;255;255;255m██[38;2;255;255;255m██[38;2;0;0;0m██[38;2;0;0;0m██[38;2;0;0;0m██  
      [38;2;0;0;0m██[38;2;255;255;255m██[38;2;0;0;0m██[38;2;255;255;255m██[38;2;255;255;255m██[38;2;255;255;255m██[38;2;255;255;255m██[38;2;255;255;255m██[38;2;82;74;74m██[38;2;0;0;0m██[38;2;255;255;255m██[38;2;0;0;0m██[38;2;82;74;74m██[38;2;255;255;255m██[38;2;255;255;255m██[38;2;255;255;255m██[38;2;255;255;255m██[38;2;115;98;98m██[38;2;115;98;98m██[38;2;115;98;98m██[38;2;0;0;0m██[38;2;57;32;41m██[38;2;82;74;74m██[38;2;82;74;74m██[38;2;255;255;255m██[38;2;255;255;255m██[38;2;255;255;255m██[38;2;172;156;156m██[38;2;82;74;74m██[38;2;82;74;74m██[38;2;82;74;74m██[38;2;0;0;0m██
      [38;2;0;0;0m██[38;2;255;255;255m██[38;2;0;0;0m██[38;2;156;74;32m██[38;2;156;74;32m██[38;2;255;255;255m██[38;2;255;255;255m██[38;2;255;255;255m██[38;2;82;74;74m██[38;2;0;0;0m██[38;2;255;255;255m██[38;2;0;0;0m██[38;2;82;74;74m██[38;2;255;255;255m██[38;2;255;255;255m██[38;2;255;255;255m██[38;2;255;255;255m██[38;2;115;98;98m██[38;2;115;98;98m██[38;2;82;74;74m██[38;2;0;0;0m██[38;2;82;74;74m██[38;2;82;74;74m██[38;2;82;74;74m██[38;2;180;180;180m██[38;2;180;180;180m██[38;2;255;255;255m██[38;2;82;74;74m██[38;2;82;74;74m██[38;2;82;74;74m██[38;2;82;74;74m██[38;2;0;0;0m██
      [38;2;57;32;41m██[38;2;82;74;74m██[38;2;156;74;32m██[38;2;255;148;41m██[38;2;255;148;41m██[38;2;156;74;32m██[38;2;213;222;222m██[38;2;255;255;255m██[38;2;82;74;74m██[38;2;0;0;0m██[38;2;82;74;74m██[38;2;0;0;0m██[38;2;82;74;74m██[38;2;255;255;255m██[38;2;255;255;255m██[38;2;255;255;255m██[38;2;213;222;222m██[38;2;82;74;74m██[38;2;82;74;74m██[38;2;82;74;74m██[38;2;0;0;0m██[38;2;82;74;74m██[38;2;82;74;74m██[38;2;180;180;180m██[38;2;180;180;180m██[38;2;180;180;180m██[38;2;82;74;74m██[38;2;82;74;74m██[38;2;82;74;74m██[38;2;82;74;74m██[38;2;57;32;41m██[38;2;0;0;0m██
      [38;2;57;32;41m██[38;2;57;32;41m██[38;2;255;148;41m██[38;2;255;148;41m██[38;2;255;148;41m██[38;2;255;148;41m██[38;2;255;148;41m██[38;2;156;74;32m██[38;2;255;255;255m██[38;2;0;0;0m██[38;2;0;0;0m██[38;2;0;0;0m██[38;2;213;222;222m██[38;2;213;222;222m██[38;2;213;222;222m██[38;2;213;222;222m██[38;2;180;180;180m██[38;2;82;74;74m██[38;2;82;74;74m██[38;2;82;74;74m██[38;2;82;74;74m██[38;2;0;0;0m██[38;2;82;74;74m██[38;2;180;180;180m██[38;2;180;180;180m██[38;2;180;180;180m██[38;2;82;74;74m██[38;2;82;74;74m██[38;2;82;74;74m██[38;2;82;74;74m██[38;2;0;0;0m██  
    [38;2;57;32;41m██[38;2;57;32;41m██[38;2;156;74;32m██[38;2;255;148;41m██[38;2;255;148;41m██[38;2;255;148;41m██[38;2;57;32;41m██[38;2;82;74;74m██[38;2;82;74;74m██[38;2;213;222;222m██[38;2;213;222;222m██[38;2;213;222;222m██[38;2;213;222;222m██[38;2;213;222;222m██[38;2;213;222;222m██[38;2;213;222;222m██[38;2;180;180;180m██[38;2;82;74;74m██[38;2;82;74;74m██[38;2;82;74;74m██[38;2;82;74;74m██[38;2;82;74;74m██[38;2;82;74;74m██[38;2;0;0;0m██[38;2;180;180;180m██[38;2;180;180;180m██[38;2;82;74;74m██[38;2;82;74;74m██[38;2;82;74;74m██[38;2;82;74;74m██[38;2;0;0;0m██    
  [38;2;0;0;0m██[38;2;82;74;74m██[38;2;82;74;74m██[38;2;82;74;74m██[38;2;156;74;32m██[38;2;0;0;0m██[38;2;57;32;41m██[38;2;156;74;32m██[38;2;156;74;32m██[38;2;57;32;41m██[38;2;213;222;222m██[38;2;213;222;222m██[38;2;213;222;222m██[38;2;213;222;222m██[38;2;213;222;222m██[38;2;180;180;180m██[38;2;82;74;74m██[38;2;82;74;74m██[38;2;82;74;74m██[38;2;82;74;74m██[38;2;82;74;74m██[38;2;82;74;74m██[38;2;82;74;74m██[38;2;0;0;0m██[38;2;0;0;0m██[38;2;82;74;74m██[38;2;82;74;74m██[38;2;82;74;74m██[38;2;82;74;74m██[38;2;82;74;74m██[38;2;57;32;41m██[38;2;0;0;0m██    
[38;2;0;0;0m██[38;2;82;74;74m██[38;2;82;74;74m██[38;2;0;0;0m██[38;2;0;0;0m██[38;2;0;0;0m██[38;2;180;180;180m██[38;2;180;180;180m██[38;2;57;32;41m██[38;2;57;32;41m██[38;2;180;180;180m██[38;2;180;180;180m██[38;2;213;222;222m██[38;2;180;180;180m██[38;2;82;74;74m██[38;2;82;74;74m██[38;2;82;74;74m██[38;2;82;74;74m██[38;2;82;74;74m██[38;2;82;74;74m██[38;2;82;74;74m██[38;2;82;74;74m██[38;2;82;74;74m██[38;2;0;0;0m██[38;2;172;156;156m██[38;2;57;32;41m██[38;2;57;32;41m██[38;2;82;74;74m██[38;2;82;74;74m██[38;2;82;74;74m██[38;2;82;74;74m██[38;2;0;0;0m██      
[38;2;0;0;0m██[38;2;0;0;0m██[38;2;0;0;0m██[38;2;82;74;74m██[38;2;82;74;74m██[38;2;82;74;74m██[38;2;82;74;74m██[38;2;82;74;74m██[38;2;82;74;74m██[38;2;82;74;74m██[38;2;82;74;74m██[38;2;82;74;74m██[38;2;82;74;74m██[38;2;82;74;74m██[38;2;82;74;74m██[38;2;82;74;74m██[38;2;82;74;74m██[38;2;82;74;74m██[38;2;82;74;74m██[38;2;82;74;74m██[38;2;0;0;0m██[38;2;82;74;74m██[38;2;82;74;74m██[38;2;0;0;0m██[38;2;172;156;156m██[38;2;172;156;156m██[38;2;172;156;156m██[38;2;57;32;41m██[38;2;82;74;74m██[38;2;0;0;0m██[38;2;0;0;0m██        
      [38;2;57;32;41m██[38;2;82;74;74m██[38;2;82;74;74m██[38;2;82;74;74m██[38;2;82;74;74m██[38;2;82;74;74m██[38;2;82;74;74m██[38;2;82;74;74m██[38;2;82;74;74m██[38;2;82;74;74m██[38;2;82;74;74m██[38;2;82;74;74m██[38;2;82;74;74m██[38;2;82;74;74m██[38;2;0;0;0m██[38;2;57;32;41m██[38;2;82;74;74m██[38;2;0;0;0m██[38;2;172;156;156m██[38;2;172;156;156m██[38;2;172;156;156m██[38;2;172;156;156m██[38;2;172;156;156m██[38;2;172;156;156m██[38;2;139;115;115m██[38;2;0;0;0m██[38;2;57;32;41m██[38;2;57;32;41m██[38;2;0;0;0m██      
    [38;2;57;32;41m██[38;2;172;156;156m██[38;2;57;32;41m██[38;2;172;156;156m██[38;2;82;74;74m██[38;2;0;0;0m██[38;2;255;255;255m██[38;2;255;255;255m██[38;2;82;74;74m██[38;2;82;74;74m██[38;2;0;0;0m██[38;2;172;156;156m██[38;2;82;74;74m██[38;2;82;74;74m██[38;2;0;0;0m██[38;2;172;156;156m██[38;2;82;74;74m██[38;2;57;32;41m██[38;2;0;0;0m██[38;2;172;156;156m██[38;2;172;156;156m██[38;2;172;156;156m██[38;2;172;156;156m██[38;2;172;156;156m██[38;2;139;115;115m██[38;2;139;115;115m██[38;2;57;32;41m██[38;2;57;32;41m██[38;2;57;32;41m██[38;2;0;0;0m██      
    [38;2;57;32;41m██[38;2;172;156;156m██[38;2;82;74;74m██[38;2;172;156;156m██[38;2;0;0;0m██[38;2;255;255;255m██[38;2;255;255;255m██[38;2;255;255;255m██[38;2;255;255;255m██[38;2;0;0;0m██[38;2;172;156;156m██[38;2;172;156;156m██[38;2;172;156;156m██[38;2;0;0;0m██[38;2;172;156;156m██[38;2;172;156;156m██[38;2;82;74;74m██[38;2;172;156;156m██[38;2;172;156;156m██[38;2;172;156;156m██[38;2;172;156;156m██[38;2;172;156;156m██[38;2;172;156;156m██[38;2;172;156;156m██[38;2;139;115;115m██[38;2;57;32;41m██[38;2;57;32;41m██[38;2;57;32;41m██[38;2;57;32;41m██[38;2;0;0;0m██      
    [38;2;0;0;0m██[38;2;172;156;156m██[38;2;82;74;74m██[38;2;172;156;156m██[38;2;139;115;115m██[38;2;255;255;255m██[38;2;255;255;255m██[38;2;255;255;255m██[38;2;255;255;255m██[38;2;255;255;255m██[38;2;172;156;156m██[38;2;172;156;156m██[38;2;172;156;156m██[38;2;172;156;156m██[38;2;172;156;156m██[38;2;172;156;156m██[38;2;82;74;74m██[38;2;139;115;115m██[38;2;172;156;156m██[38;2;172;156;156m██[38;2;172;156;156m██[38;2;172;156;156m██[38;2;172;156;156m██[38;2;139;115;115m██[38;2;139;115;115m██[38;2;139;115;115m██[38;2;57;32;41m██[38;2;57;32;41m██[38;2;57;32;41m██[38;2;0;0;0m██      
    [38;2;0;0;0m██[38;2;139;115;115m██[38;2;82;74;74m██[38;2;172;156;156m██[38;2;139;115;115m██[38;2;255;255;255m██[38;2;255;255;255m██[38;2;255;255;255m██[38;2;255;255;255m██[38;2;255;255;255m██[38;2;172;156;156m██[38;2;172;156;156m██[38;2;172;156;156m██[38;2;172;156;156m██[38;2;172;156;156m██[38;2;172;156;156m██[38;2;172;156;156m██[38;2;82;74;74m██[38;2;172;156;156m██[38;2;172;156;156m██[38;2;172;156;156m██[38;2;172;156;156m██[38;2;139;115;115m██[38;2;139;115;115m██[38;2;57;32;41m██[38;2;57;32;41m██[38;2;57;32;41m██[38;2;57;32;41m██[38;2;0;0;0m██        
      [38;2;0;0;0m██[38;2;172;156;156m██[38;2;172;156;156m██[38;2;172;156;156m██[38;2;139;115;115m██[38;2;255;255;255m██[38;2;255;255;255m██[38;2;255;255;255m██[38;2;139;115;115m██[38;2;172;156;156m██[38;2;172;156;156m██[38;2;172;156;156m██[38;2;172;156;156m██[38;2;172;156;156m██[38;2;172;156;156m██[38;2;172;156;156m██[38;2;57;32;41m██[38;2;139;115;115m██[38;2;172;156;156m██[38;2;139;115;115m██[38;2;139;115;115m██[38;2;139;115;115m██[38;2;139;115;115m██[38;2;139;115;115m██[38;2;57;32;41m██[38;2;57;32;41m██[38;2;57;32;41m██[38;2;0;0;0m██        
      [38;2;0;0;0m██[38;2;139;115;115m██[38;2;172;156;156m██[38;2;172;156;156m██[38;2;172;156;156m██[38;2;139;115;115m██[38;2;139;115;115m██[38;2;139;115;115m██[38;2;172;156;156m██[38;2;172;156;156m██[38;2;172;156;156m██[38;2;172;156;156m██[38;2;172;156;156m██[38;2;172;156;156m██[38;2;172;156;156m██[38;2;172;156;156m██[38;2;139;115;115m██[38;2;82;74;74m██[38;2;139;115;115m██[38;2;139;115;115m██[38;2;139;115;115m██[38;2;139;115;115m██[38;2;57;32;41m██[38;2;57;32;41m██[38;2;57;32;41m██[38;2;57;32;41m██[38;2;0;0;0m██          
        [38;2;0;0;0m██[38;2;172;156;156m██[38;2;172;156;156m██[38;2;172;156;156m██[38;2;172;156;156m██[38;2;172;156;156m██[38;2;172;156;156m██[38;2;172;156;156m██[38;2;172;156;156m██[38;2;172;156;156m██[38;2;172;156;156m██[38;2;172;156;156m██[38;2;172;156;156m██[38;2;172;156;156m██[38;2;139;115;115m██[38;2;139;115;115m██[38;2;139;115;115m██[38;2;57;32;41m██[38;2;139;115;115m██[38;2;139;115;115m██[38;2;139;115;115m██[38;2;139;115;115m██[38;2;57;32;41m██[38;2;0;0;0m██[38;2;0;0;0m██            
          [38;2;0;0;0m██[38;2;139;115;115m██[38;2;172;156;156m██[38;2;172;156;156m██[38;2;172;156;156m██[38;2;172;156;156m██[38;2;172;156;156m██[38;2;172;156;156m██[38;2;172;156;156m██[38;2;172;156;156m██[38;2;139;115;115m██[38;2;139;115;115m██[38;2;139;115;115m██[38;2;139;115;115m██[38;2;139;115;115m██[38;2;139;115;115m██[38;2;139;115;115m██[38;2;0;0;0m██[38;2;0;0;0m██[38;2;0;0;0m██[38;2;0;0;0m██[38;2;0;0;0m██                
            [38;2;0;0;0m██[38;2;139;115;115m██[38;2;139;115;115m██[38;2;139;115;115m██[38;2;139;115;115m██[38;2;139;115;115m██[38;2;139;115;115m██[38;2;139;115;115m██[38;2;139;115;115m██[38;2;139;115;115m██[38;2;139;115;115m██[38;2;139;115;115m██[38;2;139;115;115m██[38;2;139;115;115m██[38;2;139;115;115m██[38;2;0;0;0m██[38;2;0;0;0m██                        
              [38;2;0;0;0m██[38;2;0;0;0m██[38;2;139;115;115m██[38;2;139;115;115m██[38;2;139;115;115m██[38;2;139;115;115m██[38;2;139;115;115m██[38;2;139;115;115m██[38;2;139;115;115m██[38;2;139;115;115m██[38;2;139;115;115m██[38;2;139;115;115m██[38;2;0;0;0m██[38;2;0;0;0m██                            
                  [38;2;0;0;0m██[38;2;0;0;0m██[38;2;0;0;0m██[38;2;0;0;0m██[38;2;57;32;41m██[38;2;57;32;41m██[38;2;0;0;0m██[38;2;0;0;0m██[38;2;0;0;0m██[38;2;0;0;0m██[38;2;213;115;0m██[38;2;156;74;32m██[38;2;0;0;0m██[38;2;0;0;0m██                        
            [38;2;0;0;0m██[38;2;255;148;41m██[38;2;156;74;32m██[38;2;255;148;41m██[38;2;0;0;0m██[38;2;213;115;0m██[38;2;213;115;0m██[38;2;0;0;0m██    [38;2;0;0;0m██[38;2;213;115;0m██[38;2;57;32;41m██[38;2;213;115;0m██[38;2;156;74;32m██[38;2;213;115;0m██[38;2;255;148;41m██[38;2;0;0;0m██                      
            [38;2;0;0;0m██[38;2;0;0;0m██[38;2;255;148;41m██[38;2;156;74;32m██[38;2;255;148;41m██[38;2;0;0;0m██[38;2;0;0;0m██    [38;2;156;74;32m██[38;2;255;148;41m██[38;2;156;74;32m██[38;2;255;148;41m██[38;2;156;74;32m██[38;2;255;148;41m██[38;2;255;148;41m██[38;2;0;0;0m██                        
              [38;2;0;0;0m██[38;2;0;0;0m██[38;2;0;0;0m██[38;2;0;0;0m██        [38;2;0;0;0m██[38;2;255;148;41m██[38;2;57;32;41m██[38;2;255;148;41m██[38;2;0;0;0m██[38;2;255;148;41m██[38;2;0;0;0m██                          
                                [38;2;0;0;0m██[38;2;0;0;0m██[38;2;57;32;41m██[38;2;0;0;0m██[38;2;0;0;0m██                            
