                          [38;2;53;53;61m██[38;2;53;53;61m██[38;2;53;53;61m██[38;2;53;53;61m██[38;2;53;53;61m██[38;2;53;53;61m██                                      
                      [38;2;53;53;61m██[38;2;53;53;61m██[38;2;82;82;104m██[38;2;82;82;104m██[38;2;82;82;104m██[38;2;82;82;104m██[38;2;82;82;104m██[38;2;53;53;61m██[38;2;16;16;16m██[38;2;16;16;16m██                                  
                    [38;2;53;53;61m██[38;2;82;82;104m██[38;2;82;82;104m██[38;2;82;82;104m██[38;2;82;82;104m██[38;2;82;82;104m██[38;2;82;82;104m██[38;2;82;82;104m██[38;2;82;82;104m██[38;2;82;82;104m██[38;2;53;53;61m██[38;2;16;16;16m██                                
                  [38;2;53;53;61m██[38;2;82;82;104m██[38;2;82;82;104m██[38;2;53;53;61m██[38;2;53;53;61m██[38;2;53;53;61m██[38;2;53;53;61m██[38;2;82;82;104m██[38;2;82;82;104m██[38;2;82;82;104m██[38;2;82;82;104m██[38;2;82;82;104m██[38;2;53;53;61m██[38;2;16;16;16m██                              
                [38;2;53;53;61m██[38;2;82;82;104m██[38;2;53;53;61m██[38;2;53;53;61m██[38;2;82;82;104m██[38;2;82;82;104m██[38;2;82;82;104m██[38;2;82;82;104m██[38;2;53;53;61m██[38;2;53;53;61m██[38;2;82;82;104m██[38;2;82;82;104m██[38;2;82;82;104m██[38;2;82;82;104m██[38;2;16;16;16m██                              
              [38;2;53;53;61m██[38;2;82;82;104m██[38;2;53;53;61m██[38;2;82;82;104m██[38;2;82;82;104m██[38;2;82;82;104m██[38;2;82;82;104m██[38;2;82;82;104m██[38;2;82;82;104m██[38;2;82;82;104m██[38;2;82;82;104m██[38;2;53;53;61m██[38;2;82;82;104m██[38;2;82;82;104m██[38;2;82;82;104m██[38;2;53;53;61m██[38;2;16;16;16m██                            
            [38;2;16;16;16m██[38;2;82;82;104m██[38;2;53;53;61m██[38;2;82;82;104m██[38;2;82;82;104m██[38;2;82;82;104m██[38;2;82;82;104m██[38;2;82;82;104m██[38;2;82;82;104m██[38;2;82;82;104m██[38;2;82;82;104m██[38;2;82;82;104m██[38;2;53;53;61m██[38;2;82;82;104m██[38;2;82;82;104m██[38;2;82;82;104m██[38;2;82;82;104m██[38;2;16;16;16m██                            
            [38;2;16;16;16m██[38;2;53;53;61m██[38;2;82;82;104m██[38;2;137;136;150m██[38;2;137;136;150m██[38;2;82;82;104m██[38;2;82;82;104m██[38;2;82;82;104m██[38;2;82;82;104m██[38;2;82;82;104m██[38;2;82;82;104m██[38;2;82;82;104m██[38;2;82;82;104m██[38;2;53;53;61m██[38;2;82;82;104m██[38;2;82;82;104m██[38;2;82;82;104m██[38;2;53;53;61m██[38;2;16;16;16m██                          
          [38;2;16;16;16m██[38;2;82;82;104m██[38;2;53;53;61m██[38;2;137;136;150m██[38;2;137;136;150m██[38;2;137;136;150m██[38;2;137;136;150m██[38;2;82;82;104m██[38;2;82;82;104m██[38;2;82;82;104m██[38;2;82;82;104m██[38;2;82;82;104m██[38;2;82;82;104m██[38;2;82;82;104m██[38;2;53;53;61m██[38;2;82;82;104m██[38;2;82;82;104m██[38;2;82;82;104m██[38;2;82;82;104m██[38;2;16;16;16m██                          
          [38;2;16;16;16m██[38;2;53;53;61m██[38;2;82;82;104m██[38;2;137;136;150m██[38;2;137;136;150m██[38;2;137;136;150m██[38;2;137;136;150m██[38;2;82;82;104m██[38;2;82;82;104m██[38;2;82;82;104m██[38;2;82;82;104m██[38;2;82;82;104m██[38;2;82;82;104m██[38;2;82;82;104m██[38;2;82;82;104m██[38;2;53;53;61m██[38;2;82;82;104m██[38;2;82;82;104m██[38;2;82;82;104m██[38;2;16;16;16m██                          
        [38;2;16;16;16m██[38;2;82;82;104m██[38;2;53;53;61m██[38;2;137;136;150m██[38;2;137;136;150m██[38;2;137;136;150m██[38;2;137;136;150m██[38;2;82;82;104m██[38;2;82;82;104m██[38;2;82;82;104m██[38;2;82;82;104m██[38;2;82;82;104m██[38;2;82;82;104m██[38;2;82;82;104m██[38;2;82;82;104m██[38;2;82;82;104m██[38;2;53;53;61m██[38;2;82;82;104m██[38;2;82;82;104m██[38;2;82;82;104m██[38;2;53;53;61m██[38;2;16;16;16m██                        
        [38;2;16;16;16m██[38;2;82;82;104m██[38;2;82;82;104m██[38;2;137;136;150m██[38;2;137;136;150m██[38;2;137;136;150m██[38;2;137;136;150m██[38;2;82;82;104m██[38;2;82;82;104m██[38;2;82;82;104m██[38;2;82;82;104m██[38;2;82;82;104m██[38;2;82;82;104m██[38;2;82;82;104m██[38;2;82;82;104m██[38;2;82;82;104m██[38;2;53;53;61m██[38;2;82;82;104m██[38;2;82;82;104m██[38;2;82;82;104m██[38;2;53;53;61m██[38;2;16;16;16m██                        
        [38;2;16;16;16m██[38;2;53;53;61m██[38;2;82;82;104m██[38;2;82;82;104m██[38;2;137;136;150m██[38;2;137;136;150m██[38;2;82;82;104m██[38;2;82;82;104m██[38;2;82;82;104m██[38;2;82;82;104m██[38;2;82;82;104m██[38;2;82;82;104m██[38;2;82;82;104m██[38;2;82;82;104m██[38;2;82;82;104m██[38;2;82;82;104m██[38;2;53;53;61m██[38;2;82;82;104m██[38;2;82;82;104m██[38;2;82;82;104m██[38;2;53;53;61m██[38;2;16;16;16m██                        
      [38;2;16;16;16m██[38;2;82;82;104m██[38;2;53;53;61m██[38;2;82;82;104m██[38;2;82;82;104m██[38;2;82;82;104m██[38;2;82;82;104m██[38;2;82;82;104m██[38;2;82;82;104m██[38;2;82;82;104m██[38;2;82;82;104m██[38;2;82;82;104m██[38;2;82;82;104m██[38;2;82;82;104m██[38;2;82;82;104m██[38;2;82;82;104m██[38;2;82;82;104m██[38;2;53;53;61m██[38;2;82;82;104m██[38;2;82;82;104m██[38;2;82;82;104m██[38;2;53;53;61m██[38;2;16;16;16m██                        
      [38;2;53;53;61m██[38;2;82;82;104m██[38;2;82;82;104m██[38;2;82;82;104m██[38;2;82;82;104m██[38;2;82;82;104m██[38;2;82;82;104m██[38;2;82;82;104m██[38;2;82;82;104m██[38;2;82;82;104m██[38;2;82;82;104m██[38;2;82;82;104m██[38;2;82;82;104m██[38;2;82;82;104m██[38;2;82;82;104m██[38;2;82;82;104m██[38;2;82;82;104m██[38;2;53;53;61m██[38;2;82;82;104m██[38;2;82;82;104m██[38;2;53;53;61m██[38;2;53;53;61m██[38;2;16;16;16m██                        
      [38;2;16;16;16m██[38;2;53;53;61m██[38;2;82;82;104m██[38;2;82;82;104m██[38;2;82;82;104m██[38;2;82;82;104m██[38;2;82;82;104m██[38;2;82;82;104m██[38;2;82;82;104m██[38;2;82;82;104m██[38;2;82;82;104m██[38;2;82;82;104m██[38;2;82;82;104m██[38;2;82;82;104m██[38;2;82;82;104m██[38;2;82;82;104m██[38;2;82;82;104m██[38;2;53;53;61m██[38;2;82;82;104m██[38;2;82;82;104m██[38;2;53;53;61m██[38;2;53;53;61m██[38;2;16;16;16m██                        
    [38;2;149;93;25m██[38;2;16;16;16m██[38;2;53;53;61m██[38;2;82;82;104m██[38;2;82;82;104m██[38;2;82;82;104m██[38;2;82;82;104m██[38;2;82;82;104m██[38;2;82;82;104m██[38;2;82;82;104m██[38;2;82;82;104m██[38;2;82;82;104m██[38;2;82;82;104m██[38;2;82;82;104m██[38;2;82;82;104m██[38;2;82;82;104m██[38;2;82;82;104m██[38;2;53;53;61m██[38;2;82;82;104m██[38;2;82;82;104m██[38;2;82;82;104m██[38;2;53;53;61m██[38;2;53;53;61m██[38;2;16;16;16m██                        
  [38;2;149;93;25m██[38;2;249;222;81m██[38;2;16;16;16m██[38;2;53;53;61m██[38;2;82;82;104m██[38;2;82;82;104m██[38;2;82;82;104m██[38;2;82;82;104m██[38;2;82;82;104m██[38;2;82;82;104m██[38;2;82;82;104m██[38;2;82;82;104m██[38;2;82;82;104m██[38;2;82;82;104m██[38;2;82;82;104m██[38;2;82;82;104m██[38;2;82;82;104m██[38;2;82;82;104m██[38;2;53;53;61m██[38;2;82;82;104m██[38;2;82;82;104m██[38;2;82;82;104m██[38;2;53;53;61m██[38;2;53;53;61m██[38;2;16;16;16m██                        
[38;2;149;93;25m██[38;2;249;222;81m██[38;2;249;222;81m██[38;2;97;65;35m██[38;2;53;53;61m██[38;2;82;82;104m██[38;2;82;82;104m██[38;2;82;82;104m██[38;2;82;82;104m██[38;2;82;82;104m██[38;2;82;82;104m██[38;2;82;82;104m██[38;2;82;82;104m██[38;2;82;82;104m██[38;2;82;82;104m██[38;2;82;82;104m██[38;2;16;16;16m██[38;2;16;16;16m██[38;2;16;16;16m██[38;2;53;53;61m██[38;2;82;82;104m██[38;2;82;82;104m██[38;2;53;53;61m██[38;2;53;53;61m██[38;2;16;16;16m██[38;2;149;93;25m██[38;2;149;93;25m██[38;2;149;93;25m██                    
[38;2;149;93;25m██[38;2;249;222;81m██[38;2;249;222;81m██[38;2;249;222;81m██[38;2;97;65;35m██[38;2;16;16;16m██[38;2;53;53;61m██[38;2;82;82;104m██[38;2;82;82;104m██[38;2;82;82;104m██[38;2;82;82;104m██[38;2;82;82;104m██[38;2;82;82;104m██[38;2;97;65;35m██[38;2;97;65;35m██[38;2;97;65;35m██[38;2;249;222;81m██[38;2;249;222;81m██[38;2;193;135;35m██[38;2;97;65;35m██[38;2;16;16;16m██[38;2;82;82;104m██[38;2;53;53;61m██[38;2;53;53;61m██[38;2;16;16;16m██[38;2;249;222;81m██[38;2;249;222;81m██[38;2;249;222;81m██[38;2;149;93;25m██[38;2;16;16;16m██          [38;2;80;81;92m██[38;2;80;81;92m██  
[38;2;149;93;25m██[38;2;193;135;35m██[38;2;249;222;81m██[38;2;249;222;81m██[38;2;249;222;81m██[38;2;249;222;81m██[38;2;249;222;81m██[38;2;16;16;16m██[38;2;16;16;16m██[38;2;16;16;16m██[38;2;97;65;35m██[38;2;97;65;35m██[38;2;97;65;35m██[38;2;249;222;81m██[38;2;249;222;81m██[38;2;249;222;81m██[38;2;249;222;81m██[38;2;249;222;81m██[38;2;193;135;35m██[38;2;193;135;35m██[38;2;16;16;16m██[38;2;82;82;104m██[38;2;53;53;61m██[38;2;53;53;61m██[38;2;16;16;16m██[38;2;249;222;81m██[38;2;249;222;81m██[38;2;249;222;81m██[38;2;249;222;81m██[38;2;193;135;35m██[38;2;16;16;16m██    [38;2;53;53;61m██[38;2;53;53;61m██[38;2;137;136;150m██[38;2;137;136;150m██[38;2;16;16;16m██
  [38;2;16;16;16m██[38;2;193;135;35m██[38;2;249;222;81m██[38;2;249;222;81m██[38;2;249;222;81m██[38;2;249;222;81m██[38;2;249;222;81m██[38;2;249;222;81m██[38;2;249;222;81m██[38;2;249;222;81m██[38;2;249;222;81m██[38;2;249;222;81m██[38;2;249;222;81m██[38;2;249;222;81m██[38;2;249;222;81m██[38;2;249;222;81m██[38;2;193;135;35m██[38;2;193;135;35m██[38;2;193;135;35m██[38;2;16;16;16m██[38;2;53;53;61m██[38;2;53;53;61m██[38;2;16;16;16m██[38;2;249;222;81m██[38;2;249;222;81m██[38;2;249;222;81m██[38;2;193;135;35m██[38;2;149;93;25m██[38;2;149;93;25m██[38;2;187;188;191m██[38;2;53;53;61m██[38;2;53;53;61m██[38;2;137;136;150m██[38;2;137;136;150m██[38;2;137;136;150m██[38;2;137;136;150m██[38;2;16;16;16m██
  [38;2;16;16;16m██[38;2;32;32;32m██[38;2;97;65;35m██[38;2;193;135;35m██[38;2;249;222;81m██[38;2;249;222;81m██[38;2;249;222;81m██[38;2;249;222;81m██[38;2;249;222;81m██[38;2;249;222;81m██[38;2;249;222;81m██[38;2;249;222;81m██[38;2;193;135;35m██[38;2;193;135;35m██[38;2;193;135;35m██[38;2;193;135;35m██[38;2;193;135;35m██[38;2;16;16;16m██[38;2;16;16;16m██[38;2;53;53;61m██[38;2;53;53;61m██[38;2;53;53;61m██[38;2;16;16;16m██[38;2;149;93;25m██[38;2;149;93;25m██[38;2;149;93;25m██[38;2;137;136;150m██[38;2;187;188;191m██[38;2;187;188;191m██[38;2;187;188;191m██[38;2;187;188;191m██[38;2;80;81;92m██[38;2;137;136;150m██[38;2;137;136;150m██[38;2;137;136;150m██[38;2;137;136;150m██[38;2;16;16;16m██
  [38;2;16;16;16m██[38;2;53;53;61m██[38;2;193;135;35m██[38;2;32;32;32m██[38;2;97;65;35m██[38;2;97;65;35m██[38;2;193;135;35m██[38;2;193;135;35m██[38;2;193;135;35m██[38;2;193;135;35m██[38;2;193;135;35m██[38;2;193;135;35m██[38;2;193;135;35m██[38;2;97;65;35m██[38;2;97;65;35m██[38;2;16;16;16m██[38;2;16;16;16m██[38;2;53;53;61m██[38;2;53;53;61m██[38;2;53;53;61m██[38;2;53;53;61m██[38;2;16;16;16m██[38;2;187;188;191m██[38;2;187;188;191m██[38;2;187;188;191m██[38;2;187;188;191m██[38;2;187;188;191m██[38;2;187;188;191m██[38;2;187;188;191m██[38;2;187;188;191m██[38;2;187;188;191m██[38;2;187;188;191m██[38;2;137;136;150m██[38;2;137;136;150m██[38;2;137;136;150m██[38;2;80;81;92m██  
    [38;2;53;53;61m██[38;2;249;222;81m██[38;2;16;16;16m██[38;2;80;81;92m██[38;2;80;81;92m██[38;2;80;81;92m██[38;2;97;65;35m██[38;2;97;65;35m██[38;2;97;65;35m██[38;2;97;65;35m██[38;2;97;65;35m██[38;2;97;65;35m██[38;2;16;16;16m██[38;2;16;16;16m██[38;2;193;135;35m██[38;2;53;53;61m██[38;2;53;53;61m██[38;2;53;53;61m██[38;2;53;53;61m██[38;2;16;16;16m██[38;2;187;188;191m██[38;2;187;188;191m██[38;2;187;188;191m██[38;2;187;188;191m██[38;2;187;188;191m██[38;2;187;188;191m██[38;2;187;188;191m██[38;2;187;188;191m██[38;2;187;188;191m██[38;2;187;188;191m██[38;2;187;188;191m██[38;2;80;81;92m██[38;2;137;136;150m██[38;2;137;136;150m██[38;2;16;16;16m██  
    [38;2;16;16;16m██[38;2;193;135;35m██[38;2;97;65;35m██[38;2;97;65;35m██[38;2;97;65;35m██[38;2;97;65;35m██[38;2;97;65;35m██[38;2;137;136;150m██[38;2;137;136;150m██[38;2;193;135;35m██[38;2;249;222;81m██[38;2;255;255;255m██[38;2;16;16;16m██[38;2;249;222;81m██[38;2;193;135;35m██[38;2;53;53;61m██[38;2;53;53;61m██[38;2;53;53;61m██[38;2;53;53;61m██[38;2;16;16;16m██[38;2;187;188;191m██[38;2;187;188;191m██[38;2;187;188;191m██[38;2;187;188;191m██[38;2;187;188;191m██[38;2;187;188;191m██[38;2;187;188;191m██[38;2;187;188;191m██[38;2;187;188;191m██[38;2;187;188;191m██[38;2;187;188;191m██[38;2;80;81;92m██[38;2;137;136;150m██[38;2;16;16;16m██    
      [38;2;16;16;16m██[38;2;249;222;81m██[38;2;249;222;81m██[38;2;249;222;81m██[38;2;249;222;81m██[38;2;249;222;81m██[38;2;193;135;35m██[38;2;97;65;35m██[38;2;137;136;150m██[38;2;255;255;255m██[38;2;16;16;16m██[38;2;53;53;61m██[38;2;255;255;255m██[38;2;149;93;25m██[38;2;53;53;61m██[38;2;53;53;61m██[38;2;53;53;61m██[38;2;16;16;16m██[38;2;137;136;150m██[38;2;187;188;191m██[38;2;187;188;191m██[38;2;187;188;191m██[38;2;187;188;191m██[38;2;187;188;191m██[38;2;187;188;191m██[38;2;187;188;191m██[38;2;187;188;191m██[38;2;187;188;191m██[38;2;187;188;191m██[38;2;137;136;150m██[38;2;187;188;191m██[38;2;16;16;16m██      
    [38;2;16;16;16m██[38;2;249;222;81m██[38;2;249;222;81m██[38;2;249;222;81m██[38;2;249;222;81m██[38;2;249;222;81m██[38;2;249;222;81m██[38;2;249;222;81m██[38;2;249;222;81m██[38;2;97;65;35m██[38;2;53;53;61m██[38;2;255;255;255m██[38;2;255;255;255m██[38;2;149;93;25m██[38;2;53;53;61m██[38;2;53;53;61m██[38;2;53;53;61m██[38;2;16;16;16m██[38;2;137;136;150m██[38;2;187;188;191m██[38;2;187;188;191m██[38;2;187;188;191m██[38;2;187;188;191m██[38;2;187;188;191m██[38;2;187;188;191m██[38;2;187;188;191m██[38;2;187;188;191m██[38;2;187;188;191m██[38;2;187;188;191m██[38;2;137;136;150m██[38;2;187;188;191m██[38;2;137;136;150m██[38;2;16;16;16m██      
    [38;2;97;65;35m██[38;2;249;222;81m██[38;2;193;135;35m██[38;2;97;65;35m██[38;2;97;65;35m██[38;2;97;65;35m██[38;2;193;135;35m██[38;2;249;222;81m██[38;2;249;222;81m██[38;2;193;135;35m██[38;2;97;65;35m██[38;2;16;16;16m██[38;2;53;53;61m██[38;2;53;53;61m██[38;2;53;53;61m██[38;2;53;53;61m██[38;2;16;16;16m██[38;2;137;136;150m██[38;2;137;136;150m██[38;2;187;188;191m██[38;2;187;188;191m██[38;2;187;188;191m██[38;2;187;188;191m██[38;2;187;188;191m██[38;2;187;188;191m██[38;2;187;188;191m██[38;2;187;188;191m██[38;2;137;136;150m██[38;2;137;136;150m██[38;2;187;188;191m██[38;2;137;136;150m██[38;2;187;188;191m██[38;2;16;16;16m██      
      [38;2;97;65;35m██[38;2;16;16;16m██[38;2;82;82;104m██[38;2;82;82;104m██[38;2;82;82;104m██[38;2;82;82;104m██[38;2;82;82;104m██[38;2;97;65;35m██[38;2;193;135;35m██[38;2;193;135;35m██[38;2;16;16;16m██[38;2;53;53;61m██[38;2;53;53;61m██[38;2;16;16;16m██[38;2;16;16;16m██[38;2;137;136;150m██[38;2;137;136;150m██[38;2;187;188;191m██[38;2;187;188;191m██[38;2;187;188;191m██[38;2;187;188;191m██[38;2;187;188;191m██[38;2;137;136;150m██[38;2;137;136;150m██[38;2;137;136;150m██[38;2;137;136;150m██[38;2;137;136;150m██[38;2;137;136;150m██[38;2;137;136;150m██[38;2;187;188;191m██[38;2;137;136;150m██[38;2;16;16;16m██      
        [38;2;16;16;16m██[38;2;82;82;104m██[38;2;53;53;61m██[38;2;82;82;104m██[38;2;41;41;49m██[38;2;82;82;104m██[38;2;82;82;104m██[38;2;193;135;35m██[38;2;16;16;16m██[38;2;16;16;16m██[38;2;16;16;16m██[38;2;137;136;150m██[38;2;137;136;150m██[38;2;137;136;150m██[38;2;80;81;92m██[38;2;187;188;191m██[38;2;187;188;191m██[38;2;187;188;191m██[38;2;187;188;191m██[38;2;137;136;150m██[38;2;137;136;150m██[38;2;137;136;150m██[38;2;137;136;150m██[38;2;137;136;150m██[38;2;137;136;150m██[38;2;137;136;150m██[38;2;137;136;150m██[38;2;137;136;150m██[38;2;137;136;150m██[38;2;137;136;150m██[38;2;16;16;16m██      
      [38;2;53;53;61m██[38;2;80;81;92m██[38;2;16;16;16m██[38;2;16;16;16m██[38;2;41;41;49m██[38;2;53;53;61m██[38;2;53;53;61m██[38;2;53;53;61m██[38;2;16;16;16m██[38;2;137;136;150m██[38;2;137;136;150m██[38;2;137;136;150m██[38;2;16;16;16m██[38;2;16;16;16m██[38;2;53;53;61m██[38;2;187;188;191m██[38;2;187;188;191m██[38;2;187;188;191m██[38;2;187;188;191m██[38;2;137;136;150m██[38;2;137;136;150m██[38;2;137;136;150m██[38;2;137;136;150m██[38;2;137;136;150m██[38;2;137;136;150m██[38;2;80;81;92m██[38;2;137;136;150m██[38;2;137;136;150m██[38;2;137;136;150m██[38;2;137;136;150m██[38;2;16;16;16m██        
      [38;2;53;53;61m██[38;2;80;81;92m██[38;2;80;81;92m██[38;2;80;81;92m██[38;2;41;41;49m██[38;2;16;16;16m██[38;2;16;16;16m██[38;2;16;16;16m██[38;2;80;81;92m██[38;2;16;16;16m██[38;2;16;16;16m██[38;2;16;16;16m██[38;2;80;81;92m██[38;2;53;53;61m██[38;2;137;136;150m██[38;2;137;136;150m██[38;2;187;188;191m██[38;2;187;188;191m██[38;2;137;136;150m██[38;2;80;81;92m██[38;2;137;136;150m██[38;2;137;136;150m██[38;2;137;136;150m██[38;2;137;136;150m██[38;2;137;136;150m██[38;2;16;16;16m██[38;2;137;136;150m██[38;2;137;136;150m██[38;2;137;136;150m██[38;2;137;136;150m██[38;2;16;16;16m██        
    [38;2;32;32;32m██[38;2;80;81;92m██[38;2;80;81;92m██[38;2;80;81;92m██[38;2;80;81;92m██[38;2;80;81;92m██[38;2;80;81;92m██[38;2;53;53;61m██[38;2;53;53;61m██    [38;2;53;53;61m██[38;2;53;53;61m██[38;2;53;53;61m██[38;2;137;136;150m██[38;2;137;136;150m██[38;2;137;136;150m██[38;2;137;136;150m██[38;2;137;136;150m██[38;2;137;136;150m██[38;2;53;53;61m██[38;2;137;136;150m██[38;2;137;136;150m██[38;2;80;81;92m██[38;2;80;81;92m██[38;2;16;16;16m██[38;2;80;81;92m██[38;2;137;136;150m██[38;2;137;136;150m██[38;2;137;136;150m██[38;2;16;16;16m██          
  [38;2;32;32;32m██[38;2;80;81;92m██[38;2;249;222;81m██[38;2;80;81;92m██[38;2;80;81;92m██[38;2;80;81;92m██[38;2;53;53;61m██[38;2;53;53;61m██            [38;2;53;53;61m██[38;2;193;135;35m██[38;2;137;136;150m██[38;2;137;136;150m██[38;2;137;136;150m██[38;2;137;136;150m██[38;2;53;53;61m██[38;2;16;16;16m██[38;2;16;16;16m██[38;2;16;16;16m██  [38;2;16;16;16m██[38;2;193;135;35m██[38;2;249;222;81m██[38;2;193;135;35m██[38;2;137;136;150m██[38;2;80;81;92m██[38;2;80;81;92m██          
  [38;2;32;32;32m██[38;2;249;222;81m██[38;2;193;135;35m██[38;2;149;93;25m██[38;2;80;81;92m██[38;2;16;16;16m██              [38;2;53;53;61m██[38;2;137;136;150m██[38;2;249;222;81m██[38;2;193;135;35m██[38;2;137;136;150m██[38;2;137;136;150m██[38;2;137;136;150m██[38;2;53;53;61m██        [38;2;16;16;16m██[38;2;249;222;81m██[38;2;249;222;81m██[38;2;193;135;35m██[38;2;137;136;150m██[38;2;16;16;16m██            
    [38;2;16;16;16m██[38;2;16;16;16m██[38;2;16;16;16m██[38;2;16;16;16m██                [38;2;53;53;61m██[38;2;193;135;35m██[38;2;249;222;81m██[38;2;149;93;25m██[38;2;137;136;150m██[38;2;137;136;150m██[38;2;16;16;16m██            [38;2;16;16;16m██[38;2;16;16;16m██[38;2;16;16;16m██[38;2;16;16;16m██              
                            [38;2;16;16;16m██[38;2;249;222;81m██[38;2;249;222;81m██[38;2;149;93;25m██[38;2;137;136;150m██[38;2;16;16;16m██                                    
                              [38;2;16;16;16m██[38;2;16;16;16m██[38;2;16;16;16m██[38;2;16;16;16m██                                      
