                  [38;2;20;105;46m██[38;2;20;105;46m██                                                                  
                  [38;2;20;105;46m██[38;2;34;177;76m██[38;2;20;105;46m██                                                                
                  [38;2;20;105;46m██[38;2;34;177;76m██[38;2;20;105;46m██                                                                
                [38;2;16;16;16m██[38;2;34;177;76m██[38;2;34;177;76m██[38;2;34;177;76m██[38;2;20;105;46m██        [38;2;16;16;16m██                                                    
                [38;2;16;16;16m██[38;2;30;153;67m██[38;2;34;177;76m██[38;2;34;177;76m██[38;2;20;105;46m██      [38;2;20;105;46m██[38;2;34;177;76m██[38;2;16;16;16m██                                                  
                [38;2;16;16;16m██[38;2;30;153;67m██[38;2;30;153;67m██[38;2;34;177;76m██[38;2;34;177;76m██[38;2;20;105;46m██    [38;2;20;105;46m██[38;2;34;177;76m██[38;2;16;16;16m██                                                  
    [38;2;20;105;46m██[38;2;20;105;46m██      [38;2;16;16;16m██[38;2;30;153;67m██[38;2;30;153;67m██[38;2;30;153;67m██[38;2;30;153;67m██[38;2;34;177;76m██[38;2;20;105;46m██  [38;2;20;105;46m██[38;2;30;153;67m██[38;2;34;177;76m██[38;2;34;177;76m██[38;2;16;16;16m██                                                
    [38;2;16;16;16m██[38;2;34;177;76m██[38;2;20;105;46m██[38;2;20;105;46m██  [38;2;16;16;16m██[38;2;30;153;67m██[38;2;30;153;67m██[38;2;30;153;67m██[38;2;30;153;67m██[38;2;34;177;76m██[38;2;34;177;76m██[38;2;20;105;46m██[38;2;20;105;46m██[38;2;30;153;67m██[38;2;30;153;67m██[38;2;34;177;76m██[38;2;16;16;16m██                                                
    [38;2;16;16;16m██[38;2;30;153;67m██[38;2;34;177;76m██[38;2;34;177;76m██[38;2;20;105;46m██[38;2;16;16;16m██[38;2;30;153;67m██[38;2;30;153;67m██[38;2;30;153;67m██[38;2;30;153;67m██[38;2;30;153;67m██[38;2;34;177;76m██[38;2;20;105;46m██[38;2;30;153;67m██[38;2;30;153;67m██[38;2;30;153;67m██[38;2;34;177;76m██[38;2;34;177;76m██[38;2;20;105;46m██                                              
    [38;2;16;16;16m██[38;2;30;153;67m██[38;2;30;153;67m██[38;2;34;177;76m██[38;2;34;177;76m██[38;2;20;105;46m██[38;2;30;153;67m██[38;2;30;153;67m██[38;2;30;153;67m██[38;2;30;153;67m██[38;2;30;153;67m██[38;2;30;153;67m██[38;2;30;153;67m██[38;2;20;105;46m██[38;2;30;153;67m██[38;2;30;153;67m██[38;2;30;153;67m██[38;2;34;177;76m██[38;2;20;105;46m██                                              
      [38;2;16;16;16m██[38;2;30;153;67m██[38;2;30;153;67m██[38;2;34;177;76m██[38;2;34;177;76m██[38;2;20;105;46m██[38;2;30;153;67m██[38;2;30;153;67m██[38;2;30;153;67m██[38;2;30;153;67m██[38;2;30;153;67m██[38;2;30;153;67m██[38;2;20;105;46m██[38;2;30;153;67m██[38;2;30;153;67m██[38;2;30;153;67m██[38;2;34;177;76m██[38;2;34;177;76m██[38;2;20;105;46m██                                            
      [38;2;16;16;16m██[38;2;30;153;67m██[38;2;30;153;67m██[38;2;30;153;67m██[38;2;30;153;67m██[38;2;34;177;76m██[38;2;30;153;67m██[38;2;30;153;67m██[38;2;30;153;67m██[38;2;30;153;67m██[38;2;30;153;67m██[38;2;30;153;67m██[38;2;30;153;67m██[38;2;30;153;67m██[38;2;30;153;67m██[38;2;30;153;67m██[38;2;34;177;76m██[38;2;34;177;76m██[38;2;16;16;16m██[38;2;16;16;16m██                                          
        [38;2;16;16;16m██[38;2;30;153;67m██[38;2;30;153;67m██[38;2;30;153;67m██[38;2;30;153;67m██[38;2;30;153;67m██[38;2;30;153;67m██[38;2;30;153;67m██[38;2;30;153;67m██[38;2;30;153;67m██[38;2;30;153;67m██[38;2;30;153;67m██[38;2;30;153;67m██[38;2;30;153;67m██[38;2;30;153;67m██[38;2;34;177;76m██[38;2;34;177;76m██[38;2;34;177;76m██[38;2;34;177;76m██[38;2;16;16;16m██                                        
      [38;2;20;105;46m██[38;2;16;16;16m██[38;2;30;153;67m██[38;2;30;153;67m██[38;2;30;153;67m██[38;2;30;153;67m██[38;2;30;153;67m██[38;2;30;153;67m██[38;2;30;153;67m██[38;2;30;153;67m██[38;2;30;153;67m██[38;2;203;185;177m██[38;2;203;185;177m██[38;2;203;185;177m██[38;2;203;185;177m██[38;2;203;185;177m██[38;2;203;185;177m██[38;2;244;222;198m██[38;2;34;177;76m██[38;2;34;177;76m██[38;2;34;177;76m██[38;2;16;16;16m██    [38;2;16;16;16m██                                
    [38;2;20;105;46m██[38;2;34;177;76m██[38;2;30;153;67m██[38;2;30;153;67m██[38;2;30;153;67m██[38;2;30;153;67m██[38;2;30;153;67m██[38;2;30;153;67m██[38;2;30;153;67m██[38;2;203;185;177m██[38;2;203;185;177m██[38;2;203;185;177m██[38;2;203;185;177m██[38;2;203;185;177m██[38;2;203;185;177m██[38;2;203;185;177m██[38;2;203;185;177m██[38;2;203;185;177m██[38;2;203;185;177m██[38;2;244;222;198m██[38;2;244;222;198m██[38;2;34;177;76m██[38;2;34;177;76m██[38;2;20;105;46m██[38;2;30;153;67m██[38;2;34;177;76m██[38;2;16;16;16m██                  [38;2;16;16;16m██          
    [38;2;20;105;46m██[38;2;34;177;76m██[38;2;34;177;76m██[38;2;30;153;67m██[38;2;30;153;67m██[38;2;30;153;67m██[38;2;30;153;67m██[38;2;30;153;67m██[38;2;203;185;177m██[38;2;203;185;177m██[38;2;203;185;177m██[38;2;203;185;177m██[38;2;203;185;177m██[38;2;203;185;177m██[38;2;203;185;177m██[38;2;203;185;177m██[38;2;203;185;177m██[38;2;203;185;177m██[38;2;203;185;177m██[38;2;203;185;177m██[38;2;244;222;198m██[38;2;244;222;198m██[38;2;34;177;76m██[38;2;20;105;46m██[38;2;16;16;16m██[38;2;34;177;76m██[38;2;16;16;16m██                [38;2;16;16;16m██[38;2;34;177;76m██[38;2;16;16;16m██        
  [38;2;20;105;46m██[38;2;34;177;76m██[38;2;34;177;76m██[38;2;34;177;76m██[38;2;30;153;67m██[38;2;30;153;67m██[38;2;30;153;67m██[38;2;30;153;67m██[38;2;203;185;177m██[38;2;203;185;177m██[38;2;203;185;177m██[38;2;203;185;177m██[38;2;203;185;177m██[38;2;203;185;177m██[38;2;203;185;177m██[38;2;203;185;177m██[38;2;203;185;177m██[38;2;203;185;177m██[38;2;203;185;177m██[38;2;203;185;177m██[38;2;203;185;177m██[38;2;244;222;198m██[38;2;244;222;198m██[38;2;244;222;198m██[38;2;34;177;76m██[38;2;20;105;46m██[38;2;34;177;76m██[38;2;34;177;76m██[38;2;16;16;16m██            [38;2;16;16;16m██[38;2;34;177;76m██[38;2;34;177;76m██[38;2;16;16;16m██        
  [38;2;20;105;46m██[38;2;34;177;76m██[38;2;34;177;76m██[38;2;30;153;67m██[38;2;30;153;67m██[38;2;30;153;67m██[38;2;30;153;67m██[38;2;203;185;177m██[38;2;203;185;177m██[38;2;203;185;177m██[38;2;203;185;177m██[38;2;203;185;177m██[38;2;203;185;177m██[38;2;203;185;177m██[38;2;203;185;177m██[38;2;203;185;177m██[38;2;203;185;177m██[38;2;203;185;177m██[38;2;203;185;177m██[38;2;203;185;177m██[38;2;203;185;177m██[38;2;203;185;177m██[38;2;244;222;198m██[38;2;244;222;198m██[38;2;244;222;198m██[38;2;34;177;76m██[38;2;20;105;46m██[38;2;34;177;76m██[38;2;16;16;16m██            [38;2;16;16;16m██[38;2;34;177;76m██[38;2;34;177;76m██[38;2;30;153;67m██[38;2;16;16;16m██      
[38;2;90;82;74m██[38;2;203;185;177m██[38;2;34;177;76m██[38;2;34;177;76m██[38;2;30;153;67m██[38;2;30;153;67m██[38;2;30;153;67m██[38;2;203;185;177m██[38;2;203;185;177m██[38;2;203;185;177m██[38;2;203;185;177m██[38;2;203;185;177m██[38;2;203;185;177m██[38;2;203;185;177m██[38;2;203;185;177m██[38;2;203;185;177m██[38;2;203;185;177m██[38;2;203;185;177m██[38;2;203;185;177m██[38;2;203;185;177m██[38;2;203;185;177m██[38;2;203;185;177m██[38;2;203;185;177m██[38;2;244;222;198m██[38;2;244;222;198m██[38;2;244;222;198m██[38;2;34;177;76m██[38;2;20;105;46m██[38;2;34;177;76m██[38;2;30;153;67m██          [38;2;16;16;16m██[38;2;30;153;67m██[38;2;30;153;67m██[38;2;34;177;76m██[38;2;34;177;76m██[38;2;16;16;16m██      
[38;2;90;82;74m██[38;2;244;222;198m██[38;2;34;177;76m██[38;2;30;153;67m██[38;2;30;153;67m██[38;2;30;153;67m██[38;2;30;153;67m██[38;2;203;185;177m██[38;2;203;185;177m██[38;2;203;185;177m██[38;2;203;185;177m██[38;2;203;185;177m██[38;2;203;185;177m██[38;2;203;185;177m██[38;2;203;185;177m██[38;2;203;185;177m██[38;2;203;185;177m██[38;2;203;185;177m██[38;2;203;185;177m██[38;2;203;185;177m██[38;2;203;185;177m██[38;2;203;185;177m██[38;2;203;185;177m██[38;2;203;185;177m██[38;2;244;222;198m██[38;2;244;222;198m██[38;2;244;222;198m██[38;2;16;16;16m██[38;2;30;153;67m██[38;2;30;153;67m██[38;2;16;16;16m██        [38;2;16;16;16m██[38;2;30;153;67m██[38;2;30;153;67m██[38;2;34;177;76m██[38;2;34;177;76m██[38;2;16;16;16m██      
[38;2;16;16;16m██[38;2;244;222;198m██[38;2;34;177;76m██[38;2;30;153;67m██[38;2;30;153;67m██[38;2;30;153;67m██[38;2;30;153;67m██[38;2;203;185;177m██[38;2;203;185;177m██[38;2;203;185;177m██[38;2;203;185;177m██[38;2;203;185;177m██[38;2;203;185;177m██[38;2;203;185;177m██[38;2;203;185;177m██[38;2;90;82;74m██[38;2;203;185;177m██[38;2;203;185;177m██[38;2;203;185;177m██[38;2;203;185;177m██[38;2;203;185;177m██[38;2;203;185;177m██[38;2;203;185;177m██[38;2;203;185;177m██[38;2;244;222;198m██[38;2;244;222;198m██[38;2;244;222;198m██[38;2;244;222;198m██[38;2;16;16;16m██[38;2;30;153;67m██[38;2;16;16;16m██      [38;2;16;16;16m██[38;2;30;153;67m██[38;2;30;153;67m██[38;2;30;153;67m██[38;2;30;153;67m██[38;2;34;177;76m██[38;2;74;65;90m██      
[38;2;16;16;16m██[38;2;244;222;198m██[38;2;244;222;198m██[38;2;30;153;67m██[38;2;30;153;67m██[38;2;30;153;67m██[38;2;203;185;177m██[38;2;203;185;177m██[38;2;203;185;177m██[38;2;203;185;177m██[38;2;203;185;177m██[38;2;203;185;177m██[38;2;203;185;177m██[38;2;203;185;177m██[38;2;203;185;177m██[38;2;203;185;177m██[38;2;90;82;74m██[38;2;203;185;177m██[38;2;203;185;177m██[38;2;203;185;177m██[38;2;203;185;177m██[38;2;203;185;177m██[38;2;203;185;177m██[38;2;203;185;177m██[38;2;203;185;177m██[38;2;244;222;198m██[38;2;244;222;198m██[38;2;244;222;198m██[38;2;16;16;16m██[38;2;30;153;67m██[38;2;16;16;16m██[38;2;16;16;16m██[38;2;16;16;16m██[38;2;16;16;16m██[38;2;16;16;16m██[38;2;30;153;67m██[38;2;30;153;67m██[38;2;30;153;67m██[38;2;30;153;67m██[38;2;34;177;76m██[38;2;34;177;76m██[38;2;16;16;16m██    
[38;2;16;16;16m██[38;2;244;222;198m██[38;2;244;222;198m██[38;2;30;153;67m██[38;2;30;153;67m██[38;2;30;153;67m██[38;2;203;185;177m██[38;2;203;185;177m██[38;2;203;185;177m██[38;2;203;185;177m██[38;2;203;185;177m██[38;2;203;185;177m██[38;2;203;185;177m██[38;2;203;185;177m██[38;2;203;185;177m██[38;2;203;185;177m██[38;2;90;82;74m██[38;2;203;185;177m██[38;2;203;185;177m██[38;2;203;185;177m██[38;2;203;185;177m██[38;2;203;185;177m██[38;2;203;185;177m██[38;2;203;185;177m██[38;2;203;185;177m██[38;2;244;222;198m██[38;2;244;222;198m██[38;2;244;222;198m██[38;2;16;16;16m██[38;2;203;185;177m██[38;2;34;177;76m██[38;2;34;177;76m██[38;2;34;177;76m██[38;2;34;177;76m██[38;2;30;153;67m██[38;2;30;153;67m██[38;2;30;153;67m██[38;2;30;153;67m██[38;2;30;153;67m██[38;2;34;177;76m██[38;2;34;177;76m██[38;2;16;16;16m██    
[38;2;16;16;16m██[38;2;203;185;177m██[38;2;244;222;198m██[38;2;203;185;177m██[38;2;30;153;67m██[38;2;30;153;67m██[38;2;203;185;177m██[38;2;203;185;177m██[38;2;203;185;177m██[38;2;203;185;177m██[38;2;203;185;177m██[38;2;203;185;177m██[38;2;203;185;177m██[38;2;203;185;177m██[38;2;203;185;177m██[38;2;203;185;177m██[38;2;203;185;177m██[38;2;90;82;74m██[38;2;203;185;177m██[38;2;203;185;177m██[38;2;203;185;177m██[38;2;203;185;177m██[38;2;203;185;177m██[38;2;203;185;177m██[38;2;203;185;177m██[38;2;244;222;198m██[38;2;244;222;198m██[38;2;244;222;198m██[38;2;203;185;177m██[38;2;16;16;16m██[38;2;34;177;76m██[38;2;34;177;76m██[38;2;34;177;76m██[38;2;203;185;177m██[38;2;203;185;177m██[38;2;30;153;67m██[38;2;30;153;67m██[38;2;30;153;67m██[38;2;30;153;67m██[38;2;30;153;67m██[38;2;34;177;76m██[38;2;16;16;16m██    
  [38;2;90;82;74m██[38;2;203;185;177m██[38;2;203;185;177m██[38;2;203;185;177m██[38;2;30;153;67m██[38;2;203;185;177m██[38;2;203;185;177m██[38;2;203;185;177m██[38;2;203;185;177m██[38;2;203;185;177m██[38;2;203;185;177m██[38;2;203;185;177m██[38;2;203;185;177m██[38;2;203;185;177m██[38;2;203;185;177m██[38;2;203;185;177m██[38;2;16;16;16m██[38;2;203;185;177m██[38;2;203;185;177m██[38;2;203;185;177m██[38;2;203;185;177m██[38;2;203;185;177m██[38;2;203;185;177m██[38;2;203;185;177m██[38;2;203;185;177m██[38;2;244;222;198m██[38;2;244;222;198m██[38;2;244;222;198m██[38;2;90;82;74m██[38;2;30;153;67m██[38;2;203;185;177m██[38;2;203;185;177m██[38;2;203;185;177m██[38;2;203;185;177m██[38;2;203;185;177m██[38;2;203;185;177m██[38;2;30;153;67m██[38;2;30;153;67m██[38;2;30;153;67m██[38;2;16;16;16m██[38;2;71;65;58m██    
  [38;2;16;16;16m██[38;2;203;185;177m██[38;2;203;185;177m██[38;2;203;185;177m██[38;2;203;185;177m██[38;2;203;185;177m██[38;2;203;185;177m██[38;2;203;185;177m██[38;2;203;185;177m██[38;2;203;185;177m██[38;2;203;185;177m██[38;2;203;185;177m██[38;2;203;185;177m██[38;2;203;185;177m██[38;2;203;185;177m██[38;2;203;185;177m██[38;2;16;16;16m██[38;2;203;185;177m██[38;2;203;185;177m██[38;2;203;185;177m██[38;2;203;185;177m██[38;2;203;185;177m██[38;2;203;185;177m██[38;2;203;185;177m██[38;2;203;185;177m██[38;2;244;222;198m██[38;2;244;222;198m██[38;2;244;222;198m██[38;2;16;16;16m██[38;2;30;153;67m██[38;2;203;185;177m██[38;2;203;185;177m██[38;2;203;185;177m██[38;2;203;185;177m██[38;2;203;185;177m██[38;2;203;185;177m██[38;2;203;185;177m██[38;2;203;185;177m██[38;2;244;222;198m██[38;2;244;222;198m██[38;2;203;185;177m██[38;2;71;65;58m██  
    [38;2;16;16;16m██[38;2;203;185;177m██[38;2;203;185;177m██[38;2;203;185;177m██[38;2;203;185;177m██[38;2;203;185;177m██[38;2;203;185;177m██[38;2;203;185;177m██[38;2;203;185;177m██[38;2;203;185;177m██[38;2;203;185;177m██[38;2;203;185;177m██[38;2;203;185;177m██[38;2;203;185;177m██[38;2;90;82;74m██[38;2;203;185;177m██[38;2;203;185;177m██[38;2;203;185;177m██[38;2;203;185;177m██[38;2;203;185;177m██[38;2;203;185;177m██[38;2;203;185;177m██[38;2;203;185;177m██[38;2;203;185;177m██[38;2;244;222;198m██[38;2;244;222;198m██[38;2;244;222;198m██[38;2;16;16;16m██[38;2;203;185;177m██[38;2;203;185;177m██[38;2;203;185;177m██[38;2;203;185;177m██[38;2;203;185;177m██[38;2;203;185;177m██[38;2;203;185;177m██[38;2;203;185;177m██[38;2;203;185;177m██[38;2;203;185;177m██[38;2;203;185;177m██[38;2;244;222;198m██[38;2;71;65;58m██  
      [38;2;16;16;16m██[38;2;203;185;177m██[38;2;203;185;177m██[38;2;203;185;177m██[38;2;203;185;177m██[38;2;203;185;177m██[38;2;203;185;177m██[38;2;203;185;177m██[38;2;203;185;177m██[38;2;203;185;177m██[38;2;203;185;177m██[38;2;203;185;177m██[38;2;203;185;177m██[38;2;16;16;16m██[38;2;203;185;177m██[38;2;203;185;177m██[38;2;203;185;177m██[38;2;203;185;177m██[38;2;203;185;177m██[38;2;203;185;177m██[38;2;203;185;177m██[38;2;203;185;177m██[38;2;203;185;177m██[38;2;244;222;198m██[38;2;244;222;198m██[38;2;244;222;198m██[38;2;16;16;16m██[38;2;203;185;177m██[38;2;203;185;177m██[38;2;203;185;177m██[38;2;203;185;177m██[38;2;203;185;177m██[38;2;203;185;177m██[38;2;203;185;177m██[38;2;203;185;177m██[38;2;203;185;177m██[38;2;203;185;177m██[38;2;203;185;177m██[38;2;244;222;198m██[38;2;244;222;198m██[38;2;71;65;58m██
        [38;2;16;16;16m██[38;2;90;82;74m██[38;2;203;185;177m██[38;2;203;185;177m██[38;2;203;185;177m██[38;2;203;185;177m██[38;2;203;185;177m██[38;2;203;185;177m██[38;2;203;185;177m██[38;2;203;185;177m██[38;2;203;185;177m██[38;2;90;82;74m██[38;2;203;185;177m██[38;2;203;185;177m██[38;2;203;185;177m██[38;2;203;185;177m██[38;2;203;185;177m██[38;2;203;185;177m██[38;2;203;185;177m██[38;2;203;185;177m██[38;2;203;185;177m██[38;2;203;185;177m██[38;2;244;222;198m██[38;2;244;222;198m██[38;2;244;222;198m██[38;2;16;16;16m██[38;2;203;185;177m██[38;2;203;185;177m██[38;2;203;185;177m██[38;2;203;185;177m██[38;2;203;185;177m██[38;2;203;185;177m██[38;2;203;185;177m██[38;2;203;185;177m██[38;2;203;185;177m██[38;2;203;185;177m██[38;2;203;185;177m██[38;2;203;185;177m██[38;2;244;222;198m██[38;2;71;65;58m██
          [38;2;71;65;58m██[38;2;16;16;16m██[38;2;16;16;16m██[38;2;203;185;177m██[38;2;203;185;177m██[38;2;203;185;177m██[38;2;203;185;177m██[38;2;203;185;177m██[38;2;16;16;16m██[38;2;16;16;16m██[38;2;203;185;177m██[38;2;203;185;177m██[38;2;203;185;177m██[38;2;203;185;177m██[38;2;203;185;177m██[38;2;203;185;177m██[38;2;203;185;177m██[38;2;203;185;177m██[38;2;203;185;177m██[38;2;203;185;177m██[38;2;203;185;177m██[38;2;244;222;198m██[38;2;244;222;198m██[38;2;203;185;177m██[38;2;90;82;74m██[38;2;203;185;177m██[38;2;203;185;177m██[38;2;203;185;177m██[38;2;203;185;177m██[38;2;203;185;177m██[38;2;203;185;177m██[38;2;203;185;177m██[38;2;203;185;177m██[38;2;203;185;177m██[38;2;203;185;177m██[38;2;203;185;177m██[38;2;203;185;177m██[38;2;244;222;198m██[38;2;71;65;58m██
                [38;2;16;16;16m██[38;2;16;16;16m██[38;2;16;16;16m██[38;2;16;16;16m██[38;2;16;16;16m██[38;2;90;82;74m██[38;2;203;185;177m██[38;2;203;185;177m██[38;2;203;185;177m██[38;2;203;185;177m██[38;2;203;185;177m██[38;2;203;185;177m██[38;2;203;185;177m██[38;2;203;185;177m██[38;2;203;185;177m██[38;2;203;185;177m██[38;2;203;185;177m██[38;2;203;185;177m██[38;2;244;222;198m██[38;2;244;222;198m██[38;2;16;16;16m██[38;2;203;185;177m██[38;2;203;185;177m██[38;2;203;185;177m██[38;2;203;185;177m██[38;2;203;185;177m██[38;2;203;185;177m██[38;2;203;185;177m██[38;2;203;185;177m██[38;2;203;185;177m██[38;2;203;185;177m██[38;2;203;185;177m██[38;2;203;185;177m██[38;2;203;185;177m██[38;2;255;164;98m██[38;2;16;16;16m██
                      [38;2;71;65;58m██[38;2;203;185;177m██[38;2;203;185;177m██[38;2;203;185;177m██[38;2;203;185;177m██[38;2;203;185;177m██[38;2;203;185;177m██[38;2;203;185;177m██[38;2;203;185;177m██[38;2;203;185;177m██[38;2;203;185;177m██[38;2;203;185;177m██[38;2;203;185;177m██[38;2;203;185;177m██[38;2;203;185;177m██[38;2;244;222;198m██[38;2;244;222;198m██[38;2;16;16;16m██[38;2;203;185;177m██[38;2;203;185;177m██[38;2;203;185;177m██[38;2;203;185;177m██[38;2;203;185;177m██[38;2;203;185;177m██[38;2;203;185;177m██[38;2;203;185;177m██[38;2;203;185;177m██[38;2;203;185;177m██[38;2;203;185;177m██[38;2;203;185;177m██[38;2;197;131;98m██[38;2;255;164;98m██[38;2;16;16;16m██
                        [38;2;16;16;16m██[38;2;203;185;177m██[38;2;203;185;177m██[38;2;203;185;177m██[38;2;203;185;177m██[38;2;203;185;177m██[38;2;203;185;177m██[38;2;203;185;177m██[38;2;203;185;177m██[38;2;203;185;177m██[38;2;203;185;177m██[38;2;203;185;177m██[38;2;203;185;177m██[38;2;203;185;177m██[38;2;244;222;198m██[38;2;203;185;177m██[38;2;16;16;16m██[38;2;203;185;177m██[38;2;203;185;177m██[38;2;203;185;177m██[38;2;203;185;177m██[38;2;203;185;177m██[38;2;203;185;177m██[38;2;203;185;177m██[38;2;203;185;177m██[38;2;203;185;177m██[38;2;203;185;177m██[38;2;203;185;177m██[38;2;203;185;177m██[38;2;197;131;98m██[38;2;90;82;74m██  
                        [38;2;16;16;16m██[38;2;203;185;177m██[38;2;203;185;177m██[38;2;203;185;177m██[38;2;203;185;177m██[38;2;203;185;177m██[38;2;203;185;177m██[38;2;203;185;177m██[38;2;203;185;177m██[38;2;203;185;177m██[38;2;203;185;177m██[38;2;203;185;177m██[38;2;203;185;177m██[38;2;203;185;177m██[38;2;244;222;198m██[38;2;16;16;16m██[38;2;137;122;118m██[38;2;137;122;118m██[38;2;137;122;118m██[38;2;137;122;118m██[38;2;203;185;177m██[38;2;203;185;177m██[38;2;203;185;177m██[38;2;203;185;177m██[38;2;203;185;177m██[38;2;203;185;177m██[38;2;203;185;177m██[38;2;203;185;177m██[38;2;197;131;98m██[38;2;197;131;98m██[38;2;16;16;16m██  
                        [38;2;16;16;16m██[38;2;203;185;177m██[38;2;203;185;177m██[38;2;203;185;177m██[38;2;203;185;177m██[38;2;203;185;177m██[38;2;203;185;177m██[38;2;203;185;177m██[38;2;203;185;177m██[38;2;203;185;177m██[38;2;203;185;177m██[38;2;203;185;177m██[38;2;203;185;177m██[38;2;244;222;198m██[38;2;244;222;198m██[38;2;16;16;16m██[38;2;30;153;67m██[38;2;30;153;67m██[38;2;203;185;177m██[38;2;203;185;177m██[38;2;137;122;118m██[38;2;137;122;118m██[38;2;203;185;177m██[38;2;203;185;177m██[38;2;203;185;177m██[38;2;203;185;177m██[38;2;203;185;177m██[38;2;203;185;177m██[38;2;197;131;98m██[38;2;16;16;16m██    
                          [38;2;16;16;16m██[38;2;203;185;177m██[38;2;203;185;177m██[38;2;203;185;177m██[38;2;203;185;177m██[38;2;203;185;177m██[38;2;203;185;177m██[38;2;203;185;177m██[38;2;203;185;177m██[38;2;203;185;177m██[38;2;203;185;177m██[38;2;203;185;177m██[38;2;244;222;198m██[38;2;244;222;198m██[38;2;16;16;16m██[38;2;30;153;67m██[38;2;30;153;67m██[38;2;203;185;177m██[38;2;203;185;177m██[38;2;203;185;177m██[38;2;203;185;177m██[38;2;137;122;118m██[38;2;203;185;177m██[38;2;203;185;177m██[38;2;203;185;177m██[38;2;203;185;177m██[38;2;71;65;58m██[38;2;16;16;16m██      
                          [38;2;16;16;16m██[38;2;203;185;177m██[38;2;203;185;177m██[38;2;203;185;177m██[38;2;203;185;177m██[38;2;203;185;177m██[38;2;203;185;177m██[38;2;203;185;177m██[38;2;203;185;177m██[38;2;203;185;177m██[38;2;203;185;177m██[38;2;203;185;177m██[38;2;244;222;198m██[38;2;16;16;16m██[38;2;30;153;67m██[38;2;30;153;67m██[38;2;203;185;177m██[38;2;203;185;177m██[38;2;203;185;177m██[38;2;203;185;177m██[38;2;203;185;177m██[38;2;203;185;177m██[38;2;137;122;118m██[38;2;71;65;58m██[38;2;71;65;58m██[38;2;71;65;58m██          
                            [38;2;16;16;16m██[38;2;203;185;177m██[38;2;203;185;177m██[38;2;203;185;177m██[38;2;203;185;177m██[38;2;203;185;177m██[38;2;203;185;177m██[38;2;203;185;177m██[38;2;203;185;177m██[38;2;203;185;177m██[38;2;203;185;177m██[38;2;244;222;198m██[38;2;16;16;16m██[38;2;30;153;67m██[38;2;30;153;67m██[38;2;203;185;177m██[38;2;203;185;177m██[38;2;203;185;177m██[38;2;203;185;177m██[38;2;203;185;177m██[38;2;203;185;177m██[38;2;137;122;118m██[38;2;203;185;177m██[38;2;244;222;198m██[38;2;16;16;16m██          
                            [38;2;16;16;16m██[38;2;203;185;177m██[38;2;203;185;177m██[38;2;203;185;177m██[38;2;203;185;177m██[38;2;203;185;177m██[38;2;203;185;177m██[38;2;203;185;177m██[38;2;203;185;177m██[38;2;203;185;177m██[38;2;203;185;177m██[38;2;244;222;198m██[38;2;16;16;16m██[38;2;30;153;67m██[38;2;203;185;177m██[38;2;203;185;177m██[38;2;203;185;177m██[38;2;203;185;177m██[38;2;203;185;177m██[38;2;203;185;177m██[38;2;203;185;177m██[38;2;203;185;177m██[38;2;203;185;177m██[38;2;203;185;177m██[38;2;16;16;16m██          
                              [38;2;16;16;16m██[38;2;203;185;177m██[38;2;203;185;177m██[38;2;203;185;177m██[38;2;203;185;177m██[38;2;203;185;177m██[38;2;203;185;177m██[38;2;203;185;177m██[38;2;203;185;177m██[38;2;203;185;177m██[38;2;203;185;177m██[38;2;90;82;74m██[38;2;30;153;67m██[38;2;203;185;177m██[38;2;203;185;177m██[38;2;203;185;177m██[38;2;203;185;177m██[38;2;203;185;177m██[38;2;203;185;177m██[38;2;203;185;177m██[38;2;137;122;118m██[38;2;203;185;177m██[38;2;16;16;16m██            
                                [38;2;71;65;58m██[38;2;203;185;177m██[38;2;203;185;177m██[38;2;203;185;177m██[38;2;203;185;177m██[38;2;203;185;177m██[38;2;203;185;177m██[38;2;203;185;177m██[38;2;203;185;177m██[38;2;203;185;177m██[38;2;203;185;177m██[38;2;90;82;74m██[38;2;203;185;177m██[38;2;203;185;177m██[38;2;203;185;177m██[38;2;203;185;177m██[38;2;203;185;177m██[38;2;203;185;177m██[38;2;203;185;177m██[38;2;203;185;177m██[38;2;71;65;58m██              
                                  [38;2;71;65;58m██[38;2;203;185;177m██[38;2;203;185;177m██[38;2;203;185;177m██[38;2;203;185;177m██[38;2;203;185;177m██[38;2;203;185;177m██[38;2;203;185;177m██[38;2;203;185;177m██[38;2;203;185;177m██[38;2;90;82;74m██[38;2;30;153;67m██[38;2;203;185;177m██[38;2;203;185;177m██[38;2;203;185;177m██[38;2;203;185;177m██[38;2;203;185;177m██[38;2;203;185;177m██[38;2;203;185;177m██[38;2;71;65;58m██              
                                    [38;2;71;65;58m██[38;2;203;185;177m██[38;2;203;185;177m██[38;2;203;185;177m██[38;2;203;185;177m██[38;2;203;185;177m██[38;2;203;185;177m██[38;2;203;185;177m██[38;2;203;185;177m██[38;2;203;185;177m██[38;2;90;82;74m██[38;2;203;185;177m██[38;2;203;185;177m██[38;2;203;185;177m██[38;2;203;185;177m██[38;2;203;185;177m██[38;2;203;185;177m██[38;2;203;185;177m██[38;2;71;65;58m██              
                                      [38;2;71;65;58m██[38;2;71;65;58m██[38;2;203;185;177m██[38;2;203;185;177m██[38;2;203;185;177m██[38;2;203;185;177m██[38;2;203;185;177m██[38;2;203;185;177m██[38;2;203;185;177m██[38;2;203;185;177m██[38;2;203;185;177m██[38;2;203;185;177m██[38;2;203;185;177m██[38;2;203;185;177m██[38;2;203;185;177m██[38;2;203;185;177m██[38;2;71;65;58m██                
                                          [38;2;71;65;58m██[38;2;71;65;58m██[38;2;137;122;118m██[38;2;203;185;177m██[38;2;203;185;177m██[38;2;203;185;177m██[38;2;16;16;16m██[38;2;16;16;16m██[38;2;203;185;177m██[38;2;203;185;177m██[38;2;203;185;177m██[38;2;203;185;177m██[38;2;203;185;177m██[38;2;16;16;16m██[38;2;71;65;58m██                
                                              [38;2;71;65;58m██[38;2;16;16;16m██[38;2;16;16;16m██[38;2;16;16;16m██[38;2;137;122;118m██[38;2;71;65;58m██[38;2;16;16;16m██[38;2;16;16;16m██[38;2;71;65;58m██[38;2;71;65;58m██[38;2;203;185;177m██[38;2;203;185;177m██[38;2;244;222;198m██[38;2;16;16;16m██              
                                              [38;2;71;65;58m██[38;2;244;222;198m██[38;2;244;222;198m██[38;2;137;122;118m██[38;2;71;65;58m██        [38;2;71;65;58m██[38;2;203;185;177m██[38;2;203;185;177m██[38;2;244;222;198m██[38;2;244;222;198m██[38;2;16;16;16m██            
                                                [38;2;71;65;58m██[38;2;71;65;58m██[38;2;71;65;58m██            [38;2;71;65;58m██[38;2;203;185;177m██[38;2;203;185;177m██[38;2;137;122;118m██[38;2;16;16;16m██            
                                                                    [38;2;16;16;16m██[38;2;16;16;16m██[38;2;16;16;16m██              
