                                        [38;2;150;17;35m██[38;2;150;17;35m██                                
                                    [38;2;150;17;35m██[38;2;108;23;26m██[38;2;193;39;34m██[38;2;16;16;16m██    [38;2;108;23;26m██[38;2;150;17;35m██                        
                                  [38;2;108;23;26m██[38;2;193;39;34m██[38;2;193;39;34m██[38;2;193;39;34m██[38;2;16;16;16m██  [38;2;108;23;26m██[38;2;193;39;34m██[38;2;16;16;16m██                        
          [38;2;108;23;26m██[38;2;108;23;26m██[38;2;108;23;26m██                [38;2;108;23;26m██[38;2;193;39;34m██[38;2;193;39;34m██[38;2;193;39;34m██[38;2;193;39;34m██[38;2;108;23;26m██[38;2;108;23;26m██[38;2;193;39;34m██[38;2;193;39;34m██[38;2;16;16;16m██                        
          [38;2;150;17;35m██[38;2;193;39;34m██[38;2;193;39;34m██[38;2;108;23;26m██[38;2;108;23;26m██          [38;2;108;23;26m██[38;2;193;39;34m██[38;2;193;39;34m██[38;2;193;39;34m██[38;2;193;39;34m██[38;2;193;39;34m██[38;2;193;39;34m██[38;2;193;39;34m██[38;2;193;39;34m██[38;2;193;39;34m██[38;2;16;16;16m██                        
          [38;2;150;17;35m██[38;2;193;39;34m██[38;2;193;39;34m██[38;2;193;39;34m██[38;2;193;39;34m██[38;2;108;23;26m██      [38;2;150;17;35m██[38;2;143;14;33m██[38;2;193;39;34m██[38;2;193;39;34m██[38;2;193;39;34m██[38;2;193;39;34m██[38;2;193;39;34m██[38;2;193;39;34m██[38;2;193;39;34m██[38;2;193;39;34m██[38;2;193;39;34m██[38;2;16;16;16m██                        
  [38;2;150;17;35m██[38;2;150;17;35m██    [38;2;150;17;35m██[38;2;193;39;34m██[38;2;193;39;34m██[38;2;193;39;34m██[38;2;193;39;34m██[38;2;193;39;34m██[38;2;150;17;35m██    [38;2;150;17;35m██[38;2;193;39;34m██[38;2;193;39;34m██[38;2;193;39;34m██[38;2;193;39;34m██[38;2;193;39;34m██[38;2;193;39;34m██[38;2;193;39;34m██[38;2;193;39;34m██[38;2;193;39;34m██[38;2;143;14;33m██[38;2;16;16;16m██                        
  [38;2;150;17;35m██[38;2;193;39;34m██[38;2;193;39;34m██[38;2;150;17;35m██[38;2;150;17;35m██[38;2;193;39;34m██[38;2;193;39;34m██[38;2;193;39;34m██[38;2;193;39;34m██[38;2;193;39;34m██[38;2;193;39;34m██[38;2;150;17;35m██[38;2;150;17;35m██[38;2;143;14;33m██[38;2;193;39;34m██[38;2;193;39;34m██[38;2;193;39;34m██[38;2;193;39;34m██[38;2;193;39;34m██[38;2;193;39;34m██[38;2;193;39;34m██[38;2;193;39;34m██[38;2;193;39;34m██[38;2;16;16;16m██                          
  [38;2;16;16;16m██[38;2;193;39;34m██[38;2;193;39;34m██[38;2;193;39;34m██[38;2;193;39;34m██[38;2;193;39;34m██[38;2;193;39;34m██[38;2;193;39;34m██[38;2;193;39;34m██[38;2;150;17;35m██[38;2;16;16;16m██[38;2;16;16;16m██[38;2;150;17;35m██[38;2;193;39;34m██[38;2;193;39;34m██[38;2;193;39;34m██[38;2;193;39;34m██[38;2;193;39;34m██[38;2;193;39;34m██[38;2;193;39;34m██[38;2;193;39;34m██[38;2;193;39;34m██[38;2;143;14;33m██[38;2;16;16;16m██                          
  [38;2;16;16;16m██[38;2;193;39;34m██[38;2;193;39;34m██[38;2;193;39;34m██[38;2;193;39;34m██[38;2;193;39;34m██[38;2;193;39;34m██[38;2;193;39;34m██[38;2;150;17;35m██[38;2;207;67;62m██[38;2;207;67;62m██[38;2;207;67;62m██[38;2;150;17;35m██[38;2;193;39;34m██[38;2;193;39;34m██[38;2;193;39;34m██[38;2;193;39;34m██[38;2;193;39;34m██[38;2;193;39;34m██[38;2;193;39;34m██[38;2;193;39;34m██[38;2;193;39;34m██[38;2;16;16;16m██          [38;2;108;23;26m██[38;2;108;23;26m██[38;2;108;23;26m██[38;2;108;23;26m██[38;2;108;23;26m██        
  [38;2;16;16;16m██[38;2;193;39;34m██[38;2;193;39;34m██[38;2;193;39;34m██[38;2;193;39;34m██[38;2;193;39;34m██[38;2;193;39;34m██[38;2;16;16;16m██[38;2;207;67;62m██[38;2;255;231;247m██[38;2;207;67;62m██[38;2;207;67;62m██[38;2;150;17;35m██[38;2;193;39;34m██[38;2;193;39;34m██[38;2;193;39;34m██[38;2;193;39;34m██[38;2;193;39;34m██[38;2;193;39;34m██[38;2;193;39;34m██[38;2;193;39;34m██[38;2;16;16;16m██        [38;2;108;23;26m██[38;2;108;23;26m██[38;2;193;39;34m██[38;2;193;39;34m██[38;2;193;39;34m██[38;2;193;39;34m██[38;2;193;39;34m██[38;2;150;17;35m██[38;2;150;17;35m██    
  [38;2;16;16;16m██[38;2;143;14;33m██[38;2;193;39;34m██[38;2;193;39;34m██[38;2;193;39;34m██[38;2;193;39;34m██[38;2;193;39;34m██[38;2;16;16;16m██[38;2;166;20;52m██[38;2;207;67;62m██[38;2;207;67;62m██[38;2;207;67;62m██[38;2;150;17;35m██[38;2;143;14;33m██[38;2;193;39;34m██[38;2;193;39;34m██[38;2;193;39;34m██[38;2;193;39;34m██[38;2;193;39;34m██[38;2;193;39;34m██[38;2;150;17;35m██[38;2;150;17;35m██[38;2;16;16;16m██[38;2;16;16;16m██[38;2;108;23;26m██[38;2;108;23;26m██[38;2;193;39;34m██[38;2;193;39;34m██[38;2;193;39;34m██[38;2;193;39;34m██[38;2;193;39;34m██[38;2;193;39;34m██[38;2;193;39;34m██[38;2;193;39;34m██[38;2;193;39;34m██[38;2;150;17;35m██  
    [38;2;16;16;16m██[38;2;193;39;34m██[38;2;193;39;34m██[38;2;193;39;34m██[38;2;193;39;34m██[38;2;193;39;34m██[38;2;16;16;16m██[38;2;166;20;52m██[38;2;166;20;52m██[38;2;166;20;52m██[38;2;166;20;52m██[38;2;166;20;52m██[38;2;150;17;35m██[38;2;193;39;34m██[38;2;193;39;34m██[38;2;193;39;34m██[38;2;193;39;34m██[38;2;143;14;33m██[38;2;150;17;35m██[38;2;207;67;62m██[38;2;207;67;62m██[38;2;207;67;62m██[38;2;166;20;52m██[38;2;16;16;16m██[38;2;193;39;34m██[38;2;193;39;34m██[38;2;193;39;34m██[38;2;193;39;34m██[38;2;193;39;34m██[38;2;193;39;34m██[38;2;193;39;34m██[38;2;193;39;34m██[38;2;193;39;34m██[38;2;16;16;16m██    
    [38;2;16;16;16m██[38;2;143;14;33m██[38;2;193;39;34m██[38;2;193;39;34m██[38;2;193;39;34m██[38;2;193;39;34m██[38;2;143;14;33m██[38;2;16;16;16m██[38;2;166;20;52m██[38;2;166;20;52m██[38;2;166;20;52m██[38;2;150;17;35m██[38;2;150;17;35m██[38;2;193;39;34m██[38;2;193;39;34m██[38;2;143;14;33m██[38;2;16;16;16m██[38;2;150;17;35m██[38;2;207;67;62m██[38;2;255;231;247m██[38;2;207;67;62m██[38;2;207;67;62m██[38;2;207;67;62m██[38;2;166;20;52m██[38;2;16;16;16m██[38;2;193;39;34m██[38;2;193;39;34m██[38;2;193;39;34m██[38;2;193;39;34m██[38;2;193;39;34m██[38;2;193;39;34m██[38;2;193;39;34m██[38;2;16;16;16m██      
      [38;2;16;16;16m██[38;2;193;39;34m██[38;2;193;39;34m██[38;2;143;14;33m██[38;2;143;14;33m██[38;2;143;14;33m██[38;2;173;82;0m██[38;2;16;16;16m██[38;2;16;16;16m██[38;2;16;16;16m██[38;2;255;206;107m██[38;2;150;17;35m██[38;2;193;39;34m██[38;2;150;17;35m██[38;2;16;16;16m██[38;2;240;175;40m██[38;2;150;17;35m██[38;2;207;67;62m██[38;2;207;67;62m██[38;2;207;67;62m██[38;2;207;67;62m██[38;2;207;67;62m██[38;2;166;20;52m██[38;2;16;16;16m██[38;2;193;39;34m██[38;2;193;39;34m██[38;2;193;39;34m██[38;2;193;39;34m██[38;2;193;39;34m██[38;2;193;39;34m██[38;2;193;39;34m██[38;2;150;17;35m██[38;2;150;17;35m██[38;2;150;17;35m██[38;2;150;17;35m██
        [38;2;16;16;16m██[38;2;143;14;33m██[38;2;143;14;33m██[38;2;143;14;33m██[38;2;173;82;0m██[38;2;255;206;107m██[38;2;255;206;107m██[38;2;255;206;107m██[38;2;255;206;107m██[38;2;255;206;107m██[38;2;240;175;40m██[38;2;150;17;35m██[38;2;240;175;40m██[38;2;240;175;40m██[38;2;240;175;40m██[38;2;150;17;35m██[38;2;166;20;52m██[38;2;207;67;62m██[38;2;207;67;62m██[38;2;207;67;62m██[38;2;166;20;52m██[38;2;166;20;52m██[38;2;16;16;16m██[38;2;143;14;33m██[38;2;193;39;34m██[38;2;193;39;34m██[38;2;193;39;34m██[38;2;193;39;34m██[38;2;193;39;34m██[38;2;193;39;34m██[38;2;193;39;34m██[38;2;193;39;34m██[38;2;193;39;34m██[38;2;150;17;35m██
          [38;2;16;16;16m██[38;2;143;14;33m██[38;2;143;14;33m██[38;2;173;82;0m██[38;2;255;206;107m██[38;2;240;175;40m██[38;2;240;175;40m██[38;2;255;206;107m██[38;2;255;206;107m██[38;2;255;206;107m██[38;2;255;206;107m██[38;2;255;206;107m██[38;2;255;206;107m██[38;2;255;206;107m██[38;2;150;17;35m██[38;2;166;20;52m██[38;2;166;20;52m██[38;2;166;20;52m██[38;2;166;20;52m██[38;2;166;20;52m██[38;2;166;20;52m██[38;2;16;16;16m██[38;2;143;14;33m██[38;2;143;14;33m██[38;2;193;39;34m██[38;2;143;14;33m██[38;2;193;39;34m██[38;2;193;39;34m██[38;2;193;39;34m██[38;2;193;39;34m██[38;2;193;39;34m██[38;2;193;39;34m██[38;2;16;16;16m██
            [38;2;108;23;26m██[38;2;173;82;0m██[38;2;255;206;107m██[38;2;255;206;107m██[38;2;255;231;247m██[38;2;150;17;35m██[38;2;255;206;107m██[38;2;255;206;107m██[38;2;255;206;107m██[38;2;255;206;107m██[38;2;255;206;107m██[38;2;255;206;107m██[38;2;255;206;107m██[38;2;255;206;107m██[38;2;16;16;16m██[38;2;166;20;52m██[38;2;166;20;52m██[38;2;166;20;52m██[38;2;166;20;52m██[38;2;16;16;16m██[38;2;143;14;33m██[38;2;143;14;33m██[38;2;143;14;33m██[38;2;143;14;33m██[38;2;193;39;34m██[38;2;143;14;33m██[38;2;193;39;34m██[38;2;193;39;34m██[38;2;193;39;34m██[38;2;193;39;34m██[38;2;16;16;16m██  
              [38;2;16;16;16m██[38;2;255;206;107m██[38;2;255;206;107m██[38;2;150;17;35m██[38;2;150;17;35m██[38;2;255;206;107m██[38;2;255;206;107m██[38;2;255;206;107m██[38;2;255;206;107m██[38;2;255;206;107m██[38;2;255;206;107m██[38;2;255;206;107m██[38;2;255;206;107m██[38;2;255;206;107m██[38;2;16;16;16m██[38;2;16;16;16m██[38;2;16;16;16m██[38;2;16;16;16m██[38;2;240;175;40m██[38;2;16;16;16m██[38;2;143;14;33m██[38;2;143;14;33m██[38;2;193;39;34m██[38;2;143;14;33m██[38;2;193;39;34m██[38;2;143;14;33m██[38;2;193;39;34m██[38;2;193;39;34m██[38;2;16;16;16m██    
              [38;2;16;16;16m██[38;2;255;206;107m██[38;2;255;206;107m██[38;2;255;206;107m██[38;2;255;206;107m██[38;2;255;206;107m██[38;2;255;206;107m██[38;2;255;206;107m██[38;2;255;206;107m██[38;2;255;206;107m██[38;2;255;206;107m██[38;2;255;206;107m██[38;2;240;175;40m██[38;2;240;175;40m██[38;2;240;175;40m██[38;2;240;175;40m██[38;2;240;175;40m██[38;2;240;175;40m██[38;2;240;175;40m██[38;2;16;16;16m██[38;2;143;14;33m██[38;2;143;14;33m██[38;2;143;14;33m██[38;2;143;14;33m██[38;2;143;14;33m██[38;2;193;39;34m██[38;2;143;14;33m██[38;2;16;16;16m██      
              [38;2;16;16;16m██[38;2;255;206;107m██[38;2;255;206;107m██[38;2;255;206;107m██[38;2;255;206;107m██[38;2;150;17;35m██[38;2;240;175;40m██[38;2;255;206;107m██[38;2;255;206;107m██[38;2;255;206;107m██[38;2;255;206;107m██[38;2;255;206;107m██[38;2;255;231;247m██[38;2;150;17;35m██[38;2;240;175;40m██[38;2;240;175;40m██[38;2;240;175;40m██[38;2;240;175;40m██[38;2;240;175;40m██[38;2;16;16;16m██[38;2;143;14;33m██[38;2;143;14;33m██[38;2;143;14;33m██[38;2;143;14;33m██[38;2;150;17;35m██[38;2;16;16;16m██[38;2;16;16;16m██        
          [38;2;66;6;15m██[38;2;66;6;15m██[38;2;16;16;16m██[38;2;240;175;40m██[38;2;255;206;107m██[38;2;255;206;107m██[38;2;255;206;107m██[38;2;150;17;35m██[38;2;150;17;35m██[38;2;150;17;35m██[38;2;150;17;35m██[38;2;255;206;107m██[38;2;255;206;107m██[38;2;255;206;107m██[38;2;150;17;35m██[38;2;150;17;35m██[38;2;240;175;40m██[38;2;240;175;40m██[38;2;240;175;40m██[38;2;240;175;40m██[38;2;240;175;40m██[38;2;16;16;16m██[38;2;66;6;15m██[38;2;66;6;15m██[38;2;66;6;15m██[38;2;16;16;16m██              
      [38;2;108;23;26m██[38;2;66;6;15m██[38;2;143;14;33m██[38;2;143;14;33m██[38;2;143;14;33m██[38;2;16;16;16m██[38;2;255;206;107m██[38;2;255;206;107m██[38;2;255;206;107m██[38;2;150;17;35m██[38;2;166;20;52m██[38;2;166;20;52m██[38;2;150;17;35m██[38;2;255;206;107m██[38;2;255;206;107m██[38;2;255;206;107m██[38;2;255;206;107m██[38;2;255;206;107m██[38;2;240;175;40m██[38;2;240;175;40m██[38;2;240;175;40m██[38;2;240;175;40m██[38;2;16;16;16m██                        
    [38;2;108;23;26m██[38;2;193;39;34m██[38;2;193;39;34m██[38;2;143;14;33m██[38;2;143;14;33m██[38;2;143;14;33m██[38;2;16;16;16m██[38;2;255;165;41m██[38;2;255;206;107m██[38;2;255;206;107m██[38;2;166;20;52m██[38;2;166;20;52m██[38;2;166;20;52m██[38;2;166;20;52m██[38;2;255;206;107m██[38;2;255;206;107m██[38;2;255;206;107m██[38;2;255;206;107m██[38;2;240;175;40m██[38;2;240;175;40m██[38;2;240;175;40m██[38;2;240;175;40m██[38;2;240;175;40m██[38;2;16;16;16m██                        
  [38;2;108;23;26m██[38;2;193;39;34m██[38;2;193;39;34m██[38;2;193;39;34m██[38;2;143;14;33m██[38;2;143;14;33m██[38;2;143;14;33m██[38;2;143;14;33m██[38;2;16;16;16m██[38;2;240;175;40m██[38;2;255;206;107m██[38;2;255;206;107m██[38;2;166;20;52m██[38;2;166;20;52m██[38;2;255;206;107m██[38;2;255;206;107m██[38;2;255;206;107m██[38;2;240;175;40m██[38;2;240;175;40m██[38;2;240;175;40m██[38;2;240;175;40m██[38;2;240;175;40m██[38;2;240;175;40m██[38;2;16;16;16m██[38;2;150;17;35m██                        
  [38;2;150;17;35m██[38;2;193;39;34m██[38;2;193;39;34m██[38;2;193;39;34m██[38;2;143;14;33m██[38;2;143;14;33m██[38;2;143;14;33m██[38;2;84;18;20m██[38;2;84;18;20m██[38;2;16;16;16m██[38;2;240;175;40m██[38;2;240;175;40m██[38;2;240;175;40m██[38;2;240;175;40m██[38;2;240;175;40m██[38;2;240;175;40m██[38;2;240;175;40m██[38;2;240;175;40m██[38;2;240;175;40m██[38;2;240;175;40m██[38;2;240;175;40m██[38;2;240;175;40m██[38;2;16;16;16m██[38;2;143;14;33m██[38;2;143;14;33m██[38;2;66;6;15m██[38;2;66;6;15m██                    
[38;2;150;17;35m██[38;2;193;39;34m██[38;2;193;39;34m██[38;2;193;39;34m██[38;2;193;39;34m██[38;2;193;39;34m██[38;2;143;14;33m██[38;2;143;14;33m██[38;2;16;16;16m██[38;2;193;39;34m██[38;2;193;39;34m██[38;2;16;16;16m██[38;2;16;16;16m██[38;2;240;175;40m██[38;2;240;175;40m██[38;2;240;175;40m██[38;2;240;175;40m██[38;2;240;175;40m██[38;2;240;175;40m██[38;2;173;82;0m██[38;2;173;82;0m██[38;2;16;16;16m██[38;2;16;16;16m██[38;2;143;14;33m██[38;2;143;14;33m██[38;2;143;14;33m██[38;2;143;14;33m██[38;2;143;14;33m██[38;2;66;6;15m██                  
[38;2;150;17;35m██[38;2;193;39;34m██[38;2;193;39;34m██[38;2;193;39;34m██[38;2;193;39;34m██[38;2;193;39;34m██[38;2;193;39;34m██[38;2;143;14;33m██[38;2;143;14;33m██[38;2;16;16;16m██[38;2;193;39;34m██[38;2;143;14;33m██[38;2;143;14;33m██[38;2;16;16;16m██[38;2;16;16;16m██[38;2;16;16;16m██[38;2;150;17;35m██[38;2;16;16;16m██[38;2;16;16;16m██[38;2;193;39;34m██[38;2;193;39;34m██[38;2;66;6;15m██[38;2;143;14;33m██[38;2;143;14;33m██[38;2;143;14;33m██[38;2;143;14;33m██[38;2;193;39;34m██[38;2;193;39;34m██[38;2;143;14;33m██[38;2;66;6;15m██                
[38;2;150;17;35m██[38;2;16;16;16m██[38;2;16;16;16m██[38;2;16;16;16m██[38;2;193;39;34m██[38;2;193;39;34m██[38;2;193;39;34m██[38;2;143;14;33m██[38;2;143;14;33m██[38;2;143;14;33m██[38;2;84;18;20m██[38;2;193;39;34m██[38;2;143;14;33m██[38;2;143;14;33m██[38;2;64;130;46m██[38;2;64;130;46m██[38;2;16;16;16m██[38;2;143;14;33m██[38;2;193;39;34m██[38;2;193;39;34m██[38;2;66;6;15m██[38;2;16;16;16m██[38;2;143;14;33m██[38;2;143;14;33m██[38;2;143;14;33m██[38;2;143;14;33m██[38;2;193;39;34m██[38;2;193;39;34m██[38;2;193;39;34m██[38;2;16;16;16m██                
      [38;2;150;17;35m██[38;2;193;39;34m██[38;2;193;39;34m██[38;2;193;39;34m██[38;2;193;39;34m██[38;2;143;14;33m██[38;2;16;16;16m██[38;2;108;23;26m██[38;2;193;39;34m██[38;2;193;39;34m██[38;2;193;39;34m██[38;2;45;91;32m██[38;2;143;14;33m██[38;2;193;39;34m██[38;2;193;39;34m██[38;2;193;39;34m██[38;2;66;6;15m██[38;2;16;16;16m██[38;2;143;14;33m██[38;2;143;14;33m██[38;2;143;14;33m██[38;2;143;14;33m██[38;2;193;39;34m██[38;2;193;39;34m██[38;2;193;39;34m██[38;2;193;39;34m██[38;2;143;14;33m██[38;2;150;17;35m██              
      [38;2;150;17;35m██[38;2;193;39;34m██[38;2;193;39;34m██[38;2;193;39;34m██[38;2;150;17;35m██[38;2;16;16;16m██  [38;2;108;23;26m██[38;2;193;39;34m██[38;2;193;39;34m██[38;2;193;39;34m██[38;2;193;39;34m██[38;2;193;39;34m██[38;2;193;39;34m██[38;2;193;39;34m██[38;2;193;39;34m██[38;2;143;14;33m██[38;2;143;14;33m██[38;2;66;6;15m██[38;2;143;14;33m██[38;2;143;14;33m██[38;2;193;39;34m██[38;2;193;39;34m██[38;2;193;39;34m██[38;2;193;39;34m██[38;2;193;39;34m██[38;2;193;39;34m██[38;2;150;17;35m██              
      [38;2;150;17;35m██[38;2;16;16;16m██[38;2;16;16;16m██[38;2;16;16;16m██    [38;2;108;23;26m██[38;2;143;14;33m██[38;2;143;14;33m██[38;2;193;39;34m██[38;2;193;39;34m██[38;2;193;39;34m██[38;2;193;39;34m██[38;2;193;39;34m██[38;2;193;39;34m██[38;2;143;14;33m██[38;2;143;14;33m██[38;2;143;14;33m██[38;2;66;6;15m██[38;2;143;14;33m██[38;2;193;39;34m██[38;2;193;39;34m██[38;2;193;39;34m██[38;2;193;39;34m██[38;2;193;39;34m██[38;2;193;39;34m██[38;2;193;39;34m██[38;2;150;17;35m██              
                  [38;2;16;16;16m██[38;2;108;23;26m██[38;2;16;16;16m██[38;2;150;17;35m██[38;2;193;39;34m██[38;2;193;39;34m██[38;2;193;39;34m██[38;2;150;17;35m██[38;2;150;17;35m██[38;2;16;16;16m██[38;2;143;14;33m██[38;2;143;14;33m██[38;2;143;14;33m██[38;2;66;6;15m██[38;2;193;39;34m██[38;2;193;39;34m██[38;2;193;39;34m██[38;2;193;39;34m██[38;2;16;16;16m██[38;2;16;16;16m██[38;2;16;16;16m██[38;2;16;16;16m██              
                    [38;2;16;16;16m██[38;2;64;130;46m██[38;2;150;17;35m██[38;2;193;39;34m██[38;2;16;16;16m██[38;2;150;17;35m██[38;2;64;130;46m██[38;2;64;130;46m██[38;2;64;130;46m██[38;2;16;16;16m██[38;2;16;16;16m██[38;2;143;14;33m██[38;2;16;16;16m██[38;2;193;39;34m██[38;2;193;39;34m██[38;2;193;39;34m██[38;2;193;39;34m██[38;2;150;17;35m██                    
                    [38;2;16;16;16m██[38;2;64;130;46m██[38;2;16;16;16m██[38;2;16;16;16m██[38;2;45;91;32m██[38;2;64;130;46m██[38;2;64;130;46m██[38;2;64;130;46m██[38;2;64;130;46m██[38;2;64;130;46m██[38;2;16;16;16m██[38;2;16;16;16m██[38;2;16;16;16m██[38;2;150;17;35m██[38;2;150;17;35m██[38;2;193;39;34m██[38;2;193;39;34m██[38;2;150;17;35m██                    
                      [38;2;16;16;16m██[38;2;64;130;46m██[38;2;45;91;32m██[38;2;16;16;16m██[38;2;45;91;32m██[38;2;16;16;16m██[38;2;110;173;92m██[38;2;110;173;92m██[38;2;16;16;16m██        [38;2;150;17;35m██[38;2;16;16;16m██[38;2;16;16;16m██[38;2;16;16;16m██                    
                        [38;2;16;16;16m██[38;2;16;16;16m██    [38;2;16;16;16m██[38;2;110;173;92m██[38;2;16;16;16m██[38;2;16;16;16m██                                    
                                  [38;2;16;16;16m██[38;2;16;16;16m██                                      
