                                  [38;2;41;41;49m██[38;2;41;41;49m██                                  
                                  [38;2;41;41;49m██[38;2;65;65;74m██[38;2;41;41;49m██                                
                                [38;2;41;41;49m██[38;2;65;65;74m██[38;2;65;65;74m██[38;2;0;0;0m██                                
                                [38;2;41;41;49m██[38;2;65;65;74m██[38;2;65;65;74m██[38;2;65;65;74m██[38;2;41;41;49m██                              
                                [38;2;41;41;49m██[38;2;65;65;74m██[38;2;65;65;74m██[38;2;65;65;74m██[38;2;65;65;74m██[38;2;41;41;49m██                            
                              [38;2;41;41;49m██[38;2;65;65;74m██[38;2;65;65;74m██[38;2;65;65;74m██[38;2;65;65;74m██[38;2;65;65;74m██[38;2;65;65;74m██[38;2;41;41;49m██[38;2;41;41;49m██                        
                              [38;2;41;41;49m██[38;2;65;65;74m██[38;2;65;65;74m██[38;2;65;65;74m██[38;2;65;65;74m██[38;2;65;65;74m██[38;2;65;65;74m██[38;2;65;65;74m██[38;2;65;65;74m██[38;2;41;41;49m██                      
                              [38;2;41;41;49m██[38;2;65;65;74m██[38;2;65;65;74m██[38;2;65;65;74m██[38;2;65;65;74m██[38;2;65;65;74m██[38;2;65;65;74m██[38;2;65;65;74m██[38;2;65;65;74m██[38;2;65;65;74m██[38;2;41;41;49m██                    
                      [38;2;90;90;98m██[38;2;90;90;98m██  [38;2;41;41;49m██[38;2;65;65;74m██[38;2;65;65;74m██[38;2;0;0;0m██[38;2;65;65;74m██[38;2;65;65;74m██[38;2;65;65;74m██[38;2;65;65;74m██[38;2;65;65;74m██[38;2;65;65;74m██[38;2;65;65;74m██[38;2;0;0;0m██                    
                    [38;2;90;90;98m██[38;2;255;255;255m██[38;2;255;255;255m██[38;2;90;90;98m██[38;2;41;41;49m██[38;2;65;65;74m██[38;2;65;65;74m██[38;2;0;0;0m██[38;2;0;0;0m██[38;2;65;65;74m██[38;2;65;65;74m██[38;2;65;65;74m██[38;2;65;65;74m██[38;2;65;65;74m██[38;2;65;65;74m██[38;2;65;65;74m██[38;2;0;0;0m██                  
            [38;2;41;41;49m██[38;2;41;41;49m██[38;2;41;41;49m██[38;2;41;41;49m██[38;2;41;41;49m██[38;2;41;41;49m██[38;2;255;255;255m██[38;2;41;41;49m██[38;2;65;65;74m██[38;2;65;65;74m██[38;2;0;0;0m██  [38;2;90;90;98m██[38;2;0;0;0m██[38;2;41;41;49m██[38;2;65;65;74m██[38;2;65;65;74m██[38;2;65;65;74m██[38;2;65;65;74m██[38;2;65;65;74m██[38;2;0;0;0m██                  
        [38;2;41;41;49m██[38;2;41;41;49m██[38;2;90;90;98m██[38;2;90;90;98m██[38;2;90;90;98m██[38;2;65;65;74m██[38;2;65;65;74m██[38;2;65;65;74m██[38;2;41;41;49m██[38;2;41;41;49m██[38;2;65;65;74m██[38;2;65;65;74m██[38;2;0;0;0m██[38;2;90;90;98m██[38;2;255;255;255m██[38;2;255;255;255m██[38;2;0;0;0m██[38;2;0;0;0m██[38;2;41;41;49m██[38;2;65;65;74m██[38;2;65;65;74m██[38;2;65;65;74m██[38;2;0;0;0m██                  
      [38;2;41;41;49m██[38;2;65;65;74m██[38;2;90;90;98m██[38;2;90;90;98m██[38;2;90;90;98m██[38;2;90;90;98m██[38;2;90;90;98m██[38;2;65;65;74m██[38;2;65;65;74m██[38;2;65;65;74m██[38;2;41;41;49m██[38;2;65;65;74m██[38;2;41;41;49m██[38;2;0;0;0m██[38;2;255;255;255m██[38;2;255;255;255m██[38;2;255;255;255m██[38;2;41;41;49m██  [38;2;0;0;0m██[38;2;41;41;49m██[38;2;65;65;74m██[38;2;65;65;74m██[38;2;0;0;0m██                  
    [38;2;41;41;49m██[38;2;65;65;74m██[38;2;65;65;74m██[38;2;65;65;74m██[38;2;90;90;98m██[38;2;90;90;98m██[38;2;90;90;98m██[38;2;65;65;74m██[38;2;65;65;74m██[38;2;65;65;74m██[38;2;65;65;74m██[38;2;65;65;74m██[38;2;65;65;74m██[38;2;0;0;0m██[38;2;255;255;255m██[38;2;255;255;255m██[38;2;255;255;255m██[38;2;41;41;49m██      [38;2;0;0;0m██[38;2;65;65;74m██[38;2;0;0;0m██                    
    [38;2;41;41;49m██[38;2;65;65;74m██[38;2;65;65;74m██[38;2;65;65;74m██[38;2;65;65;74m██[38;2;65;65;74m██[38;2;65;65;74m██[38;2;65;65;74m██[38;2;65;65;74m██[38;2;65;65;74m██[38;2;65;65;74m██[38;2;65;65;74m██[38;2;65;65;74m██[38;2;0;0;0m██[38;2;255;255;255m██[38;2;255;255;255m██[38;2;255;255;255m██[38;2;41;41;49m██[38;2;41;41;49m██[38;2;41;41;49m██  [38;2;0;0;0m██[38;2;0;0;0m██                      
  [38;2;41;41;49m██[38;2;65;65;74m██[38;2;65;65;74m██[38;2;65;65;74m██[38;2;65;65;74m██[38;2;65;65;74m██[38;2;65;65;74m██[38;2;65;65;74m██[38;2;65;65;74m██[38;2;65;65;74m██[38;2;65;65;74m██[38;2;65;65;74m██[38;2;65;65;74m██[38;2;65;65;74m██[38;2;0;0;0m██[38;2;255;255;255m██[38;2;255;255;255m██[38;2;90;90;98m██[38;2;41;41;49m██[38;2;255;255;255m██[38;2;255;255;255m██[38;2;41;41;49m██                          
  [38;2;41;41;49m██[38;2;65;65;74m██[38;2;65;65;74m██[38;2;65;65;74m██[38;2;65;65;74m██[38;2;65;65;74m██[38;2;65;65;74m██[38;2;65;65;74m██[38;2;65;65;74m██[38;2;65;65;74m██[38;2;65;65;74m██[38;2;65;65;74m██[38;2;65;65;74m██[38;2;65;65;74m██[38;2;0;0;0m██[38;2;255;255;255m██[38;2;90;90;98m██[38;2;255;255;255m██[38;2;255;255;255m██[38;2;255;255;255m██[38;2;255;255;255m██[38;2;41;41;49m██                          
  [38;2;41;41;49m██[38;2;65;65;74m██[38;2;65;65;74m██[38;2;65;65;74m██[38;2;65;65;74m██[38;2;65;65;74m██[38;2;65;65;74m██[38;2;255;255;255m██[38;2;255;255;255m██[38;2;65;65;74m██[38;2;65;65;74m██[38;2;65;65;74m██[38;2;65;65;74m██[38;2;65;65;74m██[38;2;0;0;0m██[38;2;205;205;205m██[38;2;205;205;205m██[38;2;255;255;255m██[38;2;255;255;255m██[38;2;255;255;255m██[38;2;41;41;49m██                            
  [38;2;197;24;82m██[38;2;230;123;156m██[38;2;230;123;156m██[38;2;41;41;49m██[38;2;65;65;74m██[38;2;65;65;74m██[38;2;255;255;255m██[38;2;255;255;255m██[38;2;41;41;49m██[38;2;255;255;255m██[38;2;65;65;74m██[38;2;65;65;74m██[38;2;65;65;74m██[38;2;41;41;49m██[38;2;0;0;0m██[38;2;205;205;205m██[38;2;205;205;205m██[38;2;205;205;205m██[38;2;90;90;98m██[38;2;41;41;49m██[38;2;41;41;49m██                            
[38;2;197;24;82m██[38;2;230;123;156m██[38;2;230;123;156m██[38;2;230;123;156m██[38;2;197;24;82m██[38;2;41;41;49m██[38;2;65;65;74m██[38;2;255;255;255m██[38;2;41;41;49m██[38;2;41;41;49m██[38;2;255;255;255m██[38;2;41;41;49m██[38;2;41;41;49m██[38;2;41;41;49m██[38;2;41;41;49m██[38;2;0;0;0m██[38;2;205;205;205m██[38;2;205;205;205m██[38;2;255;255;255m██[38;2;255;255;255m██[38;2;255;255;255m██[38;2;255;255;255m██[38;2;41;41;49m██                          
[38;2;197;24;82m██[38;2;230;123;156m██[38;2;230;123;156m██[38;2;197;24;82m██[38;2;197;24;82m██[38;2;41;41;49m██[38;2;41;41;49m██[38;2;255;255;255m██[38;2;0;0;0m██[38;2;0;0;0m██[38;2;255;255;255m██[38;2;41;41;49m██[38;2;41;41;49m██[38;2;41;41;49m██[38;2;0;0;0m██[38;2;205;205;205m██[38;2;205;205;205m██[38;2;205;205;205m██[38;2;255;255;255m██[38;2;255;255;255m██[38;2;255;255;255m██[38;2;255;255;255m██[38;2;41;41;49m██                          
[38;2;41;41;49m██[38;2;197;24;82m██[38;2;197;24;82m██[38;2;197;24;82m██[38;2;197;24;82m██[38;2;0;0;0m██[38;2;41;41;49m██[38;2;41;41;49m██[38;2;205;205;205m██[38;2;205;205;205m██[38;2;41;41;49m██[38;2;41;41;49m██[38;2;41;41;49m██[38;2;41;41;49m██[38;2;0;0;0m██[38;2;205;205;205m██[38;2;205;205;205m██[38;2;205;205;205m██[38;2;255;255;255m██[38;2;255;255;255m██[38;2;41;41;49m██[38;2;41;41;49m██                            
[38;2;41;41;49m██[38;2;197;24;82m██[38;2;197;24;82m██[38;2;197;24;82m██[38;2;0;0;0m██[38;2;197;24;82m██[38;2;41;41;49m██[38;2;41;41;49m██[38;2;41;41;49m██[38;2;41;41;49m██[38;2;41;41;49m██[38;2;41;41;49m██[38;2;41;41;49m██[38;2;0;0;0m██[38;2;205;205;205m██[38;2;205;205;205m██[38;2;205;205;205m██[38;2;90;90;98m██[38;2;41;41;49m██[38;2;41;41;49m██                            [38;2;41;41;49m██[38;2;0;0;0m██
  [38;2;0;0;0m██[38;2;197;24;82m██[38;2;197;24;82m██[38;2;41;41;49m██[38;2;0;0;0m██[38;2;41;41;49m██[38;2;41;41;49m██[38;2;41;41;49m██[38;2;41;41;49m██[38;2;41;41;49m██[38;2;0;0;0m██[38;2;0;0;0m██[38;2;205;205;205m██[38;2;205;205;205m██[38;2;205;205;205m██[38;2;205;205;205m██[38;2;255;255;255m██[38;2;255;255;255m██[38;2;41;41;49m██[38;2;41;41;49m██                        [38;2;41;41;49m██[38;2;65;65;74m██[38;2;0;0;0m██
    [38;2;0;0;0m██[38;2;0;0;0m██[38;2;41;41;49m██[38;2;205;205;205m██[38;2;0;0;0m██[38;2;0;0;0m██[38;2;0;0;0m██[38;2;0;0;0m██[38;2;0;0;0m██[38;2;205;205;205m██[38;2;205;205;205m██[38;2;205;205;205m██[38;2;205;205;205m██[38;2;90;90;98m██[38;2;255;255;255m██[38;2;255;255;255m██[38;2;255;255;255m██[38;2;41;41;49m██[38;2;57;123;213m██[38;2;41;41;49m██                [38;2;41;41;49m██[38;2;41;41;49m██[38;2;41;41;49m██[38;2;41;41;49m██[38;2;0;0;0m██  
  [38;2;65;65;74m██[38;2;255;255;255m██[38;2;255;255;255m██[38;2;205;205;205m██[38;2;205;205;205m██[38;2;205;205;205m██[38;2;205;205;205m██[38;2;205;205;205m██[38;2;205;205;205m██[38;2;205;205;205m██[38;2;205;205;205m██[38;2;205;205;205m██[38;2;205;205;205m██[38;2;255;255;255m██[38;2;205;205;205m██[38;2;41;41;49m██[38;2;41;41;49m██[38;2;41;41;49m██[38;2;57;123;213m██[38;2;57;123;213m██[38;2;32;49;123m██              [38;2;41;41;49m██[38;2;90;90;98m██[38;2;65;65;74m██[38;2;65;65;74m██[38;2;0;0;0m██    
[38;2;65;65;74m██[38;2;205;205;205m██[38;2;255;255;255m██[38;2;90;90;98m██[38;2;255;255;255m██[38;2;255;255;255m██[38;2;205;205;205m██[38;2;205;205;205m██[38;2;205;205;205m██[38;2;205;205;205m██[38;2;205;205;205m██[38;2;255;255;255m██[38;2;255;255;255m██[38;2;255;255;255m██[38;2;255;255;255m██[38;2;255;255;255m██[38;2;41;41;49m██[38;2;57;123;213m██[38;2;57;123;213m██[38;2;57;123;213m██[38;2;57;123;213m██[38;2;49;65;180m██[38;2;41;41;49m██            [38;2;41;41;49m██[38;2;65;65;74m██[38;2;65;65;74m██[38;2;65;65;74m██[38;2;0;0;0m██    
[38;2;65;65;74m██[38;2;255;255;255m██[38;2;90;90;98m██[38;2;90;90;98m██[38;2;255;255;255m██[38;2;255;255;255m██[38;2;255;255;255m██[38;2;255;255;255m██[38;2;255;255;255m██[38;2;255;255;255m██[38;2;90;90;98m██[38;2;255;255;255m██[38;2;255;255;255m██[38;2;255;255;255m██[38;2;255;255;255m██[38;2;255;255;255m██[38;2;41;41;49m██[38;2;57;123;213m██[38;2;57;123;213m██[38;2;57;123;213m██[38;2;57;123;213m██[38;2;49;65;180m██[38;2;41;41;49m██          [38;2;41;41;49m██[38;2;41;41;49m██[38;2;65;65;74m██[38;2;65;65;74m██[38;2;65;65;74m██[38;2;0;0;0m██    
  [38;2;65;65;74m██[38;2;65;65;74m██[38;2;255;255;255m██[38;2;255;255;255m██[38;2;255;255;255m██[38;2;0;0;0m██[38;2;255;255;255m██[38;2;255;255;255m██[38;2;255;255;255m██[38;2;41;41;49m██[38;2;90;90;98m██[38;2;255;255;255m██[38;2;255;255;255m██[38;2;0;0;0m██[38;2;0;0;0m██[38;2;57;123;213m██[38;2;57;123;213m██[38;2;57;123;213m██[38;2;57;123;213m██[38;2;57;123;213m██[38;2;49;65;180m██[38;2;49;65;180m██[38;2;41;41;49m██    [38;2;41;41;49m██[38;2;41;41;49m██[38;2;65;65;74m██[38;2;65;65;74m██[38;2;0;0;0m██[38;2;0;0;0m██[38;2;0;0;0m██      
    [38;2;65;65;74m██[38;2;255;255;255m██[38;2;255;255;255m██[38;2;0;0;0m██[38;2;164;139;32m██[38;2;65;65;74m██[38;2;255;255;255m██[38;2;255;255;255m██[38;2;0;0;0m██[38;2;238;222;65m██[38;2;0;0;0m██[38;2;0;0;0m██[38;2;57;123;213m██[38;2;57;123;213m██[38;2;57;123;213m██[38;2;57;123;213m██[38;2;57;123;213m██[38;2;57;123;213m██[38;2;49;65;180m██[38;2;49;65;180m██[38;2;49;65;180m██[38;2;41;41;49m██[38;2;32;49;123m██[38;2;32;49;123m██[38;2;65;65;74m██[38;2;65;65;74m██[38;2;65;65;74m██[38;2;0;0;0m██            
      [38;2;0;0;0m██[38;2;0;0;0m██  [38;2;164;139;32m██[38;2;164;139;32m██[38;2;0;0;0m██[38;2;0;0;0m██[38;2;238;222;65m██[38;2;238;222;65m██[38;2;32;49;123m██[38;2;57;123;213m██[38;2;57;123;213m██[38;2;57;123;213m██[38;2;57;123;213m██[38;2;57;123;213m██[38;2;57;123;213m██[38;2;49;65;180m██[38;2;49;65;180m██[38;2;49;65;180m██[38;2;49;65;180m██[38;2;49;65;180m██[38;2;49;65;180m██[38;2;57;123;213m██[38;2;0;0;0m██[38;2;65;65;74m██[38;2;0;0;0m██              
            [38;2;164;139;32m██[38;2;238;222;65m██[38;2;238;222;65m██[38;2;238;222;65m██[38;2;238;222;65m██[38;2;238;222;65m██[38;2;164;139;32m██[38;2;32;49;123m██[38;2;57;123;213m██[38;2;57;123;213m██[38;2;57;123;213m██[38;2;49;65;180m██[38;2;49;65;180m██[38;2;49;65;180m██[38;2;49;65;180m██[38;2;49;65;180m██[38;2;49;65;180m██[38;2;49;65;180m██[38;2;49;65;180m██[38;2;0;0;0m██[38;2;65;65;74m██[38;2;0;0;0m██                
              [38;2;164;139;32m██[38;2;238;222;65m██[38;2;238;222;65m██[38;2;238;222;65m██[38;2;238;222;65m██[38;2;164;139;32m██[38;2;32;98;16m██[38;2;32;49;123m██[38;2;49;65;180m██[38;2;49;65;180m██[38;2;49;65;180m██[38;2;49;65;180m██[38;2;49;65;180m██[38;2;49;65;180m██[38;2;49;65;180m██[38;2;49;65;180m██[38;2;49;65;180m██[38;2;0;0;0m██[38;2;0;0;0m██[38;2;0;0;0m██                  
                [38;2;0;0;0m██[38;2;238;222;65m██[38;2;238;222;65m██[38;2;164;139;32m██[38;2;32;98;16m██[38;2;32;98;16m██[38;2;32;98;16m██[38;2;32;49;123m██[38;2;49;65;180m██[38;2;49;65;180m██[38;2;49;65;180m██[38;2;49;65;180m██[38;2;49;65;180m██[38;2;49;65;180m██[38;2;49;65;180m██[38;2;49;65;180m██[38;2;49;65;180m██[38;2;49;65;180m██[38;2;0;0;0m██                  
                  [38;2;0;0;0m██[38;2;0;0;0m██[38;2;32;98;16m██[38;2;32;98;16m██[38;2;32;98;16m██[38;2;32;98;16m██[38;2;32;98;16m██[38;2;41;41;49m██[38;2;49;65;180m██[38;2;49;65;180m██[38;2;49;65;180m██[38;2;49;65;180m██[38;2;49;65;180m██[38;2;49;65;180m██[38;2;49;65;180m██[38;2;49;65;180m██[38;2;49;65;180m██[38;2;0;0;0m██                  
                      [38;2;0;0;0m██[38;2;32;98;16m██[38;2;32;98;16m██[38;2;32;98;16m██[38;2;32;98;16m██[38;2;32;98;16m██[38;2;41;41;49m██[38;2;32;49;123m██[38;2;49;65;180m██[38;2;49;65;180m██[38;2;49;65;180m██[38;2;49;65;180m██[38;2;49;65;180m██[38;2;0;0;0m██[38;2;0;0;0m██                    
                        [38;2;0;0;0m██[38;2;0;0;0m██[38;2;32;98;16m██[38;2;41;41;49m██[38;2;41;41;49m██[38;2;32;98;16m██[38;2;32;98;16m██[38;2;32;49;123m██[38;2;0;0;0m██[38;2;0;0;0m██[38;2;0;0;0m██[38;2;32;49;123m██                        
                      [38;2;164;139;32m██[38;2;238;222;65m██[38;2;164;139;32m██[38;2;164;139;32m██[38;2;41;41;49m██  [38;2;41;41;49m██[38;2;164;139;32m██[38;2;41;41;49m██                                
                    [38;2;41;41;49m██[38;2;238;222;65m██[38;2;41;41;49m██[38;2;164;139;32m██[38;2;41;41;49m██[38;2;41;41;49m██[38;2;41;41;49m██[38;2;238;222;65m██[38;2;164;139;32m██[38;2;164;139;32m██[38;2;41;41;49m██                              
                    [38;2;0;0;0m██[38;2;0;0;0m██  [38;2;41;41;49m██[38;2;41;41;49m██[38;2;238;222;65m██[38;2;164;139;32m██[38;2;238;222;65m██[38;2;41;41;49m██[38;2;164;139;32m██[38;2;0;0;0m██                              
                              [38;2;0;0;0m██  [38;2;0;0;0m██  [38;2;0;0;0m██                                
