                                                      [38;2;67;73;79m██                                                                
                                                    [38;2;16;74;123m██[38;2;74;157;238m██[38;2;16;16;16m██                                                              
                                                    [38;2;16;74;123m██[38;2;74;157;238m██[38;2;74;157;238m██[38;2;16;16;16m██                                                            
                                  [38;2;16;74;123m██[38;2;16;74;123m██              [38;2;16;74;123m██[38;2;74;157;238m██[38;2;74;157;238m██[38;2;16;16;16m██                                                            
                                  [38;2;16;16;16m██[38;2;74;157;238m██[38;2;16;74;123m██            [38;2;16;74;123m██[38;2;74;157;238m██[38;2;74;157;238m██[38;2;74;157;238m██[38;2;16;16;16m██                                                          
                                  [38;2;16;16;16m██[38;2;74;157;238m██[38;2;74;157;238m██[38;2;16;74;123m██          [38;2;16;74;123m██[38;2;74;157;238m██[38;2;90;90;90m██[38;2;74;157;238m██[38;2;16;16;16m██                                                          
                                  [38;2;16;16;16m██[38;2;74;157;238m██[38;2;74;157;238m██[38;2;16;74;123m██          [38;2;16;74;123m██[38;2;74;157;238m██[38;2;57;57;57m██[38;2;74;157;238m██[38;2;16;16;16m██                                                          
                                  [38;2;16;16;16m██[38;2;41;115;157m██[38;2;41;115;157m██[38;2;74;157;238m██[38;2;16;16;16m██        [38;2;16;74;123m██[38;2;57;57;57m██[38;2;57;57;57m██[38;2;90;90;90m██[38;2;74;157;238m██[38;2;16;16;16m██                                                        
                                  [38;2;16;16;16m██[38;2;41;115;157m██[38;2;57;57;57m██[38;2;41;115;157m██[38;2;16;16;16m██        [38;2;16;74;123m██[38;2;90;90;90m██[38;2;57;57;57m██[38;2;57;57;57m██[38;2;74;157;238m██[38;2;16;16;16m██                                                        
                                  [38;2;16;16;16m██[38;2;41;115;157m██[38;2;57;57;57m██[38;2;41;115;157m██[38;2;41;115;157m██[38;2;16;16;16m██[38;2;16;16;16m██[38;2;16;16;16m██[38;2;16;16;16m██[38;2;16;74;123m██[38;2;74;157;238m██[38;2;74;157;238m██[38;2;57;57;57m██[38;2;41;115;157m██[38;2;16;16;16m██                                                        
                                    [38;2;16;16;16m██[38;2;41;115;157m██[38;2;16;16;16m██[38;2;16;16;16m██[38;2;132;132;132m██[38;2;90;90;90m██[38;2;90;90;90m██[38;2;41;115;157m██[38;2;16;74;123m██[38;2;41;115;157m██[38;2;74;157;238m██[38;2;74;157;238m██[38;2;41;115;157m██[38;2;16;16;16m██                                                        
                                    [38;2;16;16;16m██[38;2;16;16;16m██[38;2;132;132;132m██[38;2;132;132;132m██[38;2;132;132;132m██[38;2;90;90;90m██[38;2;41;115;157m██[38;2;41;115;157m██[38;2;41;115;157m██[38;2;41;115;157m██[38;2;41;115;157m██[38;2;41;115;157m██[38;2;90;90;90m██[38;2;16;16;16m██                                                        
                                    [38;2;16;16;16m██[38;2;132;132;132m██[38;2;132;132;132m██[38;2;132;132;132m██[38;2;90;90;90m██[38;2;74;157;238m██[38;2;74;157;238m██[38;2;74;157;238m██[38;2;74;157;238m██[38;2;90;90;90m██[38;2;41;115;157m██[38;2;41;115;157m██[38;2;16;16;16m██[38;2;57;57;57m██[38;2;16;16;16m██                                                      
                                    [38;2;16;16;16m██[38;2;132;132;132m██[38;2;132;132;132m██[38;2;132;132;132m██[38;2;74;157;238m██[38;2;74;157;238m██[38;2;74;157;238m██[38;2;74;157;238m██[38;2;90;90;90m██[38;2;90;90;90m██[38;2;41;115;157m██[38;2;41;115;157m██[38;2;16;16;16m██[38;2;57;57;57m██[38;2;57;57;57m██[38;2;57;57;57m██                                                    
                                    [38;2;16;16;16m██[38;2;132;132;132m██[38;2;132;132;132m██[38;2;41;115;157m██[38;2;74;157;238m██[38;2;74;157;238m██[38;2;74;157;238m██[38;2;90;90;90m██[38;2;90;90;90m██[38;2;90;90;90m██[38;2;41;115;157m██[38;2;90;90;90m██[38;2;90;90;90m██[38;2;16;16;16m██[38;2;57;57;57m██[38;2;131;110;68m██[38;2;57;57;57m██                                                  
                                    [38;2;16;16;16m██[38;2;132;132;132m██[38;2;90;90;90m██[38;2;74;157;238m██[38;2;74;157;238m██[38;2;74;157;238m██[38;2;90;90;90m██[38;2;90;90;90m██[38;2;90;90;90m██[38;2;90;90;90m██[38;2;90;90;90m██[38;2;90;90;90m██[38;2;90;90;90m██[38;2;16;16;16m██[38;2;131;110;68m██[38;2;185;154;91m██[38;2;57;57;57m██[38;2;57;57;57m██                                                
                                  [38;2;16;16;16m██[38;2;132;132;132m██[38;2;132;132;132m██[38;2;90;90;90m██[38;2;74;157;238m██[38;2;74;157;238m██[38;2;90;90;90m██[38;2;90;90;90m██[38;2;90;90;90m██[38;2;57;57;57m██[38;2;57;57;57m██[38;2;90;90;90m██[38;2;90;90;90m██[38;2;90;90;90m██[38;2;16;16;16m██[38;2;185;154;91m██[38;2;185;154;91m██[38;2;131;110;68m██[38;2;16;16;16m██[38;2;16;16;16m██[38;2;16;16;16m██                      [38;2;16;16;16m██                    
                                [38;2;16;16;16m██[38;2;90;90;90m██[38;2;132;132;132m██[38;2;132;132;132m██[38;2;90;90;90m██[38;2;41;115;157m██[38;2;90;90;90m██[38;2;90;90;90m██[38;2;16;16;16m██[38;2;16;16;16m██[38;2;188;189;205m██[38;2;57;57;57m██[38;2;90;90;90m██[38;2;90;90;90m██[38;2;41;115;157m██[38;2;16;16;16m██[38;2;185;154;91m██[38;2;131;110;68m██[38;2;185;154;91m██[38;2;247;235;155m██[38;2;185;154;91m██[38;2;90;90;90m██[38;2;16;16;16m██                    [38;2;16;16;16m██[38;2;16;16;16m██                  
                              [38;2;16;16;16m██[38;2;90;90;90m██[38;2;132;132;132m██[38;2;132;132;132m██[38;2;90;90;90m██[38;2;90;90;90m██[38;2;57;57;57m██[38;2;16;16;16m██[38;2;16;16;16m██[38;2;179;61;61m██[38;2;215;91;91m██[38;2;251;251;251m██[38;2;90;90;90m██[38;2;41;115;157m██[38;2;41;115;157m██[38;2;41;115;157m██[38;2;16;16;16m██[38;2;185;154;91m██[38;2;247;235;155m██[38;2;247;235;155m██[38;2;247;235;155m██[38;2;90;90;90m██[38;2;90;90;90m██[38;2;90;90;90m██[38;2;16;16;16m██                  [38;2;16;16;16m██[38;2;185;154;91m██[38;2;16;16;16m██        [38;2;16;16;16m██      
                            [38;2;16;16;16m██[38;2;132;132;132m██[38;2;132;132;132m██[38;2;132;132;132m██[38;2;132;132;132m██[38;2;90;90;90m██[38;2;90;90;90m██[38;2;90;90;90m██[38;2;90;90;90m██[38;2;57;57;57m██[38;2;215;91;91m██[38;2;251;251;251m██[38;2;90;90;90m██[38;2;90;90;90m██[38;2;90;90;90m██[38;2;41;115;157m██[38;2;16;16;16m██[38;2;185;154;91m██[38;2;247;235;155m██[38;2;247;235;155m██[38;2;185;154;91m██[38;2;16;16;16m██[38;2;16;16;16m██[38;2;16;16;16m██[38;2;16;16;16m██[38;2;90;90;90m██[38;2;16;16;16m██[38;2;16;16;16m██              [38;2;16;16;16m██[38;2;247;235;155m██[38;2;185;154;91m██[38;2;16;16;16m██    [38;2;16;16;16m██[38;2;16;16;16m██      
                            [38;2;16;16;16m██[38;2;90;90;90m██[38;2;90;90;90m██[38;2;90;90;90m██[38;2;90;90;90m██[38;2;90;90;90m██[38;2;90;90;90m██[38;2;90;90;90m██[38;2;41;115;157m██[38;2;41;115;157m██[38;2;41;115;157m██[38;2;41;115;157m██[38;2;41;115;157m██[38;2;41;115;157m██[38;2;41;115;157m██[38;2;41;115;157m██[38;2;247;235;155m██[38;2;247;235;155m██[38;2;247;235;155m██[38;2;247;235;155m██[38;2;247;235;155m██[38;2;247;235;155m██[38;2;185;154;91m██[38;2;16;16;16m██[38;2;90;90;90m██[38;2;90;90;90m██[38;2;90;90;90m██[38;2;90;90;90m██[38;2;16;16;16m██[38;2;16;16;16m██[38;2;16;16;16m██      [38;2;16;16;16m██[38;2;185;154;91m██[38;2;247;235;155m██[38;2;247;235;155m██[38;2;16;16;16m██  [38;2;16;16;16m██[38;2;185;154;91m██[38;2;16;16;16m██      
                              [38;2;16;16;16m██[38;2;16;16;16m██[38;2;16;16;16m██[38;2;41;115;157m██[38;2;41;115;157m██[38;2;41;115;157m██[38;2;41;115;157m██[38;2;41;115;157m██[38;2;41;115;157m██[38;2;41;115;157m██[38;2;41;115;157m██[38;2;41;115;157m██[38;2;41;115;157m██[38;2;67;73;79m██[38;2;247;235;155m██[38;2;247;235;155m██[38;2;247;235;155m██[38;2;247;235;155m██[38;2;247;235;155m██[38;2;185;154;91m██[38;2;16;16;16m██[38;2;16;16;16m██[38;2;16;16;16m██[38;2;90;90;90m██[38;2;90;90;90m██[38;2;90;90;90m██[38;2;90;90;90m██[38;2;90;90;90m██[38;2;90;90;90m██[38;2;179;61;61m██[38;2;16;16;16m██[38;2;16;16;16m██[38;2;16;16;16m██[38;2;16;16;16m██[38;2;185;154;91m██[38;2;247;235;155m██[38;2;247;235;155m██[38;2;185;154;91m██[38;2;16;16;16m██[38;2;185;154;91m██[38;2;247;235;155m██[38;2;16;16;16m██      
                                    [38;2;16;16;16m██[38;2;16;16;16m██[38;2;16;16;16m██[38;2;67;73;79m██[38;2;67;73;79m██[38;2;16;16;16m██[38;2;16;16;16m██[38;2;16;16;16m██[38;2;41;115;157m██[38;2;67;73;79m██[38;2;247;235;155m██[38;2;247;235;155m██[38;2;247;235;155m██[38;2;185;154;91m██[38;2;185;154;91m██[38;2;16;16;16m██[38;2;16;16;16m██[38;2;90;90;90m██[38;2;16;16;16m██  [38;2;16;16;16m██[38;2;90;90;90m██[38;2;90;90;90m██[38;2;90;90;90m██[38;2;90;90;90m██[38;2;179;61;61m██[38;2;179;61;61m██[38;2;215;91;91m██[38;2;215;91;91m██[38;2;215;91;91m██[38;2;179;61;61m██[38;2;16;16;16m██[38;2;247;235;155m██[38;2;247;235;155m██[38;2;247;235;155m██[38;2;185;154;91m██[38;2;247;235;155m██[38;2;247;235;155m██[38;2;16;16;16m██    [38;2;16;16;16m██
                                    [38;2;16;16;16m██[38;2;16;16;16m██[38;2;131;110;68m██[38;2;131;110;68m██[38;2;131;110;68m██[38;2;131;110;68m██[38;2;67;73;79m██[38;2;41;115;157m██[38;2;41;115;157m██[38;2;247;235;155m██[38;2;247;235;155m██[38;2;185;154;91m██[38;2;185;154;91m██[38;2;16;16;16m██[38;2;16;16;16m██[38;2;90;90;90m██[38;2;90;90;90m██[38;2;90;90;90m██[38;2;16;16;16m██    [38;2;16;16;16m██[38;2;90;90;90m██[38;2;90;90;90m██[38;2;90;90;90m██[38;2;179;61;61m██[38;2;179;61;61m██[38;2;179;61;61m██[38;2;179;61;61m██[38;2;215;91;91m██[38;2;215;91;91m██[38;2;215;91;91m██[38;2;16;16;16m██[38;2;247;235;155m██[38;2;247;235;155m██[38;2;247;235;155m██[38;2;247;235;155m██[38;2;247;235;155m██[38;2;16;16;16m██  [38;2;16;16;16m██[38;2;16;16;16m██
                                  [38;2;16;16;16m██[38;2;90;90;90m██[38;2;90;90;90m██[38;2;16;16;16m██[38;2;247;235;155m██[38;2;247;235;155m██[38;2;185;154;91m██[38;2;131;110;68m██[38;2;67;73;79m██[38;2;185;154;91m██[38;2;185;154;91m██[38;2;185;154;91m██[38;2;16;16;16m██[38;2;90;90;90m██[38;2;132;132;132m██[38;2;132;132;132m██[38;2;16;16;16m██[38;2;90;90;90m██[38;2;90;90;90m██[38;2;90;90;90m██[38;2;16;16;16m██    [38;2;16;16;16m██[38;2;16;16;16m██[38;2;90;90;90m██[38;2;90;90;90m██[38;2;179;61;61m██[38;2;179;61;61m██[38;2;179;61;61m██[38;2;179;61;61m██[38;2;215;91;91m██[38;2;179;61;61m██[38;2;16;16;16m██[38;2;247;235;155m██[38;2;247;235;155m██[38;2;247;235;155m██[38;2;247;235;155m██[38;2;247;235;155m██[38;2;16;16;16m██[38;2;16;16;16m██[38;2;185;154;91m██[38;2;16;16;16m██
                              [38;2;16;16;16m██[38;2;16;16;16m██[38;2;16;16;16m██[38;2;132;132;132m██[38;2;132;132;132m██[38;2;16;16;16m██[38;2;185;154;91m██[38;2;185;154;91m██[38;2;185;154;91m██[38;2;185;154;91m██[38;2;185;154;91m██[38;2;185;154;91m██[38;2;185;154;91m██[38;2;131;110;68m██[38;2;90;90;90m██[38;2;132;132;132m██[38;2;132;132;132m██[38;2;132;132;132m██[38;2;16;16;16m██[38;2;16;16;16m██[38;2;90;90;90m██[38;2;90;90;90m██[38;2;90;90;90m██[38;2;16;16;16m██      [38;2;16;16;16m██[38;2;16;16;16m██[38;2;16;16;16m██[38;2;179;61;61m██[38;2;179;61;61m██[38;2;179;61;61m██[38;2;179;61;61m██[38;2;179;61;61m██[38;2;16;16;16m██[38;2;247;235;155m██[38;2;247;235;155m██[38;2;247;235;155m██[38;2;247;235;155m██[38;2;185;154;91m██[38;2;185;154;91m██[38;2;247;235;155m██[38;2;247;235;155m██[38;2;16;16;16m██
                            [38;2;16;16;16m██[38;2;74;157;238m██[38;2;90;90;90m██[38;2;16;16;16m██[38;2;251;251;251m██[38;2;251;251;251m██[38;2;132;132;132m██[38;2;131;110;68m██[38;2;131;110;68m██[38;2;90;90;90m██[38;2;90;90;90m██[38;2;16;16;16m██[38;2;185;154;91m██[38;2;185;154;91m██[38;2;16;16;16m██[38;2;132;132;132m██[38;2;251;251;251m██[38;2;251;251;251m██[38;2;90;90;90m██[38;2;16;16;16m██[38;2;90;90;90m██[38;2;16;16;16m██[38;2;16;16;16m██[38;2;16;16;16m██[38;2;16;16;16m██[38;2;90;90;90m██[38;2;16;16;16m██[38;2;16;16;16m██    [38;2;16;16;16m██[38;2;16;16;16m██[38;2;16;16;16m██[38;2;16;16;16m██[38;2;16;16;16m██[38;2;16;16;16m██[38;2;185;154;91m██[38;2;247;235;155m██[38;2;247;235;155m██[38;2;247;235;155m██[38;2;247;235;155m██[38;2;185;154;91m██[38;2;247;235;155m██[38;2;247;235;155m██[38;2;16;16;16m██  
                        [38;2;16;16;16m██[38;2;16;16;16m██[38;2;74;157;238m██[38;2;74;157;238m██[38;2;74;157;238m██[38;2;16;16;16m██[38;2;188;189;205m██[38;2;251;251;251m██[38;2;90;90;90m██[38;2;16;16;16m██[38;2;90;90;90m██[38;2;251;251;251m██[38;2;251;251;251m██[38;2;188;189;205m██[38;2;16;16;16m██[38;2;185;154;91m██[38;2;16;16;16m██[38;2;90;90;90m██[38;2;251;251;251m██[38;2;188;189;205m██[38;2;90;90;90m██[38;2;16;16;16m██[38;2;90;90;90m██[38;2;74;157;238m██[38;2;74;157;238m██[38;2;74;157;238m██[38;2;41;115;157m██[38;2;16;16;16m██[38;2;16;16;16m██[38;2;90;90;90m██[38;2;16;16;16m██[38;2;16;16;16m██[38;2;16;16;16m██[38;2;185;154;91m██[38;2;185;154;91m██[38;2;185;154;91m██[38;2;247;235;155m██[38;2;247;235;155m██[38;2;247;235;155m██[38;2;247;235;155m██[38;2;247;235;155m██[38;2;247;235;155m██[38;2;185;154;91m██[38;2;247;235;155m██[38;2;247;235;155m██[38;2;247;235;155m██[38;2;16;16;16m██  
                      [38;2;16;16;16m██[38;2;41;115;157m██[38;2;74;157;238m██[38;2;74;157;238m██[38;2;90;90;90m██[38;2;90;90;90m██[38;2;16;16;16m██[38;2;90;90;90m██[38;2;90;90;90m██[38;2;90;90;90m██[38;2;16;16;16m██[38;2;251;251;251m██[38;2;251;251;251m██[38;2;188;189;205m██[38;2;188;189;205m██[38;2;16;16;16m██[38;2;185;154;91m██[38;2;16;16;16m██[38;2;90;90;90m██[38;2;90;90;90m██[38;2;90;90;90m██[38;2;90;90;90m██[38;2;16;16;16m██[38;2;90;90;90m██[38;2;90;90;90m██[38;2;74;157;238m██[38;2;74;157;238m██[38;2;74;157;238m██[38;2;74;157;238m██[38;2;41;115;157m██[38;2;16;16;16m██[38;2;16;16;16m██[38;2;179;61;61m██[38;2;179;61;61m██[38;2;16;16;16m██[38;2;185;154;91m██[38;2;247;235;155m██[38;2;247;235;155m██[38;2;247;235;155m██[38;2;247;235;155m██[38;2;247;235;155m██[38;2;247;235;155m██[38;2;185;154;91m██[38;2;247;235;155m██[38;2;247;235;155m██[38;2;247;235;155m██[38;2;185;154;91m██[38;2;16;16;16m██  
                    [38;2;16;16;16m██[38;2;90;90;90m██[38;2;90;90;90m██[38;2;90;90;90m██[38;2;90;90;90m██[38;2;16;16;16m██[38;2;16;16;16m██  [38;2;16;16;16m██[38;2;90;90;90m██[38;2;16;16;16m██[38;2;251;251;251m██[38;2;251;251;251m██[38;2;188;189;205m██[38;2;16;16;16m██[38;2;16;16;16m██[38;2;185;154;91m██[38;2;185;154;91m██[38;2;185;154;91m██[38;2;16;16;16m██[38;2;90;90;90m██[38;2;90;90;90m██[38;2;16;16;16m██[38;2;41;115;157m██[38;2;41;115;157m██[38;2;90;90;90m██[38;2;90;90;90m██[38;2;90;90;90m██[38;2;74;157;238m██[38;2;74;157;238m██[38;2;74;157;238m██[38;2;41;115;157m██[38;2;41;115;157m██[38;2;16;16;16m██[38;2;179;61;61m██[38;2;179;61;61m██[38;2;16;16;16m██[38;2;247;235;155m██[38;2;247;235;155m██[38;2;247;235;155m██[38;2;247;235;155m██[38;2;247;235;155m██[38;2;247;235;155m██[38;2;247;235;155m██[38;2;247;235;155m██[38;2;247;235;155m██[38;2;247;235;155m██[38;2;16;16;16m██    
                  [38;2;16;16;16m██[38;2;90;90;90m██[38;2;90;90;90m██[38;2;90;90;90m██[38;2;16;16;16m██[38;2;16;16;16m██        [38;2;16;16;16m██[38;2;16;16;16m██[38;2;16;16;16m██[38;2;16;16;16m██[38;2;16;16;16m██[38;2;185;154;91m██[38;2;185;154;91m██[38;2;185;154;91m██[38;2;185;154;91m██[38;2;185;154;91m██[38;2;16;16;16m██[38;2;16;16;16m██[38;2;16;16;16m██  [38;2;16;16;16m██[38;2;16;16;16m██[38;2;16;16;16m██[38;2;16;16;16m██[38;2;16;16;16m██[38;2;90;90;90m██[38;2;90;90;90m██[38;2;90;90;90m██[38;2;90;90;90m██[38;2;16;16;16m██[38;2;16;16;16m██[38;2;179;61;61m██[38;2;179;61;61m██[38;2;16;16;16m██[38;2;247;235;155m██[38;2;247;235;155m██[38;2;247;235;155m██[38;2;185;154;91m██[38;2;247;235;155m██[38;2;247;235;155m██[38;2;247;235;155m██[38;2;185;154;91m██[38;2;247;235;155m██[38;2;185;154;91m██[38;2;16;16;16m██    
                [38;2;16;16;16m██[38;2;16;16;16m██[38;2;90;90;90m██[38;2;90;90;90m██[38;2;41;115;157m██[38;2;16;16;16m██                [38;2;16;16;16m██[38;2;185;154;91m██[38;2;185;154;91m██[38;2;185;154;91m██[38;2;185;154;91m██[38;2;185;154;91m██[38;2;185;154;91m██[38;2;16;16;16m██          [38;2;16;16;16m██[38;2;131;110;68m██[38;2;131;110;68m██[38;2;16;16;16m██[38;2;16;16;16m██[38;2;41;115;157m██[38;2;41;115;157m██[38;2;90;90;90m██[38;2;90;90;90m██[38;2;16;16;16m██[38;2;16;16;16m██[38;2;185;154;91m██[38;2;247;235;155m██[38;2;185;154;91m██[38;2;185;154;91m██[38;2;185;154;91m██[38;2;247;235;155m██[38;2;247;235;155m██[38;2;185;154;91m██[38;2;185;154;91m██[38;2;247;235;155m██[38;2;185;154;91m██[38;2;16;16;16m██    
      [38;2;67;73;79m██[38;2;67;73;79m██[38;2;67;73;79m██[38;2;67;73;79m██[38;2;16;16;16m██[38;2;179;61;61m██[38;2;90;90;90m██[38;2;90;90;90m██[38;2;90;90;90m██[38;2;16;16;16m██                  [38;2;16;16;16m██[38;2;185;154;91m██[38;2;185;154;91m██[38;2;185;154;91m██[38;2;185;154;91m██[38;2;185;154;91m██[38;2;185;154;91m██[38;2;185;154;91m██[38;2;16;16;16m██      [38;2;16;16;16m██[38;2;131;110;68m██[38;2;185;154;91m██[38;2;185;154;91m██[38;2;185;154;91m██[38;2;185;154;91m██[38;2;16;16;16m██[38;2;41;115;157m██[38;2;90;90;90m██[38;2;90;90;90m██[38;2;90;90;90m██[38;2;16;16;16m██[38;2;185;154;91m██[38;2;185;154;91m██[38;2;185;154;91m██[38;2;185;154;91m██[38;2;185;154;91m██[38;2;247;235;155m██[38;2;185;154;91m██[38;2;185;154;91m██[38;2;185;154;91m██[38;2;185;154;91m██[38;2;185;154;91m██[38;2;16;16;16m██    
      [38;2;67;73;79m██[38;2;251;251;251m██[38;2;251;251;251m██[38;2;122;46;46m██[38;2;179;61;61m██[38;2;90;90;90m██[38;2;90;90;90m██[38;2;90;90;90m██[38;2;16;16;16m██                  [38;2;16;16;16m██[38;2;185;154;91m██[38;2;247;235;155m██[38;2;247;235;155m██[38;2;247;235;155m██[38;2;247;235;155m██[38;2;185;154;91m██[38;2;185;154;91m██[38;2;185;154;91m██[38;2;185;154;91m██[38;2;16;16;16m██  [38;2;16;16;16m██[38;2;185;154;91m██[38;2;185;154;91m██[38;2;185;154;91m██[38;2;185;154;91m██[38;2;185;154;91m██[38;2;185;154;91m██[38;2;185;154;91m██[38;2;16;16;16m██[38;2;90;90;90m██[38;2;90;90;90m██[38;2;90;90;90m██[38;2;179;61;61m██[38;2;16;16;16m██[38;2;90;90;90m██[38;2;90;90;90m██[38;2;90;90;90m██[38;2;185;154;91m██[38;2;185;154;91m██[38;2;185;154;91m██[38;2;185;154;91m██[38;2;185;154;91m██[38;2;185;154;91m██[38;2;185;154;91m██[38;2;16;16;16m██    
        [38;2;90;90;90m██[38;2;122;46;46m██[38;2;215;91;91m██[38;2;179;61;61m██[38;2;90;90;90m██[38;2;90;90;90m██[38;2;16;16;16m██                  [38;2;16;16;16m██[38;2;185;154;91m██[38;2;247;235;155m██[38;2;247;235;155m██[38;2;247;235;155m██[38;2;247;235;155m██[38;2;247;235;155m██[38;2;247;235;155m██[38;2;247;235;155m██[38;2;247;235;155m██[38;2;185;154;91m██[38;2;185;154;91m██[38;2;16;16;16m██[38;2;131;110;68m██[38;2;185;154;91m██[38;2;185;154;91m██[38;2;185;154;91m██[38;2;185;154;91m██[38;2;185;154;91m██[38;2;185;154;91m██[38;2;185;154;91m██[38;2;57;57;57m██[38;2;90;90;90m██[38;2;90;90;90m██[38;2;90;90;90m██[38;2;90;90;90m██[38;2;251;251;251m██[38;2;251;251;251m██[38;2;251;251;251m██[38;2;90;90;90m██[38;2;185;154;91m██[38;2;185;154;91m██[38;2;185;154;91m██[38;2;185;154;91m██[38;2;185;154;91m██[38;2;185;154;91m██[38;2;185;154;91m██[38;2;16;16;16m██    
      [38;2;122;46;46m██[38;2;179;61;61m██[38;2;215;91;91m██[38;2;215;91;91m██[38;2;90;90;90m██[38;2;90;90;90m██[38;2;90;90;90m██[38;2;16;16;16m██                [38;2;16;16;16m██[38;2;185;154;91m██[38;2;247;235;155m██[38;2;247;235;155m██[38;2;247;235;155m██[38;2;247;235;155m██[38;2;247;235;155m██[38;2;247;235;155m██[38;2;247;235;155m██[38;2;247;235;155m██[38;2;247;235;155m██[38;2;247;235;155m██[38;2;185;154;91m██[38;2;185;154;91m██[38;2;131;110;68m██[38;2;131;110;68m██[38;2;185;154;91m██[38;2;185;154;91m██[38;2;185;154;91m██[38;2;185;154;91m██[38;2;185;154;91m██[38;2;185;154;91m██[38;2;185;154;91m██[38;2;57;57;57m██[38;2;90;90;90m██[38;2;90;90;90m██[38;2;179;61;61m██[38;2;188;189;205m██[38;2;251;251;251m██[38;2;90;90;90m██[38;2;185;154;91m██[38;2;185;154;91m██[38;2;185;154;91m██[38;2;185;154;91m██[38;2;185;154;91m██[38;2;185;154;91m██[38;2;185;154;91m██[38;2;185;154;91m██[38;2;16;16;16m██    
[38;2;67;73;79m██[38;2;67;73;79m██[38;2;67;73;79m██[38;2;251;251;251m██[38;2;188;189;205m██[38;2;188;189;205m██[38;2;215;91;91m██[38;2;90;90;90m██[38;2;90;90;90m██[38;2;16;16;16m██              [38;2;16;16;16m██[38;2;16;16;16m██[38;2;185;154;91m██[38;2;247;235;155m██[38;2;247;235;155m██[38;2;247;235;155m██[38;2;247;235;155m██[38;2;247;235;155m██[38;2;247;235;155m██[38;2;247;235;155m██[38;2;247;235;155m██[38;2;247;235;155m██[38;2;247;235;155m██[38;2;247;235;155m██[38;2;185;154;91m██[38;2;185;154;91m██[38;2;185;154;91m██[38;2;131;110;68m██[38;2;131;110;68m██[38;2;185;154;91m██[38;2;185;154;91m██[38;2;185;154;91m██[38;2;185;154;91m██[38;2;185;154;91m██[38;2;185;154;91m██[38;2;16;16;16m██[38;2;90;90;90m██[38;2;90;90;90m██[38;2;179;61;61m██[38;2;179;61;61m██[38;2;179;61;61m██[38;2;16;16;16m██[38;2;185;154;91m██[38;2;90;90;90m██[38;2;90;90;90m██[38;2;90;90;90m██[38;2;90;90;90m██[38;2;185;154;91m██[38;2;185;154;91m██[38;2;16;16;16m██      
[38;2;67;73;79m██[38;2;251;251;251m██[38;2;251;251;251m██[38;2;251;251;251m██[38;2;188;189;205m██[38;2;179;61;61m██[38;2;215;91;91m██[38;2;179;61;61m██[38;2;179;61;61m██[38;2;16;16;16m██            [38;2;16;16;16m██[38;2;131;110;68m██[38;2;185;154;91m██[38;2;247;235;155m██[38;2;131;110;68m██[38;2;185;154;91m██[38;2;247;235;155m██[38;2;247;235;155m██[38;2;131;110;68m██[38;2;185;154;91m██[38;2;16;16;16m██[38;2;247;235;155m██[38;2;247;235;155m██[38;2;185;154;91m██[38;2;16;16;16m██[38;2;16;16;16m██[38;2;41;115;157m██[38;2;131;110;68m██[38;2;185;154;91m██[38;2;16;16;16m██[38;2;185;154;91m██[38;2;185;154;91m██[38;2;185;154;91m██[38;2;185;154;91m██[38;2;131;110;68m██[38;2;185;154;91m██[38;2;16;16;16m██[38;2;90;90;90m██[38;2;90;90;90m██[38;2;179;61;61m██[38;2;215;91;91m██[38;2;215;91;91m██[38;2;16;16;16m██[38;2;90;90;90m██[38;2;251;251;251m██[38;2;251;251;251m██[38;2;251;251;251m██[38;2;90;90;90m██[38;2;185;154;91m██[38;2;185;154;91m██[38;2;16;16;16m██      
  [38;2;67;73;79m██[38;2;251;251;251m██[38;2;188;189;205m██[38;2;215;91;91m██[38;2;122;46;46m██[38;2;215;91;91m██[38;2;179;61;61m██[38;2;16;16;16m██              [38;2;16;16;16m██[38;2;131;110;68m██[38;2;16;16;16m██[38;2;185;154;91m██[38;2;90;90;90m██[38;2;90;90;90m██[38;2;185;154;91m██[38;2;16;16;16m██[38;2;90;90;90m██[38;2;90;90;90m██[38;2;90;90;90m██[38;2;16;16;16m██[38;2;185;154;91m██[38;2;90;90;90m██[38;2;90;90;90m██[38;2;41;115;157m██[38;2;131;110;68m██[38;2;41;115;157m██[38;2;131;110;68m██[38;2;131;110;68m██[38;2;16;16;16m██[38;2;185;154;91m██[38;2;131;110;68m██[38;2;131;110;68m██[38;2;185;154;91m██[38;2;185;154;91m██[38;2;16;16;16m██[38;2;90;90;90m██[38;2;90;90;90m██[38;2;215;91;91m██[38;2;215;91;91m██[38;2;90;90;90m██[38;2;188;189;205m██[38;2;251;251;251m██[38;2;251;251;251m██[38;2;251;251;251m██[38;2;90;90;90m██[38;2;185;154;91m██[38;2;185;154;91m██[38;2;16;16;16m██        
    [38;2;16;16;16m██[38;2;215;91;91m██[38;2;122;46;46m██[38;2;215;91;91m██[38;2;215;91;91m██[38;2;179;61;61m██[38;2;16;16;16m██              [38;2;16;16;16m██[38;2;16;16;16m██[38;2;41;115;157m██[38;2;90;90;90m██[38;2;90;90;90m██[38;2;41;115;157m██[38;2;16;16;16m██[38;2;41;115;157m██[38;2;90;90;90m██[38;2;90;90;90m██[38;2;41;115;157m██[38;2;74;157;238m██[38;2;131;110;68m██[38;2;90;90;90m██[38;2;90;90;90m██[38;2;90;90;90m██[38;2;74;157;238m██[38;2;74;157;238m██[38;2;41;115;157m██[38;2;16;16;16m██[38;2;131;110;68m██[38;2;131;110;68m██[38;2;131;110;68m██[38;2;131;110;68m██[38;2;185;154;91m██[38;2;185;154;91m██[38;2;131;110;68m██[38;2;16;16;16m██[38;2;179;61;61m██[38;2;215;91;91m██[38;2;215;91;91m██[38;2;215;91;91m██[38;2;90;90;90m██[38;2;188;189;205m██[38;2;251;251;251m██[38;2;90;90;90m██[38;2;185;154;91m██[38;2;185;154;91m██[38;2;185;154;91m██[38;2;16;16;16m██        
    [38;2;16;16;16m██[38;2;179;61;61m██[38;2;122;46;46m██[38;2;179;61;61m██[38;2;215;91;91m██[38;2;179;61;61m██[38;2;16;16;16m██            [38;2;16;16;16m██[38;2;41;115;157m██[38;2;41;115;157m██[38;2;90;90;90m██[38;2;90;90;90m██[38;2;90;90;90m██[38;2;74;157;238m██[38;2;74;157;238m██[38;2;41;115;157m██[38;2;90;90;90m██[38;2;41;115;157m██[38;2;74;157;238m██[38;2;74;157;238m██[38;2;74;157;238m██[38;2;74;157;238m██[38;2;90;90;90m██[38;2;90;90;90m██[38;2;41;115;157m██[38;2;74;157;238m██[38;2;74;157;238m██[38;2;41;115;157m██[38;2;16;16;16m██[38;2;131;110;68m██[38;2;131;110;68m██[38;2;131;110;68m██[38;2;131;110;68m██[38;2;185;154;91m██[38;2;131;110;68m██[38;2;16;16;16m██[38;2;215;91;91m██[38;2;215;91;91m██[38;2;215;91;91m██[38;2;215;91;91m██[38;2;179;61;61m██[38;2;215;91;91m██[38;2;16;16;16m██[38;2;185;154;91m██[38;2;185;154;91m██[38;2;185;154;91m██[38;2;16;16;16m██          
      [38;2;16;16;16m██[38;2;122;46;46m██[38;2;16;16;16m██[38;2;16;16;16m██[38;2;16;16;16m██              [38;2;16;16;16m██[38;2;41;115;157m██[38;2;90;90;90m██[38;2;90;90;90m██[38;2;90;90;90m██[38;2;41;115;157m██[38;2;74;157;238m██[38;2;74;157;238m██[38;2;74;157;238m██[38;2;90;90;90m██[38;2;41;115;157m██[38;2;74;157;238m██[38;2;74;157;238m██[38;2;74;157;238m██[38;2;74;157;238m██[38;2;74;157;238m██[38;2;90;90;90m██[38;2;90;90;90m██[38;2;74;157;238m██[38;2;74;157;238m██[38;2;41;115;157m██[38;2;41;115;157m██[38;2;16;16;16m██[38;2;131;110;68m██[38;2;131;110;68m██[38;2;131;110;68m██[38;2;131;110;68m██[38;2;131;110;68m██[38;2;16;16;16m██[38;2;179;61;61m██[38;2;215;91;91m██[38;2;215;91;91m██[38;2;215;91;91m██[38;2;122;46;46m██[38;2;215;91;91m██[38;2;16;16;16m██[38;2;185;154;91m██[38;2;185;154;91m██[38;2;16;16;16m██            
                            [38;2;16;16;16m██[38;2;41;115;157m██[38;2;90;90;90m██[38;2;90;90;90m██[38;2;90;90;90m██[38;2;90;90;90m██[38;2;74;157;238m██[38;2;74;157;238m██[38;2;74;157;238m██[38;2;74;157;238m██[38;2;41;115;157m██[38;2;74;157;238m██[38;2;74;157;238m██[38;2;74;157;238m██[38;2;74;157;238m██[38;2;74;157;238m██[38;2;74;157;238m██[38;2;41;115;157m██[38;2;90;90;90m██[38;2;41;115;157m██[38;2;74;157;238m██[38;2;74;157;238m██[38;2;41;115;157m██[38;2;41;115;157m██[38;2;16;16;16m██[38;2;131;110;68m██[38;2;131;110;68m██[38;2;131;110;68m██[38;2;131;110;68m██[38;2;16;16;16m██[38;2;179;61;61m██[38;2;179;61;61m██[38;2;179;61;61m██[38;2;179;61;61m██[38;2;122;46;46m██[38;2;179;61;61m██[38;2;16;16;16m██[38;2;16;16;16m██[38;2;16;16;16m██              
                            [38;2;16;16;16m██[38;2;90;90;90m██[38;2;90;90;90m██[38;2;90;90;90m██[38;2;41;115;157m██[38;2;74;157;238m██[38;2;74;157;238m██[38;2;74;157;238m██[38;2;74;157;238m██[38;2;74;157;238m██[38;2;74;157;238m██[38;2;74;157;238m██[38;2;74;157;238m██[38;2;74;157;238m██[38;2;74;157;238m██[38;2;74;157;238m██[38;2;74;157;238m██[38;2;74;157;238m██[38;2;90;90;90m██[38;2;90;90;90m██[38;2;74;157;238m██[38;2;74;157;238m██[38;2;41;115;157m██[38;2;41;115;157m██[38;2;16;16;16m██[38;2;131;110;68m██[38;2;131;110;68m██[38;2;131;110;68m██[38;2;131;110;68m██[38;2;131;110;68m██[38;2;16;16;16m██[38;2;179;61;61m██[38;2;179;61;61m██[38;2;179;61;61m██[38;2;122;46;46m██[38;2;16;16;16m██                    
                          [38;2;16;16;16m██[38;2;90;90;90m██[38;2;90;90;90m██[38;2;90;90;90m██[38;2;74;157;238m██[38;2;74;157;238m██[38;2;74;157;238m██[38;2;74;157;238m██[38;2;74;157;238m██[38;2;41;115;157m██[38;2;41;115;157m██[38;2;41;115;157m██[38;2;41;115;157m██[38;2;41;115;157m██[38;2;74;157;238m██[38;2;74;157;238m██[38;2;74;157;238m██[38;2;74;157;238m██[38;2;74;157;238m██[38;2;90;90;90m██[38;2;90;90;90m██[38;2;41;115;157m██[38;2;74;157;238m██[38;2;41;115;157m██[38;2;41;115;157m██[38;2;41;115;157m██[38;2;16;16;16m██[38;2;131;110;68m██[38;2;131;110;68m██[38;2;131;110;68m██[38;2;16;16;16m██[38;2;16;16;16m██[38;2;16;16;16m██[38;2;16;16;16m██[38;2;16;16;16m██[38;2;16;16;16m██                      
                          [38;2;16;16;16m██[38;2;90;90;90m██[38;2;90;90;90m██[38;2;41;115;157m██[38;2;74;157;238m██[38;2;74;157;238m██[38;2;74;157;238m██[38;2;74;157;238m██[38;2;41;115;157m██[38;2;41;115;157m██[38;2;41;115;157m██[38;2;41;115;157m██[38;2;41;115;157m██[38;2;41;115;157m██[38;2;41;115;157m██[38;2;74;157;238m██[38;2;74;157;238m██[38;2;74;157;238m██[38;2;74;157;238m██[38;2;41;115;157m██[38;2;90;90;90m██[38;2;90;90;90m██[38;2;57;57;57m██[38;2;41;115;157m██[38;2;41;115;157m██[38;2;41;115;157m██[38;2;16;16;16m██[38;2;16;16;16m██[38;2;16;16;16m██[38;2;16;16;16m██                                  
                        [38;2;16;16;16m██[38;2;90;90;90m██[38;2;90;90;90m██[38;2;90;90;90m██[38;2;74;157;238m██[38;2;74;157;238m██[38;2;74;157;238m██[38;2;74;157;238m██[38;2;41;115;157m██[38;2;41;115;157m██[38;2;41;115;157m██[38;2;41;115;157m██[38;2;41;115;157m██[38;2;16;16;16m██[38;2;16;16;16m██[38;2;41;115;157m██[38;2;74;157;238m██[38;2;74;157;238m██[38;2;74;157;238m██[38;2;74;157;238m██[38;2;74;157;238m██[38;2;41;115;157m██[38;2;90;90;90m██[38;2;57;57;57m██[38;2;57;57;57m██[38;2;57;57;57m██[38;2;41;115;157m██[38;2;16;16;16m██                                        
                        [38;2;57;57;57m██[38;2;90;90;90m██[38;2;90;90;90m██[38;2;90;90;90m██[38;2;74;157;238m██[38;2;74;157;238m██[38;2;74;157;238m██[38;2;74;157;238m██[38;2;41;115;157m██[38;2;41;115;157m██[38;2;41;115;157m██[38;2;41;115;157m██[38;2;16;16;16m██    [38;2;16;16;16m██[38;2;41;115;157m██[38;2;74;157;238m██[38;2;74;157;238m██[38;2;74;157;238m██[38;2;74;157;238m██[38;2;74;157;238m██[38;2;57;57;57m██[38;2;57;57;57m██[38;2;57;57;57m██[38;2;57;57;57m██[38;2;57;57;57m██[38;2;57;57;57m██                                        
                        [38;2;16;16;16m██[38;2;41;115;157m██[38;2;90;90;90m██[38;2;90;90;90m██[38;2;74;157;238m██[38;2;74;157;238m██[38;2;74;157;238m██[38;2;74;157;238m██[38;2;41;115;157m██[38;2;41;115;157m██[38;2;41;115;157m██[38;2;41;115;157m██[38;2;16;16;16m██    [38;2;16;16;16m██[38;2;41;115;157m██[38;2;74;157;238m██[38;2;74;157;238m██[38;2;74;157;238m██[38;2;74;157;238m██[38;2;74;157;238m██[38;2;74;157;238m██[38;2;57;57;57m██[38;2;57;57;57m██[38;2;57;57;57m██[38;2;57;57;57m██[38;2;41;115;157m██[38;2;16;16;16m██                                      
                        [38;2;16;16;16m██[38;2;74;157;238m██[38;2;90;90;90m██[38;2;90;90;90m██[38;2;41;115;157m██[38;2;74;157;238m██[38;2;74;157;238m██[38;2;41;115;157m██[38;2;41;115;157m██[38;2;41;115;157m██[38;2;41;115;157m██[38;2;16;16;16m██        [38;2;16;16;16m██[38;2;41;115;157m██[38;2;74;157;238m██[38;2;74;157;238m██[38;2;74;157;238m██[38;2;41;115;157m██[38;2;41;115;157m██[38;2;41;115;157m██[38;2;57;57;57m██[38;2;57;57;57m██[38;2;57;57;57m██[38;2;57;57;57m██[38;2;16;16;16m██                                      
                        [38;2;16;16;16m██[38;2;41;115;157m██[38;2;74;157;238m██[38;2;90;90;90m██[38;2;57;57;57m██[38;2;41;115;157m██[38;2;41;115;157m██[38;2;41;115;157m██[38;2;41;115;157m██[38;2;41;115;157m██[38;2;41;115;157m██[38;2;16;16;16m██        [38;2;16;16;16m██[38;2;41;115;157m██[38;2;41;115;157m██[38;2;41;115;157m██[38;2;41;115;157m██[38;2;41;115;157m██[38;2;41;115;157m██[38;2;41;115;157m██[38;2;41;115;157m██[38;2;57;57;57m██[38;2;57;57;57m██[38;2;57;57;57m██[38;2;16;16;16m██                                      
                        [38;2;16;16;16m██[38;2;41;115;157m██[38;2;41;115;157m██[38;2;57;57;57m██[38;2;57;57;57m██[38;2;41;115;157m██[38;2;41;115;157m██[38;2;41;115;157m██[38;2;41;115;157m██[38;2;41;115;157m██[38;2;16;16;16m██            [38;2;16;16;16m██[38;2;41;115;157m██[38;2;41;115;157m██[38;2;41;115;157m██[38;2;41;115;157m██[38;2;41;115;157m██[38;2;41;115;157m██[38;2;41;115;157m██[38;2;41;115;157m██[38;2;57;57;57m██[38;2;57;57;57m██[38;2;16;16;16m██                                      
                          [38;2;16;16;16m██[38;2;41;115;157m██[38;2;57;57;57m██[38;2;57;57;57m██[38;2;57;57;57m██[38;2;41;115;157m██[38;2;41;115;157m██[38;2;41;115;157m██[38;2;16;16;16m██                [38;2;16;16;16m██[38;2;16;16;16m██[38;2;41;115;157m██[38;2;41;115;157m██[38;2;41;115;157m██[38;2;41;115;157m██[38;2;41;115;157m██[38;2;57;57;57m██[38;2;57;57;57m██[38;2;57;57;57m██[38;2;16;16;16m██                                      
                            [38;2;16;16;16m██[38;2;41;115;157m██[38;2;57;57;57m██[38;2;57;57;57m██[38;2;41;115;157m██[38;2;41;115;157m██[38;2;16;16;16m██                      [38;2;16;16;16m██[38;2;16;16;16m██[38;2;41;115;157m██[38;2;41;115;157m██[38;2;41;115;157m██[38;2;57;57;57m██[38;2;57;57;57m██[38;2;57;57;57m██[38;2;16;16;16m██                                      
                              [38;2;16;16;16m██[38;2;57;57;57m██[38;2;57;57;57m██[38;2;57;57;57m██[38;2;16;16;16m██                            [38;2;16;16;16m██[38;2;16;16;16m██[38;2;41;115;157m██[38;2;57;57;57m██[38;2;57;57;57m██[38;2;57;57;57m██[38;2;16;16;16m██                                      
                              [38;2;16;16;16m██[38;2;57;57;57m██[38;2;57;57;57m██[38;2;16;16;16m██                                  [38;2;16;16;16m██[38;2;57;57;57m██[38;2;57;57;57m██[38;2;57;57;57m██[38;2;57;57;57m██[38;2;16;16;16m██                                    
                              [38;2;16;16;16m██[38;2;57;57;57m██[38;2;57;57;57m██[38;2;16;16;16m██                                    [38;2;16;16;16m██[38;2;57;57;57m██[38;2;57;57;57m██[38;2;57;57;57m██[38;2;16;16;16m██                                    
                            [38;2;16;16;16m██[38;2;57;57;57m██[38;2;57;57;57m██[38;2;57;57;57m██[38;2;16;16;16m██                                    [38;2;16;16;16m██[38;2;57;57;57m██[38;2;57;57;57m██[38;2;179;61;61m██[38;2;16;16;16m██                                    
                            [38;2;16;16;16m██[38;2;57;57;57m██[38;2;57;57;57m██[38;2;57;57;57m██[38;2;16;16;16m██                                    [38;2;16;16;16m██[38;2;57;57;57m██[38;2;57;57;57m██[38;2;179;61;61m██[38;2;16;16;16m██                                    
                            [38;2;16;16;16m██[38;2;179;61;61m██[38;2;57;57;57m██[38;2;57;57;57m██[38;2;16;16;16m██                                      [38;2;16;16;16m██[38;2;57;57;57m██[38;2;179;61;61m██[38;2;57;57;57m██[38;2;16;16;16m██[38;2;67;73;79m██                                
                      [38;2;67;73;79m██[38;2;67;73;79m██[38;2;16;16;16m██[38;2;179;61;61m██[38;2;179;61;61m██[38;2;57;57;57m██[38;2;16;16;16m██                                        [38;2;16;16;16m██[38;2;57;57;57m██[38;2;179;61;61m██[38;2;179;61;61m██[38;2;251;251;251m██[38;2;67;73;79m██                                
                      [38;2;67;73;79m██[38;2;251;251;251m██[38;2;251;251;251m██[38;2;188;189;205m██[38;2;179;61;61m██[38;2;57;57;57m██[38;2;16;16;16m██                                        [38;2;16;16;16m██[38;2;57;57;57m██[38;2;179;61;61m██[38;2;251;251;251m██[38;2;251;251;251m██[38;2;67;73;79m██  [38;2;67;73;79m██[38;2;67;73;79m██                          
              [38;2;67;73;79m██[38;2;67;73;79m██[38;2;67;73;79m██    [38;2;16;16;16m██[38;2;188;189;205m██[38;2;179;61;61m██[38;2;179;61;61m██[38;2;57;57;57m██[38;2;16;16;16m██                                          [38;2;16;16;16m██[38;2;179;61;61m██[38;2;188;189;205m██[38;2;179;61;61m██[38;2;251;251;251m██[38;2;67;73;79m██[38;2;251;251;251m██[38;2;67;73;79m██                          
              [38;2;67;73;79m██[38;2;251;251;251m██[38;2;251;251;251m██[38;2;67;73;79m██[38;2;16;16;16m██[38;2;215;91;91m██[38;2;215;91;91m██[38;2;215;91;91m██[38;2;179;61;61m██[38;2;57;57;57m██[38;2;16;16;16m██                                          [38;2;16;16;16m██[38;2;179;61;61m██[38;2;179;61;61m██[38;2;179;61;61m██[38;2;16;16;16m██[38;2;251;251;251m██[38;2;251;251;251m██[38;2;67;73;79m██                          
                [38;2;67;73;79m██[38;2;251;251;251m██[38;2;251;251;251m██[38;2;188;189;205m██[38;2;215;91;91m██[38;2;215;91;91m██[38;2;215;91;91m██[38;2;179;61;61m██[38;2;16;16;16m██                                            [38;2;16;16;16m██[38;2;215;91;91m██[38;2;215;91;91m██[38;2;188;189;205m██[38;2;251;251;251m██[38;2;251;251;251m██[38;2;67;73;79m██                            
            [38;2;16;16;16m██[38;2;16;16;16m██[38;2;122;46;46m██[38;2;251;251;251m██[38;2;188;189;205m██[38;2;215;91;91m██[38;2;122;46;46m██[38;2;215;91;91m██[38;2;215;91;91m██[38;2;179;61;61m██[38;2;16;16;16m██                                            [38;2;16;16;16m██[38;2;215;91;91m██[38;2;215;91;91m██[38;2;215;91;91m██[38;2;251;251;251m██[38;2;179;61;61m██[38;2;16;16;16m██                            
          [38;2;16;16;16m██[38;2;215;91;91m██[38;2;122;46;46m██[38;2;215;91;91m██[38;2;215;91;91m██[38;2;215;91;91m██[38;2;122;46;46m██[38;2;215;91;91m██[38;2;215;91;91m██[38;2;179;61;61m██[38;2;16;16;16m██                                              [38;2;16;16;16m██[38;2;215;91;91m██[38;2;215;91;91m██[38;2;215;91;91m██[38;2;215;91;91m██[38;2;215;91;91m██[38;2;215;91;91m██[38;2;16;16;16m██                          
          [38;2;16;16;16m██[38;2;179;61;61m██[38;2;122;46;46m██[38;2;215;91;91m██[38;2;179;61;61m██[38;2;122;46;46m██[38;2;215;91;91m██[38;2;179;61;61m██[38;2;179;61;61m██[38;2;179;61;61m██[38;2;16;16;16m██                                            [38;2;16;16;16m██[38;2;215;91;91m██[38;2;215;91;91m██[38;2;122;46;46m██[38;2;215;91;91m██[38;2;215;91;91m██[38;2;179;61;61m██[38;2;215;91;91m██[38;2;16;16;16m██                          
          [38;2;16;16;16m██[38;2;179;61;61m██[38;2;122;46;46m██[38;2;179;61;61m██[38;2;179;61;61m██[38;2;122;46;46m██[38;2;179;61;61m██[38;2;179;61;61m██[38;2;179;61;61m██[38;2;16;16;16m██                                              [38;2;16;16;16m██[38;2;179;61;61m██[38;2;215;91;91m██[38;2;122;46;46m██[38;2;215;91;91m██[38;2;179;61;61m██[38;2;122;46;46m██[38;2;179;61;61m██[38;2;16;16;16m██                          
            [38;2;16;16;16m██[38;2;16;16;16m██[38;2;16;16;16m██[38;2;16;16;16m██[38;2;16;16;16m██[38;2;16;16;16m██[38;2;16;16;16m██[38;2;16;16;16m██                                                [38;2;16;16;16m██[38;2;179;61;61m██[38;2;179;61;61m██[38;2;122;46;46m██[38;2;179;61;61m██[38;2;179;61;61m██[38;2;122;46;46m██[38;2;179;61;61m██[38;2;16;16;16m██                          
                                                                              [38;2;16;16;16m██[38;2;16;16;16m██[38;2;16;16;16m██[38;2;16;16;16m██[38;2;16;16;16m██[38;2;16;16;16m██[38;2;16;16;16m██                            
