                                                                    [38;2;97;97;97m██[38;2;97;97;97m██                              
                                                                  [38;2;16;16;16m██[38;2;255;255;255m██[38;2;255;255;255m██[38;2;97;97;97m██                            
                                                                  [38;2;16;16;16m██[38;2;255;255;255m██[38;2;255;255;255m██[38;2;255;255;255m██[38;2;97;97;97m██                          
                                                                  [38;2;16;16;16m██[38;2;242;242;242m██[38;2;255;255;255m██[38;2;255;255;255m██[38;2;242;242;242m██[38;2;97;97;97m██                        
                                                                  [38;2;16;16;16m██[38;2;183;183;183m██[38;2;242;242;242m██[38;2;242;242;242m██[38;2;242;242;242m██[38;2;97;97;97m██                        
                                                                    [38;2;16;16;16m██[38;2;242;242;242m██[38;2;242;242;242m██[38;2;242;242;242m██[38;2;242;242;242m██[38;2;97;97;97m██                      
                                                                    [38;2;16;16;16m██[38;2;183;183;183m██[38;2;242;242;242m██[38;2;242;242;242m██[38;2;242;242;242m██[38;2;97;97;97m██                      
                                                                      [38;2;16;16;16m██[38;2;242;242;242m██[38;2;242;242;242m██[38;2;242;242;242m██[38;2;242;242;242m██[38;2;97;97;97m██                    
      [38;2;97;97;97m██[38;2;97;97;97m██[38;2;97;97;97m██[38;2;97;97;97m██[38;2;97;97;97m██[38;2;97;97;97m██[38;2;97;97;97m██                                                    [38;2;97;97;97m██[38;2;183;183;183m██[38;2;242;242;242m██[38;2;242;242;242m██[38;2;97;97;97m██                    
    [38;2;16;16;16m██[38;2;242;242;242m██[38;2;255;255;255m██[38;2;255;255;255m██[38;2;255;255;255m██[38;2;242;242;242m██[38;2;242;242;242m██[38;2;242;242;242m██[38;2;97;97;97m██[38;2;97;97;97m██[38;2;25;25;25m██[38;2;25;25;25m██[38;2;25;25;25m██                                            [38;2;97;97;97m██[38;2;242;242;242m██[38;2;242;242;242m██[38;2;97;97;97m██                    
  [38;2;16;16;16m██[38;2;242;242;242m██[38;2;255;255;255m██[38;2;255;255;255m██[38;2;255;255;255m██[38;2;242;242;242m██[38;2;242;242;242m██[38;2;242;242;242m██[38;2;242;242;242m██[38;2;242;242;242m██[38;2;242;242;242m██[38;2;183;183;183m██[38;2;35;35;35m██[38;2;35;35;35m██[38;2;25;25;25m██[38;2;25;25;25m██[38;2;25;25;25m██                                      [38;2;97;97;97m██[38;2;242;242;242m██[38;2;242;242;242m██[38;2;97;97;97m██                    
  [38;2;16;16;16m██[38;2;97;97;97m██[38;2;242;242;242m██[38;2;242;242;242m██[38;2;242;242;242m██[38;2;242;242;242m██[38;2;242;242;242m██[38;2;242;242;242m██[38;2;242;242;242m██[38;2;242;242;242m██[38;2;242;242;242m██[38;2;242;242;242m██[38;2;183;183;183m██[38;2;35;35;35m██[38;2;35;35;35m██[38;2;35;35;35m██[38;2;35;35;35m██[38;2;25;25;25m██[38;2;25;25;25m██[38;2;25;25;25m██                                [38;2;97;97;97m██[38;2;242;242;242m██[38;2;242;242;242m██[38;2;242;242;242m██[38;2;97;97;97m██                  
    [38;2;16;16;16m██[38;2;16;16;16m██[38;2;242;242;242m██[38;2;242;242;242m██[38;2;242;242;242m██[38;2;242;242;242m██[38;2;16;16;16m██[38;2;16;16;16m██[38;2;16;16;16m██[38;2;97;97;97m██[38;2;242;242;242m██[38;2;242;242;242m██[38;2;242;242;242m██[38;2;183;183;183m██[38;2;35;35;35m██[38;2;35;35;35m██[38;2;35;35;35m██[38;2;35;35;35m██[38;2;35;35;35m██[38;2;25;25;25m██[38;2;25;25;25m██                          [38;2;97;97;97m██[38;2;242;242;242m██[38;2;242;242;242m██[38;2;242;242;242m██[38;2;242;242;242m██[38;2;16;16;16m██                  
        [38;2;16;16;16m██[38;2;16;16;16m██[38;2;16;16;16m██[38;2;16;16;16m██      [38;2;16;16;16m██[38;2;16;16;16m██[38;2;242;242;242m██[38;2;242;242;242m██[38;2;242;242;242m██[38;2;183;183;183m██[38;2;35;35;35m██[38;2;35;35;35m██[38;2;35;35;35m██[38;2;35;35;35m██[38;2;35;35;35m██[38;2;35;35;35m██[38;2;25;25;25m██                    [38;2;97;97;97m██[38;2;183;183;183m██[38;2;242;242;242m██[38;2;242;242;242m██[38;2;242;242;242m██[38;2;242;242;242m██[38;2;242;242;242m██[38;2;16;16;16m██                  
                          [38;2;16;16;16m██[38;2;242;242;242m██[38;2;242;242;242m██[38;2;242;242;242m██[38;2;35;35;35m██[38;2;35;35;35m██[38;2;35;35;35m██[38;2;35;35;35m██[38;2;35;35;35m██[38;2;35;35;35m██[38;2;35;35;35m██[38;2;25;25;25m██              [38;2;97;97;97m██[38;2;183;183;183m██[38;2;242;242;242m██[38;2;242;242;242m██[38;2;242;242;242m██[38;2;242;242;242m██[38;2;242;242;242m██[38;2;242;242;242m██[38;2;242;242;242m██[38;2;16;16;16m██                  
                            [38;2;16;16;16m██[38;2;242;242;242m██[38;2;242;242;242m██[38;2;242;242;242m██[38;2;35;35;35m██[38;2;35;35;35m██[38;2;35;35;35m██[38;2;35;35;35m██[38;2;35;35;35m██[38;2;35;35;35m██[38;2;35;35;35m██[38;2;25;25;25m██          [38;2;97;97;97m██[38;2;242;242;242m██[38;2;242;242;242m██[38;2;242;242;242m██[38;2;242;242;242m██[38;2;242;242;242m██[38;2;242;242;242m██[38;2;242;242;242m██[38;2;242;242;242m██[38;2;35;35;35m██[38;2;25;25;25m██                  
                            [38;2;16;16;16m██[38;2;242;242;242m██[38;2;242;242;242m██[38;2;242;242;242m██[38;2;183;183;183m██[38;2;35;35;35m██[38;2;35;35;35m██[38;2;35;35;35m██[38;2;35;35;35m██[38;2;35;35;35m██[38;2;35;35;35m██[38;2;35;35;35m██[38;2;25;25;25m██      [38;2;16;16;16m██[38;2;242;242;242m██[38;2;242;242;242m██[38;2;242;242;242m██[38;2;242;242;242m██[38;2;242;242;242m██[38;2;242;242;242m██[38;2;242;242;242m██[38;2;183;183;183m██[38;2;35;35;35m██[38;2;35;35;35m██[38;2;35;35;35m██[38;2;16;16;16m██                
                            [38;2;16;16;16m██[38;2;242;242;242m██[38;2;242;242;242m██[38;2;242;242;242m██[38;2;183;183;183m██[38;2;35;35;35m██[38;2;35;35;35m██[38;2;35;35;35m██[38;2;35;35;35m██[38;2;35;35;35m██[38;2;35;35;35m██[38;2;35;35;35m██[38;2;25;25;25m██      [38;2;16;16;16m██[38;2;242;242;242m██[38;2;242;242;242m██[38;2;242;242;242m██[38;2;242;242;242m██[38;2;242;242;242m██[38;2;242;242;242m██[38;2;242;242;242m██[38;2;35;35;35m██[38;2;35;35;35m██[38;2;35;35;35m██[38;2;35;35;35m██[38;2;16;16;16m██                
                            [38;2;16;16;16m██[38;2;183;183;183m██[38;2;242;242;242m██[38;2;242;242;242m██[38;2;242;242;242m██[38;2;183;183;183m██[38;2;35;35;35m██[38;2;35;35;35m██[38;2;35;35;35m██[38;2;35;35;35m██[38;2;35;35;35m██[38;2;35;35;35m██[38;2;35;35;35m██[38;2;25;25;25m██  [38;2;16;16;16m██[38;2;242;242;242m██[38;2;242;242;242m██[38;2;242;242;242m██[38;2;242;242;242m██[38;2;242;242;242m██[38;2;242;242;242m██[38;2;242;242;242m██[38;2;242;242;242m██[38;2;35;35;35m██[38;2;35;35;35m██[38;2;35;35;35m██[38;2;35;35;35m██[38;2;16;16;16m██                
                          [38;2;16;16;16m██[38;2;183;183;183m██[38;2;183;183;183m██[38;2;183;183;183m██[38;2;242;242;242m██[38;2;242;242;242m██[38;2;183;183;183m██[38;2;35;35;35m██[38;2;35;35;35m██[38;2;35;35;35m██[38;2;35;35;35m██[38;2;35;35;35m██[38;2;35;35;35m██[38;2;35;35;35m██[38;2;25;25;25m██  [38;2;16;16;16m██[38;2;242;242;242m██[38;2;242;242;242m██[38;2;242;242;242m██[38;2;242;242;242m██[38;2;242;242;242m██[38;2;242;242;242m██[38;2;242;242;242m██[38;2;183;183;183m██[38;2;35;35;35m██[38;2;35;35;35m██[38;2;35;35;35m██[38;2;35;35;35m██[38;2;16;16;16m██                
                          [38;2;16;16;16m██[38;2;183;183;183m██[38;2;183;183;183m██[38;2;183;183;183m██[38;2;183;183;183m██[38;2;183;183;183m██[38;2;183;183;183m██[38;2;35;35;35m██[38;2;35;35;35m██[38;2;35;35;35m██[38;2;35;35;35m██[38;2;35;35;35m██[38;2;35;35;35m██[38;2;35;35;35m██[38;2;35;35;35m██[38;2;16;16;16m██[38;2;242;242;242m██[38;2;242;242;242m██[38;2;242;242;242m██[38;2;242;242;242m██[38;2;242;242;242m██[38;2;242;242;242m██[38;2;242;242;242m██[38;2;242;242;242m██[38;2;35;35;35m██[38;2;35;35;35m██[38;2;35;35;35m██[38;2;35;35;35m██[38;2;35;35;35m██[38;2;16;16;16m██                
                          [38;2;16;16;16m██[38;2;183;183;183m██[38;2;183;183;183m██[38;2;183;183;183m██[38;2;183;183;183m██[38;2;183;183;183m██[38;2;25;25;25m██[38;2;25;25;25m██[38;2;35;35;35m██[38;2;35;35;35m██[38;2;35;35;35m██[38;2;35;35;35m██[38;2;35;35;35m██[38;2;35;35;35m██[38;2;35;35;35m██[38;2;16;16;16m██[38;2;242;242;242m██[38;2;242;242;242m██[38;2;242;242;242m██[38;2;242;242;242m██[38;2;242;242;242m██[38;2;183;183;183m██[38;2;35;35;35m██[38;2;35;35;35m██[38;2;35;35;35m██[38;2;35;35;35m██[38;2;35;35;35m██[38;2;35;35;35m██[38;2;35;35;35m██[38;2;16;16;16m██                
                        [38;2;16;16;16m██[38;2;183;183;183m██[38;2;183;183;183m██[38;2;183;183;183m██[38;2;183;183;183m██[38;2;183;183;183m██[38;2;25;25;25m██[38;2;25;25;25m██[38;2;25;25;25m██[38;2;25;25;25m██[38;2;25;25;25m██[38;2;35;35;35m██[38;2;35;35;35m██[38;2;35;35;35m██[38;2;35;35;35m██[38;2;35;35;35m██[38;2;16;16;16m██[38;2;242;242;242m██[38;2;242;242;242m██[38;2;242;242;242m██[38;2;242;242;242m██[38;2;183;183;183m██[38;2;35;35;35m██[38;2;35;35;35m██[38;2;35;35;35m██[38;2;35;35;35m██[38;2;35;35;35m██[38;2;35;35;35m██[38;2;35;35;35m██[38;2;35;35;35m██[38;2;16;16;16m██                
                        [38;2;16;16;16m██[38;2;183;183;183m██[38;2;183;183;183m██[38;2;183;183;183m██[38;2;183;183;183m██[38;2;183;183;183m██[38;2;35;35;35m██[38;2;25;25;25m██[38;2;25;25;25m██[38;2;25;25;25m██[38;2;25;25;25m██[38;2;25;25;25m██[38;2;25;25;25m██[38;2;25;25;25m██[38;2;35;35;35m██[38;2;35;35;35m██[38;2;16;16;16m██[38;2;242;242;242m██[38;2;242;242;242m██[38;2;242;242;242m██[38;2;242;242;242m██[38;2;242;242;242m██[38;2;35;35;35m██[38;2;35;35;35m██[38;2;35;35;35m██[38;2;35;35;35m██[38;2;35;35;35m██[38;2;35;35;35m██[38;2;35;35;35m██[38;2;35;35;35m██[38;2;16;16;16m██                
                        [38;2;16;16;16m██[38;2;183;183;183m██[38;2;183;183;183m██[38;2;183;183;183m██[38;2;183;183;183m██[38;2;183;183;183m██[38;2;35;35;35m██[38;2;25;25;25m██[38;2;25;25;25m██[38;2;25;25;25m██[38;2;25;25;25m██[38;2;25;25;25m██[38;2;25;25;25m██[38;2;25;25;25m██[38;2;25;25;25m██[38;2;25;25;25m██[38;2;16;16;16m██[38;2;183;183;183m██[38;2;242;242;242m██[38;2;242;242;242m██[38;2;242;242;242m██[38;2;242;242;242m██[38;2;35;35;35m██[38;2;35;35;35m██[38;2;35;35;35m██[38;2;35;35;35m██[38;2;35;35;35m██[38;2;35;35;35m██[38;2;35;35;35m██[38;2;35;35;35m██[38;2;16;16;16m██                
                        [38;2;16;16;16m██[38;2;183;183;183m██[38;2;183;183;183m██[38;2;183;183;183m██[38;2;183;183;183m██[38;2;183;183;183m██[38;2;35;35;35m██[38;2;25;25;25m██[38;2;25;25;25m██[38;2;25;25;25m██[38;2;25;25;25m██[38;2;25;25;25m██[38;2;25;25;25m██[38;2;25;25;25m██[38;2;25;25;25m██[38;2;25;25;25m██[38;2;25;25;25m██[38;2;16;16;16m██[38;2;242;242;242m██[38;2;242;242;242m██[38;2;242;242;242m██[38;2;242;242;242m██[38;2;183;183;183m██[38;2;35;35;35m██[38;2;35;35;35m██[38;2;35;35;35m██[38;2;35;35;35m██[38;2;35;35;35m██[38;2;35;35;35m██[38;2;35;35;35m██[38;2;16;16;16m██                
                          [38;2;16;16;16m██[38;2;183;183;183m██[38;2;183;183;183m██[38;2;183;183;183m██[38;2;183;183;183m██[38;2;183;183;183m██[38;2;35;35;35m██[38;2;25;25;25m██[38;2;25;25;25m██[38;2;25;25;25m██[38;2;25;25;25m██[38;2;25;25;25m██[38;2;25;25;25m██[38;2;25;25;25m██[38;2;25;25;25m██[38;2;25;25;25m██[38;2;16;16;16m██[38;2;183;183;183m██[38;2;242;242;242m██[38;2;242;242;242m██[38;2;242;242;242m██[38;2;242;242;242m██[38;2;183;183;183m██[38;2;35;35;35m██[38;2;35;35;35m██[38;2;35;35;35m██[38;2;35;35;35m██[38;2;35;35;35m██[38;2;35;35;35m██[38;2;16;16;16m██                
                          [38;2;16;16;16m██[38;2;183;183;183m██[38;2;183;183;183m██[38;2;183;183;183m██[38;2;183;183;183m██[38;2;183;183;183m██[38;2;183;183;183m██[38;2;35;35;35m██[38;2;25;25;25m██[38;2;25;25;25m██[38;2;25;25;25m██[38;2;25;25;25m██[38;2;25;25;25m██[38;2;25;25;25m██[38;2;25;25;25m██[38;2;25;25;25m██[38;2;25;25;25m██[38;2;16;16;16m██[38;2;242;242;242m██[38;2;242;242;242m██[38;2;242;242;242m██[38;2;242;242;242m██[38;2;242;242;242m██[38;2;183;183;183m██[38;2;35;35;35m██[38;2;35;35;35m██[38;2;35;35;35m██[38;2;35;35;35m██[38;2;35;35;35m██[38;2;16;16;16m██                
                            [38;2;16;16;16m██[38;2;183;183;183m██[38;2;183;183;183m██[38;2;183;183;183m██[38;2;183;183;183m██[38;2;183;183;183m██[38;2;183;183;183m██[38;2;183;183;183m██[38;2;35;35;35m██[38;2;25;25;25m██[38;2;25;25;25m██[38;2;25;25;25m██[38;2;25;25;25m██[38;2;25;25;25m██[38;2;25;25;25m██[38;2;25;25;25m██[38;2;25;25;25m██[38;2;16;16;16m██[38;2;242;242;242m██[38;2;242;242;242m██[38;2;242;242;242m██[38;2;242;242;242m██[38;2;183;183;183m██[38;2;35;35;35m██[38;2;35;35;35m██[38;2;35;35;35m██[38;2;35;35;35m██[38;2;35;35;35m██                  
                              [38;2;16;16;16m██[38;2;16;16;16m██[38;2;183;183;183m██[38;2;183;183;183m██[38;2;183;183;183m██[38;2;183;183;183m██[38;2;183;183;183m██[38;2;183;183;183m██[38;2;25;25;25m██[38;2;25;25;25m██[38;2;25;25;25m██[38;2;25;25;25m██[38;2;25;25;25m██[38;2;25;25;25m██[38;2;25;25;25m██[38;2;25;25;25m██[38;2;16;16;16m██[38;2;242;242;242m██[38;2;242;242;242m██[38;2;242;242;242m██[38;2;242;242;242m██[38;2;35;35;35m██[38;2;35;35;35m██[38;2;35;35;35m██[38;2;35;35;35m██[38;2;35;35;35m██[38;2;16;16;16m██                  
                                  [38;2;16;16;16m██[38;2;16;16;16m██[38;2;183;183;183m██[38;2;183;183;183m██[38;2;183;183;183m██[38;2;183;183;183m██[38;2;35;35;35m██[38;2;25;25;25m██[38;2;25;25;25m██[38;2;25;25;25m██[38;2;25;25;25m██[38;2;25;25;25m██[38;2;25;25;25m██[38;2;25;25;25m██[38;2;25;25;25m██[38;2;16;16;16m██[38;2;242;242;242m██[38;2;242;242;242m██[38;2;183;183;183m██[38;2;35;35;35m██[38;2;35;35;35m██[38;2;35;35;35m██[38;2;35;35;35m██[38;2;35;35;35m██[38;2;16;16;16m██                  
                                      [38;2;16;16;16m██[38;2;183;183;183m██[38;2;183;183;183m██[38;2;183;183;183m██[38;2;183;183;183m██[38;2;25;25;25m██[38;2;25;25;25m██[38;2;25;25;25m██[38;2;25;25;25m██[38;2;25;25;25m██[38;2;25;25;25m██[38;2;25;25;25m██[38;2;25;25;25m██[38;2;16;16;16m██[38;2;242;242;242m██[38;2;242;242;242m██[38;2;242;242;242m██[38;2;183;183;183m██[38;2;35;35;35m██[38;2;35;35;35m██[38;2;35;35;35m██[38;2;35;35;35m██[38;2;16;16;16m██                  
                                        [38;2;16;16;16m██[38;2;183;183;183m██[38;2;183;183;183m██[38;2;183;183;183m██[38;2;25;25;25m██[38;2;25;25;25m██[38;2;25;25;25m██[38;2;25;25;25m██[38;2;25;25;25m██[38;2;25;25;25m██[38;2;25;25;25m██[38;2;25;25;25m██[38;2;16;16;16m██[38;2;183;183;183m██[38;2;242;242;242m██[38;2;242;242;242m██[38;2;242;242;242m██[38;2;35;35;35m██[38;2;35;35;35m██[38;2;35;35;35m██[38;2;35;35;35m██                    
                                        [38;2;16;16;16m██[38;2;183;183;183m██[38;2;183;183;183m██[38;2;35;35;35m██[38;2;25;25;25m██[38;2;25;25;25m██[38;2;25;25;25m██[38;2;25;25;25m██[38;2;25;25;25m██[38;2;16;16;16m██[38;2;16;16;16m██[38;2;16;16;16m██[38;2;183;183;183m██[38;2;183;183;183m██[38;2;183;183;183m██[38;2;242;242;242m██[38;2;35;35;35m██[38;2;35;35;35m██[38;2;35;35;35m██[38;2;35;35;35m██[38;2;16;16;16m██                    
                                      [38;2;16;16;16m██[38;2;183;183;183m██[38;2;183;183;183m██[38;2;183;183;183m██[38;2;25;25;25m██[38;2;25;25;25m██[38;2;25;25;25m██[38;2;25;25;25m██[38;2;16;16;16m██[38;2;16;16;16m██[38;2;35;35;35m██[38;2;16;16;16m██[38;2;183;183;183m██[38;2;183;183;183m██[38;2;183;183;183m██[38;2;183;183;183m██[38;2;25;25;25m██[38;2;25;25;25m██[38;2;35;35;35m██[38;2;35;35;35m██[38;2;35;35;35m██[38;2;16;16;16m██                    
                                    [38;2;16;16;16m██[38;2;183;183;183m██[38;2;183;183;183m██[38;2;183;183;183m██[38;2;183;183;183m██[38;2;25;25;25m██[38;2;25;25;25m██[38;2;16;16;16m██[38;2;16;16;16m██[38;2;35;35;35m██[38;2;35;35;35m██[38;2;35;35;35m██[38;2;16;16;16m██[38;2;183;183;183m██[38;2;183;183;183m██[38;2;183;183;183m██[38;2;183;183;183m██[38;2;25;25;25m██[38;2;25;25;25m██[38;2;25;25;25m██[38;2;25;25;25m██[38;2;25;25;25m██[38;2;16;16;16m██[38;2;16;16;16m██                  
                                    [38;2;16;16;16m██[38;2;183;183;183m██[38;2;183;183;183m██[38;2;183;183;183m██[38;2;183;183;183m██[38;2;16;16;16m██[38;2;16;16;16m██[38;2;35;35;35m██[38;2;35;35;35m██[38;2;35;35;35m██[38;2;35;35;35m██[38;2;35;35;35m██[38;2;16;16;16m██[38;2;183;183;183m██[38;2;183;183;183m██[38;2;183;183;183m██[38;2;183;183;183m██[38;2;35;35;35m██[38;2;25;25;25m██[38;2;25;25;25m██[38;2;25;25;25m██[38;2;25;25;25m██[38;2;16;16;16m██[38;2;35;35;35m██[38;2;16;16;16m██[38;2;16;16;16m██              
                                    [38;2;16;16;16m██[38;2;183;183;183m██[38;2;183;183;183m██[38;2;183;183;183m██[38;2;16;16;16m██[38;2;25;25;25m██[38;2;35;35;35m██[38;2;35;35;35m██[38;2;35;35;35m██[38;2;35;35;35m██[38;2;35;35;35m██[38;2;35;35;35m██[38;2;35;35;35m██[38;2;16;16;16m██[38;2;183;183;183m██[38;2;183;183;183m██[38;2;183;183;183m██[38;2;183;183;183m██[38;2;25;25;25m██[38;2;25;25;25m██[38;2;25;25;25m██[38;2;35;35;35m██[38;2;16;16;16m██[38;2;183;183;183m██[38;2;35;35;35m██[38;2;35;35;35m██[38;2;16;16;16m██            
  [38;2;16;16;16m██[38;2;16;16;16m██[38;2;16;16;16m██[38;2;16;16;16m██                            [38;2;16;16;16m██[38;2;183;183;183m██[38;2;16;16;16m██[38;2;25;25;25m██[38;2;35;35;35m██[38;2;25;25;25m██[38;2;35;35;35m██[38;2;35;35;35m██[38;2;35;35;35m██[38;2;35;35;35m██[38;2;35;35;35m██[38;2;25;25;25m██[38;2;25;25;25m██[38;2;16;16;16m██[38;2;183;183;183m██[38;2;183;183;183m██[38;2;183;183;183m██[38;2;183;183;183m██[38;2;35;35;35m██[38;2;35;35;35m██[38;2;16;16;16m██[38;2;242;242;242m██[38;2;242;242;242m██[38;2;35;35;35m██[38;2;35;35;35m██[38;2;35;35;35m██[38;2;16;16;16m██          
[38;2;16;16;16m██[38;2;16;16;16m██[38;2;35;35;35m██[38;2;197;74;188m██[38;2;96;65;123m██[38;2;16;16;16m██                            [38;2;16;16;16m██[38;2;25;25;25m██[38;2;25;25;25m██[38;2;25;25;25m██[38;2;35;35;35m██[38;2;25;25;25m██[38;2;35;35;35m██[38;2;35;35;35m██[38;2;25;25;25m██[38;2;25;25;25m██[38;2;25;25;25m██[38;2;25;25;25m██[38;2;25;25;25m██[38;2;16;16;16m██[38;2;16;16;16m██[38;2;16;16;16m██[38;2;16;16;16m██[38;2;25;25;25m██[38;2;25;25;25m██[38;2;16;16;16m██[38;2;242;242;242m██[38;2;242;242;242m██[38;2;183;183;183m██[38;2;35;35;35m██[38;2;35;35;35m██[38;2;35;35;35m██[38;2;97;97;97m██        
[38;2;16;16;16m██[38;2;25;25;25m██[38;2;35;35;35m██[38;2;35;35;35m██[38;2;197;74;188m██[38;2;197;74;188m██[38;2;16;16;16m██                        [38;2;16;16;16m██[38;2;25;25;25m██[38;2;25;25;25m██[38;2;25;25;25m██[38;2;25;25;25m██[38;2;25;25;25m██[38;2;25;25;25m██[38;2;25;25;25m██[38;2;25;25;25m██[38;2;25;25;25m██[38;2;25;25;25m██[38;2;25;25;25m██[38;2;16;16;16m██[38;2;97;97;97m██[38;2;183;183;183m██[38;2;183;183;183m██[38;2;183;183;183m██[38;2;183;183;183m██[38;2;25;25;25m██[38;2;25;25;25m██[38;2;16;16;16m██[38;2;35;35;35m██[38;2;242;242;242m██[38;2;242;242;242m██[38;2;35;35;35m██[38;2;35;35;35m██[38;2;25;25;25m██[38;2;25;25;25m██[38;2;35;35;35m██      
[38;2;16;16;16m██[38;2;25;25;25m██[38;2;25;25;25m██[38;2;35;35;35m██[38;2;35;35;35m██[38;2;35;35;35m██[38;2;197;74;188m██[38;2;16;16;16m██                    [38;2;16;16;16m██[38;2;25;25;25m██[38;2;25;25;25m██[38;2;25;25;25m██[38;2;25;25;25m██[38;2;25;25;25m██[38;2;25;25;25m██[38;2;25;25;25m██[38;2;25;25;25m██[38;2;25;25;25m██[38;2;25;25;25m██[38;2;25;25;25m██[38;2;16;16;16m██[38;2;183;183;183m██[38;2;183;183;183m██[38;2;183;183;183m██[38;2;183;183;183m██[38;2;183;183;183m██[38;2;25;25;25m██[38;2;25;25;25m██[38;2;25;25;25m██[38;2;25;25;25m██[38;2;16;16;16m██[38;2;242;242;242m██[38;2;242;242;242m██[38;2;35;35;35m██[38;2;25;25;25m██[38;2;183;183;183m██[38;2;242;242;242m██[38;2;35;35;35m██      
[38;2;16;16;16m██[38;2;25;25;25m██[38;2;25;25;25m██[38;2;35;35;35m██[38;2;35;35;35m██[38;2;35;35;35m██[38;2;35;35;35m██[38;2;35;35;35m██[38;2;16;16;16m██                  [38;2;16;16;16m██[38;2;25;25;25m██[38;2;25;25;25m██[38;2;25;25;25m██[38;2;25;25;25m██[38;2;25;25;25m██[38;2;25;25;25m██[38;2;25;25;25m██[38;2;25;25;25m██[38;2;25;25;25m██[38;2;25;25;25m██[38;2;16;16;16m██[38;2;183;183;183m██[38;2;183;183;183m██[38;2;183;183;183m██[38;2;183;183;183m██[38;2;25;25;25m██[38;2;25;25;25m██[38;2;25;25;25m██[38;2;25;25;25m██[38;2;25;25;25m██[38;2;25;25;25m██[38;2;16;16;16m██[38;2;242;242;242m██[38;2;242;242;242m██[38;2;183;183;183m██[38;2;25;25;25m██[38;2;242;242;242m██[38;2;242;242;242m██[38;2;242;242;242m██[38;2;97;97;97m██    
  [38;2;16;16;16m██[38;2;25;25;25m██[38;2;25;25;25m██[38;2;35;35;35m██[38;2;35;35;35m██[38;2;35;35;35m██[38;2;35;35;35m██[38;2;25;25;25m██[38;2;16;16;16m██              [38;2;16;16;16m██[38;2;16;16;16m██[38;2;25;25;25m██[38;2;25;25;25m██[38;2;25;25;25m██[38;2;25;25;25m██[38;2;25;25;25m██[38;2;25;25;25m██[38;2;25;25;25m██[38;2;25;25;25m██[38;2;25;25;25m██[38;2;25;25;25m██[38;2;16;16;16m██[38;2;183;183;183m██[38;2;183;183;183m██[38;2;183;183;183m██[38;2;183;183;183m██[38;2;25;25;25m██[38;2;25;25;25m██[38;2;25;25;25m██[38;2;25;25;25m██[38;2;25;25;25m██[38;2;25;25;25m██[38;2;16;16;16m██[38;2;242;242;242m██[38;2;242;242;242m██[38;2;183;183;183m██[38;2;25;25;25m██[38;2;16;16;16m██[38;2;16;16;16m██[38;2;238;255;255m██[38;2;97;97;97m██    
    [38;2;16;16;16m██[38;2;25;25;25m██[38;2;25;25;25m██[38;2;25;25;25m██[38;2;25;25;25m██[38;2;25;25;25m██[38;2;25;25;25m██[38;2;25;25;25m██[38;2;16;16;16m██            [38;2;16;16;16m██[38;2;25;25;25m██[38;2;25;25;25m██[38;2;25;25;25m██[38;2;25;25;25m██[38;2;25;25;25m██[38;2;25;25;25m██[38;2;25;25;25m██[38;2;25;25;25m██[38;2;25;25;25m██[38;2;25;25;25m██[38;2;16;16;16m██[38;2;183;183;183m██[38;2;183;183;183m██[38;2;183;183;183m██[38;2;183;183;183m██[38;2;25;25;25m██[38;2;25;25;25m██[38;2;25;25;25m██[38;2;25;25;25m██[38;2;25;25;25m██[38;2;25;25;25m██[38;2;25;25;25m██[38;2;16;16;16m██[38;2;242;242;242m██[38;2;242;242;242m██[38;2;242;242;242m██[38;2;25;25;25m██[38;2;197;74;188m██[38;2;16;16;16m██[38;2;16;16;16m██[38;2;97;97;97m██    
      [38;2;16;16;16m██[38;2;16;16;16m██[38;2;25;25;25m██[38;2;25;25;25m██[38;2;25;25;25m██[38;2;25;25;25m██[38;2;25;25;25m██[38;2;25;25;25m██[38;2;16;16;16m██[38;2;16;16;16m██      [38;2;16;16;16m██[38;2;25;25;25m██[38;2;25;25;25m██[38;2;25;25;25m██[38;2;25;25;25m██[38;2;25;25;25m██[38;2;25;25;25m██[38;2;25;25;25m██[38;2;25;25;25m██[38;2;25;25;25m██[38;2;25;25;25m██[38;2;25;25;25m██[38;2;16;16;16m██[38;2;183;183;183m██[38;2;183;183;183m██[38;2;183;183;183m██[38;2;25;25;25m██[38;2;25;25;25m██[38;2;25;25;25m██[38;2;25;25;25m██[38;2;25;25;25m██[38;2;25;25;25m██[38;2;25;25;25m██[38;2;25;25;25m██[38;2;16;16;16m██[38;2;242;242;242m██[38;2;242;242;242m██[38;2;242;242;242m██[38;2;25;25;25m██[38;2;197;74;188m██[38;2;96;65;123m██[38;2;16;16;16m██[38;2;242;242;242m██[38;2;97;97;97m██  
          [38;2;16;16;16m██[38;2;16;16;16m██[38;2;25;25;25m██[38;2;25;25;25m██[38;2;25;25;25m██[38;2;25;25;25m██[38;2;25;25;25m██[38;2;25;25;25m██[38;2;16;16;16m██[38;2;16;16;16m██[38;2;16;16;16m██[38;2;25;25;25m██[38;2;25;25;25m██[38;2;25;25;25m██[38;2;25;25;25m██[38;2;25;25;25m██[38;2;25;25;25m██[38;2;25;25;25m██[38;2;25;25;25m██[38;2;25;25;25m██[38;2;25;25;25m██[38;2;25;25;25m██[38;2;25;25;25m██[38;2;16;16;16m██[38;2;183;183;183m██[38;2;183;183;183m██[38;2;183;183;183m██[38;2;25;25;25m██[38;2;25;25;25m██[38;2;25;25;25m██[38;2;25;25;25m██[38;2;25;25;25m██[38;2;25;25;25m██[38;2;25;25;25m██[38;2;25;25;25m██[38;2;16;16;16m██[38;2;242;242;242m██[38;2;242;242;242m██[38;2;242;242;242m██[38;2;25;25;25m██[38;2;96;65;123m██[38;2;197;74;188m██[38;2;96;65;123m██[38;2;242;242;242m██[38;2;242;242;242m██[38;2;16;16;16m██
              [38;2;16;16;16m██[38;2;16;16;16m██[38;2;16;16;16m██[38;2;25;25;25m██[38;2;25;25;25m██[38;2;25;25;25m██[38;2;25;25;25m██[38;2;25;25;25m██[38;2;25;25;25m██[38;2;25;25;25m██[38;2;25;25;25m██[38;2;25;25;25m██[38;2;25;25;25m██[38;2;25;25;25m██[38;2;25;25;25m██[38;2;25;25;25m██[38;2;25;25;25m██[38;2;25;25;25m██[38;2;25;25;25m██[38;2;25;25;25m██[38;2;25;25;25m██[38;2;16;16;16m██[38;2;183;183;183m██[38;2;183;183;183m██[38;2;183;183;183m██[38;2;25;25;25m██[38;2;25;25;25m██[38;2;25;25;25m██[38;2;25;25;25m██[38;2;25;25;25m██[38;2;25;25;25m██[38;2;25;25;25m██[38;2;25;25;25m██[38;2;16;16;16m██[38;2;242;242;242m██[38;2;242;242;242m██[38;2;242;242;242m██[38;2;35;35;35m██[38;2;25;25;25m██[38;2;96;65;123m██[38;2;242;242;242m██[38;2;242;242;242m██[38;2;242;242;242m██[38;2;16;16;16m██
                    [38;2;16;16;16m██[38;2;16;16;16m██[38;2;16;16;16m██[38;2;25;25;25m██[38;2;25;25;25m██[38;2;25;25;25m██[38;2;25;25;25m██[38;2;25;25;25m██[38;2;25;25;25m██[38;2;25;25;25m██[38;2;25;25;25m██[38;2;25;25;25m██[38;2;25;25;25m██[38;2;25;25;25m██[38;2;25;25;25m██[38;2;25;25;25m██[38;2;25;25;25m██[38;2;25;25;25m██[38;2;16;16;16m██[38;2;183;183;183m██[38;2;183;183;183m██[38;2;183;183;183m██[38;2;25;25;25m██[38;2;25;25;25m██[38;2;25;25;25m██[38;2;25;25;25m██[38;2;25;25;25m██[38;2;25;25;25m██[38;2;25;25;25m██[38;2;25;25;25m██[38;2;35;35;35m██[38;2;183;183;183m██[38;2;242;242;242m██[38;2;242;242;242m██[38;2;35;35;35m██[38;2;35;35;35m██[38;2;25;25;25m██[38;2;242;242;242m██[38;2;242;242;242m██[38;2;242;242;242m██[38;2;16;16;16m██
                          [38;2;16;16;16m██[38;2;16;16;16m██[38;2;16;16;16m██[38;2;16;16;16m██[38;2;25;25;25m██[38;2;25;25;25m██[38;2;25;25;25m██[38;2;25;25;25m██[38;2;25;25;25m██[38;2;25;25;25m██[38;2;25;25;25m██[38;2;25;25;25m██[38;2;25;25;25m██[38;2;25;25;25m██[38;2;25;25;25m██[38;2;16;16;16m██[38;2;183;183;183m██[38;2;183;183;183m██[38;2;183;183;183m██[38;2;25;25;25m██[38;2;25;25;25m██[38;2;25;25;25m██[38;2;25;25;25m██[38;2;25;25;25m██[38;2;25;25;25m██[38;2;25;25;25m██[38;2;16;16;16m██[38;2;35;35;35m██[38;2;183;183;183m██[38;2;183;183;183m██[38;2;242;242;242m██[38;2;35;35;35m██[38;2;35;35;35m██[38;2;35;35;35m██[38;2;97;97;97m██[38;2;242;242;242m██[38;2;97;97;97m██[38;2;16;16;16m██
                                  [38;2;16;16;16m██[38;2;25;25;25m██[38;2;25;25;25m██[38;2;25;25;25m██[38;2;25;25;25m██[38;2;25;25;25m██[38;2;25;25;25m██[38;2;25;25;25m██[38;2;25;25;25m██[38;2;25;25;25m██[38;2;25;25;25m██[38;2;16;16;16m██[38;2;183;183;183m██[38;2;183;183;183m██[38;2;183;183;183m██[38;2;183;183;183m██[38;2;25;25;25m██[38;2;97;97;97m██[38;2;97;97;97m██[38;2;25;25;25m██[38;2;25;25;25m██[38;2;25;25;25m██[38;2;16;16;16m██[38;2;35;35;35m██[38;2;183;183;183m██[38;2;183;183;183m██[38;2;183;183;183m██[38;2;25;25;25m██[38;2;35;35;35m██[38;2;35;35;35m██[38;2;242;242;242m██[38;2;16;16;16m██[38;2;16;16;16m██  
                                    [38;2;16;16;16m██[38;2;25;25;25m██[38;2;25;25;25m██[38;2;25;25;25m██[38;2;25;25;25m██[38;2;25;25;25m██[38;2;25;25;25m██[38;2;25;25;25m██[38;2;25;25;25m██[38;2;25;25;25m██[38;2;25;25;25m██[38;2;97;97;97m██[38;2;183;183;183m██[38;2;183;183;183m██[38;2;183;183;183m██[38;2;97;97;97m██[38;2;183;183;183m██[38;2;97;97;97m██[38;2;25;25;25m██[38;2;25;25;25m██[38;2;25;25;25m██[38;2;16;16;16m██[38;2;35;35;35m██[38;2;183;183;183m██[38;2;183;183;183m██[38;2;183;183;183m██[38;2;25;25;25m██[38;2;25;25;25m██[38;2;183;183;183m██[38;2;183;183;183m██[38;2;16;16;16m██    
                                      [38;2;16;16;16m██[38;2;25;25;25m██[38;2;25;25;25m██[38;2;25;25;25m██[38;2;25;25;25m██[38;2;25;25;25m██[38;2;25;25;25m██[38;2;25;25;25m██[38;2;25;25;25m██[38;2;25;25;25m██[38;2;16;16;16m██[38;2;183;183;183m██[38;2;183;183;183m██[38;2;183;183;183m██[38;2;183;183;183m██[38;2;183;183;183m██[38;2;97;97;97m██[38;2;25;25;25m██[38;2;25;25;25m██[38;2;16;16;16m██[38;2;35;35;35m██[38;2;183;183;183m██[38;2;183;183;183m██[38;2;183;183;183m██[38;2;25;25;25m██[38;2;25;25;25m██[38;2;25;25;25m██[38;2;183;183;183m██[38;2;16;16;16m██      
                                    [38;2;16;16;16m██[38;2;183;183;183m██[38;2;16;16;16m██[38;2;25;25;25m██[38;2;25;25;25m██[38;2;25;25;25m██[38;2;25;25;25m██[38;2;25;25;25m██[38;2;25;25;25m██[38;2;25;25;25m██[38;2;25;25;25m██[38;2;25;25;25m██[38;2;16;16;16m██[38;2;183;183;183m██[38;2;183;183;183m██[38;2;183;183;183m██[38;2;183;183;183m██[38;2;97;97;97m██[38;2;25;25;25m██[38;2;25;25;25m██[38;2;16;16;16m██[38;2;35;35;35m██[38;2;183;183;183m██[38;2;183;183;183m██[38;2;183;183;183m██[38;2;25;25;25m██[38;2;25;25;25m██[38;2;183;183;183m██[38;2;16;16;16m██        
                                [38;2;16;16;16m██[38;2;16;16;16m██[38;2;183;183;183m██[38;2;183;183;183m██[38;2;183;183;183m██[38;2;16;16;16m██[38;2;16;16;16m██[38;2;25;25;25m██[38;2;25;25;25m██[38;2;25;25;25m██[38;2;25;25;25m██[38;2;25;25;25m██[38;2;25;25;25m██[38;2;25;25;25m██[38;2;25;25;25m██[38;2;16;16;16m██[38;2;16;16;16m██[38;2;183;183;183m██[38;2;183;183;183m██[38;2;183;183;183m██[38;2;183;183;183m██[38;2;97;97;97m██[38;2;16;16;16m██[38;2;35;35;35m██[38;2;183;183;183m██[38;2;183;183;183m██[38;2;183;183;183m██[38;2;25;25;25m██[38;2;16;16;16m██[38;2;16;16;16m██          
                              [38;2;16;16;16m██[38;2;183;183;183m██[38;2;183;183;183m██[38;2;183;183;183m██[38;2;183;183;183m██[38;2;183;183;183m██[38;2;183;183;183m██[38;2;16;16;16m██[38;2;16;16;16m██[38;2;16;16;16m██[38;2;25;25;25m██[38;2;25;25;25m██[38;2;25;25;25m██[38;2;25;25;25m██[38;2;25;25;25m██[38;2;25;25;25m██[38;2;25;25;25m██[38;2;25;25;25m██[38;2;16;16;16m██[38;2;97;97;97m██[38;2;183;183;183m██[38;2;183;183;183m██[38;2;16;16;16m██[38;2;16;16;16m██[38;2;183;183;183m██[38;2;183;183;183m██[38;2;183;183;183m██[38;2;16;16;16m██[38;2;16;16;16m██              
                              [38;2;16;16;16m██[38;2;97;97;97m██[38;2;183;183;183m██[38;2;183;183;183m██[38;2;183;183;183m██[38;2;16;16;16m██[38;2;16;16;16m██      [38;2;16;16;16m██[38;2;16;16;16m██[38;2;16;16;16m██[38;2;25;25;25m██[38;2;25;25;25m██[38;2;25;25;25m██[38;2;25;25;25m██[38;2;25;25;25m██[38;2;16;16;16m██[38;2;183;183;183m██[38;2;183;183;183m██[38;2;183;183;183m██[38;2;16;16;16m██[38;2;25;25;25m██[38;2;183;183;183m██[38;2;16;16;16m██[38;2;16;16;16m██                  
                                [38;2;16;16;16m██[38;2;16;16;16m██[38;2;16;16;16m██[38;2;16;16;16m██                [38;2;16;16;16m██[38;2;16;16;16m██[38;2;25;25;25m██[38;2;25;25;25m██[38;2;16;16;16m██[38;2;183;183;183m██[38;2;183;183;183m██[38;2;183;183;183m██[38;2;16;16;16m██[38;2;16;16;16m██[38;2;16;16;16m██[38;2;16;16;16m██                      
                                                            [38;2;16;16;16m██[38;2;25;25;25m██[38;2;97;97;97m██[38;2;183;183;183m██[38;2;183;183;183m██[38;2;183;183;183m██[38;2;16;16;16m██[38;2;35;35;35m██[38;2;183;183;183m██[38;2;183;183;183m██[38;2;97;97;97m██[38;2;16;16;16m██[38;2;16;16;16m██                
                                                            [38;2;35;35;35m██[38;2;16;16;16m██[38;2;183;183;183m██[38;2;183;183;183m██[38;2;183;183;183m██[38;2;183;183;183m██[38;2;16;16;16m██[38;2;35;35;35m██[38;2;183;183;183m██[38;2;183;183;183m██[38;2;183;183;183m██[38;2;183;183;183m██[38;2;97;97;97m██[38;2;16;16;16m██              
                                                          [38;2;35;35;35m██[38;2;183;183;183m██[38;2;16;16;16m██[38;2;183;183;183m██[38;2;183;183;183m██[38;2;183;183;183m██[38;2;16;16;16m██    [38;2;16;16;16m██[38;2;183;183;183m██[38;2;183;183;183m██[38;2;183;183;183m██[38;2;183;183;183m██[38;2;183;183;183m██[38;2;16;16;16m██            
                                                          [38;2;35;35;35m██[38;2;183;183;183m██[38;2;16;16;16m██[38;2;183;183;183m██[38;2;183;183;183m██[38;2;183;183;183m██[38;2;16;16;16m██    [38;2;16;16;16m██[38;2;183;183;183m██[38;2;183;183;183m██[38;2;183;183;183m██[38;2;183;183;183m██[38;2;183;183;183m██[38;2;16;16;16m██            
                                                          [38;2;35;35;35m██[38;2;183;183;183m██[38;2;16;16;16m██[38;2;97;97;97m██[38;2;183;183;183m██[38;2;16;16;16m██        [38;2;16;16;16m██[38;2;183;183;183m██[38;2;183;183;183m██[38;2;183;183;183m██[38;2;16;16;16m██              
                                                            [38;2;35;35;35m██[38;2;35;35;35m██[38;2;16;16;16m██[38;2;16;16;16m██            [38;2;16;16;16m██[38;2;16;16;16m██[38;2;16;16;16m██                
