                                                    [38;2;143;143;143m██[38;2;143;143;143m██[38;2;143;143;143m██[38;2;143;143;143m██[38;2;143;143;143m██                                                              
                                                [38;2;184;184;184m██[38;2;184;184;184m██[38;2;235;235;235m██[38;2;235;235;235m██[38;2;216;216;216m██[38;2;216;216;216m██[38;2;216;216;216m██[38;2;143;143;143m██[38;2;16;16;16m██                                                          
                                              [38;2;184;184;184m██[38;2;235;235;235m██[38;2;235;235;235m██[38;2;235;235;235m██[38;2;235;235;235m██[38;2;235;235;235m██[38;2;216;216;216m██[38;2;216;216;216m██[38;2;216;216;216m██[38;2;216;216;216m██[38;2;16;16;16m██                                                        
                                            [38;2;143;143;143m██[38;2;235;235;235m██[38;2;235;235;235m██[38;2;235;235;235m██[38;2;235;235;235m██[38;2;235;235;235m██[38;2;216;216;216m██[38;2;216;216;216m██[38;2;216;216;216m██[38;2;216;216;216m██[38;2;216;216;216m██[38;2;216;216;216m██[38;2;16;16;16m██                                                      
                                          [38;2;143;143;143m██[38;2;216;216;216m██[38;2;216;216;216m██[38;2;235;235;235m██[38;2;235;235;235m██[38;2;216;216;216m██[38;2;216;216;216m██[38;2;216;216;216m██[38;2;216;216;216m██[38;2;143;143;143m██[38;2;143;143;143m██[38;2;184;184;184m██[38;2;216;216;216m██[38;2;16;16;16m██                                                      
                                          [38;2;16;16;16m██[38;2;216;216;216m██[38;2;216;216;216m██[38;2;216;216;216m██[38;2;216;216;216m██[38;2;216;216;216m██[38;2;216;216;216m██[38;2;216;216;216m██[38;2;216;216;216m██[38;2;143;143;143m██[38;2;216;216;216m██[38;2;216;216;216m██[38;2;184;184;184m██[38;2;216;216;216m██[38;2;69;69;69m██                                                    
                                          [38;2;16;16;16m██[38;2;216;216;216m██[38;2;216;216;216m██[38;2;216;216;216m██[38;2;216;216;216m██[38;2;216;216;216m██[38;2;216;216;216m██[38;2;216;216;216m██[38;2;216;216;216m██[38;2;184;184;184m██[38;2;184;184;184m██[38;2;216;216;216m██[38;2;216;216;216m██[38;2;216;216;216m██[38;2;69;69;69m██                                                    
                                            [38;2;143;143;143m██[38;2;216;216;216m██[38;2;216;216;216m██[38;2;216;216;216m██[38;2;216;216;216m██[38;2;216;216;216m██[38;2;216;216;216m██[38;2;216;216;216m██[38;2;216;216;216m██[38;2;16;16;16m██[38;2;143;143;143m██[38;2;216;216;216m██[38;2;69;69;69m██                                                      
                                            [38;2;16;16;16m██[38;2;216;216;216m██[38;2;216;216;216m██[38;2;216;216;216m██[38;2;216;216;216m██[38;2;216;216;216m██[38;2;216;216;216m██[38;2;216;216;216m██[38;2;216;216;216m██[38;2;216;216;216m██[38;2;216;216;216m██[38;2;16;16;16m██[38;2;16;16;16m██[38;2;16;16;16m██                                                    
                                              [38;2;16;16;16m██[38;2;216;216;216m██[38;2;216;216;216m██[38;2;216;216;216m██[38;2;216;216;216m██[38;2;216;216;216m██[38;2;216;216;216m██[38;2;216;216;216m██[38;2;216;216;216m██[38;2;216;216;216m██[38;2;216;216;216m██[38;2;216;216;216m██[38;2;216;216;216m██[38;2;16;16;16m██[38;2;16;16;16m██                                                
                                                [38;2;143;143;143m██[38;2;184;184;184m██[38;2;235;235;235m██[38;2;235;235;235m██[38;2;216;216;216m██[38;2;216;216;216m██[38;2;216;216;216m██[38;2;216;216;216m██[38;2;216;216;216m██[38;2;216;216;216m██[38;2;216;216;216m██[38;2;216;216;216m██[38;2;216;216;216m██[38;2;216;216;216m██[38;2;16;16;16m██[38;2;16;16;16m██                                            
                                              [38;2;143;143;143m██[38;2;216;216;216m██[38;2;235;235;235m██[38;2;235;235;235m██[38;2;235;235;235m██[38;2;235;235;235m██[38;2;216;216;216m██[38;2;216;216;216m██[38;2;216;216;216m██[38;2;216;216;216m██[38;2;216;216;216m██[38;2;216;216;216m██[38;2;216;216;216m██[38;2;216;216;216m██[38;2;216;216;216m██[38;2;216;216;216m██[38;2;184;184;184m██[38;2;16;16;16m██                                          
                                            [38;2;143;143;143m██[38;2;216;216;216m██[38;2;216;216;216m██[38;2;216;216;216m██[38;2;235;235;235m██[38;2;235;235;235m██[38;2;216;216;216m██[38;2;216;216;216m██[38;2;216;216;216m██[38;2;216;216;216m██[38;2;216;216;216m██[38;2;216;216;216m██[38;2;216;216;216m██[38;2;216;216;216m██[38;2;216;216;216m██[38;2;216;216;216m██[38;2;216;216;216m██[38;2;216;216;216m██[38;2;216;216;216m██[38;2;16;16;16m██                                        
                                          [38;2;143;143;143m██[38;2;216;216;216m██[38;2;184;184;184m██[38;2;216;216;216m██[38;2;216;216;216m██[38;2;216;216;216m██[38;2;216;216;216m██[38;2;216;216;216m██[38;2;216;216;216m██[38;2;216;216;216m██[38;2;216;216;216m██[38;2;216;216;216m██[38;2;216;216;216m██[38;2;216;216;216m██[38;2;216;216;216m██[38;2;216;216;216m██[38;2;216;216;216m██[38;2;216;216;216m██[38;2;216;216;216m██[38;2;216;216;216m██[38;2;216;216;216m██[38;2;16;16;16m██                                      
                                        [38;2;143;143;143m██[38;2;184;184;184m██[38;2;16;16;16m██[38;2;255;255;255m██[38;2;184;184;184m██[38;2;216;216;216m██[38;2;216;216;216m██[38;2;216;216;216m██[38;2;216;216;216m██[38;2;216;216;216m██[38;2;216;216;216m██[38;2;216;216;216m██[38;2;216;216;216m██[38;2;216;216;216m██[38;2;216;216;216m██[38;2;184;184;184m██[38;2;216;216;216m██[38;2;216;216;216m██[38;2;216;216;216m██[38;2;216;216;216m██[38;2;216;216;216m██[38;2;216;216;216m██[38;2;184;184;184m██[38;2;16;16;16m██                                    
                                        [38;2;143;143;143m██[38;2;216;216;216m██[38;2;16;16;16m██[38;2;16;16;16m██[38;2;216;216;216m██[38;2;216;216;216m██[38;2;216;216;216m██[38;2;216;216;216m██[38;2;216;216;216m██[38;2;216;216;216m██[38;2;216;216;216m██[38;2;216;216;216m██[38;2;216;216;216m██[38;2;216;216;216m██[38;2;184;184;184m██[38;2;255;255;255m██[38;2;16;16;16m██[38;2;216;216;216m██[38;2;216;216;216m██[38;2;216;216;216m██[38;2;216;216;216m██[38;2;216;216;216m██[38;2;216;216;216m██[38;2;16;16;16m██                                    
                                      [38;2;143;143;143m██[38;2;216;216;216m██[38;2;216;216;216m██[38;2;216;216;216m██[38;2;216;216;216m██[38;2;216;216;216m██[38;2;216;216;216m██[38;2;216;216;216m██[38;2;216;216;216m██[38;2;216;216;216m██[38;2;216;216;216m██[38;2;216;216;216m██[38;2;216;216;216m██[38;2;216;216;216m██[38;2;216;216;216m██[38;2;216;216;216m██[38;2;16;16;16m██[38;2;16;16;16m██[38;2;216;216;216m██[38;2;216;216;216m██[38;2;216;216;216m██[38;2;216;216;216m██[38;2;216;216;216m██[38;2;216;216;216m██[38;2;216;216;216m██[38;2;16;16;16m██                                  
                                      [38;2;143;143;143m██[38;2;216;216;216m██[38;2;216;216;216m██[38;2;16;16;16m██[38;2;16;16;16m██[38;2;143;143;143m██[38;2;143;143;143m██[38;2;143;143;143m██[38;2;143;143;143m██[38;2;143;143;143m██[38;2;184;184;184m██[38;2;216;216;216m██[38;2;216;216;216m██[38;2;216;216;216m██[38;2;216;216;216m██[38;2;216;216;216m██[38;2;216;216;216m██[38;2;216;216;216m██[38;2;216;216;216m██[38;2;216;216;216m██[38;2;216;216;216m██[38;2;216;216;216m██[38;2;216;216;216m██[38;2;216;216;216m██[38;2;216;216;216m██[38;2;16;16;16m██                                  
                                    [38;2;16;16;16m██[38;2;16;16;16m██[38;2;16;16;16m██[38;2;154;69;76m██[38;2;246;129;98m██[38;2;246;129;98m██[38;2;200;100;100m██[38;2;200;100;100m██[38;2;246;129;98m██[38;2;246;129;98m██[38;2;246;129;98m██[38;2;184;184;184m██[38;2;69;69;69m██[38;2;69;69;69m██[38;2;69;69;69m██[38;2;216;216;216m██[38;2;216;216;216m██[38;2;216;216;216m██[38;2;216;216;216m██[38;2;216;216;216m██[38;2;216;216;216m██[38;2;184;184;184m██[38;2;216;216;216m██[38;2;216;216;216m██[38;2;216;216;216m██[38;2;216;216;216m██[38;2;16;16;16m██                                  
                              [38;2;16;16;16m██[38;2;16;16;16m██[38;2;154;69;76m██[38;2;246;129;98m██[38;2;246;129;98m██[38;2;246;129;98m██[38;2;246;129;98m██[38;2;200;100;100m██[38;2;200;100;100m██[38;2;246;129;98m██[38;2;246;129;98m██[38;2;246;129;98m██[38;2;246;129;98m██[38;2;246;129;98m██[38;2;246;129;98m██[38;2;246;129;98m██[38;2;246;129;98m██[38;2;246;129;98m██[38;2;69;69;69m██[38;2;69;69;69m██[38;2;184;184;184m██[38;2;216;216;216m██[38;2;216;216;216m██[38;2;184;184;184m██[38;2;216;216;216m██[38;2;216;216;216m██[38;2;216;216;216m██[38;2;216;216;216m██[38;2;216;216;216m██[38;2;16;16;16m██                                  
                          [38;2;16;16;16m██[38;2;154;69;76m██[38;2;246;129;98m██[38;2;246;129;98m██[38;2;246;129;98m██[38;2;246;129;98m██[38;2;246;129;98m██[38;2;200;100;100m██[38;2;200;100;100m██[38;2;246;129;98m██[38;2;246;129;98m██[38;2;246;129;98m██[38;2;246;129;98m██[38;2;246;129;98m██[38;2;246;129;98m██[38;2;246;129;98m██[38;2;246;129;98m██[38;2;246;129;98m██[38;2;246;129;98m██[38;2;184;184;184m██[38;2;184;184;184m██[38;2;216;216;216m██[38;2;184;184;184m██[38;2;69;69;69m██[38;2;69;69;69m██[38;2;184;184;184m██[38;2;216;216;216m██[38;2;216;216;216m██[38;2;216;216;216m██[38;2;216;216;216m██[38;2;216;216;216m██[38;2;16;16;16m██                                  
                      [38;2;154;69;76m██[38;2;154;69;76m██[38;2;246;129;98m██[38;2;246;129;98m██[38;2;246;129;98m██[38;2;246;129;98m██[38;2;246;129;98m██[38;2;200;100;100m██[38;2;200;100;100m██[38;2;246;129;98m██[38;2;246;129;98m██[38;2;246;129;98m██[38;2;246;129;98m██[38;2;246;129;98m██[38;2;246;129;98m██[38;2;246;129;98m██[38;2;246;129;98m██[38;2;246;129;98m██[38;2;246;129;98m██[38;2;246;129;98m██[38;2;246;129;98m██[38;2;143;143;143m██[38;2;216;216;216m██[38;2;216;216;216m██[38;2;216;216;216m██[38;2;216;216;216m██[38;2;184;184;184m██[38;2;216;216;216m██[38;2;216;216;216m██[38;2;216;216;216m██[38;2;216;216;216m██[38;2;216;216;216m██[38;2;184;184;184m██[38;2;16;16;16m██                                  
                  [38;2;154;69;76m██[38;2;154;69;76m██[38;2;246;129;98m██[38;2;246;129;98m██[38;2;246;129;98m██[38;2;246;129;98m██[38;2;246;129;98m██[38;2;200;100;100m██[38;2;200;100;100m██[38;2;246;129;98m██[38;2;246;129;98m██[38;2;246;129;98m██[38;2;246;129;98m██[38;2;246;129;98m██[38;2;246;129;98m██[38;2;246;129;98m██[38;2;246;129;98m██[38;2;246;129;98m██[38;2;246;129;98m██[38;2;246;129;98m██[38;2;246;129;98m██[38;2;246;129;98m██[38;2;143;143;143m██[38;2;216;216;216m██[38;2;216;216;216m██[38;2;216;216;216m██[38;2;216;216;216m██[38;2;216;216;216m██[38;2;184;184;184m██[38;2;216;216;216m██[38;2;216;216;216m██[38;2;216;216;216m██[38;2;216;216;216m██[38;2;184;184;184m██[38;2;16;16;16m██                                    
                [38;2;154;69;76m██[38;2;246;129;98m██[38;2;246;129;98m██[38;2;246;129;98m██[38;2;246;129;98m██[38;2;246;129;98m██[38;2;246;129;98m██[38;2;200;100;100m██[38;2;246;129;98m██[38;2;246;129;98m██[38;2;246;129;98m██[38;2;246;129;98m██[38;2;246;129;98m██[38;2;246;129;98m██[38;2;246;129;98m██[38;2;246;129;98m██[38;2;246;129;98m██[38;2;246;129;98m██[38;2;246;129;98m██[38;2;246;129;98m██[38;2;246;129;98m██[38;2;246;129;98m██[38;2;143;143;143m██[38;2;216;216;216m██[38;2;216;216;216m██[38;2;216;216;216m██[38;2;216;216;216m██[38;2;216;216;216m██[38;2;216;216;216m██[38;2;216;216;216m██[38;2;216;216;216m██[38;2;216;216;216m██[38;2;184;184;184m██[38;2;184;184;184m██[38;2;184;184;184m██[38;2;16;16;16m██                                    
              [38;2;154;69;76m██[38;2;246;129;98m██[38;2;246;129;98m██[38;2;246;129;98m██[38;2;246;129;98m██[38;2;246;129;98m██[38;2;246;129;98m██[38;2;200;100;100m██[38;2;246;129;98m██[38;2;246;129;98m██[38;2;246;129;98m██[38;2;246;129;98m██[38;2;246;129;98m██[38;2;246;129;98m██[38;2;246;129;98m██[38;2;246;129;98m██[38;2;246;129;98m██[38;2;246;129;98m██[38;2;246;129;98m██[38;2;246;129;98m██[38;2;246;129;98m██[38;2;246;129;98m██[38;2;16;16;16m██[38;2;216;216;216m██[38;2;216;216;216m██[38;2;216;216;216m██[38;2;216;216;216m██[38;2;216;216;216m██[38;2;216;216;216m██[38;2;216;216;216m██[38;2;184;184;184m██[38;2;184;184;184m██[38;2;184;184;184m██[38;2;184;184;184m██[38;2;184;184;184m██[38;2;16;16;16m██                                      
            [38;2;154;69;76m██[38;2;200;100;100m██[38;2;255;190;154m██[38;2;255;190;154m██[38;2;246;129;98m██[38;2;246;129;98m██[38;2;246;129;98m██[38;2;246;129;98m██[38;2;246;129;98m██[38;2;246;129;98m██[38;2;246;129;98m██[38;2;246;129;98m██[38;2;246;129;98m██[38;2;246;129;98m██[38;2;246;129;98m██[38;2;246;129;98m██[38;2;246;129;98m██[38;2;246;129;98m██[38;2;246;129;98m██[38;2;246;129;98m██[38;2;246;129;98m██[38;2;246;129;98m██[38;2;16;16;16m██[38;2;184;184;184m██[38;2;184;184;184m██[38;2;184;184;184m██[38;2;184;184;184m██[38;2;184;184;184m██[38;2;184;184;184m██[38;2;184;184;184m██[38;2;184;184;184m██[38;2;184;184;184m██[38;2;184;184;184m██[38;2;184;184;184m██[38;2;143;143;143m██[38;2;16;16;16m██                                        
            [38;2;154;69;76m██[38;2;246;129;98m██[38;2;255;190;154m██[38;2;255;190;154m██[38;2;246;129;98m██[38;2;246;129;98m██[38;2;246;129;98m██[38;2;246;129;98m██[38;2;246;129;98m██[38;2;246;129;98m██[38;2;246;129;98m██[38;2;246;129;98m██[38;2;246;129;98m██[38;2;246;129;98m██[38;2;246;129;98m██[38;2;246;129;98m██[38;2;246;129;98m██[38;2;246;129;98m██[38;2;246;129;98m██[38;2;246;129;98m██[38;2;246;129;98m██[38;2;16;16;16m██[38;2;69;69;69m██[38;2;143;143;143m██[38;2;184;184;184m██[38;2;184;184;184m██[38;2;184;184;184m██[38;2;184;184;184m██[38;2;184;184;184m██[38;2;184;184;184m██[38;2;184;184;184m██[38;2;184;184;184m██[38;2;184;184;184m██[38;2;184;184;184m██[38;2;184;184;184m██[38;2;184;184;184m██[38;2;69;69;69m██                                      
          [38;2;154;69;76m██[38;2;200;100;100m██[38;2;246;129;98m██[38;2;246;129;98m██[38;2;246;129;98m██[38;2;246;129;98m██[38;2;246;129;98m██[38;2;246;129;98m██[38;2;246;129;98m██[38;2;246;129;98m██[38;2;246;129;98m██[38;2;246;129;98m██[38;2;246;129;98m██[38;2;246;129;98m██[38;2;246;129;98m██[38;2;246;129;98m██[38;2;246;129;98m██[38;2;246;129;98m██[38;2;246;129;98m██[38;2;246;129;98m██[38;2;200;100;100m██[38;2;16;16;16m██[38;2;189;93;189m██[38;2;189;93;189m██[38;2;143;143;143m██[38;2;69;69;69m██[38;2;69;69;69m██[38;2;69;69;69m██[38;2;69;69;69m██[38;2;143;143;143m██[38;2;143;143;143m██[38;2;143;143;143m██[38;2;189;93;189m██[38;2;189;93;189m██[38;2;184;184;184m██[38;2;184;184;184m██[38;2;184;184;184m██[38;2;184;184;184m██[38;2;69;69;69m██                                    
          [38;2;16;16;16m██[38;2;200;100;100m██[38;2;200;100;100m██[38;2;246;129;98m██[38;2;246;129;98m██[38;2;246;129;98m██[38;2;246;129;98m██[38;2;246;129;98m██[38;2;246;129;98m██[38;2;246;129;98m██[38;2;246;129;98m██[38;2;246;129;98m██[38;2;246;129;98m██[38;2;246;129;98m██[38;2;246;129;98m██[38;2;246;129;98m██[38;2;246;129;98m██[38;2;246;129;98m██[38;2;200;100;100m██[38;2;16;16;16m██[38;2;189;93;189m██[38;2;189;93;189m██[38;2;189;93;189m██[38;2;189;93;189m██[38;2;189;93;189m██[38;2;189;93;189m██[38;2;189;93;189m██[38;2;189;93;189m██[38;2;115;115;115m██[38;2;115;115;115m██[38;2;189;93;189m██[38;2;189;93;189m██[38;2;189;93;189m██[38;2;184;184;184m██[38;2;184;184;184m██[38;2;184;184;184m██[38;2;184;184;184m██[38;2;184;184;184m██[38;2;216;216;216m██[38;2;69;69;69m██                                  
      [38;2;115;115;115m██[38;2;115;115;115m██[38;2;16;16;16m██[38;2;200;100;100m██[38;2;200;100;100m██[38;2;200;100;100m██[38;2;246;129;98m██[38;2;246;129;98m██[38;2;246;129;98m██[38;2;246;129;98m██[38;2;246;129;98m██[38;2;246;129;98m██[38;2;246;129;98m██[38;2;246;129;98m██[38;2;246;129;98m██[38;2;246;129;98m██[38;2;246;129;98m██[38;2;246;129;98m██[38;2;246;129;98m██[38;2;16;16;16m██[38;2;16;16;16m██[38;2;189;93;189m██[38;2;189;93;189m██[38;2;189;93;189m██[38;2;189;93;189m██[38;2;189;93;189m██[38;2;189;93;189m██[38;2;16;16;16m██[38;2;16;16;16m██[38;2;16;16;16m██[38;2;213;205;222m██[38;2;206;135;207m██[38;2;115;115;115m██[38;2;189;93;189m██[38;2;184;184;184m██[38;2;184;184;184m██[38;2;184;184;184m██[38;2;184;184;184m██[38;2;184;184;184m██[38;2;216;216;216m██[38;2;216;216;216m██[38;2;216;216;216m██[38;2;69;69;69m██                                
    [38;2;115;115;115m██[38;2;189;93;189m██[38;2;206;135;207m██[38;2;16;16;16m██[38;2;200;100;100m██[38;2;200;100;100m██[38;2;200;100;100m██[38;2;200;100;100m██[38;2;200;100;100m██[38;2;200;100;100m██[38;2;246;129;98m██[38;2;246;129;98m██[38;2;246;129;98m██[38;2;246;129;98m██[38;2;246;129;98m██[38;2;246;129;98m██[38;2;246;129;98m██[38;2;200;100;100m██[38;2;16;16;16m██[38;2;16;16;16m██[38;2;189;93;189m██[38;2;189;93;189m██[38;2;189;93;189m██[38;2;189;93;189m██[38;2;189;93;189m██[38;2;189;93;189m██[38;2;189;93;189m██[38;2;16;16;16m██[38;2;184;184;184m██[38;2;216;216;216m██[38;2;216;216;216m██[38;2;216;216;216m██[38;2;216;216;216m██[38;2;184;184;184m██[38;2;16;16;16m██[38;2;184;184;184m██[38;2;184;184;184m██[38;2;184;184;184m██[38;2;216;216;216m██[38;2;216;216;216m██[38;2;216;216;216m██[38;2;216;216;216m██[38;2;216;216;216m██[38;2;216;216;216m██[38;2;69;69;69m██                              
  [38;2;143;143;143m██[38;2;115;115;115m██[38;2;206;135;207m██[38;2;115;115;115m██[38;2;216;216;216m██[38;2;16;16;16m██[38;2;200;100;100m██[38;2;200;100;100m██[38;2;200;100;100m██[38;2;200;100;100m██[38;2;200;100;100m██[38;2;200;100;100m██[38;2;200;100;100m██[38;2;200;100;100m██[38;2;200;100;100m██[38;2;200;100;100m██[38;2;16;16;16m██[38;2;16;16;16m██[38;2;16;16;16m██[38;2;206;135;207m██[38;2;206;135;207m██[38;2;206;135;207m██[38;2;189;93;189m██[38;2;189;93;189m██[38;2;189;93;189m██[38;2;189;93;189m██[38;2;189;93;189m██[38;2;16;16;16m██[38;2;184;184;184m██[38;2;216;216;216m██[38;2;216;216;216m██[38;2;216;216;216m██[38;2;216;216;216m██[38;2;216;216;216m██[38;2;216;216;216m██[38;2;216;216;216m██[38;2;16;16;16m██[38;2;16;16;16m██[38;2;216;216;216m██[38;2;216;216;216m██[38;2;216;216;216m██[38;2;216;216;216m██[38;2;216;216;216m██[38;2;216;216;216m██[38;2;216;216;216m██[38;2;143;143;143m██[38;2;143;143;143m██                            
[38;2;69;69;69m██[38;2;216;216;216m██[38;2;216;216;216m██[38;2;216;216;216m██[38;2;216;216;216m██[38;2;216;216;216m██[38;2;216;216;216m██[38;2;16;16;16m██[38;2;154;69;76m██[38;2;200;100;100m██[38;2;200;100;100m██[38;2;200;100;100m██[38;2;200;100;100m██[38;2;200;100;100m██[38;2;16;16;16m██[38;2;16;16;16m██[38;2;16;16;16m██[38;2;206;135;207m██[38;2;206;135;207m██[38;2;206;135;207m██[38;2;206;135;207m██[38;2;206;135;207m██[38;2;206;135;207m██[38;2;206;135;207m██[38;2;206;135;207m██[38;2;206;135;207m██[38;2;189;93;189m██[38;2;189;93;189m██[38;2;16;16;16m██[38;2;216;216;216m██[38;2;216;216;216m██[38;2;216;216;216m██[38;2;216;216;216m██[38;2;216;216;216m██[38;2;216;216;216m██[38;2;216;216;216m██[38;2;216;216;216m██[38;2;216;216;216m██[38;2;184;184;184m██[38;2;16;16;16m██[38;2;184;184;184m██[38;2;184;184;184m██[38;2;216;216;216m██[38;2;216;216;216m██[38;2;216;216;216m██[38;2;216;216;216m██[38;2;216;216;216m██[38;2;69;69;69m██                            
[38;2;69;69;69m██[38;2;216;216;216m██[38;2;216;216;216m██[38;2;216;216;216m██[38;2;216;216;216m██[38;2;216;216;216m██[38;2;216;216;216m██[38;2;216;216;216m██[38;2;184;184;184m██[38;2;16;16;16m██[38;2;16;16;16m██[38;2;16;16;16m██[38;2;16;16;16m██[38;2;16;16;16m██[38;2;216;216;216m██[38;2;206;135;207m██[38;2;206;135;207m██[38;2;206;135;207m██[38;2;206;135;207m██[38;2;206;135;207m██[38;2;206;135;207m██[38;2;206;135;207m██[38;2;206;135;207m██[38;2;206;135;207m██[38;2;206;135;207m██[38;2;206;135;207m██[38;2;206;135;207m██[38;2;206;135;207m██[38;2;16;16;16m██[38;2;216;216;216m██[38;2;216;216;216m██[38;2;216;216;216m██[38;2;216;216;216m██[38;2;216;216;216m██[38;2;216;216;216m██[38;2;216;216;216m██[38;2;216;216;216m██[38;2;216;216;216m██[38;2;216;216;216m██[38;2;216;216;216m██[38;2;143;143;143m██[38;2;216;216;216m██[38;2;216;216;216m██[38;2;216;216;216m██[38;2;216;216;216m██[38;2;216;216;216m██[38;2;216;216;216m██[38;2;216;216;216m██[38;2;69;69;69m██                          
  [38;2;69;69;69m██[38;2;216;216;216m██[38;2;216;216;216m██[38;2;216;216;216m██[38;2;216;216;216m██[38;2;184;184;184m██[38;2;184;184;184m██[38;2;184;184;184m██[38;2;184;184;184m██[38;2;184;184;184m██[38;2;69;69;69m██[38;2;216;216;216m██[38;2;216;216;216m██[38;2;216;216;216m██[38;2;206;135;207m██[38;2;206;135;207m██[38;2;206;135;207m██[38;2;206;135;207m██[38;2;206;135;207m██[38;2;206;135;207m██[38;2;206;135;207m██[38;2;206;135;207m██[38;2;206;135;207m██[38;2;206;135;207m██[38;2;206;135;207m██[38;2;206;135;207m██[38;2;206;135;207m██[38;2;206;135;207m██[38;2;16;16;16m██[38;2;216;216;216m██[38;2;216;216;216m██[38;2;216;216;216m██[38;2;216;216;216m██[38;2;216;216;216m██[38;2;216;216;216m██[38;2;216;216;216m██[38;2;216;216;216m██[38;2;216;216;216m██[38;2;216;216;216m██[38;2;216;216;216m██[38;2;184;184;184m██[38;2;216;216;216m██[38;2;216;216;216m██[38;2;216;216;216m██[38;2;216;216;216m██[38;2;216;216;216m██[38;2;216;216;216m██[38;2;69;69;69m██                          
    [38;2;69;69;69m██[38;2;69;69;69m██[38;2;184;184;184m██[38;2;184;184;184m██[38;2;184;184;184m██[38;2;184;184;184m██[38;2;184;184;184m██[38;2;184;184;184m██[38;2;69;69;69m██[38;2;216;216;216m██[38;2;216;216;216m██[38;2;216;216;216m██[38;2;206;135;207m██[38;2;206;135;207m██[38;2;206;135;207m██[38;2;216;216;216m██[38;2;206;135;207m██[38;2;206;135;207m██[38;2;206;135;207m██[38;2;206;135;207m██[38;2;206;135;207m██[38;2;206;135;207m██[38;2;206;135;207m██[38;2;206;135;207m██[38;2;206;135;207m██[38;2;206;135;207m██[38;2;206;135;207m██[38;2;16;16;16m██[38;2;216;216;216m██[38;2;216;216;216m██[38;2;216;216;216m██[38;2;216;216;216m██[38;2;216;216;216m██[38;2;216;216;216m██[38;2;216;216;216m██[38;2;216;216;216m██[38;2;216;216;216m██[38;2;216;216;216m██[38;2;216;216;216m██[38;2;216;216;216m██[38;2;216;216;216m██[38;2;216;216;216m██[38;2;216;216;216m██[38;2;216;216;216m██[38;2;216;216;216m██[38;2;216;216;216m██[38;2;216;216;216m██[38;2;69;69;69m██                        
        [38;2;69;69;69m██[38;2;69;69;69m██[38;2;143;143;143m██[38;2;184;184;184m██[38;2;184;184;184m██[38;2;184;184;184m██[38;2;16;16;16m██[38;2;216;216;216m██[38;2;216;216;216m██[38;2;216;216;216m██[38;2;206;135;207m██[38;2;216;216;216m██[38;2;216;216;216m██[38;2;216;216;216m██[38;2;216;216;216m██[38;2;206;135;207m██[38;2;206;135;207m██[38;2;206;135;207m██[38;2;206;135;207m██[38;2;206;135;207m██[38;2;206;135;207m██[38;2;216;216;216m██[38;2;206;135;207m██[38;2;206;135;207m██[38;2;206;135;207m██[38;2;206;135;207m██[38;2;16;16;16m██[38;2;216;216;216m██[38;2;216;216;216m██[38;2;216;216;216m██[38;2;216;216;216m██[38;2;216;216;216m██[38;2;216;216;216m██[38;2;216;216;216m██[38;2;216;216;216m██[38;2;216;216;216m██[38;2;216;216;216m██[38;2;216;216;216m██[38;2;216;216;216m██[38;2;216;216;216m██[38;2;216;216;216m██[38;2;216;216;216m██[38;2;216;216;216m██[38;2;216;216;216m██[38;2;216;216;216m██[38;2;69;69;69m██                        
              [38;2;143;143;143m██[38;2;143;143;143m██[38;2;16;16;16m██[38;2;216;216;216m██[38;2;216;216;216m██[38;2;216;216;216m██[38;2;216;216;216m██[38;2;216;216;216m██[38;2;216;216;216m██[38;2;216;216;216m██[38;2;216;216;216m██[38;2;216;216;216m██[38;2;206;135;207m██[38;2;206;135;207m██[38;2;206;135;207m██[38;2;206;135;207m██[38;2;216;216;216m██[38;2;216;216;216m██[38;2;216;216;216m██[38;2;206;135;207m██[38;2;206;135;207m██[38;2;206;135;207m██[38;2;206;135;207m██[38;2;206;135;207m██[38;2;69;69;69m██[38;2;216;216;216m██[38;2;216;216;216m██[38;2;216;216;216m██[38;2;216;216;216m██[38;2;216;216;216m██[38;2;216;216;216m██[38;2;216;216;216m██[38;2;216;216;216m██[38;2;216;216;216m██[38;2;216;216;216m██[38;2;216;216;216m██[38;2;216;216;216m██[38;2;216;216;216m██[38;2;216;216;216m██[38;2;216;216;216m██[38;2;216;216;216m██[38;2;216;216;216m██[38;2;216;216;216m██[38;2;69;69;69m██                      
                  [38;2;16;16;16m██[38;2;216;216;216m██[38;2;216;216;216m██[38;2;216;216;216m██[38;2;216;216;216m██[38;2;216;216;216m██[38;2;216;216;216m██[38;2;216;216;216m██[38;2;216;216;216m██[38;2;216;216;216m██[38;2;216;216;216m██[38;2;206;135;207m██[38;2;216;216;216m██[38;2;216;216;216m██[38;2;216;216;216m██[38;2;216;216;216m██[38;2;216;216;216m██[38;2;216;216;216m██[38;2;206;135;207m██[38;2;206;135;207m██[38;2;206;135;207m██[38;2;216;216;216m██[38;2;216;216;216m██[38;2;69;69;69m██[38;2;69;69;69m██[38;2;216;216;216m██[38;2;216;216;216m██[38;2;216;216;216m██[38;2;216;216;216m██[38;2;216;216;216m██[38;2;216;216;216m██[38;2;216;216;216m██[38;2;216;216;216m██[38;2;216;216;216m██[38;2;216;216;216m██[38;2;216;216;216m██[38;2;216;216;216m██[38;2;216;216;216m██[38;2;216;216;216m██[38;2;216;216;216m██[38;2;216;216;216m██[38;2;69;69;69m██                      
                [38;2;16;16;16m██[38;2;216;216;216m██[38;2;216;216;216m██[38;2;216;216;216m██[38;2;216;216;216m██[38;2;216;216;216m██[38;2;216;216;216m██[38;2;216;216;216m██[38;2;216;216;216m██[38;2;216;216;216m██[38;2;216;216;216m██[38;2;216;216;216m██[38;2;216;216;216m██[38;2;216;216;216m██[38;2;216;216;216m██[38;2;216;216;216m██[38;2;216;216;216m██[38;2;216;216;216m██[38;2;216;216;216m██[38;2;216;216;216m██[38;2;206;135;207m██[38;2;206;135;207m██[38;2;216;216;216m██[38;2;216;216;216m██[38;2;216;216;216m██[38;2;216;216;216m██[38;2;69;69;69m██[38;2;69;69;69m██[38;2;184;184;184m██[38;2;216;216;216m██[38;2;216;216;216m██[38;2;216;216;216m██[38;2;216;216;216m██[38;2;216;216;216m██[38;2;216;216;216m██[38;2;216;216;216m██[38;2;216;216;216m██[38;2;216;216;216m██[38;2;216;216;216m██[38;2;216;216;216m██[38;2;216;216;216m██[38;2;216;216;216m██[38;2;69;69;69m██                      
                [38;2;16;16;16m██[38;2;216;216;216m██[38;2;216;216;216m██[38;2;216;216;216m██[38;2;216;216;216m██[38;2;216;216;216m██[38;2;216;216;216m██[38;2;216;216;216m██[38;2;216;216;216m██[38;2;216;216;216m██[38;2;216;216;216m██[38;2;216;216;216m██[38;2;216;216;216m██[38;2;216;216;216m██[38;2;216;216;216m██[38;2;216;216;216m██[38;2;216;216;216m██[38;2;216;216;216m██[38;2;216;216;216m██[38;2;216;216;216m██[38;2;206;135;207m██[38;2;216;216;216m██[38;2;216;216;216m██[38;2;216;216;216m██[38;2;216;216;216m██[38;2;216;216;216m██[38;2;216;216;216m██[38;2;216;216;216m██[38;2;143;143;143m██[38;2;143;143;143m██[38;2;143;143;143m██[38;2;184;184;184m██[38;2;216;216;216m██[38;2;216;216;216m██[38;2;216;216;216m██[38;2;216;216;216m██[38;2;216;216;216m██[38;2;216;216;216m██[38;2;216;216;216m██[38;2;216;216;216m██[38;2;216;216;216m██[38;2;216;216;216m██[38;2;69;69;69m██                      
                [38;2;69;69;69m██[38;2;216;216;216m██[38;2;216;216;216m██[38;2;216;216;216m██[38;2;216;216;216m██[38;2;216;216;216m██[38;2;206;135;207m██[38;2;216;216;216m██[38;2;216;216;216m██[38;2;216;216;216m██[38;2;216;216;216m██[38;2;216;216;216m██[38;2;216;216;216m██[38;2;216;216;216m██[38;2;216;216;216m██[38;2;216;216;216m██[38;2;216;216;216m██[38;2;216;216;216m██[38;2;216;216;216m██[38;2;216;216;216m██[38;2;216;216;216m██[38;2;216;216;216m██[38;2;216;216;216m██[38;2;216;216;216m██[38;2;216;216;216m██[38;2;216;216;216m██[38;2;216;216;216m██[38;2;216;216;216m██[38;2;216;216;216m██[38;2;216;216;216m██[38;2;216;216;216m██[38;2;216;216;216m██[38;2;216;216;216m██[38;2;216;216;216m██[38;2;216;216;216m██[38;2;216;216;216m██[38;2;216;216;216m██[38;2;216;216;216m██[38;2;216;216;216m██[38;2;216;216;216m██[38;2;216;216;216m██[38;2;216;216;216m██[38;2;216;216;216m██[38;2;16;16;16m██                    
              [38;2;143;143;143m██[38;2;216;216;216m██[38;2;216;216;216m██[38;2;216;216;216m██[38;2;216;216;216m██[38;2;216;216;216m██[38;2;206;135;207m██[38;2;206;135;207m██[38;2;206;135;207m██[38;2;216;216;216m██[38;2;216;216;216m██[38;2;216;216;216m██[38;2;216;216;216m██[38;2;216;216;216m██[38;2;216;216;216m██[38;2;216;216;216m██[38;2;206;135;207m██[38;2;206;135;207m██[38;2;216;216;216m██[38;2;216;216;216m██[38;2;216;216;216m██[38;2;216;216;216m██[38;2;216;216;216m██[38;2;216;216;216m██[38;2;216;216;216m██[38;2;216;216;216m██[38;2;216;216;216m██[38;2;216;216;216m██[38;2;216;216;216m██[38;2;216;216;216m██[38;2;216;216;216m██[38;2;216;216;216m██[38;2;216;216;216m██[38;2;216;216;216m██[38;2;216;216;216m██[38;2;216;216;216m██[38;2;216;216;216m██[38;2;216;216;216m██[38;2;216;216;216m██[38;2;216;216;216m██[38;2;216;216;216m██[38;2;216;216;216m██[38;2;216;216;216m██[38;2;216;216;216m██[38;2;16;16;16m██                    
              [38;2;143;143;143m██[38;2;216;216;216m██[38;2;216;216;216m██[38;2;216;216;216m██[38;2;216;216;216m██[38;2;216;216;216m██[38;2;206;135;207m██[38;2;206;135;207m██[38;2;206;135;207m██[38;2;206;135;207m██[38;2;216;216;216m██[38;2;216;216;216m██[38;2;216;216;216m██[38;2;216;216;216m██[38;2;206;135;207m██[38;2;206;135;207m██[38;2;206;135;207m██[38;2;206;135;207m██[38;2;206;135;207m██[38;2;216;216;216m██[38;2;216;216;216m██[38;2;216;216;216m██[38;2;216;216;216m██[38;2;216;216;216m██[38;2;216;216;216m██[38;2;216;216;216m██[38;2;216;216;216m██[38;2;216;216;216m██[38;2;216;216;216m██[38;2;216;216;216m██[38;2;216;216;216m██[38;2;216;216;216m██[38;2;216;216;216m██[38;2;216;216;216m██[38;2;216;216;216m██[38;2;216;216;216m██[38;2;216;216;216m██[38;2;216;216;216m██[38;2;216;216;216m██[38;2;216;216;216m██[38;2;216;216;216m██[38;2;216;216;216m██[38;2;216;216;216m██[38;2;216;216;216m██[38;2;16;16;16m██                    
              [38;2;143;143;143m██[38;2;216;216;216m██[38;2;216;216;216m██[38;2;216;216;216m██[38;2;216;216;216m██[38;2;216;216;216m██[38;2;216;216;216m██[38;2;206;135;207m██[38;2;206;135;207m██[38;2;206;135;207m██[38;2;206;135;207m██[38;2;206;135;207m██[38;2;206;135;207m██[38;2;206;135;207m██[38;2;206;135;207m██[38;2;206;135;207m██[38;2;206;135;207m██[38;2;206;135;207m██[38;2;206;135;207m██[38;2;216;216;216m██[38;2;216;216;216m██[38;2;216;216;216m██[38;2;216;216;216m██[38;2;216;216;216m██[38;2;216;216;216m██[38;2;216;216;216m██[38;2;216;216;216m██[38;2;216;216;216m██[38;2;216;216;216m██[38;2;216;216;216m██[38;2;216;216;216m██[38;2;216;216;216m██[38;2;216;216;216m██[38;2;216;216;216m██[38;2;216;216;216m██[38;2;216;216;216m██[38;2;216;216;216m██[38;2;216;216;216m██[38;2;216;216;216m██[38;2;216;216;216m██[38;2;216;216;216m██[38;2;216;216;216m██[38;2;216;216;216m██[38;2;216;216;216m██[38;2;16;16;16m██                    
              [38;2;143;143;143m██[38;2;216;216;216m██[38;2;216;216;216m██[38;2;216;216;216m██[38;2;216;216;216m██[38;2;216;216;216m██[38;2;216;216;216m██[38;2;216;216;216m██[38;2;206;135;207m██[38;2;206;135;207m██[38;2;206;135;207m██[38;2;206;135;207m██[38;2;206;135;207m██[38;2;206;135;207m██[38;2;206;135;207m██[38;2;206;135;207m██[38;2;206;135;207m██[38;2;206;135;207m██[38;2;216;216;216m██[38;2;216;216;216m██[38;2;216;216;216m██[38;2;216;216;216m██[38;2;216;216;216m██[38;2;216;216;216m██[38;2;216;216;216m██[38;2;216;216;216m██[38;2;216;216;216m██[38;2;216;216;216m██[38;2;216;216;216m██[38;2;216;216;216m██[38;2;216;216;216m██[38;2;216;216;216m██[38;2;216;216;216m██[38;2;216;216;216m██[38;2;216;216;216m██[38;2;216;216;216m██[38;2;216;216;216m██[38;2;216;216;216m██[38;2;216;216;216m██[38;2;216;216;216m██[38;2;216;216;216m██[38;2;216;216;216m██[38;2;216;216;216m██[38;2;216;216;216m██[38;2;16;16;16m██    [38;2;69;69;69m██[38;2;69;69;69m██[38;2;69;69;69m██[38;2;69;69;69m██        
              [38;2;143;143;143m██[38;2;216;216;216m██[38;2;216;216;216m██[38;2;216;216;216m██[38;2;216;216;216m██[38;2;216;216;216m██[38;2;216;216;216m██[38;2;216;216;216m██[38;2;216;216;216m██[38;2;216;216;216m██[38;2;206;135;207m██[38;2;206;135;207m██[38;2;206;135;207m██[38;2;206;135;207m██[38;2;206;135;207m██[38;2;216;216;216m██[38;2;216;216;216m██[38;2;216;216;216m██[38;2;216;216;216m██[38;2;216;216;216m██[38;2;216;216;216m██[38;2;216;216;216m██[38;2;216;216;216m██[38;2;216;216;216m██[38;2;216;216;216m██[38;2;216;216;216m██[38;2;216;216;216m██[38;2;216;216;216m██[38;2;216;216;216m██[38;2;216;216;216m██[38;2;216;216;216m██[38;2;216;216;216m██[38;2;216;216;216m██[38;2;216;216;216m██[38;2;216;216;216m██[38;2;216;216;216m██[38;2;216;216;216m██[38;2;216;216;216m██[38;2;216;216;216m██[38;2;216;216;216m██[38;2;216;216;216m██[38;2;216;216;216m██[38;2;216;216;216m██[38;2;184;184;184m██[38;2;16;16;16m██[38;2;69;69;69m██[38;2;69;69;69m██[38;2;184;184;184m██[38;2;184;184;184m██[38;2;184;184;184m██[38;2;184;184;184m██[38;2;69;69;69m██[38;2;69;69;69m██    
              [38;2;143;143;143m██[38;2;216;216;216m██[38;2;216;216;216m██[38;2;216;216;216m██[38;2;216;216;216m██[38;2;216;216;216m██[38;2;206;135;207m██[38;2;216;216;216m██[38;2;216;216;216m██[38;2;216;216;216m██[38;2;216;216;216m██[38;2;216;216;216m██[38;2;216;216;216m██[38;2;216;216;216m██[38;2;216;216;216m██[38;2;216;216;216m██[38;2;216;216;216m██[38;2;216;216;216m██[38;2;216;216;216m██[38;2;216;216;216m██[38;2;216;216;216m██[38;2;216;216;216m██[38;2;216;216;216m██[38;2;216;216;216m██[38;2;216;216;216m██[38;2;216;216;216m██[38;2;216;216;216m██[38;2;216;216;216m██[38;2;216;216;216m██[38;2;216;216;216m██[38;2;216;216;216m██[38;2;216;216;216m██[38;2;216;216;216m██[38;2;216;216;216m██[38;2;216;216;216m██[38;2;216;216;216m██[38;2;216;216;216m██[38;2;216;216;216m██[38;2;216;216;216m██[38;2;216;216;216m██[38;2;216;216;216m██[38;2;216;216;216m██[38;2;216;216;216m██[38;2;184;184;184m██[38;2;16;16;16m██[38;2;184;184;184m██[38;2;184;184;184m██[38;2;184;184;184m██[38;2;184;184;184m██[38;2;184;184;184m██[38;2;184;184;184m██[38;2;184;184;184m██[38;2;184;184;184m██[38;2;69;69;69m██  
              [38;2;69;69;69m██[38;2;216;216;216m██[38;2;216;216;216m██[38;2;216;216;216m██[38;2;216;216;216m██[38;2;206;135;207m██[38;2;206;135;207m██[38;2;206;135;207m██[38;2;216;216;216m██[38;2;216;216;216m██[38;2;216;216;216m██[38;2;216;216;216m██[38;2;216;216;216m██[38;2;216;216;216m██[38;2;216;216;216m██[38;2;216;216;216m██[38;2;216;216;216m██[38;2;216;216;216m██[38;2;206;135;207m██[38;2;206;135;207m██[38;2;216;216;216m██[38;2;216;216;216m██[38;2;216;216;216m██[38;2;216;216;216m██[38;2;216;216;216m██[38;2;216;216;216m██[38;2;216;216;216m██[38;2;216;216;216m██[38;2;216;216;216m██[38;2;216;216;216m██[38;2;216;216;216m██[38;2;216;216;216m██[38;2;216;216;216m██[38;2;216;216;216m██[38;2;216;216;216m██[38;2;216;216;216m██[38;2;216;216;216m██[38;2;216;216;216m██[38;2;216;216;216m██[38;2;216;216;216m██[38;2;216;216;216m██[38;2;216;216;216m██[38;2;184;184;184m██[38;2;184;184;184m██[38;2;16;16;16m██[38;2;184;184;184m██[38;2;184;184;184m██[38;2;184;184;184m██[38;2;184;184;184m██[38;2;184;184;184m██[38;2;184;184;184m██[38;2;184;184;184m██[38;2;184;184;184m██[38;2;184;184;184m██[38;2;69;69;69m██
              [38;2;143;143;143m██[38;2;143;143;143m██[38;2;216;216;216m██[38;2;216;216;216m██[38;2;216;216;216m██[38;2;206;135;207m██[38;2;206;135;207m██[38;2;206;135;207m██[38;2;206;135;207m██[38;2;206;135;207m██[38;2;216;216;216m██[38;2;216;216;216m██[38;2;216;216;216m██[38;2;216;216;216m██[38;2;216;216;216m██[38;2;206;135;207m██[38;2;206;135;207m██[38;2;206;135;207m██[38;2;206;135;207m██[38;2;206;135;207m██[38;2;206;135;207m██[38;2;216;216;216m██[38;2;216;216;216m██[38;2;216;216;216m██[38;2;216;216;216m██[38;2;216;216;216m██[38;2;216;216;216m██[38;2;216;216;216m██[38;2;216;216;216m██[38;2;216;216;216m██[38;2;216;216;216m██[38;2;216;216;216m██[38;2;216;216;216m██[38;2;216;216;216m██[38;2;216;216;216m██[38;2;216;216;216m██[38;2;216;216;216m██[38;2;216;216;216m██[38;2;216;216;216m██[38;2;216;216;216m██[38;2;216;216;216m██[38;2;184;184;184m██[38;2;184;184;184m██[38;2;184;184;184m██[38;2;16;16;16m██[38;2;143;143;143m██[38;2;184;184;184m██[38;2;184;184;184m██[38;2;184;184;184m██[38;2;184;184;184m██[38;2;184;184;184m██[38;2;69;69;69m██[38;2;184;184;184m██[38;2;143;143;143m██[38;2;69;69;69m██
                [38;2;69;69;69m██[38;2;184;184;184m██[38;2;216;216;216m██[38;2;216;216;216m██[38;2;216;216;216m██[38;2;206;135;207m██[38;2;206;135;207m██[38;2;206;135;207m██[38;2;206;135;207m██[38;2;206;135;207m██[38;2;206;135;207m██[38;2;206;135;207m██[38;2;206;135;207m██[38;2;206;135;207m██[38;2;206;135;207m██[38;2;206;135;207m██[38;2;206;135;207m██[38;2;206;135;207m██[38;2;206;135;207m██[38;2;206;135;207m██[38;2;216;216;216m██[38;2;216;216;216m██[38;2;216;216;216m██[38;2;216;216;216m██[38;2;216;216;216m██[38;2;216;216;216m██[38;2;216;216;216m██[38;2;216;216;216m██[38;2;216;216;216m██[38;2;216;216;216m██[38;2;216;216;216m██[38;2;216;216;216m██[38;2;216;216;216m██[38;2;216;216;216m██[38;2;216;216;216m██[38;2;216;216;216m██[38;2;216;216;216m██[38;2;216;216;216m██[38;2;216;216;216m██[38;2;184;184;184m██[38;2;184;184;184m██[38;2;184;184;184m██[38;2;16;16;16m██[38;2;143;143;143m██[38;2;143;143;143m██[38;2;143;143;143m██[38;2;143;143;143m██[38;2;184;184;184m██[38;2;184;184;184m██[38;2;184;184;184m██[38;2;69;69;69m██[38;2;143;143;143m██[38;2;143;143;143m██[38;2;69;69;69m██
                [38;2;69;69;69m██[38;2;184;184;184m██[38;2;184;184;184m██[38;2;216;216;216m██[38;2;216;216;216m██[38;2;216;216;216m██[38;2;216;216;216m██[38;2;206;135;207m██[38;2;206;135;207m██[38;2;206;135;207m██[38;2;206;135;207m██[38;2;206;135;207m██[38;2;206;135;207m██[38;2;206;135;207m██[38;2;206;135;207m██[38;2;206;135;207m██[38;2;206;135;207m██[38;2;206;135;207m██[38;2;206;135;207m██[38;2;216;216;216m██[38;2;216;216;216m██[38;2;216;216;216m██[38;2;216;216;216m██[38;2;216;216;216m██[38;2;216;216;216m██[38;2;216;216;216m██[38;2;216;216;216m██[38;2;216;216;216m██[38;2;216;216;216m██[38;2;216;216;216m██[38;2;216;216;216m██[38;2;216;216;216m██[38;2;216;216;216m██[38;2;216;216;216m██[38;2;216;216;216m██[38;2;216;216;216m██[38;2;216;216;216m██[38;2;184;184;184m██[38;2;184;184;184m██[38;2;184;184;184m██[38;2;184;184;184m██[38;2;184;184;184m██[38;2;16;16;16m██[38;2;143;143;143m██[38;2;143;143;143m██[38;2;143;143;143m██[38;2;143;143;143m██[38;2;143;143;143m██[38;2;143;143;143m██[38;2;69;69;69m██[38;2;143;143;143m██[38;2;143;143;143m██[38;2;16;16;16m██  
                  [38;2;69;69;69m██[38;2;184;184;184m██[38;2;184;184;184m██[38;2;184;184;184m██[38;2;216;216;216m██[38;2;216;216;216m██[38;2;216;216;216m██[38;2;216;216;216m██[38;2;206;135;207m██[38;2;206;135;207m██[38;2;206;135;207m██[38;2;206;135;207m██[38;2;206;135;207m██[38;2;206;135;207m██[38;2;216;216;216m██[38;2;216;216;216m██[38;2;216;216;216m██[38;2;216;216;216m██[38;2;216;216;216m██[38;2;216;216;216m██[38;2;216;216;216m██[38;2;216;216;216m██[38;2;216;216;216m██[38;2;216;216;216m██[38;2;216;216;216m██[38;2;216;216;216m██[38;2;216;216;216m██[38;2;216;216;216m██[38;2;216;216;216m██[38;2;216;216;216m██[38;2;216;216;216m██[38;2;216;216;216m██[38;2;216;216;216m██[38;2;216;216;216m██[38;2;184;184;184m██[38;2;184;184;184m██[38;2;184;184;184m██[38;2;184;184;184m██[38;2;184;184;184m██[38;2;184;184;184m██[38;2;69;69;69m██[38;2;143;143;143m██[38;2;143;143;143m██[38;2;143;143;143m██[38;2;143;143;143m██[38;2;143;143;143m██[38;2;143;143;143m██[38;2;143;143;143m██[38;2;16;16;16m██[38;2;16;16;16m██[38;2;16;16;16m██    
                  [38;2;16;16;16m██[38;2;184;184;184m██[38;2;184;184;184m██[38;2;184;184;184m██[38;2;184;184;184m██[38;2;184;184;184m██[38;2;216;216;216m██[38;2;216;216;216m██[38;2;216;216;216m██[38;2;216;216;216m██[38;2;216;216;216m██[38;2;216;216;216m██[38;2;216;216;216m██[38;2;216;216;216m██[38;2;216;216;216m██[38;2;216;216;216m██[38;2;216;216;216m██[38;2;216;216;216m██[38;2;216;216;216m██[38;2;216;216;216m██[38;2;216;216;216m██[38;2;216;216;216m██[38;2;216;216;216m██[38;2;216;216;216m██[38;2;216;216;216m██[38;2;216;216;216m██[38;2;216;216;216m██[38;2;216;216;216m██[38;2;216;216;216m██[38;2;216;216;216m██[38;2;216;216;216m██[38;2;184;184;184m██[38;2;184;184;184m██[38;2;184;184;184m██[38;2;184;184;184m██[38;2;184;184;184m██[38;2;184;184;184m██[38;2;184;184;184m██[38;2;184;184;184m██[38;2;184;184;184m██[38;2;16;16;16m██[38;2;143;143;143m██[38;2;143;143;143m██[38;2;143;143;143m██[38;2;143;143;143m██[38;2;143;143;143m██[38;2;143;143;143m██[38;2;16;16;16m██          
                    [38;2;16;16;16m██[38;2;184;184;184m██[38;2;184;184;184m██[38;2;184;184;184m██[38;2;189;93;189m██[38;2;189;93;189m██[38;2;184;184;184m██[38;2;184;184;184m██[38;2;184;184;184m██[38;2;184;184;184m██[38;2;216;216;216m██[38;2;216;216;216m██[38;2;216;216;216m██[38;2;216;216;216m██[38;2;216;216;216m██[38;2;216;216;216m██[38;2;206;135;207m██[38;2;206;135;207m██[38;2;206;135;207m██[38;2;206;135;207m██[38;2;216;216;216m██[38;2;216;216;216m██[38;2;216;216;216m██[38;2;216;216;216m██[38;2;216;216;216m██[38;2;216;216;216m██[38;2;216;216;216m██[38;2;216;216;216m██[38;2;184;184;184m██[38;2;184;184;184m██[38;2;184;184;184m██[38;2;184;184;184m██[38;2;184;184;184m██[38;2;184;184;184m██[38;2;184;184;184m██[38;2;184;184;184m██[38;2;184;184;184m██[38;2;184;184;184m██[38;2;69;69;69m██[38;2;143;143;143m██[38;2;143;143;143m██[38;2;143;143;143m██[38;2;143;143;143m██[38;2;143;143;143m██[38;2;143;143;143m██[38;2;143;143;143m██[38;2;16;16;16m██          
                      [38;2;16;16;16m██[38;2;143;143;143m██[38;2;184;184;184m██[38;2;189;93;189m██[38;2;189;93;189m██[38;2;189;93;189m██[38;2;189;93;189m██[38;2;189;93;189m██[38;2;184;184;184m██[38;2;184;184;184m██[38;2;184;184;184m██[38;2;184;184;184m██[38;2;184;184;184m██[38;2;206;135;207m██[38;2;206;135;207m██[38;2;206;135;207m██[38;2;206;135;207m██[38;2;206;135;207m██[38;2;206;135;207m██[38;2;206;135;207m██[38;2;216;216;216m██[38;2;216;216;216m██[38;2;184;184;184m██[38;2;184;184;184m██[38;2;184;184;184m██[38;2;184;184;184m██[38;2;184;184;184m██[38;2;184;184;184m██[38;2;184;184;184m██[38;2;184;184;184m██[38;2;184;184;184m██[38;2;184;184;184m██[38;2;184;184;184m██[38;2;184;184;184m██[38;2;184;184;184m██[38;2;184;184;184m██[38;2;16;16;16m██[38;2;143;143;143m██[38;2;143;143;143m██[38;2;184;184;184m██[38;2;143;143;143m██[38;2;184;184;184m██[38;2;143;143;143m██[38;2;143;143;143m██[38;2;16;16;16m██            
                        [38;2;16;16;16m██[38;2;143;143;143m██[38;2;143;143;143m██[38;2;189;93;189m██[38;2;189;93;189m██[38;2;189;93;189m██[38;2;189;93;189m██[38;2;189;93;189m██[38;2;189;93;189m██[38;2;189;93;189m██[38;2;189;93;189m██[38;2;189;93;189m██[38;2;189;93;189m██[38;2;189;93;189m██[38;2;189;93;189m██[38;2;189;93;189m██[38;2;189;93;189m██[38;2;189;93;189m██[38;2;189;93;189m██[38;2;184;184;184m██[38;2;184;184;184m██[38;2;184;184;184m██[38;2;184;184;184m██[38;2;184;184;184m██[38;2;184;184;184m██[38;2;184;184;184m██[38;2;184;184;184m██[38;2;184;184;184m██[38;2;184;184;184m██[38;2;184;184;184m██[38;2;184;184;184m██[38;2;184;184;184m██[38;2;184;184;184m██[38;2;143;143;143m██[38;2;16;16;16m██[38;2;143;143;143m██[38;2;143;143;143m██[38;2;184;184;184m██[38;2;143;143;143m██[38;2;184;184;184m██[38;2;143;143;143m██[38;2;143;143;143m██[38;2;16;16;16m██              
                          [38;2;16;16;16m██[38;2;184;184;184m██[38;2;143;143;143m██[38;2;69;69;69m██[38;2;143;143;143m██[38;2;189;93;189m██[38;2;189;93;189m██[38;2;189;93;189m██[38;2;189;93;189m██[38;2;189;93;189m██[38;2;189;93;189m██[38;2;189;93;189m██[38;2;189;93;189m██[38;2;189;93;189m██[38;2;189;93;189m██[38;2;189;93;189m██[38;2;184;184;184m██[38;2;184;184;184m██[38;2;184;184;184m██[38;2;184;184;184m██[38;2;184;184;184m██[38;2;184;184;184m██[38;2;184;184;184m██[38;2;184;184;184m██[38;2;184;184;184m██[38;2;184;184;184m██[38;2;184;184;184m██[38;2;184;184;184m██[38;2;184;184;184m██[38;2;184;184;184m██[38;2;184;184;184m██[38;2;69;69;69m██[38;2;69;69;69m██[38;2;143;143;143m██[38;2;143;143;143m██[38;2;184;184;184m██[38;2;143;143;143m██[38;2;184;184;184m██[38;2;143;143;143m██[38;2;184;184;184m██[38;2;16;16;16m██                
                          [38;2;16;16;16m██[38;2;143;143;143m██[38;2;184;184;184m██[38;2;184;184;184m██[38;2;143;143;143m██[38;2;69;69;69m██[38;2;69;69;69m██[38;2;143;143;143m██[38;2;184;184;184m██[38;2;184;184;184m██[38;2;184;184;184m██[38;2;184;184;184m██[38;2;184;184;184m██[38;2;184;184;184m██[38;2;184;184;184m██[38;2;184;184;184m██[38;2;184;184;184m██[38;2;184;184;184m██[38;2;184;184;184m██[38;2;184;184;184m██[38;2;184;184;184m██[38;2;184;184;184m██[38;2;184;184;184m██[38;2;184;184;184m██[38;2;184;184;184m██[38;2;184;184;184m██[38;2;184;184;184m██[38;2;184;184;184m██[38;2;184;184;184m██[38;2;184;184;184m██[38;2;184;184;184m██[38;2;16;16;16m██[38;2;143;143;143m██[38;2;143;143;143m██[38;2;143;143;143m██[38;2;143;143;143m██[38;2;184;184;184m██[38;2;143;143;143m██[38;2;69;69;69m██[38;2;16;16;16m██                  
                            [38;2;16;16;16m██[38;2;184;184;184m██[38;2;184;184;184m██[38;2;184;184;184m██[38;2;184;184;184m██[38;2;184;184;184m██[38;2;143;143;143m██[38;2;69;69;69m██[38;2;69;69;69m██[38;2;16;16;16m██[38;2;16;16;16m██[38;2;16;16;16m██[38;2;16;16;16m██[38;2;69;69;69m██[38;2;184;184;184m██[38;2;184;184;184m██[38;2;184;184;184m██[38;2;184;184;184m██[38;2;184;184;184m██[38;2;184;184;184m██[38;2;184;184;184m██[38;2;184;184;184m██[38;2;184;184;184m██[38;2;184;184;184m██[38;2;184;184;184m██[38;2;184;184;184m██[38;2;184;184;184m██[38;2;184;184;184m██[38;2;184;184;184m██[38;2;184;184;184m██[38;2;16;16;16m██[38;2;143;143;143m██[38;2;143;143;143m██[38;2;143;143;143m██[38;2;69;69;69m██[38;2;16;16;16m██[38;2;16;16;16m██                      
                              [38;2;16;16;16m██[38;2;184;184;184m██[38;2;184;184;184m██[38;2;184;184;184m██[38;2;184;184;184m██[38;2;184;184;184m██[38;2;184;184;184m██[38;2;184;184;184m██[38;2;184;184;184m██[38;2;16;16;16m██    [38;2;69;69;69m██[38;2;16;16;16m██[38;2;16;16;16m██[38;2;16;16;16m██[38;2;16;16;16m██[38;2;143;143;143m██[38;2;143;143;143m██[38;2;184;184;184m██[38;2;184;184;184m██[38;2;184;184;184m██[38;2;184;184;184m██[38;2;216;216;216m██[38;2;216;216;216m██[38;2;216;216;216m██[38;2;216;216;216m██[38;2;184;184;184m██[38;2;69;69;69m██[38;2;69;69;69m██[38;2;69;69;69m██[38;2;69;69;69m██[38;2;69;69;69m██                            
                              [38;2;115;115;115m██[38;2;213;205;222m██[38;2;184;184;184m██[38;2;184;184;184m██[38;2;184;184;184m██[38;2;184;184;184m██[38;2;184;184;184m██[38;2;184;184;184m██[38;2;16;16;16m██                [38;2;16;16;16m██[38;2;184;184;184m██[38;2;184;184;184m██[38;2;184;184;184m██[38;2;184;184;184m██[38;2;216;216;216m██[38;2;216;216;216m██[38;2;216;216;216m██[38;2;216;216;216m██[38;2;216;216;216m██[38;2;216;216;216m██[38;2;16;16;16m██                                    
                            [38;2;115;115;115m██[38;2;213;205;222m██[38;2;213;205;222m██[38;2;213;205;222m██[38;2;213;205;222m██[38;2;184;184;184m██[38;2;184;184;184m██[38;2;16;16;16m██[38;2;69;69;69m██                    [38;2;16;16;16m██[38;2;184;184;184m██[38;2;184;184;184m██[38;2;216;216;216m██[38;2;216;216;216m██[38;2;216;216;216m██[38;2;216;216;216m██[38;2;216;216;216m██[38;2;216;216;216m██[38;2;216;216;216m██[38;2;16;16;16m██                                    
                              [38;2;16;16;16m██[38;2;16;16;16m██[38;2;16;16;16m██[38;2;16;16;16m██[38;2;16;16;16m██[38;2;69;69;69m██                          [38;2;16;16;16m██[38;2;69;69;69m██[38;2;216;216;216m██[38;2;216;216;216m██[38;2;115;115;115m██[38;2;255;255;255m██[38;2;255;255;255m██[38;2;216;216;216m██[38;2;16;16;16m██                                      
                                                                      [38;2;16;16;16m██[38;2;16;16;16m██[38;2;184;184;184m██[38;2;255;255;255m██[38;2;255;255;255m██[38;2;255;255;255m██[38;2;255;255;255m██[38;2;16;16;16m██                                      
                                                                          [38;2;16;16;16m██[38;2;16;16;16m██[38;2;16;16;16m██[38;2;16;16;16m██[38;2;16;16;16m██                                        
