                                                      [38;2;82;123;131m██[38;2;82;123;131m██[38;2;82;123;131m██[38;2;82;123;131m██                                        
                                                [38;2;82;123;131m██[38;2;82;123;131m██[38;2;82;123;131m██[38;2;123;197;180m██[38;2;123;197;180m██[38;2;123;197;180m██[38;2;57;82;82m██                                        
                                            [38;2;82;123;131m██[38;2;82;123;131m██[38;2;123;197;180m██[38;2;123;197;180m██[38;2;123;197;180m██[38;2;123;197;180m██[38;2;115;148;164m██[38;2;115;148;164m██[38;2;57;82;82m██                                        
                                        [38;2;82;123;131m██[38;2;82;123;131m██[38;2;123;197;180m██[38;2;123;197;180m██[38;2;123;197;180m██[38;2;115;148;164m██[38;2;115;148;164m██[38;2;115;148;164m██[38;2;115;148;164m██[38;2;115;148;164m██[38;2;57;82;82m██                                        
                                      [38;2;82;123;131m██[38;2;82;123;131m██[38;2;123;197;180m██[38;2;123;197;180m██[38;2;115;148;164m██[38;2;115;148;164m██[38;2;115;148;164m██[38;2;115;148;164m██[38;2;115;148;164m██[38;2;115;148;164m██[38;2;57;82;82m██                                          
                                    [38;2;82;123;131m██[38;2;115;148;164m██[38;2;115;148;164m██[38;2;115;148;164m██[38;2;115;148;164m██[38;2;115;148;164m██[38;2;115;148;164m██[38;2;115;148;164m██[38;2;115;148;164m██[38;2;115;148;164m██[38;2;115;148;164m██[38;2;57;82;82m██                                          
                                  [38;2;82;123;131m██[38;2;115;148;164m██[38;2;115;148;164m██[38;2;115;148;164m██[38;2;115;148;164m██[38;2;115;148;164m██[38;2;115;148;164m██[38;2;115;148;164m██[38;2;115;148;164m██[38;2;115;148;164m██[38;2;115;148;164m██[38;2;115;148;164m██[38;2;57;82;82m██                                          
                                [38;2;16;16;16m██[38;2;82;123;131m██[38;2;115;148;164m██[38;2;115;148;164m██[38;2;115;148;164m██[38;2;115;148;164m██[38;2;115;148;164m██[38;2;115;148;164m██[38;2;115;148;164m██[38;2;115;148;164m██[38;2;115;148;164m██[38;2;115;148;164m██[38;2;57;82;82m██                                            
                                [38;2;16;16;16m██[38;2;115;148;164m██[38;2;115;148;164m██[38;2;115;148;164m██[38;2;115;148;164m██[38;2;115;148;164m██[38;2;115;148;164m██[38;2;115;148;164m██[38;2;115;148;164m██[38;2;115;148;164m██[38;2;115;148;164m██[38;2;115;148;164m██[38;2;57;82;82m██                                            
                              [38;2;16;16;16m██[38;2;115;148;164m██[38;2;115;148;164m██[38;2;115;148;164m██[38;2;115;148;164m██[38;2;115;148;164m██[38;2;115;148;164m██[38;2;115;148;164m██[38;2;115;148;164m██[38;2;115;148;164m██[38;2;115;148;164m██[38;2;115;148;164m██[38;2;115;148;164m██[38;2;57;82;82m██                                            
                              [38;2;16;16;16m██[38;2;115;148;164m██[38;2;115;148;164m██[38;2;115;148;164m██[38;2;115;148;164m██[38;2;115;148;164m██[38;2;115;148;164m██[38;2;115;148;164m██[38;2;115;148;164m██[38;2;115;148;164m██[38;2;115;148;164m██[38;2;115;148;164m██[38;2;115;148;164m██[38;2;57;82;82m██[38;2;82;123;131m██                                          
                              [38;2;16;16;16m██[38;2;115;148;164m██[38;2;115;148;164m██[38;2;115;148;164m██[38;2;115;148;164m██[38;2;115;148;164m██[38;2;115;148;164m██[38;2;115;148;164m██[38;2;115;148;164m██[38;2;115;148;164m██[38;2;115;148;164m██[38;2;115;148;164m██[38;2;115;148;164m██[38;2;123;197;180m██[38;2;123;197;180m██[38;2;82;123;131m██[38;2;82;123;131m██                                      
                            [38;2;16;16;16m██[38;2;115;148;164m██[38;2;115;148;164m██[38;2;115;148;164m██[38;2;115;148;164m██[38;2;115;148;164m██[38;2;115;148;164m██[38;2;115;148;164m██[38;2;115;148;164m██[38;2;115;148;164m██[38;2;57;82;82m██[38;2;57;82;82m██[38;2;57;82;82m██[38;2;57;82;82m██[38;2;115;148;164m██[38;2;123;197;180m██[38;2;123;197;180m██[38;2;123;197;180m██[38;2;82;123;131m██                                    
                            [38;2;16;16;16m██[38;2;115;148;164m██[38;2;115;148;164m██[38;2;115;148;164m██[38;2;115;148;164m██[38;2;115;148;164m██[38;2;115;148;164m██[38;2;115;148;164m██[38;2;57;82;82m██[38;2;57;82;82m██[38;2;65;131;90m██[38;2;65;131;90m██[38;2;65;131;90m██[38;2;65;131;90m██[38;2;65;131;90m██[38;2;65;131;90m██[38;2;65;131;90m██[38;2;123;197;180m██[38;2;123;197;180m██[38;2;82;123;131m██                                  
                            [38;2;16;16;16m██[38;2;115;148;164m██[38;2;115;148;164m██[38;2;115;148;164m██[38;2;115;148;164m██[38;2;115;148;164m██[38;2;115;148;164m██[38;2;57;82;82m██[38;2;65;131;90m██[38;2;65;131;90m██[38;2;65;131;90m██[38;2;65;131;90m██[38;2;65;131;90m██[38;2;65;131;90m██[38;2;90;180;106m██[38;2;90;180;106m██[38;2;90;180;106m██[38;2;65;131;90m██[38;2;123;197;180m██[38;2;123;197;180m██[38;2;82;123;131m██                                
                        [38;2;123;139;172m██[38;2;123;139;172m██[38;2;16;16;16m██[38;2;115;148;164m██[38;2;115;148;164m██[38;2;115;148;164m██[38;2;115;148;164m██[38;2;115;148;164m██[38;2;57;82;82m██[38;2;65;131;90m██[38;2;57;82;82m██[38;2;57;82;82m██[38;2;57;82;82m██[38;2;65;131;90m██[38;2;65;131;90m██[38;2;65;131;90m██[38;2;65;131;90m██[38;2;90;180;106m██[38;2;90;180;106m██[38;2;90;180;106m██[38;2;65;131;90m██[38;2;123;197;180m██[38;2;123;197;180m██[38;2;82;123;131m██                              
                        [38;2;57;82;82m██[38;2;238;238;255m██[38;2;16;16;16m██[38;2;115;148;164m██[38;2;115;148;164m██[38;2;115;148;164m██[38;2;115;148;164m██[38;2;57;82;82m██[38;2;65;131;90m██[38;2;65;131;90m██[38;2;57;82;82m██[38;2;238;238;255m██[38;2;238;238;255m██[38;2;57;82;82m██[38;2;65;131;90m██[38;2;65;131;90m██[38;2;65;131;90m██[38;2;65;131;90m██[38;2;90;180;106m██[38;2;90;180;106m██[38;2;90;180;106m██[38;2;65;131;90m██[38;2;123;197;180m██[38;2;82;123;131m██                              
                        [38;2;57;82;82m██[38;2;164;180;205m██[38;2;16;16;16m██[38;2;115;148;164m██[38;2;115;148;164m██[38;2;115;148;164m██[38;2;115;148;164m██[38;2;57;82;82m██[38;2;65;131;90m██[38;2;65;131;90m██[38;2;65;131;90m██[38;2;57;82;82m██[38;2;238;238;255m██[38;2;238;238;255m██[38;2;238;238;255m██[38;2;57;82;82m██[38;2;65;131;90m██[38;2;65;131;90m██[38;2;65;131;90m██[38;2;90;180;106m██[38;2;90;180;106m██[38;2;65;131;90m██[38;2;115;148;164m██[38;2;123;197;180m██[38;2;57;82;82m██                            
                          [38;2;57;82;82m██[38;2;16;16;16m██[38;2;115;148;164m██[38;2;115;148;164m██[38;2;115;148;164m██[38;2;57;82;82m██[38;2;65;131;90m██[38;2;65;131;90m██[38;2;65;131;90m██[38;2;65;131;90m██[38;2;57;82;82m██[38;2;197;205;222m██[38;2;238;238;255m██[38;2;238;238;255m██[38;2;238;238;255m██[38;2;57;82;82m██[38;2;65;131;90m██[38;2;65;131;90m██[38;2;65;131;90m██[38;2;90;180;106m██[38;2;90;180;106m██[38;2;65;131;90m██[38;2;123;197;180m██[38;2;57;82;82m██                            
                            [38;2;57;82;82m██[38;2;16;16;16m██[38;2;115;148;164m██[38;2;115;148;164m██[38;2;57;82;82m██[38;2;65;131;90m██[38;2;65;131;90m██[38;2;65;131;90m██[38;2;65;131;90m██[38;2;65;131;90m██[38;2;57;82;82m██[38;2;197;205;222m██[38;2;197;205;222m██[38;2;238;238;255m██[38;2;238;238;255m██[38;2;57;82;82m██[38;2;65;131;90m██[38;2;65;131;90m██[38;2;65;131;90m██[38;2;90;180;106m██[38;2;65;131;90m██[38;2;123;197;180m██[38;2;57;82;82m██                            
                              [38;2;16;16;16m██[38;2;115;148;164m██[38;2;115;148;164m██[38;2;57;82;82m██[38;2;65;131;90m██[38;2;65;131;90m██[38;2;65;131;90m██[38;2;65;131;90m██[38;2;65;131;90m██[38;2;16;16;16m██[38;2;123;139;172m██[38;2;197;205;222m██[38;2;197;205;222m██[38;2;197;205;222m██[38;2;123;139;172m██[38;2;57;82;82m██[38;2;65;131;90m██[38;2;65;131;90m██[38;2;65;131;90m██[38;2;65;131;90m██[38;2;115;148;164m██[38;2;57;82;82m██                            
                              [38;2;123;139;172m██[38;2;16;16;16m██[38;2;115;148;164m██[38;2;57;82;82m██[38;2;65;131;90m██[38;2;65;131;90m██[38;2;65;131;90m██[38;2;65;131;90m██[38;2;65;131;90m██[38;2;65;131;90m██[38;2;16;16;16m██[38;2;197;205;222m██[38;2;197;205;222m██[38;2;197;205;222m██[38;2;123;139;172m██[38;2;238;238;255m██[38;2;57;82;82m██[38;2;65;131;90m██[38;2;65;131;90m██[38;2;65;131;90m██[38;2;65;131;90m██[38;2;57;82;82m██                            
                              [38;2;57;82;82m██[38;2;16;16;16m██[38;2;115;148;164m██[38;2;115;148;164m██[38;2;57;82;82m██[38;2;65;131;90m██[38;2;65;131;90m██[38;2;65;131;90m██[38;2;65;131;90m██[38;2;65;131;90m██[38;2;16;16;16m██[38;2;123;139;172m██[38;2;197;205;222m██[38;2;197;205;222m██[38;2;164;180;205m██[38;2;238;238;255m██[38;2;197;205;222m██[38;2;65;131;90m██[38;2;65;131;90m██[38;2;65;131;90m██[38;2;16;16;16m██                              
                            [38;2;57;82;82m██[38;2;164;180;205m██[38;2;164;180;205m██[38;2;16;16;16m██[38;2;115;148;164m██[38;2;57;82;82m██[38;2;65;131;90m██[38;2;65;131;90m██[38;2;65;131;90m██[38;2;65;131;90m██[38;2;16;16;16m██[38;2;123;139;172m██[38;2;197;205;222m██[38;2;197;205;222m██[38;2;197;205;222m██[38;2;164;180;205m██[38;2;238;238;255m██[38;2;16;16;16m██[38;2;57;82;82m██[38;2;65;131;90m██[38;2;65;131;90m██[38;2;16;16;16m██                              
                              [38;2;57;82;82m██[38;2;57;82;82m██[38;2;123;139;172m██[38;2;16;16;16m██[38;2;115;148;164m██[38;2;57;82;82m██[38;2;65;131;90m██[38;2;65;131;90m██[38;2;16;16;16m██[38;2;238;238;255m██[38;2;238;238;255m██[38;2;197;205;222m██[38;2;197;205;222m██[38;2;197;205;222m██[38;2;197;205;222m██[38;2;123;139;172m██[38;2;230;82;57m██[38;2;123;82;82m██[38;2;65;131;90m██[38;2;16;16;16m██                                
                                  [38;2;57;82;82m██[38;2;57;82;82m██[38;2;16;16;16m██[38;2;57;82;82m██[38;2;65;131;90m██[38;2;65;131;90m██[38;2;57;82;82m██[38;2;16;16;16m██[38;2;16;16;16m██[38;2;123;139;172m██[38;2;197;205;222m██[38;2;197;205;222m██[38;2;164;180;205m██[38;2;164;180;205m██[38;2;123;139;172m██[38;2;57;82;82m██[38;2;16;16;16m██                                  
                                        [38;2;57;82;82m██[38;2;57;82;82m██[38;2;65;131;90m██[38;2;65;131;90m██[38;2;65;131;90m██[38;2;65;131;90m██[38;2;57;82;82m██[38;2;164;180;205m██[38;2;164;180;205m██[38;2;164;180;205m██[38;2;57;82;82m██[38;2;57;82;82m██[38;2;16;16;16m██                                    
                                          [38;2;57;82;82m██[38;2;65;131;90m██[38;2;65;131;90m██[38;2;16;16;16m██[38;2;57;82;82m██[38;2;16;16;16m██[38;2;16;16;16m██[38;2;16;16;16m██[38;2;57;82;82m██                                          
                                      [38;2;57;82;82m██[38;2;57;82;82m██[38;2;65;131;90m██[38;2;65;131;90m██[38;2;65;131;90m██[38;2;16;16;16m██[38;2;16;16;16m██                                          [38;2;57;82;82m██[38;2;57;82;82m██    
                                  [38;2;16;16;16m██[38;2;16;16;16m██[38;2;16;16;16m██[38;2;65;131;90m██[38;2;65;131;90m██[38;2;65;131;90m██[38;2;65;131;90m██[38;2;65;131;90m██[38;2;65;131;90m██[38;2;16;16;16m██                                    [38;2;57;82;82m██[38;2;57;82;82m██[38;2;65;131;90m██[38;2;57;82;82m██[38;2;16;16;16m██[38;2;16;16;16m██
                              [38;2;57;82;82m██[38;2;16;16;16m██[38;2;255;156;131m██[38;2;255;156;131m██[38;2;230;82;57m██[38;2;57;82;82m██[38;2;57;82;82m██[38;2;65;131;90m██[38;2;65;131;90m██[38;2;65;131;90m██[38;2;65;131;90m██[38;2;65;131;90m██[38;2;57;82;82m██                                [38;2;57;82;82m██[38;2;90;180;106m██[38;2;57;82;82m██[38;2;90;180;106m██[38;2;65;131;90m██[38;2;90;180;106m██[38;2;16;16;16m██
                        [38;2;16;16;16m██[38;2;16;16;16m██[38;2;57;82;82m██[38;2;65;131;90m██[38;2;16;16;16m██[38;2;230;82;57m██[38;2;230;82;57m██[38;2;230;82;57m██[38;2;230;82;57m██[38;2;230;82;57m██[38;2;57;82;82m██[38;2;65;131;90m██[38;2;65;131;90m██[38;2;65;131;90m██[38;2;65;131;90m██[38;2;16;16;16m██                              [38;2;57;82;82m██[38;2;90;180;106m██[38;2;57;82;82m██[38;2;90;180;106m██[38;2;90;180;106m██[38;2;90;180;106m██[38;2;90;180;106m██[38;2;16;16;16m██
                  [38;2;16;16;16m██[38;2;16;16;16m██[38;2;57;82;82m██[38;2;65;131;90m██[38;2;65;131;90m██[38;2;65;131;90m██[38;2;57;82;82m██[38;2;57;82;82m██[38;2;16;16;16m██[38;2;230;82;57m██[38;2;230;82;57m██[38;2;230;82;57m██[38;2;230;82;57m██[38;2;16;16;16m██[38;2;65;131;90m██[38;2;65;131;90m██[38;2;57;82;82m██[38;2;65;131;90m██[38;2;65;131;90m██[38;2;16;16;16m██                        [38;2;57;82;82m██[38;2;57;82;82m██[38;2;90;180;106m██[38;2;90;180;106m██[38;2;90;180;106m██[38;2;90;180;106m██[38;2;90;180;106m██[38;2;90;180;106m██[38;2;57;82;82m██[38;2;57;82;82m██
          [38;2;57;82;82m██[38;2;16;16;16m██[38;2;16;16;16m██[38;2;57;82;82m██[38;2;65;131;90m██[38;2;65;131;90m██[38;2;65;131;90m██[38;2;65;131;90m██[38;2;57;82;82m██[38;2;57;82;82m██      [38;2;16;16;16m██[38;2;230;82;57m██[38;2;230;82;57m██[38;2;230;82;57m██[38;2;16;16;16m██[38;2;65;131;90m██[38;2;65;131;90m██[38;2;57;82;82m██[38;2;16;16;16m██[38;2;65;131;90m██[38;2;65;131;90m██[38;2;57;82;82m██                    [38;2;57;82;82m██[38;2;65;131;90m██[38;2;90;180;106m██[38;2;90;180;106m██[38;2;90;180;106m██[38;2;90;180;106m██[38;2;90;180;106m██[38;2;90;180;106m██[38;2;65;131;90m██[38;2;16;16;16m██  
        [38;2;57;82;82m██[38;2;65;131;90m██[38;2;65;131;90m██[38;2;65;131;90m██[38;2;65;131;90m██[38;2;65;131;90m██[38;2;57;82;82m██[38;2;57;82;82m██[38;2;57;82;82m██            [38;2;16;16;16m██[38;2;230;82;57m██[38;2;230;82;57m██[38;2;16;16;16m██[38;2;57;82;82m██[38;2;65;131;90m██[38;2;57;82;82m██[38;2;230;82;57m██[38;2;16;16;16m██[38;2;65;131;90m██[38;2;65;131;90m██[38;2;57;82;82m██              [38;2;57;82;82m██[38;2;57;82;82m██[38;2;90;180;106m██[38;2;90;180;106m██[38;2;90;180;106m██[38;2;90;180;106m██[38;2;90;180;106m██[38;2;90;180;106m██[38;2;65;131;90m██[38;2;65;131;90m██[38;2;16;16;16m██    
          [38;2;57;82;82m██[38;2;65;131;90m██[38;2;65;131;90m██[38;2;65;131;90m██[38;2;65;131;90m██[38;2;65;131;90m██[38;2;65;131;90m██[38;2;57;82;82m██[38;2;57;82;82m██[38;2;57;82;82m██          [38;2;16;16;16m██[38;2;230;82;57m██[38;2;123;82;82m██[38;2;164;180;205m██[38;2;57;82;82m██[38;2;57;82;82m██[38;2;230;82;57m██[38;2;123;82;82m██[38;2;16;16;16m██[38;2;57;82;82m██[38;2;65;131;90m██[38;2;57;82;82m██[38;2;57;82;82m██        [38;2;57;82;82m██[38;2;65;131;90m██[38;2;90;180;106m██[38;2;90;180;106m██[38;2;90;180;106m██[38;2;90;180;106m██[38;2;90;180;106m██[38;2;65;131;90m██[38;2;65;131;90m██[38;2;57;82;82m██[38;2;16;16;16m██      
            [38;2;57;82;82m██[38;2;57;82;82m██[38;2;65;131;90m██[38;2;65;131;90m██[38;2;65;131;90m██[38;2;65;131;90m██[38;2;65;131;90m██[38;2;65;131;90m██[38;2;65;131;90m██[38;2;57;82;82m██[38;2;57;82;82m██        [38;2;16;16;16m██[38;2;123;139;172m██[38;2;164;180;205m██[38;2;164;180;205m██[38;2;57;82;82m██[38;2;123;82;82m██[38;2;123;82;82m██  [38;2;57;82;82m██[38;2;16;16;16m██[38;2;65;131;90m██[38;2;65;131;90m██[38;2;57;82;82m██[38;2;57;82;82m██[38;2;57;82;82m██[38;2;57;82;82m██[38;2;65;131;90m██[38;2;90;180;106m██[38;2;90;180;106m██[38;2;90;180;106m██[38;2;65;131;90m██[38;2;65;131;90m██[38;2;65;131;90m██[38;2;57;82;82m██[38;2;16;16;16m██          
              [38;2;57;82;82m██[38;2;57;82;82m██[38;2;65;131;90m██[38;2;65;131;90m██[38;2;65;131;90m██[38;2;65;131;90m██[38;2;65;131;90m██[38;2;65;131;90m██[38;2;65;131;90m██[38;2;65;131;90m██[38;2;57;82;82m██[38;2;57;82;82m██[38;2;57;82;82m██  [38;2;16;16;16m██[38;2;164;180;205m██[38;2;164;180;205m██[38;2;164;180;205m██[38;2;164;180;205m██[38;2;57;82;82m██        [38;2;16;16;16m██[38;2;65;131;90m██[38;2;65;131;90m██[38;2;65;131;90m██[38;2;65;131;90m██[38;2;65;131;90m██[38;2;65;131;90m██[38;2;65;131;90m██[38;2;65;131;90m██[38;2;65;131;90m██[38;2;65;131;90m██[38;2;65;131;90m██[38;2;16;16;16m██[38;2;57;82;82m██            
                  [38;2;16;16;16m██[38;2;16;16;16m██[38;2;65;131;90m██[38;2;65;131;90m██[38;2;65;131;90m██[38;2;65;131;90m██[38;2;65;131;90m██[38;2;65;131;90m██[38;2;65;131;90m██[38;2;65;131;90m██[38;2;65;131;90m██[38;2;57;82;82m██[38;2;16;16;16m██[38;2;164;180;205m██[38;2;164;180;205m██[38;2;164;180;205m██[38;2;164;180;205m██[38;2;16;16;16m██          [38;2;16;16;16m██[38;2;57;82;82m██[38;2;65;131;90m██[38;2;65;131;90m██[38;2;65;131;90m██[38;2;65;131;90m██[38;2;65;131;90m██[38;2;65;131;90m██[38;2;65;131;90m██[38;2;16;16;16m██[38;2;16;16;16m██                
                      [38;2;16;16;16m██[38;2;16;16;16m██[38;2;57;82;82m██[38;2;65;131;90m██[38;2;65;131;90m██[38;2;65;131;90m██[38;2;65;131;90m██[38;2;65;131;90m██[38;2;16;16;16m██[38;2;16;16;16m██[38;2;123;139;172m██[38;2;164;180;205m██[38;2;164;180;205m██[38;2;164;180;205m██[38;2;197;205;222m██[38;2;197;205;222m██[38;2;123;139;172m██[38;2;123;139;172m██    [38;2;16;16;16m██[38;2;57;82;82m██[38;2;65;131;90m██[38;2;65;131;90m██[38;2;65;131;90m██[38;2;65;131;90m██[38;2;65;131;90m██[38;2;16;16;16m██[38;2;16;16;16m██[38;2;16;16;16m██                    
                            [38;2;16;16;16m██[38;2;16;16;16m██[38;2;57;82;82m██[38;2;57;82;82m██[38;2;16;16;16m██[38;2;164;180;205m██[38;2;164;180;205m██[38;2;164;180;205m██[38;2;164;180;205m██[38;2;164;180;205m██[38;2;164;180;205m██[38;2;164;180;205m██[38;2;164;180;205m██[38;2;238;238;255m██[38;2;238;238;255m██[38;2;123;139;172m██[38;2;16;16;16m██[38;2;65;131;90m██[38;2;65;131;90m██[38;2;65;131;90m██[38;2;65;131;90m██[38;2;16;16;16m██[38;2;16;16;16m██[38;2;16;16;16m██                          
                                [38;2;16;16;16m██[38;2;164;180;205m██[38;2;164;180;205m██[38;2;164;180;205m██[38;2;164;180;205m██[38;2;164;180;205m██[38;2;164;180;205m██[38;2;164;180;205m██[38;2;164;180;205m██[38;2;164;180;205m██[38;2;164;180;205m██[38;2;164;180;205m██[38;2;197;205;222m██[38;2;238;238;255m██[38;2;16;16;16m██[38;2;16;16;16m██[38;2;16;16;16m██[38;2;16;16;16m██[38;2;16;16;16m██                                
                              [38;2;16;16;16m██[38;2;164;180;205m██[38;2;164;180;205m██[38;2;164;180;205m██[38;2;164;180;205m██[38;2;164;180;205m██[38;2;164;180;205m██[38;2;164;180;205m██[38;2;164;180;205m██[38;2;164;180;205m██[38;2;164;180;205m██[38;2;164;180;205m██[38;2;164;180;205m██[38;2;164;180;205m██[38;2;197;205;222m██[38;2;238;238;255m██[38;2;238;238;255m██[38;2;16;16;16m██                                    
                              [38;2;16;16;16m██[38;2;164;180;205m██[38;2;164;180;205m██[38;2;164;180;205m██[38;2;164;180;205m██[38;2;164;180;205m██[38;2;164;180;205m██[38;2;164;180;205m██[38;2;164;180;205m██[38;2;164;180;205m██[38;2;164;180;205m██[38;2;164;180;205m██[38;2;164;180;205m██[38;2;164;180;205m██[38;2;164;180;205m██[38;2;238;238;255m██[38;2;238;238;255m██[38;2;16;16;16m██                                    
                                [38;2;16;16;16m██[38;2;164;180;205m██[38;2;164;180;205m██[38;2;164;180;205m██[38;2;164;180;205m██[38;2;164;180;205m██[38;2;164;180;205m██[38;2;164;180;205m██[38;2;164;180;205m██[38;2;164;180;205m██[38;2;164;180;205m██[38;2;164;180;205m██[38;2;164;180;205m██[38;2;164;180;205m██[38;2;164;180;205m██[38;2;16;16;16m██                                      
                                  [38;2;16;16;16m██[38;2;16;16;16m██[38;2;164;180;205m██[38;2;164;180;205m██[38;2;164;180;205m██[38;2;164;180;205m██[38;2;164;180;205m██[38;2;164;180;205m██[38;2;164;180;205m██[38;2;164;180;205m██[38;2;164;180;205m██[38;2;164;180;205m██[38;2;123;139;172m██[38;2;16;16;16m██                                        
                                  [38;2;123;139;172m██[38;2;164;180;205m██[38;2;123;139;172m██[38;2;123;139;172m██[38;2;16;16;16m██[38;2;16;16;16m██[38;2;16;16;16m██[38;2;16;16;16m██[38;2;16;16;16m██[38;2;16;16;16m██[38;2;16;16;16m██[38;2;123;139;172m██[38;2;238;238;255m██[38;2;238;238;255m██[38;2;123;139;172m██[38;2;123;139;172m██                                    
                              [38;2;123;139;172m██[38;2;123;139;172m██[38;2;164;180;205m██[38;2;164;180;205m██[38;2;164;180;205m██[38;2;123;139;172m██              [38;2;16;16;16m██[38;2;16;16;16m██[38;2;197;205;222m██[38;2;238;238;255m██[38;2;238;238;255m██[38;2;123;139;172m██[38;2;123;139;172m██                                
                            [38;2;123;139;172m██[38;2;164;180;205m██[38;2;164;180;205m██[38;2;164;180;205m██[38;2;164;180;205m██[38;2;16;16;16m██                    [38;2;16;16;16m██[38;2;197;205;222m██[38;2;238;238;255m██[38;2;238;238;255m██[38;2;238;238;255m██[38;2;123;139;172m██[38;2;123;139;172m██                            
                          [38;2;123;139;172m██[38;2;164;180;205m██[38;2;164;180;205m██[38;2;164;180;205m██[38;2;164;180;205m██[38;2;16;16;16m██                        [38;2;16;16;16m██[38;2;197;205;222m██[38;2;238;238;255m██[38;2;238;238;255m██[38;2;238;238;255m██[38;2;238;238;255m██[38;2;123;139;172m██                          
                      [38;2;123;139;172m██[38;2;123;139;172m██[38;2;164;180;205m██[38;2;164;180;205m██[38;2;164;180;205m██[38;2;164;180;205m██[38;2;16;16;16m██                            [38;2;16;16;16m██[38;2;197;205;222m██[38;2;238;238;255m██[38;2;238;238;255m██[38;2;238;238;255m██[38;2;238;238;255m██[38;2;123;139;172m██                        
                    [38;2;123;139;172m██[38;2;164;180;205m██[38;2;164;180;205m██[38;2;164;180;205m██[38;2;164;180;205m██[38;2;164;180;205m██[38;2;16;16;16m██                                [38;2;16;16;16m██[38;2;164;180;205m██[38;2;197;205;222m██[38;2;238;238;255m██[38;2;238;238;255m██[38;2;238;238;255m██[38;2;123;139;172m██                      
                  [38;2;123;139;172m██[38;2;197;205;222m██[38;2;164;180;205m██[38;2;164;180;205m██[38;2;164;180;205m██[38;2;164;180;205m██[38;2;16;16;16m██                                    [38;2;16;16;16m██[38;2;164;180;205m██[38;2;164;180;205m██[38;2;238;238;255m██[38;2;238;238;255m██[38;2;238;238;255m██[38;2;123;139;172m██                    
                [38;2;123;139;172m██[38;2;197;205;222m██[38;2;197;205;222m██[38;2;164;180;205m██[38;2;164;180;205m██[38;2;164;180;205m██[38;2;164;180;205m██[38;2;16;16;16m██                                    [38;2;16;16;16m██[38;2;164;180;205m██[38;2;164;180;205m██[38;2;164;180;205m██[38;2;197;205;222m██[38;2;197;205;222m██[38;2;197;205;222m██[38;2;123;139;172m██                  
              [38;2;123;139;172m██[38;2;197;205;222m██[38;2;197;205;222m██[38;2;197;205;222m██[38;2;164;180;205m██[38;2;164;180;205m██[38;2;164;180;205m██[38;2;16;16;16m██                                      [38;2;16;16;16m██[38;2;164;180;205m██[38;2;164;180;205m██[38;2;164;180;205m██[38;2;164;180;205m██[38;2;164;180;205m██[38;2;197;205;222m██[38;2;197;205;222m██[38;2;123;139;172m██                
            [38;2;123;139;172m██[38;2;197;205;222m██[38;2;197;205;222m██[38;2;197;205;222m██[38;2;164;180;205m██[38;2;164;180;205m██[38;2;164;180;205m██[38;2;164;180;205m██[38;2;16;16;16m██                                        [38;2;16;16;16m██[38;2;164;180;205m██[38;2;164;180;205m██[38;2;164;180;205m██[38;2;164;180;205m██[38;2;197;205;222m██[38;2;197;205;222m██[38;2;197;205;222m██[38;2;16;16;16m██              
          [38;2;123;139;172m██[38;2;197;205;222m██[38;2;197;205;222m██[38;2;197;205;222m██[38;2;197;205;222m██[38;2;164;180;205m██[38;2;164;180;205m██[38;2;164;180;205m██[38;2;16;16;16m██                                          [38;2;16;16;16m██[38;2;164;180;205m██[38;2;164;180;205m██[38;2;164;180;205m██[38;2;164;180;205m██[38;2;164;180;205m██[38;2;197;205;222m██[38;2;197;205;222m██[38;2;16;16;16m██              
        [38;2;16;16;16m██[38;2;197;205;222m██[38;2;197;205;222m██[38;2;197;205;222m██[38;2;197;205;222m██[38;2;164;180;205m██[38;2;164;180;205m██[38;2;164;180;205m██[38;2;164;180;205m██[38;2;16;16;16m██                                          [38;2;16;16;16m██[38;2;164;180;205m██[38;2;164;180;205m██[38;2;164;180;205m██[38;2;164;180;205m██[38;2;164;180;205m██[38;2;164;180;205m██[38;2;197;205;222m██[38;2;197;205;222m██[38;2;16;16;16m██            
      [38;2;16;16;16m██[38;2;197;205;222m██[38;2;123;139;172m██[38;2;197;205;222m██[38;2;197;205;222m██[38;2;197;205;222m██[38;2;164;180;205m██[38;2;164;180;205m██[38;2;164;180;205m██[38;2;164;180;205m██[38;2;16;16;16m██                                            [38;2;16;16;16m██[38;2;164;180;205m██[38;2;164;180;205m██[38;2;164;180;205m██[38;2;164;180;205m██[38;2;164;180;205m██[38;2;164;180;205m██[38;2;197;205;222m██[38;2;16;16;16m██            
    [38;2;16;16;16m██[38;2;197;205;222m██[38;2;123;139;172m██[38;2;197;205;222m██[38;2;197;205;222m██[38;2;197;205;222m██[38;2;123;139;172m██[38;2;164;180;205m██[38;2;164;180;205m██[38;2;164;180;205m██[38;2;16;16;16m██                                              [38;2;16;16;16m██[38;2;164;180;205m██[38;2;164;180;205m██[38;2;164;180;205m██[38;2;164;180;205m██[38;2;164;180;205m██[38;2;164;180;205m██[38;2;164;180;205m██[38;2;197;205;222m██[38;2;16;16;16m██          
    [38;2;16;16;16m██[38;2;197;205;222m██[38;2;123;139;172m██[38;2;197;205;222m██[38;2;197;205;222m██[38;2;123;139;172m██[38;2;164;180;205m██[38;2;164;180;205m██[38;2;164;180;205m██[38;2;164;180;205m██[38;2;16;16;16m██                                              [38;2;16;16;16m██[38;2;164;180;205m██[38;2;164;180;205m██[38;2;164;180;205m██[38;2;123;139;172m██[38;2;164;180;205m██[38;2;164;180;205m██[38;2;123;139;172m██[38;2;197;205;222m██[38;2;16;16;16m██          
  [38;2;16;16;16m██[38;2;164;180;205m██[38;2;123;139;172m██[38;2;197;205;222m██[38;2;197;205;222m██[38;2;197;205;222m██[38;2;123;139;172m██[38;2;164;180;205m██[38;2;164;180;205m██[38;2;164;180;205m██[38;2;164;180;205m██[38;2;16;16;16m██                                              [38;2;16;16;16m██[38;2;164;180;205m██[38;2;164;180;205m██[38;2;164;180;205m██[38;2;123;139;172m██[38;2;164;180;205m██[38;2;164;180;205m██[38;2;164;180;205m██[38;2;123;139;172m██[38;2;197;205;222m██[38;2;16;16;16m██        
  [38;2;16;16;16m██[38;2;164;180;205m██[38;2;123;139;172m██[38;2;197;205;222m██[38;2;197;205;222m██[38;2;123;139;172m██[38;2;164;180;205m██[38;2;164;180;205m██[38;2;164;180;205m██[38;2;164;180;205m██[38;2;16;16;16m██                                                [38;2;16;16;16m██[38;2;164;180;205m██[38;2;164;180;205m██[38;2;164;180;205m██[38;2;164;180;205m██[38;2;123;139;172m██[38;2;164;180;205m██[38;2;164;180;205m██[38;2;123;139;172m██[38;2;197;205;222m██[38;2;16;16;16m██        
[38;2;16;16;16m██[38;2;164;180;205m██[38;2;123;139;172m██[38;2;164;180;205m██[38;2;164;180;205m██[38;2;164;180;205m██[38;2;123;139;172m██[38;2;164;180;205m██[38;2;164;180;205m██[38;2;164;180;205m██[38;2;164;180;205m██[38;2;16;16;16m██                                                  [38;2;16;16;16m██[38;2;164;180;205m██[38;2;164;180;205m██[38;2;164;180;205m██[38;2;123;139;172m██[38;2;164;180;205m██[38;2;164;180;205m██[38;2;164;180;205m██[38;2;123;139;172m██[38;2;197;205;222m██[38;2;16;16;16m██      
[38;2;16;16;16m██[38;2;164;180;205m██[38;2;123;139;172m██[38;2;164;180;205m██[38;2;164;180;205m██[38;2;123;139;172m██[38;2;164;180;205m██[38;2;164;180;205m██[38;2;164;180;205m██[38;2;164;180;205m██[38;2;164;180;205m██[38;2;16;16;16m██                                                  [38;2;16;16;16m██[38;2;164;180;205m██[38;2;164;180;205m██[38;2;164;180;205m██[38;2;123;139;172m██[38;2;164;180;205m██[38;2;164;180;205m██[38;2;164;180;205m██[38;2;123;139;172m██[38;2;197;205;222m██[38;2;16;16;16m██      
[38;2;16;16;16m██[38;2;16;16;16m██[38;2;123;139;172m██[38;2;164;180;205m██[38;2;164;180;205m██[38;2;123;139;172m██[38;2;164;180;205m██[38;2;164;180;205m██[38;2;164;180;205m██[38;2;16;16;16m██[38;2;16;16;16m██                                                    [38;2;16;16;16m██[38;2;164;180;205m██[38;2;164;180;205m██[38;2;164;180;205m██[38;2;164;180;205m██[38;2;123;139;172m██[38;2;164;180;205m██[38;2;164;180;205m██[38;2;164;180;205m██[38;2;123;139;172m██[38;2;197;205;222m██[38;2;16;16;16m██    
  [38;2;16;16;16m██[38;2;16;16;16m██[38;2;16;16;16m██[38;2;16;16;16m██[38;2;16;16;16m██[38;2;16;16;16m██[38;2;16;16;16m██[38;2;16;16;16m██                                                        [38;2;16;16;16m██[38;2;164;180;205m██[38;2;164;180;205m██[38;2;164;180;205m██[38;2;164;180;205m██[38;2;123;139;172m██[38;2;164;180;205m██[38;2;164;180;205m██[38;2;164;180;205m██[38;2;123;139;172m██[38;2;197;205;222m██[38;2;16;16;16m██    
                                                                            [38;2;16;16;16m██[38;2;16;16;16m██[38;2;164;180;205m██[38;2;164;180;205m██[38;2;123;139;172m██[38;2;164;180;205m██[38;2;164;180;205m██[38;2;164;180;205m██[38;2;164;180;205m██[38;2;16;16;16m██[38;2;16;16;16m██    
                                                                                [38;2;16;16;16m██[38;2;16;16;16m██[38;2;16;16;16m██[38;2;16;16;16m██[38;2;16;16;16m██[38;2;16;16;16m██[38;2;16;16;16m██[38;2;16;16;16m██      
