                                  [38;2;16;16;16m██[38;2;16;16;16m██[38;2;16;16;16m██[38;2;16;16;16m██[38;2;16;16;16m██[38;2;16;16;16m██[38;2;16;16;16m██                                                                    
                          [38;2;8;8;8m██[38;2;8;8;8m██[38;2;8;8;8m██[38;2;16;16;16m██[38;2;61;61;61m██[38;2;61;61;61m██[38;2;61;61;61m██[38;2;61;61;61m██[38;2;61;61;61m██[38;2;61;61;61m██[38;2;61;61;61m██[38;2;8;8;8m██[38;2;8;8;8m██                                                                
                    [38;2;8;8;8m██[38;2;8;8;8m██[38;2;16;16;16m██[38;2;61;61;61m██[38;2;61;61;61m██[38;2;61;61;61m██[38;2;61;61;61m██[38;2;61;61;61m██[38;2;61;61;61m██[38;2;61;61;61m██[38;2;61;61;61m██[38;2;61;61;61m██[38;2;61;61;61m██[38;2;61;61;61m██[38;2;61;61;61m██[38;2;16;16;16m██[38;2;8;8;8m██                                                              
                [38;2;8;8;8m██[38;2;8;8;8m██[38;2;87;87;87m██[38;2;87;87;87m██[38;2;61;61;61m██[38;2;61;61;61m██[38;2;61;61;61m██[38;2;61;61;61m██[38;2;61;61;61m██[38;2;61;61;61m██[38;2;61;61;61m██[38;2;61;61;61m██[38;2;61;61;61m██[38;2;61;61;61m██[38;2;61;61;61m██[38;2;61;61;61m██[38;2;61;61;61m██[38;2;61;61;61m██[38;2;8;8;8m██                                                              
              [38;2;8;8;8m██[38;2;239;66;66m██[38;2;173;66;66m██[38;2;90;57;66m██[38;2;87;87;87m██[38;2;87;87;87m██[38;2;87;87;87m██[38;2;61;61;61m██[38;2;61;61;61m██[38;2;61;61;61m██[38;2;61;61;61m██[38;2;61;61;61m██[38;2;61;61;61m██[38;2;61;61;61m██[38;2;61;61;61m██[38;2;61;61;61m██[38;2;61;61;61m██[38;2;61;61;61m██[38;2;38;38;38m██[38;2;8;8;8m██                                                              
            [38;2;8;8;8m██[38;2;239;66;66m██[38;2;254;254;254m██[38;2;239;66;66m██[38;2;90;57;66m██[38;2;87;87;87m██[38;2;87;87;87m██[38;2;87;87;87m██[38;2;87;87;87m██[38;2;61;61;61m██[38;2;61;61;61m██[38;2;61;61;61m██[38;2;61;61;61m██[38;2;61;61;61m██[38;2;61;61;61m██[38;2;61;61;61m██[38;2;61;61;61m██[38;2;61;61;61m██[38;2;38;38;38m██[38;2;38;38;38m██[38;2;8;8;8m██                                                              
          [38;2;8;8;8m██[38;2;8;8;8m██[38;2;239;66;66m██[38;2;239;66;66m██[38;2;239;66;66m██[38;2;90;57;66m██[38;2;87;87;87m██[38;2;87;87;87m██[38;2;87;87;87m██[38;2;87;87;87m██[38;2;61;61;61m██[38;2;61;61;61m██[38;2;61;61;61m██[38;2;61;61;61m██[38;2;61;61;61m██[38;2;61;61;61m██[38;2;61;61;61m██[38;2;38;38;38m██[38;2;38;38;38m██[38;2;38;38;38m██[38;2;8;8;8m██                                                                
        [38;2;16;16;16m██[38;2;16;16;16m██[38;2;8;8;8m██[38;2;173;66;66m██[38;2;173;66;66m██[38;2;90;57;66m██[38;2;61;61;61m██[38;2;87;87;87m██[38;2;87;87;87m██[38;2;87;87;87m██[38;2;61;61;61m██[38;2;61;61;61m██[38;2;61;61;61m██[38;2;61;61;61m██[38;2;61;61;61m██[38;2;61;61;61m██[38;2;61;61;61m██[38;2;16;16;16m██[38;2;38;38;38m██[38;2;38;38;38m██[38;2;38;38;38m██[38;2;8;8;8m██                                                                
        [38;2;8;8;8m██[38;2;87;87;87m██[38;2;90;57;66m██[38;2;173;66;66m██[38;2;90;57;66m██[38;2;90;57;66m██[38;2;87;87;87m██[38;2;87;87;87m██[38;2;87;87;87m██[38;2;87;87;87m██[38;2;61;61;61m██[38;2;16;16;16m██[38;2;16;16;16m██[38;2;16;16;16m██[38;2;61;61;61m██[38;2;61;61;61m██[38;2;61;61;61m██[38;2;61;61;61m██[38;2;16;16;16m██[38;2;38;38;38m██[38;2;16;16;16m██[38;2;16;16;16m██                                            [38;2;33;76;16m██[38;2;33;76;16m██                
      [38;2;16;16;16m██[38;2;16;16;16m██[38;2;87;87;87m██[38;2;87;87;87m██[38;2;90;57;66m██[38;2;90;57;66m██[38;2;87;87;87m██[38;2;87;87;87m██[38;2;87;87;87m██[38;2;61;61;61m██[38;2;16;16;16m██[38;2;16;16;16m██[38;2;254;254;254m██[38;2;59;135;28m██[38;2;101;196;53m██[38;2;16;16;16m██[38;2;16;16;16m██[38;2;61;61;61m██[38;2;61;61;61m██[38;2;61;61;61m██[38;2;38;38;38m██[38;2;8;8;8m██                                          [38;2;33;76;16m██[38;2;33;76;16m██[38;2;101;196;53m██[38;2;33;76;16m██                
      [38;2;8;8;8m██[38;2;101;196;53m██[38;2;61;61;61m██[38;2;87;87;87m██[38;2;87;87;87m██[38;2;87;87;87m██[38;2;87;87;87m██[38;2;61;61;61m██[38;2;61;61;61m██[38;2;8;8;8m██[38;2;135;255;103m██[38;2;135;255;103m██[38;2;254;254;254m██[38;2;254;254;254m██[38;2;101;196;53m██[38;2;101;196;53m██[38;2;33;76;16m██[38;2;61;61;61m██[38;2;61;61;61m██[38;2;61;61;61m██[38;2;61;61;61m██[38;2;61;61;61m██[38;2;8;8;8m██                            [38;2;33;76;16m██[38;2;33;76;16m██      [38;2;33;76;16m██[38;2;59;135;28m██[38;2;101;196;53m██[38;2;101;196;53m██[38;2;33;76;16m██                
      [38;2;8;8;8m██[38;2;101;196;53m██[38;2;135;255;103m██[38;2;61;61;61m██[38;2;61;61;61m██[38;2;61;61;61m██[38;2;61;61;61m██[38;2;61;61;61m██[38;2;61;61;61m██[38;2;135;255;103m██[38;2;8;8;8m██[38;2;135;255;103m██[38;2;254;254;254m██[38;2;254;254;254m██[38;2;101;196;53m██[38;2;101;196;53m██[38;2;101;196;53m██[38;2;33;76;16m██[38;2;38;38;38m██[38;2;61;61;61m██[38;2;61;61;61m██[38;2;61;61;61m██[38;2;61;61;61m██[38;2;8;8;8m██                          [38;2;33;76;16m██[38;2;59;135;28m██[38;2;33;76;16m██  [38;2;33;76;16m██[38;2;59;135;28m██[38;2;101;196;53m██[38;2;101;196;53m██[38;2;101;196;53m██[38;2;33;76;16m██        [38;2;33;76;16m██[38;2;33;76;16m██    
    [38;2;33;76;16m██[38;2;8;8;8m██[38;2;101;196;53m██[38;2;8;8;8m██[38;2;61;61;61m██[38;2;61;61;61m██[38;2;61;61;61m██[38;2;61;61;61m██[38;2;61;61;61m██[38;2;61;61;61m██[38;2;254;254;254m██[38;2;8;8;8m██[38;2;135;255;103m██[38;2;254;254;254m██[38;2;101;196;53m██[38;2;101;196;53m██[38;2;101;196;53m██[38;2;101;196;53m██[38;2;33;76;16m██[38;2;101;196;53m██[38;2;38;38;38m██[38;2;61;61;61m██[38;2;61;61;61m██[38;2;38;38;38m██[38;2;61;61;61m██[38;2;8;8;8m██                        [38;2;33;76;16m██[38;2;59;135;28m██[38;2;59;135;28m██[38;2;33;76;16m██[38;2;59;135;28m██[38;2;59;135;28m██[38;2;101;196;53m██[38;2;101;196;53m██[38;2;33;76;16m██      [38;2;33;76;16m██[38;2;33;76;16m██[38;2;101;196;53m██[38;2;33;76;16m██    
    [38;2;33;76;16m██[38;2;8;8;8m██[38;2;61;61;61m██[38;2;135;255;103m██[38;2;61;61;61m██[38;2;61;61;61m██[38;2;61;61;61m██[38;2;61;61;61m██[38;2;61;61;61m██[38;2;61;61;61m██[38;2;61;61;61m██[38;2;135;255;103m██[38;2;254;254;254m██[38;2;101;196;53m██[38;2;101;196;53m██[38;2;101;196;53m██[38;2;101;196;53m██[38;2;59;135;28m██[38;2;33;76;16m██[38;2;101;196;53m██[38;2;101;196;53m██[38;2;38;38;38m██[38;2;61;61;61m██[38;2;61;61;61m██[38;2;38;38;38m██[38;2;61;61;61m██[38;2;8;8;8m██                      [38;2;33;76;16m██[38;2;59;135;28m██[38;2;59;135;28m██[38;2;59;135;28m██[38;2;59;135;28m██[38;2;173;66;66m██[38;2;12;43;8m██[38;2;12;43;8m██[38;2;33;76;16m██[38;2;33;76;16m██[38;2;33;76;16m██[38;2;12;43;8m██[38;2;101;196;53m██[38;2;101;196;53m██[38;2;101;196;53m██[38;2;33;76;16m██    
  [38;2;33;76;16m██[38;2;59;135;28m██[38;2;33;76;16m██[38;2;16;16;16m██[38;2;61;61;61m██[38;2;61;61;61m██[38;2;61;61;61m██[38;2;61;61;61m██[38;2;61;61;61m██[38;2;61;61;61m██[38;2;61;61;61m██[38;2;61;61;61m██[38;2;61;61;61m██[38;2;101;196;53m██[38;2;101;196;53m██[38;2;101;196;53m██[38;2;101;196;53m██[38;2;101;196;53m██[38;2;59;135;28m██[38;2;59;135;28m██[38;2;101;196;53m██[38;2;101;196;53m██[38;2;101;196;53m██[38;2;38;38;38m██[38;2;61;61;61m██[38;2;61;61;61m██[38;2;16;16;16m██[38;2;38;38;38m██[38;2;8;8;8m██                      [38;2;33;76;16m██[38;2;59;135;28m██[38;2;59;135;28m██[38;2;173;66;66m██[38;2;173;66;66m██[38;2;12;43;8m██[38;2;101;196;53m██[38;2;12;43;8m██[38;2;59;135;28m██[38;2;12;43;8m██[38;2;101;196;53m██[38;2;101;196;53m██[38;2;101;196;53m██[38;2;101;196;53m██[38;2;33;76;16m██    
  [38;2;33;76;16m██[38;2;59;135;28m██[38;2;59;135;28m██[38;2;16;16;16m██[38;2;61;61;61m██[38;2;61;61;61m██[38;2;61;61;61m██[38;2;8;8;8m██[38;2;8;8;8m██[38;2;61;61;61m██[38;2;61;61;61m██[38;2;61;61;61m██[38;2;59;135;28m██[38;2;101;196;53m██[38;2;101;196;53m██[38;2;101;196;53m██[38;2;101;196;53m██[38;2;59;135;28m██[38;2;59;135;28m██[38;2;12;43;8m██[38;2;12;43;8m██[38;2;33;76;16m██[38;2;101;196;53m██[38;2;101;196;53m██[38;2;38;38;38m██[38;2;38;38;38m██[38;2;16;16;16m██[38;2;38;38;38m██[38;2;8;8;8m██                      [38;2;33;76;16m██[38;2;59;135;28m██[38;2;59;135;28m██[38;2;173;66;66m██[38;2;59;135;28m██[38;2;12;43;8m██[38;2;101;196;53m██[38;2;101;196;53m██[38;2;12;43;8m██[38;2;101;196;53m██[38;2;101;196;53m██[38;2;101;196;53m██[38;2;101;196;53m██[38;2;33;76;16m██      
[38;2;33;76;16m██[38;2;59;135;28m██[38;2;59;135;28m██[38;2;38;38;38m██[38;2;38;38;38m██[38;2;8;8;8m██[38;2;59;135;28m██[38;2;61;61;61m██[38;2;61;61;61m██[38;2;61;61;61m██[38;2;61;61;61m██[38;2;59;135;28m██[38;2;101;196;53m██[38;2;101;196;53m██[38;2;101;196;53m██[38;2;101;196;53m██[38;2;59;135;28m██[38;2;59;135;28m██[38;2;59;135;28m██[38;2;12;43;8m██    [38;2;8;8;8m██[38;2;8;8;8m██[38;2;16;16;16m██[38;2;38;38;38m██[38;2;38;38;38m██[38;2;16;16;16m██[38;2;8;8;8m██                          [38;2;33;76;16m██[38;2;59;135;28m██[38;2;59;135;28m██[38;2;59;135;28m██[38;2;12;43;8m██[38;2;101;196;53m██[38;2;101;196;53m██[38;2;101;196;53m██[38;2;101;196;53m██[38;2;239;66;66m██[38;2;101;196;53m██[38;2;33;76;16m██[38;2;33;76;16m██[38;2;33;76;16m██[38;2;33;76;16m██[38;2;8;8;8m██
[38;2;33;76;16m██[38;2;59;135;28m██[38;2;38;38;38m██[38;2;38;38;38m██[38;2;16;16;16m██[38;2;16;16;16m██[38;2;8;8;8m██[38;2;38;38;38m██[38;2;59;135;28m██[38;2;101;196;53m██[38;2;101;196;53m██[38;2;101;196;53m██[38;2;101;196;53m██[38;2;101;196;53m██[38;2;59;135;28m██[38;2;59;135;28m██[38;2;59;135;28m██[38;2;59;135;28m██[38;2;12;43;8m██            [38;2;8;8;8m██[38;2;8;8;8m██                            [38;2;33;76;16m██[38;2;59;135;28m██[38;2;59;135;28m██[38;2;59;135;28m██[38;2;33;76;16m██[38;2;33;76;16m██[38;2;33;76;16m██[38;2;101;196;53m██[38;2;101;196;53m██[38;2;239;66;66m██[38;2;239;66;66m██[38;2;101;196;53m██[38;2;101;196;53m██[38;2;101;196;53m██[38;2;101;196;53m██[38;2;101;196;53m██[38;2;8;8;8m██
  [38;2;16;16;16m██[38;2;16;16;16m██[38;2;16;16;16m██        [38;2;8;8;8m██[38;2;8;8;8m██[38;2;8;8;8m██[38;2;59;135;28m██[38;2;59;135;28m██[38;2;59;135;28m██[38;2;59;135;28m██[38;2;59;135;28m██[38;2;33;76;16m██[38;2;12;43;8m██[38;2;12;43;8m██[38;2;12;43;8m██[38;2;12;43;8m██                                        [38;2;33;76;16m██[38;2;33;76;16m██[38;2;59;135;28m██[38;2;59;135;28m██[38;2;59;135;28m██[38;2;33;76;16m██[38;2;12;43;8m██[38;2;59;135;28m██[38;2;101;196;53m██[38;2;239;66;66m██[38;2;101;196;53m██[38;2;101;196;53m██[38;2;101;196;53m██[38;2;101;196;53m██[38;2;101;196;53m██[38;2;8;8;8m██  
                      [38;2;8;8;8m██[38;2;8;8;8m██[38;2;8;8;8m██[38;2;59;135;28m██[38;2;59;135;28m██[38;2;59;135;28m██[38;2;59;135;28m██[38;2;59;135;28m██[38;2;59;135;28m██[38;2;33;76;16m██[38;2;12;43;8m██[38;2;12;43;8m██[38;2;12;43;8m██[38;2;12;43;8m██[38;2;12;43;8m██[38;2;12;43;8m██                          [38;2;33;76;16m██[38;2;59;135;28m██[38;2;59;135;28m██[38;2;59;135;28m██[38;2;33;76;16m██[38;2;12;43;8m██    [38;2;12;43;8m██[38;2;59;135;28m██[38;2;101;196;53m██[38;2;101;196;53m██[38;2;101;196;53m██[38;2;59;135;28m██[38;2;8;8;8m██[38;2;8;8;8m██    
                  [38;2;12;43;8m██[38;2;12;43;8m██[38;2;12;43;8m██[38;2;59;135;28m██[38;2;59;135;28m██[38;2;33;76;16m██[38;2;59;135;28m██[38;2;59;135;28m██[38;2;12;43;8m██[38;2;59;135;28m██[38;2;101;196;53m██[38;2;101;196;53m██[38;2;101;196;53m██[38;2;101;196;53m██[38;2;101;196;53m██[38;2;101;196;53m██[38;2;101;196;53m██[38;2;33;76;16m██[38;2;12;43;8m██[38;2;12;43;8m██                        [38;2;33;76;16m██[38;2;59;135;28m██[38;2;33;76;16m██[38;2;59;135;28m██[38;2;12;43;8m██  [38;2;33;76;16m██[38;2;59;135;28m██[38;2;59;135;28m██[38;2;59;135;28m██[38;2;33;76;16m██[38;2;8;8;8m██[38;2;8;8;8m██        
              [38;2;12;43;8m██[38;2;12;43;8m██[38;2;59;135;28m██[38;2;59;135;28m██[38;2;59;135;28m██[38;2;59;135;28m██[38;2;12;43;8m██[38;2;12;43;8m██[38;2;101;196;53m██[38;2;101;196;53m██[38;2;101;196;53m██[38;2;8;8;8m██[38;2;8;8;8m██[38;2;12;43;8m██[38;2;101;196;53m██[38;2;101;196;53m██[38;2;101;196;53m██[38;2;101;196;53m██[38;2;101;196;53m██[38;2;101;196;53m██[38;2;101;196;53m██[38;2;101;196;53m██[38;2;12;43;8m██                      [38;2;33;76;16m██[38;2;33;76;16m██[38;2;8;8;8m██[38;2;8;8;8m██    [38;2;33;76;16m██[38;2;33;76;16m██[38;2;59;135;28m██[38;2;59;135;28m██[38;2;59;135;28m██[38;2;8;8;8m██          
        [38;2;12;43;8m██[38;2;12;43;8m██[38;2;12;43;8m██[38;2;101;196;53m██[38;2;101;196;53m██[38;2;101;196;53m██[38;2;59;135;28m██[38;2;33;76;16m██[38;2;12;43;8m██  [38;2;12;43;8m██[38;2;33;76;16m██[38;2;101;196;53m██[38;2;101;196;53m██[38;2;101;196;53m██[38;2;101;196;53m██[38;2;8;8;8m██[38;2;8;8;8m██[38;2;8;8;8m██[38;2;8;8;8m██[38;2;12;43;8m██[38;2;101;196;53m██[38;2;101;196;53m██[38;2;8;8;8m██[38;2;8;8;8m██                    [38;2;33;76;16m██[38;2;33;76;16m██[38;2;59;135;28m██[38;2;8;8;8m██      [38;2;33;76;16m██[38;2;59;135;28m██[38;2;59;135;28m██[38;2;59;135;28m██[38;2;33;76;16m██[38;2;8;8;8m██            
      [38;2;12;43;8m██[38;2;101;196;53m██[38;2;101;196;53m██[38;2;101;196;53m██[38;2;101;196;53m██[38;2;101;196;53m██[38;2;33;76;16m██[38;2;8;8;8m██[38;2;8;8;8m██      [38;2;8;8;8m██[38;2;101;196;53m██[38;2;101;196;53m██[38;2;101;196;53m██[38;2;101;196;53m██[38;2;59;135;28m██[38;2;101;196;53m██[38;2;12;43;8m██    [38;2;8;8;8m██[38;2;8;8;8m██                    [38;2;33;76;16m██[38;2;33;76;16m██[38;2;59;135;28m██[38;2;12;43;8m██[38;2;8;8;8m██          [38;2;12;43;8m██[38;2;59;135;28m██[38;2;33;76;16m██[38;2;59;135;28m██[38;2;8;8;8m██            
        [38;2;8;8;8m██[38;2;33;76;16m██[38;2;101;196;53m██[38;2;12;43;8m██[38;2;8;8;8m██[38;2;8;8;8m██          [38;2;8;8;8m██[38;2;59;135;28m██[38;2;101;196;53m██[38;2;101;196;53m██[38;2;59;135;28m██[38;2;101;196;53m██[38;2;59;135;28m██[38;2;101;196;53m██[38;2;12;43;8m██                    [38;2;33;76;16m██[38;2;33;76;16m██[38;2;33;76;16m██[38;2;59;135;28m██[38;2;59;135;28m██[38;2;8;8;8m██            [38;2;12;43;8m██[38;2;59;135;28m██[38;2;8;8;8m██[38;2;8;8;8m██[38;2;8;8;8m██              
          [38;2;8;8;8m██[38;2;8;8;8m██                [38;2;8;8;8m██[38;2;33;76;16m██[38;2;59;135;28m██[38;2;59;135;28m██[38;2;59;135;28m██[38;2;59;135;28m██[38;2;101;196;53m██[38;2;59;135;28m██[38;2;33;76;16m██[38;2;12;43;8m██[38;2;12;43;8m██          [38;2;33;76;16m██[38;2;33;76;16m██[38;2;33;76;16m██[38;2;59;135;28m██[38;2;59;135;28m██[38;2;59;135;28m██[38;2;12;43;8m██[38;2;12;43;8m██            [38;2;12;43;8m██[38;2;59;135;28m██[38;2;12;43;8m██                    
                                [38;2;8;8;8m██[38;2;59;135;28m██[38;2;59;135;28m██[38;2;59;135;28m██[38;2;59;135;28m██[38;2;59;135;28m██[38;2;59;135;28m██[38;2;59;135;28m██[38;2;12;43;8m██[38;2;59;135;28m██[38;2;12;43;8m██[38;2;12;43;8m██[38;2;12;43;8m██[38;2;12;43;8m██[38;2;12;43;8m██[38;2;59;135;28m██[38;2;59;135;28m██[38;2;59;135;28m██[38;2;59;135;28m██[38;2;12;43;8m██[38;2;12;43;8m██            [38;2;12;43;8m██[38;2;12;43;8m██[38;2;59;135;28m██[38;2;8;8;8m██                      
                                [38;2;12;43;8m██[38;2;8;8;8m██[38;2;33;76;16m██[38;2;59;135;28m██[38;2;33;76;16m██[38;2;59;135;28m██[38;2;59;135;28m██[38;2;59;135;28m██[38;2;33;76;16m██[38;2;33;76;16m██[38;2;59;135;28m██[38;2;59;135;28m██[38;2;59;135;28m██[38;2;8;8;8m██[38;2;8;8;8m██[38;2;8;8;8m██[38;2;8;8;8m██[38;2;12;43;8m██[38;2;12;43;8m██        [38;2;12;43;8m██[38;2;12;43;8m██[38;2;12;43;8m██[38;2;12;43;8m██[38;2;101;196;53m██[38;2;8;8;8m██[38;2;8;8;8m██                        
                                [38;2;12;43;8m██[38;2;59;135;28m██[38;2;33;76;16m██[38;2;12;43;8m██[38;2;8;8;8m██[38;2;8;8;8m██[38;2;59;135;28m██[38;2;59;135;28m██[38;2;59;135;28m██[38;2;12;43;8m██[38;2;8;8;8m██[38;2;8;8;8m██[38;2;59;135;28m██[38;2;59;135;28m██[38;2;59;135;28m██[38;2;59;135;28m██[38;2;59;135;28m██[38;2;8;8;8m██[38;2;8;8;8m██[38;2;8;8;8m██[38;2;8;8;8m██[38;2;8;8;8m██[38;2;8;8;8m██[38;2;59;135;28m██[38;2;101;196;53m██[38;2;101;196;53m██[38;2;8;8;8m██[38;2;8;8;8m██                            
                                  [38;2;12;43;8m██[38;2;59;135;28m██[38;2;8;8;8m██    [38;2;8;8;8m██[38;2;8;8;8m██[38;2;59;135;28m██[38;2;12;43;8m██    [38;2;8;8;8m██[38;2;8;8;8m██[38;2;8;8;8m██[38;2;8;8;8m██[38;2;59;135;28m██[38;2;59;135;28m██[38;2;59;135;28m██[38;2;101;196;53m██[38;2;101;196;53m██[38;2;101;196;53m██[38;2;101;196;53m██[38;2;8;8;8m██[38;2;8;8;8m██[38;2;8;8;8m██                                
                                    [38;2;8;8;8m██        [38;2;8;8;8m██[38;2;8;8;8m██[38;2;8;8;8m██            [38;2;8;8;8m██[38;2;8;8;8m██[38;2;8;8;8m██[38;2;8;8;8m██[38;2;8;8;8m██[38;2;8;8;8m██[38;2;8;8;8m██                                      
