                          [38;2;173;85;114m██[38;2;173;85;114m██[38;2;173;85;114m██[38;2;173;85;114m██                                  
                    [38;2;173;85;114m██[38;2;173;85;114m██  [38;2;173;85;114m██[38;2;254;163;196m██[38;2;254;163;196m██[38;2;254;163;196m██[38;2;173;85;114m██[38;2;173;85;114m██  [38;2;173;85;114m██[38;2;173;85;114m██[38;2;173;85;114m██                      
                  [38;2;173;85;114m██[38;2;254;163;196m██[38;2;254;163;196m██[38;2;173;85;114m██[38;2;173;85;114m██[38;2;221;130;171m██[38;2;254;163;196m██[38;2;254;163;196m██[38;2;221;130;171m██[38;2;173;85;114m██[38;2;173;85;114m██[38;2;173;85;114m██[38;2;254;163;196m██[38;2;254;163;196m██[38;2;173;85;114m██                    
          [38;2;173;85;114m██[38;2;173;85;114m██[38;2;173;85;114m██[38;2;173;85;114m██[38;2;221;130;171m██[38;2;254;163;196m██[38;2;254;163;196m██[38;2;254;163;196m██[38;2;254;163;196m██[38;2;173;85;114m██[38;2;221;130;171m██[38;2;254;163;196m██[38;2;254;163;196m██[38;2;254;163;196m██[38;2;221;130;171m██[38;2;173;85;114m██[38;2;254;163;196m██[38;2;254;163;196m██[38;2;221;130;171m██[38;2;173;85;114m██[38;2;173;85;114m██                
        [38;2;173;85;114m██[38;2;254;163;196m██[38;2;254;163;196m██[38;2;254;163;196m██[38;2;173;85;114m██[38;2;173;85;114m██[38;2;254;163;196m██[38;2;254;163;196m██[38;2;254;163;196m██[38;2;254;163;196m██[38;2;254;163;196m██[38;2;254;163;196m██[38;2;254;163;196m██[38;2;254;163;196m██[38;2;254;163;196m██[38;2;254;163;196m██[38;2;254;163;196m██[38;2;173;85;114m██[38;2;254;163;196m██[38;2;254;163;196m██[38;2;173;85;114m██[38;2;254;163;196m██[38;2;173;85;114m██              
        [38;2;173;85;114m██[38;2;221;130;171m██[38;2;254;163;196m██[38;2;254;163;196m██[38;2;254;163;196m██[38;2;254;163;196m██[38;2;221;130;171m██[38;2;254;163;196m██[38;2;254;163;196m██[38;2;254;163;196m██[38;2;254;163;196m██[38;2;254;163;196m██[38;2;254;163;196m██[38;2;254;163;196m██[38;2;254;163;196m██[38;2;254;163;196m██[38;2;254;163;196m██[38;2;254;163;196m██[38;2;254;163;196m██[38;2;254;163;196m██[38;2;254;163;196m██[38;2;254;163;196m██[38;2;173;85;114m██[38;2;173;85;114m██[38;2;173;85;114m██          
        [38;2;173;85;114m██[38;2;173;85;114m██[38;2;221;130;171m██[38;2;254;163;196m██[38;2;254;163;196m██[38;2;254;163;196m██[38;2;254;163;196m██[38;2;254;163;196m██[38;2;254;163;196m██[38;2;254;163;196m██[38;2;254;163;196m██[38;2;254;163;196m██[38;2;254;196;217m██[38;2;254;196;217m██[38;2;254;196;217m██[38;2;254;163;196m██[38;2;254;163;196m██[38;2;254;163;196m██[38;2;254;163;196m██[38;2;254;163;196m██[38;2;254;163;196m██[38;2;254;163;196m██[38;2;254;163;196m██[38;2;254;163;196m██[38;2;173;85;114m██[38;2;173;85;114m██        
      [38;2;173;85;114m██[38;2;254;163;196m██[38;2;254;163;196m██[38;2;221;130;171m██[38;2;254;163;196m██[38;2;254;163;196m██[38;2;254;163;196m██[38;2;254;196;217m██[38;2;254;196;217m██[38;2;254;163;196m██[38;2;254;163;196m██[38;2;254;163;196m██[38;2;254;196;217m██[38;2;254;196;217m██[38;2;254;196;217m██[38;2;254;163;196m██[38;2;254;163;196m██[38;2;254;163;196m██[38;2;254;163;196m██[38;2;254;163;196m██[38;2;254;163;196m██[38;2;254;163;196m██[38;2;254;163;196m██[38;2;254;163;196m██[38;2;254;163;196m██[38;2;254;163;196m██[38;2;173;85;114m██        
    [38;2;173;85;114m██[38;2;254;163;196m██[38;2;254;163;196m██[38;2;254;163;196m██[38;2;254;163;196m██[38;2;254;163;196m██[38;2;254;163;196m██[38;2;254;163;196m██[38;2;254;196;217m██[38;2;254;196;217m██[38;2;254;163;196m██[38;2;254;163;196m██[38;2;254;163;196m██[38;2;254;163;196m██[38;2;254;163;196m██[38;2;254;163;196m██[38;2;254;163;196m██[38;2;254;163;196m██[38;2;254;163;196m██[38;2;254;163;196m██[38;2;254;163;196m██[38;2;254;163;196m██[38;2;254;163;196m██[38;2;254;163;196m██[38;2;254;163;196m██[38;2;221;130;171m██[38;2;173;85;114m██          
    [38;2;173;85;114m██[38;2;221;130;171m██[38;2;254;163;196m██[38;2;254;163;196m██[38;2;254;163;196m██[38;2;254;163;196m██[38;2;254;163;196m██[38;2;254;163;196m██[38;2;254;163;196m██[38;2;254;163;196m██[38;2;254;163;196m██[38;2;254;163;196m██[38;2;254;163;196m██[38;2;254;163;196m██[38;2;254;163;196m██[38;2;254;163;196m██[38;2;254;163;196m██[38;2;254;163;196m██[38;2;254;196;217m██[38;2;254;163;196m██[38;2;254;163;196m██[38;2;254;163;196m██[38;2;254;163;196m██[38;2;254;196;217m██[38;2;254;196;217m██[38;2;254;163;196m██[38;2;221;130;171m██[38;2;173;85;114m██        
      [38;2;173;85;114m██[38;2;221;130;171m██[38;2;254;163;196m██[38;2;254;163;196m██[38;2;254;163;196m██[38;2;254;163;196m██[38;2;254;163;196m██[38;2;254;163;196m██[38;2;254;163;196m██[38;2;254;163;196m██[38;2;254;163;196m██[38;2;254;163;196m██[38;2;254;163;196m██[38;2;254;163;196m██[38;2;166;149;158m██[38;2;166;149;158m██[38;2;254;163;196m██[38;2;254;163;196m██[38;2;254;163;196m██[38;2;254;163;196m██[38;2;254;163;196m██[38;2;254;163;196m██[38;2;254;196;217m██[38;2;254;196;217m██[38;2;254;196;217m██[38;2;254;163;196m██[38;2;254;163;196m██[38;2;173;85;114m██[38;2;173;85;114m██    
      [38;2;139;139;172m██[38;2;255;255;255m██[38;2;221;130;171m██[38;2;221;130;171m██[38;2;221;130;171m██[38;2;221;130;171m██[38;2;254;163;196m██[38;2;254;163;196m██[38;2;254;163;196m██[38;2;254;163;196m██[38;2;254;163;196m██[38;2;254;163;196m██[38;2;254;163;196m██[38;2;166;149;158m██[38;2;237;226;232m██[38;2;166;149;158m██[38;2;221;130;171m██[38;2;254;163;196m██[38;2;189;76;113m██[38;2;148;57;87m██[38;2;148;57;87m██[38;2;254;163;196m██[38;2;254;163;196m██[38;2;254;196;217m██[38;2;254;196;217m██[38;2;254;163;196m██[38;2;254;163;196m██[38;2;254;163;196m██[38;2;16;16;16m██    
    [38;2;235;119;157m██[38;2;255;255;255m██[38;2;255;255;255m██[38;2;255;255;255m██[38;2;255;255;255m██[38;2;255;255;255m██[38;2;255;255;255m██[38;2;221;130;171m██[38;2;221;130;171m██[38;2;221;130;171m██[38;2;254;163;196m██[38;2;221;130;171m██[38;2;221;130;171m██[38;2;221;130;171m██[38;2;166;149;158m██[38;2;237;226;232m██[38;2;237;226;232m██[38;2;166;149;158m██[38;2;148;57;87m██[38;2;189;76;113m██[38;2;235;119;157m██[38;2;235;119;157m██[38;2;189;76;113m██[38;2;148;57;87m██[38;2;148;57;87m██[38;2;254;163;196m██[38;2;254;163;196m██[38;2;254;163;196m██[38;2;254;163;196m██[38;2;221;130;171m██[38;2;16;16;16m██  
    [38;2;16;16;16m██[38;2;255;255;255m██[38;2;255;255;255m██[38;2;255;255;255m██[38;2;255;255;255m██[38;2;255;255;255m██[38;2;235;119;157m██[38;2;255;255;255m██[38;2;255;255;255m██[38;2;189;189;205m██[38;2;166;149;158m██[38;2;166;149;158m██[38;2;166;149;158m██[38;2;166;149;158m██[38;2;237;226;232m██[38;2;237;226;232m██[38;2;237;226;232m██[38;2;166;149;158m██[38;2;166;149;158m██[38;2;166;149;158m██[38;2;166;149;158m██[38;2;235;119;157m██[38;2;235;119;157m██[38;2;235;119;157m██[38;2;148;57;87m██[38;2;254;163;196m██[38;2;254;163;196m██[38;2;221;130;171m██[38;2;254;163;196m██[38;2;221;130;171m██[38;2;16;16;16m██  
    [38;2;189;189;205m██[38;2;255;255;255m██[38;2;255;255;255m██[38;2;255;255;255m██[38;2;255;255;255m██[38;2;255;255;255m██[38;2;16;16;16m██[38;2;235;119;157m██[38;2;255;255;255m██[38;2;255;255;255m██[38;2;166;149;158m██[38;2;201;187;195m██[38;2;237;226;232m██[38;2;166;149;158m██[38;2;237;226;232m██[38;2;237;226;232m██[38;2;237;226;232m██[38;2;166;149;158m██[38;2;237;226;232m██[38;2;237;226;232m██[38;2;16;16;16m██[38;2;235;119;157m██[38;2;235;119;157m██[38;2;148;57;87m██[38;2;254;163;196m██[38;2;254;163;196m██[38;2;254;163;196m██[38;2;254;163;196m██[38;2;173;85;114m██[38;2;16;16;16m██    
  [38;2;98;90;106m██[38;2;255;255;255m██[38;2;255;255;255m██[38;2;255;255;255m██[38;2;255;255;255m██[38;2;255;255;255m██[38;2;255;255;255m██[38;2;16;16;16m██[38;2;189;189;205m██[38;2;255;255;255m██[38;2;255;255;255m██[38;2;166;149;158m██[38;2;237;226;232m██[38;2;237;226;232m██[38;2;237;226;232m██[38;2;237;226;232m██[38;2;16;16;16m██[38;2;237;226;232m██[38;2;237;226;232m██[38;2;237;226;232m██[38;2;237;226;232m██[38;2;16;16;16m██[38;2;235;119;157m██[38;2;189;76;113m██[38;2;189;76;113m██[38;2;221;130;171m██[38;2;221;130;171m██[38;2;254;163;196m██[38;2;254;163;196m██[38;2;254;163;196m██[38;2;254;163;196m██[38;2;16;16;16m██  
[38;2;16;16;16m██[38;2;255;255;255m██[38;2;16;16;16m██[38;2;189;189;205m██[38;2;255;255;255m██[38;2;255;255;255m██[38;2;255;255;255m██[38;2;255;255;255m██[38;2;189;189;205m██[38;2;255;255;255m██[38;2;255;255;255m██[38;2;255;255;255m██[38;2;189;189;205m██[38;2;166;149;158m██[38;2;237;226;232m██[38;2;16;16;16m██[38;2;237;226;232m██[38;2;237;226;232m██[38;2;237;226;232m██[38;2;237;226;232m██[38;2;201;187;195m██[38;2;16;16;16m██[38;2;189;76;113m██[38;2;189;76;113m██[38;2;148;57;87m██[38;2;221;130;171m██[38;2;221;130;171m██[38;2;254;163;196m██[38;2;254;163;196m██[38;2;254;163;196m██[38;2;254;163;196m██[38;2;221;130;171m██[38;2;221;130;171m██[38;2;16;16;16m██
[38;2;98;90;106m██[38;2;255;255;255m██[38;2;255;255;255m██[38;2;255;255;255m██[38;2;255;255;255m██[38;2;255;255;255m██[38;2;255;255;255m██[38;2;255;255;255m██[38;2;255;255;255m██[38;2;255;255;255m██[38;2;255;255;255m██[38;2;255;255;255m██[38;2;189;189;205m██[38;2;166;149;158m██[38;2;166;149;158m██[38;2;237;226;232m██[38;2;201;187;195m██[38;2;237;226;232m██[38;2;16;16;16m██[38;2;237;226;232m██[38;2;16;16;16m██[38;2;16;16;16m██[38;2;148;57;87m██[38;2;148;57;87m██[38;2;221;130;171m██[38;2;221;130;171m██[38;2;221;130;171m██[38;2;254;163;196m██[38;2;254;163;196m██[38;2;173;85;114m██[38;2;221;130;171m██[38;2;221;130;171m██[38;2;221;130;171m██[38;2;16;16;16m██
  [38;2;16;16;16m██[38;2;98;90;106m██[38;2;255;255;255m██[38;2;255;255;255m██[38;2;255;255;255m██[38;2;255;255;255m██[38;2;189;189;205m██[38;2;255;255;255m██[38;2;255;255;255m██[38;2;255;255;255m██[38;2;189;189;205m██[38;2;166;149;158m██[38;2;237;226;232m██[38;2;237;226;232m██[38;2;237;226;232m██[38;2;16;16;16m██[38;2;237;226;232m██[38;2;237;226;232m██[38;2;237;226;232m██[38;2;237;226;232m██[38;2;237;226;232m██[38;2;16;16;16m██[38;2;221;130;171m██[38;2;221;130;171m██[38;2;221;130;171m██[38;2;221;130;171m██[38;2;221;130;171m██[38;2;221;130;171m██[38;2;221;130;171m██[38;2;173;85;114m██[38;2;16;16;16m██[38;2;16;16;16m██  
    [38;2;16;16;16m██[38;2;16;16;16m██[38;2;16;16;16m██[38;2;139;139;172m██[38;2;139;139;172m██[38;2;255;255;255m██[38;2;255;255;255m██[38;2;255;255;255m██[38;2;189;189;205m██[38;2;189;189;205m██[38;2;166;149;158m██[38;2;201;187;195m██[38;2;237;226;232m██[38;2;166;149;158m██[38;2;201;187;195m██[38;2;237;226;232m██[38;2;237;226;232m██[38;2;166;149;158m██[38;2;237;226;232m██[38;2;237;226;232m██[38;2;16;16;16m██[38;2;148;57;87m██[38;2;221;130;171m██[38;2;221;130;171m██[38;2;221;130;171m██[38;2;221;130;171m██[38;2;221;130;171m██[38;2;221;130;171m██[38;2;173;85;114m██      
          [38;2;16;16;16m██[38;2;16;16;16m██[38;2;16;16;16m██[38;2;189;189;205m██[38;2;189;189;205m██[38;2;189;189;205m██[38;2;189;189;205m██[38;2;166;149;158m██[38;2;16;16;16m██[38;2;16;16;16m██[38;2;16;16;16m██[38;2;237;226;232m██[38;2;237;226;232m██[38;2;237;226;232m██[38;2;16;16;16m██[38;2;16;16;16m██[38;2;16;16;16m██[38;2;189;76;113m██[38;2;235;119;157m██[38;2;148;57;87m██[38;2;221;130;171m██[38;2;221;130;171m██[38;2;221;130;171m██[38;2;221;130;171m██[38;2;221;130;171m██[38;2;16;16;16m██      
                [38;2;16;16;16m██[38;2;16;16;16m██[38;2;98;90;106m██[38;2;139;139;172m██[38;2;189;189;205m██[38;2;189;189;205m██[38;2;189;189;205m██[38;2;189;189;205m██[38;2;16;16;16m██[38;2;237;226;232m██[38;2;16;16;16m██[38;2;148;57;87m██[38;2;189;76;113m██[38;2;189;76;113m██[38;2;235;119;157m██[38;2;189;76;113m██[38;2;235;119;157m██[38;2;189;76;113m██[38;2;221;130;171m██[38;2;221;130;171m██[38;2;221;130;171m██[38;2;221;130;171m██[38;2;16;16;16m██      
                  [38;2;98;90;106m██[38;2;98;90;106m██[38;2;98;90;106m██[38;2;98;90;106m██[38;2;139;139;172m██[38;2;139;139;172m██[38;2;189;189;205m██[38;2;189;189;205m██[38;2;16;16;16m██[38;2;189;189;205m██[38;2;148;57;87m██[38;2;189;76;113m██[38;2;235;119;157m██[38;2;235;119;157m██[38;2;235;119;157m██[38;2;235;119;157m██[38;2;148;57;87m██[38;2;173;85;114m██[38;2;221;130;171m██[38;2;221;130;171m██[38;2;16;16;16m██        
                  [38;2;98;90;106m██[38;2;139;139;172m██[38;2;139;139;172m██[38;2;139;139;172m██[38;2;98;90;106m██[38;2;139;139;172m██[38;2;139;139;172m██[38;2;189;189;205m██[38;2;189;189;205m██[38;2;189;189;205m██[38;2;189;189;205m██[38;2;148;57;87m██[38;2;189;76;113m██[38;2;235;119;157m██[38;2;235;119;157m██[38;2;235;119;157m██[38;2;148;57;87m██[38;2;189;189;205m██[38;2;173;85;114m██[38;2;173;85;114m██[38;2;16;16;16m██        
                    [38;2;98;90;106m██[38;2;139;139;172m██[38;2;139;139;172m██[38;2;139;139;172m██[38;2;98;90;106m██[38;2;16;16;16m██[38;2;189;189;205m██[38;2;189;189;205m██[38;2;189;189;205m██[38;2;189;189;205m██[38;2;139;139;172m██[38;2;148;57;87m██[38;2;148;57;87m██[38;2;148;57;87m██[38;2;148;57;87m██[38;2;148;57;87m██[38;2;189;189;205m██[38;2;189;189;205m██[38;2;16;16;16m██          
                    [38;2;98;90;106m██[38;2;139;139;172m██[38;2;139;139;172m██[38;2;139;139;172m██[38;2;16;16;16m██[38;2;139;139;172m██[38;2;189;189;205m██[38;2;189;189;205m██[38;2;189;189;205m██[38;2;98;90;106m██[38;2;139;139;172m██[38;2;98;90;106m██[38;2;189;189;205m██[38;2;189;189;205m██[38;2;189;189;205m██[38;2;189;189;205m██[38;2;189;189;205m██[38;2;16;16;16m██            
                    [38;2;98;90;106m██[38;2;139;139;172m██[38;2;98;90;106m██[38;2;139;139;172m██[38;2;16;16;16m██[38;2;189;189;205m██[38;2;189;189;205m██[38;2;189;189;205m██[38;2;189;189;205m██[38;2;16;16;16m██[38;2;16;16;16m██[38;2;16;16;16m██[38;2;189;189;205m██[38;2;139;139;172m██[38;2;189;189;205m██[38;2;16;16;16m██[38;2;16;16;16m██              
                      [38;2;16;16;16m██[38;2;16;16;16m██[38;2;16;16;16m██[38;2;16;16;16m██[38;2;189;189;205m██[38;2;139;139;172m██[38;2;189;189;205m██[38;2;16;16;16m██      [38;2;16;16;16m██[38;2;16;16;16m██[38;2;16;16;16m██                  
                              [38;2;16;16;16m██[38;2;16;16;16m██[38;2;16;16;16m██                                
