                  [38;2;16;16;16m██[38;2;16;16;16m██                                                                                                                  
                [38;2;16;16;16m██[38;2;71;71;79m██[38;2;16;16;16m██                                                                                                                  
                [38;2;16;16;16m██[38;2;71;71;79m██[38;2;16;16;16m██          [38;2;16;16;16m██[38;2;16;16;16m██                                                                                                    
              [38;2;16;16;16m██[38;2;71;71;79m██[38;2;71;71;79m██[38;2;0;0;0m██        [38;2;16;16;16m██[38;2;71;71;79m██[38;2;16;16;16m██                                                                                                    
              [38;2;16;16;16m██[38;2;71;71;79m██[38;2;71;71;79m██[38;2;16;16;16m██        [38;2;16;16;16m██[38;2;71;71;79m██[38;2;16;16;16m██                                                                                                    
            [38;2;16;16;16m██[38;2;71;71;79m██[38;2;71;71;79m██[38;2;71;71;79m██[38;2;53;53;59m██[38;2;16;16;16m██[38;2;16;16;16m██[38;2;16;16;16m██[38;2;16;16;16m██[38;2;16;16;16m██[38;2;71;71;79m██[38;2;16;16;16m██[38;2;16;16;16m██                                                                                                  
          [38;2;16;16;16m██[38;2;71;71;79m██[38;2;53;53;59m██[38;2;53;53;59m██[38;2;53;53;59m██[38;2;71;71;79m██[38;2;71;71;79m██[38;2;71;71;79m██[38;2;71;71;79m██[38;2;16;16;16m██[38;2;71;71;79m██[38;2;71;71;79m██[38;2;16;16;16m██[38;2;71;71;79m██[38;2;53;53;59m██[38;2;16;16;16m██[38;2;16;16;16m██                        [38;2;16;16;16m██[38;2;16;16;16m██[38;2;16;16;16m██[38;2;16;16;16m██[38;2;16;16;16m██[38;2;16;16;16m██                                                        
        [38;2;16;16;16m██[38;2;53;53;59m██[38;2;53;53;59m██[38;2;71;71;79m██[38;2;71;71;79m██[38;2;71;71;79m██[38;2;71;71;79m██[38;2;71;71;79m██[38;2;71;71;79m██[38;2;16;16;16m██[38;2;71;71;79m██[38;2;71;71;79m██[38;2;71;71;79m██[38;2;0;0;0m██[38;2;71;71;79m██[38;2;71;71;79m██[38;2;71;71;79m██[38;2;71;71;79m██[38;2;53;53;59m██[38;2;16;16;16m██[38;2;16;16;16m██          [38;2;16;16;16m██[38;2;16;16;16m██[38;2;16;16;16m██[38;2;53;53;59m██[38;2;71;71;79m██[38;2;71;71;79m██[38;2;71;71;79m██[38;2;71;71;79m██[38;2;71;71;79m██[38;2;71;71;79m██[38;2;16;16;16m██[38;2;16;16;16m██[38;2;16;16;16m██                                                  
      [38;2;53;53;59m██[38;2;71;71;79m██[38;2;71;71;79m██[38;2;71;71;79m██[38;2;71;71;79m██[38;2;71;71;79m██[38;2;71;71;79m██[38;2;71;71;79m██[38;2;71;71;79m██[38;2;16;16;16m██[38;2;71;71;79m██[38;2;71;71;79m██[38;2;71;71;79m██[38;2;71;71;79m██[38;2;16;16;16m██[38;2;71;71;79m██[38;2;71;71;79m██[38;2;71;71;79m██[38;2;71;71;79m██[38;2;71;71;79m██[38;2;71;71;79m██[38;2;71;71;79m██[38;2;16;16;16m██[38;2;16;16;16m██[38;2;16;16;16m██[38;2;16;16;16m██[38;2;53;53;59m██[38;2;71;71;79m██[38;2;71;71;79m██[38;2;71;71;79m██[38;2;71;71;79m██[38;2;71;71;79m██[38;2;71;71;79m██[38;2;71;71;79m██[38;2;71;71;79m██[38;2;71;71;79m██[38;2;71;71;79m██[38;2;71;71;79m██[38;2;71;71;79m██[38;2;71;71;79m██[38;2;16;16;16m██[38;2;16;16;16m██[38;2;16;16;16m██                                            
    [38;2;53;53;59m██[38;2;222;132;231m██[38;2;132;49;148m██[38;2;71;71;79m██[38;2;71;71;79m██[38;2;71;71;79m██[38;2;71;71;79m██[38;2;71;71;79m██[38;2;48;47;47m██[38;2;16;16;16m██[38;2;71;71;79m██[38;2;71;71;79m██[38;2;71;71;79m██[38;2;71;71;79m██[38;2;71;71;79m██[38;2;16;16;16m██[38;2;71;71;79m██[38;2;71;71;79m██[38;2;71;71;79m██[38;2;71;71;79m██[38;2;71;71;79m██[38;2;71;71;79m██[38;2;71;71;79m██[38;2;71;71;79m██[38;2;71;71;79m██[38;2;71;71;79m██[38;2;71;71;79m██[38;2;71;71;79m██[38;2;71;71;79m██[38;2;71;71;79m██[38;2;71;71;79m██[38;2;71;71;79m██[38;2;71;71;79m██[38;2;53;53;59m██[38;2;53;53;59m██[38;2;53;53;59m██[38;2;53;53;59m██[38;2;53;53;59m██[38;2;71;71;79m██[38;2;71;71;79m██[38;2;71;71;79m██[38;2;71;71;79m██[38;2;71;71;79m██[38;2;71;71;79m██[38;2;71;71;79m██[38;2;16;16;16m██                                        
  [38;2;16;16;16m██[38;2;222;132;231m██[38;2;222;132;231m██[38;2;132;49;148m██[38;2;71;71;79m██[38;2;71;71;79m██[38;2;71;71;79m██[38;2;71;71;79m██[38;2;71;71;79m██[38;2;71;71;79m██[38;2;71;71;79m██[38;2;71;71;79m██[38;2;71;71;79m██[38;2;71;71;79m██[38;2;71;71;79m██[38;2;71;71;79m██[38;2;0;0;0m██[38;2;53;53;59m██[38;2;33;32;32m██[38;2;33;32;32m██[38;2;33;32;32m██[38;2;33;32;32m██[38;2;53;53;59m██[38;2;71;71;79m██[38;2;71;71;79m██[38;2;71;71;79m██[38;2;71;71;79m██[38;2;71;71;79m██[38;2;71;71;79m██[38;2;71;71;79m██[38;2;71;71;79m██[38;2;53;53;59m██[38;2;53;53;59m██[38;2;33;32;32m██[38;2;33;32;32m██[38;2;33;32;32m██[38;2;33;32;32m██[38;2;33;32;32m██[38;2;33;32;32m██[38;2;0;0;0m██[38;2;16;16;16m██[38;2;16;16;16m██[38;2;16;16;16m██[38;2;16;16;16m██[38;2;16;16;16m██[38;2;16;16;16m██                                          
  [38;2;53;53;59m██[38;2;222;132;231m██[38;2;132;49;148m██[38;2;71;71;79m██[38;2;71;71;79m██[38;2;71;71;79m██[38;2;71;71;79m██[38;2;71;71;79m██[38;2;71;71;79m██[38;2;71;71;79m██[38;2;0;0;0m██[38;2;16;16;16m██[38;2;71;71;79m██[38;2;71;71;79m██[38;2;71;71;79m██[38;2;71;71;79m██[38;2;16;16;16m██[38;2;16;16;16m██[38;2;33;32;32m██[38;2;33;32;32m██[38;2;33;32;32m██[38;2;33;32;32m██[38;2;33;32;32m██[38;2;33;32;32m██[38;2;33;32;32m██[38;2;33;32;32m██[38;2;33;32;32m██[38;2;53;53;59m██[38;2;53;53;59m██[38;2;53;53;59m██[38;2;33;32;32m██[38;2;33;32;32m██[38;2;33;32;32m██[38;2;33;32;32m██[38;2;33;32;32m██[38;2;0;0;0m██[38;2;16;16;16m██                                                            
[38;2;16;16;16m██[38;2;222;132;231m██[38;2;222;132;231m██[38;2;82;24;99m██[38;2;71;71;79m██[38;2;71;71;79m██[38;2;71;71;79m██[38;2;71;71;79m██[38;2;71;71;79m██[38;2;0;0;0m██[38;2;33;32;32m██[38;2;16;16;16m██[38;2;71;71;79m██[38;2;71;71;79m██[38;2;71;71;79m██[38;2;71;71;79m██[38;2;0;0;0m██[38;2;33;32;32m██[38;2;33;32;32m██[38;2;16;16;16m██[38;2;16;16;16m██[38;2;16;16;16m██[38;2;16;16;16m██[38;2;16;16;16m██[38;2;33;32;32m██[38;2;33;32;32m██[38;2;33;32;32m██[38;2;33;32;32m██[38;2;33;32;32m██[38;2;33;32;32m██[38;2;33;32;32m██[38;2;33;32;32m██[38;2;33;32;32m██[38;2;33;32;32m██[38;2;0;0;0m██[38;2;16;16;16m██                                                                
[38;2;16;16;16m██[38;2;222;132;231m██[38;2;222;132;231m██[38;2;82;24;99m██[38;2;71;71;79m██[38;2;71;71;79m██[38;2;0;0;0m██[38;2;0;0;0m██[38;2;239;247;247m██[38;2;239;247;247m██[38;2;16;16;16m██[38;2;16;16;16m██[38;2;71;71;79m██[38;2;71;71;79m██[38;2;71;71;79m██[38;2;71;71;79m██[38;2;16;16;16m██[38;2;16;16;16m██[38;2;16;16;16m██[38;2;33;32;32m██[38;2;33;32;32m██[38;2;16;16;16m██[38;2;16;16;16m██[38;2;16;16;16m██[38;2;16;16;16m██[38;2;16;16;16m██[38;2;16;16;16m██[38;2;33;32;32m██[38;2;33;32;32m██[38;2;33;32;32m██[38;2;33;32;32m██[38;2;33;32;32m██[38;2;16;16;16m██[38;2;16;16;16m██                                                                    
[38;2;16;16;16m██[38;2;16;16;16m██[38;2;33;32;32m██[38;2;33;32;32m██[38;2;33;32;32m██[38;2;33;32;32m██[38;2;239;247;247m██[38;2;0;0;0m██[38;2;239;247;247m██[38;2;165;165;173m██[38;2;33;32;32m██[38;2;16;16;16m██[38;2;71;71;79m██[38;2;71;71;79m██[38;2;71;71;79m██[38;2;71;71;79m██[38;2;33;32;32m██[38;2;33;32;32m██[38;2;33;32;32m██[38;2;71;71;79m██[38;2;16;16;16m██            [38;2;16;16;16m██[38;2;16;16;16m██[38;2;16;16;16m██[38;2;16;16;16m██[38;2;16;16;16m██                                                                        
    [38;2;16;16;16m██[38;2;16;16;16m██[38;2;16;16;16m██[38;2;16;16;16m██[38;2;16;16;16m██[38;2;165;165;173m██[38;2;165;165;173m██[38;2;33;32;32m██[38;2;33;32;32m██[38;2;71;71;79m██[38;2;71;71;79m██[38;2;71;71;79m██[38;2;71;71;79m██[38;2;16;16;16m██[38;2;33;32;32m██[38;2;53;53;59m██[38;2;71;71;79m██[38;2;16;16;16m██                                                                                                
      [38;2;16;16;16m██[38;2;53;53;59m██[38;2;33;32;32m██[38;2;33;32;32m██[38;2;33;32;32m██[38;2;239;247;247m██[38;2;239;247;247m██[38;2;16;16;16m██[38;2;71;71;79m██[38;2;71;71;79m██[38;2;71;71;79m██[38;2;71;71;79m██[38;2;33;32;32m██[38;2;53;53;59m██[38;2;71;71;79m██[38;2;71;71;79m██[38;2;16;16;16m██                                                                                                
        [38;2;16;16;16m██[38;2;53;53;59m██[38;2;16;16;16m██[38;2;16;16;16m██[38;2;239;247;247m██[38;2;239;247;247m██[38;2;16;16;16m██[38;2;71;71;79m██[38;2;71;71;79m██[38;2;71;71;79m██[38;2;0;0;0m██[38;2;53;53;59m██[38;2;71;71;79m██[38;2;71;71;79m██[38;2;16;16;16m██                                                                                                  
        [38;2;16;16;16m██[38;2;53;53;59m██[38;2;16;16;16m██[38;2;33;32;32m██[38;2;16;16;16m██[38;2;16;16;16m██[38;2;71;71;79m██[38;2;71;71;79m██[38;2;71;71;79m██[38;2;53;53;59m██[38;2;16;16;16m██[38;2;71;71;79m██[38;2;71;71;79m██[38;2;71;71;79m██[38;2;16;16;16m██                                                                                                  
      [38;2;16;16;16m██[38;2;53;53;59m██[38;2;53;53;59m██[38;2;53;53;59m██[38;2;16;16;16m██[38;2;16;16;16m██[38;2;71;71;79m██[38;2;71;71;79m██[38;2;53;53;59m██[38;2;16;16;16m██[38;2;16;16;16m██[38;2;71;71;79m██[38;2;71;71;79m██[38;2;71;71;79m██[38;2;71;71;79m██          [38;2;82;24;99m██[38;2;82;24;99m██[38;2;82;24;99m██          [38;2;82;24;99m██[38;2;82;24;99m██[38;2;82;24;99m██[38;2;82;24;99m██      [38;2;82;24;99m██[38;2;82;24;99m██[38;2;82;24;99m██                                                      
      [38;2;16;16;16m██[38;2;16;16;16m██[38;2;16;16;16m██[38;2;16;16;16m██[38;2;16;16;16m██[38;2;16;16;16m██[38;2;16;16;16m██[38;2;0;0;0m██[38;2;16;16;16m██[38;2;53;53;59m██[38;2;71;71;79m██[38;2;71;71;79m██[38;2;71;71;79m██[38;2;71;71;79m██[38;2;71;71;79m██[38;2;16;16;16m██        [38;2;82;24;99m██[38;2;222;132;231m██[38;2;82;24;99m██      [38;2;82;24;99m██[38;2;82;24;99m██[38;2;222;132;231m██[38;2;222;132;231m██[38;2;222;132;231m██[38;2;16;16;16m██      [38;2;82;24;99m██[38;2;222;132;231m██[38;2;222;132;231m██[38;2;82;24;99m██                                                    
                        [38;2;16;16;16m██[38;2;71;71;79m██[38;2;71;71;79m██[38;2;71;71;79m██[38;2;71;71;79m██[38;2;71;71;79m██[38;2;53;53;59m██[38;2;16;16;16m██      [38;2;82;24;99m██[38;2;181;99;189m██[38;2;181;99;189m██[38;2;82;24;99m██  [38;2;82;24;99m██[38;2;181;99;189m██[38;2;222;132;231m██[38;2;222;132;231m██[38;2;16;16;16m██[38;2;16;16;16m██          [38;2;82;24;99m██[38;2;222;132;231m██[38;2;222;132;231m██[38;2;82;24;99m██                  [38;2;82;24;99m██[38;2;82;24;99m██[38;2;16;16;16m██                          
                        [38;2;16;16;16m██[38;2;71;71;79m██[38;2;71;71;79m██[38;2;71;71;79m██[38;2;71;71;79m██[38;2;71;71;79m██[38;2;71;71;79m██[38;2;53;53;59m██[38;2;16;16;16m██      [38;2;82;24;99m██[38;2;181;99;189m██[38;2;181;99;189m██[38;2;82;24;99m██[38;2;132;49;148m██[38;2;181;99;189m██[38;2;181;99;189m██[38;2;16;16;16m██                [38;2;82;24;99m██[38;2;222;132;231m██[38;2;222;132;231m██[38;2;222;132;231m██[38;2;82;24;99m██            [38;2;82;24;99m██[38;2;222;132;231m██[38;2;222;132;231m██[38;2;16;16;16m██                          
                      [38;2;16;16;16m██[38;2;53;53;59m██[38;2;71;71;79m██[38;2;71;71;79m██[38;2;71;71;79m██[38;2;71;71;79m██[38;2;71;71;79m██[38;2;71;71;79m██[38;2;71;71;79m██[38;2;71;71;79m██[38;2;53;53;59m██[38;2;16;16;16m██[38;2;16;16;16m██[38;2;82;24;99m██[38;2;132;49;148m██[38;2;132;49;148m██[38;2;132;49;148m██[38;2;132;49;148m██[38;2;132;49;148m██[38;2;16;16;16m██                    [38;2;16;16;16m██[38;2;181;99;189m██[38;2;222;132;231m██[38;2;222;132;231m██[38;2;82;24;99m██      [38;2;82;24;99m██[38;2;82;24;99m██[38;2;222;132;231m██[38;2;132;49;148m██[38;2;16;16;16m██                            
                  [38;2;16;16;16m██[38;2;16;16;16m██[38;2;53;53;59m██[38;2;71;71;79m██[38;2;71;71;79m██[38;2;71;71;79m██[38;2;71;71;79m██[38;2;71;71;79m██[38;2;71;71;79m██[38;2;71;71;79m██[38;2;71;71;79m██[38;2;71;71;79m██[38;2;71;71;79m██[38;2;71;71;79m██[38;2;71;71;79m██[38;2;16;16;16m██[38;2;82;24;99m██[38;2;239;247;247m██[38;2;165;165;173m██[38;2;132;49;148m██[38;2;16;16;16m██                        [38;2;16;16;16m██[38;2;181;99;189m██[38;2;222;132;231m██[38;2;222;132;231m██[38;2;82;24;99m██[38;2;82;24;99m██[38;2;82;24;99m██[38;2;222;132;231m██[38;2;222;132;231m██[38;2;132;49;148m██[38;2;16;16;16m██                              
                [38;2;16;16;16m██[38;2;53;53;59m██[38;2;53;53;59m██[38;2;53;53;59m██[38;2;71;71;79m██[38;2;71;71;79m██[38;2;71;71;79m██[38;2;71;71;79m██[38;2;71;71;79m██[38;2;71;71;79m██[38;2;71;71;79m██[38;2;71;71;79m██[38;2;71;71;79m██[38;2;71;71;79m██[38;2;53;53;59m██[38;2;53;53;59m██[38;2;16;16;16m██[38;2;82;24;99m██[38;2;239;247;247m██[38;2;239;247;247m██[38;2;165;165;173m██[38;2;16;16;16m██                          [38;2;16;16;16m██[38;2;181;99;189m██[38;2;181;99;189m██[38;2;181;99;189m██[38;2;181;99;189m██[38;2;181;99;189m██[38;2;181;99;189m██[38;2;132;49;148m██[38;2;16;16;16m██                                
                [38;2;16;16;16m██[38;2;53;53;59m██[38;2;16;16;16m██[38;2;71;71;79m██[38;2;71;71;79m██[38;2;71;71;79m██[38;2;71;71;79m██[38;2;53;53;59m██[38;2;71;71;79m██[38;2;71;71;79m██[38;2;71;71;79m██[38;2;71;71;79m██[38;2;53;53;59m██[38;2;53;53;59m██[38;2;16;16;16m██[38;2;0;0;0m██  [38;2;82;24;99m██[38;2;132;49;148m██[38;2;239;247;247m██[38;2;165;165;173m██[38;2;16;16;16m██                            [38;2;16;16;16m██[38;2;181;99;189m██[38;2;239;247;247m██[38;2;239;247;247m██[38;2;181;99;189m██[38;2;132;49;148m██[38;2;16;16;16m██                                  
                  [38;2;16;16;16m██[38;2;53;53;59m██[38;2;71;71;79m██[38;2;71;71;79m██[38;2;71;71;79m██[38;2;71;71;79m██[38;2;53;53;59m██[38;2;71;71;79m██[38;2;71;71;79m██[38;2;71;71;79m██[38;2;53;53;59m██[38;2;53;53;59m██[38;2;16;16;16m██[38;2;16;16;16m██  [38;2;82;24;99m██[38;2;132;49;148m██[38;2;132;49;148m██[38;2;132;49;148m██[38;2;132;49;148m██[38;2;132;49;148m██[38;2;16;16;16m██                          [38;2;82;24;99m██[38;2;239;247;247m██[38;2;239;247;247m██[38;2;165;165;173m██[38;2;181;99;189m██[38;2;16;16;16m██                                    
                  [38;2;16;16;16m██[38;2;71;71;79m██[38;2;71;71;79m██[38;2;71;71;79m██[38;2;71;71;79m██[38;2;71;71;79m██[38;2;71;71;79m██[38;2;53;53;59m██[38;2;71;71;79m██[38;2;71;71;79m██[38;2;53;53;59m██[38;2;16;16;16m██[38;2;53;53;59m██[38;2;0;0;0m██[38;2;82;24;99m██[38;2;132;49;148m██[38;2;132;49;148m██[38;2;82;24;99m██[38;2;132;49;148m██[38;2;132;49;148m██[38;2;132;49;148m██[38;2;132;49;148m██[38;2;16;16;16m██                      [38;2;82;24;99m██[38;2;181;99;189m██[38;2;239;247;247m██[38;2;165;165;173m██[38;2;165;165;173m██[38;2;181;99;189m██[38;2;16;16;16m██                                    
                  [38;2;16;16;16m██[38;2;71;71;79m██[38;2;71;71;79m██[38;2;71;71;79m██[38;2;71;71;79m██[38;2;71;71;79m██[38;2;71;71;79m██[38;2;53;53;59m██[38;2;71;71;79m██[38;2;71;71;79m██[38;2;53;53;59m██[38;2;53;53;59m██[38;2;53;53;59m██[38;2;16;16;16m██[38;2;16;16;16m██[38;2;132;49;148m██[38;2;82;24;99m██  [38;2;82;24;99m██[38;2;132;49;148m██[38;2;132;49;148m██[38;2;132;49;148m██[38;2;132;49;148m██[38;2;82;24;99m██[38;2;82;24;99m██[38;2;82;24;99m██[38;2;82;24;99m██[38;2;82;24;99m██          [38;2;16;16;16m██[38;2;181;99;189m██[38;2;181;99;189m██[38;2;181;99;189m██[38;2;181;99;189m██[38;2;181;99;189m██[38;2;82;24;99m██                    [38;2;16;16;16m██[38;2;16;16;16m██[38;2;16;16;16m██[38;2;16;16;16m██[38;2;16;16;16m██        
                [38;2;16;16;16m██[38;2;33;32;32m██[38;2;71;71;79m██[38;2;71;71;79m██[38;2;71;71;79m██[38;2;71;71;79m██[38;2;71;71;79m██[38;2;71;71;79m██[38;2;53;53;59m██[38;2;71;71;79m██[38;2;71;71;79m██[38;2;71;71;79m██[38;2;71;71;79m██[38;2;71;71;79m██[38;2;71;71;79m██[38;2;71;71;79m██[38;2;16;16;16m██      [38;2;16;16;16m██[38;2;132;49;148m██[38;2;82;24;99m██[38;2;82;24;99m██[38;2;222;132;231m██[38;2;222;132;231m██[38;2;222;132;231m██[38;2;222;132;231m██[38;2;222;132;231m██[38;2;181;99;189m██[38;2;82;24;99m██    [38;2;16;16;16m██[38;2;181;99;189m██[38;2;181;99;189m██[38;2;132;49;148m██[38;2;132;49;148m██[38;2;132;49;148m██[38;2;181;99;189m██[38;2;181;99;189m██[38;2;16;16;16m██              [38;2;16;16;16m██[38;2;16;16;16m██[38;2;71;71;79m██[38;2;71;71;79m██[38;2;71;71;79m██[38;2;71;71;79m██[38;2;71;71;79m██[38;2;71;71;79m██[38;2;53;53;59m██[38;2;16;16;16m██[38;2;16;16;16m██
              [38;2;16;16;16m██[38;2;53;53;59m██[38;2;33;32;32m██[38;2;71;71;79m██[38;2;71;71;79m██[38;2;71;71;79m██[38;2;71;71;79m██[38;2;71;71;79m██[38;2;53;53;59m██[38;2;53;53;59m██[38;2;71;71;79m██[38;2;71;71;79m██[38;2;71;71;79m██[38;2;71;71;79m██[38;2;71;71;79m██[38;2;71;71;79m██[38;2;53;53;59m██[38;2;16;16;16m██      [38;2;82;24;99m██[38;2;82;24;99m██[38;2;222;132;231m██[38;2;222;132;231m██[38;2;222;132;231m██[38;2;222;132;231m██[38;2;181;99;189m██[38;2;181;99;189m██[38;2;181;99;189m██[38;2;132;49;148m██[38;2;132;49;148m██[38;2;82;24;99m██[38;2;82;24;99m██[38;2;181;99;189m██[38;2;181;99;189m██[38;2;132;49;148m██[38;2;132;49;148m██[38;2;16;16;16m██[38;2;16;16;16m██[38;2;181;99;189m██[38;2;181;99;189m██[38;2;82;24;99m██            [38;2;16;16;16m██[38;2;71;71;79m██[38;2;71;71;79m██[38;2;71;71;79m██[38;2;71;71;79m██[38;2;71;71;79m██[38;2;48;47;47m██[38;2;48;47;47m██[38;2;16;16;16m██[38;2;16;16;16m██    
              [38;2;16;16;16m██[38;2;53;53;59m██[38;2;33;32;32m██[38;2;71;71;79m██[38;2;71;71;79m██[38;2;71;71;79m██[38;2;71;71;79m██[38;2;53;53;59m██[38;2;16;16;16m██[38;2;53;53;59m██[38;2;71;71;79m██[38;2;71;71;79m██[38;2;71;71;79m██[38;2;71;71;79m██[38;2;53;53;59m██[38;2;53;53;59m██[38;2;0;0;0m██[38;2;82;24;99m██    [38;2;82;24;99m██[38;2;222;132;231m██[38;2;222;132;231m██[38;2;222;132;231m██[38;2;181;99;189m██[38;2;181;99;189m██[38;2;181;99;189m██[38;2;181;99;189m██[38;2;181;99;189m██[38;2;181;99;189m██[38;2;181;99;189m██[38;2;82;24;99m██[38;2;82;24;99m██[38;2;181;99;189m██[38;2;181;99;189m██[38;2;132;49;148m██[38;2;16;16;16m██      [38;2;16;16;16m██[38;2;181;99;189m██[38;2;132;49;148m██[38;2;16;16;16m██      [38;2;16;16;16m██[38;2;16;16;16m██[38;2;71;71;79m██[38;2;71;71;79m██[38;2;71;71;79m██[38;2;71;71;79m██[38;2;48;47;47m██[38;2;48;47;47m██[38;2;0;0;0m██[38;2;16;16;16m██        
                [38;2;16;16;16m██[38;2;53;53;59m██[38;2;53;53;59m██[38;2;71;71;79m██[38;2;71;71;79m██[38;2;53;53;59m██[38;2;53;53;59m██[38;2;16;16;16m██[38;2;53;53;59m██[38;2;71;71;79m██[38;2;71;71;79m██[38;2;71;71;79m██[38;2;53;53;59m██[38;2;53;53;59m██[38;2;16;16;16m██[38;2;132;49;148m██[38;2;82;24;99m██    [38;2;82;24;99m██[38;2;82;24;99m██[38;2;82;24;99m██[38;2;82;24;99m██[38;2;82;24;99m██[38;2;82;24;99m██[38;2;82;24;99m██[38;2;82;24;99m██[38;2;181;99;189m██[38;2;181;99;189m██[38;2;181;99;189m██[38;2;181;99;189m██[38;2;181;99;189m██[38;2;181;99;189m██[38;2;132;49;148m██[38;2;16;16;16m██    [38;2;16;16;16m██[38;2;16;16;16m██[38;2;82;24;99m██[38;2;181;99;189m██[38;2;181;99;189m██[38;2;16;16;16m██[38;2;16;16;16m██[38;2;16;16;16m██[38;2;16;16;16m██[38;2;71;71;79m██[38;2;71;71;79m██[38;2;71;71;79m██[38;2;71;71;79m██[38;2;48;47;47m██[38;2;48;47;47m██[38;2;48;47;47m██[38;2;16;16;16m██            
                  [38;2;16;16;16m██[38;2;33;32;32m██[38;2;53;53;59m██[38;2;53;53;59m██[38;2;53;53;59m██[38;2;16;16;16m██[38;2;48;47;47m██[38;2;71;71;79m██[38;2;71;71;79m██[38;2;71;71;79m██[38;2;71;71;79m██[38;2;53;53;59m██[38;2;0;0;0m██[38;2;132;49;148m██[38;2;82;24;99m██  [38;2;16;16;16m██[38;2;16;16;16m██[38;2;71;71;79m██[38;2;71;71;79m██[38;2;71;71;79m██[38;2;71;71;79m██[38;2;71;71;79m██[38;2;53;53;59m██[38;2;53;53;59m██[38;2;53;53;59m██[38;2;82;24;99m██[38;2;82;24;99m██[38;2;181;99;189m██[38;2;181;99;189m██[38;2;181;99;189m██[38;2;132;49;148m██[38;2;16;16;16m██  [38;2;16;16;16m██[38;2;16;16;16m██[38;2;71;71;79m██[38;2;71;71;79m██[38;2;71;71;79m██[38;2;82;24;99m██[38;2;181;99;189m██[38;2;132;49;148m██[38;2;16;16;16m██[38;2;71;71;79m██[38;2;71;71;79m██[38;2;71;71;79m██[38;2;71;71;79m██[38;2;71;71;79m██[38;2;48;47;47m██[38;2;48;47;47m██[38;2;48;47;47m██[38;2;16;16;16m██              
                    [38;2;16;16;16m██[38;2;33;32;32m██[38;2;53;53;59m██[38;2;16;16;16m██[38;2;16;16;16m██[38;2;48;47;47m██[38;2;71;71;79m██[38;2;71;71;79m██[38;2;71;71;79m██[38;2;71;71;79m██[38;2;53;53;59m██[38;2;16;16;16m██[38;2;132;49;148m██[38;2;82;24;99m██[38;2;16;16;16m██[38;2;71;71;79m██[38;2;71;71;79m██[38;2;71;71;79m██[38;2;71;71;79m██[38;2;71;71;79m██[38;2;71;71;79m██[38;2;71;71;79m██[38;2;71;71;79m██[38;2;71;71;79m██[38;2;71;71;79m██[38;2;53;53;59m██[38;2;53;53;59m██[38;2;82;24;99m██[38;2;181;99;189m██[38;2;181;99;189m██[38;2;82;24;99m██[38;2;16;16;16m██[38;2;16;16;16m██[38;2;71;71;79m██[38;2;71;71;79m██[38;2;71;71;79m██[38;2;71;71;79m██[38;2;71;71;79m██[38;2;82;24;99m██[38;2;181;99;189m██[38;2;132;49;148m██[38;2;16;16;16m██[38;2;71;71;79m██[38;2;71;71;79m██[38;2;71;71;79m██[38;2;71;71;79m██[38;2;33;32;32m██[38;2;48;47;47m██[38;2;48;47;47m██[38;2;16;16;16m██                
                      [38;2;16;16;16m██[38;2;16;16;16m██[38;2;48;47;47m██[38;2;16;16;16m██[38;2;48;47;47m██[38;2;71;71;79m██[38;2;71;71;79m██[38;2;71;71;79m██[38;2;71;71;79m██[38;2;53;53;59m██[38;2;53;53;59m██[38;2;16;16;16m██[38;2;16;16;16m██[38;2;71;71;79m██[38;2;71;71;79m██[38;2;71;71;79m██[38;2;71;71;79m██[38;2;71;71;79m██[38;2;71;71;79m██[38;2;71;71;79m██[38;2;71;71;79m██[38;2;71;71;79m██[38;2;71;71;79m██[38;2;71;71;79m██[38;2;71;71;79m██[38;2;53;53;59m██[38;2;53;53;59m██[38;2;82;24;99m██[38;2;181;99;189m██[38;2;82;24;99m██[38;2;71;71;79m██[38;2;71;71;79m██[38;2;71;71;79m██[38;2;71;71;79m██[38;2;71;71;79m██[38;2;71;71;79m██[38;2;71;71;79m██[38;2;82;24;99m██[38;2;181;99;189m██[38;2;132;49;148m██[38;2;16;16;16m██[38;2;71;71;79m██[38;2;71;71;79m██[38;2;71;71;79m██[38;2;33;32;32m██[38;2;33;32;32m██[38;2;33;32;32m██[38;2;48;47;47m██[38;2;16;16;16m██                
                      [38;2;16;16;16m██[38;2;48;47;47m██[38;2;48;47;47m██[38;2;16;16;16m██[38;2;48;47;47m██[38;2;71;71;79m██[38;2;71;71;79m██[38;2;71;71;79m██[38;2;71;71;79m██[38;2;71;71;79m██[38;2;71;71;79m██[38;2;71;71;79m██[38;2;16;16;16m██[38;2;16;16;16m██[38;2;71;71;79m██[38;2;71;71;79m██[38;2;71;71;79m██[38;2;71;71;79m██[38;2;71;71;79m██[38;2;71;71;79m██[38;2;82;24;99m██[38;2;82;24;99m██[38;2;82;24;99m██[38;2;82;24;99m██[38;2;82;24;99m██[38;2;82;24;99m██[38;2;82;24;99m██[38;2;82;24;99m██[38;2;181;99;189m██[38;2;181;99;189m██[38;2;82;24;99m██[38;2;71;71;79m██[38;2;71;71;79m██[38;2;71;71;79m██[38;2;71;71;79m██[38;2;71;71;79m██[38;2;71;71;79m██[38;2;82;24;99m██[38;2;181;99;189m██[38;2;181;99;189m██[38;2;132;49;148m██[38;2;71;71;79m██[38;2;33;32;32m██[38;2;33;32;32m██[38;2;33;32;32m██[38;2;33;32;32m██[38;2;33;32;32m██[38;2;16;16;16m██                  
                      [38;2;48;47;47m██[38;2;48;47;47m██[38;2;16;16;16m██[38;2;48;47;47m██[38;2;48;47;47m██[38;2;33;32;32m██[38;2;71;71;79m██[38;2;71;71;79m██[38;2;71;71;79m██[38;2;71;71;79m██[38;2;71;71;79m██[38;2;71;71;79m██[38;2;71;71;79m██[38;2;71;71;79m██[38;2;71;71;79m██[38;2;71;71;79m██[38;2;71;71;79m██[38;2;71;71;79m██[38;2;82;24;99m██[38;2;82;24;99m██[38;2;181;99;189m██[38;2;222;132;231m██[38;2;222;132;231m██[38;2;222;132;231m██[38;2;222;132;231m██[38;2;222;132;231m██[38;2;222;132;231m██[38;2;181;99;189m██[38;2;181;99;189m██[38;2;181;99;189m██[38;2;132;49;148m██[38;2;82;24;99m██[38;2;71;71;79m██[38;2;71;71;79m██[38;2;71;71;79m██[38;2;0;0;0m██[38;2;33;32;32m██[38;2;33;32;32m██[38;2;82;24;99m██[38;2;181;99;189m██[38;2;132;49;148m██[38;2;82;24;99m██[38;2;33;32;32m██[38;2;33;32;32m██[38;2;33;32;32m██[38;2;33;32;32m██[38;2;33;32;32m██[38;2;16;16;16m██                  
                    [38;2;16;16;16m██[38;2;48;47;47m██[38;2;48;47;47m██[38;2;16;16;16m██[38;2;48;47;47m██[38;2;33;32;32m██[38;2;33;32;32m██[38;2;71;71;79m██[38;2;71;71;79m██[38;2;71;71;79m██[38;2;71;71;79m██[38;2;71;71;79m██[38;2;71;71;79m██[38;2;16;16;16m██[38;2;71;71;79m██[38;2;71;71;79m██[38;2;71;71;79m██[38;2;71;71;79m██[38;2;82;24;99m██[38;2;181;99;189m██[38;2;222;132;231m██[38;2;222;132;231m██[38;2;222;132;231m██[38;2;222;132;231m██[38;2;222;132;231m██[38;2;181;99;189m██[38;2;181;99;189m██[38;2;181;99;189m██[38;2;181;99;189m██[38;2;132;49;148m██[38;2;132;49;148m██[38;2;132;49;148m██[38;2;16;16;16m██[38;2;71;71;79m██[38;2;71;71;79m██[38;2;71;71;79m██[38;2;71;71;79m██[38;2;16;16;16m██[38;2;33;32;32m██[38;2;82;24;99m██[38;2;181;99;189m██[38;2;132;49;148m██[38;2;16;16;16m██[38;2;33;32;32m██[38;2;33;32;32m██[38;2;33;32;32m██[38;2;33;32;32m██[38;2;16;16;16m██                    
                    [38;2;16;16;16m██[38;2;48;47;47m██[38;2;48;47;47m██[38;2;16;16;16m██[38;2;48;47;47m██[38;2;33;32;32m██[38;2;33;32;32m██[38;2;71;71;79m██[38;2;71;71;79m██[38;2;16;16;16m██[38;2;71;71;79m██[38;2;71;71;79m██[38;2;16;16;16m██[38;2;16;16;16m██[38;2;71;71;79m██[38;2;71;71;79m██[38;2;71;71;79m██[38;2;71;71;79m██[38;2;71;71;79m██[38;2;82;24;99m██[38;2;16;16;16m██[38;2;16;16;16m██[38;2;16;16;16m██[38;2;132;49;148m██[38;2;132;49;148m██[38;2;132;49;148m██[38;2;132;49;148m██[38;2;132;49;148m██[38;2;132;49;148m██[38;2;132;49;148m██[38;2;132;49;148m██[38;2;132;49;148m██[38;2;16;16;16m██[38;2;71;71;79m██[38;2;71;71;79m██[38;2;71;71;79m██[38;2;71;71;79m██[38;2;71;71;79m██[38;2;16;16;16m██[38;2;82;24;99m██[38;2;181;99;189m██[38;2;132;49;148m██[38;2;16;16;16m██[38;2;33;32;32m██[38;2;33;32;32m██[38;2;16;16;16m██[38;2;16;16;16m██                      
                [38;2;16;16;16m██[38;2;16;16;16m██[38;2;16;16;16m██[38;2;33;32;32m██[38;2;33;32;32m██[38;2;16;16;16m██[38;2;33;32;32m██[38;2;33;32;32m██[38;2;33;32;32m██[38;2;71;71;79m██[38;2;48;47;47m██[38;2;71;71;79m██[38;2;71;71;79m██[38;2;71;71;79m██[38;2;71;71;79m██[38;2;71;71;79m██[38;2;16;16;16m██[38;2;71;71;79m██[38;2;71;71;79m██[38;2;71;71;79m██[38;2;71;71;79m██[38;2;71;71;79m██[38;2;53;53;59m██[38;2;53;53;59m██[38;2;53;53;59m██[38;2;82;24;99m██[38;2;82;24;99m██[38;2;16;16;16m██[38;2;16;16;16m██[38;2;16;16;16m██[38;2;16;16;16m██[38;2;16;16;16m██[38;2;82;24;99m██[38;2;132;49;148m██[38;2;16;16;16m██[38;2;71;71;79m██[38;2;71;71;79m██[38;2;71;71;79m██[38;2;71;71;79m██[38;2;71;71;79m██[38;2;71;71;79m██[38;2;82;24;99m██[38;2;181;99;189m██[38;2;132;49;148m██[38;2;16;16;16m██[38;2;16;16;16m██[38;2;16;16;16m██                          
              [38;2;16;16;16m██[38;2;71;71;79m██[38;2;71;71;79m██[38;2;16;16;16m██[38;2;33;32;32m██[38;2;33;32;32m██[38;2;16;16;16m██[38;2;33;32;32m██[38;2;33;32;32m██[38;2;33;32;32m██[38;2;16;16;16m██[38;2;71;71;79m██[38;2;71;71;79m██[38;2;71;71;79m██[38;2;71;71;79m██[38;2;71;71;79m██[38;2;71;71;79m██[38;2;71;71;79m██[38;2;0;0;0m██[38;2;71;71;79m██[38;2;71;71;79m██[38;2;71;71;79m██[38;2;71;71;79m██[38;2;71;71;79m██[38;2;71;71;79m██[38;2;71;71;79m██[38;2;53;53;59m██[38;2;53;53;59m██[38;2;53;53;59m██[38;2;53;53;59m██[38;2;53;53;59m██[38;2;53;53;59m██[38;2;51;33;54m██[38;2;132;49;148m██[38;2;132;49;148m██[38;2;16;16;16m██[38;2;71;71;79m██[38;2;71;71;79m██[38;2;71;71;79m██[38;2;71;71;79m██[38;2;71;71;79m██[38;2;71;71;79m██[38;2;51;33;54m██[38;2;181;99;189m██[38;2;132;49;148m██[38;2;16;16;16m██                              
            [38;2;16;16;16m██[38;2;71;71;79m██[38;2;71;71;79m██[38;2;71;71;79m██[38;2;16;16;16m██[38;2;33;32;32m██[38;2;33;32;32m██[38;2;33;32;32m██[38;2;16;16;16m██[38;2;33;32;32m██[38;2;33;32;32m██[38;2;16;16;16m██[38;2;71;71;79m██[38;2;71;71;79m██[38;2;71;71;79m██[38;2;71;71;79m██[38;2;71;71;79m██[38;2;71;71;79m██[38;2;71;71;79m██[38;2;71;71;79m██[38;2;16;16;16m██[38;2;71;71;79m██[38;2;71;71;79m██[38;2;71;71;79m██[38;2;71;71;79m██[38;2;71;71;79m██[38;2;71;71;79m██[38;2;71;71;79m██[38;2;71;71;79m██[38;2;53;53;59m██[38;2;53;53;59m██[38;2;53;53;59m██[38;2;53;53;59m██[38;2;51;33;54m██[38;2;132;49;148m██[38;2;132;49;148m██[38;2;16;16;16m██[38;2;71;71;79m██[38;2;71;71;79m██[38;2;71;71;79m██[38;2;71;71;79m██[38;2;71;71;79m██[38;2;71;71;79m██[38;2;51;33;54m██[38;2;181;99;189m██[38;2;132;49;148m██[38;2;71;71;79m██[38;2;16;16;16m██                            
            [38;2;16;16;16m██[38;2;71;71;79m██[38;2;71;71;79m██[38;2;53;53;59m██[38;2;33;32;32m██[38;2;16;16;16m██[38;2;33;32;32m██[38;2;33;32;32m██[38;2;16;16;16m██[38;2;33;32;32m██[38;2;16;16;16m██[38;2;71;71;79m██[38;2;71;71;79m██[38;2;71;71;79m██[38;2;71;71;79m██[38;2;71;71;79m██[38;2;71;71;79m██[38;2;71;71;79m██[38;2;71;71;79m██[38;2;71;71;79m██[38;2;71;71;79m██[38;2;0;0;0m██[38;2;53;53;59m██[38;2;71;71;79m██[38;2;71;71;79m██[38;2;71;71;79m██[38;2;53;53;59m██[38;2;53;53;59m██[38;2;53;53;59m██[38;2;53;53;59m██[38;2;53;53;59m██[38;2;53;53;59m██[38;2;53;53;59m██[38;2;51;33;54m██[38;2;132;49;148m██[38;2;132;49;148m██[38;2;16;16;16m██[38;2;53;53;59m██[38;2;71;71;79m██[38;2;71;71;79m██[38;2;71;71;79m██[38;2;71;71;79m██[38;2;71;71;79m██[38;2;51;33;54m██[38;2;181;99;189m██[38;2;51;33;54m██[38;2;71;71;79m██[38;2;53;53;59m██[38;2;16;16;16m██                          
              [38;2;16;16;16m██[38;2;71;71;79m██[38;2;53;53;59m██[38;2;33;32;32m██[38;2;16;16;16m██[38;2;33;32;32m██[38;2;33;32;32m██[38;2;33;32;32m██[38;2;16;16;16m██[38;2;16;16;16m██[38;2;71;71;79m██[38;2;71;71;79m██[38;2;71;71;79m██[38;2;71;71;79m██[38;2;71;71;79m██[38;2;71;71;79m██[38;2;53;53;59m██[38;2;53;53;59m██[38;2;53;53;59m██[38;2;53;53;59m██[38;2;16;16;16m██[38;2;53;53;59m██[38;2;53;53;59m██[38;2;53;53;59m██[38;2;53;53;59m██[38;2;53;53;59m██[38;2;53;53;59m██[38;2;53;53;59m██[38;2;53;53;59m██[38;2;53;53;59m██[38;2;53;53;59m██[38;2;53;53;59m██[38;2;51;33;54m██[38;2;132;49;148m██[38;2;16;16;16m██[38;2;53;53;59m██[38;2;53;53;59m██[38;2;71;71;79m██[38;2;71;71;79m██[38;2;71;71;79m██[38;2;71;71;79m██[38;2;51;33;54m██[38;2;181;99;189m██[38;2;181;99;189m██[38;2;51;33;54m██[38;2;71;71;79m██[38;2;16;16;16m██                            
              [38;2;16;16;16m██[38;2;71;71;79m██[38;2;53;53;59m██[38;2;33;32;32m██[38;2;33;32;32m██[38;2;16;16;16m██[38;2;33;32;32m██[38;2;33;32;32m██[38;2;16;16;16m██[38;2;16;16;16m██[38;2;71;71;79m██[38;2;71;71;79m██[38;2;71;71;79m██[38;2;71;71;79m██[38;2;53;53;59m██[38;2;53;53;59m██[38;2;53;53;59m██[38;2;53;53;59m██[38;2;0;0;0m██[38;2;16;16;16m██[38;2;53;53;59m██[38;2;53;53;59m██[38;2;53;53;59m██[38;2;53;53;59m██[38;2;53;53;59m██[38;2;53;53;59m██[38;2;53;53;59m██[38;2;53;53;59m██[38;2;53;53;59m██[38;2;53;53;59m██[38;2;53;53;59m██[38;2;51;33;54m██[38;2;132;49;148m██[38;2;132;49;148m██[38;2;16;16;16m██[38;2;53;53;59m██[38;2;33;32;32m██[38;2;71;71;79m██[38;2;71;71;79m██[38;2;71;71;79m██[38;2;71;71;79m██[38;2;51;33;54m██[38;2;181;99;189m██[38;2;181;99;189m██[38;2;16;16;16m██[38;2;16;16;16m██                              
                [38;2;16;16;16m██[38;2;53;53;59m██[38;2;53;53;59m██[38;2;33;32;32m██[38;2;33;32;32m██[38;2;16;16;16m██[38;2;33;32;32m██[38;2;16;16;16m██[38;2;71;71;79m██[38;2;71;71;79m██[38;2;71;71;79m██[38;2;71;71;79m██[38;2;53;53;59m██[38;2;53;53;59m██[38;2;0;0;0m██[38;2;16;16;16m██[38;2;16;16;16m██[38;2;53;53;59m██[38;2;53;53;59m██[38;2;53;53;59m██[38;2;53;53;59m██[38;2;53;53;59m██[38;2;53;53;59m██[38;2;53;53;59m██[38;2;53;53;59m██[38;2;53;53;59m██[38;2;53;53;59m██[38;2;53;53;59m██[38;2;53;53;59m██[38;2;53;53;59m██[38;2;132;49;148m██[38;2;132;49;148m██[38;2;51;33;54m██[38;2;16;16;16m██[38;2;33;32;32m██[38;2;16;16;16m██[38;2;71;71;79m██[38;2;71;71;79m██[38;2;53;53;59m██[38;2;51;33;54m██[38;2;132;49;148m██[38;2;181;99;189m██[38;2;132;49;148m██[38;2;16;16;16m██                                
                  [38;2;16;16;16m██[38;2;53;53;59m██[38;2;53;53;59m██[38;2;33;32;32m██[38;2;16;16;16m██[38;2;16;16;16m██[38;2;71;71;79m██[38;2;71;71;79m██[38;2;71;71;79m██[38;2;71;71;79m██[38;2;71;71;79m██[38;2;53;53;59m██[38;2;53;53;59m██[38;2;16;16;16m██    [38;2;16;16;16m██[38;2;16;16;16m██[38;2;53;53;59m██[38;2;53;53;59m██[38;2;53;53;59m██[38;2;53;53;59m██[38;2;53;53;59m██[38;2;53;53;59m██[38;2;53;53;59m██[38;2;53;53;59m██[38;2;53;53;59m██[38;2;53;53;59m██[38;2;51;33;54m██[38;2;132;49;148m██[38;2;132;49;148m██[38;2;51;33;54m██[38;2;51;33;54m██[38;2;33;32;32m██[38;2;16;16;16m██[38;2;53;53;59m██[38;2;53;53;59m██[38;2;53;53;59m██[38;2;51;33;54m██[38;2;181;99;189m██[38;2;181;99;189m██[38;2;132;49;148m██[38;2;16;16;16m██                                
                    [38;2;16;16;16m██[38;2;53;53;59m██[38;2;16;16;16m██[38;2;16;16;16m██[38;2;71;71;79m██[38;2;71;71;79m██[38;2;71;71;79m██[38;2;71;71;79m██[38;2;71;71;79m██[38;2;53;53;59m██[38;2;53;53;59m██[38;2;0;0;0m██[38;2;132;49;148m██[38;2;16;16;16m██      [38;2;16;16;16m██[38;2;16;16;16m██[38;2;53;53;59m██[38;2;53;53;59m██[38;2;53;53;59m██[38;2;53;53;59m██[38;2;53;53;59m██[38;2;53;53;59m██[38;2;0;0;0m██[38;2;51;33;54m██[38;2;16;16;16m██[38;2;132;49;148m██[38;2;132;49;148m██[38;2;132;49;148m██[38;2;51;33;54m██[38;2;33;32;32m██[38;2;16;16;16m██[38;2;53;53;59m██[38;2;53;53;59m██[38;2;53;53;59m██[38;2;51;33;54m██[38;2;181;99;189m██[38;2;181;99;189m██[38;2;51;33;54m██[38;2;16;16;16m██                                
                      [38;2;16;16;16m██[38;2;16;16;16m██[38;2;71;71;79m██[38;2;71;71;79m██[38;2;71;71;79m██[38;2;71;71;79m██[38;2;71;71;79m██[38;2;71;71;79m██[38;2;53;53;59m██[38;2;0;0;0m██[38;2;132;49;148m██[38;2;132;49;148m██[38;2;16;16;16m██      [38;2;82;24;99m██[38;2;132;49;148m██[38;2;16;16;16m██[38;2;16;16;16m██[38;2;16;16;16m██[38;2;16;16;16m██[38;2;16;16;16m██[38;2;16;16;16m██[38;2;16;16;16m██[38;2;16;16;16m██[38;2;16;16;16m██[38;2;16;16;16m██[38;2;132;49;148m██[38;2;132;49;148m██[38;2;132;49;148m██[38;2;16;16;16m██[38;2;53;53;59m██[38;2;53;53;59m██[38;2;53;53;59m██[38;2;53;53;59m██[38;2;51;33;54m██[38;2;181;99;189m██[38;2;132;49;148m██[38;2;51;33;54m██[38;2;53;53;59m██[38;2;16;16;16m██                              
                      [38;2;16;16;16m██[38;2;71;71;79m██[38;2;71;71;79m██[38;2;71;71;79m██[38;2;71;71;79m██[38;2;71;71;79m██[38;2;71;71;79m██[38;2;53;53;59m██[38;2;53;53;59m██[38;2;16;16;16m██[38;2;16;16;16m██[38;2;132;49;148m██[38;2;132;49;148m██[38;2;16;16;16m██  [38;2;82;24;99m██[38;2;132;49;148m██[38;2;132;49;148m██[38;2;16;16;16m██          [38;2;16;16;16m██[38;2;16;16;16m██[38;2;16;16;16m██[38;2;48;47;47m██[38;2;16;16;16m██[38;2;132;49;148m██[38;2;132;49;148m██[38;2;51;33;54m██[38;2;53;53;59m██[38;2;53;53;59m██[38;2;53;53;59m██[38;2;53;53;59m██[38;2;51;33;54m██[38;2;181;99;189m██[38;2;51;33;54m██[38;2;71;71;79m██[38;2;71;71;79m██[38;2;16;16;16m██                              
                      [38;2;16;16;16m██[38;2;71;71;79m██[38;2;71;71;79m██[38;2;71;71;79m██[38;2;71;71;79m██[38;2;71;71;79m██[38;2;71;71;79m██[38;2;53;53;59m██[38;2;0;0;0m██[38;2;16;16;16m██[38;2;16;16;16m██[38;2;132;49;148m██[38;2;132;49;148m██[38;2;82;24;99m██[38;2;82;24;99m██[38;2;132;49;148m██[38;2;132;49;148m██[38;2;16;16;16m██          [38;2;16;16;16m██[38;2;16;16;16m██[38;2;16;16;16m██[38;2;16;16;16m██[38;2;16;16;16m██[38;2;16;16;16m██[38;2;0;0;0m██[38;2;181;99;189m██[38;2;132;49;148m██[38;2;16;16;16m██[38;2;53;53;59m██[38;2;53;53;59m██[38;2;51;33;54m██[38;2;181;99;189m██[38;2;181;99;189m██[38;2;16;16;16m██[38;2;71;71;79m██[38;2;71;71;79m██[38;2;16;16;16m██                              
                    [38;2;16;16;16m██[38;2;71;71;79m██[38;2;71;71;79m██[38;2;71;71;79m██[38;2;71;71;79m██[38;2;71;71;79m██[38;2;71;71;79m██[38;2;53;53;59m██[38;2;16;16;16m██[38;2;16;16;16m██[38;2;53;53;59m██[38;2;16;16;16m██[38;2;82;24;99m██[38;2;132;49;148m██[38;2;132;49;148m██[38;2;132;49;148m██[38;2;132;49;148m██[38;2;16;16;16m██            [38;2;16;16;16m██[38;2;16;16;16m██[38;2;16;16;16m██[38;2;16;16;16m██[38;2;16;16;16m██[38;2;16;16;16m██[38;2;16;16;16m██[38;2;181;99;189m██[38;2;181;99;189m██[38;2;132;49;148m██[38;2;16;16;16m██[38;2;53;53;59m██[38;2;51;33;54m██[38;2;181;99;189m██[38;2;132;49;148m██[38;2;16;16;16m██[38;2;48;47;47m██[38;2;71;71;79m██[38;2;71;71;79m██[38;2;0;0;0m██                            
                  [38;2;16;16;16m██[38;2;16;16;16m██[38;2;71;71;79m██[38;2;71;71;79m██[38;2;71;71;79m██[38;2;71;71;79m██[38;2;53;53;59m██[38;2;16;16;16m██[38;2;16;16;16m██[38;2;71;71;79m██[38;2;53;53;59m██[38;2;16;16;16m██  [38;2;82;24;99m██[38;2;239;247;247m██[38;2;239;247;247m██[38;2;132;49;148m██[38;2;132;49;148m██[38;2;16;16;16m██              [38;2;0;0;0m██[38;2;16;16;16m██[38;2;16;16;16m██[38;2;16;16;16m██[38;2;16;16;16m██[38;2;16;16;16m██[38;2;16;16;16m██[38;2;181;99;189m██[38;2;181;99;189m██[38;2;132;49;148m██[38;2;51;33;54m██[38;2;181;99;189m██[38;2;181;99;189m██[38;2;16;16;16m██[38;2;71;71;79m██[38;2;16;16;16m██[38;2;71;71;79m██[38;2;71;71;79m██[38;2;16;16;16m██                            
                [38;2;16;16;16m██[38;2;71;71;79m██[38;2;16;16;16m██[38;2;71;71;79m██[38;2;71;71;79m██[38;2;71;71;79m██[38;2;71;71;79m██[38;2;71;71;79m██[38;2;71;71;79m██[38;2;71;71;79m██[38;2;71;71;79m██[38;2;53;53;59m██[38;2;16;16;16m██  [38;2;82;24;99m██[38;2;132;49;148m██[38;2;239;247;247m██[38;2;239;247;247m██[38;2;82;24;99m██                  [38;2;16;16;16m██[38;2;16;16;16m██[38;2;16;16;16m██[38;2;16;16;16m██[38;2;16;16;16m██[38;2;16;16;16m██[38;2;181;99;189m██[38;2;239;247;247m██[38;2;239;247;247m██[38;2;181;99;189m██[38;2;181;99;189m██[38;2;181;99;189m██[38;2;16;16;16m██[38;2;71;71;79m██[38;2;48;47;47m██[38;2;71;71;79m██[38;2;71;71;79m██[38;2;71;71;79m██[38;2;16;16;16m██                          
                [38;2;16;16;16m██[38;2;71;71;79m██[38;2;16;16;16m██[38;2;71;71;79m██[38;2;71;71;79m██[38;2;53;53;59m██[38;2;71;71;79m██[38;2;71;71;79m██[38;2;71;71;79m██[38;2;71;71;79m██[38;2;53;53;59m██[38;2;0;0;0m██  [38;2;82;24;99m██[38;2;132;49;148m██[38;2;132;49;148m██[38;2;132;49;148m██[38;2;132;49;148m██[38;2;132;49;148m██[38;2;16;16;16m██                [38;2;16;16;16m██[38;2;16;16;16m██[38;2;0;0;0m██[38;2;16;16;16m██[38;2;16;16;16m██[38;2;16;16;16m██[38;2;181;99;189m██[38;2;165;165;173m██[38;2;239;247;247m██[38;2;239;247;247m██[38;2;181;99;189m██[38;2;51;33;54m██[38;2;53;53;59m██[38;2;53;53;59m██[38;2;16;16;16m██[38;2;71;71;79m██[38;2;71;71;79m██[38;2;71;71;79m██[38;2;71;71;79m██[38;2;16;16;16m██                        
                [38;2;16;16;16m██[38;2;71;71;79m██[38;2;71;71;79m██[38;2;71;71;79m██[38;2;48;47;47m██[38;2;71;71;79m██[38;2;71;71;79m██[38;2;71;71;79m██[38;2;71;71;79m██[38;2;71;71;79m██[38;2;53;53;59m██[38;2;16;16;16m██[38;2;82;24;99m██[38;2;181;99;189m██[38;2;181;99;189m██[38;2;16;16;16m██[38;2;16;16;16m██[38;2;132;49;148m██[38;2;132;49;148m██[38;2;16;16;16m██                [38;2;16;16;16m██[38;2;16;16;16m██[38;2;16;16;16m██[38;2;16;16;16m██[38;2;16;16;16m██[38;2;51;33;54m██[38;2;181;99;189m██[38;2;181;99;189m██[38;2;165;165;173m██[38;2;165;165;173m██[38;2;181;99;189m██[38;2;16;16;16m██[38;2;53;53;59m██[38;2;53;53;59m██[38;2;16;16;16m██[38;2;71;71;79m██[38;2;71;71;79m██[38;2;71;71;79m██[38;2;71;71;79m██[38;2;71;71;79m██[38;2;16;16;16m██                      
                  [38;2;16;16;16m██[38;2;71;71;79m██[38;2;71;71;79m██[38;2;16;16;16m██[38;2;71;71;79m██[38;2;71;71;79m██[38;2;71;71;79m██[38;2;71;71;79m██[38;2;53;53;59m██[38;2;0;0;0m██  [38;2;82;24;99m██[38;2;181;99;189m██[38;2;16;16;16m██    [38;2;82;24;99m██[38;2;181;99;189m██[38;2;181;99;189m██[38;2;16;16;16m██                [38;2;16;16;16m██[38;2;16;16;16m██[38;2;16;16;16m██[38;2;51;33;54m██[38;2;181;99;189m██[38;2;181;99;189m██[38;2;181;99;189m██[38;2;181;99;189m██[38;2;181;99;189m██[38;2;181;99;189m██[38;2;16;16;16m██[38;2;16;16;16m██[38;2;53;53;59m██[38;2;53;53;59m██[38;2;16;16;16m██[38;2;71;71;79m██[38;2;71;71;79m██[38;2;71;71;79m██[38;2;71;71;79m██[38;2;71;71;79m██[38;2;16;16;16m██                    
                  [38;2;16;16;16m██[38;2;71;71;79m██[38;2;71;71;79m██[38;2;71;71;79m██[38;2;71;71;79m██[38;2;71;71;79m██[38;2;71;71;79m██[38;2;71;71;79m██[38;2;16;16;16m██[38;2;16;16;16m██  [38;2;82;24;99m██[38;2;16;16;16m██        [38;2;82;24;99m██[38;2;181;99;189m██[38;2;181;99;189m██[38;2;16;16;16m██                [38;2;16;16;16m██[38;2;51;33;54m██[38;2;181;99;189m██[38;2;181;99;189m██[38;2;181;99;189m██[38;2;16;16;16m██[38;2;16;16;16m██[38;2;181;99;189m██[38;2;181;99;189m██[38;2;16;16;16m██[38;2;71;71;79m██[38;2;16;16;16m██[38;2;53;53;59m██[38;2;53;53;59m██[38;2;16;16;16m██[38;2;71;71;79m██[38;2;71;71;79m██[38;2;71;71;79m██[38;2;71;71;79m██[38;2;71;71;79m██[38;2;16;16;16m██                  
                  [38;2;16;16;16m██[38;2;71;71;79m██[38;2;71;71;79m██[38;2;71;71;79m██[38;2;71;71;79m██[38;2;71;71;79m██[38;2;71;71;79m██[38;2;16;16;16m██[38;2;53;53;59m██[38;2;0;0;0m██                [38;2;82;24;99m██[38;2;181;99;189m██[38;2;16;16;16m██                [38;2;51;33;54m██[38;2;181;99;189m██[38;2;181;99;189m██[38;2;181;99;189m██[38;2;16;16;16m██[38;2;16;16;16m██[38;2;16;16;16m██[38;2;16;16;16m██[38;2;181;99;189m██[38;2;181;99;189m██[38;2;16;16;16m██[38;2;71;71;79m██[38;2;71;71;79m██[38;2;53;53;59m██[38;2;53;53;59m██[38;2;71;71;79m██[38;2;71;71;79m██[38;2;71;71;79m██[38;2;71;71;79m██[38;2;71;71;79m██[38;2;16;16;16m██                  
                  [38;2;16;16;16m██[38;2;82;24;99m██[38;2;71;71;79m██[38;2;71;71;79m██[38;2;71;71;79m██[38;2;71;71;79m██[38;2;16;16;16m██[38;2;53;53;59m██[38;2;53;53;59m██[38;2;53;53;59m██[38;2;16;16;16m██                [38;2;16;16;16m██[38;2;16;16;16m██              [38;2;51;33;54m██[38;2;181;99;189m██[38;2;181;99;189m██[38;2;51;33;54m██[38;2;16;16;16m██[38;2;16;16;16m██[38;2;16;16;16m██[38;2;16;16;16m██[38;2;16;16;16m██[38;2;51;33;54m██[38;2;181;99;189m██[38;2;181;99;189m██[38;2;0;0;0m██[38;2;71;71;79m██[38;2;71;71;79m██[38;2;71;71;79m██[38;2;71;71;79m██[38;2;71;71;79m██[38;2;71;71;79m██[38;2;71;71;79m██[38;2;71;71;79m██[38;2;16;16;16m██                  
                  [38;2;82;24;99m██[38;2;222;132;231m██[38;2;82;24;99m██[38;2;71;71;79m██[38;2;71;71;79m██[38;2;71;71;79m██[38;2;16;16;16m██[38;2;53;53;59m██[38;2;53;53;59m██[38;2;53;53;59m██[38;2;16;16;16m██                                  [38;2;51;33;54m██[38;2;16;16;16m██[38;2;16;16;16m██[38;2;16;16;16m██[38;2;82;24;99m██[38;2;16;16;16m██[38;2;16;16;16m██[38;2;16;16;16m██[38;2;16;16;16m██[38;2;16;16;16m██[38;2;181;99;189m██[38;2;181;99;189m██[38;2;16;16;16m██  [38;2;16;16;16m██[38;2;71;71;79m██[38;2;82;24;99m██[38;2;82;24;99m██[38;2;71;71;79m██[38;2;71;71;79m██[38;2;71;71;79m██[38;2;0;0;0m██                  
                  [38;2;82;24;99m██[38;2;222;132;231m██[38;2;82;24;99m██[38;2;71;71;79m██[38;2;71;71;79m██[38;2;16;16;16m██[38;2;53;53;59m██[38;2;53;53;59m██[38;2;53;53;59m██[38;2;53;53;59m██[38;2;16;16;16m██                                          [38;2;16;16;16m██[38;2;82;24;99m██[38;2;16;16;16m██[38;2;16;16;16m██[38;2;16;16;16m██[38;2;16;16;16m██[38;2;16;16;16m██[38;2;181;99;189m██[38;2;16;16;16m██    [38;2;16;16;16m██[38;2;132;49;148m██[38;2;132;49;148m██[38;2;82;24;99m██[38;2;71;71;79m██[38;2;71;71;79m██[38;2;16;16;16m██                  
                  [38;2;82;24;99m██[38;2;222;132;231m██[38;2;82;24;99m██[38;2;71;71;79m██[38;2;71;71;79m██[38;2;16;16;16m██[38;2;181;99;189m██[38;2;53;53;59m██[38;2;53;53;59m██[38;2;0;0;0m██                                            [38;2;16;16;16m██[38;2;82;24;99m██[38;2;82;24;99m██[38;2;16;16;16m██[38;2;16;16;16m██[38;2;0;0;0m██  [38;2;16;16;16m██        [38;2;16;16;16m██[38;2;132;49;148m██[38;2;132;49;148m██[38;2;82;24;99m██[38;2;71;71;79m██[38;2;16;16;16m██                  
                [38;2;82;24;99m██[38;2;222;132;231m██[38;2;222;132;231m██[38;2;82;24;99m██[38;2;71;71;79m██[38;2;71;71;79m██[38;2;16;16;16m██[38;2;82;24;99m██[38;2;181;99;189m██[38;2;53;53;59m██[38;2;16;16;16m██                                            [38;2;16;16;16m██[38;2;82;24;99m██[38;2;82;24;99m██[38;2;16;16;16m██[38;2;16;16;16m██              [38;2;82;24;99m██[38;2;132;49;148m██[38;2;132;49;148m██[38;2;132;49;148m██[38;2;82;24;99m██[38;2;16;16;16m██                  
                [38;2;82;24;99m██[38;2;222;132;231m██[38;2;181;99;189m██[38;2;82;24;99m██[38;2;71;71;79m██[38;2;16;16;16m██  [38;2;82;24;99m██[38;2;181;99;189m██[38;2;16;16;16m██                                              [38;2;16;16;16m██[38;2;82;24;99m██[38;2;82;24;99m██[38;2;16;16;16m██                  [38;2;82;24;99m██[38;2;181;99;189m██[38;2;132;49;148m██[38;2;82;24;99m██[38;2;16;16;16m██                  
                [38;2;82;24;99m██[38;2;222;132;231m██[38;2;181;99;189m██[38;2;82;24;99m██[38;2;71;71;79m██[38;2;16;16;16m██  [38;2;82;24;99m██[38;2;181;99;189m██[38;2;16;16;16m██                                              [38;2;16;16;16m██[38;2;82;24;99m██[38;2;82;24;99m██[38;2;16;16;16m██                  [38;2;82;24;99m██[38;2;181;99;189m██[38;2;181;99;189m██[38;2;82;24;99m██[38;2;16;16;16m██                  
              [38;2;82;24;99m██[38;2;181;99;189m██[38;2;181;99;189m██[38;2;82;24;99m██[38;2;71;71;79m██[38;2;16;16;16m██    [38;2;82;24;99m██[38;2;82;24;99m██                                                [38;2;16;16;16m██[38;2;82;24;99m██[38;2;16;16;16m██                    [38;2;82;24;99m██[38;2;222;132;231m██[38;2;222;132;231m██[38;2;82;24;99m██[38;2;16;16;16m██                  
              [38;2;82;24;99m██[38;2;181;99;189m██[38;2;181;99;189m██[38;2;82;24;99m██[38;2;16;16;16m██                                                          [38;2;16;16;16m██[38;2;16;16;16m██                        [38;2;82;24;99m██[38;2;222;132;231m██[38;2;16;16;16m██                    
              [38;2;82;24;99m██[38;2;181;99;189m██[38;2;132;49;148m██[38;2;16;16;16m██                                                                                        [38;2;82;24;99m██[38;2;222;132;231m██[38;2;16;16;16m██                    
            [38;2;82;24;99m██[38;2;181;99;189m██[38;2;132;49;148m██[38;2;16;16;16m██                                                                                          [38;2;16;16;16m██[38;2;222;132;231m██[38;2;16;16;16m██                    
            [38;2;82;24;99m██[38;2;16;16;16m██[38;2;16;16;16m██                                                                                            [38;2;16;16;16m██[38;2;16;16;16m██                      
