                                                              [38;2;52;56;128m██[38;2;52;56;128m██    
                                                            [38;2;52;56;128m██[38;2;106;146;224m██[38;2;52;56;128m██    
                                                          [38;2;52;56;128m██[38;2;106;146;224m██[38;2;52;56;128m██[38;2;153;157;165m██    
                                                        [38;2;52;56;128m██[38;2;106;146;224m██[38;2;106;146;224m██[38;2;190;195;200m██[38;2;153;157;165m██    
[38;2;52;56;128m██[38;2;52;56;128m██[38;2;52;56;128m██                                                [38;2;52;56;128m██[38;2;106;146;224m██[38;2;106;146;224m██[38;2;52;56;128m██[38;2;249;249;249m██[38;2;153;157;165m██    
[38;2;0;0;0m██[38;2;106;146;224m██[38;2;106;146;224m██[38;2;52;56;128m██[38;2;52;56;128m██                                          [38;2;52;56;128m██[38;2;106;146;224m██[38;2;106;146;224m██[38;2;106;146;224m██[38;2;190;195;200m██[38;2;249;249;249m██[38;2;153;157;165m██    
  [38;2;0;0;0m██[38;2;106;146;224m██[38;2;106;146;224m██[38;2;106;146;224m██[38;2;52;56;128m██                                      [38;2;52;56;128m██[38;2;106;146;224m██[38;2;106;146;224m██[38;2;106;146;224m██[38;2;52;56;128m██[38;2;249;249;249m██[38;2;249;249;249m██[38;2;153;157;165m██    
  [38;2;52;56;128m██[38;2;52;56;128m██[38;2;106;146;224m██[38;2;106;146;224m██[38;2;106;146;224m██[38;2;52;56;128m██[38;2;52;56;128m██                                  [38;2;52;56;128m██[38;2;106;146;224m██[38;2;106;146;224m██[38;2;106;146;224m██[38;2;52;56;128m██[38;2;249;249;249m██[38;2;190;195;200m██[38;2;153;157;165m██    
    [38;2;0;0;0m██[38;2;106;146;224m██[38;2;106;146;224m██[38;2;106;146;224m██[38;2;106;146;224m██[38;2;106;146;224m██[38;2;52;56;128m██                              [38;2;52;56;128m██[38;2;106;146;224m██[38;2;106;146;224m██[38;2;106;146;224m██[38;2;52;56;128m██[38;2;249;249;249m██[38;2;249;249;249m██[38;2;153;157;165m██      
      [38;2;0;0;0m██[38;2;106;146;224m██[38;2;106;146;224m██[38;2;106;146;224m██[38;2;106;146;224m██[38;2;106;146;224m██[38;2;52;56;128m██                          [38;2;52;56;128m██[38;2;106;146;224m██[38;2;106;146;224m██[38;2;106;146;224m██[38;2;106;146;224m██[38;2;0;0;0m██[38;2;249;249;249m██[38;2;249;249;249m██[38;2;113;113;127m██      
        [38;2;0;0;0m██[38;2;106;146;224m██[38;2;106;146;224m██[38;2;106;146;224m██[38;2;106;146;224m██[38;2;106;146;224m██[38;2;52;56;128m██                      [38;2;52;56;128m██[38;2;106;146;224m██[38;2;106;146;224m██[38;2;106;146;224m██[38;2;106;146;224m██[38;2;106;146;224m██[38;2;0;0;0m██[38;2;249;249;249m██[38;2;249;249;249m██[38;2;113;113;127m██      
          [38;2;0;0;0m██[38;2;106;146;224m██[38;2;106;146;224m██[38;2;106;146;224m██[38;2;106;146;224m██[38;2;106;146;224m██[38;2;52;56;128m██                  [38;2;52;56;128m██[38;2;106;146;224m██[38;2;106;146;224m██[38;2;106;146;224m██[38;2;106;146;224m██[38;2;106;146;224m██[38;2;0;0;0m██[38;2;249;249;249m██[38;2;249;249;249m██[38;2;249;249;249m██[38;2;113;113;127m██      
          [38;2;0;0;0m██[38;2;106;146;224m██[38;2;106;146;224m██[38;2;106;146;224m██[38;2;106;146;224m██[38;2;106;146;224m██[38;2;106;146;224m██[38;2;52;56;128m██[38;2;52;56;128m██            [38;2;52;56;128m██[38;2;106;146;224m██[38;2;106;146;224m██[38;2;106;146;224m██[38;2;106;146;224m██[38;2;106;146;224m██[38;2;106;146;224m██[38;2;0;0;0m██[38;2;249;249;249m██[38;2;249;249;249m██[38;2;113;113;127m██        
            [38;2;0;0;0m██[38;2;106;146;224m██[38;2;106;146;224m██[38;2;106;146;224m██[38;2;106;146;224m██[38;2;106;146;224m██[38;2;106;146;224m██[38;2;106;146;224m██[38;2;52;56;128m██        [38;2;52;56;128m██[38;2;106;146;224m██[38;2;106;146;224m██[38;2;106;146;224m██[38;2;106;146;224m██[38;2;106;146;224m██[38;2;106;146;224m██[38;2;0;0;0m██[38;2;57;57;57m██[38;2;190;195;200m██[38;2;249;249;249m██[38;2;113;113;127m██        
            [38;2;52;56;128m██[38;2;52;56;128m██[38;2;106;146;224m██[38;2;106;146;224m██[38;2;106;146;224m██[38;2;106;146;224m██[38;2;106;146;224m██[38;2;106;146;224m██[38;2;106;146;224m██[38;2;52;56;128m██      [38;2;52;56;128m██[38;2;106;146;224m██[38;2;106;146;224m██[38;2;106;146;224m██[38;2;106;146;224m██[38;2;106;146;224m██[38;2;106;146;224m██[38;2;0;0;0m██[38;2;57;57;57m██[38;2;190;195;200m██[38;2;190;195;200m██[38;2;0;0;0m██        
              [38;2;0;0;0m██[38;2;106;146;224m██[38;2;106;146;224m██[38;2;106;146;224m██[38;2;106;146;224m██[38;2;106;146;224m██[38;2;106;146;224m██[38;2;106;146;224m██[38;2;106;146;224m██[38;2;52;56;128m██  [38;2;52;56;128m██[38;2;106;146;224m██[38;2;106;146;224m██[38;2;106;146;224m██[38;2;106;146;224m██[38;2;106;146;224m██[38;2;106;146;224m██[38;2;0;0;0m██[38;2;57;57;57m██[38;2;57;57;57m██[38;2;190;195;200m██[38;2;190;195;200m██[38;2;0;0;0m██        
                [38;2;0;0;0m██[38;2;106;146;224m██[38;2;106;146;224m██[38;2;106;146;224m██[38;2;106;146;224m██[38;2;106;146;224m██[38;2;106;146;224m██[38;2;106;146;224m██[38;2;106;146;224m██[38;2;52;56;128m██[38;2;106;146;224m██[38;2;106;146;224m██[38;2;106;146;224m██[38;2;106;146;224m██[38;2;106;146;224m██[38;2;106;146;224m██[38;2;106;146;224m██[38;2;0;0;0m██[38;2;57;57;57m██[38;2;113;113;127m██[38;2;190;195;200m██[38;2;113;113;127m██          
                  [38;2;0;0;0m██[38;2;106;146;224m██[38;2;106;146;224m██[38;2;106;146;224m██[38;2;106;146;224m██[38;2;106;146;224m██[38;2;106;146;224m██[38;2;59;104;169m██[38;2;59;104;169m██[38;2;106;146;224m██[38;2;106;146;224m██[38;2;106;146;224m██[38;2;106;146;224m██[38;2;106;146;224m██[38;2;106;146;224m██[38;2;0;0;0m██[38;2;57;57;57m██[38;2;57;57;57m██[38;2;190;195;200m██[38;2;190;195;200m██[38;2;0;0;0m██          
                  [38;2;52;56;128m██[38;2;52;56;128m██[38;2;106;146;224m██[38;2;106;146;224m██[38;2;106;146;224m██[38;2;106;146;224m██[38;2;106;146;224m██[38;2;59;104;169m██[38;2;106;146;224m██[38;2;106;146;224m██[38;2;106;146;224m██[38;2;106;146;224m██[38;2;106;146;224m██[38;2;106;146;224m██[38;2;106;146;224m██[38;2;0;0;0m██[38;2;57;57;57m██[38;2;57;57;57m██[38;2;190;195;200m██[38;2;190;195;200m██[38;2;0;0;0m██          
                    [38;2;0;0;0m██[38;2;106;146;224m██[38;2;106;146;224m██[38;2;106;146;224m██[38;2;106;146;224m██[38;2;106;146;224m██[38;2;106;146;224m██[38;2;106;146;224m██[38;2;106;146;224m██[38;2;106;146;224m██[38;2;106;146;224m██[38;2;106;146;224m██[38;2;106;146;224m██[38;2;52;56;128m██[38;2;0;0;0m██[38;2;57;57;57m██[38;2;113;113;127m██[38;2;190;195;200m██[38;2;190;195;200m██[38;2;0;0;0m██          
                      [38;2;0;0;0m██[38;2;106;146;224m██[38;2;106;146;224m██[38;2;106;146;224m██[38;2;106;146;224m██[38;2;106;146;224m██[38;2;106;146;224m██[38;2;106;146;224m██[38;2;106;146;224m██[38;2;106;146;224m██[38;2;106;146;224m██[38;2;106;146;224m██[38;2;0;0;0m██[38;2;0;0;0m██[38;2;57;57;57m██[38;2;190;195;200m██[38;2;190;195;200m██[38;2;113;113;127m██            
                      [38;2;113;113;127m██[38;2;52;56;128m██[38;2;106;146;224m██[38;2;106;146;224m██[38;2;106;146;224m██[38;2;106;146;224m██[38;2;106;146;224m██[38;2;106;146;224m██[38;2;106;146;224m██[38;2;106;146;224m██[38;2;106;146;224m██[38;2;52;56;128m██[38;2;249;249;249m██[38;2;249;249;249m██[38;2;0;0;0m██[38;2;0;0;0m██[38;2;190;195;200m██[38;2;113;113;127m██            
                      [38;2;0;0;0m██[38;2;52;56;128m██[38;2;106;146;224m██[38;2;106;146;224m██[38;2;106;146;224m██[38;2;106;146;224m██[38;2;106;146;224m██[38;2;106;146;224m██[38;2;106;146;224m██[38;2;106;146;224m██[38;2;106;146;224m██[38;2;52;56;128m██[38;2;249;249;249m██[38;2;249;249;249m██[38;2;249;249;249m██[38;2;249;249;249m██[38;2;0;0;0m██              
                    [38;2;0;0;0m██[38;2;190;195;200m██[38;2;249;249;249m██[38;2;52;56;128m██[38;2;106;146;224m██[38;2;106;146;224m██[38;2;106;146;224m██[38;2;113;113;127m██[38;2;106;146;224m██[38;2;106;146;224m██[38;2;106;146;224m██[38;2;52;56;128m██[38;2;249;249;249m██[38;2;249;249;249m██[38;2;249;249;249m██[38;2;249;249;249m██[38;2;249;249;249m██[38;2;249;249;249m██[38;2;113;113;127m██            
                    [38;2;0;0;0m██[38;2;249;249;249m██[38;2;249;249;249m██[38;2;249;249;249m██[38;2;52;56;128m██[38;2;106;146;224m██[38;2;113;113;127m██[38;2;249;249;249m██[38;2;0;0;0m██[38;2;106;146;224m██[38;2;106;146;224m██[38;2;52;56;128m██[38;2;249;249;249m██[38;2;249;249;249m██[38;2;249;249;249m██[38;2;249;249;249m██[38;2;249;249;249m██[38;2;249;249;249m██[38;2;113;113;127m██            
                  [38;2;0;0;0m██[38;2;249;249;249m██[38;2;249;249;249m██[38;2;249;249;249m██[38;2;249;249;249m██[38;2;249;249;249m██[38;2;52;56;128m██[38;2;113;113;127m██[38;2;249;249;249m██[38;2;113;113;127m██[38;2;106;146;224m██[38;2;52;56;128m██[38;2;249;249;249m██[38;2;249;249;249m██[38;2;249;249;249m██[38;2;249;249;249m██[38;2;249;249;249m██[38;2;249;249;249m██[38;2;249;249;249m██[38;2;249;249;249m██[38;2;113;113;127m██          
                  [38;2;0;0;0m██[38;2;249;249;249m██[38;2;249;249;249m██[38;2;249;249;249m██[38;2;249;249;249m██[38;2;113;113;127m██[38;2;0;0;0m██[38;2;0;0;0m██[38;2;190;195;200m██[38;2;249;249;249m██[38;2;0;0;0m██[38;2;52;56;128m██[38;2;249;249;249m██[38;2;249;249;249m██[38;2;249;249;249m██[38;2;249;249;249m██[38;2;249;249;249m██[38;2;249;249;249m██[38;2;249;249;249m██[38;2;249;249;249m██[38;2;113;113;127m██          
                  [38;2;0;0;0m██[38;2;249;249;249m██[38;2;249;249;249m██[38;2;249;249;249m██[38;2;113;113;127m██[38;2;249;249;249m██[38;2;249;249;249m██[38;2;249;249;249m██[38;2;153;157;165m██[38;2;249;249;249m██[38;2;113;113;127m██[38;2;249;249;249m██[38;2;249;249;249m██[38;2;249;249;249m██[38;2;249;249;249m██[38;2;249;249;249m██[38;2;249;249;249m██[38;2;249;249;249m██[38;2;249;249;249m██[38;2;249;249;249m██[38;2;113;113;127m██          
                  [38;2;0;0;0m██[38;2;249;249;249m██[38;2;249;249;249m██[38;2;249;249;249m██[38;2;249;249;249m██[38;2;0;0;0m██[38;2;190;195;200m██[38;2;249;249;249m██[38;2;249;249;249m██[38;2;249;249;249m██[38;2;190;195;200m██[38;2;249;249;249m██[38;2;249;249;249m██[38;2;249;249;249m██[38;2;249;249;249m██[38;2;249;249;249m██[38;2;249;249;249m██[38;2;249;249;249m██[38;2;249;249;249m██[38;2;249;249;249m██[38;2;113;113;127m██          
                  [38;2;0;0;0m██[38;2;190;195;200m██[38;2;249;249;249m██[38;2;249;249;249m██[38;2;249;249;249m██[38;2;249;249;249m██[38;2;0;0;0m██[38;2;113;113;127m██[38;2;249;249;249m██[38;2;249;249;249m██[38;2;249;249;249m██[38;2;249;249;249m██[38;2;249;249;249m██[38;2;249;249;249m██[38;2;249;249;249m██[38;2;249;249;249m██[38;2;249;249;249m██[38;2;249;249;249m██[38;2;249;249;249m██[38;2;249;249;249m██[38;2;113;113;127m██          
                    [38;2;0;0;0m██[38;2;249;249;249m██[38;2;249;249;249m██[38;2;249;249;249m██[38;2;113;113;127m██[38;2;249;249;249m██[38;2;249;249;249m██[38;2;249;249;249m██[38;2;249;249;249m██[38;2;249;249;249m██[38;2;249;249;249m██[38;2;249;249;249m██[38;2;249;249;249m██[38;2;249;249;249m██[38;2;249;249;249m██[38;2;249;249;249m██[38;2;249;249;249m██[38;2;249;249;249m██[38;2;113;113;127m██            
                    [38;2;0;0;0m██[38;2;190;195;200m██[38;2;249;249;249m██[38;2;249;249;249m██[38;2;249;249;249m██[38;2;0;0;0m██[38;2;0;0;0m██[38;2;190;195;200m██[38;2;249;249;249m██[38;2;249;249;249m██[38;2;249;249;249m██[38;2;249;249;249m██[38;2;249;249;249m██[38;2;249;249;249m██[38;2;249;249;249m██[38;2;249;249;249m██[38;2;249;249;249m██[38;2;249;249;249m██[38;2;113;113;127m██            
                      [38;2;0;0;0m██[38;2;249;249;249m██[38;2;249;249;249m██[38;2;249;249;249m██[38;2;249;249;249m██[38;2;249;249;249m██[38;2;249;249;249m██[38;2;249;249;249m██[38;2;249;249;249m██[38;2;249;249;249m██[38;2;249;249;249m██[38;2;249;249;249m██[38;2;249;249;249m██[38;2;249;249;249m██[38;2;249;249;249m██[38;2;249;249;249m██[38;2;113;113;127m██              
                        [38;2;0;0;0m██[38;2;0;0;0m██[38;2;249;249;249m██[38;2;249;249;249m██[38;2;249;249;249m██[38;2;249;249;249m██[38;2;249;249;249m██[38;2;249;249;249m██[38;2;249;249;249m██[38;2;249;249;249m██[38;2;249;249;249m██[38;2;249;249;249m██[38;2;249;249;249m██[38;2;0;0;0m██[38;2;113;113;127m██                
                            [38;2;0;0;0m██[38;2;0;0;0m██[38;2;190;195;200m██[38;2;249;249;249m██[38;2;249;249;249m██[38;2;249;249;249m██[38;2;249;249;249m██[38;2;249;249;249m██[38;2;190;195;200m██[38;2;0;0;0m██[38;2;0;0;0m██                    
                [38;2;0;0;0m██[38;2;113;113;127m██            [38;2;113;113;127m██[38;2;153;157;165m██[38;2;190;195;200m██[38;2;190;195;200m██[38;2;113;113;127m██[38;2;113;113;127m██[38;2;0;0;0m██                        
              [38;2;0;0;0m██[38;2;190;195;200m██[38;2;249;249;249m██[38;2;113;113;127m██        [38;2;0;0;0m██[38;2;0;0;0m██[38;2;190;195;200m██[38;2;190;195;200m██[38;2;190;195;200m██[38;2;190;195;200m██[38;2;190;195;200m██[38;2;153;157;165m██[38;2;0;0;0m██    [38;2;0;0;0m██[38;2;113;113;127m██              
            [38;2;0;0;0m██[38;2;0;0;0m██[38;2;249;249;249m██[38;2;249;249;249m██[38;2;249;249;249m██[38;2;0;0;0m██  [38;2;113;113;127m██[38;2;113;113;127m██[38;2;190;195;200m██[38;2;190;195;200m██[38;2;190;195;200m██[38;2;190;195;200m██[38;2;190;195;200m██[38;2;153;157;165m██[38;2;249;249;249m██[38;2;249;249;249m██[38;2;190;195;200m██[38;2;113;113;127m██[38;2;0;0;0m██[38;2;249;249;249m██[38;2;249;249;249m██[38;2;0;0;0m██            
          [38;2;0;0;0m██[38;2;249;249;249m██[38;2;249;249;249m██[38;2;113;113;127m██[38;2;249;249;249m██[38;2;249;249;249m██[38;2;249;249;249m██[38;2;0;0;0m██[38;2;249;249;249m██[38;2;249;249;249m██[38;2;190;195;200m██[38;2;113;113;127m██[38;2;249;249;249m██[38;2;249;249;249m██[38;2;249;249;249m██[38;2;113;113;127m██[38;2;0;0;0m██[38;2;249;249;249m██[38;2;249;249;249m██[38;2;0;0;0m██[38;2;249;249;249m██[38;2;249;249;249m██[38;2;249;249;249m██[38;2;0;0;0m██[38;2;113;113;127m██    [38;2;0;0;0m██[38;2;0;0;0m██  
          [38;2;0;0;0m██[38;2;190;195;200m██[38;2;249;249;249m██[38;2;249;249;249m██[38;2;113;113;127m██[38;2;249;249;249m██[38;2;249;249;249m██[38;2;190;195;200m██[38;2;0;0;0m██[38;2;249;249;249m██[38;2;113;113;127m██[38;2;0;0;0m██[38;2;153;157;165m██[38;2;249;249;249m██[38;2;113;113;127m██[38;2;190;195;200m██[38;2;249;249;249m██[38;2;113;113;127m██[38;2;0;0;0m██[38;2;249;249;249m██[38;2;249;249;249m██[38;2;249;249;249m██[38;2;0;0;0m██[38;2;249;249;249m██[38;2;249;249;249m██[38;2;0;0;0m██[38;2;52;56;128m██[38;2;59;104;169m██[38;2;0;0;0m██  
        [38;2;52;56;128m██[38;2;106;146;224m██[38;2;113;113;127m██[38;2;113;113;127m██[38;2;249;249;249m██[38;2;249;249;249m██[38;2;249;249;249m██[38;2;249;249;249m██[38;2;249;249;249m██[38;2;0;0;0m██[38;2;113;113;127m██  [38;2;0;0;0m██[38;2;249;249;249m██[38;2;113;113;127m██[38;2;190;195;200m██[38;2;249;249;249m██[38;2;0;0;0m██[38;2;0;0;0m██[38;2;249;249;249m██[38;2;249;249;249m██[38;2;249;249;249m██[38;2;113;113;127m██[38;2;249;249;249m██[38;2;249;249;249m██[38;2;249;249;249m██[38;2;0;0;0m██[38;2;249;249;249m██[38;2;0;0;0m██[38;2;0;0;0m██  
          [38;2;52;56;128m██[38;2;0;0;0m██[38;2;249;249;249m██[38;2;113;113;127m██[38;2;249;249;249m██[38;2;249;249;249m██[38;2;249;249;249m██[38;2;249;249;249m██[38;2;249;249;249m██[38;2;0;0;0m██[38;2;113;113;127m██[38;2;249;249;249m██[38;2;249;249;249m██[38;2;249;249;249m██[38;2;249;249;249m██[38;2;0;0;0m██[38;2;249;249;249m██[38;2;249;249;249m██[38;2;249;249;249m██[38;2;249;249;249m██[38;2;190;195;200m██[38;2;249;249;249m██[38;2;249;249;249m██[38;2;249;249;249m██[38;2;0;0;0m██[38;2;249;249;249m██[38;2;249;249;249m██[38;2;59;104;169m██[38;2;106;146;224m██[38;2;0;0;0m██
            [38;2;0;0;0m██[38;2;249;249;249m██[38;2;249;249;249m██[38;2;113;113;127m██[38;2;249;249;249m██[38;2;249;249;249m██[38;2;249;249;249m██[38;2;249;249;249m██[38;2;249;249;249m██[38;2;0;0;0m██[38;2;249;249;249m██[38;2;249;249;249m██[38;2;249;249;249m██[38;2;113;113;127m██[38;2;249;249;249m██[38;2;249;249;249m██[38;2;249;249;249m██[38;2;249;249;249m██[38;2;249;249;249m██[38;2;249;249;249m██[38;2;249;249;249m██[38;2;249;249;249m██[38;2;113;113;127m██[38;2;113;113;127m██[38;2;249;249;249m██[38;2;190;195;200m██[38;2;0;0;0m██[38;2;0;0;0m██  
              [38;2;0;0;0m██[38;2;249;249;249m██[38;2;249;249;249m██[38;2;190;195;200m██[38;2;249;249;249m██[38;2;249;249;249m██[38;2;249;249;249m██[38;2;249;249;249m██[38;2;113;113;127m██[38;2;249;249;249m██[38;2;249;249;249m██[38;2;113;113;127m██[38;2;249;249;249m██[38;2;249;249;249m██[38;2;249;249;249m██[38;2;249;249;249m██[38;2;249;249;249m██[38;2;249;249;249m██[38;2;249;249;249m██[38;2;113;113;127m██[38;2;113;113;127m██[38;2;249;249;249m██[38;2;0;0;0m██[38;2;190;195;200m██[38;2;0;0;0m██      
              [38;2;0;0;0m██[38;2;190;195;200m██[38;2;249;249;249m██[38;2;249;249;249m██[38;2;249;249;249m██[38;2;113;113;127m██[38;2;0;0;0m██[38;2;249;249;249m██[38;2;249;249;249m██[38;2;153;157;165m██[38;2;249;249;249m██[38;2;190;195;200m██[38;2;249;249;249m██[38;2;0;0;0m██[38;2;0;0;0m██[38;2;249;249;249m██[38;2;249;249;249m██[38;2;190;195;200m██[38;2;113;113;127m██[38;2;249;249;249m██[38;2;249;249;249m██[38;2;249;249;249m██[38;2;0;0;0m██[38;2;113;113;127m██        
                [38;2;0;0;0m██[38;2;249;249;249m██[38;2;249;249;249m██[38;2;249;249;249m██[38;2;0;0;0m██[38;2;249;249;249m██[38;2;0;0;0m██[38;2;249;249;249m██[38;2;190;195;200m██[38;2;249;249;249m██[38;2;249;249;249m██[38;2;113;113;127m██[38;2;249;249;249m██[38;2;249;249;249m██[38;2;0;0;0m██[38;2;249;249;249m██[38;2;249;249;249m██[38;2;249;249;249m██[38;2;249;249;249m██[38;2;249;249;249m██[38;2;0;0;0m██            
                  [38;2;0;0;0m██[38;2;113;113;127m██[38;2;249;249;249m██[38;2;249;249;249m██[38;2;249;249;249m██[38;2;0;0;0m██[38;2;249;249;249m██[38;2;249;249;249m██[38;2;249;249;249m██[38;2;0;0;0m██[38;2;249;249;249m██[38;2;249;249;249m██[38;2;113;113;127m██[38;2;249;249;249m██[38;2;249;249;249m██[38;2;249;249;249m██[38;2;249;249;249m██[38;2;249;249;249m██[38;2;0;0;0m██              
                    [38;2;0;0;0m██[38;2;0;0;0m██[38;2;113;113;127m██[38;2;0;0;0m██[38;2;190;195;200m██[38;2;190;195;200m██[38;2;249;249;249m██[38;2;249;249;249m██[38;2;0;0;0m██[38;2;190;195;200m██[38;2;249;249;249m██[38;2;249;249;249m██[38;2;249;249;249m██[38;2;249;249;249m██[38;2;190;195;200m██[38;2;0;0;0m██[38;2;0;0;0m██[38;2;113;113;127m██              
                    [38;2;0;0;0m██[38;2;190;195;200m██[38;2;190;195;200m██[38;2;190;195;200m██[38;2;190;195;200m██[38;2;190;195;200m██[38;2;190;195;200m██[38;2;190;195;200m██[38;2;190;195;200m██[38;2;113;113;127m██[38;2;113;113;127m██[38;2;0;0;0m██[38;2;0;0;0m██[38;2;0;0;0m██[38;2;0;0;0m██[38;2;190;195;200m██[38;2;190;195;200m██[38;2;113;113;127m██              
                      [38;2;0;0;0m██[38;2;153;157;165m██[38;2;190;195;200m██[38;2;190;195;200m██[38;2;190;195;200m██[38;2;113;113;127m██[38;2;0;0;0m██[38;2;0;0;0m██[38;2;0;0;0m██[38;2;190;195;200m██[38;2;190;195;200m██[38;2;190;195;200m██[38;2;190;195;200m██[38;2;190;195;200m██[38;2;190;195;200m██[38;2;113;113;127m██                
                    [38;2;0;0;0m██[38;2;59;104;169m██[38;2;59;104;169m██[38;2;52;56;128m██[38;2;0;0;0m██[38;2;0;0;0m██        [38;2;0;0;0m██[38;2;0;0;0m██[38;2;190;195;200m██[38;2;190;195;200m██[38;2;190;195;200m██[38;2;113;113;127m██[38;2;59;104;169m██[38;2;52;56;128m██              
                    [38;2;0;0;0m██[38;2;0;0;0m██[38;2;0;0;0m██[38;2;0;0;0m██                [38;2;0;0;0m██[38;2;0;0;0m██[38;2;0;0;0m██[38;2;59;104;169m██[38;2;52;56;128m██[38;2;106;146;224m██[38;2;52;56;128m██            
                                                  [38;2;0;0;0m██[38;2;0;0;0m██[38;2;0;0;0m██[38;2;0;0;0m██            
