                                                [38;2;46;56;69m██[38;2;46;56;69m██                                        
                                                [38;2;22;28;33m██[38;2;65;80;96m██[38;2;46;56;69m██                                      
                                                [38;2;22;28;33m██[38;2;65;80;96m██[38;2;65;80;96m██[38;2;46;56;69m██                                    
                                                  [38;2;22;28;33m██[38;2;65;80;96m██[38;2;46;56;69m██                                    
                                                  [38;2;22;28;33m██[38;2;65;80;96m██[38;2;65;80;96m██[38;2;22;28;33m██                                  
                                                  [38;2;22;28;33m██[38;2;46;56;69m██[38;2;65;80;96m██[38;2;22;28;33m██  [38;2;46;56;69m██[38;2;46;56;69m██[38;2;46;56;69m██[38;2;46;56;69m██[38;2;46;56;69m██                      
                                                  [38;2;22;28;33m██[38;2;46;56;69m██[38;2;46;56;69m██[38;2;46;56;69m██[38;2;22;28;33m██[38;2;65;80;96m██[38;2;65;80;96m██[38;2;65;80;96m██[38;2;65;80;96m██[38;2;65;80;96m██[38;2;46;56;69m██[38;2;46;56;69m██                  
                                                  [38;2;22;28;33m██[38;2;46;56;69m██[38;2;46;56;69m██[38;2;46;56;69m██[38;2;22;28;33m██[38;2;46;56;69m██[38;2;46;56;69m██[38;2;46;56;69m██[38;2;65;80;96m██[38;2;65;80;96m██[38;2;65;80;96m██[38;2;65;80;96m██[38;2;46;56;69m██                
                                                  [38;2;22;28;33m██[38;2;46;56;69m██[38;2;46;56;69m██[38;2;46;56;69m██[38;2;22;28;33m██[38;2;46;56;69m██[38;2;46;56;69m██[38;2;46;56;69m██[38;2;46;56;69m██[38;2;46;56;69m██[38;2;65;80;96m██[38;2;65;80;96m██[38;2;65;80;96m██[38;2;46;56;69m██              
                                                  [38;2;22;28;33m██[38;2;46;56;69m██[38;2;46;56;69m██[38;2;46;56;69m██[38;2;46;56;69m██[38;2;46;56;69m██[38;2;46;56;69m██[38;2;46;56;69m██[38;2;46;56;69m██[38;2;46;56;69m██[38;2;46;56;69m██[38;2;65;80;96m██[38;2;65;80;96m██[38;2;65;80;96m██[38;2;46;56;69m██            
                                                [38;2;22;28;33m██[38;2;46;56;69m██[38;2;46;56;69m██[38;2;46;56;69m██[38;2;46;56;69m██[38;2;46;56;69m██[38;2;46;56;69m██[38;2;46;56;69m██[38;2;46;56;69m██[38;2;22;28;33m██[38;2;0;0;0m██[38;2;0;0;0m██[38;2;46;56;69m██[38;2;65;80;96m██[38;2;65;80;96m██[38;2;46;56;69m██            
                                                [38;2;22;28;33m██[38;2;46;56;69m██[38;2;46;56;69m██[38;2;46;56;69m██[38;2;46;56;69m██[38;2;46;56;69m██[38;2;46;56;69m██[38;2;46;56;69m██[38;2;22;28;33m██[38;2;120;120;120m██[38;2;255;255;255m██[38;2;255;0;0m██[38;2;180;0;3m██[38;2;22;28;33m██[38;2;65;80;96m██[38;2;65;80;96m██[38;2;22;28;33m██          
                                                [38;2;0;0;0m██[38;2;46;56;69m██[38;2;46;56;69m██[38;2;46;56;69m██[38;2;46;56;69m██[38;2;46;56;69m██[38;2;46;56;69m██[38;2;22;28;33m██[38;2;153;153;153m██[38;2;120;120;120m██[38;2;180;0;3m██[38;2;255;0;0m██[38;2;255;0;0m██[38;2;0;0;0m██[38;2;46;56;69m██[38;2;65;80;96m██[38;2;22;28;33m██[38;2;120;120;120m██        
                                                [38;2;0;0;0m██[38;2;46;56;69m██[38;2;46;56;69m██[38;2;46;56;69m██[38;2;46;56;69m██[38;2;46;56;69m██[38;2;22;28;33m██[38;2;153;153;153m██[38;2;153;153;153m██[38;2;153;153;153m██[38;2;180;0;3m██[38;2;255;0;0m██[38;2;255;0;0m██[38;2;255;0;0m██[38;2;180;0;3m██[38;2;65;80;96m██[38;2;22;28;33m██[38;2;153;153;153m██        
                                                [38;2;0;0;0m██[38;2;46;56;69m██[38;2;46;56;69m██[38;2;46;56;69m██[38;2;46;56;69m██[38;2;46;56;69m██[38;2;22;28;33m██[38;2;153;153;153m██[38;2;153;153;153m██[38;2;153;153;153m██[38;2;153;153;153m██[38;2;120;120;120m██[38;2;180;0;3m██[38;2;180;0;3m██[38;2;22;28;33m██[38;2;46;56;69m██[38;2;22;28;33m██[38;2;210;210;210m██[38;2;153;153;153m██      
                                                [38;2;0;0;0m██[38;2;46;56;69m██[38;2;46;56;69m██[38;2;46;56;69m██[38;2;46;56;69m██[38;2;46;56;69m██[38;2;22;28;33m██[38;2;153;153;153m██[38;2;153;153;153m██[38;2;153;153;153m██[38;2;153;153;153m██[38;2;153;153;153m██[38;2;153;153;153m██[38;2;153;153;153m██[38;2;153;153;153m██[38;2;22;28;33m██[38;2;210;210;210m██[38;2;210;210;210m██[38;2;153;153;153m██      
                                                  [38;2;0;0;0m██[38;2;46;56;69m██[38;2;46;56;69m██[38;2;46;56;69m██[38;2;46;56;69m██[38;2;22;28;33m██[38;2;153;153;153m██[38;2;153;153;153m██[38;2;153;153;153m██[38;2;153;153;153m██[38;2;153;153;153m██[38;2;153;153;153m██[38;2;153;153;153m██[38;2;153;153;153m██[38;2;153;153;153m██[38;2;153;153;153m██[38;2;210;210;210m██[38;2;210;210;210m██[38;2;0;0;0m██    
                                                  [38;2;0;0;0m██[38;2;46;56;69m██[38;2;46;56;69m██[38;2;46;56;69m██[38;2;46;56;69m██[38;2;46;56;69m██[38;2;22;28;33m██[38;2;153;153;153m██[38;2;153;153;153m██[38;2;153;153;153m██[38;2;153;153;153m██[38;2;153;153;153m██[38;2;120;120;120m██[38;2;153;153;153m██[38;2;153;153;153m██[38;2;153;153;153m██[38;2;120;120;120m██[38;2;8;16;16m██      
                                                    [38;2;0;0;0m██[38;2;46;56;69m██[38;2;46;56;69m██[38;2;46;56;69m██[38;2;46;56;69m██[38;2;22;28;33m██[38;2;153;153;153m██[38;2;153;153;153m██[38;2;153;153;153m██[38;2;153;153;153m██[38;2;153;153;153m██[38;2;153;153;153m██[38;2;120;120;120m██[38;2;0;0;0m██[38;2;0;0;0m██[38;2;0;0;0m██        
                                                      [38;2;0;0;0m██[38;2;46;56;69m██[38;2;46;56;69m██[38;2;46;56;69m██[38;2;46;56;69m██[38;2;22;28;33m██[38;2;153;153;153m██[38;2;153;153;153m██[38;2;120;120;120m██[38;2;0;0;0m██[38;2;0;0;0m██[38;2;0;0;0m██              
                                                      [38;2;0;0;0m██[38;2;46;56;69m██[38;2;46;56;69m██[38;2;46;56;69m██[38;2;46;56;69m██[38;2;22;28;33m██[38;2;153;153;153m██[38;2;153;153;153m██[38;2;120;120;120m██                    
                                                        [38;2;0;0;0m██[38;2;46;56;69m██[38;2;46;56;69m██[38;2;46;56;69m██[38;2;46;56;69m██[38;2;22;28;33m██[38;2;153;153;153m██[38;2;120;120;120m██                    
                                                [38;2;114;24;24m██[38;2;114;24;24m██[38;2;114;24;24m██  [38;2;0;0;0m██[38;2;46;56;69m██[38;2;114;24;24m██[38;2;114;24;24m██[38;2;114;24;24m██[38;2;22;28;33m██[38;2;210;210;210m██[38;2;210;210;210m██[38;2;120;120;120m██                  
                                              [38;2;114;24;24m██[38;2;186;36;36m██[38;2;186;36;36m██[38;2;186;36;36m██[38;2;114;24;24m██[38;2;114;24;24m██[38;2;0;0;0m██[38;2;8;16;16m██[38;2;186;36;36m██[38;2;186;36;36m██[38;2;114;24;24m██[38;2;114;24;24m██[38;2;114;24;24m██[38;2;120;120;120m██[38;2;120;120;120m██                
                                                [38;2;114;24;24m██[38;2;114;24;24m██[38;2;186;36;36m██[38;2;186;36;36m██[38;2;186;36;36m██[38;2;0;0;0m██[38;2;46;56;69m██[38;2;8;16;16m██[38;2;186;36;36m██[38;2;186;36;36m██[38;2;186;36;36m██[38;2;186;36;36m██[38;2;114;24;24m██[38;2;114;24;24m██                
                                                    [38;2;114;24;24m██[38;2;186;36;36m██[38;2;186;36;36m██[38;2;22;28;33m██[38;2;46;56;69m██[38;2;46;56;69m██[38;2;8;16;16m██[38;2;114;24;24m██[38;2;186;36;36m██[38;2;186;36;36m██[38;2;186;36;36m██[38;2;186;36;36m██[38;2;114;24;24m██              
                                                      [38;2;114;24;24m██[38;2;114;24;24m██[38;2;186;36;36m██[38;2;22;28;33m██[38;2;46;56;69m██[38;2;46;56;69m██[38;2;8;16;16m██[38;2;8;16;16m██[38;2;114;24;24m██[38;2;186;36;36m██[38;2;186;36;36m██[38;2;186;36;36m██[38;2;114;24;24m██            
                                                          [38;2;114;24;24m██[38;2;22;28;33m██[38;2;46;56;69m██[38;2;46;56;69m██[38;2;46;56;69m██[38;2;46;56;69m██[38;2;8;16;16m██[38;2;8;16;16m██[38;2;186;36;36m██[38;2;186;36;36m██[38;2;186;36;36m██[38;2;114;24;24m██          
                                                            [38;2;22;28;33m██[38;2;46;56;69m██[38;2;46;56;69m██[38;2;46;56;69m██[38;2;46;56;69m██[38;2;22;28;33m██[38;2;210;210;210m██[38;2;114;24;24m██[38;2;186;36;36m██[38;2;186;36;36m██[38;2;114;24;24m██          
                                                            [38;2;22;28;33m██[38;2;46;56;69m██[38;2;46;56;69m██[38;2;46;56;69m██[38;2;46;56;69m██[38;2;46;56;69m██[38;2;22;28;33m██[38;2;210;210;210m██[38;2;114;24;24m██[38;2;186;36;36m██[38;2;186;36;36m██[38;2;114;24;24m██        
                                                            [38;2;22;28;33m██[38;2;46;56;69m██[38;2;46;56;69m██[38;2;46;56;69m██[38;2;46;56;69m██[38;2;46;56;69m██[38;2;22;28;33m██[38;2;210;210;210m██[38;2;210;210;210m██[38;2;114;24;24m██[38;2;186;36;36m██[38;2;114;24;24m██        
                                                            [38;2;22;28;33m██[38;2;46;56;69m██[38;2;46;56;69m██[38;2;46;56;69m██[38;2;46;56;69m██[38;2;46;56;69m██[38;2;46;56;69m██[38;2;22;28;33m██[38;2;210;210;210m██[38;2;114;24;24m██[38;2;186;36;36m██[38;2;186;36;36m██[38;2;114;24;24m██      
                                                            [38;2;22;28;33m██[38;2;46;56;69m██[38;2;46;56;69m██[38;2;46;56;69m██[38;2;46;56;69m██[38;2;46;56;69m██[38;2;46;56;69m██[38;2;22;28;33m██[38;2;210;210;210m██[38;2;210;210;210m██[38;2;114;24;24m██[38;2;186;36;36m██[38;2;114;24;24m██      
                                                            [38;2;22;28;33m██[38;2;46;56;69m██[38;2;46;56;69m██[38;2;46;56;69m██[38;2;46;56;69m██[38;2;46;56;69m██[38;2;46;56;69m██[38;2;22;28;33m██[38;2;22;28;33m██[38;2;22;28;33m██[38;2;22;28;33m██[38;2;186;36;36m██[38;2;114;24;24m██      
                                              [38;2;22;28;33m██[38;2;22;28;33m██          [38;2;22;28;33m██[38;2;46;56;69m██[38;2;46;56;69m██[38;2;46;56;69m██[38;2;46;56;69m██[38;2;46;56;69m██[38;2;46;56;69m██[38;2;46;56;69m██[38;2;22;28;33m██[38;2;46;56;69m██[38;2;46;56;69m██[38;2;22;28;33m██[38;2;22;28;33m██      
                                              [38;2;0;0;0m██[38;2;46;56;69m██[38;2;22;28;33m██[38;2;22;28;33m██  [38;2;22;28;33m██  [38;2;22;28;33m██[38;2;46;56;69m██[38;2;46;56;69m██[38;2;46;56;69m██[38;2;46;56;69m██[38;2;46;56;69m██[38;2;46;56;69m██[38;2;46;56;69m██[38;2;22;28;33m██[38;2;8;16;16m██[38;2;46;56;69m██[38;2;46;56;69m██[38;2;65;80;96m██[38;2;22;28;33m██[38;2;22;28;33m██  
                                              [38;2;0;0;0m██[38;2;46;56;69m██[38;2;46;56;69m██[38;2;46;56;69m██[38;2;22;28;33m██[38;2;46;56;69m██[38;2;22;28;33m██[38;2;22;28;33m██[38;2;46;56;69m██[38;2;46;56;69m██[38;2;46;56;69m██[38;2;46;56;69m██[38;2;46;56;69m██[38;2;46;56;69m██[38;2;46;56;69m██[38;2;22;28;33m██[38;2;210;210;210m██[38;2;8;16;16m██[38;2;65;80;96m██[38;2;65;80;96m██[38;2;65;80;96m██[38;2;65;80;96m██[38;2;22;28;33m██
                                                [38;2;0;0;0m██[38;2;46;56;69m██[38;2;46;56;69m██[38;2;46;56;69m██[38;2;46;56;69m██[38;2;22;28;33m██[38;2;46;56;69m██[38;2;46;56;69m██[38;2;46;56;69m██[38;2;46;56;69m██[38;2;46;56;69m██[38;2;46;56;69m██[38;2;46;56;69m██[38;2;46;56;69m██[38;2;22;28;33m██[38;2;210;210;210m██[38;2;8;16;16m██[38;2;46;56;69m██[38;2;65;80;96m██[38;2;65;80;96m██[38;2;22;28;33m██  
                                    [38;2;46;56;69m██[38;2;46;56;69m██        [38;2;0;0;0m██[38;2;46;56;69m██[38;2;46;56;69m██[38;2;46;56;69m██[38;2;46;56;69m██[38;2;22;28;33m██[38;2;46;56;69m██[38;2;46;56;69m██[38;2;46;56;69m██[38;2;46;56;69m██[38;2;46;56;69m██[38;2;46;56;69m██[38;2;46;56;69m██[38;2;46;56;69m██[38;2;22;28;33m██[38;2;210;210;210m██[38;2;210;210;210m██[38;2;8;16;16m██[38;2;65;80;96m██[38;2;22;28;33m██[38;2;65;80;96m██[38;2;22;28;33m██
                                    [38;2;46;56;69m██[38;2;65;80;96m██[38;2;22;28;33m██        [38;2;0;0;0m██[38;2;46;56;69m██[38;2;46;56;69m██[38;2;46;56;69m██[38;2;46;56;69m██[38;2;46;56;69m██[38;2;46;56;69m██[38;2;46;56;69m██[38;2;46;56;69m██[38;2;46;56;69m██[38;2;46;56;69m██[38;2;46;56;69m██[38;2;46;56;69m██[38;2;22;28;33m██[38;2;210;210;210m██[38;2;210;210;210m██[38;2;8;16;16m██[38;2;46;56;69m██[38;2;8;16;16m██[38;2;65;80;96m██[38;2;22;28;33m██
                                    [38;2;46;56;69m██[38;2;65;80;96m██[38;2;22;28;33m██  [38;2;22;28;33m██  [38;2;0;0;0m██[38;2;46;56;69m██[38;2;46;56;69m██[38;2;46;56;69m██[38;2;46;56;69m██[38;2;46;56;69m██[38;2;46;56;69m██[38;2;46;56;69m██[38;2;46;56;69m██[38;2;46;56;69m██[38;2;46;56;69m██[38;2;46;56;69m██[38;2;46;56;69m██[38;2;46;56;69m██[38;2;22;28;33m██[38;2;210;210;210m██[38;2;210;210;210m██[38;2;120;120;120m██[38;2;8;16;16m██  [38;2;46;56;69m██[38;2;22;28;33m██
                                [38;2;22;28;33m██[38;2;22;28;33m██[38;2;46;56;69m██[38;2;65;80;96m██[38;2;65;80;96m██[38;2;22;28;33m██[38;2;65;80;96m██[38;2;22;28;33m██  [38;2;0;0;0m██[38;2;0;0;0m██[38;2;0;0;0m██[38;2;46;56;69m██[38;2;46;56;69m██[38;2;46;56;69m██[38;2;46;56;69m██[38;2;46;56;69m██[38;2;46;56;69m██[38;2;46;56;69m██[38;2;46;56;69m██[38;2;46;56;69m██[38;2;22;28;33m██[38;2;210;210;210m██[38;2;210;210;210m██[38;2;210;210;210m██[38;2;120;120;120m██    [38;2;22;28;33m██  
          [38;2;46;56;69m██[38;2;46;56;69m██[38;2;46;56;69m██[38;2;46;56;69m██[38;2;46;56;69m██[38;2;46;56;69m██          [38;2;0;0;0m██[38;2;65;80;96m██[38;2;22;28;33m██[38;2;65;80;96m██[38;2;65;80;96m██[38;2;46;56;69m██[38;2;65;80;96m██[38;2;22;28;33m██    [38;2;22;28;33m██[38;2;46;56;69m██[38;2;46;56;69m██[38;2;46;56;69m██[38;2;46;56;69m██[38;2;46;56;69m██[38;2;46;56;69m██[38;2;46;56;69m██[38;2;46;56;69m██[38;2;46;56;69m██[38;2;46;56;69m██[38;2;22;28;33m██[38;2;210;210;210m██[38;2;210;210;210m██[38;2;210;210;210m██[38;2;120;120;120m██        
    [38;2;46;56;69m██[38;2;46;56;69m██[38;2;46;56;69m██[38;2;65;80;96m██[38;2;65;80;96m██[38;2;65;80;96m██[38;2;65;80;96m██[38;2;65;80;96m██[38;2;65;80;96m██[38;2;46;56;69m██[38;2;46;56;69m██      [38;2;0;0;0m██[38;2;65;80;96m██[38;2;65;80;96m██[38;2;65;80;96m██[38;2;65;80;96m██[38;2;65;80;96m██[38;2;65;80;96m██[38;2;22;28;33m██[38;2;22;28;33m██[38;2;22;28;33m██[38;2;65;80;96m██[38;2;46;56;69m██[38;2;46;56;69m██[38;2;46;56;69m██[38;2;46;56;69m██[38;2;46;56;69m██[38;2;46;56;69m██[38;2;46;56;69m██[38;2;46;56;69m██[38;2;46;56;69m██[38;2;22;28;33m██[38;2;120;120;120m██[38;2;153;153;153m██[38;2;210;210;210m██[38;2;120;120;120m██          
  [38;2;22;28;33m██[38;2;65;80;96m██[38;2;65;80;96m██[38;2;65;80;96m██[38;2;65;80;96m██[38;2;65;80;96m██[38;2;65;80;96m██[38;2;65;80;96m██[38;2;65;80;96m██[38;2;65;80;96m██[38;2;65;80;96m██[38;2;65;80;96m██[38;2;46;56;69m██[38;2;22;28;33m██[38;2;22;28;33m██[38;2;65;80;96m██[38;2;0;0;0m██[38;2;65;80;96m██[38;2;65;80;96m██[38;2;65;80;96m██[38;2;65;80;96m██[38;2;22;28;33m██[38;2;46;56;69m██[38;2;65;80;96m██[38;2;65;80;96m██[38;2;65;80;96m██[38;2;65;80;96m██[38;2;65;80;96m██[38;2;46;56;69m██[38;2;46;56;69m██[38;2;46;56;69m██[38;2;46;56;69m██[38;2;46;56;69m██[38;2;46;56;69m██[38;2;46;56;69m██[38;2;22;28;33m██[38;2;210;210;210m██[38;2;120;120;120m██[38;2;120;120;120m██[38;2;8;16;16m██          
    [38;2;22;28;33m██[38;2;22;28;33m██[38;2;65;80;96m██[38;2;46;56;69m██[38;2;46;56;69m██[38;2;65;80;96m██[38;2;65;80;96m██[38;2;65;80;96m██[38;2;65;80;96m██[38;2;65;80;96m██[38;2;22;28;33m██[38;2;65;80;96m██[38;2;65;80;96m██[38;2;65;80;96m██[38;2;65;80;96m██[38;2;65;80;96m██[38;2;65;80;96m██[38;2;65;80;96m██[38;2;65;80;96m██[38;2;46;56;69m██[38;2;65;80;96m██[38;2;65;80;96m██[38;2;65;80;96m██[38;2;65;80;96m██[38;2;65;80;96m██[38;2;65;80;96m██[38;2;65;80;96m██[38;2;65;80;96m██[38;2;46;56;69m██[38;2;46;56;69m██[38;2;46;56;69m██[38;2;46;56;69m██[38;2;46;56;69m██[38;2;22;28;33m██[38;2;153;153;153m██[38;2;210;210;210m██[38;2;210;210;210m██[38;2;8;16;16m██            
      [38;2;46;56;69m██[38;2;46;56;69m██[38;2;65;80;96m██[38;2;65;80;96m██[38;2;65;80;96m██[38;2;65;80;96m██[38;2;65;80;96m██[38;2;65;80;96m██[38;2;65;80;96m██[38;2;65;80;96m██[38;2;22;28;33m██[38;2;22;28;33m██[38;2;22;28;33m██[38;2;22;28;33m██[38;2;46;56;69m██[38;2;65;80;96m██[38;2;65;80;96m██[38;2;65;80;96m██[38;2;65;80;96m██[38;2;65;80;96m██[38;2;65;80;96m██[38;2;65;80;96m██[38;2;65;80;96m██[38;2;65;80;96m██[38;2;65;80;96m██[38;2;65;80;96m██[38;2;65;80;96m██[38;2;65;80;96m██[38;2;46;56;69m██[38;2;46;56;69m██[38;2;22;28;33m██[38;2;22;28;33m██[38;2;153;153;153m██[38;2;153;153;153m██[38;2;210;210;210m██[38;2;8;16;16m██              
    [38;2;46;56;69m██[38;2;65;80;96m██[38;2;65;80;96m██[38;2;65;80;96m██[38;2;65;80;96m██[38;2;65;80;96m██[38;2;65;80;96m██[38;2;65;80;96m██[38;2;65;80;96m██[38;2;65;80;96m██[38;2;65;80;96m██[38;2;65;80;96m██[38;2;65;80;96m██[38;2;8;16;16m██[38;2;153;153;153m██[38;2;153;153;153m██[38;2;22;28;33m██[38;2;22;28;33m██[38;2;22;28;33m██[38;2;46;56;69m██[38;2;46;56;69m██[38;2;65;80;96m██[38;2;65;80;96m██[38;2;65;80;96m██[38;2;65;80;96m██[38;2;65;80;96m██[38;2;65;80;96m██[38;2;65;80;96m██[38;2;46;56;69m██[38;2;22;28;33m██[38;2;22;28;33m██[38;2;153;153;153m██[38;2;153;153;153m██[38;2;153;153;153m██[38;2;153;153;153m██[38;2;8;16;16m██                
  [38;2;22;28;33m██[38;2;65;80;96m██[38;2;65;80;96m██[38;2;65;80;96m██[38;2;65;80;96m██[38;2;65;80;96m██[38;2;65;80;96m██[38;2;46;56;69m██[38;2;22;28;33m██[38;2;65;80;96m██[38;2;65;80;96m██[38;2;65;80;96m██[38;2;65;80;96m██[38;2;22;28;33m██  [38;2;8;16;16m██[38;2;8;16;16m██[38;2;153;153;153m██[38;2;153;153;153m██[38;2;153;153;153m██[38;2;153;153;153m██[38;2;153;153;153m██[38;2;46;56;69m██[38;2;46;56;69m██[38;2;46;56;69m██[38;2;46;56;69m██[38;2;46;56;69m██[38;2;46;56;69m██[38;2;46;56;69m██[38;2;153;153;153m██[38;2;153;153;153m██[38;2;153;153;153m██[38;2;153;153;153m██[38;2;153;153;153m██[38;2;153;153;153m██[38;2;8;16;16m██                  
[38;2;22;28;33m██[38;2;65;80;96m██[38;2;65;80;96m██[38;2;65;80;96m██[38;2;65;80;96m██[38;2;22;28;33m██[38;2;22;28;33m██[38;2;0;0;0m██[38;2;0;0;0m██[38;2;65;80;96m██[38;2;65;80;96m██[38;2;65;80;96m██[38;2;65;80;96m██[38;2;65;80;96m██[38;2;0;0;0m██      [38;2;8;16;16m██[38;2;8;16;16m██[38;2;8;16;16m██[38;2;153;153;153m██[38;2;153;153;153m██[38;2;153;153;153m██[38;2;153;153;153m██[38;2;153;153;153m██[38;2;153;153;153m██[38;2;153;153;153m██[38;2;153;153;153m██[38;2;153;153;153m██[38;2;153;153;153m██[38;2;153;153;153m██[38;2;120;120;120m██[38;2;153;153;153m██[38;2;8;16;16m██[38;2;8;16;16m██                    
[38;2;22;28;33m██[38;2;22;28;33m██[38;2;0;0;0m██[38;2;0;0;0m██[38;2;0;0;0m██    [38;2;22;28;33m██[38;2;65;80;96m██[38;2;65;80;96m██[38;2;65;80;96m██[38;2;65;80;96m██[38;2;65;80;96m██[38;2;0;0;0m██              [38;2;8;16;16m██[38;2;8;16;16m██[38;2;8;16;16m██[38;2;8;16;16m██[38;2;153;153;153m██[38;2;153;153;153m██[38;2;153;153;153m██[38;2;153;153;153m██[38;2;120;120;120m██[38;2;153;153;153m██[38;2;153;153;153m██[38;2;8;16;16m██[38;2;8;16;16m██                        
            [38;2;0;0;0m██[38;2;46;56;69m██[38;2;65;80;96m██[38;2;65;80;96m██[38;2;65;80;96m██[38;2;46;56;69m██[38;2;0;0;0m██                  [38;2;120;120;120m██[38;2;153;153;153m██[38;2;153;153;153m██[38;2;8;16;16m██[38;2;8;16;16m██[38;2;8;16;16m██[38;2;8;16;16m██[38;2;120;120;120m██[38;2;153;153;153m██[38;2;153;153;153m██[38;2;8;16;16m██                          
            [38;2;0;0;0m██[38;2;65;80;96m██[38;2;65;80;96m██[38;2;65;80;96m██[38;2;0;0;0m██[38;2;0;0;0m██                  [38;2;120;120;120m██[38;2;153;153;153m██[38;2;153;153;153m██[38;2;153;153;153m██[38;2;120;120;120m██    [38;2;120;120;120m██[38;2;153;153;153m██[38;2;153;153;153m██[38;2;153;153;153m██[38;2;8;16;16m██                          
            [38;2;0;0;0m██[38;2;0;0;0m██[38;2;0;0;0m██[38;2;0;0;0m██                      [38;2;120;120;120m██[38;2;153;153;153m██[38;2;153;153;153m██[38;2;8;16;16m██    [38;2;120;120;120m██[38;2;153;153;153m██[38;2;153;153;153m██[38;2;153;153;153m██[38;2;8;16;16m██                            
                                          [38;2;8;16;16m██[38;2;153;153;153m██[38;2;153;153;153m██[38;2;8;16;16m██    [38;2;8;16;16m██[38;2;153;153;153m██[38;2;153;153;153m██[38;2;210;210;210m██[38;2;8;16;16m██                            
                                          [38;2;8;16;16m██[38;2;120;120;120m██[38;2;153;153;153m██[38;2;8;16;16m██      [38;2;8;16;16m██[38;2;210;210;210m██[38;2;210;210;210m██[38;2;120;120;120m██                            
                                            [38;2;8;16;16m██[38;2;153;153;153m██[38;2;153;153;153m██[38;2;8;16;16m██    [38;2;8;16;16m██[38;2;153;153;153m██[38;2;210;210;210m██[38;2;120;120;120m██                            
                                              [38;2;8;16;16m██[38;2;8;16;16m██[38;2;120;120;120m██      [38;2;8;16;16m██[38;2;255;246;189m██[38;2;255;246;189m██[38;2;120;120;120m██                          
                                                            [38;2;8;16;16m██[38;2;8;16;16m██[38;2;8;16;16m██                          
