                              [38;2;49;90;115m██[38;2;49;90;115m██                                  
                            [38;2;49;90;115m██[38;2;82;189;189m██[38;2;49;90;115m██                                  
                            [38;2;49;90;115m██[38;2;82;189;189m██[38;2;49;90;115m██                                  
                          [38;2;49;90;115m██[38;2;82;189;189m██[38;2;82;189;189m██[38;2;49;90;115m██                                  
                          [38;2;49;90;115m██[38;2;82;189;189m██[38;2;82;189;189m██[38;2;49;90;115m██[38;2;49;90;115m██[38;2;49;90;115m██                              
                          [38;2;49;90;115m██[38;2;82;189;189m██[38;2;82;189;189m██[38;2;49;90;115m██[38;2;32;139;148m██[38;2;49;90;115m██                              
                        [38;2;49;90;115m██[38;2;32;139;148m██[38;2;82;189;189m██[38;2;82;189;189m██[38;2;32;139;148m██[38;2;32;139;148m██[38;2;0;0;0m██                              
                        [38;2;49;90;115m██[38;2;82;189;189m██[38;2;82;189;189m██[38;2;32;139;148m██[38;2;32;139;148m██[38;2;32;139;148m██[38;2;0;0;0m██                              
                        [38;2;49;90;115m██[38;2;82;189;189m██[38;2;82;189;189m██[38;2;32;139;148m██[38;2;32;139;148m██[38;2;32;139;148m██[38;2;0;0;0m██[38;2;49;90;115m██[38;2;49;90;115m██                          
                  [38;2;49;49;49m██[38;2;49;49;49m██[38;2;49;90;115m██[38;2;32;139;148m██[38;2;82;189;189m██[38;2;82;189;189m██[38;2;32;139;148m██[38;2;32;139;148m██[38;2;32;139;148m██[38;2;49;90;115m██[38;2;82;189;189m██[38;2;82;189;189m██[38;2;49;90;115m██[38;2;49;90;115m██                      
                [38;2;49;49;49m██[38;2;74;74;74m██[38;2;74;74;74m██[38;2;49;90;115m██[38;2;82;189;189m██[38;2;82;189;189m██[38;2;32;139;148m██[38;2;32;139;148m██[38;2;32;139;148m██[38;2;32;139;148m██[38;2;32;139;148m██[38;2;82;189;189m██[38;2;82;189;189m██[38;2;82;189;189m██[38;2;82;189;189m██[38;2;49;90;115m██[38;2;0;0;0m██[38;2;0;0;0m██[38;2;49;49;49m██              
                [38;2;49;49;49m██[38;2;74;74;74m██[38;2;49;90;115m██[38;2;49;90;115m██[38;2;82;189;189m██[38;2;82;189;189m██[38;2;32;139;148m██[38;2;32;139;148m██[38;2;32;139;148m██[38;2;32;139;148m██[38;2;32;139;148m██[38;2;32;139;148m██[38;2;82;189;189m██[38;2;82;189;189m██[38;2;82;189;189m██[38;2;49;49;49m██[38;2;74;74;74m██[38;2;74;74;74m██[38;2;74;74;74m██[38;2;0;0;0m██            
                [38;2;74;74;74m██[38;2;49;90;115m██[38;2;82;189;189m██[38;2;49;90;115m██[38;2;82;189;189m██[38;2;32;139;148m██[38;2;32;139;148m██[38;2;32;139;148m██[38;2;32;139;148m██[38;2;32;139;148m██[38;2;32;139;148m██[38;2;32;139;148m██[38;2;32;139;148m██[38;2;32;139;148m██[38;2;82;189;189m██[38;2;49;49;49m██[38;2;49;49;49m██[38;2;74;74;74m██[38;2;74;74;74m██[38;2;0;0;0m██            
                [38;2;49;49;49m██[38;2;82;189;189m██[38;2;82;189;189m██[38;2;32;139;148m██[38;2;32;139;148m██[38;2;32;139;148m██[38;2;32;139;148m██[38;2;32;139;148m██[38;2;32;139;148m██[38;2;32;139;148m██[38;2;32;139;148m██[38;2;32;139;148m██[38;2;32;139;148m██[38;2;32;139;148m██[38;2;32;139;148m██[38;2;32;139;148m██[38;2;49;49;49m██[38;2;49;49;49m██[38;2;49;49;49m██[38;2;0;0;0m██            
                [38;2;0;0;0m██[38;2;82;189;189m██[38;2;32;139;148m██[38;2;32;139;148m██[38;2;32;139;148m██[38;2;32;139;148m██[38;2;32;139;148m██[38;2;32;139;148m██[38;2;32;139;148m██[38;2;32;139;148m██[38;2;32;139;148m██[38;2;32;139;148m██[38;2;32;139;148m██[38;2;32;139;148m██[38;2;32;139;148m██[38;2;32;139;148m██[38;2;0;0;0m██[38;2;49;49;49m██[38;2;0;0;0m██              
            [38;2;74;74;74m██[38;2;74;74;74m██[38;2;82;189;189m██[38;2;82;189;189m██[38;2;32;139;148m██[38;2;32;139;148m██[38;2;32;139;148m██[38;2;32;139;148m██[38;2;32;139;148m██[38;2;32;139;148m██[38;2;32;139;148m██[38;2;32;139;148m██[38;2;32;139;148m██[38;2;32;139;148m██[38;2;32;139;148m██[38;2;32;139;148m██[38;2;32;139;148m██[38;2;32;139;148m██[38;2;32;139;148m██[38;2;0;0;0m██[38;2;0;0;0m██              
          [38;2;74;74;74m██[38;2;255;255;255m██[38;2;0;0;0m██[38;2;82;189;189m██[38;2;32;139;148m██[38;2;32;139;148m██[38;2;32;139;148m██[38;2;32;139;148m██[38;2;32;139;148m██[38;2;32;139;148m██[38;2;32;139;148m██[38;2;32;139;148m██[38;2;32;139;148m██[38;2;32;139;148m██[38;2;32;139;148m██[38;2;32;139;148m██[38;2;32;139;148m██[38;2;32;139;148m██[38;2;32;139;148m██[38;2;32;139;148m██[38;2;82;189;189m██[38;2;82;189;189m██[38;2;49;90;115m██    [38;2;74;74;74m██[38;2;74;74;74m██[38;2;74;74;74m██  
            [38;2;74;74;74m██[38;2;0;0;0m██[38;2;82;189;189m██[38;2;32;139;148m██[38;2;32;139;148m██[38;2;32;139;148m██[38;2;32;139;148m██[38;2;32;139;148m██[38;2;32;139;148m██[38;2;32;139;148m██[38;2;32;139;148m██[38;2;32;139;148m██[38;2;32;139;148m██[38;2;32;139;148m██[38;2;32;139;148m██[38;2;32;139;148m██[38;2;32;139;148m██[38;2;32;139;148m██[38;2;32;139;148m██[38;2;32;139;148m██[38;2;82;189;189m██[38;2;49;90;115m██[38;2;74;74;74m██[38;2;74;74;74m██[38;2;255;255;255m██[38;2;255;255;255m██[38;2;74;74;74m██  
              [38;2;0;0;0m██[38;2;32;139;148m██[38;2;32;139;148m██[38;2;32;139;148m██[38;2;32;139;148m██[38;2;32;139;148m██[38;2;32;139;148m██[38;2;32;139;148m██[38;2;32;139;148m██[38;2;32;139;148m██[38;2;32;139;148m██[38;2;32;139;148m██[38;2;32;139;148m██[38;2;32;139;148m██[38;2;32;139;148m██[38;2;32;139;148m██[38;2;32;139;148m██[38;2;32;139;148m██[38;2;32;139;148m██[38;2;82;189;189m██[38;2;49;90;115m██[38;2;255;255;255m██[38;2;255;255;255m██[38;2;74;74;74m██[38;2;74;74;74m██    
              [38;2;0;0;0m██[38;2;32;139;148m██[38;2;32;139;148m██[38;2;32;139;148m██[38;2;32;139;148m██[38;2;32;139;148m██[38;2;32;139;148m██[38;2;32;139;148m██[38;2;32;139;148m██[38;2;32;139;148m██[38;2;32;139;148m██[38;2;32;139;148m██[38;2;32;139;148m██[38;2;32;139;148m██[38;2;32;139;148m██[38;2;32;139;148m██[38;2;32;139;148m██[38;2;32;139;148m██[38;2;32;139;148m██[38;2;32;139;148m██[38;2;49;90;115m██[38;2;74;74;74m██[38;2;74;74;74m██        
                [38;2;0;0;0m██[38;2;32;139;148m██[38;2;32;139;148m██[38;2;32;139;148m██[38;2;32;139;148m██[38;2;32;139;148m██[38;2;32;139;148m██[38;2;32;139;148m██[38;2;32;139;148m██[38;2;32;139;148m██[38;2;32;139;148m██[38;2;32;139;148m██[38;2;32;139;148m██[38;2;32;139;148m██[38;2;32;139;148m██[38;2;32;139;148m██[38;2;32;139;148m██[38;2;32;139;148m██[38;2;32;139;148m██[38;2;49;90;115m██            
              [38;2;74;74;74m██[38;2;0;0;0m██[38;2;32;139;148m██[38;2;32;139;148m██[38;2;32;139;148m██[38;2;32;139;148m██[38;2;32;139;148m██[38;2;32;139;148m██[38;2;32;139;148m██[38;2;32;139;148m██[38;2;32;139;148m██[38;2;32;139;148m██[38;2;32;139;148m██[38;2;32;139;148m██[38;2;32;139;148m██[38;2;32;139;148m██[38;2;32;139;148m██[38;2;32;139;148m██[38;2;32;139;148m██[38;2;49;90;115m██              
            [38;2;74;74;74m██[38;2;74;74;74m██[38;2;197;197;205m██[38;2;74;74;74m██[38;2;32;139;148m██[38;2;32;139;148m██[38;2;32;139;148m██[38;2;32;139;148m██[38;2;32;139;148m██[38;2;32;139;148m██[38;2;32;139;148m██[38;2;32;139;148m██[38;2;32;139;148m██[38;2;32;139;148m██[38;2;32;139;148m██[38;2;32;139;148m██[38;2;32;139;148m██[38;2;32;139;148m██[38;2;32;139;148m██[38;2;32;139;148m██[38;2;0;0;0m██[38;2;74;74;74m██            
            [38;2;74;74;74m██[38;2;197;197;205m██[38;2;74;74;74m██[38;2;0;0;0m██[38;2;49;90;115m██[38;2;32;139;148m██[38;2;32;139;148m██[38;2;32;139;148m██[38;2;32;139;148m██[38;2;32;139;148m██[38;2;32;139;148m██[38;2;32;139;148m██[38;2;32;139;148m██[38;2;32;139;148m██[38;2;32;139;148m██[38;2;32;139;148m██[38;2;32;139;148m██[38;2;32;139;148m██[38;2;32;139;148m██[38;2;0;0;0m██[38;2;197;197;205m██[38;2;197;197;205m██[38;2;74;74;74m██[38;2;74;74;74m██        
            [38;2;0;0;0m██[38;2;0;0;0m██    [38;2;0;0;0m██[38;2;0;0;0m██[38;2;32;139;148m██[38;2;32;139;148m██[38;2;32;139;148m██[38;2;32;139;148m██[38;2;32;139;148m██[38;2;32;139;148m██[38;2;32;139;148m██[38;2;32;139;148m██[38;2;32;139;148m██[38;2;32;139;148m██[38;2;32;139;148m██[38;2;32;139;148m██[38;2;0;0;0m██  [38;2;74;74;74m██[38;2;74;74;74m██[38;2;197;197;205m██[38;2;197;197;205m██[38;2;74;74;74m██      
                        [38;2;0;0;0m██[38;2;0;0;0m██[38;2;32;139;148m██[38;2;32;139;148m██[38;2;32;139;148m██[38;2;32;139;148m██[38;2;32;139;148m██[38;2;32;139;148m██[38;2;32;139;148m██[38;2;32;139;148m██[38;2;0;0;0m██[38;2;0;0;0m██        [38;2;74;74;74m██[38;2;74;74;74m██        
                          [38;2;49;90;115m██[38;2;0;0;0m██[38;2;49;90;115m██[38;2;32;139;148m██[38;2;32;139;148m██[38;2;49;90;115m██[38;2;0;0;0m██[38;2;0;0;0m██[38;2;0;0;0m██                        
                      [38;2;0;0;0m██[38;2;49;90;115m██[38;2;32;139;148m██[38;2;32;139;148m██[38;2;32;139;148m██[38;2;32;139;148m██[38;2;32;139;148m██[38;2;32;139;148m██[38;2;49;90;115m██                            
                [38;2;0;0;0m██[38;2;0;0;0m██[38;2;49;90;115m██[38;2;32;139;148m██[38;2;32;139;148m██[38;2;32;139;148m██[38;2;32;139;148m██[38;2;32;139;148m██[38;2;32;139;148m██[38;2;32;139;148m██[38;2;32;139;148m██[38;2;49;90;115m██                            
    [38;2;0;0;0m██[38;2;49;49;49m██    [38;2;0;0;0m██[38;2;0;0;0m██[38;2;82;189;189m██[38;2;82;189;189m██[38;2;82;189;189m██[38;2;32;139;148m██[38;2;32;139;148m██[38;2;32;139;148m██[38;2;32;139;148m██[38;2;32;139;148m██[38;2;32;139;148m██[38;2;32;139;148m██[38;2;32;139;148m██[38;2;32;139;148m██[38;2;49;90;115m██                          
  [38;2;0;0;0m██[38;2;74;74;74m██[38;2;74;74;74m██[38;2;0;0;0m██[38;2;0;0;0m██[38;2;82;189;189m██[38;2;82;189;189m██[38;2;82;189;189m██[38;2;82;189;189m██[38;2;82;189;189m██[38;2;32;139;148m██[38;2;32;139;148m██[38;2;32;139;148m██[38;2;32;139;148m██[38;2;32;139;148m██[38;2;32;139;148m██[38;2;32;139;148m██[38;2;32;139;148m██[38;2;32;139;148m██[38;2;0;0;0m██                          
[38;2;0;0;0m██[38;2;0;0;0m██[38;2;49;49;49m██[38;2;74;74;74m██[38;2;74;74;74m██[38;2;74;74;74m██[38;2;74;74;74m██[38;2;82;189;189m██[38;2;82;189;189m██[38;2;82;189;189m██[38;2;32;139;148m██[38;2;32;139;148m██[38;2;49;90;115m██[38;2;49;90;115m██[38;2;49;90;115m██[38;2;32;139;148m██[38;2;32;139;148m██[38;2;32;139;148m██[38;2;32;139;148m██[38;2;32;139;148m██[38;2;0;0;0m██                          
[38;2;0;0;0m██[38;2;74;74;74m██[38;2;74;74;74m██[38;2;74;74;74m██[38;2;74;74;74m██[38;2;74;74;74m██[38;2;74;74;74m██[38;2;82;189;189m██[38;2;49;90;115m██[38;2;0;0;0m██[38;2;0;0;0m██[38;2;0;0;0m██[38;2;0;0;0m██[38;2;32;139;148m██[38;2;32;139;148m██[38;2;32;139;148m██[38;2;32;139;148m██[38;2;32;139;148m██[38;2;32;139;148m██[38;2;32;139;148m██[38;2;41;57;106m██[38;2;0;0;0m██                        
  [38;2;0;0;0m██[38;2;0;0;0m██[38;2;74;74;74m██[38;2;74;74;74m██[38;2;0;0;0m██[38;2;0;0;0m██[38;2;0;0;0m██[38;2;0;0;0m██    [38;2;49;90;115m██[38;2;32;139;148m██[38;2;41;57;106m██[38;2;0;0;0m██[38;2;0;0;0m██[38;2;32;139;148m██[38;2;32;139;148m██[38;2;32;139;148m██[38;2;0;0;0m██[38;2;49;82;139m██[38;2;0;0;0m██                        
      [38;2;0;0;0m██[38;2;0;0;0m██          [38;2;49;90;115m██[38;2;0;0;0m██[38;2;0;0;0m██[38;2;41;57;106m██[38;2;41;57;106m██[38;2;41;57;106m██[38;2;41;57;106m██[38;2;0;0;0m██[38;2;32;139;148m██[38;2;41;57;106m██[38;2;49;82;139m██[38;2;49;82;139m██[38;2;41;57;106m██                      
                    [38;2;0;0;0m██[38;2;41;57;106m██[38;2;41;57;106m██[38;2;41;57;106m██[38;2;41;57;106m██[38;2;41;57;106m██[38;2;41;57;106m██[38;2;41;57;106m██[38;2;0;0;0m██[38;2;49;82;139m██[38;2;49;82;139m██[38;2;49;82;139m██[38;2;41;57;106m██      [38;2;0;0;0m██[38;2;0;0;0m██[38;2;0;0;0m██[38;2;0;0;0m██[38;2;0;0;0m██      
                  [38;2;0;0;0m██[38;2;41;57;106m██[38;2;41;57;106m██[38;2;41;57;106m██[38;2;41;57;106m██[38;2;41;57;106m██[38;2;41;57;106m██[38;2;41;57;106m██[38;2;41;57;106m██[38;2;41;57;106m██[38;2;49;82;139m██[38;2;49;82;139m██[38;2;49;82;139m██[38;2;49;82;139m██[38;2;41;57;106m██[38;2;0;0;0m██[38;2;0;0;0m██[38;2;74;74;74m██[38;2;74;74;74m██[38;2;74;74;74m██[38;2;74;74;74m██[38;2;74;74;74m██[38;2;49;49;49m██[38;2;0;0;0m██  
                [38;2;0;0;0m██[38;2;49;49;49m██[38;2;0;0;0m██[38;2;41;57;106m██[38;2;41;57;106m██[38;2;41;57;106m██[38;2;41;57;106m██[38;2;41;57;106m██[38;2;41;57;106m██[38;2;41;57;106m██[38;2;41;57;106m██[38;2;41;57;106m██[38;2;49;82;139m██[38;2;49;82;139m██[38;2;0;0;0m██[38;2;0;0;0m██[38;2;74;74;74m██[38;2;74;74;74m██[38;2;74;74;74m██[38;2;49;49;49m██[38;2;49;49;49m██[38;2;49;49;49m██[38;2;49;49;49m██[38;2;74;74;74m██[38;2;74;74;74m██[38;2;0;0;0m██
              [38;2;0;0;0m██[38;2;197;148;41m██[38;2;197;148;41m██[38;2;238;213;139m██[38;2;0;0;0m██[38;2;41;57;106m██[38;2;41;57;106m██[38;2;41;57;106m██[38;2;41;57;106m██[38;2;41;57;106m██[38;2;41;57;106m██[38;2;41;57;106m██[38;2;41;57;106m██[38;2;41;57;106m██[38;2;0;0;0m██[38;2;74;74;74m██[38;2;74;74;74m██[38;2;74;74;74m██[38;2;49;49;49m██[38;2;49;49;49m██[38;2;49;49;49m██[38;2;49;49;49m██[38;2;49;49;49m██[38;2;49;49;49m██[38;2;49;49;49m██[38;2;49;49;49m██[38;2;0;0;0m██
            [38;2;0;0;0m██[38;2;238;213;139m██[38;2;238;213;139m██[38;2;238;213;139m██[38;2;197;148;41m██[38;2;0;0;0m██[38;2;41;57;106m██[38;2;41;57;106m██[38;2;41;57;106m██[38;2;41;57;106m██[38;2;41;57;106m██[38;2;41;57;106m██[38;2;41;57;106m██[38;2;41;57;106m██[38;2;0;0;0m██[38;2;74;74;74m██[38;2;74;74;74m██[38;2;49;49;49m██[38;2;49;49;49m██[38;2;49;49;49m██[38;2;49;49;49m██[38;2;49;49;49m██[38;2;49;49;49m██[38;2;49;49;49m██[38;2;49;49;49m██[38;2;49;49;49m██[38;2;49;49;49m██[38;2;0;0;0m██
            [38;2;0;0;0m██[38;2;123;90;16m██[38;2;197;148;41m██[38;2;123;90;16m██[38;2;0;0;0m██[38;2;41;57;106m██[38;2;41;57;106m██[38;2;41;57;106m██[38;2;41;57;106m██[38;2;41;57;106m██[38;2;41;57;106m██[38;2;41;57;106m██[38;2;41;57;106m██[38;2;41;57;106m██[38;2;49;49;49m██[38;2;74;74;74m██[38;2;49;49;49m██[38;2;49;49;49m██[38;2;49;49;49m██[38;2;49;49;49m██[38;2;49;49;49m██[38;2;49;49;49m██[38;2;49;49;49m██[38;2;49;49;49m██[38;2;49;49;49m██[38;2;49;49;49m██[38;2;0;0;0m██  
          [38;2;0;0;0m██[38;2;238;213;139m██[38;2;238;213;139m██[38;2;238;213;139m██[38;2;197;148;41m██[38;2;0;0;0m██[38;2;41;57;106m██[38;2;41;57;106m██[38;2;41;57;106m██[38;2;41;57;106m██[38;2;41;57;106m██[38;2;41;57;106m██[38;2;41;57;106m██[38;2;41;57;106m██[38;2;0;0;0m██[38;2;74;74;74m██[38;2;49;49;49m██[38;2;49;49;49m██[38;2;49;49;49m██[38;2;49;49;49m██[38;2;49;49;49m██[38;2;49;49;49m██[38;2;49;49;49m██[38;2;49;49;49m██[38;2;49;49;49m██[38;2;49;49;49m██[38;2;0;0;0m██    
          [38;2;0;0;0m██[38;2;238;213;139m██[38;2;238;213;139m██[38;2;238;213;139m██[38;2;0;0;0m██[38;2;41;57;106m██[38;2;41;57;106m██[38;2;41;57;106m██[38;2;41;57;106m██[38;2;41;57;106m██[38;2;41;57;106m██[38;2;41;57;106m██[38;2;41;57;106m██[38;2;0;0;0m██[38;2;74;74;74m██[38;2;49;49;49m██[38;2;49;49;49m██[38;2;49;49;49m██[38;2;49;49;49m██[38;2;49;49;49m██[38;2;49;49;49m██[38;2;49;49;49m██[38;2;49;49;49m██[38;2;49;49;49m██[38;2;0;0;0m██[38;2;0;0;0m██      
        [38;2;0;0;0m██[38;2;0;0;0m██[38;2;197;148;41m██[38;2;123;90;16m██[38;2;123;90;16m██[38;2;0;0;0m██[38;2;41;57;106m██[38;2;41;57;106m██[38;2;41;57;106m██[38;2;41;57;106m██[38;2;41;57;106m██[38;2;41;57;106m██[38;2;41;57;106m██[38;2;41;57;106m██[38;2;49;49;49m██[38;2;74;74;74m██[38;2;49;49;49m██[38;2;49;49;49m██[38;2;49;49;49m██[38;2;49;49;49m██[38;2;49;49;49m██[38;2;49;49;49m██[38;2;49;49;49m██[38;2;0;0;0m██[38;2;0;0;0m██          
    [38;2;0;0;0m██[38;2;0;0;0m██[38;2;41;57;106m██[38;2;0;0;0m██[38;2;238;213;139m██[38;2;197;148;41m██[38;2;0;0;0m██[38;2;41;57;106m██[38;2;41;57;106m██[38;2;41;57;106m██[38;2;41;57;106m██[38;2;41;57;106m██[38;2;41;57;106m██[38;2;41;57;106m██[38;2;0;0;0m██[38;2;0;0;0m██[38;2;74;74;74m██[38;2;49;49;49m██[38;2;49;49;49m██[38;2;49;49;49m██[38;2;49;49;49m██[38;2;49;49;49m██[38;2;0;0;0m██[38;2;0;0;0m██[38;2;0;0;0m██[38;2;41;57;106m██[38;2;41;57;106m██[38;2;0;0;0m██        
  [38;2;0;0;0m██[38;2;41;57;106m██[38;2;41;57;106m██[38;2;41;57;106m██[38;2;0;0;0m██[38;2;123;90;16m██[38;2;0;0;0m██[38;2;41;57;106m██[38;2;41;57;106m██[38;2;41;57;106m██[38;2;41;57;106m██[38;2;41;57;106m██[38;2;41;57;106m██[38;2;41;57;106m██[38;2;0;0;0m██[38;2;0;0;0m██[38;2;49;49;49m██[38;2;49;49;49m██[38;2;49;49;49m██[38;2;49;49;49m██[38;2;0;0;0m██[38;2;0;0;0m██[38;2;0;0;0m██[38;2;41;57;106m██[38;2;41;57;106m██[38;2;41;57;106m██[38;2;0;0;0m██[38;2;0;0;0m██          
    [38;2;0;0;0m██[38;2;0;0;0m██[38;2;0;0;0m██[38;2;41;57;106m██[38;2;41;57;106m██[38;2;41;57;106m██[38;2;41;57;106m██[38;2;41;57;106m██[38;2;41;57;106m██[38;2;41;57;106m██[38;2;41;57;106m██[38;2;0;0;0m██[38;2;0;0;0m██[38;2;32;139;148m██[38;2;32;139;148m██[38;2;0;0;0m██[38;2;0;0;0m██[38;2;0;0;0m██[38;2;0;0;0m██[38;2;32;139;148m██[38;2;32;139;148m██[38;2;32;139;148m██[38;2;32;139;148m██[38;2;32;139;148m██[38;2;0;0;0m██              
      [38;2;0;0;0m██[38;2;41;57;106m██[38;2;41;57;106m██[38;2;41;57;106m██[38;2;41;57;106m██[38;2;41;57;106m██[38;2;41;57;106m██[38;2;0;0;0m██[38;2;0;0;0m██[38;2;0;0;0m██[38;2;32;139;148m██[38;2;32;139;148m██[38;2;32;139;148m██[38;2;32;139;148m██[38;2;32;139;148m██[38;2;32;139;148m██[38;2;32;139;148m██[38;2;32;139;148m██[38;2;32;139;148m██[38;2;49;90;115m██[38;2;49;90;115m██[38;2;32;139;148m██[38;2;32;139;148m██[38;2;0;0;0m██              
        [38;2;0;0;0m██[38;2;0;0;0m██[38;2;0;0;0m██[38;2;0;0;0m██[38;2;0;0;0m██[38;2;0;0;0m██[38;2;32;139;148m██[38;2;32;139;148m██[38;2;32;139;148m██[38;2;32;139;148m██[38;2;32;139;148m██[38;2;32;139;148m██[38;2;32;139;148m██[38;2;0;0;0m██[38;2;0;0;0m██[38;2;49;90;115m██[38;2;49;90;115m██[38;2;0;0;0m██[38;2;32;139;148m██[38;2;32;139;148m██[38;2;32;139;148m██[38;2;0;0;0m██                
              [38;2;0;0;0m██[38;2;32;139;148m██[38;2;32;139;148m██[38;2;32;139;148m██[38;2;32;139;148m██[38;2;32;139;148m██[38;2;32;139;148m██[38;2;0;0;0m██[38;2;0;0;0m██[38;2;0;0;0m██          [38;2;0;0;0m██[38;2;74;74;74m██[38;2;74;74;74m██[38;2;74;74;74m██[38;2;0;0;0m██[38;2;0;0;0m██            
            [38;2;0;0;0m██[38;2;0;0;0m██[38;2;32;139;148m██[38;2;32;139;148m██[38;2;32;139;148m██[38;2;0;0;0m██[38;2;0;0;0m██[38;2;0;0;0m██                  [38;2;0;0;0m██[38;2;74;74;74m██[38;2;74;74;74m██[38;2;74;74;74m██[38;2;74;74;74m██[38;2;0;0;0m██          
      [38;2;0;0;0m██[38;2;0;0;0m██[38;2;0;0;0m██[38;2;74;74;74m██[38;2;32;139;148m██[38;2;32;139;148m██[38;2;0;0;0m██[38;2;0;0;0m██                      [38;2;0;0;0m██[38;2;74;74;74m██[38;2;74;74;74m██[38;2;74;74;74m██[38;2;0;0;0m██[38;2;0;0;0m██            
    [38;2;0;0;0m██[38;2;74;74;74m██[38;2;0;0;0m██[38;2;74;74;74m██[38;2;74;74;74m██[38;2;74;74;74m██[38;2;74;74;74m██[38;2;0;0;0m██                        [38;2;0;0;0m██[38;2;0;0;0m██[38;2;0;0;0m██[38;2;0;0;0m██                
    [38;2;0;0;0m██[38;2;0;0;0m██[38;2;74;74;74m██[38;2;74;74;74m██[38;2;74;74;74m██[38;2;74;74;74m██[38;2;74;74;74m██[38;2;0;0;0m██                                                
        [38;2;0;0;0m██[38;2;0;0;0m██[38;2;0;0;0m██[38;2;0;0;0m██[38;2;0;0;0m██                                                  
