                                              [38;2;192;54;14m██[38;2;192;54;14m██[38;2;192;54;14m██[38;2;192;54;14m██[38;2;192;54;14m██    [38;2;142;51;25m██[38;2;142;51;25m██[38;2;192;54;14m██[38;2;192;54;14m██                  
                                [38;2;142;51;25m██[38;2;142;51;25m██[38;2;142;51;25m██[38;2;142;51;25m██  [38;2;16;16;16m██[38;2;16;16;16m██[38;2;242;101;17m██[38;2;242;101;17m██[38;2;242;101;17m██[38;2;242;101;17m██[38;2;242;101;17m██[38;2;192;54;14m██[38;2;142;51;25m██[38;2;192;54;14m██[38;2;242;101;17m██[38;2;242;101;17m██[38;2;16;16;16m██                  
                                [38;2;16;16;16m██[38;2;192;54;14m██[38;2;192;54;14m██[38;2;192;54;14m██[38;2;16;16;16m██[38;2;242;101;17m██[38;2;242;101;17m██[38;2;242;101;17m██[38;2;242;101;17m██[38;2;242;101;17m██[38;2;242;101;17m██[38;2;242;101;17m██[38;2;242;101;17m██[38;2;242;101;17m██[38;2;242;101;17m██[38;2;242;101;17m██[38;2;192;54;14m██[38;2;16;16;16m██                  
                                [38;2;16;16;16m██[38;2;192;54;14m██[38;2;142;51;25m██[38;2;242;101;17m██[38;2;242;101;17m██[38;2;242;101;17m██[38;2;242;101;17m██[38;2;242;101;17m██[38;2;242;101;17m██[38;2;242;101;17m██[38;2;242;101;17m██[38;2;242;101;17m██[38;2;242;101;17m██[38;2;242;101;17m██[38;2;242;101;17m██[38;2;242;101;17m██[38;2;16;16;16m██                    
                                  [38;2;142;51;25m██[38;2;242;101;17m██[38;2;242;101;17m██[38;2;192;54;14m██[38;2;192;54;14m██[38;2;192;54;14m██[38;2;192;54;14m██[38;2;192;54;14m██[38;2;242;101;17m██[38;2;242;101;17m██[38;2;242;101;17m██[38;2;242;101;17m██[38;2;242;101;17m██[38;2;242;101;17m██[38;2;242;101;17m██[38;2;242;101;17m██[38;2;16;16;16m██                  
                            [38;2;52;18;3m██[38;2;52;18;3m██[38;2;16;16;16m██[38;2;142;51;25m██[38;2;192;54;14m██[38;2;192;54;14m██[38;2;192;54;14m██[38;2;192;54;14m██[38;2;192;54;14m██[38;2;192;54;14m██[38;2;192;54;14m██[38;2;192;54;14m██[38;2;192;54;14m██[38;2;192;54;14m██[38;2;242;101;17m██[38;2;242;101;17m██[38;2;242;101;17m██[38;2;242;101;17m██[38;2;236;167;52m██[38;2;16;16;16m██                  
                        [38;2;52;18;3m██[38;2;52;18;3m██[38;2;106;57;18m██[38;2;106;57;18m██[38;2;16;16;16m██[38;2;196;138;43m██[38;2;196;138;43m██[38;2;196;138;43m██[38;2;196;138;43m██[38;2;196;138;43m██[38;2;196;138;43m██[38;2;196;138;43m██[38;2;196;138;43m██[38;2;196;138;43m██[38;2;196;138;43m██[38;2;196;138;43m██[38;2;196;138;43m██[38;2;236;167;52m██[38;2;236;167;52m██[38;2;236;167;52m██[38;2;196;138;43m██[38;2;142;51;25m██[38;2;142;51;25m██                
                      [38;2;52;18;3m██[38;2;97;36;3m██[38;2;106;57;18m██[38;2;106;57;18m██[38;2;16;16;16m██[38;2;142;51;25m██[38;2;196;138;43m██[38;2;196;138;43m██[38;2;196;138;43m██[38;2;196;138;43m██[38;2;196;138;43m██[38;2;196;138;43m██[38;2;196;138;43m██[38;2;196;138;43m██[38;2;196;138;43m██[38;2;196;138;43m██[38;2;196;138;43m██[38;2;196;138;43m██[38;2;196;138;43m██[38;2;236;167;52m██[38;2;236;167;52m██[38;2;236;167;52m██[38;2;236;167;52m██[38;2;236;167;52m██[38;2;196;138;43m██              
          [38;2;52;18;3m██          [38;2;16;16;16m██[38;2;97;36;3m██[38;2;97;36;3m██[38;2;16;16;16m██[38;2;196;138;43m██[38;2;196;138;43m██[38;2;196;138;43m██[38;2;196;138;43m██[38;2;196;138;43m██[38;2;196;138;43m██[38;2;196;138;43m██[38;2;196;138;43m██[38;2;196;138;43m██[38;2;196;138;43m██[38;2;196;138;43m██[38;2;196;138;43m██[38;2;196;138;43m██[38;2;196;138;43m██[38;2;196;138;43m██[38;2;196;138;43m██[38;2;236;167;52m██[38;2;236;167;52m██[38;2;236;167;52m██[38;2;236;167;52m██[38;2;236;167;52m██[38;2;196;138;43m██            
        [38;2;52;18;3m██[38;2;106;57;18m██[38;2;52;18;3m██        [38;2;16;16;16m██[38;2;97;36;3m██[38;2;97;36;3m██[38;2;16;16;16m██[38;2;196;138;43m██[38;2;196;138;43m██[38;2;196;138;43m██[38;2;196;138;43m██[38;2;196;138;43m██[38;2;196;138;43m██[38;2;196;138;43m██[38;2;196;138;43m██[38;2;196;138;43m██[38;2;196;138;43m██[38;2;196;138;43m██[38;2;196;138;43m██[38;2;196;138;43m██[38;2;196;138;43m██[38;2;196;138;43m██[38;2;196;138;43m██[38;2;196;138;43m██[38;2;196;138;43m██[38;2;236;167;52m██[38;2;236;167;52m██[38;2;236;167;52m██[38;2;196;138;43m██            
        [38;2;52;18;3m██[38;2;106;57;18m██[38;2;52;18;3m██        [38;2;16;16;16m██[38;2;196;138;43m██[38;2;16;16;16m██[38;2;196;138;43m██[38;2;196;138;43m██[38;2;196;138;43m██[38;2;196;138;43m██[38;2;196;138;43m██[38;2;196;138;43m██[38;2;196;138;43m██[38;2;196;138;43m██[38;2;196;138;43m██[38;2;196;138;43m██[38;2;196;138;43m██[38;2;196;138;43m██[38;2;196;138;43m██[38;2;196;138;43m██[38;2;196;138;43m██[38;2;196;138;43m██[38;2;196;138;43m██[38;2;196;138;43m██[38;2;196;138;43m██[38;2;196;138;43m██[38;2;236;167;52m██[38;2;236;167;52m██[38;2;236;167;52m██[38;2;16;16;16m██          
  [38;2;52;18;3m██[38;2;52;18;3m██[38;2;52;18;3m██[38;2;97;36;3m██[38;2;106;57;18m██[38;2;106;57;18m██[38;2;52;18;3m██  [38;2;16;16;16m██[38;2;16;16;16m██[38;2;16;16;16m██[38;2;196;138;43m██[38;2;16;16;16m██[38;2;196;138;43m██[38;2;196;138;43m██[38;2;196;138;43m██[38;2;196;138;43m██[38;2;196;138;43m██[38;2;196;138;43m██[38;2;196;138;43m██[38;2;196;138;43m██[38;2;196;138;43m██[38;2;196;138;43m██[38;2;196;138;43m██[38;2;196;138;43m██[38;2;196;138;43m██[38;2;196;138;43m██[38;2;196;138;43m██[38;2;196;138;43m██[38;2;196;138;43m██[38;2;196;138;43m██[38;2;196;138;43m██[38;2;196;138;43m██[38;2;196;138;43m██[38;2;236;167;52m██[38;2;236;167;52m██[38;2;16;16;16m██          
[38;2;16;16;16m██[38;2;106;57;18m██[38;2;106;57;18m██[38;2;106;57;18m██[38;2;106;57;18m██[38;2;106;57;18m██[38;2;106;57;18m██[38;2;52;18;3m██[38;2;16;16;16m██[38;2;106;57;18m██[38;2;16;16;16m██[38;2;16;16;16m██[38;2;196;138;43m██[38;2;16;16;16m██[38;2;196;138;43m██[38;2;196;138;43m██[38;2;196;138;43m██[38;2;196;138;43m██[38;2;196;138;43m██[38;2;196;138;43m██[38;2;196;138;43m██[38;2;196;138;43m██[38;2;196;138;43m██[38;2;196;138;43m██[38;2;196;138;43m██[38;2;196;138;43m██[38;2;196;138;43m██[38;2;196;138;43m██[38;2;196;138;43m██[38;2;196;138;43m██[38;2;196;138;43m██[38;2;196;138;43m██[38;2;196;138;43m██[38;2;196;138;43m██[38;2;196;138;43m██[38;2;236;167;52m██[38;2;196;138;43m██[38;2;16;16;16m██          
  [38;2;16;16;16m██[38;2;97;36;3m██[38;2;106;57;18m██[38;2;106;57;18m██[38;2;106;57;18m██[38;2;106;57;18m██[38;2;97;36;3m██[38;2;106;57;18m██[38;2;106;57;18m██[38;2;16;16;16m██  [38;2;142;51;25m██[38;2;196;138;43m██[38;2;142;51;25m██[38;2;196;138;43m██[38;2;196;138;43m██[38;2;196;138;43m██[38;2;196;138;43m██[38;2;196;138;43m██[38;2;196;138;43m██[38;2;196;138;43m██[38;2;196;138;43m██[38;2;196;138;43m██[38;2;196;138;43m██[38;2;196;138;43m██[38;2;196;138;43m██[38;2;196;138;43m██[38;2;196;138;43m██[38;2;196;138;43m██[38;2;196;138;43m██[38;2;196;138;43m██[38;2;196;138;43m██[38;2;196;138;43m██[38;2;196;138;43m██[38;2;196;138;43m██[38;2;16;16;16m██            
  [38;2;52;18;3m██[38;2;52;18;3m██[38;2;97;36;3m██[38;2;106;57;18m██[38;2;106;57;18m██[38;2;106;57;18m██[38;2;97;36;3m██[38;2;106;57;18m██[38;2;97;36;3m██[38;2;16;16;16m██  [38;2;16;16;16m██[38;2;196;138;43m██[38;2;16;16;16m██[38;2;196;138;43m██[38;2;196;138;43m██[38;2;142;51;25m██[38;2;196;138;43m██[38;2;196;138;43m██[38;2;196;138;43m██[38;2;196;138;43m██[38;2;196;138;43m██[38;2;196;138;43m██[38;2;196;138;43m██[38;2;196;138;43m██[38;2;196;138;43m██[38;2;196;138;43m██[38;2;196;138;43m██[38;2;196;138;43m██[38;2;196;138;43m██[38;2;196;138;43m██[38;2;196;138;43m██[38;2;196;138;43m██[38;2;196;138;43m██[38;2;196;138;43m██[38;2;16;16;16m██            
[38;2;52;18;3m██[38;2;106;57;18m██[38;2;106;57;18m██[38;2;106;57;18m██[38;2;106;57;18m██[38;2;106;57;18m██[38;2;106;57;18m██[38;2;106;57;18m██[38;2;106;57;18m██[38;2;97;36;3m██[38;2;97;36;3m██  [38;2;16;16;16m██[38;2;196;138;43m██[38;2;196;138;43m██[38;2;142;51;25m██[38;2;196;138;43m██[38;2;142;51;25m██[38;2;196;138;43m██[38;2;196;138;43m██[38;2;196;138;43m██[38;2;196;138;43m██[38;2;196;138;43m██[38;2;196;138;43m██[38;2;196;138;43m██[38;2;196;138;43m██[38;2;196;138;43m██[38;2;196;138;43m██[38;2;196;138;43m██[38;2;142;51;25m██[38;2;142;51;25m██[38;2;142;51;25m██[38;2;196;138;43m██[38;2;196;138;43m██[38;2;16;16;16m██[38;2;16;16;16m██              
[38;2;16;16;16m██[38;2;16;16;16m██[38;2;16;16;16m██[38;2;97;36;3m██[38;2;97;36;3m██[38;2;106;57;18m██[38;2;106;57;18m██[38;2;106;57;18m██[38;2;97;36;3m██[38;2;16;16;16m██      [38;2;142;51;25m██[38;2;196;138;43m██[38;2;196;138;43m██[38;2;16;16;16m██[38;2;196;138;43m██[38;2;196;138;43m██[38;2;196;138;43m██[38;2;196;138;43m██[38;2;196;138;43m██[38;2;196;138;43m██[38;2;196;138;43m██[38;2;196;138;43m██[38;2;196;138;43m██[38;2;196;138;43m██[38;2;196;138;43m██[38;2;196;138;43m██[38;2;196;138;43m██[38;2;196;138;43m██[38;2;196;138;43m██[38;2;142;51;25m██[38;2;142;51;25m██                  
      [38;2;52;18;3m██[38;2;106;57;18m██[38;2;106;57;18m██[38;2;97;36;3m██[38;2;106;57;18m██[38;2;106;57;18m██[38;2;16;16;16m██      [38;2;16;16;16m██[38;2;196;138;43m██[38;2;196;138;43m██[38;2;16;16;16m██[38;2;196;138;43m██[38;2;196;138;43m██[38;2;196;138;43m██[38;2;196;138;43m██[38;2;196;138;43m██[38;2;196;138;43m██[38;2;196;138;43m██[38;2;196;138;43m██[38;2;196;138;43m██[38;2;196;138;43m██[38;2;196;138;43m██[38;2;196;138;43m██[38;2;196;138;43m██[38;2;196;138;43m██[38;2;196;138;43m██[38;2;196;138;43m██[38;2;196;138;43m██[38;2;142;51;25m██[38;2;142;51;25m██      [38;2;52;18;3m██[38;2;52;18;3m██[38;2;52;18;3m██  
        [38;2;16;16;16m██[38;2;16;16;16m██[38;2;16;16;16m██[38;2;97;36;3m██[38;2;106;57;18m██[38;2;106;57;18m██[38;2;142;51;25m██    [38;2;16;16;16m██[38;2;196;138;43m██[38;2;196;138;43m██[38;2;196;138;43m██[38;2;196;138;43m██[38;2;196;138;43m██[38;2;196;138;43m██[38;2;196;138;43m██[38;2;196;138;43m██[38;2;196;138;43m██[38;2;196;138;43m██[38;2;196;138;43m██[38;2;196;138;43m██[38;2;196;138;43m██[38;2;196;138;43m██[38;2;196;138;43m██[38;2;196;138;43m██[38;2;196;138;43m██[38;2;196;138;43m██[38;2;196;138;43m██[38;2;236;167;52m██[38;2;236;167;52m██[38;2;236;167;52m██[38;2;52;18;3m██[38;2;52;18;3m██[38;2;52;18;3m██[38;2;106;57;18m██[38;2;97;36;3m██[38;2;106;57;18m██[38;2;16;16;16m██
              [38;2;16;16;16m██[38;2;106;57;18m██[38;2;97;36;3m██[38;2;196;138;43m██[38;2;142;51;25m██    [38;2;16;16;16m██[38;2;196;138;43m██[38;2;196;138;43m██[38;2;196;138;43m██[38;2;196;138;43m██[38;2;196;138;43m██[38;2;196;138;43m██[38;2;196;138;43m██[38;2;196;138;43m██[38;2;196;138;43m██[38;2;196;138;43m██[38;2;196;138;43m██[38;2;196;138;43m██[38;2;196;138;43m██[38;2;196;138;43m██[38;2;196;138;43m██[38;2;196;138;43m██[38;2;196;138;43m██[38;2;196;138;43m██[38;2;236;167;52m██[38;2;236;167;52m██[38;2;236;167;52m██[38;2;236;167;52m██[38;2;97;36;3m██[38;2;106;57;18m██[38;2;106;57;18m██[38;2;106;57;18m██[38;2;16;16;16m██  
                [38;2;16;16;16m██[38;2;196;138;43m██[38;2;196;138;43m██[38;2;196;138;43m██[38;2;142;51;25m██  [38;2;16;16;16m██[38;2;196;138;43m██[38;2;196;138;43m██[38;2;196;138;43m██[38;2;196;138;43m██[38;2;196;138;43m██[38;2;196;138;43m██[38;2;196;138;43m██[38;2;196;138;43m██[38;2;196;138;43m██[38;2;196;138;43m██[38;2;196;138;43m██[38;2;196;138;43m██[38;2;196;138;43m██[38;2;196;138;43m██[38;2;16;16;16m██[38;2;16;16;16m██[38;2;196;138;43m██[38;2;236;167;52m██[38;2;236;167;52m██[38;2;236;167;52m██[38;2;236;167;52m██[38;2;236;167;52m██[38;2;106;57;18m██[38;2;106;57;18m██[38;2;106;57;18m██[38;2;52;18;3m██[38;2;52;18;3m██  
                  [38;2;16;16;16m██[38;2;196;138;43m██[38;2;196;138;43m██[38;2;196;138;43m██[38;2;16;16;16m██[38;2;196;138;43m██[38;2;196;138;43m██[38;2;196;138;43m██[38;2;196;138;43m██[38;2;196;138;43m██[38;2;196;138;43m██[38;2;196;138;43m██[38;2;196;138;43m██[38;2;196;138;43m██[38;2;196;138;43m██[38;2;196;138;43m██[38;2;196;138;43m██[38;2;196;138;43m██[38;2;196;138;43m██[38;2;196;138;43m██[38;2;196;138;43m██[38;2;196;138;43m██[38;2;16;16;16m██[38;2;16;16;16m██[38;2;16;16;16m██[38;2;236;167;52m██[38;2;236;167;52m██[38;2;236;167;52m██[38;2;106;57;18m██[38;2;106;57;18m██[38;2;106;57;18m██[38;2;106;57;18m██[38;2;106;57;18m██[38;2;16;16;16m██
                    [38;2;16;16;16m██[38;2;196;138;43m██[38;2;196;138;43m██[38;2;142;51;25m██[38;2;16;16;16m██[38;2;196;138;43m██[38;2;196;138;43m██[38;2;196;138;43m██[38;2;196;138;43m██[38;2;196;138;43m██[38;2;196;138;43m██[38;2;196;138;43m██[38;2;196;138;43m██[38;2;196;138;43m██[38;2;196;138;43m██[38;2;196;138;43m██[38;2;196;138;43m██[38;2;196;138;43m██[38;2;196;138;43m██[38;2;196;138;43m██[38;2;196;138;43m██[38;2;142;51;25m██    [38;2;16;16;16m██[38;2;16;16;16m██[38;2;16;16;16m██[38;2;106;57;18m██[38;2;106;57;18m██[38;2;106;57;18m██[38;2;16;16;16m██[38;2;16;16;16m██  
                      [38;2;16;16;16m██[38;2;196;138;43m██[38;2;196;138;43m██[38;2;16;16;16m██[38;2;196;138;43m██[38;2;196;138;43m██[38;2;196;138;43m██[38;2;196;138;43m██[38;2;196;138;43m██[38;2;196;138;43m██[38;2;196;138;43m██[38;2;196;138;43m██[38;2;196;138;43m██[38;2;196;138;43m██[38;2;196;138;43m██[38;2;196;138;43m██[38;2;196;138;43m██[38;2;196;138;43m██[38;2;196;138;43m██[38;2;236;167;52m██[38;2;142;51;25m██          [38;2;16;16;16m██[38;2;16;16;16m██[38;2;16;16;16m██      
                      [38;2;16;16;16m██[38;2;142;51;25m██[38;2;196;138;43m██[38;2;196;138;43m██[38;2;16;16;16m██[38;2;196;138;43m██[38;2;196;138;43m██[38;2;196;138;43m██[38;2;196;138;43m██[38;2;196;138;43m██[38;2;196;138;43m██[38;2;196;138;43m██[38;2;196;138;43m██[38;2;196;138;43m██[38;2;196;138;43m██[38;2;196;138;43m██[38;2;196;138;43m██[38;2;196;138;43m██[38;2;196;138;43m██[38;2;236;167;52m██[38;2;142;51;25m██                      
                        [38;2;16;16;16m██[38;2;196;138;43m██[38;2;196;138;43m██[38;2;196;138;43m██[38;2;16;16;16m██[38;2;196;138;43m██[38;2;196;138;43m██[38;2;196;138;43m██[38;2;196;138;43m██[38;2;196;138;43m██[38;2;196;138;43m██[38;2;196;138;43m██[38;2;196;138;43m██[38;2;196;138;43m██[38;2;196;138;43m██[38;2;196;138;43m██[38;2;196;138;43m██[38;2;196;138;43m██[38;2;236;167;52m██[38;2;236;167;52m██[38;2;142;51;25m██                    
                      [38;2;142;51;25m██[38;2;196;138;43m██[38;2;16;16;16m██[38;2;196;138;43m██[38;2;196;138;43m██[38;2;142;51;25m██[38;2;16;16;16m██[38;2;196;138;43m██[38;2;196;138;43m██[38;2;196;138;43m██[38;2;196;138;43m██[38;2;196;138;43m██[38;2;196;138;43m██[38;2;196;138;43m██[38;2;196;138;43m██[38;2;196;138;43m██[38;2;196;138;43m██[38;2;196;138;43m██[38;2;196;138;43m██[38;2;236;167;52m██[38;2;236;167;52m██[38;2;142;51;25m██                    
                      [38;2;142;51;25m██[38;2;196;138;43m██[38;2;196;138;43m██[38;2;16;16;16m██[38;2;196;138;43m██[38;2;196;138;43m██[38;2;16;16;16m██[38;2;196;138;43m██[38;2;196;138;43m██[38;2;196;138;43m██[38;2;196;138;43m██[38;2;196;138;43m██[38;2;196;138;43m██[38;2;196;138;43m██[38;2;196;138;43m██[38;2;196;138;43m██[38;2;196;138;43m██[38;2;196;138;43m██[38;2;196;138;43m██[38;2;196;138;43m██[38;2;236;167;52m██[38;2;236;167;52m██[38;2;142;51;25m██                  
                    [38;2;16;16;16m██[38;2;196;138;43m██[38;2;196;138;43m██[38;2;196;138;43m██[38;2;16;16;16m██[38;2;142;51;25m██[38;2;196;138;43m██[38;2;196;138;43m██[38;2;142;51;25m██[38;2;196;138;43m██[38;2;196;138;43m██[38;2;196;138;43m██[38;2;196;138;43m██[38;2;196;138;43m██[38;2;196;138;43m██[38;2;196;138;43m██[38;2;196;138;43m██[38;2;196;138;43m██[38;2;196;138;43m██[38;2;196;138;43m██[38;2;196;138;43m██[38;2;236;167;52m██[38;2;236;167;52m██[38;2;236;167;52m██[38;2;142;51;25m██                
                    [38;2;16;16;16m██[38;2;196;138;43m██[38;2;196;138;43m██[38;2;196;138;43m██[38;2;196;138;43m██[38;2;16;16;16m██[38;2;196;138;43m██[38;2;196;138;43m██[38;2;196;138;43m██[38;2;142;51;25m██[38;2;196;138;43m██[38;2;196;138;43m██[38;2;196;138;43m██[38;2;196;138;43m██[38;2;196;138;43m██[38;2;196;138;43m██[38;2;196;138;43m██[38;2;196;138;43m██[38;2;196;138;43m██[38;2;196;138;43m██[38;2;196;138;43m██[38;2;196;138;43m██[38;2;236;167;52m██[38;2;236;167;52m██[38;2;142;51;25m██                
                    [38;2;16;16;16m██[38;2;196;138;43m██[38;2;196;138;43m██[38;2;196;138;43m██[38;2;196;138;43m██[38;2;196;138;43m██[38;2;16;16;16m██[38;2;196;138;43m██[38;2;196;138;43m██[38;2;196;138;43m██[38;2;196;138;43m██[38;2;196;138;43m██[38;2;196;138;43m██[38;2;196;138;43m██[38;2;196;138;43m██[38;2;196;138;43m██[38;2;196;138;43m██[38;2;196;138;43m██[38;2;196;138;43m██[38;2;196;138;43m██[38;2;196;138;43m██[38;2;196;138;43m██[38;2;236;167;52m██[38;2;236;167;52m██[38;2;236;167;52m██[38;2;142;51;25m██              
                    [38;2;16;16;16m██[38;2;196;138;43m██[38;2;196;138;43m██[38;2;196;138;43m██[38;2;196;138;43m██[38;2;196;138;43m██[38;2;196;138;43m██[38;2;142;51;25m██[38;2;196;138;43m██[38;2;196;138;43m██[38;2;196;138;43m██[38;2;196;138;43m██[38;2;196;138;43m██[38;2;196;138;43m██[38;2;196;138;43m██[38;2;196;138;43m██[38;2;196;138;43m██[38;2;196;138;43m██[38;2;196;138;43m██[38;2;196;138;43m██[38;2;196;138;43m██[38;2;196;138;43m██[38;2;196;138;43m██[38;2;236;167;52m██[38;2;236;167;52m██[38;2;142;51;25m██              
                      [38;2;16;16;16m██[38;2;196;138;43m██[38;2;196;138;43m██[38;2;196;138;43m██[38;2;196;138;43m██[38;2;196;138;43m██[38;2;196;138;43m██[38;2;196;138;43m██[38;2;196;138;43m██[38;2;196;138;43m██[38;2;196;138;43m██[38;2;196;138;43m██[38;2;196;138;43m██[38;2;196;138;43m██[38;2;196;138;43m██[38;2;196;138;43m██[38;2;196;138;43m██[38;2;196;138;43m██[38;2;196;138;43m██[38;2;196;138;43m██[38;2;196;138;43m██[38;2;196;138;43m██[38;2;196;138;43m██[38;2;196;138;43m██[38;2;142;51;25m██              
                      [38;2;16;16;16m██[38;2;196;138;43m██[38;2;196;138;43m██[38;2;196;138;43m██[38;2;196;138;43m██[38;2;196;138;43m██[38;2;196;138;43m██[38;2;196;138;43m██[38;2;196;138;43m██[38;2;196;138;43m██[38;2;196;138;43m██[38;2;196;138;43m██[38;2;196;138;43m██[38;2;196;138;43m██[38;2;196;138;43m██[38;2;196;138;43m██[38;2;196;138;43m██[38;2;196;138;43m██[38;2;196;138;43m██[38;2;196;138;43m██[38;2;196;138;43m██[38;2;196;138;43m██[38;2;196;138;43m██[38;2;142;51;25m██                
                        [38;2;16;16;16m██[38;2;16;16;16m██[38;2;196;138;43m██[38;2;196;138;43m██[38;2;196;138;43m██[38;2;196;138;43m██[38;2;196;138;43m██[38;2;196;138;43m██[38;2;196;138;43m██[38;2;196;138;43m██[38;2;196;138;43m██[38;2;196;138;43m██[38;2;196;138;43m██[38;2;196;138;43m██[38;2;196;138;43m██[38;2;196;138;43m██[38;2;196;138;43m██[38;2;196;138;43m██[38;2;196;138;43m██[38;2;196;138;43m██[38;2;196;138;43m██[38;2;196;138;43m██[38;2;16;16;16m██                
                          [38;2;16;16;16m██[38;2;16;16;16m██[38;2;52;18;3m██[38;2;52;18;3m██[38;2;52;18;3m██[38;2;16;16;16m██[38;2;16;16;16m██[38;2;16;16;16m██[38;2;16;16;16m██[38;2;16;16;16m██[38;2;16;16;16m██[38;2;16;16;16m██[38;2;16;16;16m██[38;2;142;51;25m██[38;2;196;138;43m██[38;2;196;138;43m██[38;2;196;138;43m██[38;2;196;138;43m██[38;2;196;138;43m██[38;2;196;138;43m██[38;2;16;16;16m██                  
                        [38;2;16;16;16m██[38;2;65;35;15m██[38;2;65;35;15m██[38;2;65;35;15m██[38;2;65;35;15m██[38;2;16;16;16m██                [38;2;16;16;16m██[38;2;16;16;16m██[38;2;16;16;16m██[38;2;196;138;43m██[38;2;196;138;43m██[38;2;16;16;16m██[38;2;16;16;16m██                    
                        [38;2;16;16;16m██[38;2;16;16;16m██[38;2;65;35;15m██[38;2;65;35;15m██[38;2;16;16;16m██[38;2;16;16;16m██                      [38;2;16;16;16m██[38;2;65;35;15m██[38;2;65;35;15m██[38;2;16;16;16m██[38;2;16;16;16m██[38;2;16;16;16m██                
                            [38;2;16;16;16m██[38;2;16;16;16m██                        [38;2;16;16;16m██[38;2;65;35;15m██[38;2;65;35;15m██[38;2;65;35;15m██[38;2;65;35;15m██[38;2;16;16;16m██[38;2;65;35;15m██[38;2;16;16;16m██              
                                                          [38;2;16;16;16m██[38;2;16;16;16m██[38;2;16;16;16m██[38;2;16;16;16m██[38;2;16;16;16m██[38;2;16;16;16m██                
