                                        [38;2;148;180;164m██[38;2;148;180;164m██[38;2;148;180;164m██[38;2;148;180;164m██[38;2;148;180;164m██                                                
                                    [38;2;148;180;164m██[38;2;148;180;164m██[38;2;222;230;238m██[38;2;222;230;238m██[38;2;222;230;238m██[38;2;222;230;238m██[38;2;222;230;238m██[38;2;115;139;115m██[38;2;115;139;115m██                                            
                              [38;2;148;180;164m██[38;2;148;180;164m██[38;2;115;139;115m██[38;2;222;230;238m██[38;2;222;230;238m██[38;2;222;230;238m██[38;2;222;230;238m██[38;2;222;230;238m██[38;2;222;230;238m██[38;2;222;230;238m██[38;2;222;230;238m██[38;2;222;230;238m██[38;2;74;90;82m██[38;2;115;139;115m██[38;2;115;139;115m██[38;2;115;139;115m██                                    
                            [38;2;148;180;164m██[38;2;222;230;238m██[38;2;74;90;82m██[38;2;148;180;164m██[38;2;222;230;238m██[38;2;222;230;238m██[38;2;222;230;238m██[38;2;222;230;238m██[38;2;222;230;238m██[38;2;222;230;238m██[38;2;222;230;238m██[38;2;222;230;238m██[38;2;222;230;238m██[38;2;222;230;238m██[38;2;74;90;82m██[38;2;222;230;238m██[38;2;222;230;238m██[38;2;115;139;115m██                                  
                          [38;2;115;139;115m██[38;2;115;139;115m██[38;2;222;230;238m██[38;2;222;230;238m██[38;2;222;230;238m██[38;2;222;230;238m██[38;2;222;230;238m██[38;2;222;230;238m██[38;2;222;230;238m██[38;2;222;230;238m██[38;2;222;230;238m██[38;2;222;230;238m██[38;2;222;230;238m██[38;2;222;230;238m██[38;2;222;230;238m██[38;2;222;230;238m██[38;2;222;230;238m██[38;2;115;139;115m██[38;2;74;90;82m██[38;2;74;90;82m██                                
                        [38;2;115;139;115m██[38;2;222;230;238m██[38;2;222;230;238m██[38;2;222;230;238m██[38;2;222;230;238m██[38;2;222;230;238m██[38;2;222;230;238m██[38;2;222;230;238m██[38;2;222;230;238m██[38;2;222;230;238m██[38;2;222;230;238m██[38;2;222;230;238m██[38;2;222;230;238m██[38;2;222;230;238m██[38;2;222;230;238m██[38;2;222;230;238m██[38;2;222;230;238m██[38;2;148;180;164m██[38;2;222;230;238m██[38;2;222;230;238m██[38;2;222;230;238m██[38;2;115;139;115m██[38;2;74;90;82m██                            
                      [38;2;74;90;82m██[38;2;222;230;238m██[38;2;222;230;238m██[38;2;222;230;238m██[38;2;222;230;238m██[38;2;222;230;238m██[38;2;222;230;238m██[38;2;24;74;24m██[38;2;24;74;24m██[38;2;222;230;238m██[38;2;222;230;238m██[38;2;222;230;238m██[38;2;222;230;238m██[38;2;222;230;238m██[38;2;222;230;238m██[38;2;222;230;238m██[38;2;222;230;238m██[38;2;222;230;238m██[38;2;222;230;238m██[38;2;222;230;238m██[38;2;222;230;238m██[38;2;222;230;238m██[38;2;222;230;238m██[38;2;74;90;82m██                            
                    [38;2;74;90;82m██[38;2;222;230;238m██[38;2;222;230;238m██[38;2;222;230;238m██[38;2;222;230;238m██[38;2;222;230;238m██[38;2;222;230;238m██[38;2;16;16;16m██[38;2;82;164;74m██[38;2;82;164;74m██[38;2;24;74;24m██[38;2;222;230;238m██[38;2;222;230;238m██[38;2;222;230;238m██[38;2;222;230;238m██[38;2;222;230;238m██[38;2;222;230;238m██[38;2;222;230;238m██[38;2;222;230;238m██[38;2;222;230;238m██[38;2;222;230;238m██[38;2;222;230;238m██[38;2;222;230;238m██[38;2;222;230;238m██[38;2;222;230;238m██[38;2;74;90;82m██                          
                    [38;2;74;90;82m██[38;2;222;230;238m██[38;2;222;230;238m██[38;2;222;230;238m██[38;2;222;230;238m██[38;2;222;230;238m██[38;2;24;74;24m██[38;2;65;123;65m██[38;2;82;164;74m██[38;2;82;164;74m██[38;2;65;123;65m██[38;2;24;74;24m██[38;2;222;230;238m██[38;2;222;230;238m██[38;2;222;230;238m██[38;2;222;230;238m██[38;2;222;230;238m██[38;2;222;230;238m██[38;2;222;230;238m██[38;2;222;230;238m██[38;2;222;230;238m██[38;2;222;230;238m██[38;2;222;230;238m██[38;2;222;230;238m██[38;2;148;180;164m██[38;2;16;16;16m██                          
  [38;2;24;74;24m██[38;2;24;74;24m██[38;2;24;74;24m██        [38;2;24;74;24m██[38;2;24;74;24m██[38;2;74;90;82m██[38;2;115;139;115m██[38;2;222;230;238m██[38;2;222;230;238m██[38;2;222;230;238m██[38;2;222;230;238m██[38;2;16;16;16m██[38;2;82;164;74m██[38;2;82;164;74m██[38;2;82;164;74m██[38;2;82;164;74m██[38;2;24;74;24m██[38;2;222;230;238m██[38;2;222;230;238m██[38;2;222;230;238m██[38;2;222;230;238m██[38;2;222;230;238m██[38;2;148;180;164m██[38;2;222;230;238m██[38;2;222;230;238m██[38;2;222;230;238m██[38;2;222;230;238m██[38;2;148;180;164m██[38;2;148;180;164m██[38;2;148;180;164m██[38;2;16;16;16m██[38;2;74;90;82m██                        
[38;2;24;74;24m██[38;2;82;164;74m██[38;2;82;164;74m██[38;2;82;164;74m██[38;2;24;74;24m██[38;2;24;74;24m██[38;2;24;74;24m██[38;2;24;74;24m██[38;2;82;164;74m██[38;2;74;90;82m██[38;2;222;230;238m██[38;2;222;230;238m██[38;2;222;230;238m██[38;2;222;230;238m██[38;2;24;74;24m██[38;2;24;74;24m██[38;2;82;164;74m██[38;2;82;164;74m██[38;2;82;164;74m██[38;2;82;164;74m██[38;2;82;164;74m██[38;2;82;164;74m██[38;2;24;74;24m██[38;2;222;230;238m██[38;2;222;230;238m██[38;2;222;230;238m██[38;2;222;230;238m██[38;2;222;230;238m██[38;2;148;180;164m██[38;2;148;180;164m██[38;2;148;180;164m██[38;2;148;180;164m██[38;2;148;180;164m██[38;2;148;180;164m██[38;2;16;16;16m██[38;2;255;255;255m██[38;2;255;255;255m██[38;2;74;90;82m██[38;2;65;123;65m██[38;2;65;123;65m██[38;2;65;123;65m██        [38;2;24;74;24m██[38;2;24;74;24m██[38;2;16;16;16m██  
[38;2;24;74;24m██[38;2;82;164;74m██[38;2;82;164;74m██[38;2;82;164;74m██[38;2;82;164;74m██[38;2;82;164;74m██[38;2;82;164;74m██[38;2;82;164;74m██[38;2;74;90;82m██[38;2;222;230;238m██[38;2;222;230;238m██[38;2;222;230;238m██[38;2;24;74;24m██[38;2;24;74;24m██[38;2;65;123;65m██[38;2;65;123;65m██[38;2;24;74;24m██[38;2;24;74;24m██[38;2;24;74;24m██[38;2;65;123;65m██[38;2;82;164;74m██[38;2;82;164;74m██[38;2;24;74;24m██[38;2;24;74;24m██[38;2;222;230;238m██[38;2;222;230;238m██[38;2;222;230;238m██[38;2;222;230;238m██[38;2;222;230;238m██[38;2;74;90;82m██[38;2;148;180;164m██[38;2;148;180;164m██[38;2;16;16;16m██[38;2;16;16;16m██[38;2;205;205;213m██[38;2;255;255;255m██[38;2;255;255;255m██[38;2;255;255;255m██[38;2;74;90;82m██[38;2;82;164;74m██[38;2;82;164;74m██[38;2;65;123;65m██[38;2;24;74;24m██[38;2;24;74;24m██[38;2;65;123;65m██[38;2;82;164;74m██[38;2;82;164;74m██[38;2;82;164;74m██[38;2;16;16;16m██
[38;2;24;74;24m██[38;2;65;123;65m██[38;2;82;164;74m██[38;2;82;164;74m██[38;2;82;164;74m██[38;2;82;164;74m██[38;2;82;164;74m██[38;2;65;123;65m██[38;2;222;230;238m██[38;2;222;230;238m██[38;2;222;230;238m██[38;2;24;74;24m██[38;2;65;123;65m██[38;2;65;123;65m██[38;2;65;123;65m██[38;2;24;74;24m██[38;2;65;123;65m██[38;2;65;123;65m██[38;2;65;123;65m██[38;2;24;74;24m██[38;2;65;123;65m██[38;2;82;164;74m██[38;2;82;164;74m██[38;2;82;164;74m██[38;2;65;123;65m██[38;2;24;74;24m██[38;2;222;230;238m██[38;2;222;230;238m██[38;2;222;230;238m██[38;2;222;230;238m██[38;2;16;16;16m██[38;2;16;16;16m██[38;2;205;205;213m██[38;2;205;205;213m██[38;2;205;205;213m██[38;2;205;205;213m██[38;2;74;90;82m██[38;2;74;90;82m██[38;2;82;164;74m██[38;2;82;164;74m██[38;2;82;164;74m██[38;2;82;164;74m██[38;2;82;164;74m██[38;2;82;164;74m██[38;2;82;164;74m██[38;2;82;164;74m██[38;2;82;164;74m██[38;2;24;74;24m██[38;2;16;16;16m██
[38;2;16;16;16m██[38;2;65;123;65m██[38;2;65;123;65m██[38;2;82;164;74m██[38;2;82;164;74m██[38;2;82;164;74m██[38;2;82;164;74m██[38;2;74;90;82m██[38;2;222;230;238m██[38;2;222;230;238m██[38;2;222;230;238m██[38;2;16;16;16m██[38;2;65;123;65m██[38;2;65;123;65m██[38;2;65;123;65m██[38;2;16;16;16m██[38;2;65;123;65m██[38;2;65;123;65m██[38;2;65;123;65m██[38;2;24;74;24m██[38;2;65;123;65m██[38;2;65;123;65m██[38;2;65;123;65m██[38;2;65;123;65m██[38;2;65;123;65m██[38;2;65;123;65m██[38;2;24;74;24m██[38;2;222;230;238m██[38;2;222;230;238m██[38;2;148;180;164m██[38;2;74;90;82m██[38;2;65;123;65m██[38;2;74;90;82m██[38;2;74;90;82m██[38;2;74;90;82m██[38;2;74;90;82m██[38;2;82;164;74m██[38;2;82;164;74m██[38;2;82;164;74m██[38;2;82;164;74m██[38;2;82;164;74m██[38;2;82;164;74m██[38;2;82;164;74m██[38;2;82;164;74m██[38;2;82;164;74m██[38;2;82;164;74m██[38;2;24;74;24m██[38;2;65;123;65m██[38;2;16;16;16m██
  [38;2;24;74;24m██[38;2;65;123;65m██[38;2;65;123;65m██[38;2;65;123;65m██[38;2;82;164;74m██[38;2;82;164;74m██[38;2;74;90;82m██[38;2;148;180;164m██[38;2;222;230;238m██[38;2;222;230;238m██[38;2;148;180;164m██[38;2;24;74;24m██[38;2;65;123;65m██[38;2;65;123;65m██[38;2;16;16;16m██[38;2;65;123;65m██[38;2;65;123;65m██[38;2;65;123;65m██[38;2;16;16;16m██[38;2;65;123;65m██[38;2;65;123;65m██[38;2;65;123;65m██[38;2;65;123;65m██[38;2;65;123;65m██[38;2;65;123;65m██[38;2;16;16;16m██[38;2;148;180;164m██[38;2;148;180;164m██[38;2;148;180;164m██[38;2;148;180;164m██[38;2;74;90;82m██[38;2;65;123;65m██[38;2;65;123;65m██[38;2;65;123;65m██[38;2;82;164;74m██[38;2;82;164;74m██[38;2;82;164;74m██[38;2;82;164;74m██[38;2;82;164;74m██[38;2;82;164;74m██[38;2;82;164;74m██[38;2;82;164;74m██[38;2;82;164;74m██[38;2;82;164;74m██[38;2;65;123;65m██[38;2;24;74;24m██[38;2;65;123;65m██[38;2;24;74;24m██
  [38;2;24;74;24m██[38;2;65;123;65m██[38;2;16;16;16m██[38;2;65;123;65m██[38;2;65;123;65m██[38;2;65;123;65m██[38;2;74;90;82m██[38;2;148;180;164m██[38;2;148;180;164m██[38;2;148;180;164m██[38;2;148;180;164m██[38;2;148;180;164m██[38;2;16;16;16m██[38;2;65;123;65m██[38;2;65;123;65m██[38;2;16;16;16m██[38;2;16;16;16m██[38;2;16;16;16m██[38;2;65;123;65m██[38;2;65;123;65m██[38;2;65;123;65m██[38;2;65;123;65m██[38;2;65;123;65m██[38;2;16;16;16m██[38;2;24;74;24m██[38;2;148;180;164m██[38;2;148;180;164m██[38;2;148;180;164m██[38;2;148;180;164m██[38;2;148;180;164m██[38;2;74;90;82m██[38;2;65;123;65m██[38;2;65;123;65m██[38;2;65;123;65m██[38;2;65;123;65m██[38;2;65;123;65m██[38;2;82;164;74m██[38;2;82;164;74m██[38;2;82;164;74m██[38;2;82;164;74m██[38;2;82;164;74m██[38;2;82;164;74m██[38;2;82;164;74m██[38;2;82;164;74m██[38;2;24;74;24m██[38;2;65;123;65m██[38;2;24;74;24m██  
    [38;2;16;16;16m██[38;2;24;74;24m██[38;2;65;123;65m██[38;2;65;123;65m██[38;2;65;123;65m██[38;2;65;123;65m██[38;2;74;90;82m██[38;2;148;180;164m██[38;2;148;180;164m██[38;2;148;180;164m██[38;2;148;180;164m██[38;2;16;16;16m██[38;2;65;123;65m██[38;2;65;123;65m██[38;2;65;123;65m██[38;2;65;123;65m██[38;2;65;123;65m██[38;2;65;123;65m██[38;2;65;123;65m██[38;2;65;123;65m██[38;2;65;123;65m██[38;2;16;16;16m██[38;2;148;180;164m██[38;2;148;180;164m██[38;2;148;180;164m██[38;2;148;180;164m██[38;2;148;180;164m██[38;2;148;180;164m██[38;2;148;180;164m██[38;2;74;90;82m██[38;2;16;16;16m██[38;2;65;123;65m██[38;2;65;123;65m██[38;2;65;123;65m██[38;2;65;123;65m██[38;2;65;123;65m██[38;2;65;123;65m██[38;2;65;123;65m██[38;2;65;123;65m██[38;2;24;74;24m██[38;2;24;74;24m██[38;2;82;164;74m██[38;2;24;74;24m██[38;2;65;123;65m██[38;2;65;123;65m██[38;2;16;16;16m██  
        [38;2;24;74;24m██[38;2;65;123;65m██[38;2;16;16;16m██[38;2;65;123;65m██[38;2;65;123;65m██[38;2;74;90;82m██[38;2;115;139;115m██[38;2;115;139;115m██[38;2;148;180;164m██[38;2;24;74;24m██[38;2;65;123;65m██[38;2;65;123;65m██[38;2;65;123;65m██[38;2;65;123;65m██[38;2;65;123;65m██[38;2;65;123;65m██[38;2;65;123;65m██[38;2;65;123;65m██[38;2;65;123;65m██[38;2;24;74;24m██[38;2;148;180;164m██[38;2;148;180;164m██[38;2;148;180;164m██[38;2;148;180;164m██[38;2;148;180;164m██[38;2;148;180;164m██[38;2;148;180;164m██[38;2;74;90;82m██[38;2;16;16;16m██[38;2;65;123;65m██[38;2;65;123;65m██[38;2;65;123;65m██[38;2;65;123;65m██[38;2;65;123;65m██[38;2;65;123;65m██[38;2;24;74;24m██[38;2;65;123;65m██[38;2;24;74;24m██[38;2;65;123;65m██[38;2;24;74;24m██[38;2;65;123;65m██[38;2;65;123;65m██[38;2;16;16;16m██    
        [38;2;24;74;24m██[38;2;16;16;16m██[38;2;24;74;24m██[38;2;65;123;65m██[38;2;65;123;65m██[38;2;65;123;65m██[38;2;16;16;16m██[38;2;148;180;164m██[38;2;148;180;164m██[38;2;24;74;24m██[38;2;65;123;65m██[38;2;65;123;65m██[38;2;65;123;65m██[38;2;24;74;24m██[38;2;16;16;16m██[38;2;65;123;65m██[38;2;65;123;65m██[38;2;65;123;65m██[38;2;65;123;65m██[38;2;24;74;24m██[38;2;148;180;164m██[38;2;148;180;164m██[38;2;148;180;164m██[38;2;148;180;164m██[38;2;148;180;164m██[38;2;148;180;164m██[38;2;74;90;82m██[38;2;115;139;115m██[38;2;148;180;164m██[38;2;16;16;16m██[38;2;65;123;65m██[38;2;65;123;65m██[38;2;65;123;65m██[38;2;65;123;65m██[38;2;24;74;24m██[38;2;65;123;65m██[38;2;24;74;24m██[38;2;24;74;24m██[38;2;65;123;65m██[38;2;65;123;65m██[38;2;16;16;16m██[38;2;16;16;16m██      
            [38;2;24;74;24m██[38;2;16;16;16m██[38;2;65;123;65m██[38;2;16;16;16m██[38;2;115;139;115m██[38;2;148;180;164m██[38;2;148;180;164m██[38;2;24;74;24m██[38;2;16;16;16m██[38;2;16;16;16m██[38;2;148;180;164m██[38;2;148;180;164m██[38;2;148;180;164m██[38;2;24;74;24m██[38;2;16;16;16m██[38;2;65;123;65m██[38;2;65;123;65m██[38;2;148;180;164m██[38;2;148;180;164m██[38;2;148;180;164m██[38;2;148;180;164m██[38;2;148;180;164m██[38;2;148;180;164m██[38;2;148;180;164m██[38;2;115;139;115m██[38;2;148;180;164m██[38;2;148;180;164m██[38;2;148;180;164m██[38;2;16;16;16m██[38;2;16;16;16m██[38;2;65;123;65m██[38;2;65;123;65m██[38;2;24;74;24m██[38;2;65;123;65m██[38;2;16;16;16m██[38;2;16;16;16m██[38;2;16;16;16m██[38;2;16;16;16m██          
                [38;2;24;74;24m██[38;2;16;16;16m██[38;2;148;180;164m██[38;2;148;180;164m██[38;2;148;180;164m██[38;2;148;180;164m██[38;2;148;180;164m██[38;2;148;180;164m██[38;2;148;180;164m██[38;2;148;180;164m██[38;2;148;180;164m██[38;2;148;180;164m██[38;2;148;180;164m██[38;2;24;74;24m██[38;2;16;16;16m██[38;2;148;180;164m██[38;2;148;180;164m██[38;2;148;180;164m██[38;2;148;180;164m██[38;2;148;180;164m██[38;2;148;180;164m██[38;2;115;139;115m██[38;2;148;180;164m██[38;2;148;180;164m██[38;2;148;180;164m██[38;2;148;180;164m██[38;2;148;180;164m██[38;2;74;90;82m██[38;2;16;16;16m██[38;2;16;16;16m██[38;2;16;16;16m██[38;2;24;74;24m██                  
                  [38;2;16;16;16m██[38;2;148;180;164m██[38;2;148;180;164m██[38;2;148;180;164m██[38;2;148;180;164m██[38;2;148;180;164m██[38;2;148;180;164m██[38;2;148;180;164m██[38;2;148;180;164m██[38;2;148;180;164m██[38;2;148;180;164m██[38;2;148;180;164m██[38;2;148;180;164m██[38;2;148;180;164m██[38;2;148;180;164m██[38;2;148;180;164m██[38;2;148;180;164m██[38;2;148;180;164m██[38;2;148;180;164m██[38;2;148;180;164m██[38;2;148;180;164m██[38;2;148;180;164m██[38;2;148;180;164m██[38;2;148;180;164m██[38;2;148;180;164m██[38;2;148;180;164m██[38;2;74;90;82m██                          
                    [38;2;16;16;16m██[38;2;148;180;164m██[38;2;148;180;164m██[38;2;148;180;164m██[38;2;148;180;164m██[38;2;148;180;164m██[38;2;148;180;164m██[38;2;148;180;164m██[38;2;148;180;164m██[38;2;148;180;164m██[38;2;148;180;164m██[38;2;148;180;164m██[38;2;148;180;164m██[38;2;148;180;164m██[38;2;148;180;164m██[38;2;148;180;164m██[38;2;148;180;164m██[38;2;148;180;164m██[38;2;148;180;164m██[38;2;148;180;164m██[38;2;148;180;164m██[38;2;148;180;164m██[38;2;148;180;164m██[38;2;148;180;164m██[38;2;148;180;164m██[38;2;74;90;82m██                          
                      [38;2;74;90;82m██[38;2;148;180;164m██[38;2;148;180;164m██[38;2;148;180;164m██[38;2;148;180;164m██[38;2;148;180;164m██[38;2;148;180;164m██[38;2;148;180;164m██[38;2;148;180;164m██[38;2;148;180;164m██[38;2;148;180;164m██[38;2;148;180;164m██[38;2;148;180;164m██[38;2;148;180;164m██[38;2;148;180;164m██[38;2;148;180;164m██[38;2;148;180;164m██[38;2;148;180;164m██[38;2;148;180;164m██[38;2;148;180;164m██[38;2;148;180;164m██[38;2;148;180;164m██[38;2;148;180;164m██[38;2;16;16;16m██                            
                        [38;2;16;16;16m██[38;2;16;16;16m██[38;2;16;16;16m██[38;2;16;16;16m██[38;2;148;180;164m██[38;2;148;180;164m██[38;2;148;180;164m██[38;2;148;180;164m██[38;2;148;180;164m██[38;2;148;180;164m██[38;2;148;180;164m██[38;2;148;180;164m██[38;2;148;180;164m██[38;2;148;180;164m██[38;2;148;180;164m██[38;2;148;180;164m██[38;2;148;180;164m██[38;2;115;139;115m██[38;2;115;139;115m██[38;2;16;16;16m██[38;2;16;16;16m██[38;2;16;16;16m██                              
                              [38;2;74;90;82m██[38;2;115;139;115m██[38;2;148;180;164m██[38;2;148;180;164m██[38;2;148;180;164m██[38;2;148;180;164m██[38;2;148;180;164m██[38;2;148;180;164m██[38;2;148;180;164m██[38;2;148;180;164m██[38;2;148;180;164m██[38;2;148;180;164m██[38;2;16;16;16m██[38;2;148;180;164m██[38;2;148;180;164m██[38;2;16;16;16m██                                    
                                [38;2;16;16;16m██[38;2;16;16;16m██[38;2;16;16;16m██[38;2;115;139;115m██[38;2;148;180;164m██[38;2;148;180;164m██[38;2;148;180;164m██[38;2;148;180;164m██[38;2;115;139;115m██[38;2;16;16;16m██[38;2;16;16;16m██[38;2;74;90;82m██[38;2;74;90;82m██[38;2;74;90;82m██                                      
                                      [38;2;16;16;16m██[38;2;16;16;16m██[38;2;16;16;16m██[38;2;16;16;16m██[38;2;16;16;16m██[38;2;16;16;16m██                                                
