                                    [38;2;115;65;32m██[38;2;115;65;32m██    [38;2;16;16;16m██[38;2;16;16;16m██                                                            
                                [38;2;16;16;16m██[38;2;16;16;16m██[38;2;176;143;42m██[38;2;176;143;42m██[38;2;115;65;32m██[38;2;16;16;16m██[38;2;255;255;255m██[38;2;253;201;45m██[38;2;16;16;16m██        [38;2;113;43;100m██[38;2;113;43;100m██                                              
                          [38;2;115;65;32m██[38;2;115;65;32m██[38;2;16;16;16m██[38;2;255;255;255m██[38;2;253;201;45m██[38;2;16;16;16m██[38;2;176;143;42m██[38;2;115;65;32m██[38;2;16;16;16m██[38;2;253;201;45m██[38;2;253;201;45m██[38;2;16;16;16m██      [38;2;113;43;100m██[38;2;212;120;195m██[38;2;234;190;226m██[38;2;113;43;100m██                                            
                        [38;2;115;65;32m██[38;2;253;201;45m██[38;2;176;143;42m██[38;2;16;16;16m██[38;2;253;201;45m██[38;2;253;201;45m██[38;2;16;16;16m██[38;2;115;65;32m██[38;2;176;143;42m██[38;2;16;16;16m██[38;2;176;143;42m██[38;2;16;16;16m██  [38;2;113;43;100m██[38;2;113;43;100m██[38;2;113;43;100m██[38;2;113;43;100m██[38;2;234;190;226m██[38;2;234;190;226m██[38;2;212;120;195m██[38;2;113;43;100m██                                          
                        [38;2;115;65;32m██[38;2;176;143;42m██[38;2;176;143;42m██[38;2;115;65;32m██[38;2;16;16;16m██[38;2;176;143;42m██[38;2;253;201;45m██[38;2;16;16;16m██[38;2;115;65;32m██[38;2;16;16;16m██[38;2;176;143;42m██[38;2;16;16;16m██[38;2;113;43;100m██[38;2;234;190;226m██[38;2;234;190;226m██[38;2;83;1;64m██[38;2;83;1;64m██[38;2;83;1;64m██[38;2;83;1;64m██[38;2;234;190;226m██[38;2;113;43;100m██  [38;2;113;43;100m██[38;2;113;43;100m██                                    
                        [38;2;16;16;16m██[38;2;16;16;16m██[38;2;115;65;32m██[38;2;115;65;32m██[38;2;176;143;42m██[38;2;115;65;32m██[38;2;167;157;87m██[38;2;253;201;45m██[38;2;16;16;16m██[38;2;115;65;32m██[38;2;176;143;42m██[38;2;176;143;42m██[38;2;212;120;195m██[38;2;83;1;64m██[38;2;83;1;64m██[38;2;255;255;255m██[38;2;255;255;255m██[38;2;255;255;255m██[38;2;255;255;255m██[38;2;83;1;64m██[38;2;83;1;64m██[38;2;113;43;100m██[38;2;212;120;195m██[38;2;212;120;195m██[38;2;83;1;64m██                                  
                      [38;2;16;16;16m██[38;2;255;255;255m██[38;2;253;201;45m██[38;2;16;16;16m██[38;2;115;65;32m██[38;2;115;65;32m██[38;2;115;65;32m██[38;2;176;143;42m██[38;2;253;201;45m██[38;2;253;201;45m██[38;2;176;143;42m██[38;2;176;143;42m██[38;2;113;43;100m██[38;2;83;1;64m██[38;2;255;255;255m██[38;2;212;120;195m██[38;2;234;190;226m██[38;2;234;190;226m██[38;2;234;190;226m██[38;2;212;120;195m██[38;2;255;255;255m██[38;2;113;43;100m██[38;2;234;190;226m██[38;2;212;120;195m██[38;2;212;120;195m██[38;2;83;1;64m██                                  
                      [38;2;16;16;16m██[38;2;253;201;45m██[38;2;253;201;45m██[38;2;176;143;42m██[38;2;253;201;45m██[38;2;253;201;45m██[38;2;176;143;42m██[38;2;115;65;32m██[38;2;176;143;42m██[38;2;176;143;42m██[38;2;176;143;42m██[38;2;176;143;42m██[38;2;83;1;64m██[38;2;234;190;226m██[38;2;234;190;226m██[38;2;234;190;226m██[38;2;255;255;255m██[38;2;234;190;226m██[38;2;234;190;226m██[38;2;234;190;226m██[38;2;234;190;226m██[38;2;212;120;195m██[38;2;212;120;195m██[38;2;212;120;195m██[38;2;212;120;195m██[38;2;83;1;64m██                                  
                        [38;2;16;16;16m██[38;2;16;16;16m██[38;2;115;65;32m██[38;2;176;143;42m██[38;2;176;143;42m██[38;2;176;143;42m██[38;2;176;143;42m██[38;2;176;143;42m██[38;2;176;143;42m██[38;2;83;1;64m██[38;2;83;1;64m██[38;2;113;43;100m██[38;2;113;43;100m██[38;2;234;190;226m██[38;2;234;190;226m██[38;2;234;190;226m██[38;2;234;190;226m██[38;2;234;190;226m██[38;2;234;190;226m██[38;2;212;120;195m██[38;2;212;120;195m██[38;2;212;120;195m██[38;2;212;120;195m██[38;2;83;1;64m██[38;2;78;32;124m██[38;2;78;32;124m██                                
                          [38;2;212;120;195m██[38;2;212;120;195m██[38;2;115;65;32m██[38;2;115;65;32m██[38;2;176;143;42m██[38;2;176;143;42m██[38;2;176;143;42m██[38;2;83;1;64m██[38;2;212;120;195m██[38;2;234;190;226m██[38;2;234;190;226m██[38;2;234;190;226m██[38;2;113;43;100m██[38;2;113;43;100m██[38;2;212;120;195m██[38;2;234;190;226m██[38;2;212;120;195m██[38;2;212;120;195m██[38;2;212;120;195m██[38;2;212;120;195m██[38;2;212;120;195m██[38;2;212;120;195m██[38;2;83;1;64m██[38;2;152;90;216m██[38;2;114;44;186m██[38;2;78;32;124m██[38;2;78;32;124m██                            
                        [38;2;212;120;195m██[38;2;234;190;226m██[38;2;234;190;226m██[38;2;83;1;64m██[38;2;83;1;64m██[38;2;83;1;64m██[38;2;176;143;42m██[38;2;83;1;64m██[38;2;212;120;195m██[38;2;234;190;226m██[38;2;255;255;255m██[38;2;212;120;195m██[38;2;234;190;226m██[38;2;255;255;255m██[38;2;234;190;226m██[38;2;113;43;100m██[38;2;212;120;195m██[38;2;212;120;195m██[38;2;212;120;195m██[38;2;212;120;195m██[38;2;212;120;195m██[38;2;212;120;195m██[38;2;83;1;64m██[38;2;152;90;216m██[38;2;152;90;216m██[38;2;152;90;216m██[38;2;152;90;216m██[38;2;152;90;216m██[38;2;77;0;156m██                          
                      [38;2;212;120;195m██[38;2;234;190;226m██[38;2;234;190;226m██[38;2;113;43;100m██[38;2;255;255;255m██[38;2;234;190;226m██[38;2;234;190;226m██[38;2;113;43;100m██[38;2;83;1;64m██[38;2;234;190;226m██[38;2;234;190;226m██[38;2;234;190;226m██[38;2;255;255;255m██[38;2;212;120;195m██[38;2;234;190;226m██[38;2;234;190;226m██[38;2;234;190;226m██[38;2;113;43;100m██[38;2;212;120;195m██[38;2;212;120;195m██[38;2;212;120;195m██[38;2;212;120;195m██[38;2;212;120;195m██[38;2;83;1;64m██[38;2;114;44;186m██[38;2;152;90;216m██[38;2;152;90;216m██[38;2;152;90;216m██[38;2;16;16;16m██                            
                      [38;2;113;43;100m██[38;2;212;120;195m██[38;2;113;43;100m██[38;2;212;120;195m██[38;2;212;120;195m██[38;2;234;190;226m██[38;2;234;190;226m██[38;2;83;1;64m██[38;2;212;120;195m██[38;2;234;190;226m██[38;2;255;255;255m██[38;2;234;190;226m██[38;2;234;190;226m██[38;2;255;255;255m██[38;2;212;120;195m██[38;2;234;190;226m██[38;2;234;190;226m██[38;2;234;190;226m██[38;2;83;1;64m██[38;2;212;120;195m██[38;2;212;120;195m██[38;2;83;1;64m██[38;2;83;1;64m██[38;2;114;44;186m██[38;2;114;44;186m██[38;2;152;90;216m██[38;2;16;16;16m██[38;2;16;16;16m██                              
                    [38;2;83;1;64m██[38;2;212;120;195m██[38;2;212;120;195m██[38;2;113;43;100m██[38;2;255;255;255m██[38;2;234;190;226m██[38;2;255;255;255m██[38;2;234;190;226m██[38;2;83;1;64m██[38;2;234;190;226m██[38;2;234;190;226m██[38;2;234;190;226m██[38;2;234;190;226m██[38;2;234;190;226m██[38;2;234;190;226m██[38;2;255;255;255m██[38;2;234;190;226m██[38;2;234;190;226m██[38;2;234;190;226m██[38;2;83;1;64m██[38;2;113;43;100m██[38;2;113;43;100m██[38;2;114;44;186m██[38;2;114;44;186m██[38;2;114;44;186m██[38;2;16;16;16m██[38;2;16;16;16m██                                  
                  [38;2;113;43;100m██[38;2;83;1;64m██[38;2;212;120;195m██[38;2;83;1;64m██[38;2;255;255;255m██[38;2;234;190;226m██[38;2;234;190;226m██[38;2;234;190;226m██[38;2;234;190;226m██[38;2;83;1;64m██[38;2;234;190;226m██[38;2;234;190;226m██[38;2;234;190;226m██[38;2;234;190;226m██[38;2;234;190;226m██[38;2;234;190;226m██[38;2;234;190;226m██[38;2;255;255;255m██[38;2;234;190;226m██[38;2;234;190;226m██[38;2;113;43;100m██[38;2;83;1;64m██[38;2;114;44;186m██[38;2;114;44;186m██[38;2;16;16;16m██[38;2;16;16;16m██                                      
                [38;2;113;43;100m██[38;2;212;120;195m██[38;2;113;43;100m██[38;2;212;120;195m██[38;2;83;1;64m██[38;2;255;255;255m██[38;2;234;190;226m██[38;2;234;190;226m██[38;2;234;190;226m██[38;2;212;120;195m██[38;2;83;1;64m██[38;2;212;120;195m██[38;2;234;190;226m██[38;2;234;190;226m██[38;2;234;190;226m██[38;2;234;190;226m██[38;2;234;190;226m██[38;2;234;190;226m██[38;2;234;190;226m██[38;2;234;190;226m██[38;2;113;43;100m██[38;2;212;120;195m██[38;2;212;120;195m██[38;2;83;1;64m██[38;2;16;16;16m██[38;2;212;120;195m██[38;2;212;120;195m██[38;2;113;43;100m██                                    
                [38;2;113;43;100m██[38;2;212;120;195m██[38;2;212;120;195m██[38;2;212;120;195m██[38;2;83;1;64m██[38;2;234;190;226m██[38;2;234;190;226m██[38;2;234;190;226m██[38;2;234;190;226m██[38;2;212;120;195m██[38;2;212;120;195m██[38;2;83;1;64m██[38;2;234;190;226m██[38;2;234;190;226m██[38;2;234;190;226m██[38;2;234;190;226m██[38;2;234;190;226m██[38;2;234;190;226m██[38;2;234;190;226m██[38;2;212;120;195m██[38;2;212;120;195m██[38;2;212;120;195m██[38;2;212;120;195m██[38;2;83;1;64m██[38;2;212;120;195m██[38;2;212;120;195m██[38;2;212;120;195m██[38;2;212;120;195m██[38;2;113;43;100m██                                  
                  [38;2;113;43;100m██[38;2;83;1;64m██[38;2;83;1;64m██[38;2;83;1;64m██[38;2;234;190;226m██[38;2;234;190;226m██[38;2;234;190;226m██[38;2;212;120;195m██[38;2;212;120;195m██[38;2;212;120;195m██[38;2;83;1;64m██[38;2;212;120;195m██[38;2;212;120;195m██[38;2;234;190;226m██[38;2;234;190;226m██[38;2;234;190;226m██[38;2;212;120;195m██[38;2;212;120;195m██[38;2;212;120;195m██[38;2;212;120;195m██[38;2;212;120;195m██[38;2;212;120;195m██[38;2;83;1;64m██[38;2;212;120;195m██[38;2;212;120;195m██[38;2;212;120;195m██[38;2;212;120;195m██[38;2;113;43;100m██                                  
                  [38;2;113;43;100m██[38;2;83;1;64m██[38;2;212;120;195m██[38;2;113;43;100m██[38;2;113;43;100m██[38;2;234;190;226m██[38;2;212;120;195m██[38;2;212;120;195m██[38;2;212;120;195m██[38;2;212;120;195m██[38;2;113;43;100m██[38;2;83;1;64m██[38;2;212;120;195m██[38;2;212;120;195m██[38;2;212;120;195m██[38;2;212;120;195m██[38;2;212;120;195m██[38;2;212;120;195m██[38;2;212;120;195m██[38;2;212;120;195m██[38;2;212;120;195m██[38;2;83;1;64m██[38;2;212;120;195m██[38;2;212;120;195m██[38;2;212;120;195m██[38;2;212;120;195m██[38;2;212;120;195m██[38;2;212;120;195m██[38;2;113;43;100m██                                
                    [38;2;83;1;64m██[38;2;212;120;195m██[38;2;212;120;195m██[38;2;212;120;195m██[38;2;212;120;195m██[38;2;212;120;195m██[38;2;212;120;195m██[38;2;212;120;195m██[38;2;212;120;195m██[38;2;16;16;16m██[38;2;114;44;186m██[38;2;83;1;64m██[38;2;212;120;195m██[38;2;212;120;195m██[38;2;212;120;195m██[38;2;212;120;195m██[38;2;212;120;195m██[38;2;212;120;195m██[38;2;212;120;195m██[38;2;212;120;195m██[38;2;83;1;64m██[38;2;212;120;195m██[38;2;212;120;195m██[38;2;212;120;195m██[38;2;212;120;195m██[38;2;212;120;195m██[38;2;234;190;226m██[38;2;113;43;100m██                                
                      [38;2;83;1;64m██[38;2;212;120;195m██[38;2;212;120;195m██[38;2;212;120;195m██[38;2;212;120;195m██[38;2;212;120;195m██[38;2;212;120;195m██[38;2;83;1;64m██[38;2;114;44;186m██[38;2;114;44;186m██[38;2;212;120;195m██[38;2;83;1;64m██[38;2;83;1;64m██[38;2;212;120;195m██[38;2;212;120;195m██[38;2;212;120;195m██[38;2;212;120;195m██[38;2;212;120;195m██[38;2;83;1;64m██[38;2;212;120;195m██[38;2;212;120;195m██[38;2;212;120;195m██[38;2;212;120;195m██[38;2;212;120;195m██[38;2;212;120;195m██[38;2;234;190;226m██[38;2;212;120;195m██[38;2;113;43;100m██                              
                      [38;2;83;1;64m██[38;2;83;1;64m██[38;2;212;120;195m██[38;2;212;120;195m██[38;2;212;120;195m██[38;2;83;1;64m██[38;2;83;1;64m██[38;2;114;44;186m██[38;2;114;44;186m██[38;2;16;16;16m██[38;2;234;190;226m██[38;2;212;120;195m██[38;2;212;120;195m██[38;2;83;1;64m██[38;2;83;1;64m██[38;2;83;1;64m██[38;2;83;1;64m██[38;2;83;1;64m██[38;2;212;120;195m██[38;2;212;120;195m██[38;2;212;120;195m██[38;2;212;120;195m██[38;2;212;120;195m██[38;2;212;120;195m██[38;2;234;190;226m██[38;2;234;190;226m██[38;2;234;190;226m██[38;2;16;16;16m██                              
                        [38;2;78;32;124m██[38;2;83;1;64m██[38;2;83;1;64m██[38;2;83;1;64m██[38;2;114;44;186m██[38;2;114;44;186m██[38;2;114;44;186m██[38;2;114;44;186m██[38;2;16;16;16m██[38;2;234;190;226m██[38;2;234;190;226m██[38;2;212;120;195m██[38;2;212;120;195m██[38;2;113;43;100m██[38;2;212;120;195m██[38;2;212;120;195m██[38;2;212;120;195m██[38;2;212;120;195m██[38;2;212;120;195m██[38;2;212;120;195m██[38;2;212;120;195m██[38;2;212;120;195m██[38;2;234;190;226m██[38;2;234;190;226m██[38;2;234;190;226m██[38;2;234;190;226m██[38;2;16;16;16m██[38;2;113;43;100m██                            
                      [38;2;78;32;124m██[38;2;114;44;186m██[38;2;152;90;216m██[38;2;152;90;216m██[38;2;152;90;216m██[38;2;152;90;216m██[38;2;114;44;186m██[38;2;114;44;186m██[38;2;16;16;16m██[38;2;234;190;226m██[38;2;234;190;226m██[38;2;234;190;226m██[38;2;234;190;226m██[38;2;234;190;226m██[38;2;212;120;195m██[38;2;234;190;226m██[38;2;212;120;195m██[38;2;212;120;195m██[38;2;212;120;195m██[38;2;212;120;195m██[38;2;212;120;195m██[38;2;234;190;226m██[38;2;234;190;226m██[38;2;234;190;226m██[38;2;234;190;226m██[38;2;234;190;226m██[38;2;234;190;226m██[38;2;212;120;195m██[38;2;16;16;16m██                            
                      [38;2;78;32;124m██[38;2;152;90;216m██[38;2;152;90;216m██[38;2;152;90;216m██[38;2;152;90;216m██[38;2;152;90;216m██[38;2;152;90;216m██[38;2;16;16;16m██[38;2;234;190;226m██[38;2;234;190;226m██[38;2;234;190;226m██[38;2;234;190;226m██[38;2;234;190;226m██[38;2;212;120;195m██[38;2;234;190;226m██[38;2;234;190;226m██[38;2;234;190;226m██[38;2;234;190;226m██[38;2;234;190;226m██[38;2;234;190;226m██[38;2;234;190;226m██[38;2;234;190;226m██[38;2;234;190;226m██[38;2;234;190;226m██[38;2;234;190;226m██[38;2;234;190;226m██[38;2;234;190;226m██[38;2;234;190;226m██[38;2;16;16;16m██                            
                      [38;2;78;32;124m██[38;2;152;90;216m██[38;2;152;90;216m██[38;2;152;90;216m██[38;2;152;90;216m██[38;2;152;90;216m██[38;2;16;16;16m██[38;2;234;190;226m██[38;2;234;190;226m██[38;2;234;190;226m██[38;2;234;190;226m██[38;2;234;190;226m██[38;2;234;190;226m██[38;2;212;120;195m██[38;2;234;190;226m██[38;2;234;190;226m██[38;2;234;190;226m██[38;2;234;190;226m██[38;2;234;190;226m██[38;2;234;190;226m██[38;2;234;190;226m██[38;2;234;190;226m██[38;2;234;190;226m██[38;2;234;190;226m██[38;2;234;190;226m██[38;2;234;190;226m██[38;2;234;190;226m██[38;2;234;190;226m██[38;2;16;16;16m██[38;2;113;43;100m██                          
                      [38;2;78;32;124m██[38;2;152;90;216m██[38;2;152;90;216m██[38;2;152;90;216m██[38;2;114;44;186m██[38;2;16;16;16m██[38;2;113;43;100m██[38;2;234;190;226m██[38;2;234;190;226m██[38;2;234;190;226m██[38;2;234;190;226m██[38;2;234;190;226m██[38;2;234;190;226m██[38;2;212;120;195m██[38;2;234;190;226m██[38;2;234;190;226m██[38;2;234;190;226m██[38;2;234;190;226m██[38;2;234;190;226m██[38;2;234;190;226m██[38;2;234;190;226m██[38;2;234;190;226m██[38;2;234;190;226m██[38;2;234;190;226m██[38;2;234;190;226m██[38;2;234;190;226m██[38;2;234;190;226m██[38;2;234;190;226m██[38;2;16;16;16m██[38;2;113;43;100m██                          
                      [38;2;78;32;124m██[38;2;152;90;216m██[38;2;152;90;216m██[38;2;16;16;16m██[38;2;16;16;16m██[38;2;113;43;100m██[38;2;212;120;195m██[38;2;234;190;226m██[38;2;234;190;226m██[38;2;234;190;226m██[38;2;234;190;226m██[38;2;234;190;226m██[38;2;234;190;226m██[38;2;212;120;195m██[38;2;234;190;226m██[38;2;234;190;226m██[38;2;234;190;226m██[38;2;234;190;226m██[38;2;234;190;226m██[38;2;234;190;226m██[38;2;234;190;226m██[38;2;234;190;226m██[38;2;234;190;226m██[38;2;234;190;226m██[38;2;234;190;226m██[38;2;234;190;226m██[38;2;234;190;226m██[38;2;234;190;226m██[38;2;16;16;16m██[38;2;212;120;195m██[38;2;113;43;100m██                        
                        [38;2;16;16;16m██[38;2;16;16;16m██  [38;2;113;43;100m██[38;2;113;43;100m██[38;2;234;190;226m██[38;2;234;190;226m██[38;2;234;190;226m██[38;2;234;190;226m██[38;2;234;190;226m██[38;2;234;190;226m██[38;2;234;190;226m██[38;2;212;120;195m██[38;2;234;190;226m██[38;2;234;190;226m██[38;2;234;190;226m██[38;2;234;190;226m██[38;2;234;190;226m██[38;2;234;190;226m██[38;2;234;190;226m██[38;2;234;190;226m██[38;2;234;190;226m██[38;2;234;190;226m██[38;2;234;190;226m██[38;2;234;190;226m██[38;2;234;190;226m██[38;2;234;190;226m██[38;2;16;16;16m██[38;2;212;120;195m██[38;2;113;43;100m██                        
                            [38;2;113;43;100m██[38;2;212;120;195m██[38;2;113;43;100m██[38;2;234;190;226m██[38;2;234;190;226m██[38;2;234;190;226m██[38;2;234;190;226m██[38;2;234;190;226m██[38;2;234;190;226m██[38;2;234;190;226m██[38;2;212;120;195m██[38;2;234;190;226m██[38;2;234;190;226m██[38;2;234;190;226m██[38;2;234;190;226m██[38;2;234;190;226m██[38;2;234;190;226m██[38;2;234;190;226m██[38;2;234;190;226m██[38;2;234;190;226m██[38;2;234;190;226m██[38;2;234;190;226m██[38;2;234;190;226m██[38;2;234;190;226m██[38;2;234;190;226m██[38;2;16;16;16m██[38;2;234;190;226m██[38;2;113;43;100m██                        
                          [38;2;113;43;100m██[38;2;212;120;195m██[38;2;212;120;195m██[38;2;113;43;100m██[38;2;234;190;226m██[38;2;234;190;226m██[38;2;234;190;226m██[38;2;234;190;226m██[38;2;234;190;226m██[38;2;234;190;226m██[38;2;212;120;195m██[38;2;234;190;226m██[38;2;234;190;226m██[38;2;234;190;226m██[38;2;234;190;226m██[38;2;234;190;226m██[38;2;234;190;226m██[38;2;234;190;226m██[38;2;234;190;226m██[38;2;234;190;226m██[38;2;234;190;226m██[38;2;234;190;226m██[38;2;234;190;226m██[38;2;234;190;226m██[38;2;234;190;226m██[38;2;234;190;226m██[38;2;16;16;16m██[38;2;212;120;195m██[38;2;234;190;226m██[38;2;113;43;100m██                      
                          [38;2;16;16;16m██[38;2;212;120;195m██[38;2;113;43;100m██[38;2;212;120;195m██[38;2;234;190;226m██[38;2;234;190;226m██[38;2;234;190;226m██[38;2;234;190;226m██[38;2;234;190;226m██[38;2;234;190;226m██[38;2;212;120;195m██[38;2;234;190;226m██[38;2;234;190;226m██[38;2;234;190;226m██[38;2;234;190;226m██[38;2;234;190;226m██[38;2;234;190;226m██[38;2;234;190;226m██[38;2;234;190;226m██[38;2;234;190;226m██[38;2;234;190;226m██[38;2;234;190;226m██[38;2;234;190;226m██[38;2;234;190;226m██[38;2;234;190;226m██[38;2;212;120;195m██[38;2;16;16;16m██[38;2;234;190;226m██[38;2;234;190;226m██[38;2;113;43;100m██                      
                            [38;2;16;16;16m██[38;2;113;43;100m██[38;2;234;190;226m██[38;2;234;190;226m██[38;2;234;190;226m██[38;2;234;190;226m██[38;2;234;190;226m██[38;2;234;190;226m██[38;2;234;190;226m██[38;2;212;120;195m██[38;2;234;190;226m██[38;2;234;190;226m██[38;2;234;190;226m██[38;2;234;190;226m██[38;2;234;190;226m██[38;2;234;190;226m██[38;2;234;190;226m██[38;2;234;190;226m██[38;2;234;190;226m██[38;2;234;190;226m██[38;2;234;190;226m██[38;2;234;190;226m██[38;2;234;190;226m██[38;2;234;190;226m██[38;2;16;16;16m██[38;2;212;120;195m██[38;2;234;190;226m██[38;2;234;190;226m██[38;2;234;190;226m██[38;2;113;43;100m██                    
                            [38;2;83;25;58m██[38;2;113;43;100m██[38;2;234;190;226m██[38;2;234;190;226m██[38;2;234;190;226m██[38;2;234;190;226m██[38;2;234;190;226m██[38;2;234;190;226m██[38;2;234;190;226m██[38;2;212;120;195m██[38;2;234;190;226m██[38;2;234;190;226m██[38;2;234;190;226m██[38;2;234;190;226m██[38;2;234;190;226m██[38;2;234;190;226m██[38;2;234;190;226m██[38;2;234;190;226m██[38;2;234;190;226m██[38;2;234;190;226m██[38;2;234;190;226m██[38;2;234;190;226m██[38;2;234;190;226m██[38;2;234;190;226m██[38;2;16;16;16m██[38;2;16;16;16m██[38;2;234;190;226m██[38;2;234;190;226m██[38;2;234;190;226m██[38;2;113;43;100m██                    
                          [38;2;125;39;87m██[38;2;178;56;125m██[38;2;113;43;100m██[38;2;234;190;226m██[38;2;234;190;226m██[38;2;234;190;226m██[38;2;234;190;226m██[38;2;234;190;226m██[38;2;234;190;226m██[38;2;234;190;226m██[38;2;212;120;195m██[38;2;234;190;226m██[38;2;234;190;226m██[38;2;234;190;226m██[38;2;234;190;226m██[38;2;234;190;226m██[38;2;234;190;226m██[38;2;234;190;226m██[38;2;234;190;226m██[38;2;234;190;226m██[38;2;234;190;226m██[38;2;234;190;226m██[38;2;234;190;226m██[38;2;234;190;226m██[38;2;234;190;226m██[38;2;16;16;16m██  [38;2;16;16;16m██[38;2;234;190;226m██[38;2;234;190;226m██[38;2;16;16;16m██                    
                      [38;2;125;39;87m██[38;2;125;39;87m██[38;2;178;56;125m██[38;2;113;43;100m██[38;2;212;120;195m██[38;2;234;190;226m██[38;2;234;190;226m██[38;2;234;190;226m██[38;2;234;190;226m██[38;2;234;190;226m██[38;2;234;190;226m██[38;2;234;190;226m██[38;2;212;120;195m██[38;2;234;190;226m██[38;2;234;190;226m██[38;2;234;190;226m██[38;2;234;190;226m██[38;2;234;190;226m██[38;2;234;190;226m██[38;2;234;190;226m██[38;2;234;190;226m██[38;2;234;190;226m██[38;2;234;190;226m██[38;2;234;190;226m██[38;2;234;190;226m██[38;2;234;190;226m██[38;2;234;190;226m██[38;2;16;16;16m██[38;2;83;25;58m██  [38;2;16;16;16m██[38;2;16;16;16m██                      
                    [38;2;125;39;87m██[38;2;178;56;125m██[38;2;178;56;125m██[38;2;178;56;125m██[38;2;113;43;100m██[38;2;234;190;226m██[38;2;234;190;226m██[38;2;234;190;226m██[38;2;234;190;226m██[38;2;234;190;226m██[38;2;234;190;226m██[38;2;234;190;226m██[38;2;212;120;195m██[38;2;234;190;226m██[38;2;234;190;226m██[38;2;234;190;226m██[38;2;234;190;226m██[38;2;234;190;226m██[38;2;234;190;226m██[38;2;234;190;226m██[38;2;234;190;226m██[38;2;234;190;226m██[38;2;234;190;226m██[38;2;234;190;226m██[38;2;234;190;226m██[38;2;234;190;226m██[38;2;234;190;226m██[38;2;234;190;226m██[38;2;16;16;16m██[38;2;125;39;87m██[38;2;83;25;58m██[38;2;83;25;58m██                        
                [38;2;125;39;87m██[38;2;125;39;87m██[38;2;178;56;125m██[38;2;178;56;125m██[38;2;16;16;16m██[38;2;16;16;16m██[38;2;16;16;16m██[38;2;212;120;195m██[38;2;234;190;226m██[38;2;234;190;226m██[38;2;234;190;226m██[38;2;234;190;226m██[38;2;234;190;226m██[38;2;234;190;226m██[38;2;212;120;195m██[38;2;234;190;226m██[38;2;234;190;226m██[38;2;234;190;226m██[38;2;234;190;226m██[38;2;234;190;226m██[38;2;234;190;226m██[38;2;234;190;226m██[38;2;234;190;226m██[38;2;234;190;226m██[38;2;234;190;226m██[38;2;234;190;226m██[38;2;234;190;226m██[38;2;234;190;226m██[38;2;234;190;226m██[38;2;212;120;195m██[38;2;16;16;16m██[38;2;125;39;87m██[38;2;125;39;87m██[38;2;125;39;87m██[38;2;83;25;58m██[38;2;83;25;58m██                    
              [38;2;125;39;87m██[38;2;178;56;125m██[38;2;178;56;125m██[38;2;16;16;16m██[38;2;16;16;16m██[38;2;125;39;87m██[38;2;125;39;87m██[38;2;16;16;16m██[38;2;212;120;195m██[38;2;212;120;195m██[38;2;212;120;195m██[38;2;234;190;226m██[38;2;234;190;226m██[38;2;234;190;226m██[38;2;234;190;226m██[38;2;212;120;195m██[38;2;234;190;226m██[38;2;234;190;226m██[38;2;234;190;226m██[38;2;234;190;226m██[38;2;234;190;226m██[38;2;234;190;226m██[38;2;234;190;226m██[38;2;234;190;226m██[38;2;234;190;226m██[38;2;234;190;226m██[38;2;234;190;226m██[38;2;234;190;226m██[38;2;234;190;226m██[38;2;212;120;195m██[38;2;16;16;16m██[38;2;125;39;87m██[38;2;16;16;16m██[38;2;16;16;16m██[38;2;125;39;87m██[38;2;125;39;87m██[38;2;125;39;87m██[38;2;125;39;87m██[38;2;125;39;87m██[38;2;125;39;87m██              
              [38;2;16;16;16m██[38;2;16;16;16m██[38;2;16;16;16m██[38;2;125;39;87m██[38;2;125;39;87m██[38;2;125;39;87m██[38;2;16;16;16m██[38;2;212;120;195m██[38;2;212;120;195m██[38;2;212;120;195m██[38;2;212;120;195m██[38;2;212;120;195m██[38;2;212;120;195m██[38;2;212;120;195m██[38;2;212;120;195m██[38;2;113;43;100m██[38;2;234;190;226m██[38;2;234;190;226m██[38;2;234;190;226m██[38;2;234;190;226m██[38;2;234;190;226m██[38;2;234;190;226m██[38;2;234;190;226m██[38;2;234;190;226m██[38;2;234;190;226m██[38;2;234;190;226m██[38;2;212;120;195m██[38;2;212;120;195m██[38;2;212;120;195m██[38;2;212;120;195m██[38;2;16;16;16m██[38;2;125;39;87m██[38;2;125;39;87m██[38;2;125;39;87m██[38;2;16;16;16m██[38;2;125;39;87m██[38;2;125;39;87m██[38;2;178;56;125m██[38;2;178;56;125m██[38;2;178;56;125m██[38;2;125;39;87m██[38;2;125;39;87m██[38;2;125;39;87m██[38;2;125;39;87m██      
              [38;2;16;16;16m██[38;2;125;39;87m██[38;2;125;39;87m██[38;2;125;39;87m██[38;2;125;39;87m██[38;2;125;39;87m██[38;2;16;16;16m██[38;2;212;120;195m██[38;2;212;120;195m██[38;2;212;120;195m██[38;2;212;120;195m██[38;2;212;120;195m██[38;2;212;120;195m██[38;2;212;120;195m██[38;2;212;120;195m██[38;2;113;43;100m██[38;2;212;120;195m██[38;2;212;120;195m██[38;2;212;120;195m██[38;2;234;190;226m██[38;2;212;120;195m██[38;2;234;190;226m██[38;2;212;120;195m██[38;2;234;190;226m██[38;2;212;120;195m██[38;2;212;120;195m██[38;2;212;120;195m██[38;2;212;120;195m██[38;2;212;120;195m██[38;2;212;120;195m██[38;2;16;16;16m██[38;2;125;39;87m██[38;2;125;39;87m██[38;2;125;39;87m██[38;2;125;39;87m██[38;2;16;16;16m██[38;2;16;16;16m██[38;2;125;39;87m██[38;2;178;56;125m██[38;2;178;56;125m██[38;2;178;56;125m██[38;2;178;56;125m██[38;2;178;56;125m██[38;2;178;56;125m██[38;2;125;39;87m██[38;2;125;39;87m██  
            [38;2;16;16;16m██[38;2;125;39;87m██[38;2;125;39;87m██[38;2;125;39;87m██[38;2;125;39;87m██[38;2;125;39;87m██[38;2;125;39;87m██[38;2;16;16;16m██[38;2;212;120;195m██[38;2;212;120;195m██[38;2;212;120;195m██[38;2;212;120;195m██[38;2;212;120;195m██[38;2;212;120;195m██[38;2;212;120;195m██[38;2;113;43;100m██[38;2;212;120;195m██[38;2;212;120;195m██[38;2;212;120;195m██[38;2;212;120;195m██[38;2;212;120;195m██[38;2;234;190;226m██[38;2;212;120;195m██[38;2;234;190;226m██[38;2;212;120;195m██[38;2;234;190;226m██[38;2;212;120;195m██[38;2;212;120;195m██[38;2;212;120;195m██[38;2;212;120;195m██[38;2;212;120;195m██[38;2;16;16;16m██[38;2;125;39;87m██[38;2;125;39;87m██[38;2;125;39;87m██[38;2;125;39;87m██[38;2;125;39;87m██[38;2;125;39;87m██[38;2;16;16;16m██[38;2;16;16;16m██[38;2;125;39;87m██[38;2;125;39;87m██[38;2;125;39;87m██[38;2;125;39;87m██[38;2;178;56;125m██[38;2;178;56;125m██[38;2;178;56;125m██[38;2;125;39;87m██
          [38;2;16;16;16m██[38;2;125;39;87m██[38;2;125;39;87m██[38;2;125;39;87m██[38;2;125;39;87m██[38;2;125;39;87m██[38;2;125;39;87m██[38;2;16;16;16m██[38;2;212;120;195m██[38;2;212;120;195m██[38;2;212;120;195m██[38;2;212;120;195m██[38;2;212;120;195m██[38;2;212;120;195m██[38;2;212;120;195m██[38;2;212;120;195m██[38;2;113;43;100m██[38;2;212;120;195m██[38;2;212;120;195m██[38;2;212;120;195m██[38;2;212;120;195m██[38;2;212;120;195m██[38;2;212;120;195m██[38;2;234;190;226m██[38;2;212;120;195m██[38;2;234;190;226m██[38;2;212;120;195m██[38;2;212;120;195m██[38;2;212;120;195m██[38;2;212;120;195m██[38;2;212;120;195m██[38;2;16;16;16m██[38;2;125;39;87m██[38;2;125;39;87m██[38;2;125;39;87m██[38;2;125;39;87m██[38;2;125;39;87m██[38;2;125;39;87m██[38;2;125;39;87m██[38;2;125;39;87m██[38;2;125;39;87m██[38;2;16;16;16m██[38;2;178;56;125m██[38;2;178;56;125m██[38;2;178;56;125m██[38;2;178;56;125m██[38;2;178;56;125m██[38;2;178;56;125m██[38;2;125;39;87m██
        [38;2;16;16;16m██[38;2;125;39;87m██[38;2;125;39;87m██[38;2;125;39;87m██[38;2;125;39;87m██[38;2;125;39;87m██[38;2;125;39;87m██[38;2;125;39;87m██[38;2;16;16;16m██[38;2;212;120;195m██[38;2;212;120;195m██[38;2;212;120;195m██[38;2;212;120;195m██[38;2;212;120;195m██[38;2;212;120;195m██[38;2;212;120;195m██[38;2;212;120;195m██[38;2;113;43;100m██[38;2;212;120;195m██[38;2;212;120;195m██[38;2;212;120;195m██[38;2;212;120;195m██[38;2;212;120;195m██[38;2;212;120;195m██[38;2;212;120;195m██[38;2;212;120;195m██[38;2;212;120;195m██[38;2;212;120;195m██[38;2;212;120;195m██[38;2;212;120;195m██[38;2;212;120;195m██[38;2;212;120;195m██[38;2;16;16;16m██[38;2;125;39;87m██[38;2;125;39;87m██[38;2;125;39;87m██[38;2;125;39;87m██[38;2;125;39;87m██[38;2;125;39;87m██[38;2;125;39;87m██[38;2;125;39;87m██[38;2;125;39;87m██[38;2;125;39;87m██[38;2;16;16;16m██[38;2;178;56;125m██[38;2;178;56;125m██[38;2;178;56;125m██[38;2;178;56;125m██[38;2;125;39;87m██[38;2;16;16;16m██
      [38;2;83;25;58m██[38;2;178;56;125m██[38;2;125;39;87m██[38;2;125;39;87m██[38;2;125;39;87m██[38;2;125;39;87m██[38;2;125;39;87m██[38;2;125;39;87m██[38;2;125;39;87m██[38;2;16;16;16m██[38;2;212;120;195m██[38;2;212;120;195m██[38;2;212;120;195m██[38;2;212;120;195m██[38;2;212;120;195m██[38;2;212;120;195m██[38;2;212;120;195m██[38;2;212;120;195m██[38;2;113;43;100m██[38;2;212;120;195m██[38;2;212;120;195m██[38;2;212;120;195m██[38;2;212;120;195m██[38;2;212;120;195m██[38;2;212;120;195m██[38;2;212;120;195m██[38;2;212;120;195m██[38;2;212;120;195m██[38;2;212;120;195m██[38;2;212;120;195m██[38;2;212;120;195m██[38;2;212;120;195m██[38;2;212;120;195m██[38;2;16;16;16m██[38;2;125;39;87m██[38;2;125;39;87m██[38;2;125;39;87m██[38;2;125;39;87m██[38;2;125;39;87m██[38;2;125;39;87m██[38;2;125;39;87m██[38;2;125;39;87m██[38;2;125;39;87m██[38;2;125;39;87m██[38;2;125;39;87m██[38;2;16;16;16m██[38;2;178;56;125m██[38;2;125;39;87m██[38;2;16;16;16m██[38;2;16;16;16m██  
      [38;2;83;25;58m██[38;2;178;56;125m██[38;2;178;56;125m██[38;2;125;39;87m██[38;2;125;39;87m██[38;2;125;39;87m██[38;2;125;39;87m██[38;2;125;39;87m██[38;2;125;39;87m██[38;2;16;16;16m██[38;2;212;120;195m██[38;2;212;120;195m██[38;2;212;120;195m██[38;2;212;120;195m██[38;2;212;120;195m██[38;2;212;120;195m██[38;2;212;120;195m██[38;2;212;120;195m██[38;2;113;43;100m██[38;2;212;120;195m██[38;2;212;120;195m██[38;2;212;120;195m██[38;2;212;120;195m██[38;2;212;120;195m██[38;2;212;120;195m██[38;2;212;120;195m██[38;2;212;120;195m██[38;2;212;120;195m██[38;2;212;120;195m██[38;2;212;120;195m██[38;2;212;120;195m██[38;2;212;120;195m██[38;2;212;120;195m██[38;2;16;16;16m██[38;2;125;39;87m██[38;2;125;39;87m██[38;2;125;39;87m██[38;2;125;39;87m██[38;2;125;39;87m██[38;2;125;39;87m██[38;2;125;39;87m██[38;2;125;39;87m██[38;2;125;39;87m██[38;2;125;39;87m██[38;2;125;39;87m██[38;2;125;39;87m██[38;2;16;16;16m██[38;2;16;16;16m██      
    [38;2;83;25;58m██[38;2;178;56;125m██[38;2;178;56;125m██[38;2;178;56;125m██[38;2;178;56;125m██[38;2;125;39;87m██[38;2;125;39;87m██[38;2;125;39;87m██[38;2;125;39;87m██[38;2;16;16;16m██[38;2;212;120;195m██[38;2;212;120;195m██[38;2;212;120;195m██[38;2;212;120;195m██[38;2;212;120;195m██[38;2;212;120;195m██[38;2;212;120;195m██[38;2;212;120;195m██[38;2;113;43;100m██[38;2;212;120;195m██[38;2;212;120;195m██[38;2;212;120;195m██[38;2;212;120;195m██[38;2;212;120;195m██[38;2;212;120;195m██[38;2;212;120;195m██[38;2;212;120;195m██[38;2;212;120;195m██[38;2;212;120;195m██[38;2;212;120;195m██[38;2;212;120;195m██[38;2;212;120;195m██[38;2;212;120;195m██[38;2;16;16;16m██[38;2;125;39;87m██[38;2;125;39;87m██[38;2;125;39;87m██[38;2;125;39;87m██[38;2;125;39;87m██[38;2;125;39;87m██[38;2;125;39;87m██[38;2;125;39;87m██[38;2;125;39;87m██[38;2;125;39;87m██[38;2;125;39;87m██[38;2;125;39;87m██[38;2;125;39;87m██[38;2;16;16;16m██        
    [38;2;83;25;58m██[38;2;178;56;125m██[38;2;178;56;125m██[38;2;178;56;125m██[38;2;178;56;125m██[38;2;178;56;125m██[38;2;125;39;87m██[38;2;125;39;87m██[38;2;125;39;87m██[38;2;16;16;16m██[38;2;212;120;195m██[38;2;212;120;195m██[38;2;212;120;195m██[38;2;212;120;195m██[38;2;212;120;195m██[38;2;212;120;195m██[38;2;212;120;195m██[38;2;212;120;195m██[38;2;113;43;100m██[38;2;212;120;195m██[38;2;212;120;195m██[38;2;212;120;195m██[38;2;212;120;195m██[38;2;212;120;195m██[38;2;212;120;195m██[38;2;212;120;195m██[38;2;212;120;195m██[38;2;212;120;195m██[38;2;212;120;195m██[38;2;212;120;195m██[38;2;212;120;195m██[38;2;212;120;195m██[38;2;212;120;195m██[38;2;16;16;16m██[38;2;125;39;87m██[38;2;125;39;87m██[38;2;125;39;87m██[38;2;125;39;87m██[38;2;125;39;87m██[38;2;125;39;87m██[38;2;125;39;87m██[38;2;125;39;87m██[38;2;125;39;87m██[38;2;125;39;87m██[38;2;125;39;87m██[38;2;125;39;87m██[38;2;125;39;87m██[38;2;125;39;87m██[38;2;83;25;58m██      
  [38;2;83;25;58m██[38;2;178;56;125m██[38;2;178;56;125m██[38;2;178;56;125m██[38;2;178;56;125m██[38;2;178;56;125m██[38;2;178;56;125m██[38;2;178;56;125m██[38;2;125;39;87m██[38;2;125;39;87m██[38;2;16;16;16m██[38;2;212;120;195m██[38;2;212;120;195m██[38;2;212;120;195m██[38;2;212;120;195m██[38;2;212;120;195m██[38;2;212;120;195m██[38;2;212;120;195m██[38;2;212;120;195m██[38;2;113;43;100m██[38;2;212;120;195m██[38;2;212;120;195m██[38;2;212;120;195m██[38;2;212;120;195m██[38;2;212;120;195m██[38;2;212;120;195m██[38;2;212;120;195m██[38;2;212;120;195m██[38;2;212;120;195m██[38;2;212;120;195m██[38;2;212;120;195m██[38;2;212;120;195m██[38;2;212;120;195m██[38;2;212;120;195m██[38;2;16;16;16m██[38;2;125;39;87m██[38;2;125;39;87m██[38;2;125;39;87m██[38;2;125;39;87m██[38;2;125;39;87m██[38;2;125;39;87m██[38;2;125;39;87m██[38;2;125;39;87m██[38;2;125;39;87m██[38;2;178;56;125m██[38;2;125;39;87m██[38;2;178;56;125m██[38;2;125;39;87m██[38;2;125;39;87m██[38;2;178;56;125m██[38;2;83;25;58m██    
  [38;2;83;25;58m██[38;2;178;56;125m██[38;2;178;56;125m██[38;2;178;56;125m██[38;2;178;56;125m██[38;2;178;56;125m██[38;2;178;56;125m██[38;2;178;56;125m██[38;2;125;39;87m██[38;2;125;39;87m██[38;2;16;16;16m██[38;2;212;120;195m██[38;2;212;120;195m██[38;2;212;120;195m██[38;2;212;120;195m██[38;2;212;120;195m██[38;2;212;120;195m██[38;2;212;120;195m██[38;2;212;120;195m██[38;2;113;43;100m██[38;2;212;120;195m██[38;2;212;120;195m██[38;2;212;120;195m██[38;2;212;120;195m██[38;2;212;120;195m██[38;2;212;120;195m██[38;2;212;120;195m██[38;2;212;120;195m██[38;2;212;120;195m██[38;2;212;120;195m██[38;2;212;120;195m██[38;2;212;120;195m██[38;2;212;120;195m██[38;2;16;16;16m██[38;2;125;39;87m██[38;2;125;39;87m██[38;2;125;39;87m██[38;2;125;39;87m██[38;2;125;39;87m██[38;2;125;39;87m██[38;2;125;39;87m██[38;2;125;39;87m██[38;2;125;39;87m██[38;2;178;56;125m██[38;2;125;39;87m██[38;2;178;56;125m██[38;2;125;39;87m██[38;2;178;56;125m██[38;2;178;56;125m██[38;2;178;56;125m██[38;2;83;25;58m██    
[38;2;83;25;58m██[38;2;178;56;125m██[38;2;178;56;125m██[38;2;178;56;125m██[38;2;178;56;125m██[38;2;178;56;125m██[38;2;178;56;125m██[38;2;178;56;125m██[38;2;178;56;125m██[38;2;178;56;125m██[38;2;125;39;87m██[38;2;16;16;16m██[38;2;212;120;195m██[38;2;212;120;195m██[38;2;212;120;195m██[38;2;212;120;195m██[38;2;212;120;195m██[38;2;212;120;195m██[38;2;212;120;195m██[38;2;113;43;100m██[38;2;212;120;195m██[38;2;212;120;195m██[38;2;212;120;195m██[38;2;212;120;195m██[38;2;212;120;195m██[38;2;212;120;195m██[38;2;212;120;195m██[38;2;212;120;195m██[38;2;212;120;195m██[38;2;212;120;195m██[38;2;212;120;195m██[38;2;212;120;195m██[38;2;212;120;195m██[38;2;212;120;195m██[38;2;16;16;16m██[38;2;125;39;87m██[38;2;125;39;87m██[38;2;125;39;87m██[38;2;125;39;87m██[38;2;125;39;87m██[38;2;125;39;87m██[38;2;125;39;87m██[38;2;125;39;87m██[38;2;125;39;87m██[38;2;125;39;87m██[38;2;178;56;125m██[38;2;125;39;87m██[38;2;178;56;125m██[38;2;178;56;125m██[38;2;178;56;125m██[38;2;178;56;125m██[38;2;178;56;125m██[38;2;83;25;58m██  
[38;2;83;25;58m██[38;2;178;56;125m██[38;2;178;56;125m██[38;2;178;56;125m██[38;2;178;56;125m██[38;2;178;56;125m██[38;2;178;56;125m██[38;2;178;56;125m██[38;2;178;56;125m██[38;2;178;56;125m██[38;2;178;56;125m██[38;2;16;16;16m██[38;2;212;120;195m██[38;2;212;120;195m██[38;2;212;120;195m██[38;2;212;120;195m██[38;2;212;120;195m██[38;2;212;120;195m██[38;2;212;120;195m██[38;2;113;43;100m██[38;2;212;120;195m██[38;2;212;120;195m██[38;2;212;120;195m██[38;2;212;120;195m██[38;2;212;120;195m██[38;2;212;120;195m██[38;2;212;120;195m██[38;2;212;120;195m██[38;2;212;120;195m██[38;2;212;120;195m██[38;2;212;120;195m██[38;2;212;120;195m██[38;2;212;120;195m██[38;2;16;16;16m██[38;2;83;25;58m██[38;2;125;39;87m██[38;2;125;39;87m██[38;2;125;39;87m██[38;2;125;39;87m██[38;2;125;39;87m██[38;2;125;39;87m██[38;2;125;39;87m██[38;2;125;39;87m██[38;2;125;39;87m██[38;2;125;39;87m██[38;2;178;56;125m██[38;2;178;56;125m██[38;2;178;56;125m██[38;2;178;56;125m██[38;2;178;56;125m██[38;2;178;56;125m██[38;2;178;56;125m██[38;2;83;25;58m██  
[38;2;83;25;58m██[38;2;178;56;125m██[38;2;178;56;125m██[38;2;178;56;125m██[38;2;178;56;125m██[38;2;178;56;125m██[38;2;178;56;125m██[38;2;178;56;125m██[38;2;178;56;125m██[38;2;178;56;125m██[38;2;178;56;125m██[38;2;16;16;16m██[38;2;212;120;195m██[38;2;212;120;195m██[38;2;212;120;195m██[38;2;212;120;195m██[38;2;212;120;195m██[38;2;212;120;195m██[38;2;212;120;195m██[38;2;113;43;100m██[38;2;212;120;195m██[38;2;212;120;195m██[38;2;212;120;195m██[38;2;212;120;195m██[38;2;212;120;195m██[38;2;212;120;195m██[38;2;212;120;195m██[38;2;212;120;195m██[38;2;212;120;195m██[38;2;212;120;195m██[38;2;212;120;195m██[38;2;212;120;195m██[38;2;212;120;195m██[38;2;16;16;16m██[38;2;155;81;145m██[38;2;83;25;58m██[38;2;125;39;87m██[38;2;125;39;87m██[38;2;125;39;87m██[38;2;125;39;87m██[38;2;125;39;87m██[38;2;125;39;87m██[38;2;125;39;87m██[38;2;125;39;87m██[38;2;178;56;125m██[38;2;178;56;125m██[38;2;178;56;125m██[38;2;178;56;125m██[38;2;178;56;125m██[38;2;178;56;125m██[38;2;178;56;125m██[38;2;178;56;125m██[38;2;83;25;58m██  
  [38;2;83;25;58m██[38;2;83;25;58m██[38;2;178;56;125m██[38;2;178;56;125m██[38;2;178;56;125m██[38;2;178;56;125m██[38;2;178;56;125m██[38;2;83;25;58m██[38;2;83;25;58m██[38;2;83;25;58m██[38;2;16;16;16m██[38;2;212;120;195m██[38;2;212;120;195m██[38;2;212;120;195m██[38;2;212;120;195m██[38;2;212;120;195m██[38;2;212;120;195m██[38;2;113;43;100m██[38;2;212;120;195m██[38;2;212;120;195m██[38;2;212;120;195m██[38;2;212;120;195m██[38;2;212;120;195m██[38;2;212;120;195m██[38;2;212;120;195m██[38;2;212;120;195m██[38;2;212;120;195m██[38;2;212;120;195m██[38;2;212;120;195m██[38;2;212;120;195m██[38;2;212;120;195m██[38;2;16;16;16m██[38;2;155;81;145m██[38;2;155;81;145m██[38;2;155;81;145m██[38;2;16;16;16m██[38;2;125;39;87m██[38;2;125;39;87m██[38;2;125;39;87m██[38;2;125;39;87m██[38;2;125;39;87m██[38;2;125;39;87m██[38;2;178;56;125m██[38;2;178;56;125m██[38;2;178;56;125m██[38;2;178;56;125m██[38;2;178;56;125m██[38;2;178;56;125m██[38;2;178;56;125m██[38;2;178;56;125m██[38;2;178;56;125m██[38;2;178;56;125m██[38;2;83;25;58m██
      [38;2;83;25;58m██[38;2;83;25;58m██[38;2;83;25;58m██[38;2;83;25;58m██[38;2;83;25;58m██    [38;2;87;45;84m██[38;2;155;81;145m██[38;2;16;16;16m██[38;2;212;120;195m██[38;2;212;120;195m██[38;2;212;120;195m██[38;2;212;120;195m██[38;2;212;120;195m██[38;2;113;43;100m██[38;2;212;120;195m██[38;2;212;120;195m██[38;2;212;120;195m██[38;2;212;120;195m██[38;2;212;120;195m██[38;2;212;120;195m██[38;2;212;120;195m██[38;2;212;120;195m██[38;2;212;120;195m██[38;2;212;120;195m██[38;2;212;120;195m██[38;2;212;120;195m██[38;2;212;120;195m██[38;2;16;16;16m██[38;2;155;81;145m██[38;2;155;81;145m██[38;2;155;81;145m██[38;2;155;81;145m██[38;2;16;16;16m██[38;2;16;16;16m██[38;2;125;39;87m██[38;2;125;39;87m██[38;2;178;56;125m██[38;2;178;56;125m██[38;2;178;56;125m██[38;2;178;56;125m██[38;2;178;56;125m██[38;2;178;56;125m██[38;2;178;56;125m██[38;2;178;56;125m██[38;2;178;56;125m██[38;2;178;56;125m██[38;2;178;56;125m██[38;2;178;56;125m██[38;2;83;25;58m██
                    [38;2;87;45;84m██[38;2;155;81;145m██[38;2;16;16;16m██[38;2;212;120;195m██[38;2;212;120;195m██[38;2;212;120;195m██[38;2;212;120;195m██[38;2;212;120;195m██[38;2;113;43;100m██[38;2;212;120;195m██[38;2;212;120;195m██[38;2;212;120;195m██[38;2;212;120;195m██[38;2;212;120;195m██[38;2;212;120;195m██[38;2;212;120;195m██[38;2;212;120;195m██[38;2;212;120;195m██[38;2;212;120;195m██[38;2;212;120;195m██[38;2;212;120;195m██[38;2;16;16;16m██[38;2;155;81;145m██[38;2;155;81;145m██[38;2;155;81;145m██[38;2;155;81;145m██[38;2;155;81;145m██[38;2;87;45;84m██[38;2;155;81;145m██[38;2;16;16;16m██[38;2;16;16;16m██[38;2;16;16;16m██[38;2;125;39;87m██[38;2;178;56;125m██[38;2;178;56;125m██[38;2;178;56;125m██[38;2;178;56;125m██[38;2;178;56;125m██[38;2;178;56;125m██[38;2;178;56;125m██[38;2;178;56;125m██[38;2;178;56;125m██[38;2;178;56;125m██[38;2;83;25;58m██
                      [38;2;87;45;84m██[38;2;16;16;16m██[38;2;212;120;195m██[38;2;212;120;195m██[38;2;212;120;195m██[38;2;212;120;195m██[38;2;113;43;100m██[38;2;212;120;195m██[38;2;212;120;195m██[38;2;212;120;195m██[38;2;212;120;195m██[38;2;212;120;195m██[38;2;212;120;195m██[38;2;212;120;195m██[38;2;212;120;195m██[38;2;212;120;195m██[38;2;212;120;195m██[38;2;212;120;195m██[38;2;212;120;195m██[38;2;16;16;16m██[38;2;155;81;145m██[38;2;155;81;145m██[38;2;155;81;145m██[38;2;155;81;145m██[38;2;155;81;145m██[38;2;87;45;84m██[38;2;155;81;145m██[38;2;155;81;145m██[38;2;155;81;145m██[38;2;117;64;122m██  [38;2;16;16;16m██[38;2;16;16;16m██[38;2;16;16;16m██[38;2;16;16;16m██[38;2;125;39;87m██[38;2;178;56;125m██[38;2;178;56;125m██[38;2;178;56;125m██[38;2;178;56;125m██[38;2;178;56;125m██[38;2;178;56;125m██[38;2;83;25;58m██
                        [38;2;87;45;84m██[38;2;16;16;16m██[38;2;212;120;195m██[38;2;212;120;195m██[38;2;212;120;195m██[38;2;113;43;100m██[38;2;212;120;195m██[38;2;212;120;195m██[38;2;212;120;195m██[38;2;212;120;195m██[38;2;212;120;195m██[38;2;212;120;195m██[38;2;212;120;195m██[38;2;212;120;195m██[38;2;212;120;195m██[38;2;212;120;195m██[38;2;16;16;16m██[38;2;16;16;16m██[38;2;155;81;145m██[38;2;155;81;145m██[38;2;155;81;145m██[38;2;155;81;145m██[38;2;155;81;145m██[38;2;155;81;145m██[38;2;87;45;84m██[38;2;155;81;145m██[38;2;155;81;145m██[38;2;16;16;16m██            [38;2;16;16;16m██[38;2;16;16;16m██[38;2;16;16;16m██[38;2;16;16;16m██[38;2;16;16;16m██[38;2;16;16;16m██[38;2;16;16;16m██  
                          [38;2;16;16;16m██[38;2;212;120;195m██[38;2;212;120;195m██[38;2;113;43;100m██[38;2;212;120;195m██[38;2;212;120;195m██[38;2;212;120;195m██[38;2;212;120;195m██[38;2;212;120;195m██[38;2;212;120;195m██[38;2;212;120;195m██[38;2;212;120;195m██[38;2;212;120;195m██[38;2;16;16;16m██[38;2;16;16;16m██[38;2;155;81;145m██[38;2;155;81;145m██[38;2;155;81;145m██[38;2;155;81;145m██[38;2;155;81;145m██[38;2;155;81;145m██[38;2;155;81;145m██[38;2;87;45;84m██[38;2;161;87;167m██[38;2;16;16;16m██[38;2;16;16;16m██                              
                            [38;2;16;16;16m██[38;2;212;120;195m██[38;2;113;43;100m██[38;2;212;120;195m██[38;2;212;120;195m██[38;2;212;120;195m██[38;2;212;120;195m██[38;2;212;120;195m██[38;2;212;120;195m██[38;2;16;16;16m██[38;2;16;16;16m██[38;2;16;16;16m██[38;2;155;81;145m██[38;2;155;81;145m██[38;2;155;81;145m██[38;2;155;81;145m██[38;2;155;81;145m██[38;2;155;81;145m██[38;2;155;81;145m██[38;2;155;81;145m██[38;2;87;45;84m██[38;2;16;16;16m██[38;2;16;16;16m██[38;2;115;65;32m██                                
                              [38;2;16;16;16m██[38;2;212;120;195m██[38;2;113;43;100m██[38;2;212;120;195m██[38;2;212;120;195m██[38;2;16;16;16m██[38;2;16;16;16m██[38;2;16;16;16m██[38;2;155;81;145m██[38;2;155;81;145m██[38;2;155;81;145m██[38;2;155;81;145m██[38;2;155;81;145m██[38;2;155;81;145m██[38;2;155;81;145m██[38;2;155;81;145m██[38;2;155;81;145m██[38;2;155;81;145m██[38;2;16;16;16m██[38;2;16;16;16m██[38;2;176;143;42m██[38;2;176;143;42m██[38;2;176;143;42m██[38;2;115;65;32m██                              
                                [38;2;16;16;16m██[38;2;16;16;16m██[38;2;16;16;16m██[38;2;16;16;16m██[38;2;16;16;16m██[38;2;16;16;16m██[38;2;16;16;16m██[38;2;16;16;16m██[38;2;155;81;145m██[38;2;155;81;145m██[38;2;155;81;145m██[38;2;155;81;145m██[38;2;155;81;145m██[38;2;155;81;145m██[38;2;16;16;16m██[38;2;16;16;16m██[38;2;16;16;16m██[38;2;176;143;42m██[38;2;176;143;42m██[38;2;176;143;42m██[38;2;176;143;42m██[38;2;176;143;42m██[38;2;16;16;16m██                              
                                      [38;2;115;65;32m██[38;2;115;65;32m██[38;2;176;143;42m██[38;2;176;143;42m██[38;2;16;16;16m██[38;2;16;16;16m██[38;2;16;16;16m██[38;2;16;16;16m██[38;2;16;16;16m██[38;2;16;16;16m██[38;2;16;16;16m██[38;2;176;143;42m██[38;2;16;16;16m██[38;2;115;65;32m██[38;2;176;143;42m██[38;2;176;143;42m██[38;2;176;143;42m██[38;2;16;16;16m██[38;2;16;16;16m██                                
                                          [38;2;16;16;16m██[38;2;16;16;16m██[38;2;115;65;32m██[38;2;176;143;42m██[38;2;176;143;42m██[38;2;115;65;32m██[38;2;253;201;45m██[38;2;253;201;45m██[38;2;115;65;32m██[38;2;115;65;32m██[38;2;16;16;16m██  [38;2;16;16;16m██[38;2;16;16;16m██[38;2;16;16;16m██                                    
                                              [38;2;16;16;16m██[38;2;176;143;42m██[38;2;176;143;42m██[38;2;253;201;45m██[38;2;253;201;45m██[38;2;253;201;45m██[38;2;253;201;45m██[38;2;16;16;16m██                                              
                                                [38;2;16;16;16m██[38;2;115;65;32m██[38;2;176;143;42m██[38;2;253;201;45m██[38;2;253;201;45m██[38;2;16;16;16m██[38;2;16;16;16m██                                              
                                                    [38;2;16;16;16m██[38;2;16;16;16m██[38;2;16;16;16m██                                                  
