                            [38;2;98;24;24m██[38;2;98;24;24m██[38;2;98;24;24m██[38;2;98;24;24m██[38;2;98;24;24m██[38;2;98;24;24m██                                    
                      [38;2;98;24;24m██[38;2;98;24;24m██[38;2;98;24;24m██[38;2;172;32;24m██[38;2;172;32;24m██[38;2;172;32;24m██[38;2;172;32;24m██[38;2;172;32;24m██[38;2;172;32;24m██[38;2;98;24;24m██[38;2;98;24;24m██[38;2;98;24;24m██                              
                  [38;2;98;24;24m██[38;2;98;24;24m██[38;2;172;32;24m██[38;2;172;32;24m██[38;2;172;32;24m██[38;2;172;32;24m██[38;2;172;32;24m██[38;2;172;32;24m██[38;2;172;32;24m██[38;2;172;32;24m██[38;2;172;32;24m██[38;2;172;32;24m██[38;2;172;32;24m██[38;2;172;32;24m██[38;2;98;24;24m██[38;2;98;24;24m██                          
                [38;2;98;24;24m██[38;2;172;32;24m██[38;2;172;32;24m██[38;2;172;32;24m██[38;2;172;32;24m██[38;2;172;32;24m██[38;2;172;32;24m██[38;2;172;32;24m██[38;2;172;32;24m██[38;2;172;32;24m██[38;2;172;32;24m██[38;2;172;32;24m██[38;2;172;32;24m██[38;2;172;32;24m██[38;2;172;32;24m██[38;2;172;32;24m██[38;2;172;32;24m██[38;2;98;24;24m██[38;2;189;148;41m██[38;2;189;148;41m██[38;2;189;148;41m██[38;2;189;148;41m██                
              [38;2;98;24;24m██[38;2;172;32;24m██[38;2;172;32;24m██[38;2;172;32;24m██[38;2;172;32;24m██[38;2;172;32;24m██[38;2;172;32;24m██[38;2;172;32;24m██[38;2;172;32;24m██[38;2;172;32;24m██[38;2;172;32;24m██[38;2;172;32;24m██[38;2;172;32;24m██[38;2;172;32;24m██[38;2;172;32;24m██[38;2;172;32;24m██[38;2;172;32;24m██[38;2;172;32;24m██[38;2;139;24;41m██[38;2;98;24;24m██[38;2;238;205;16m██[38;2;238;205;16m██[38;2;189;148;41m██                
            [38;2;98;24;24m██[38;2;139;24;41m██[38;2;139;24;41m██[38;2;172;32;24m██[38;2;172;32;24m██[38;2;172;32;24m██[38;2;172;32;24m██[38;2;172;32;24m██[38;2;172;32;24m██[38;2;172;32;24m██[38;2;172;32;24m██[38;2;172;32;24m██[38;2;172;32;24m██[38;2;172;32;24m██[38;2;172;32;24m██[38;2;172;32;24m██[38;2;172;32;24m██[38;2;139;24;41m██[38;2;139;24;41m██[38;2;139;24;41m██[38;2;139;24;41m██[38;2;98;24;24m██[38;2;189;148;41m██                  
          [38;2;98;24;24m██[38;2;139;24;41m██[38;2;139;24;41m██[38;2;139;24;41m██[38;2;139;24;41m██[38;2;139;24;41m██[38;2;172;32;24m██[38;2;172;32;24m██[38;2;172;32;24m██[38;2;172;32;24m██[38;2;172;32;24m██[38;2;172;32;24m██[38;2;172;32;24m██[38;2;172;32;24m██[38;2;139;24;41m██[38;2;139;24;41m██[38;2;139;24;41m██[38;2;139;24;41m██[38;2;139;24;41m██[38;2;139;24;41m██[38;2;139;24;41m██[38;2;139;24;41m██[38;2;139;24;41m██[38;2;0;0;0m██                  
        [38;2;98;24;24m██[38;2;139;24;41m██[38;2;139;24;41m██[38;2;139;24;41m██[38;2;139;24;41m██[38;2;139;24;41m██[38;2;139;24;41m██[38;2;139;24;41m██[38;2;139;24;41m██[38;2;139;24;41m██[38;2;139;24;41m██[38;2;139;24;41m██[38;2;139;24;41m██[38;2;139;24;41m██[38;2;139;24;41m██[38;2;139;24;41m██[38;2;139;24;41m██[38;2;139;24;41m██[38;2;139;24;41m██[38;2;139;24;41m██[38;2;139;24;41m██[38;2;139;24;41m██[38;2;139;24;41m██[38;2;139;24;41m██[38;2;139;24;41m██[38;2;98;24;24m██                
        [38;2;98;24;24m██[38;2;139;24;41m██[38;2;139;24;41m██[38;2;139;24;41m██[38;2;139;24;41m██[38;2;139;24;41m██[38;2;139;24;41m██[38;2;139;24;41m██[38;2;139;24;41m██[38;2;139;24;41m██[38;2;139;24;41m██[38;2;139;24;41m██[38;2;139;24;41m██[38;2;139;24;41m██[38;2;139;24;41m██[38;2;139;24;41m██[38;2;139;24;41m██[38;2;139;24;41m██[38;2;139;24;41m██[38;2;139;24;41m██[38;2;139;24;41m██[38;2;139;24;41m██[38;2;139;24;41m██[38;2;139;24;41m██[38;2;0;0;0m██[38;2;0;0;0m██[38;2;0;0;0m██              
      [38;2;98;24;24m██[38;2;139;24;41m██[38;2;139;24;41m██[38;2;139;24;41m██[38;2;139;24;41m██[38;2;139;24;41m██[38;2;139;24;41m██[38;2;139;24;41m██[38;2;139;24;41m██[38;2;139;24;41m██[38;2;139;24;41m██[38;2;139;24;41m██[38;2;139;24;41m██[38;2;139;24;41m██[38;2;139;24;41m██[38;2;139;24;41m██[38;2;139;24;41m██[38;2;139;24;41m██[38;2;139;24;41m██[38;2;139;24;41m██[38;2;139;24;41m██[38;2;139;24;41m██[38;2;139;24;41m██[38;2;139;24;41m██[38;2;0;0;0m██[38;2;238;164;106m██[38;2;238;164;106m██[38;2;238;164;106m██[38;2;0;0;0m██            
      [38;2;98;24;24m██[38;2;139;24;41m██[38;2;139;24;41m██[38;2;139;24;41m██[38;2;139;24;41m██[38;2;139;24;41m██[38;2;139;24;41m██[38;2;139;24;41m██[38;2;139;24;41m██[38;2;139;24;41m██[38;2;139;24;41m██[38;2;139;24;41m██[38;2;139;24;41m██[38;2;139;24;41m██[38;2;139;24;41m██[38;2;139;24;41m██[38;2;139;24;41m██[38;2;139;24;41m██[38;2;139;24;41m██[38;2;139;24;41m██[38;2;139;24;41m██[38;2;139;24;41m██[38;2;139;24;41m██[38;2;139;24;41m██[38;2;82;57;32m██[38;2;238;164;106m██[38;2;238;164;106m██[38;2;238;164;106m██[38;2;180;123;74m██            
    [38;2;98;24;24m██[38;2;139;24;41m██[38;2;139;24;41m██[38;2;139;24;41m██[38;2;139;24;41m██[38;2;139;24;41m██[38;2;139;24;41m██[38;2;139;24;41m██[38;2;139;24;41m██[38;2;139;24;41m██[38;2;139;24;41m██[38;2;139;24;41m██[38;2;139;24;41m██[38;2;139;24;41m██[38;2;139;24;41m██[38;2;139;24;41m██[38;2;139;24;41m██[38;2;139;24;41m██[38;2;139;24;41m██[38;2;139;24;41m██[38;2;139;24;41m██[38;2;139;24;41m██[38;2;139;24;41m██[38;2;139;24;41m██[38;2;82;57;32m██[38;2;238;164;106m██[38;2;238;164;106m██[38;2;238;164;106m██[38;2;238;164;106m██[38;2;180;123;74m██[38;2;0;0;0m██          
    [38;2;98;24;24m██[38;2;139;24;41m██[38;2;139;24;41m██[38;2;139;24;41m██[38;2;139;24;41m██[38;2;139;24;41m██[38;2;139;24;41m██[38;2;139;24;41m██[38;2;139;24;41m██[38;2;139;24;41m██[38;2;139;24;41m██[38;2;139;24;41m██[38;2;139;24;41m██[38;2;139;24;41m██[38;2;139;24;41m██[38;2;139;24;41m██[38;2;139;24;41m██[38;2;139;24;41m██[38;2;139;24;41m██[38;2;139;24;41m██[38;2;139;24;41m██[38;2;139;24;41m██[38;2;139;24;41m██[38;2;139;24;41m██[38;2;0;0;0m██[38;2;238;164;106m██[38;2;238;164;106m██[38;2;238;164;106m██[38;2;238;164;106m██[38;2;98;24;24m██[38;2;180;123;74m██[38;2;180;123;74m██[38;2;82;57;32m██      
  [38;2;98;24;24m██[38;2;139;24;41m██[38;2;139;24;41m██[38;2;139;24;41m██[38;2;139;24;41m██[38;2;139;24;41m██[38;2;139;24;41m██[38;2;139;24;41m██[38;2;139;24;41m██[38;2;139;24;41m██[38;2;139;24;41m██[38;2;139;24;41m██[38;2;139;24;41m██[38;2;139;24;41m██[38;2;139;24;41m██[38;2;139;24;41m██[38;2;139;24;41m██[38;2;139;24;41m██[38;2;139;24;41m██[38;2;139;24;41m██[38;2;139;24;41m██[38;2;139;24;41m██[38;2;139;24;41m██[38;2;139;24;41m██[38;2;139;24;41m██[38;2;0;0;0m██[38;2;238;164;106m██[38;2;238;164;106m██[38;2;238;164;106m██[38;2;238;164;106m██[38;2;0;0;0m██[38;2;238;164;106m██[38;2;238;164;106m██[38;2;238;164;106m██[38;2;82;57;32m██    
  [38;2;98;24;24m██[38;2;139;24;41m██[38;2;139;24;41m██[38;2;139;24;41m██[38;2;139;24;41m██[38;2;139;24;41m██[38;2;139;24;41m██[38;2;139;24;41m██[38;2;139;24;41m██[38;2;139;24;41m██[38;2;139;24;41m██[38;2;139;24;41m██[38;2;139;24;41m██[38;2;139;24;41m██[38;2;139;24;41m██[38;2;139;24;41m██[38;2;139;24;41m██[38;2;139;24;41m██[38;2;139;24;41m██[38;2;139;24;41m██[38;2;139;24;41m██[38;2;139;24;41m██[38;2;139;24;41m██[38;2;139;24;41m██[38;2;82;57;32m██[38;2;180;123;74m██[38;2;238;164;106m██[38;2;238;164;106m██[38;2;238;164;106m██[38;2;238;164;106m██[38;2;82;57;32m██[38;2;238;164;106m██[38;2;238;164;106m██[38;2;238;164;106m██[38;2;82;57;32m██    
  [38;2;98;24;24m██[38;2;139;24;41m██[38;2;139;24;41m██[38;2;139;24;41m██[38;2;139;24;41m██[38;2;139;24;41m██[38;2;139;24;41m██[38;2;139;24;41m██[38;2;139;24;41m██[38;2;139;24;41m██[38;2;139;24;41m██[38;2;139;24;41m██[38;2;139;24;41m██[38;2;139;24;41m██[38;2;139;24;41m██[38;2;139;24;41m██[38;2;139;24;41m██[38;2;139;24;41m██[38;2;139;24;41m██[38;2;139;24;41m██[38;2;139;24;41m██[38;2;139;24;41m██[38;2;139;24;41m██[38;2;139;24;41m██[38;2;0;0;0m██[38;2;180;123;74m██[38;2;180;123;74m██[38;2;238;164;106m██[38;2;238;164;106m██[38;2;238;164;106m██[38;2;238;164;106m██[38;2;238;164;106m██[38;2;238;164;106m██[38;2;82;57;32m██[38;2;180;123;74m██[38;2;82;57;32m██  
[38;2;0;0;0m██[38;2;139;24;41m██[38;2;139;24;41m██[38;2;139;24;41m██[38;2;139;24;41m██[38;2;139;24;41m██[38;2;139;24;41m██[38;2;139;24;41m██[38;2;139;24;41m██[38;2;139;24;41m██[38;2;139;24;41m██[38;2;139;24;41m██[38;2;139;24;41m██[38;2;139;24;41m██[38;2;139;24;41m██[38;2;139;24;41m██[38;2;139;24;41m██[38;2;139;24;41m██[38;2;139;24;41m██[38;2;139;24;41m██[38;2;139;24;41m██[38;2;139;24;41m██[38;2;139;24;41m██[38;2;139;24;41m██[38;2;0;0;0m██[38;2;180;123;74m██[38;2;180;123;74m██[38;2;180;123;74m██[38;2;180;123;74m██[38;2;180;123;74m██[38;2;238;164;106m██[38;2;238;164;106m██[38;2;180;123;74m██[38;2;180;123;74m██[38;2;180;123;74m██[38;2;180;123;74m██[38;2;82;57;32m██  
[38;2;0;0;0m██[38;2;139;24;41m██[38;2;139;24;41m██[38;2;139;24;41m██[38;2;139;24;41m██[38;2;139;24;41m██[38;2;139;24;41m██[38;2;139;24;41m██[38;2;139;24;41m██[38;2;139;24;41m██[38;2;139;24;41m██[38;2;139;24;41m██[38;2;139;24;41m██[38;2;139;24;41m██[38;2;139;24;41m██[38;2;139;24;41m██[38;2;139;24;41m██[38;2;139;24;41m██[38;2;139;24;41m██[38;2;139;24;41m██[38;2;139;24;41m██[38;2;139;24;41m██[38;2;139;24;41m██[38;2;139;24;41m██[38;2;0;0;0m██[38;2;180;123;74m██[38;2;180;123;74m██[38;2;180;123;74m██[38;2;180;123;74m██[38;2;180;123;74m██[38;2;180;123;74m██[38;2;180;123;74m██[38;2;180;123;74m██[38;2;180;123;74m██[38;2;180;123;74m██[38;2;180;123;74m██[38;2;180;123;74m██[38;2;82;57;32m██
[38;2;0;0;0m██[38;2;139;24;41m██[38;2;139;24;41m██[38;2;139;24;41m██[38;2;139;24;41m██[38;2;139;24;41m██[38;2;139;24;41m██[38;2;139;24;41m██[38;2;139;24;41m██[38;2;139;24;41m██[38;2;139;24;41m██[38;2;139;24;41m██[38;2;139;24;41m██[38;2;139;24;41m██[38;2;139;24;41m██[38;2;139;24;41m██[38;2;139;24;41m██[38;2;139;24;41m██[38;2;139;24;41m██[38;2;139;24;41m██[38;2;139;24;41m██[38;2;139;24;41m██[38;2;139;24;41m██[38;2;139;24;41m██[38;2;0;0;0m██[38;2;180;123;74m██[38;2;180;123;74m██[38;2;180;123;74m██[38;2;180;123;74m██[38;2;180;123;74m██[38;2;180;123;74m██[38;2;180;123;74m██[38;2;180;123;74m██[38;2;180;123;74m██[38;2;180;123;74m██[38;2;180;123;74m██[38;2;82;57;32m██[38;2;82;57;32m██
[38;2;0;0;0m██[38;2;139;24;41m██[38;2;139;24;41m██[38;2;139;24;41m██[38;2;139;24;41m██[38;2;139;24;41m██[38;2;139;24;41m██[38;2;139;24;41m██[38;2;139;24;41m██[38;2;139;24;41m██[38;2;139;24;41m██[38;2;139;24;41m██[38;2;139;24;41m██[38;2;139;24;41m██[38;2;139;24;41m██[38;2;139;24;41m██[38;2;139;24;41m██[38;2;139;24;41m██[38;2;139;24;41m██[38;2;139;24;41m██[38;2;139;24;41m██[38;2;139;24;41m██[38;2;139;24;41m██[38;2;139;24;41m██[38;2;0;0;0m██[38;2;180;123;74m██[38;2;180;123;74m██[38;2;180;123;74m██[38;2;180;123;74m██[38;2;180;123;74m██[38;2;180;123;74m██[38;2;180;123;74m██[38;2;180;123;74m██[38;2;180;123;74m██[38;2;180;123;74m██[38;2;180;123;74m██[38;2;180;123;74m██[38;2;82;57;32m██
[38;2;0;0;0m██[38;2;139;24;41m██[38;2;139;24;41m██[38;2;139;24;41m██[38;2;139;24;41m██[38;2;139;24;41m██[38;2;139;24;41m██[38;2;139;24;41m██[38;2;139;24;41m██[38;2;139;24;41m██[38;2;139;24;41m██[38;2;139;24;41m██[38;2;139;24;41m██[38;2;139;24;41m██[38;2;139;24;41m██[38;2;139;24;41m██[38;2;139;24;41m██[38;2;139;24;41m██[38;2;139;24;41m██[38;2;139;24;41m██[38;2;139;24;41m██[38;2;139;24;41m██[38;2;139;24;41m██[38;2;139;24;41m██[38;2;139;24;41m██[38;2;0;0;0m██[38;2;180;123;74m██[38;2;180;123;74m██[38;2;180;123;74m██[38;2;180;123;74m██[38;2;180;123;74m██[38;2;180;123;74m██[38;2;180;123;74m██[38;2;180;123;74m██[38;2;180;123;74m██[38;2;180;123;74m██[38;2;180;123;74m██[38;2;82;57;32m██
[38;2;0;0;0m██[38;2;139;24;41m██[38;2;139;24;41m██[38;2;139;24;41m██[38;2;139;24;41m██[38;2;139;24;41m██[38;2;139;24;41m██[38;2;139;24;41m██[38;2;139;24;41m██[38;2;139;24;41m██[38;2;139;24;41m██[38;2;139;24;41m██[38;2;139;24;41m██[38;2;139;24;41m██[38;2;139;24;41m██[38;2;139;24;41m██[38;2;139;24;41m██[38;2;139;24;41m██[38;2;139;24;41m██[38;2;139;24;41m██[38;2;139;24;41m██[38;2;139;24;41m██[38;2;139;24;41m██[38;2;139;24;41m██[38;2;139;24;41m██[38;2;0;0;0m██[38;2;180;123;74m██[38;2;180;123;74m██[38;2;180;123;74m██[38;2;180;123;74m██[38;2;180;123;74m██[38;2;180;123;74m██[38;2;180;123;74m██[38;2;180;123;74m██[38;2;180;123;74m██[38;2;180;123;74m██[38;2;82;57;32m██  
[38;2;0;0;0m██[38;2;139;24;41m██[38;2;139;24;41m██[38;2;139;24;41m██[38;2;139;24;41m██[38;2;139;24;41m██[38;2;139;24;41m██[38;2;139;24;41m██[38;2;139;24;41m██[38;2;139;24;41m██[38;2;139;24;41m██[38;2;139;24;41m██[38;2;139;24;41m██[38;2;139;24;41m██[38;2;139;24;41m██[38;2;139;24;41m██[38;2;139;24;41m██[38;2;139;24;41m██[38;2;139;24;41m██[38;2;139;24;41m██[38;2;139;24;41m██[38;2;139;24;41m██[38;2;139;24;41m██[38;2;139;24;41m██[38;2;139;24;41m██[38;2;0;0;0m██[38;2;180;123;74m██[38;2;180;123;74m██[38;2;180;123;74m██[38;2;180;123;74m██[38;2;180;123;74m██[38;2;180;123;74m██[38;2;180;123;74m██[38;2;180;123;74m██[38;2;180;123;74m██[38;2;82;57;32m██[38;2;0;0;0m██  
[38;2;0;0;0m██[38;2;139;24;41m██[38;2;139;24;41m██[38;2;139;24;41m██[38;2;139;24;41m██[38;2;139;24;41m██[38;2;139;24;41m██[38;2;139;24;41m██[38;2;139;24;41m██[38;2;139;24;41m██[38;2;139;24;41m██[38;2;139;24;41m██[38;2;139;24;41m██[38;2;139;24;41m██[38;2;139;24;41m██[38;2;139;24;41m██[38;2;139;24;41m██[38;2;139;24;41m██[38;2;139;24;41m██[38;2;139;24;41m██[38;2;139;24;41m██[38;2;139;24;41m██[38;2;139;24;41m██[38;2;139;24;41m██[38;2;139;24;41m██[38;2;139;24;41m██[38;2;0;0;0m██[38;2;180;123;74m██[38;2;180;123;74m██[38;2;180;123;74m██[38;2;180;123;74m██[38;2;180;123;74m██[38;2;180;123;74m██[38;2;180;123;74m██[38;2;180;123;74m██[38;2;180;123;74m██[38;2;0;0;0m██  
  [38;2;0;0;0m██[38;2;139;24;41m██[38;2;139;24;41m██[38;2;98;24;24m██[38;2;0;0;0m██[38;2;0;0;0m██[38;2;0;0;0m██[38;2;98;24;24m██[38;2;139;24;41m██[38;2;139;24;41m██[38;2;139;24;41m██[38;2;139;24;41m██[38;2;139;24;41m██[38;2;139;24;41m██[38;2;139;24;41m██[38;2;139;24;41m██[38;2;139;24;41m██[38;2;139;24;41m██[38;2;139;24;41m██[38;2;139;24;41m██[38;2;139;24;41m██[38;2;139;24;41m██[38;2;139;24;41m██[38;2;139;24;41m██[38;2;139;24;41m██[38;2;0;0;0m██[38;2;180;123;74m██[38;2;180;123;74m██[38;2;180;123;74m██[38;2;180;123;74m██[38;2;180;123;74m██[38;2;180;123;74m██[38;2;180;123;74m██[38;2;180;123;74m██[38;2;0;0;0m██    
  [38;2;0;0;0m██[38;2;139;24;41m██[38;2;98;24;24m██[38;2;139;24;41m██[38;2;172;32;24m██[38;2;172;32;24m██[38;2;172;32;24m██[38;2;98;24;24m██[38;2;0;0;0m██[38;2;0;0;0m██[38;2;139;24;41m██[38;2;139;24;41m██[38;2;139;24;41m██[38;2;139;24;41m██[38;2;139;24;41m██[38;2;139;24;41m██[38;2;139;24;41m██[38;2;139;24;41m██[38;2;139;24;41m██[38;2;139;24;41m██[38;2;139;24;41m██[38;2;139;24;41m██[38;2;139;24;41m██[38;2;139;24;41m██[38;2;139;24;41m██[38;2;139;24;41m██[38;2;0;0;0m██[38;2;0;0;0m██[38;2;180;123;74m██[38;2;180;123;74m██[38;2;180;123;74m██[38;2;180;123;74m██[38;2;0;0;0m██[38;2;0;0;0m██      
  [38;2;0;0;0m██[38;2;139;24;41m██[38;2;139;24;41m██[38;2;172;32;24m██[38;2;172;32;24m██[38;2;172;32;24m██[38;2;172;32;24m██[38;2;172;32;24m██[38;2;172;32;24m██[38;2;139;24;41m██[38;2;98;24;24m██[38;2;139;24;41m██[38;2;139;24;41m██[38;2;139;24;41m██[38;2;139;24;41m██[38;2;139;24;41m██[38;2;139;24;41m██[38;2;139;24;41m██[38;2;139;24;41m██[38;2;139;24;41m██[38;2;139;24;41m██[38;2;139;24;41m██[38;2;139;24;41m██[38;2;139;24;41m██[38;2;139;24;41m██[38;2;139;24;41m██[38;2;139;24;41m██[38;2;139;24;41m██[38;2;0;0;0m██[38;2;0;0;0m██[38;2;0;0;0m██[38;2;0;0;0m██[38;2;172;32;24m██[38;2;98;24;24m██      
    [38;2;0;0;0m██[38;2;139;24;41m██[38;2;139;24;41m██[38;2;172;32;24m██[38;2;172;32;24m██[38;2;172;32;24m██[38;2;139;24;41m██[38;2;139;24;41m██[38;2;139;24;41m██[38;2;139;24;41m██[38;2;139;24;41m██[38;2;139;24;41m██[38;2;139;24;41m██[38;2;139;24;41m██[38;2;139;24;41m██[38;2;139;24;41m██[38;2;139;24;41m██[38;2;139;24;41m██[38;2;139;24;41m██[38;2;139;24;41m██[38;2;139;24;41m██[38;2;139;24;41m██[38;2;139;24;41m██[38;2;139;24;41m██[38;2;139;24;41m██[38;2;139;24;41m██[38;2;139;24;41m██[38;2;139;24;41m██[38;2;139;24;41m██[38;2;139;24;41m██[38;2;172;32;24m██[38;2;172;32;24m██[38;2;172;32;24m██[38;2;98;24;24m██    
    [38;2;0;0;0m██[38;2;139;24;41m██[38;2;139;24;41m██[38;2;139;24;41m██[38;2;139;24;41m██[38;2;139;24;41m██[38;2;139;24;41m██[38;2;139;24;41m██[38;2;139;24;41m██[38;2;139;24;41m██[38;2;139;24;41m██[38;2;139;24;41m██[38;2;139;24;41m██[38;2;139;24;41m██[38;2;139;24;41m██[38;2;139;24;41m██[38;2;139;24;41m██[38;2;139;24;41m██[38;2;139;24;41m██[38;2;139;24;41m██[38;2;139;24;41m██[38;2;139;24;41m██[38;2;139;24;41m██[38;2;139;24;41m██[38;2;139;24;41m██[38;2;139;24;41m██[38;2;139;24;41m██[38;2;139;24;41m██[38;2;139;24;41m██[38;2;139;24;41m██[38;2;172;32;24m██[38;2;172;32;24m██[38;2;172;32;24m██[38;2;0;0;0m██    
    [38;2;0;0;0m██[38;2;139;24;41m██[38;2;139;24;41m██[38;2;139;24;41m██[38;2;139;24;41m██[38;2;139;24;41m██[38;2;139;24;41m██[38;2;139;24;41m██[38;2;139;24;41m██[38;2;139;24;41m██[38;2;139;24;41m██[38;2;139;24;41m██[38;2;139;24;41m██[38;2;139;24;41m██[38;2;139;24;41m██[38;2;139;24;41m██[38;2;139;24;41m██[38;2;139;24;41m██[38;2;139;24;41m██[38;2;139;24;41m██[38;2;139;24;41m██[38;2;139;24;41m██[38;2;139;24;41m██[38;2;139;24;41m██[38;2;139;24;41m██[38;2;139;24;41m██[38;2;139;24;41m██[38;2;139;24;41m██[38;2;139;24;41m██[38;2;139;24;41m██[38;2;139;24;41m██[38;2;172;32;24m██[38;2;139;24;41m██[38;2;0;0;0m██    
      [38;2;0;0;0m██[38;2;139;24;41m██[38;2;139;24;41m██[38;2;139;24;41m██[38;2;139;24;41m██[38;2;139;24;41m██[38;2;139;24;41m██[38;2;139;24;41m██[38;2;139;24;41m██[38;2;139;24;41m██[38;2;139;24;41m██[38;2;139;24;41m██[38;2;139;24;41m██[38;2;139;24;41m██[38;2;139;24;41m██[38;2;139;24;41m██[38;2;139;24;41m██[38;2;139;24;41m██[38;2;139;24;41m██[38;2;139;24;41m██[38;2;139;24;41m██[38;2;139;24;41m██[38;2;139;24;41m██[38;2;139;24;41m██[38;2;139;24;41m██[38;2;139;24;41m██[38;2;139;24;41m██[38;2;139;24;41m██[38;2;139;24;41m██[38;2;139;24;41m██[38;2;139;24;41m██[38;2;0;0;0m██      
      [38;2;98;24;24m██[38;2;139;24;41m██[38;2;139;24;41m██[38;2;139;24;41m██[38;2;139;24;41m██[38;2;139;24;41m██[38;2;139;24;41m██[38;2;139;24;41m██[38;2;139;24;41m██[38;2;139;24;41m██[38;2;139;24;41m██[38;2;139;24;41m██[38;2;139;24;41m██[38;2;139;24;41m██[38;2;139;24;41m██[38;2;139;24;41m██[38;2;139;24;41m██[38;2;139;24;41m██[38;2;139;24;41m██[38;2;139;24;41m██[38;2;139;24;41m██[38;2;139;24;41m██[38;2;139;24;41m██[38;2;139;24;41m██[38;2;139;24;41m██[38;2;139;24;41m██[38;2;139;24;41m██[38;2;139;24;41m██[38;2;139;24;41m██[38;2;139;24;41m██[38;2;139;24;41m██[38;2;0;0;0m██      
        [38;2;0;0;0m██[38;2;139;24;41m██[38;2;139;24;41m██[38;2;139;24;41m██[38;2;139;24;41m██[38;2;139;24;41m██[38;2;139;24;41m██[38;2;139;24;41m██[38;2;139;24;41m██[38;2;139;24;41m██[38;2;139;24;41m██[38;2;139;24;41m██[38;2;139;24;41m██[38;2;139;24;41m██[38;2;139;24;41m██[38;2;139;24;41m██[38;2;139;24;41m██[38;2;139;24;41m██[38;2;139;24;41m██[38;2;139;24;41m██[38;2;139;24;41m██[38;2;139;24;41m██[38;2;139;24;41m██[38;2;139;24;41m██[38;2;139;24;41m██[38;2;139;24;41m██[38;2;139;24;41m██[38;2;139;24;41m██[38;2;98;24;24m██[38;2;0;0;0m██        
          [38;2;0;0;0m██[38;2;139;24;41m██[38;2;139;24;41m██[38;2;139;24;41m██[38;2;139;24;41m██[38;2;139;24;41m██[38;2;139;24;41m██[38;2;139;24;41m██[38;2;139;24;41m██[38;2;139;24;41m██[38;2;139;24;41m██[38;2;139;24;41m██[38;2;139;24;41m██[38;2;139;24;41m██[38;2;139;24;41m██[38;2;139;24;41m██[38;2;139;24;41m██[38;2;139;24;41m██[38;2;139;24;41m██[38;2;139;24;41m██[38;2;139;24;41m██[38;2;139;24;41m██[38;2;139;24;41m██[38;2;139;24;41m██[38;2;139;24;41m██[38;2;0;0;0m██[38;2;0;0;0m██            
            [38;2;0;0;0m██[38;2;0;0;0m██[38;2;139;24;41m██[38;2;139;24;41m██[38;2;139;24;41m██[38;2;139;24;41m██[38;2;139;24;41m██[38;2;139;24;41m██[38;2;139;24;41m██[38;2;139;24;41m██[38;2;139;24;41m██[38;2;139;24;41m██[38;2;139;24;41m██[38;2;139;24;41m██[38;2;139;24;41m██[38;2;139;24;41m██[38;2;139;24;41m██[38;2;139;24;41m██[38;2;139;24;41m██[38;2;139;24;41m██[38;2;139;24;41m██[38;2;0;0;0m██[38;2;0;0;0m██[38;2;0;0;0m██                
                [38;2;98;24;24m██[38;2;0;0;0m██[38;2;0;0;0m██[38;2;0;0;0m██[38;2;139;24;41m██[38;2;139;24;41m██[38;2;139;24;41m██[38;2;139;24;41m██[38;2;139;24;41m██[38;2;139;24;41m██[38;2;139;24;41m██[38;2;139;24;41m██[38;2;139;24;41m██[38;2;139;24;41m██[38;2;139;24;41m██[38;2;0;0;0m██[38;2;0;0;0m██[38;2;0;0;0m██[38;2;0;0;0m██                      
                        [38;2;0;0;0m██[38;2;0;0;0m██[38;2;0;0;0m██[38;2;0;0;0m██[38;2;0;0;0m██[38;2;0;0;0m██[38;2;0;0;0m██[38;2;0;0;0m██[38;2;0;0;0m██[38;2;0;0;0m██[38;2;0;0;0m██                              
