                                                                      [38;2;16;49;106m██[38;2;16;49;106m██[38;2;16;49;106m██[38;2;16;49;106m██[38;2;16;49;106m██[38;2;16;49;106m██                                        
                                                                  [38;2;16;49;106m██[38;2;16;49;106m██[38;2;49;131;246m██[38;2;49;131;246m██[38;2;49;131;246m██[38;2;49;131;246m██[38;2;82;49;49m██[38;2;148;65;65m██[38;2;82;49;49m██[38;2;82;49;49m██                                    
                                                                [38;2;16;49;106m██[38;2;49;131;246m██[38;2;49;131;246m██[38;2;49;131;246m██[38;2;49;131;246m██[38;2;49;131;246m██[38;2;82;49;49m██[38;2;222;82;74m██[38;2;222;82;74m██[38;2;222;82;74m██[38;2;148;65;65m██[38;2;82;49;49m██[38;2;82;49;49m██                                
                                                              [38;2;16;49;106m██[38;2;49;131;246m██[38;2;49;131;246m██[38;2;49;131;246m██[38;2;49;131;246m██[38;2;49;131;246m██[38;2;0;0;0m██[38;2;0;0;0m██[38;2;222;82;74m██[38;2;222;82;74m██[38;2;222;82;74m██[38;2;148;65;65m██[38;2;222;82;74m██[38;2;222;82;74m██[38;2;82;49;49m██[38;2;82;49;49m██                            
                                                              [38;2;16;49;106m██[38;2;49;131;246m██[38;2;49;131;246m██[38;2;49;131;246m██[38;2;49;131;246m██[38;2;0;0;0m██[38;2;230;230;230m██[38;2;230;230;230m██[38;2;0;0;0m██[38;2;222;82;74m██[38;2;222;82;74m██[38;2;148;65;65m██[38;2;148;65;65m██[38;2;222;82;74m██[38;2;222;82;74m██[38;2;222;82;74m██[38;2;82;49;49m██                          
                                                            [38;2;16;49;106m██[38;2;49;131;246m██[38;2;49;131;246m██[38;2;49;131;246m██[38;2;49;131;246m██[38;2;0;0;0m██[38;2;156;156;172m██[38;2;230;230;230m██[38;2;230;230;230m██[38;2;156;156;172m██[38;2;148;65;65m██[38;2;148;65;65m██[38;2;222;82;74m██[38;2;222;82;74m██[38;2;148;65;65m██[38;2;222;82;74m██[38;2;222;82;74m██[38;2;148;65;65m██[38;2;82;49;49m██                        
                                                            [38;2;16;49;106m██[38;2;49;131;246m██[38;2;49;131;246m██[38;2;49;131;246m██[38;2;49;131;246m██[38;2;0;0;0m██[38;2;230;230;230m██[38;2;230;230;230m██[38;2;0;0;0m██[38;2;230;230;230m██[38;2;0;0;0m██[38;2;222;82;74m██[38;2;222;82;74m██[38;2;222;82;74m██[38;2;222;82;74m██[38;2;148;65;65m██[38;2;148;65;65m██[38;2;222;82;74m██[38;2;82;49;49m██                        
                                      [38;2;57;57;57m██        [38;2;57;57;57m██          [38;2;0;0;0m██[38;2;49;82;156m██[38;2;49;131;246m██[38;2;49;131;246m██[38;2;49;131;246m██[38;2;0;0;0m██[38;2;230;230;230m██[38;2;230;230;230m██[38;2;57;57;57m██[38;2;230;230;230m██[38;2;0;0;0m██[38;2;222;82;74m██[38;2;222;82;74m██[38;2;222;82;74m██[38;2;222;82;74m██[38;2;148;65;65m██[38;2;222;82;74m██[38;2;222;82;74m██[38;2;222;82;74m██[38;2;82;49;49m██                      
                                    [38;2;57;57;57m██[38;2;230;230;230m██[38;2;57;57;57m██[38;2;0;0;0m██[38;2;0;0;0m██[38;2;57;57;57m██[38;2;230;230;230m██[38;2;57;57;57m██        [38;2;0;0;0m██[38;2;49;82;156m██[38;2;49;82;156m██[38;2;49;82;156m██[38;2;49;131;246m██[38;2;0;0;0m██[38;2;156;156;172m██[38;2;230;230;230m██[38;2;230;230;230m██[38;2;156;156;172m██[38;2;0;0;0m██[38;2;222;82;74m██[38;2;222;82;74m██[38;2;222;82;74m██[38;2;222;82;74m██[38;2;222;82;74m██[38;2;222;82;74m██[38;2;148;65;65m██[38;2;222;82;74m██[38;2;82;49;49m██                      
                          [38;2;16;49;106m██[38;2;16;49;106m██[38;2;16;49;106m██    [38;2;57;57;57m██[38;2;156;156;172m██[38;2;230;230;230m██[38;2;0;0;0m██[38;2;189;148;82m██[38;2;0;0;0m██[38;2;230;230;230m██[38;2;57;57;57m██        [38;2;0;0;0m██[38;2;49;82;156m██[38;2;49;82;156m██[38;2;49;82;156m██[38;2;49;82;156m██[38;2;49;82;156m██[38;2;0;0;0m██[38;2;156;156;172m██[38;2;156;156;172m██[38;2;0;0;0m██[38;2;222;82;74m██[38;2;82;49;49m██[38;2;222;82;74m██[38;2;222;82;74m██[38;2;222;82;74m██[38;2;222;82;74m██[38;2;222;82;74m██[38;2;222;82;74m██[38;2;222;82;74m██[38;2;82;49;49m██                      
                        [38;2;0;0;0m██[38;2;49;82;156m██[38;2;49;82;156m██[38;2;49;82;156m██[38;2;49;82;156m██[38;2;16;49;106m██[38;2;82;65;41m██[38;2;82;65;41m██[38;2;156;156;172m██[38;2;0;0;0m██[38;2;189;148;82m██[38;2;82;65;41m██[38;2;156;156;172m██[38;2;57;57;57m██[38;2;0;0;0m██[38;2;0;0;0m██      [38;2;0;0;0m██[38;2;49;82;156m██[38;2;49;82;156m██[38;2;49;82;156m██[38;2;49;82;156m██[38;2;16;49;106m██[38;2;0;0;0m██[38;2;0;0;0m██[38;2;148;65;65m██[38;2;82;49;49m██[38;2;230;230;230m██[38;2;82;49;49m██[38;2;0;0;0m██[38;2;0;0;0m██[38;2;230;230;230m██[38;2;82;49;49m██[38;2;148;65;65m██[38;2;222;82;74m██[38;2;0;0;0m██                      
                          [38;2;0;0;0m██[38;2;49;82;156m██[38;2;49;82;156m██[38;2;49;82;156m██[38;2;49;82;156m██[38;2;0;0;0m██[38;2;189;148;82m██[38;2;82;65;41m██[38;2;82;65;41m██[38;2;189;148;82m██[38;2;189;148;82m██[38;2;0;0;0m██[38;2;82;65;41m██[38;2;189;148;82m██[38;2;0;0;0m██      [38;2;0;0;0m██[38;2;49;82;156m██[38;2;49;82;156m██[38;2;49;82;156m██[38;2;49;82;156m██[38;2;49;82;156m██[38;2;16;49;106m██[38;2;148;65;65m██[38;2;148;65;65m██[38;2;82;49;49m██[38;2;0;0;0m██[38;2;0;0;0m██[38;2;148;65;65m██[38;2;148;65;65m██[38;2;0;0;0m██[38;2;148;65;65m██[38;2;82;49;49m██[38;2;0;0;0m██                        
                      [38;2;16;49;106m██[38;2;16;49;106m██[38;2;16;49;106m██[38;2;0;0;0m██[38;2;0;0;0m██[38;2;16;49;106m██[38;2;49;82;156m██[38;2;49;82;156m██[38;2;0;0;0m██[38;2;189;148;82m██[38;2;189;148;82m██[38;2;189;148;82m██[38;2;189;148;82m██[38;2;82;65;41m██[38;2;189;148;82m██[38;2;189;148;82m██[38;2;0;0;0m██        [38;2;0;0;0m██[38;2;49;82;156m██[38;2;49;82;156m██[38;2;49;82;156m██[38;2;49;82;156m██[38;2;16;49;106m██[38;2;148;65;65m██[38;2;148;65;65m██[38;2;148;65;65m██[38;2;148;65;65m██[38;2;148;65;65m██[38;2;148;65;65m██[38;2;148;65;65m██[38;2;148;65;65m██[38;2;148;65;65m██[38;2;0;0;0m██                          
                    [38;2;16;49;106m██[38;2;49;82;156m██[38;2;49;82;156m██[38;2;49;82;156m██[38;2;49;82;156m██[38;2;49;82;156m██[38;2;49;82;156m██[38;2;49;82;156m██[38;2;82;65;41m██[38;2;82;65;41m██[38;2;82;65;41m██[38;2;189;148;82m██[38;2;189;148;82m██[38;2;189;148;82m██[38;2;189;148;82m██[38;2;189;148;82m██[38;2;189;148;82m██[38;2;0;0;0m██        [38;2;0;0;0m██[38;2;16;49;106m██[38;2;49;82;156m██[38;2;49;82;156m██[38;2;82;49;49m██[38;2;49;82;156m██[38;2;82;49;49m██[38;2;148;65;65m██[38;2;148;65;65m██[38;2;148;65;65m██[38;2;148;65;65m██[38;2;0;0;0m██[38;2;0;0;0m██[38;2;0;0;0m██[38;2;82;49;49m██          [38;2;57;57;57m██[38;2;57;57;57m██              
                      [38;2;16;49;106m██[38;2;16;49;106m██[38;2;49;82;156m██[38;2;49;82;156m██[38;2;49;82;156m██[38;2;49;82;156m██[38;2;49;82;156m██[38;2;0;0;0m██[38;2;189;148;82m██[38;2;189;148;82m██[38;2;189;148;82m██[38;2;189;148;82m██[38;2;189;148;82m██[38;2;189;148;82m██[38;2;189;148;82m██[38;2;82;65;41m██          [38;2;0;0;0m██[38;2;148;65;65m██[38;2;16;49;106m██[38;2;82;49;49m██[38;2;148;65;65m██[38;2;82;49;49m██[38;2;16;49;106m██[38;2;0;0;0m██[38;2;0;0;0m██[38;2;0;0;0m██[38;2;82;49;49m██              [38;2;0;0;0m██[38;2;57;57;57m██[38;2;230;230;230m██[38;2;57;57;57m██              
                        [38;2;0;0;0m██[38;2;0;0;0m██[38;2;0;0;0m██[38;2;49;82;156m██[38;2;49;82;156m██[38;2;49;82;156m██[38;2;49;82;156m██[38;2;0;0;0m██[38;2;82;65;41m██[38;2;189;148;82m██[38;2;189;148;82m██[38;2;189;148;82m██[38;2;189;148;82m██[38;2;189;148;82m██[38;2;82;65;41m██      [38;2;0;0;0m██[38;2;82;49;49m██[38;2;0;0;0m██[38;2;148;65;65m██[38;2;16;49;106m██[38;2;82;49;49m██[38;2;148;65;65m██[38;2;82;49;49m██[38;2;0;0;0m██                    [38;2;0;0;0m██[38;2;189;148;82m██[38;2;82;65;41m██[38;2;0;0;0m██[38;2;0;0;0m██[38;2;0;0;0m██[38;2;57;57;57m██[38;2;57;57;57m██        
                  [38;2;0;0;0m██[38;2;0;0;0m██[38;2;0;0;0m██[38;2;49;131;246m██[38;2;49;131;246m██[38;2;49;131;246m██[38;2;0;0;0m██[38;2;0;0;0m██[38;2;49;82;156m██[38;2;49;82;156m██[38;2;49;82;156m██[38;2;189;148;82m██[38;2;189;148;82m██[38;2;189;148;82m██[38;2;189;148;82m██[38;2;189;148;82m██[38;2;0;0;0m██[38;2;82;65;41m██      [38;2;0;0;0m██[38;2;148;65;65m██[38;2;148;65;65m██[38;2;148;65;65m██[38;2;82;49;49m██[38;2;148;65;65m██[38;2;148;65;65m██[38;2;148;65;65m██[38;2;82;49;49m██[38;2;82;49;49m██[38;2;148;65;65m██                [38;2;82;65;41m██[38;2;246;205;98m██[38;2;0;0;0m██[38;2;246;205;98m██[38;2;246;205;98m██[38;2;82;65;41m██[38;2;230;230;230m██[38;2;57;57;57m██        
            [38;2;0;0;0m██[38;2;0;0;0m██[38;2;0;0;0m██[38;2;49;131;246m██[38;2;49;131;246m██[38;2;49;131;246m██[38;2;49;131;246m██[38;2;49;131;246m██[38;2;49;131;246m██[38;2;49;131;246m██[38;2;49;131;246m██[38;2;0;0;0m██[38;2;0;0;0m██[38;2;49;82;156m██[38;2;82;65;41m██[38;2;189;148;82m██[38;2;189;148;82m██[38;2;189;148;82m██[38;2;82;49;49m██[38;2;222;82;74m██[38;2;0;0;0m██      [38;2;82;65;41m██[38;2;0;0;0m██[38;2;82;49;49m██[38;2;148;65;65m██[38;2;148;65;65m██[38;2;148;65;65m██[38;2;148;65;65m██[38;2;222;82;74m██[38;2;222;82;74m██[38;2;222;82;74m██[38;2;222;82;74m██[38;2;148;65;65m██            [38;2;82;65;41m██[38;2;246;205;98m██[38;2;246;205;98m██[38;2;189;148;82m██[38;2;246;205;98m██[38;2;82;65;41m██[38;2;0;0;0m██[38;2;57;57;57m██          
      [38;2;0;0;0m██[38;2;0;0;0m██[38;2;0;0;0m██[38;2;49;131;246m██[38;2;49;131;246m██[38;2;49;131;246m██[38;2;49;131;246m██[38;2;49;131;246m██[38;2;49;131;246m██[38;2;49;131;246m██[38;2;49;131;246m██[38;2;49;131;246m██[38;2;49;131;246m██[38;2;49;131;246m██[38;2;49;131;246m██[38;2;49;131;246m██[38;2;0;0;0m██[38;2;0;0;0m██[38;2;189;148;82m██[38;2;189;148;82m██[38;2;189;148;82m██[38;2;82;49;49m██[38;2;222;82;74m██[38;2;148;65;65m██[38;2;82;49;49m██[38;2;82;65;41m██[38;2;82;65;41m██[38;2;189;148;82m██[38;2;189;148;82m██[38;2;0;0;0m██[38;2;148;65;65m██[38;2;148;65;65m██[38;2;148;65;65m██[38;2;0;0;0m██[38;2;0;0;0m██[38;2;222;82;74m██[38;2;222;82;74m██[38;2;82;49;49m██[38;2;82;49;49m██          [38;2;0;0;0m██[38;2;246;205;98m██[38;2;246;205;98m██[38;2;246;205;98m██[38;2;246;205;98m██[38;2;246;205;98m██[38;2;246;205;98m██[38;2;246;205;98m██[38;2;0;0;0m██          
  [38;2;0;0;0m██[38;2;16;49;106m██[38;2;49;131;246m██[38;2;49;131;246m██[38;2;49;131;246m██[38;2;49;131;246m██[38;2;49;131;246m██[38;2;49;131;246m██[38;2;49;131;246m██[38;2;49;131;246m██[38;2;49;131;246m██[38;2;49;131;246m██[38;2;49;131;246m██[38;2;82;49;49m██[38;2;148;65;65m██[38;2;148;65;65m██[38;2;222;82;74m██[38;2;222;82;74m██[38;2;222;82;74m██[38;2;222;82;74m██[38;2;0;0;0m██[38;2;0;0;0m██[38;2;189;148;82m██[38;2;82;49;49m██[38;2;222;82;74m██[38;2;222;82;74m██[38;2;0;0;0m██[38;2;189;148;82m██[38;2;189;148;82m██[38;2;0;0;0m██[38;2;0;0;0m██[38;2;189;148;82m██[38;2;189;148;82m██[38;2;189;148;82m██[38;2;189;148;82m██[38;2;189;148;82m██[38;2;189;148;82m██[38;2;0;0;0m██[38;2;148;65;65m██            [38;2;0;0;0m██[38;2;246;205;98m██[38;2;246;205;98m██[38;2;246;205;98m██[38;2;246;205;98m██[38;2;189;148;82m██[38;2;0;0;0m██[38;2;0;0;0m██[38;2;49;82;156m██[38;2;49;82;156m██[38;2;16;49;106m██[38;2;16;49;106m██      
[38;2;0;0;0m██[38;2;49;131;246m██[38;2;49;131;246m██[38;2;49;131;246m██[38;2;49;131;246m██[38;2;49;131;246m██[38;2;49;131;246m██[38;2;49;131;246m██[38;2;49;131;246m██[38;2;49;131;246m██[38;2;49;131;246m██[38;2;49;131;246m██[38;2;49;131;246m██[38;2;49;131;246m██[38;2;49;131;246m██[38;2;49;131;246m██[38;2;49;131;246m██[38;2;82;49;49m██[38;2;82;49;49m██[38;2;82;49;49m██[38;2;148;65;65m██[38;2;222;82;74m██[38;2;222;82;74m██[38;2;0;0;0m██[38;2;0;0;0m██[38;2;222;82;74m██[38;2;222;82;74m██[38;2;222;82;74m██[38;2;0;0;0m██[38;2;0;0;0m██[38;2;189;148;82m██[38;2;189;148;82m██[38;2;189;148;82m██[38;2;189;148;82m██[38;2;189;148;82m██[38;2;82;65;41m██[38;2;189;148;82m██[38;2;189;148;82m██[38;2;189;148;82m██[38;2;0;0;0m██          [38;2;0;0;0m██[38;2;246;205;98m██[38;2;246;205;98m██[38;2;246;205;98m██[38;2;246;205;98m██[38;2;246;205;98m██[38;2;246;205;98m██[38;2;246;205;98m██[38;2;189;148;82m██[38;2;0;0;0m██[38;2;49;131;246m██[38;2;49;131;246m██[38;2;49;131;246m██[38;2;49;82;156m██[38;2;16;49;106m██  
  [38;2;0;0;0m██[38;2;0;0;0m██[38;2;16;49;106m██[38;2;49;82;156m██[38;2;49;131;246m██[38;2;49;131;246m██[38;2;49;131;246m██[38;2;49;131;246m██[38;2;49;131;246m██[38;2;49;131;246m██[38;2;49;131;246m██[38;2;49;131;246m██[38;2;49;131;246m██[38;2;49;131;246m██[38;2;49;131;246m██[38;2;49;131;246m██[38;2;49;131;246m██[38;2;49;131;246m██[38;2;16;49;106m██[38;2;0;0;0m██[38;2;0;0;0m██[38;2;148;65;65m██[38;2;222;82;74m██[38;2;222;82;74m██[38;2;0;0;0m██[38;2;222;82;74m██[38;2;222;82;74m██[38;2;0;0;0m██[38;2;189;148;82m██[38;2;189;148;82m██[38;2;148;65;65m██[38;2;0;0;0m██[38;2;189;148;82m██[38;2;189;148;82m██[38;2;189;148;82m██[38;2;82;65;41m██[38;2;189;148;82m██[38;2;189;148;82m██[38;2;189;148;82m██[38;2;0;0;0m██    [38;2;0;0;0m██[38;2;82;65;41m██[38;2;246;205;98m██[38;2;246;205;98m██[38;2;246;205;98m██[38;2;246;205;98m██[38;2;246;205;98m██[38;2;246;205;98m██[38;2;246;205;98m██[38;2;246;205;98m██[38;2;246;205;98m██[38;2;0;0;0m██[38;2;49;131;246m██[38;2;49;131;246m██[38;2;49;131;246m██[38;2;49;131;246m██[38;2;49;131;246m██[38;2;0;0;0m██
          [38;2;0;0;0m██[38;2;0;0;0m██[38;2;16;49;106m██[38;2;49;82;156m██[38;2;49;131;246m██[38;2;49;131;246m██[38;2;49;131;246m██[38;2;49;131;246m██[38;2;49;131;246m██[38;2;49;131;246m██[38;2;49;131;246m██[38;2;49;131;246m██[38;2;49;82;156m██[38;2;0;0;0m██      [38;2;0;0;0m██[38;2;0;0;0m██[38;2;222;82;74m██[38;2;222;82;74m██[38;2;0;0;0m██[38;2;222;82;74m██[38;2;222;82;74m██[38;2;148;65;65m██[38;2;222;82;74m██[38;2;222;82;74m██[38;2;0;0;0m██[38;2;189;148;82m██[38;2;189;148;82m██[38;2;189;148;82m██[38;2;0;0;0m██[38;2;189;148;82m██[38;2;189;148;82m██[38;2;189;148;82m██[38;2;246;205;98m██[38;2;0;0;0m██[38;2;0;0;0m██[38;2;246;205;98m██[38;2;246;205;98m██[38;2;246;205;98m██[38;2;246;205;98m██[38;2;246;205;98m██[38;2;246;205;98m██[38;2;246;205;98m██[38;2;0;0;0m██[38;2;0;0;0m██[38;2;0;0;0m██[38;2;0;0;0m██[38;2;49;131;246m██[38;2;49;131;246m██[38;2;49;82;156m██[38;2;16;49;106m██[38;2;0;0;0m██[38;2;0;0;0m██  
                  [38;2;0;0;0m██[38;2;16;49;106m██[38;2;49;82;156m██[38;2;49;131;246m██[38;2;49;131;246m██[38;2;49;131;246m██[38;2;49;82;156m██[38;2;0;0;0m██              [38;2;0;0;0m██[38;2;222;82;74m██[38;2;222;82;74m██[38;2;0;0;0m██[38;2;222;82;74m██[38;2;222;82;74m██[38;2;222;82;74m██[38;2;82;49;49m██[38;2;0;0;0m██[38;2;0;0;0m██[38;2;0;0;0m██[38;2;189;148;82m██[38;2;189;148;82m██[38;2;82;65;41m██[38;2;189;148;82m██[38;2;246;205;98m██[38;2;246;205;98m██[38;2;246;205;98m██[38;2;246;205;98m██[38;2;246;205;98m██[38;2;246;205;98m██[38;2;246;205;98m██[38;2;246;205;98m██[38;2;246;205;98m██[38;2;246;205;98m██[38;2;246;205;98m██[38;2;246;205;98m██[38;2;0;0;0m██[38;2;49;131;246m██[38;2;49;131;246m██[38;2;49;131;246m██[38;2;49;131;246m██[38;2;49;131;246m██[38;2;49;82;156m██[38;2;49;82;156m██    
                        [38;2;0;0;0m██[38;2;0;0;0m██[38;2;0;0;0m██                [38;2;82;49;49m██[38;2;148;65;65m██[38;2;0;0;0m██[38;2;222;82;74m██[38;2;82;49;49m██[38;2;222;82;74m██[38;2;222;82;74m██[38;2;222;82;74m██[38;2;222;82;74m██[38;2;222;82;74m██[38;2;148;65;65m██[38;2;0;0;0m██[38;2;189;148;82m██[38;2;189;148;82m██[38;2;0;0;0m██[38;2;189;148;82m██[38;2;246;205;98m██[38;2;246;205;98m██[38;2;246;205;98m██[38;2;246;205;98m██[38;2;246;205;98m██[38;2;246;205;98m██[38;2;246;205;98m██[38;2;246;205;98m██[38;2;246;205;98m██[38;2;82;65;41m██[38;2;189;148;82m██[38;2;246;205;98m██[38;2;246;205;98m██[38;2;0;0;0m██[38;2;49;131;246m██[38;2;49;131;246m██[38;2;49;131;246m██[38;2;49;131;246m██[38;2;49;131;246m██[38;2;49;131;246m██[38;2;16;49;106m██  
                                          [38;2;82;49;49m██[38;2;148;65;65m██[38;2;148;65;65m██[38;2;148;65;65m██[38;2;148;65;65m██[38;2;0;0;0m██[38;2;0;0;0m██[38;2;148;65;65m██[38;2;222;82;74m██[38;2;222;82;74m██[38;2;148;65;65m██[38;2;82;49;49m██[38;2;0;0;0m██[38;2;189;148;82m██[38;2;189;148;82m██[38;2;189;148;82m██[38;2;82;65;41m██[38;2;0;0;0m██[38;2;246;205;98m██[38;2;246;205;98m██[38;2;246;205;98m██[38;2;246;205;98m██[38;2;246;205;98m██[38;2;246;205;98m██[38;2;246;205;98m██[38;2;82;65;41m██[38;2;246;205;98m██[38;2;0;0;0m██[38;2;82;65;41m██[38;2;82;65;41m██[38;2;0;0;0m██[38;2;0;0;0m██[38;2;49;131;246m██[38;2;49;82;156m██[38;2;49;131;246m██[38;2;49;131;246m██[38;2;49;131;246m██[38;2;49;131;246m██[38;2;49;131;246m██[38;2;16;49;106m██
                                        [38;2;82;49;49m██[38;2;148;65;65m██[38;2;148;65;65m██[38;2;148;65;65m██[38;2;148;65;65m██[38;2;148;65;65m██[38;2;148;65;65m██[38;2;148;65;65m██[38;2;148;65;65m██[38;2;148;65;65m██[38;2;82;49;49m██[38;2;0;0;0m██[38;2;189;148;82m██[38;2;189;148;82m██[38;2;189;148;82m██[38;2;189;148;82m██[38;2;189;148;82m██[38;2;82;65;41m██  [38;2;0;0;0m██[38;2;246;205;98m██[38;2;246;205;98m██[38;2;246;205;98m██[38;2;246;205;98m██[38;2;246;205;98m██[38;2;0;0;0m██[38;2;82;65;41m██[38;2;246;205;98m██[38;2;16;49;106m██[38;2;49;131;246m██[38;2;49;131;246m██[38;2;49;131;246m██[38;2;49;131;246m██[38;2;49;131;246m██[38;2;49;131;246m██[38;2;49;82;156m██[38;2;0;0;0m██[38;2;0;0;0m██[38;2;0;0;0m██[38;2;0;0;0m██[38;2;16;49;106m██
                                        [38;2;0;0;0m██[38;2;0;0;0m██[38;2;0;0;0m██[38;2;82;49;49m██[38;2;148;65;65m██[38;2;148;65;65m██[38;2;148;65;65m██[38;2;148;65;65m██[38;2;148;65;65m██[38;2;148;65;65m██[38;2;148;65;65m██[38;2;82;49;49m██[38;2;189;148;82m██[38;2;189;148;82m██[38;2;189;148;82m██[38;2;189;148;82m██[38;2;82;65;41m██      [38;2;0;0;0m██[38;2;246;205;98m██[38;2;246;205;98m██[38;2;0;0;0m██[38;2;0;0;0m██    [38;2;82;65;41m██[38;2;16;49;106m██[38;2;49;131;246m██[38;2;49;131;246m██[38;2;49;131;246m██[38;2;49;131;246m██[38;2;49;131;246m██[38;2;49;131;246m██[38;2;49;131;246m██[38;2;16;49;106m██        
                                            [38;2;82;49;49m██[38;2;148;65;65m██[38;2;148;65;65m██[38;2;82;49;49m██[38;2;148;65;65m██[38;2;148;65;65m██[38;2;0;0;0m██[38;2;82;49;49m██[38;2;148;65;65m██[38;2;148;65;65m██[38;2;82;49;49m██[38;2;189;148;82m██[38;2;189;148;82m██[38;2;189;148;82m██[38;2;0;0;0m██        [38;2;0;0;0m██[38;2;0;0;0m██            [38;2;49;82;156m██[38;2;49;131;246m██[38;2;49;131;246m██[38;2;49;82;156m██[38;2;49;131;246m██[38;2;49;131;246m██[38;2;49;131;246m██[38;2;49;131;246m██[38;2;16;49;106m██      
                                          [38;2;82;49;49m██[38;2;148;65;65m██[38;2;148;65;65m██[38;2;148;65;65m██[38;2;0;0;0m██[38;2;148;65;65m██[38;2;148;65;65m██[38;2;82;49;49m██[38;2;82;65;41m██[38;2;0;0;0m██[38;2;0;0;0m██[38;2;0;0;0m██[38;2;189;148;82m██[38;2;0;0;0m██[38;2;0;0;0m██                          [38;2;16;49;106m██[38;2;49;131;246m██[38;2;49;131;246m██[38;2;16;49;106m██[38;2;0;0;0m██[38;2;49;131;246m██[38;2;49;131;246m██[38;2;49;131;246m██[38;2;49;82;156m██[38;2;49;82;156m██    
                                          [38;2;0;0;0m██[38;2;0;0;0m██[38;2;0;0;0m██[38;2;82;49;49m██[38;2;0;0;0m██[38;2;148;65;65m██[38;2;0;0;0m██[38;2;82;65;41m██[38;2;82;65;41m██[38;2;0;0;0m██[38;2;82;65;41m██[38;2;189;148;82m██[38;2;189;148;82m██[38;2;82;65;41m██                              [38;2;49;82;156m██[38;2;49;131;246m██[38;2;16;49;106m██  [38;2;0;0;0m██[38;2;0;0;0m██[38;2;49;131;246m██[38;2;49;131;246m██[38;2;16;49;106m██    
                                                    [38;2;0;0;0m██[38;2;148;65;65m██[38;2;82;49;49m██[38;2;0;0;0m██  [38;2;0;0;0m██[38;2;148;65;65m██[38;2;82;49;49m██[38;2;82;65;41m██                              [38;2;16;49;106m██[38;2;49;131;246m██[38;2;0;0;0m██      [38;2;0;0;0m██[38;2;0;0;0m██[38;2;0;0;0m██    
                                                      [38;2;82;49;49m██[38;2;148;65;65m██[38;2;82;49;49m██    [38;2;0;0;0m██[38;2;222;82;74m██[38;2;82;49;49m██    [38;2;57;57;57m██[38;2;57;57;57m██[38;2;57;57;57m██[38;2;57;57;57m██                    [38;2;16;49;106m██[38;2;0;0;0m██                
                                                      [38;2;82;49;49m██[38;2;148;65;65m██[38;2;82;49;49m██[38;2;82;49;49m██    [38;2;82;49;49m██[38;2;148;65;65m██[38;2;82;49;49m██[38;2;82;49;49m██[38;2;82;49;49m██[38;2;148;65;65m██[38;2;148;65;65m██[38;2;148;65;65m██[38;2;57;57;57m██                                      
                                                      [38;2;82;49;49m██[38;2;148;65;65m██[38;2;148;65;65m██[38;2;148;65;65m██[38;2;0;0;0m██  [38;2;0;0;0m██[38;2;222;82;74m██[38;2;148;65;65m██[38;2;222;82;74m██[38;2;222;82;74m██[38;2;222;82;74m██[38;2;0;0;0m██[38;2;0;0;0m██[38;2;156;156;172m██[38;2;57;57;57m██                                    
                                                        [38;2;0;0;0m██[38;2;0;0;0m██[38;2;0;0;0m██[38;2;0;0;0m██    [38;2;82;49;49m██[38;2;222;82;74m██[38;2;222;82;74m██[38;2;222;82;74m██[38;2;222;82;74m██[38;2;148;65;65m██[38;2;230;230;230m██[38;2;0;0;0m██[38;2;57;57;57m██                                    
                                                                      [38;2;0;0;0m██[38;2;0;0;0m██[38;2;0;0;0m██[38;2;0;0;0m██[38;2;0;0;0m██[38;2;0;0;0m██[38;2;0;0;0m██                                      
