                                      [38;2;114;72;21m██[38;2;114;72;21m██[38;2;99;0;0m██[38;2;99;0;0m██[38;2;99;0;0m██[38;2;99;0;0m██                                                                  
                                  [38;2;114;72;21m██[38;2;114;72;21m██[38;2;255;165;48m██[38;2;255;165;48m██[38;2;114;72;21m██[38;2;255;67;0m██[38;2;255;67;0m██[38;2;255;67;0m██[38;2;99;0;0m██[38;2;99;0;0m██                                                              
                              [38;2;114;72;21m██[38;2;114;72;21m██[38;2;255;165;48m██[38;2;183;116;34m██[38;2;255;165;48m██[38;2;255;165;48m██[38;2;255;165;48m██[38;2;114;72;21m██[38;2;255;67;0m██[38;2;255;67;0m██[38;2;255;67;0m██[38;2;255;67;0m██[38;2;99;0;0m██                                                            
                          [38;2;114;72;21m██[38;2;114;72;21m██[38;2;255;165;48m██[38;2;255;165;48m██[38;2;255;165;48m██[38;2;183;116;34m██[38;2;255;165;48m██[38;2;255;165;48m██[38;2;255;165;48m██[38;2;0;0;0m██[38;2;0;0;0m██[38;2;255;67;0m██[38;2;255;67;0m██[38;2;255;67;0m██[38;2;255;67;0m██[38;2;99;0;0m██                                                          
                        [38;2;114;72;21m██[38;2;183;116;34m██[38;2;255;165;48m██[38;2;255;165;48m██[38;2;255;165;48m██[38;2;183;116;34m██[38;2;183;116;34m██[38;2;255;165;48m██[38;2;255;165;48m██[38;2;0;0;0m██[38;2;230;230;230m██[38;2;230;230;230m██[38;2;0;0;0m██[38;2;255;67;0m██[38;2;255;67;0m██[38;2;255;67;0m██[38;2;99;0;0m██                                                  [38;2;0;0;0m██[38;2;0;0;0m██[38;2;0;0;0m██[38;2;0;0;0m██
                      [38;2;114;72;21m██[38;2;255;165;48m██[38;2;255;165;48m██[38;2;183;116;34m██[38;2;183;116;34m██[38;2;183;116;34m██[38;2;255;165;48m██[38;2;255;165;48m██[38;2;183;116;34m██[38;2;183;116;34m██[38;2;156;156;172m██[38;2;230;230;230m██[38;2;230;230;230m██[38;2;156;156;172m██[38;2;0;0;0m██[38;2;255;67;0m██[38;2;255;67;0m██[38;2;255;67;0m██[38;2;99;0;0m██                                        [38;2;0;0;0m██[38;2;0;0;0m██[38;2;0;0;0m██[38;2;175;19;1m██[38;2;255;67;0m██[38;2;255;67;0m██[38;2;255;67;0m██[38;2;0;0;0m██
                    [38;2;183;116;34m██[38;2;255;165;48m██[38;2;255;165;48m██[38;2;255;165;48m██[38;2;255;165;48m██[38;2;183;116;34m██[38;2;255;165;48m██[38;2;255;165;48m██[38;2;255;165;48m██[38;2;255;165;48m██[38;2;0;0;0m██[38;2;230;230;230m██[38;2;0;0;0m██[38;2;230;230;230m██[38;2;230;230;230m██[38;2;0;0;0m██[38;2;255;67;0m██[38;2;255;67;0m██[38;2;255;67;0m██[38;2;0;0;0m██                                  [38;2;0;0;0m██[38;2;0;0;0m██[38;2;175;19;1m██[38;2;255;67;0m██[38;2;255;67;0m██[38;2;255;67;0m██[38;2;255;67;0m██[38;2;255;67;0m██[38;2;255;67;0m██[38;2;0;0;0m██  
                    [38;2;114;72;21m██[38;2;255;165;48m██[38;2;255;165;48m██[38;2;255;165;48m██[38;2;255;165;48m██[38;2;183;116;34m██[38;2;255;165;48m██[38;2;255;165;48m██[38;2;255;165;48m██[38;2;255;165;48m██[38;2;0;0;0m██[38;2;230;230;230m██[38;2;57;57;57m██[38;2;230;230;230m██[38;2;230;230;230m██[38;2;0;0;0m██[38;2;255;67;0m██[38;2;255;67;0m██[38;2;175;19;1m██[38;2;0;0;0m██                            [38;2;0;0;0m██[38;2;0;0;0m██[38;2;175;19;1m██[38;2;255;67;0m██[38;2;255;67;0m██[38;2;255;67;0m██[38;2;255;67;0m██[38;2;255;67;0m██[38;2;255;67;0m██[38;2;255;67;0m██[38;2;255;67;0m██[38;2;0;0;0m██    
                    [38;2;114;72;21m██[38;2;255;165;48m██[38;2;183;116;34m██[38;2;255;165;48m██[38;2;255;165;48m██[38;2;183;116;34m██[38;2;255;165;48m██[38;2;255;165;48m██[38;2;114;72;21m██[38;2;255;165;48m██[38;2;255;165;48m██[38;2;156;156;172m██[38;2;230;230;230m██[38;2;230;230;230m██[38;2;156;156;172m██[38;2;0;0;0m██[38;2;255;67;0m██[38;2;175;19;1m██[38;2;175;19;1m██[38;2;0;0;0m██                        [38;2;175;19;1m██[38;2;175;19;1m██[38;2;255;67;0m██[38;2;255;67;0m██[38;2;255;67;0m██[38;2;255;67;0m██[38;2;255;67;0m██[38;2;255;67;0m██[38;2;255;67;0m██[38;2;255;67;0m██[38;2;255;67;0m██[38;2;255;67;0m██[38;2;0;0;0m██      
                    [38;2;0;0;0m██[38;2;255;165;48m██[38;2;255;165;48m██[38;2;255;165;48m██[38;2;255;165;48m██[38;2;255;165;48m██[38;2;255;165;48m██[38;2;0;0;0m██[38;2;230;230;230m██[38;2;114;72;21m██[38;2;255;165;48m██[38;2;0;0;0m██[38;2;156;156;172m██[38;2;156;156;172m██[38;2;0;0;0m██[38;2;175;19;1m██[38;2;175;19;1m██[38;2;175;19;1m██[38;2;175;19;1m██[38;2;0;0;0m██                        [38;2;0;0;0m██[38;2;255;67;0m██[38;2;255;67;0m██[38;2;255;67;0m██[38;2;183;116;34m██[38;2;255;165;48m██[38;2;183;116;34m██[38;2;255;67;0m██[38;2;255;67;0m██[38;2;255;67;0m██[38;2;255;67;0m██[38;2;0;0;0m██        
                    [38;2;0;0;0m██[38;2;183;116;34m██[38;2;255;165;48m██[38;2;183;116;34m██[38;2;114;72;21m██[38;2;230;230;230m██[38;2;0;0;0m██[38;2;0;0;0m██[38;2;0;0;0m██[38;2;114;72;21m██[38;2;183;116;34m██[38;2;183;116;34m██[38;2;0;0;0m██[38;2;0;0;0m██[38;2;175;19;1m██[38;2;175;19;1m██[38;2;175;19;1m██[38;2;175;19;1m██[38;2;0;0;0m██                          [38;2;0;0;0m██[38;2;255;67;0m██[38;2;255;67;0m██[38;2;255;165;48m██[38;2;255;165;48m██[38;2;114;72;21m██[38;2;255;67;0m██[38;2;255;67;0m██[38;2;255;67;0m██[38;2;255;67;0m██[38;2;0;0;0m██          
                      [38;2;0;0;0m██[38;2;255;165;48m██[38;2;0;0;0m██[38;2;183;116;34m██[38;2;0;0;0m██[38;2;183;116;34m██[38;2;183;116;34m██[38;2;183;116;34m██[38;2;183;116;34m██[38;2;183;116;34m██[38;2;183;116;34m██[38;2;183;116;34m██[38;2;114;72;21m██[38;2;175;19;1m██[38;2;175;19;1m██[38;2;175;19;1m██[38;2;175;19;1m██[38;2;0;0;0m██                [38;2;114;72;21m██[38;2;114;72;21m██[38;2;0;0;0m██    [38;2;0;0;0m██[38;2;183;116;34m██[38;2;255;165;48m██[38;2;114;72;21m██[38;2;183;116;34m██[38;2;255;67;0m██[38;2;255;67;0m██[38;2;255;67;0m██[38;2;255;67;0m██[38;2;0;0;0m██            
                        [38;2;0;0;0m██[38;2;0;0;0m██[38;2;114;72;21m██[38;2;183;116;34m██[38;2;183;116;34m██[38;2;183;116;34m██[38;2;183;116;34m██[38;2;183;116;34m██[38;2;183;116;34m██[38;2;183;116;34m██[38;2;183;116;34m██[38;2;0;0;0m██[38;2;175;19;1m██[38;2;175;19;1m██[38;2;175;19;1m██[38;2;0;0;0m██                [38;2;114;72;21m██[38;2;255;165;48m██[38;2;183;116;34m██[38;2;0;0;0m██  [38;2;114;72;21m██[38;2;0;0;0m██[38;2;255;165;48m██[38;2;114;72;21m██[38;2;255;67;0m██[38;2;255;67;0m██[38;2;255;67;0m██[38;2;255;67;0m██[38;2;255;67;0m██[38;2;0;0;0m██              
                              [38;2;114;72;21m██[38;2;0;0;0m██[38;2;0;0;0m██[38;2;0;0;0m██[38;2;114;72;21m██[38;2;114;72;21m██[38;2;114;72;21m██[38;2;0;0;0m██[38;2;175;19;1m██[38;2;175;19;1m██[38;2;114;72;21m██[38;2;175;19;1m██[38;2;0;0;0m██[38;2;114;72;21m██[38;2;114;72;21m██          [38;2;114;72;21m██[38;2;255;165;48m██[38;2;255;165;48m██[38;2;255;165;48m██[38;2;0;0;0m██[38;2;114;72;21m██[38;2;255;165;48m██[38;2;255;165;48m██[38;2;114;72;21m██[38;2;255;67;0m██[38;2;255;67;0m██[38;2;255;67;0m██[38;2;255;67;0m██[38;2;0;0;0m██[38;2;0;0;0m██                
          [38;2;56;56;56m██[38;2;56;56;56m██  [38;2;0;0;0m██                      [38;2;0;0;0m██[38;2;99;0;0m██[38;2;175;19;1m██[38;2;175;19;1m██[38;2;114;72;21m██[38;2;255;165;48m██[38;2;0;0;0m██[38;2;183;116;34m██[38;2;183;116;34m██[38;2;114;72;21m██          [38;2;114;72;21m██[38;2;255;165;48m██[38;2;255;165;48m██[38;2;183;116;34m██[38;2;0;0;0m██[38;2;255;165;48m██[38;2;183;116;34m██[38;2;114;72;21m██[38;2;0;0;0m██[38;2;0;0;0m██[38;2;0;0;0m██[38;2;0;0;0m██[38;2;0;0;0m██                    
      [38;2;0;0;0m██[38;2;0;0;0m██[38;2;56;56;56m██[38;2;73;73;73m██[38;2;57;57;57m██[38;2;230;230;230m██[38;2;0;0;0m██                  [38;2;0;0;0m██[38;2;183;116;34m██[38;2;99;0;0m██[38;2;183;116;34m██[38;2;175;19;1m██[38;2;183;116;34m██[38;2;255;165;48m██[38;2;114;72;21m██[38;2;114;72;21m██[38;2;0;0;0m██      [38;2;183;116;34m██  [38;2;114;72;21m██[38;2;255;165;48m██[38;2;255;165;48m██[38;2;255;165;48m██[38;2;0;0;0m██[38;2;255;165;48m██[38;2;114;72;21m██                                  
      [38;2;0;0;0m██[38;2;230;230;230m██[38;2;0;0;0m██[38;2;73;73;73m██[38;2;57;57;57m██[38;2;230;230;230m██[38;2;0;0;0m██[38;2;56;56;56m██                [38;2;0;0;0m██[38;2;114;72;21m██[38;2;255;165;48m██[38;2;255;165;48m██[38;2;114;72;21m██[38;2;255;165;48m██[38;2;255;165;48m██[38;2;183;116;34m██[38;2;255;165;48m██[38;2;255;165;48m██[38;2;0;0;0m██  [38;2;114;72;21m██[38;2;255;165;48m██[38;2;183;116;34m██[38;2;114;72;21m██[38;2;255;165;48m██[38;2;255;165;48m██[38;2;183;116;34m██[38;2;0;0;0m██[38;2;0;0;0m██[38;2;0;0;0m██[38;2;0;0;0m██                                
        [38;2;0;0;0m██[38;2;230;230;230m██[38;2;56;56;56m██[38;2;73;73;73m██[38;2;56;56;56m██[38;2;73;73;73m██[38;2;56;56;56m██                  [38;2;0;0;0m██[38;2;114;72;21m██[38;2;255;165;48m██[38;2;183;116;34m██[38;2;255;165;48m██[38;2;255;165;48m██[38;2;255;165;48m██[38;2;0;0;0m██[38;2;0;0;0m██[38;2;56;56;56m██[38;2;0;0;0m██[38;2;114;72;21m██[38;2;255;165;48m██[38;2;255;165;48m██[38;2;183;116;34m██[38;2;255;165;48m██[38;2;255;165;48m██[38;2;114;72;21m██[38;2;255;165;48m██[38;2;255;165;48m██[38;2;255;165;48m██[38;2;0;0;0m██                                
        [38;2;56;56;56m██[38;2;57;57;57m██[38;2;73;73;73m██[38;2;104;104;104m██[38;2;104;104;104m██[38;2;104;104;104m██[38;2;56;56;56m██              [38;2;56;56;56m██[38;2;114;72;21m██[38;2;183;116;34m██[38;2;255;165;48m██[38;2;255;165;48m██[38;2;255;165;48m██[38;2;255;165;48m██[38;2;255;165;48m██[38;2;56;56;56m██[38;2;104;104;104m██[38;2;73;73;73m██[38;2;0;0;0m██[38;2;56;56;56m██[38;2;0;0;0m██[38;2;0;0;0m██[38;2;255;165;48m██[38;2;255;165;48m██[38;2;255;165;48m██[38;2;255;165;48m██[38;2;255;165;48m██[38;2;255;165;48m██[38;2;255;165;48m██[38;2;0;0;0m██                                  
      [38;2;56;56;56m██[38;2;104;104;104m██[38;2;104;104;104m██[38;2;104;104;104m██[38;2;104;104;104m██[38;2;104;104;104m██[38;2;104;104;104m██[38;2;104;104;104m██[38;2;56;56;56m██[38;2;56;56;56m██      [38;2;56;56;56m██[38;2;56;56;56m██[38;2;73;73;73m██[38;2;73;73;73m██[38;2;114;72;21m██[38;2;0;0;0m██[38;2;255;165;48m██[38;2;255;165;48m██[38;2;255;165;48m██[38;2;104;104;104m██[38;2;0;0;0m██[38;2;104;104;104m██[38;2;104;104;104m██[38;2;104;104;104m██[38;2;0;0;0m██[38;2;56;56;56m██[38;2;56;56;56m██[38;2;0;0;0m██[38;2;255;165;48m██[38;2;255;165;48m██[38;2;183;116;34m██[38;2;183;116;34m██[38;2;183;116;34m██[38;2;114;72;21m██[38;2;114;72;21m██[38;2;114;72;21m██                                
      [38;2;0;0;0m██[38;2;73;73;73m██[38;2;104;104;104m██[38;2;104;104;104m██[38;2;104;104;104m██[38;2;104;104;104m██[38;2;104;104;104m██[38;2;104;104;104m██[38;2;104;104;104m██[38;2;73;73;73m██[38;2;56;56;56m██[38;2;56;56;56m██[38;2;56;56;56m██[38;2;73;73;73m██[38;2;73;73;73m██[38;2;73;73;73m██[38;2;73;73;73m██[38;2;73;73;73m██[38;2;56;56;56m██[38;2;104;104;104m██[38;2;104;104;104m██[38;2;104;104;104m██[38;2;104;104;104m██[38;2;0;0;0m██[38;2;104;104;104m██[38;2;104;104;104m██[38;2;104;104;104m██[38;2;73;73;73m██[38;2;0;0;0m██[38;2;56;56;56m██[38;2;0;0;0m██[38;2;183;116;34m██[38;2;183;116;34m██[38;2;183;116;34m██[38;2;183;116;34m██[38;2;183;116;34m██[38;2;183;116;34m██[38;2;183;116;34m██[38;2;0;0;0m██                                
  [38;2;99;0;0m██[38;2;99;0;0m██[38;2;175;19;1m██[38;2;0;0;0m██[38;2;56;56;56m██[38;2;73;73;73m██[38;2;56;56;56m██[38;2;73;73;73m██[38;2;104;104;104m██[38;2;104;104;104m██[38;2;104;104;104m██[38;2;104;104;104m██[38;2;104;104;104m██[38;2;104;104;104m██[38;2;104;104;104m██[38;2;73;73;73m██[38;2;73;73;73m██[38;2;73;73;73m██[38;2;73;73;73m██[38;2;56;56;56m██[38;2;104;104;104m██[38;2;104;104;104m██[38;2;104;104;104m██[38;2;104;104;104m██[38;2;104;104;104m██[38;2;104;104;104m██[38;2;0;0;0m██[38;2;104;104;104m██[38;2;104;104;104m██[38;2;104;104;104m██[38;2;73;73;73m██[38;2;0;0;0m██[38;2;0;0;0m██[38;2;183;116;34m██[38;2;183;116;34m██[38;2;183;116;34m██[38;2;183;116;34m██[38;2;114;72;21m██[38;2;0;0;0m██[38;2;0;0;0m██                                  
[38;2;99;0;0m██[38;2;255;67;0m██[38;2;255;67;0m██[38;2;255;67;0m██[38;2;255;67;0m██[38;2;255;67;0m██[38;2;56;56;56m██[38;2;104;104;104m██[38;2;104;104;104m██[38;2;104;104;104m██[38;2;104;104;104m██[38;2;104;104;104m██[38;2;104;104;104m██[38;2;104;104;104m██[38;2;104;104;104m██[38;2;104;104;104m██[38;2;104;104;104m██[38;2;73;73;73m██[38;2;73;73;73m██[38;2;0;0;0m██[38;2;56;56;56m██[38;2;104;104;104m██[38;2;104;104;104m██[38;2;104;104;104m██[38;2;104;104;104m██[38;2;104;104;104m██[38;2;104;104;104m██[38;2;0;0;0m██[38;2;104;104;104m██[38;2;104;104;104m██[38;2;104;104;104m██[38;2;104;104;104m██[38;2;104;104;104m██[38;2;0;0;0m██[38;2;0;0;0m██[38;2;114;72;21m██[38;2;183;116;34m██[38;2;183;116;34m██[38;2;183;116;34m██[38;2;0;0;0m██                                    
[38;2;0;0;0m██[38;2;175;19;1m██[38;2;175;19;1m██[38;2;99;0;0m██[38;2;255;67;0m██[38;2;0;0;0m██[38;2;104;104;104m██[38;2;104;104;104m██[38;2;73;73;73m██[38;2;0;0;0m██[38;2;73;73;73m██[38;2;104;104;104m██[38;2;104;104;104m██[38;2;104;104;104m██[38;2;104;104;104m██[38;2;104;104;104m██[38;2;104;104;104m██[38;2;104;104;104m██[38;2;0;0;0m██  [38;2;56;56;56m██[38;2;104;104;104m██[38;2;104;104;104m██[38;2;104;104;104m██[38;2;104;104;104m██[38;2;104;104;104m██[38;2;104;104;104m██[38;2;104;104;104m██[38;2;0;0;0m██[38;2;104;104;104m██[38;2;104;104;104m██[38;2;104;104;104m██[38;2;104;104;104m██[38;2;104;104;104m██[38;2;104;104;104m██[38;2;0;0;0m██[38;2;0;0;0m██[38;2;0;0;0m██[38;2;183;116;34m██[38;2;114;72;21m██                                    
    [38;2;99;0;0m██[38;2;255;67;0m██[38;2;255;67;0m██[38;2;255;67;0m██[38;2;0;0;0m██[38;2;0;0;0m██[38;2;56;56;56m██[38;2;73;73;73m██[38;2;104;104;104m██[38;2;104;104;104m██[38;2;73;73;73m██[38;2;104;104;104m██[38;2;104;104;104m██[38;2;56;56;56m██[38;2;0;0;0m██[38;2;0;0;0m██    [38;2;56;56;56m██[38;2;104;104;104m██[38;2;104;104;104m██[38;2;104;104;104m██[38;2;104;104;104m██[38;2;104;104;104m██[38;2;104;104;104m██[38;2;73;73;73m██[38;2;0;0;0m██[38;2;104;104;104m██[38;2;104;104;104m██[38;2;104;104;104m██[38;2;104;104;104m██[38;2;104;104;104m██[38;2;104;104;104m██[38;2;104;104;104m██[38;2;104;104;104m██[38;2;0;0;0m██[38;2;0;0;0m██[38;2;0;0;0m██                                    
  [38;2;175;19;1m██[38;2;255;67;0m██[38;2;255;67;0m██[38;2;255;67;0m██[38;2;255;67;0m██[38;2;255;67;0m██[38;2;255;67;0m██[38;2;56;56;56m██[38;2;104;104;104m██[38;2;73;73;73m██[38;2;0;0;0m██[38;2;56;56;56m██[38;2;104;104;104m██[38;2;73;73;73m██[38;2;0;0;0m██          [38;2;56;56;56m██[38;2;104;104;104m██[38;2;104;104;104m██[38;2;104;104;104m██[38;2;104;104;104m██[38;2;73;73;73m██[38;2;73;73;73m██[38;2;73;73;73m██[38;2;0;0;0m██[38;2;104;104;104m██[38;2;104;104;104m██[38;2;104;104;104m██[38;2;104;104;104m██[38;2;104;104;104m██[38;2;104;104;104m██[38;2;104;104;104m██[38;2;104;104;104m██[38;2;104;104;104m██[38;2;104;104;104m██[38;2;0;0;0m██[38;2;99;0;0m██[38;2;175;19;1m██[38;2;175;19;1m██[38;2;175;19;1m██                          
[38;2;99;0;0m██[38;2;255;67;0m██[38;2;255;67;0m██[38;2;0;0;0m██[38;2;175;19;1m██[38;2;255;67;0m██[38;2;255;67;0m██[38;2;255;67;0m██[38;2;0;0;0m██[38;2;0;0;0m██[38;2;175;19;1m██[38;2;99;0;0m██[38;2;0;0;0m██[38;2;104;104;104m██[38;2;0;0;0m██              [38;2;0;0;0m██[38;2;73;73;73m██[38;2;73;73;73m██[38;2;73;73;73m██[38;2;73;73;73m██[38;2;73;73;73m██[38;2;73;73;73m██[38;2;0;0;0m██[38;2;104;104;104m██[38;2;104;104;104m██[38;2;104;104;104m██[38;2;104;104;104m██[38;2;104;104;104m██[38;2;104;104;104m██[38;2;104;104;104m██[38;2;104;104;104m██[38;2;104;104;104m██[38;2;73;73;73m██[38;2;56;56;56m██[38;2;0;0;0m██[38;2;0;0;0m██[38;2;255;67;0m██[38;2;255;67;0m██[38;2;175;19;1m██[38;2;175;19;1m██                      
[38;2;0;0;0m██[38;2;0;0;0m██[38;2;0;0;0m██[38;2;175;19;1m██[38;2;255;67;0m██[38;2;255;67;0m██[38;2;255;67;0m██[38;2;175;19;1m██[38;2;175;19;1m██[38;2;175;19;1m██[38;2;99;0;0m██    [38;2;0;0;0m██              [38;2;0;0;0m██[38;2;73;73;73m██[38;2;56;56;56m██[38;2;0;0;0m██[38;2;73;73;73m██[38;2;0;0;0m██[38;2;73;73;73m██[38;2;73;73;73m██[38;2;73;73;73m██[38;2;0;0;0m██[38;2;104;104;104m██[38;2;104;104;104m██[38;2;104;104;104m██[38;2;104;104;104m██[38;2;104;104;104m██[38;2;104;104;104m██[38;2;104;104;104m██[38;2;104;104;104m██[38;2;104;104;104m██[38;2;104;104;104m██[38;2;104;104;104m██[38;2;73;73;73m██[38;2;0;0;0m██[38;2;255;67;0m██[38;2;255;67;0m██[38;2;255;67;0m██[38;2;175;19;1m██                    
      [38;2;175;19;1m██[38;2;255;67;0m██[38;2;175;19;1m██[38;2;0;0;0m██[38;2;0;0;0m██[38;2;175;19;1m██[38;2;99;0;0m██                        [38;2;0;0;0m██[38;2;73;73;73m██[38;2;114;72;21m██[38;2;0;0;0m██[38;2;0;0;0m██[38;2;56;56;56m██[38;2;73;73;73m██[38;2;56;56;56m██[38;2;0;0;0m██[38;2;104;104;104m██[38;2;104;104;104m██[38;2;104;104;104m██[38;2;104;104;104m██[38;2;104;104;104m██[38;2;104;104;104m██[38;2;104;104;104m██[38;2;104;104;104m██[38;2;104;104;104m██[38;2;73;73;73m██[38;2;56;56;56m██[38;2;56;56;56m██[38;2;0;0;0m██[38;2;255;67;0m██[38;2;175;19;1m██[38;2;175;19;1m██[38;2;99;0;0m██[38;2;99;0;0m██                  
      [38;2;0;0;0m██[38;2;0;0;0m██[38;2;175;19;1m██  [38;2;99;0;0m██[38;2;99;0;0m██                          [38;2;114;72;21m██[38;2;56;56;56m██[38;2;0;0;0m██      [38;2;0;0;0m██[38;2;114;72;21m██[38;2;0;0;0m██[38;2;0;0;0m██[38;2;104;104;104m██[38;2;104;104;104m██[38;2;104;104;104m██[38;2;104;104;104m██[38;2;104;104;104m██[38;2;104;104;104m██[38;2;104;104;104m██[38;2;104;104;104m██[38;2;104;104;104m██[38;2;104;104;104m██[38;2;73;73;73m██[38;2;56;56;56m██[38;2;56;56;56m██[38;2;255;67;0m██[38;2;255;67;0m██[38;2;255;67;0m██[38;2;255;67;0m██[38;2;175;19;1m██[38;2;99;0;0m██[38;2;99;0;0m██[38;2;175;19;1m██          
                                  [38;2;114;72;21m██[38;2;114;72;21m██[38;2;114;72;21m██  [38;2;114;72;21m██[38;2;183;116;34m██[38;2;255;165;48m██[38;2;0;0;0m██      [38;2;0;0;0m██[38;2;183;116;34m██[38;2;0;0;0m██  [38;2;0;0;0m██[38;2;104;104;104m██[38;2;104;104;104m██[38;2;104;104;104m██[38;2;104;104;104m██[38;2;104;104;104m██[38;2;104;104;104m██[38;2;104;104;104m██[38;2;104;104;104m██[38;2;104;104;104m██[38;2;104;104;104m██[38;2;104;104;104m██[38;2;73;73;73m██[38;2;0;0;0m██[38;2;255;67;0m██[38;2;255;67;0m██[38;2;255;67;0m██[38;2;255;67;0m██[38;2;255;67;0m██[38;2;255;67;0m██[38;2;175;19;1m██[38;2;0;0;0m██        
                                [38;2;0;0;0m██[38;2;255;165;48m██[38;2;255;165;48m██[38;2;183;116;34m██[38;2;114;72;21m██[38;2;183;116;34m██[38;2;255;165;48m██[38;2;0;0;0m██      [38;2;0;0;0m██[38;2;114;72;21m██[38;2;114;72;21m██      [38;2;0;0;0m██[38;2;104;104;104m██[38;2;104;104;104m██[38;2;104;104;104m██[38;2;104;104;104m██[38;2;104;104;104m██[38;2;104;104;104m██[38;2;104;104;104m██[38;2;104;104;104m██[38;2;56;56;56m██[38;2;0;0;0m██[38;2;0;0;0m██[38;2;0;0;0m██[38;2;255;67;0m██[38;2;255;67;0m██[38;2;255;67;0m██[38;2;255;67;0m██[38;2;255;67;0m██[38;2;255;67;0m██[38;2;255;67;0m██[38;2;0;0;0m██        
                              [38;2;0;0;0m██[38;2;156;156;172m██[38;2;230;230;230m██[38;2;156;156;172m██[38;2;0;0;0m██[38;2;230;230;230m██[38;2;255;165;48m██[38;2;183;116;34m██[38;2;0;0;0m██  [38;2;0;0;0m██[38;2;0;0;0m██[38;2;183;116;34m██[38;2;183;116;34m██[38;2;0;0;0m██        [38;2;0;0;0m██[38;2;104;104;104m██[38;2;104;104;104m██[38;2;73;73;73m██[38;2;104;104;104m██[38;2;104;104;104m██[38;2;104;104;104m██[38;2;104;104;104m██[38;2;104;104;104m██[38;2;104;104;104m██[38;2;56;56;56m██[38;2;56;56;56m██[38;2;255;67;0m██[38;2;255;67;0m██[38;2;175;19;1m██[38;2;175;19;1m██[38;2;0;0;0m██[38;2;0;0;0m██[38;2;0;0;0m██          
                              [38;2;0;0;0m██[38;2;0;0;0m██[38;2;230;230;230m██[38;2;0;0;0m██[38;2;0;0;0m██[38;2;230;230;230m██[38;2;0;0;0m██[38;2;0;0;0m██  [38;2;0;0;0m██[38;2;255;165;48m██[38;2;183;116;34m██[38;2;255;165;48m██[38;2;255;165;48m██[38;2;255;165;48m██[38;2;0;0;0m██      [38;2;0;0;0m██[38;2;104;104;104m██[38;2;104;104;104m██[38;2;56;56;56m██[38;2;104;104;104m██[38;2;73;73;73m██[38;2;104;104;104m██[38;2;104;104;104m██[38;2;104;104;104m██[38;2;104;104;104m██[38;2;104;104;104m██[38;2;104;104;104m██[38;2;56;56;56m██[38;2;255;67;0m██[38;2;255;67;0m██[38;2;255;67;0m██[38;2;255;67;0m██[38;2;175;19;1m██[38;2;99;0;0m██          
                                [38;2;0;0;0m██[38;2;0;0;0m██  [38;2;0;0;0m██[38;2;0;0;0m██    [38;2;0;0;0m██[38;2;230;230;230m██[38;2;156;156;172m██[38;2;114;72;21m██[38;2;230;230;230m██[38;2;255;165;48m██[38;2;230;230;230m██[38;2;0;0;0m██      [38;2;0;0;0m██[38;2;73;73;73m██[38;2;0;0;0m██[38;2;156;156;172m██[38;2;73;73;73m██[38;2;73;73;73m██[38;2;0;0;0m██[38;2;73;73;73m██[38;2;104;104;104m██[38;2;104;104;104m██[38;2;104;104;104m██[38;2;73;73;73m██[38;2;0;0;0m██[38;2;255;67;0m██[38;2;255;67;0m██[38;2;255;67;0m██[38;2;255;67;0m██[38;2;255;67;0m██[38;2;255;67;0m██[38;2;99;0;0m██        
                                              [38;2;0;0;0m██[38;2;230;230;230m██[38;2;0;0;0m██[38;2;0;0;0m██[38;2;230;230;230m██[38;2;0;0;0m██[38;2;156;156;172m██[38;2;0;0;0m██        [38;2;0;0;0m██[38;2;57;57;57m██[38;2;230;230;230m██[38;2;57;57;57m██[38;2;56;56;56m██[38;2;230;230;230m██[38;2;0;0;0m██[38;2;0;0;0m██[38;2;0;0;0m██[38;2;0;0;0m██[38;2;0;0;0m██[38;2;175;19;1m██[38;2;175;19;1m██[38;2;255;67;0m██[38;2;255;67;0m██[38;2;255;67;0m██[38;2;255;67;0m██[38;2;175;19;1m██[38;2;0;0;0m██        
                                                [38;2;0;0;0m██  [38;2;0;0;0m██[38;2;156;156;172m██[38;2;0;0;0m██[38;2;0;0;0m██            [38;2;57;57;57m██[38;2;230;230;230m██[38;2;57;57;57m██[38;2;0;0;0m██[38;2;230;230;230m██[38;2;99;0;0m██[38;2;99;0;0m██[38;2;175;19;1m██[38;2;175;19;1m██[38;2;175;19;1m██[38;2;175;19;1m██[38;2;175;19;1m██[38;2;175;19;1m██[38;2;175;19;1m██[38;2;0;0;0m██[38;2;0;0;0m██[38;2;0;0;0m██          
                                                      [38;2;0;0;0m██                  [38;2;57;57;57m██    [38;2;57;57;57m██    [38;2;0;0;0m██[38;2;0;0;0m██[38;2;175;19;1m██[38;2;175;19;1m██[38;2;175;19;1m██[38;2;0;0;0m██[38;2;0;0;0m██                
                                                                                          [38;2;0;0;0m██[38;2;0;0;0m██[38;2;0;0;0m██                    
