                                          [38;2;106;32;57m██                                  
                                        [38;2;106;32;57m██[38;2;172;16;65m██                                  
                                        [38;2;106;32;57m██[38;2;172;16;65m██[38;2;106;32;57m██    [38;2;106;32;57m██                          
                                      [38;2;16;16;16m██[38;2;172;16;65m██[38;2;172;16;65m██[38;2;106;32;57m██  [38;2;106;32;57m██[38;2;172;16;65m██[38;2;106;32;57m██                        
                                      [38;2;16;16;16m██[38;2;172;16;65m██[38;2;172;16;65m██[38;2;172;16;65m██[38;2;106;32;57m██[38;2;106;32;57m██[38;2;172;16;65m██[38;2;106;32;57m██                        
                                      [38;2;16;16;16m██[38;2;172;16;65m██[38;2;172;16;65m██[38;2;172;16;65m██[38;2;172;16;65m██[38;2;172;16;65m██[38;2;106;32;57m██[38;2;172;16;65m██[38;2;106;32;57m██                      
                                      [38;2;106;32;57m██[38;2;172;16;65m██[38;2;172;16;65m██[38;2;106;32;57m██[38;2;172;16;65m██[38;2;172;16;65m██[38;2;172;16;65m██[38;2;106;32;57m██[38;2;172;16;65m██[38;2;106;32;57m██                    
                                    [38;2;16;16;16m██[38;2;106;32;57m██[38;2;172;16;65m██[38;2;172;16;65m██[38;2;65;65;82m██[38;2;65;65;82m██[38;2;106;32;57m██[38;2;172;16;65m██[38;2;106;32;57m██[38;2;172;16;65m██[38;2;172;16;65m██[38;2;106;32;57m██                  
                                    [38;2;16;16;16m██[38;2;65;65;82m██[38;2;106;32;57m██[38;2;172;16;65m██[38;2;65;65;82m██[38;2;65;65;82m██[38;2;65;65;82m██[38;2;106;32;57m██[38;2;172;16;65m██[38;2;106;32;57m██[38;2;172;16;65m██[38;2;106;32;57m██                  
                                    [38;2;16;16;16m██[38;2;65;65;82m██[38;2;106;32;57m██[38;2;172;16;65m██[38;2;65;65;82m██[38;2;65;65;82m██[38;2;65;65;82m██[38;2;65;65;82m██[38;2;106;32;57m██[38;2;106;32;57m██[38;2;172;16;65m██[38;2;90;90;115m██[38;2;32;32;49m██                
                        [38;2;32;32;49m██[38;2;32;32;49m██[38;2;32;32;49m██[38;2;32;32;49m██    [38;2;16;16;16m██[38;2;49;49;65m██[38;2;65;65;82m██[38;2;106;32;57m██[38;2;65;65;82m██[38;2;65;65;82m██[38;2;65;65;82m██[38;2;65;65;82m██[38;2;65;65;82m██[38;2;65;65;82m██[38;2;90;90;115m██[38;2;90;90;115m██[38;2;32;32;49m██      [38;2;32;32;49m██[38;2;32;32;49m██[38;2;32;32;49m██[38;2;32;32;49m██  
                      [38;2;32;32;49m██[38;2;90;90;115m██[38;2;90;90;115m██[38;2;90;90;115m██[38;2;90;90;115m██[38;2;32;32;49m██[38;2;32;32;49m██  [38;2;16;16;16m██[38;2;65;65;82m██[38;2;65;65;82m██[38;2;65;65;82m██[38;2;65;65;82m██[38;2;65;65;82m██[38;2;65;65;82m██[38;2;65;65;82m██[38;2;65;65;82m██[38;2;65;65;82m██[38;2;90;90;115m██[38;2;32;32;49m██  [38;2;16;16;16m██[38;2;16;16;16m██[38;2;90;90;115m██[38;2;90;90;115m██[38;2;90;90;115m██[38;2;90;90;115m██[38;2;32;32;49m██
                      [38;2;32;32;49m██[38;2;65;65;82m██[38;2;90;90;115m██[38;2;90;90;115m██[38;2;90;90;115m██[38;2;90;90;115m██[38;2;90;90;115m██[38;2;32;32;49m██[38;2;16;16;16m██[38;2;49;49;65m██[38;2;65;65;82m██[38;2;65;65;82m██[38;2;65;65;82m██[38;2;65;65;82m██[38;2;65;65;82m██[38;2;65;65;82m██[38;2;65;65;82m██[38;2;65;65;82m██[38;2;90;90;115m██[38;2;16;16;16m██[38;2;16;16;16m██[38;2;90;90;115m██[38;2;90;90;115m██[38;2;90;90;115m██[38;2;90;90;115m██[38;2;90;90;115m██[38;2;90;90;115m██[38;2;16;16;16m██
                      [38;2;16;16;16m██[38;2;65;65;82m██[38;2;65;65;82m██[38;2;65;65;82m██[38;2;65;65;82m██[38;2;90;90;115m██[38;2;90;90;115m██[38;2;90;90;115m██[38;2;65;65;82m██[38;2;32;32;49m██[38;2;16;16;16m██[38;2;16;16;16m██[38;2;16;16;16m██[38;2;16;16;16m██[38;2;32;32;49m██[38;2;65;65;82m██[38;2;65;65;82m██[38;2;16;16;16m██[38;2;16;16;16m██[38;2;90;90;115m██[38;2;90;90;115m██[38;2;90;90;115m██[38;2;90;90;115m██[38;2;90;90;115m██[38;2;90;90;115m██[38;2;65;65;82m██[38;2;65;65;82m██[38;2;16;16;16m██
                      [38;2;16;16;16m██[38;2;65;65;82m██[38;2;65;65;82m██[38;2;65;65;82m██[38;2;65;65;82m██[38;2;65;65;82m██[38;2;65;65;82m██[38;2;65;65;82m██[38;2;16;16;16m██[38;2;16;16;16m██[38;2;65;65;82m██[38;2;65;65;82m██[38;2;65;65;82m██[38;2;65;65;82m██[38;2;65;65;82m██[38;2;32;32;49m██[38;2;16;16;16m██[38;2;90;90;115m██[38;2;90;90;115m██[38;2;90;90;115m██[38;2;65;65;82m██[38;2;65;65;82m██[38;2;65;65;82m██[38;2;65;65;82m██[38;2;65;65;82m██[38;2;65;65;82m██[38;2;32;32;49m██  
                        [38;2;16;16;16m██[38;2;65;65;82m██[38;2;65;65;82m██[38;2;65;65;82m██[38;2;65;65;82m██[38;2;65;65;82m██[38;2;65;65;82m██[38;2;65;65;82m██[38;2;65;65;82m██[38;2;65;65;82m██[38;2;65;65;82m██[38;2;65;65;82m██[38;2;65;65;82m██[38;2;65;65;82m██[38;2;16;16;16m██[38;2;90;90;115m██[38;2;90;90;115m██[38;2;65;65;82m██[38;2;65;65;82m██[38;2;65;65;82m██[38;2;65;65;82m██[38;2;65;65;82m██[38;2;65;65;82m██[38;2;65;65;82m██[38;2;65;65;82m██[38;2;16;16;16m██  
      [38;2;32;32;49m██                [38;2;16;16;16m██[38;2;65;65;82m██[38;2;65;65;82m██[38;2;65;65;82m██[38;2;65;65;82m██[38;2;65;65;82m██[38;2;65;65;82m██[38;2;65;65;82m██[38;2;65;65;82m██[38;2;65;65;82m██[38;2;65;65;82m██[38;2;65;65;82m██[38;2;65;65;82m██[38;2;65;65;82m██[38;2;65;65;82m██[38;2;65;65;82m██[38;2;65;65;82m██[38;2;65;65;82m██[38;2;65;65;82m██[38;2;65;65;82m██[38;2;65;65;82m██[38;2;65;65;82m██[38;2;65;65;82m██[38;2;65;65;82m██[38;2;65;65;82m██[38;2;16;16;16m██  
    [38;2;32;32;49m██[38;2;90;90;115m██[38;2;16;16;16m██                [38;2;16;16;16m██[38;2;65;65;82m██[38;2;65;65;82m██[38;2;65;65;82m██[38;2;65;65;82m██[38;2;65;65;82m██[38;2;65;65;82m██[38;2;65;65;82m██[38;2;65;65;82m██[38;2;65;65;82m██[38;2;65;65;82m██[38;2;65;65;82m██[38;2;65;65;82m██[38;2;65;65;82m██[38;2;65;65;82m██[38;2;65;65;82m██[38;2;65;65;82m██[38;2;65;65;82m██[38;2;65;65;82m██[38;2;65;65;82m██[38;2;65;65;82m██[38;2;65;65;82m██[38;2;65;65;82m██[38;2;32;32;49m██    
    [38;2;32;32;49m██[38;2;90;90;115m██[38;2;32;32;49m██                [38;2;16;16;16m██[38;2;65;65;82m██[38;2;65;65;82m██[38;2;65;65;82m██[38;2;65;65;82m██[38;2;65;65;82m██[38;2;65;65;82m██[38;2;65;65;82m██[38;2;65;65;82m██[38;2;65;65;82m██[38;2;65;65;82m██[38;2;65;65;82m██[38;2;65;65;82m██[38;2;65;65;82m██[38;2;65;65;82m██[38;2;65;65;82m██[38;2;65;65;82m██[38;2;65;65;82m██[38;2;65;65;82m██[38;2;65;65;82m██[38;2;65;65;82m██[38;2;65;65;82m██[38;2;65;65;82m██[38;2;16;16;16m██    
  [38;2;16;16;16m██[38;2;90;90;115m██[38;2;90;90;115m██[38;2;90;90;115m██[38;2;16;16;16m██                [38;2;16;16;16m██[38;2;65;65;82m██[38;2;65;65;82m██[38;2;65;65;82m██[38;2;65;65;82m██[38;2;65;65;82m██[38;2;65;65;82m██[38;2;65;65;82m██[38;2;65;65;82m██[38;2;65;65;82m██[38;2;65;65;82m██[38;2;65;65;82m██[38;2;65;65;82m██[38;2;65;65;82m██[38;2;65;65;82m██[38;2;65;65;82m██[38;2;65;65;82m██[38;2;65;65;82m██[38;2;65;65;82m██[38;2;65;65;82m██[38;2;65;65;82m██[38;2;16;16;16m██      
  [38;2;16;16;16m██[38;2;90;90;115m██[38;2;90;90;115m██[38;2;90;90;115m██[38;2;16;16;16m██[38;2;16;16;16m██                [38;2;16;16;16m██[38;2;65;65;82m██[38;2;65;65;82m██[38;2;65;65;82m██[38;2;65;65;82m██[38;2;65;65;82m██[38;2;65;65;82m██[38;2;65;65;82m██[38;2;65;65;82m██[38;2;65;65;82m██[38;2;65;65;82m██[38;2;65;65;82m██[38;2;65;65;82m██[38;2;65;65;82m██[38;2;65;65;82m██[38;2;65;65;82m██[38;2;65;65;82m██[38;2;65;65;82m██[38;2;65;65;82m██[38;2;16;16;16m██        
  [38;2;16;16;16m██[38;2;65;65;82m██[38;2;65;65;82m██[38;2;90;90;115m██[38;2;16;16;16m██[38;2;90;90;115m██[38;2;16;16;16m██              [38;2;16;16;16m██[38;2;65;65;82m██[38;2;65;65;82m██[38;2;65;65;82m██[38;2;65;65;82m██[38;2;65;65;82m██[38;2;65;65;82m██[38;2;65;65;82m██[38;2;65;65;82m██[38;2;65;65;82m██[38;2;65;65;82m██[38;2;65;65;82m██[38;2;65;65;82m██[38;2;65;65;82m██[38;2;65;65;82m██[38;2;65;65;82m██[38;2;65;65;82m██[38;2;65;65;82m██[38;2;16;16;16m██          
  [38;2;32;32;49m██[38;2;65;65;82m██[38;2;65;65;82m██[38;2;65;65;82m██[38;2;32;32;49m██[38;2;90;90;115m██[38;2;32;32;49m██    [38;2;16;16;16m██[38;2;16;16;16m██[38;2;16;16;16m██    [38;2;16;16;16m██[38;2;65;65;82m██[38;2;65;65;82m██[38;2;65;65;82m██[38;2;65;65;82m██[38;2;65;65;82m██[38;2;65;65;82m██[38;2;65;65;82m██[38;2;65;65;82m██[38;2;65;65;82m██[38;2;65;65;82m██[38;2;65;65;82m██[38;2;65;65;82m██[38;2;65;65;82m██[38;2;65;65;82m██[38;2;65;65;82m██[38;2;65;65;82m██[38;2;16;16;16m██[38;2;32;32;49m██          
[38;2;32;32;49m██[38;2;65;65;82m██[38;2;65;65;82m██[38;2;65;65;82m██[38;2;65;65;82m██[38;2;65;65;82m██[38;2;65;65;82m██[38;2;90;90;115m██[38;2;16;16;16m██  [38;2;16;16;16m██[38;2;49;49;65m██[38;2;49;49;65m██[38;2;16;16;16m██[38;2;16;16;16m██[38;2;16;16;16m██[38;2;16;16;16m██[38;2;16;16;16m██[38;2;65;65;82m██[38;2;65;65;82m██[38;2;65;65;82m██[38;2;65;65;82m██[38;2;65;65;82m██[38;2;65;65;82m██[38;2;65;65;82m██[38;2;65;65;82m██[38;2;65;65;82m██[38;2;65;65;82m██[38;2;65;65;82m██[38;2;65;65;82m██[38;2;65;65;82m██[38;2;65;65;82m██[38;2;65;65;82m██[38;2;32;32;49m██          
[38;2;16;16;16m██[38;2;65;65;82m██[38;2;65;65;82m██[38;2;65;65;82m██[38;2;65;65;82m██[38;2;65;65;82m██[38;2;65;65;82m██[38;2;65;65;82m██[38;2;16;16;16m██    [38;2;16;16;16m██[38;2;49;49;65m██[38;2;49;49;65m██[38;2;49;49;65m██[38;2;49;49;65m██[38;2;49;49;65m██[38;2;49;49;65m██[38;2;16;16;16m██[38;2;16;16;16m██[38;2;16;16;16m██[38;2;16;16;16m██[38;2;65;65;82m██[38;2;65;65;82m██[38;2;65;65;82m██[38;2;65;65;82m██[38;2;16;16;16m██[38;2;65;65;82m██[38;2;65;65;82m██[38;2;65;65;82m██[38;2;65;65;82m██[38;2;65;65;82m██[38;2;65;65;82m██[38;2;32;32;49m██          
[38;2;16;16;16m██[38;2;65;65;82m██[38;2;65;65;82m██[38;2;65;65;82m██[38;2;65;65;82m██[38;2;65;65;82m██[38;2;65;65;82m██[38;2;65;65;82m██[38;2;16;16;16m██[38;2;16;16;16m██  [38;2;16;16;16m██[38;2;32;32;49m██[38;2;32;32;49m██[38;2;49;49;65m██[38;2;49;49;65m██[38;2;49;49;65m██[38;2;32;32;49m██[38;2;32;32;49m██[38;2;32;32;49m██[38;2;32;32;49m██[38;2;32;32;49m██[38;2;16;16;16m██[38;2;16;16;16m██[38;2;65;65;82m██[38;2;65;65;82m██[38;2;32;32;49m██[38;2;16;16;16m██[38;2;65;65;82m██[38;2;65;65;82m██[38;2;65;65;82m██[38;2;65;65;82m██[38;2;65;65;82m██[38;2;90;90;115m██[38;2;32;32;49m██        
[38;2;16;16;16m██[38;2;65;65;82m██[38;2;65;65;82m██[38;2;65;65;82m██[38;2;65;65;82m██[38;2;65;65;82m██[38;2;65;65;82m██[38;2;65;65;82m██[38;2;16;16;16m██[38;2;90;90;115m██[38;2;32;32;49m██  [38;2;16;16;16m██[38;2;32;32;49m██[38;2;32;32;49m██[38;2;32;32;49m██[38;2;32;32;49m██[38;2;32;32;49m██[38;2;32;32;49m██[38;2;32;32;49m██[38;2;32;32;49m██[38;2;32;32;49m██[38;2;32;32;49m██[38;2;32;32;49m██[38;2;16;16;16m██[38;2;65;65;82m██[38;2;32;32;49m██[38;2;16;16;16m██[38;2;65;65;82m██[38;2;65;65;82m██[38;2;65;65;82m██[38;2;65;65;82m██[38;2;65;65;82m██[38;2;90;90;115m██[38;2;90;90;115m██[38;2;32;32;49m██      
[38;2;16;16;16m██[38;2;65;65;82m██[38;2;65;65;82m██[38;2;65;65;82m██[38;2;65;65;82m██[38;2;65;65;82m██[38;2;65;65;82m██[38;2;65;65;82m██[38;2;65;65;82m██[38;2;90;90;115m██[38;2;32;32;49m██  [38;2;16;16;16m██[38;2;32;32;49m██[38;2;32;32;49m██[38;2;32;32;49m██[38;2;32;32;49m██[38;2;32;32;49m██[38;2;32;32;49m██[38;2;32;32;49m██[38;2;32;32;49m██[38;2;32;32;49m██[38;2;32;32;49m██[38;2;32;32;49m██[38;2;32;32;49m██[38;2;16;16;16m██[38;2;16;16;16m██[38;2;32;32;49m██[38;2;16;16;16m██[38;2;65;65;82m██[38;2;65;65;82m██[38;2;65;65;82m██[38;2;65;65;82m██[38;2;65;65;82m██[38;2;90;90;115m██[38;2;16;16;16m██      
[38;2;16;16;16m██[38;2;65;65;82m██[38;2;65;65;82m██[38;2;65;65;82m██[38;2;65;65;82m██[38;2;65;65;82m██[38;2;65;65;82m██[38;2;65;65;82m██[38;2;65;65;82m██[38;2;65;65;82m██[38;2;16;16;16m██    [38;2;16;16;16m██[38;2;32;32;49m██[38;2;32;32;49m██[38;2;32;32;49m██[38;2;32;32;49m██[38;2;32;32;49m██[38;2;32;32;49m██[38;2;32;32;49m██[38;2;32;32;49m██[38;2;32;32;49m██[38;2;32;32;49m██[38;2;32;32;49m██[38;2;32;32;49m██[38;2;16;16;16m██[38;2;32;32;49m██[38;2;16;16;16m██[38;2;65;65;82m██[38;2;65;65;82m██[38;2;65;65;82m██[38;2;65;65;82m██[38;2;65;65;82m██[38;2;16;16;16m██        
  [38;2;32;32;49m██[38;2;65;65;82m██[38;2;65;65;82m██[38;2;65;65;82m██[38;2;65;65;82m██[38;2;65;65;82m██[38;2;65;65;82m██[38;2;65;65;82m██[38;2;65;65;82m██[38;2;16;16;16m██[38;2;16;16;16m██[38;2;16;16;16m██[38;2;16;16;16m██[38;2;16;16;16m██[38;2;16;16;16m██[38;2;32;32;49m██[38;2;32;32;49m██[38;2;32;32;49m██[38;2;32;32;49m██[38;2;32;32;49m██[38;2;32;32;49m██[38;2;32;32;49m██[38;2;32;32;49m██[38;2;32;32;49m██[38;2;32;32;49m██[38;2;32;32;49m██[38;2;32;32;49m██[38;2;16;16;16m██[38;2;65;65;82m██[38;2;65;65;82m██[38;2;65;65;82m██[38;2;16;16;16m██[38;2;16;16;16m██          
  [38;2;16;16;16m██[38;2;65;65;82m██[38;2;65;65;82m██[38;2;65;65;82m██[38;2;65;65;82m██[38;2;65;65;82m██[38;2;65;65;82m██[38;2;65;65;82m██[38;2;65;65;82m██[38;2;16;16;16m██[38;2;90;90;115m██[38;2;90;90;115m██[38;2;90;90;115m██[38;2;65;65;82m██[38;2;49;49;65m██[38;2;16;16;16m██[38;2;16;16;16m██[38;2;16;16;16m██[38;2;16;16;16m██[38;2;16;16;16m██[38;2;16;16;16m██[38;2;32;32;49m██[38;2;32;32;49m██[38;2;32;32;49m██[38;2;32;32;49m██[38;2;32;32;49m██[38;2;32;32;49m██[38;2;32;32;49m██[38;2;16;16;16m██[38;2;16;16;16m██[38;2;16;16;16m██              
    [38;2;32;32;49m██[38;2;65;65;82m██[38;2;65;65;82m██[38;2;65;65;82m██[38;2;65;65;82m██[38;2;65;65;82m██[38;2;65;65;82m██[38;2;16;16;16m██[38;2;65;65;82m██[38;2;65;65;82m██[38;2;90;90;115m██[38;2;90;90;115m██[38;2;90;90;115m██[38;2;90;90;115m██[38;2;65;65;82m██[38;2;65;65;82m██[38;2;65;65;82m██[38;2;65;65;82m██[38;2;65;65;82m██[38;2;65;65;82m██[38;2;16;16;16m██[38;2;16;16;16m██[38;2;32;32;49m██[38;2;32;32;49m██[38;2;32;32;49m██[38;2;32;32;49m██[38;2;49;49;65m██[38;2;16;16;16m██                  
      [38;2;16;16;16m██[38;2;16;16;16m██[38;2;65;65;82m██[38;2;65;65;82m██[38;2;65;65;82m██[38;2;65;65;82m██[38;2;65;65;82m██[38;2;65;65;82m██[38;2;65;65;82m██[38;2;65;65;82m██[38;2;65;65;82m██[38;2;65;65;82m██[38;2;65;65;82m██[38;2;65;65;82m██[38;2;65;65;82m██[38;2;65;65;82m██[38;2;65;65;82m██[38;2;65;65;82m██[38;2;65;65;82m██[38;2;65;65;82m██[38;2;65;65;82m██[38;2;16;16;16m██[38;2;32;32;49m██[38;2;32;32;49m██[38;2;32;32;49m██[38;2;49;49;65m██[38;2;16;16;16m██                  
          [38;2;16;16;16m██[38;2;16;16;16m██[38;2;16;16;16m██[38;2;65;65;82m██[38;2;65;65;82m██[38;2;65;65;82m██[38;2;65;65;82m██[38;2;65;65;82m██[38;2;65;65;82m██[38;2;65;65;82m██[38;2;65;65;82m██[38;2;65;65;82m██[38;2;65;65;82m██[38;2;65;65;82m██[38;2;65;65;82m██[38;2;65;65;82m██[38;2;65;65;82m██[38;2;65;65;82m██[38;2;65;65;82m██[38;2;65;65;82m██[38;2;16;16;16m██[38;2;32;32;49m██[38;2;49;49;65m██[38;2;49;49;65m██[38;2;16;16;16m██                  
          [38;2;32;32;49m██[38;2;49;49;65m██[38;2;65;65;82m██[38;2;65;65;82m██[38;2;65;65;82m██[38;2;65;65;82m██[38;2;65;65;82m██[38;2;65;65;82m██[38;2;65;65;82m██[38;2;65;65;82m██[38;2;65;65;82m██[38;2;65;65;82m██[38;2;65;65;82m██[38;2;65;65;82m██[38;2;65;65;82m██[38;2;65;65;82m██[38;2;65;65;82m██[38;2;65;65;82m██[38;2;65;65;82m██[38;2;90;90;115m██[38;2;65;65;82m██[38;2;16;16;16m██[38;2;49;49;65m██[38;2;16;16;16m██                    
          [38;2;16;16;16m██[38;2;65;65;82m██[38;2;65;65;82m██[38;2;65;65;82m██[38;2;16;16;16m██[38;2;65;65;82m██[38;2;65;65;82m██[38;2;65;65;82m██[38;2;65;65;82m██[38;2;65;65;82m██[38;2;65;65;82m██[38;2;65;65;82m██[38;2;65;65;82m██[38;2;32;32;49m██[38;2;65;65;82m██[38;2;65;65;82m██[38;2;65;65;82m██[38;2;65;65;82m██[38;2;65;65;82m██[38;2;90;90;115m██[38;2;90;90;115m██[38;2;16;16;16m██[38;2;49;49;65m██[38;2;16;16;16m██                    
          [38;2;16;16;16m██[38;2;65;65;82m██[38;2;65;65;82m██[38;2;65;65;82m██[38;2;16;16;16m██[38;2;65;65;82m██[38;2;65;65;82m██[38;2;65;65;82m██[38;2;65;65;82m██[38;2;65;65;82m██[38;2;65;65;82m██[38;2;65;65;82m██[38;2;65;65;82m██[38;2;32;32;49m██[38;2;65;65;82m██[38;2;65;65;82m██[38;2;65;65;82m██[38;2;65;65;82m██[38;2;65;65;82m██[38;2;90;90;115m██[38;2;90;90;115m██[38;2;16;16;16m██[38;2;16;16;16m██                      
        [38;2;16;16;16m██[38;2;65;65;82m██[38;2;65;65;82m██[38;2;65;65;82m██[38;2;65;65;82m██[38;2;49;49;65m██[38;2;16;16;16m██[38;2;65;65;82m██[38;2;65;65;82m██[38;2;65;65;82m██[38;2;65;65;82m██[38;2;65;65;82m██[38;2;65;65;82m██[38;2;16;16;16m██[38;2;65;65;82m██[38;2;65;65;82m██[38;2;65;65;82m██[38;2;49;49;65m██[38;2;32;32;49m██[38;2;65;65;82m██[38;2;65;65;82m██[38;2;90;90;115m██[38;2;16;16;16m██                        
        [38;2;16;16;16m██[38;2;65;65;82m██[38;2;65;65;82m██[38;2;65;65;82m██[38;2;65;65;82m██[38;2;49;49;65m██[38;2;16;16;16m██[38;2;65;65;82m██[38;2;65;65;82m██[38;2;65;65;82m██[38;2;65;65;82m██[38;2;65;65;82m██[38;2;65;65;82m██[38;2;16;16;16m██[38;2;32;32;49m██[38;2;32;32;49m██[38;2;32;32;49m██[38;2;32;32;49m██[38;2;65;65;82m██[38;2;65;65;82m██[38;2;65;65;82m██[38;2;90;90;115m██[38;2;32;32;49m██                        
        [38;2;16;16;16m██[38;2;65;65;82m██[38;2;65;65;82m██[38;2;65;65;82m██[38;2;65;65;82m██[38;2;32;32;49m██[38;2;16;16;16m██[38;2;65;65;82m██[38;2;65;65;82m██[38;2;65;65;82m██[38;2;65;65;82m██[38;2;65;65;82m██[38;2;16;16;16m██[38;2;49;49;65m██[38;2;49;49;65m██[38;2;49;49;65m██[38;2;49;49;65m██[38;2;16;16;16m██[38;2;65;65;82m██[38;2;65;65;82m██[38;2;65;65;82m██[38;2;65;65;82m██[38;2;32;32;49m██                        
        [38;2;16;16;16m██[38;2;65;8;16m██[38;2;65;65;82m██[38;2;65;65;82m██[38;2;32;32;49m██  [38;2;16;16;16m██[38;2;65;65;82m██[38;2;65;65;82m██[38;2;65;65;82m██[38;2;65;65;82m██[38;2;16;16;16m██  [38;2;32;32;49m██[38;2;49;49;65m██[38;2;49;49;65m██[38;2;32;32;49m██  [38;2;16;16;16m██[38;2;65;65;82m██[38;2;65;65;82m██[38;2;65;65;82m██[38;2;16;16;16m██                        
        [38;2;16;16;16m██[38;2;106;32;57m██[38;2;65;8;16m██[38;2;65;8;16m██[38;2;16;16;16m██  [38;2;16;16;16m██[38;2;65;8;16m██[38;2;65;65;82m██[38;2;65;65;82m██[38;2;16;16;16m██    [38;2;32;32;49m██[38;2;65;8;16m██[38;2;65;8;16m██[38;2;32;32;49m██  [38;2;16;16;16m██[38;2;65;8;16m██[38;2;65;65;82m██[38;2;65;65;82m██[38;2;16;16;16m██                        
          [38;2;16;16;16m██[38;2;106;32;57m██[38;2;106;32;57m██[38;2;16;16;16m██  [38;2;16;16;16m██[38;2;106;32;57m██[38;2;65;8;16m██[38;2;65;8;16m██[38;2;16;16;16m██      [38;2;16;16;16m██[38;2;106;32;57m██[38;2;106;32;57m██[38;2;16;16;16m██  [38;2;16;16;16m██[38;2;65;8;16m██[38;2;65;8;16m██[38;2;106;32;57m██[38;2;16;16;16m██                      
          [38;2;16;16;16m██[38;2;106;32;57m██[38;2;106;32;57m██[38;2;16;16;16m██  [38;2;16;16;16m██[38;2;106;32;57m██[38;2;106;32;57m██[38;2;106;32;57m██[38;2;16;16;16m██      [38;2;16;16;16m██[38;2;106;32;57m██[38;2;106;32;57m██[38;2;16;16;16m██  [38;2;16;16;16m██[38;2;106;32;57m██[38;2;106;32;57m██[38;2;106;32;57m██[38;2;16;16;16m██                      
          [38;2;16;16;16m██[38;2;106;32;57m██[38;2;106;32;57m██[38;2;16;16;16m██    [38;2;16;16;16m██[38;2;106;32;57m██[38;2;106;32;57m██[38;2;16;16;16m██        [38;2;16;16;16m██[38;2;16;16;16m██      [38;2;16;16;16m██[38;2;106;32;57m██[38;2;106;32;57m██[38;2;16;16;16m██                      
            [38;2;16;16;16m██[38;2;16;16;16m██      [38;2;16;16;16m██[38;2;106;32;57m██[38;2;106;32;57m██[38;2;16;16;16m██                    [38;2;16;16;16m██[38;2;16;16;16m██                        
                        [38;2;16;16;16m██[38;2;16;16;16m██                                                  
