                                                                                            [38;2;71;71;79m██[38;2;71;71;79m██[38;2;71;71;79m██                  
                                                                                          [38;2;20;14;19m██[38;2;248;248;250m██[38;2;248;248;250m██[38;2;248;248;250m██[38;2;71;71;79m██[38;2;71;71;79m██              
                                            [38;2;71;71;79m██[38;2;71;71;79m██[38;2;71;71;79m██                                      [38;2;20;14;19m██[38;2;248;248;250m██[38;2;248;248;250m██[38;2;248;248;250m██[38;2;248;248;250m██[38;2;248;248;250m██[38;2;248;248;250m██[38;2;71;71;79m██            
                                          [38;2;71;71;79m██[38;2;248;248;250m██[38;2;248;248;250m██[38;2;248;248;250m██[38;2;71;71;79m██[38;2;71;71;79m██                                [38;2;20;14;19m██[38;2;216;214;224m██[38;2;216;214;224m██[38;2;216;214;224m██[38;2;248;248;250m██[38;2;248;248;250m██[38;2;248;248;250m██[38;2;248;248;250m██[38;2;248;248;250m██[38;2;71;71;79m██          
                                          [38;2;20;14;19m██[38;2;216;214;224m██[38;2;248;248;250m██[38;2;248;248;250m██[38;2;248;248;250m██[38;2;248;248;250m██[38;2;71;71;79m██[38;2;71;71;79m██                            [38;2;20;14;19m██[38;2;216;214;224m██[38;2;216;214;224m██[38;2;216;214;224m██[38;2;216;214;224m██[38;2;216;214;224m██[38;2;248;248;250m██[38;2;248;248;250m██[38;2;248;248;250m██[38;2;71;71;79m██          
                                        [38;2;20;14;19m██[38;2;216;214;224m██[38;2;216;214;224m██[38;2;216;214;224m██[38;2;216;214;224m██[38;2;248;248;250m██[38;2;248;248;250m██[38;2;248;248;250m██[38;2;248;248;250m██[38;2;71;71;79m██                        [38;2;20;14;19m██[38;2;216;214;224m██[38;2;216;214;224m██[38;2;216;214;224m██[38;2;216;214;224m██[38;2;216;214;224m██[38;2;216;214;224m██[38;2;216;214;224m██[38;2;248;248;250m██[38;2;248;248;250m██[38;2;248;248;250m██[38;2;71;71;79m██        
                                        [38;2;20;14;19m██[38;2;216;214;224m██[38;2;216;214;224m██[38;2;216;214;224m██[38;2;216;214;224m██[38;2;216;214;224m██[38;2;248;248;250m██[38;2;248;248;250m██[38;2;248;248;250m██[38;2;248;248;250m██[38;2;71;71;79m██                      [38;2;16;16;16m██[38;2;146;142;164m██[38;2;216;214;224m██[38;2;216;214;224m██[38;2;216;214;224m██[38;2;216;214;224m██[38;2;216;214;224m██[38;2;216;214;224m██[38;2;216;214;224m██[38;2;248;248;250m██[38;2;216;214;224m██[38;2;103;104;113m██[38;2;20;14;19m██      
                                      [38;2;20;14;19m██[38;2;216;214;224m██[38;2;216;214;224m██[38;2;216;214;224m██[38;2;216;214;224m██[38;2;216;214;224m██[38;2;71;71;79m██[38;2;71;71;79m██[38;2;248;248;250m██[38;2;248;248;250m██[38;2;103;104;113m██[38;2;103;104;113m██[38;2;71;71;79m██                  [38;2;16;16;16m██[38;2;71;71;79m██[38;2;71;71;79m██[38;2;146;142;164m██[38;2;216;214;224m██[38;2;146;142;164m██[38;2;71;71;79m██[38;2;71;71;79m██[38;2;146;142;164m██[38;2;216;214;224m██[38;2;103;104;113m██[38;2;103;104;113m██[38;2;103;104;113m██[38;2;20;14;19m██      
                                      [38;2;20;14;19m██[38;2;71;71;79m██[38;2;216;214;224m██[38;2;216;214;224m██[38;2;71;71;79m██[38;2;71;71;79m██[38;2;71;71;79m██[38;2;71;71;79m██[38;2;71;71;79m██[38;2;103;104;113m██[38;2;103;104;113m██[38;2;103;104;113m██[38;2;20;14;19m██          [38;2;20;14;19m██[38;2;20;14;19m██    [38;2;16;16;16m██[38;2;71;71;79m██[38;2;71;71;79m██[38;2;71;71;79m██[38;2;71;71;79m██[38;2;71;71;79m██[38;2;71;71;79m██[38;2;71;71;79m██[38;2;71;71;79m██[38;2;71;71;79m██[38;2;71;71;79m██[38;2;103;104;113m██[38;2;103;104;113m██[38;2;103;104;113m██[38;2;20;14;19m██    
                                      [38;2;20;14;19m██[38;2;71;71;79m██[38;2;71;71;79m██[38;2;71;71;79m██[38;2;71;71;79m██[38;2;71;71;79m██[38;2;71;71;79m██[38;2;71;71;79m██[38;2;71;71;79m██[38;2;71;71;79m██[38;2;103;104;113m██[38;2;103;104;113m██[38;2;103;104;113m██[38;2;20;14;19m██      [38;2;20;14;19m██[38;2;103;104;113m██[38;2;103;104;113m██[38;2;20;14;19m██  [38;2;16;16;16m██[38;2;71;71;79m██[38;2;71;71;79m██[38;2;71;71;79m██[38;2;71;71;79m██[38;2;71;71;79m██[38;2;71;71;79m██[38;2;71;71;79m██[38;2;71;71;79m██[38;2;71;71;79m██[38;2;71;71;79m██[38;2;71;71;79m██[38;2;103;104;113m██[38;2;103;104;113m██[38;2;20;14;19m██    
                                      [38;2;20;14;19m██[38;2;71;71;79m██[38;2;71;71;79m██[38;2;71;71;79m██[38;2;71;71;79m██[38;2;71;71;79m██[38;2;71;71;79m██[38;2;71;71;79m██[38;2;71;71;79m██[38;2;71;71;79m██[38;2;103;104;113m██[38;2;103;104;113m██[38;2;103;104;113m██[38;2;20;14;19m██      [38;2;20;14;19m██[38;2;103;104;113m██[38;2;103;104;113m██[38;2;103;104;113m██[38;2;16;16;16m██[38;2;71;71;79m██[38;2;71;71;79m██[38;2;71;71;79m██[38;2;71;71;79m██[38;2;71;71;79m██[38;2;71;71;79m██[38;2;71;71;79m██[38;2;71;71;79m██[38;2;71;71;79m██[38;2;71;71;79m██[38;2;71;71;79m██[38;2;71;71;79m██[38;2;103;104;113m██[38;2;103;104;113m██[38;2;103;104;113m██[38;2;20;14;19m██  
                                    [38;2;20;14;19m██[38;2;71;71;79m██[38;2;71;71;79m██[38;2;71;71;79m██[38;2;71;71;79m██[38;2;71;71;79m██[38;2;71;71;79m██[38;2;71;71;79m██[38;2;71;71;79m██[38;2;71;71;79m██[38;2;71;71;79m██[38;2;71;71;79m██[38;2;103;104;113m██[38;2;103;104;113m██[38;2;103;104;113m██[38;2;20;14;19m██    [38;2;20;14;19m██[38;2;71;71;79m██[38;2;103;104;113m██[38;2;103;104;113m██[38;2;16;16;16m██[38;2;71;71;79m██[38;2;71;71;79m██[38;2;71;71;79m██[38;2;71;71;79m██[38;2;71;71;79m██[38;2;71;71;79m██[38;2;71;71;79m██[38;2;71;71;79m██[38;2;71;71;79m██[38;2;71;71;79m██[38;2;71;71;79m██[38;2;71;71;79m██[38;2;103;104;113m██[38;2;103;104;113m██[38;2;103;104;113m██[38;2;20;14;19m██  
                                    [38;2;16;16;16m██[38;2;71;71;79m██[38;2;71;71;79m██[38;2;71;71;79m██[38;2;71;71;79m██[38;2;71;71;79m██[38;2;71;71;79m██[38;2;71;71;79m██[38;2;71;71;79m██[38;2;71;71;79m██[38;2;71;71;79m██[38;2;71;71;79m██[38;2;103;104;113m██[38;2;103;104;113m██[38;2;103;104;113m██[38;2;20;14;19m██      [38;2;20;14;19m██[38;2;71;71;79m██[38;2;103;104;113m██[38;2;16;16;16m██[38;2;71;71;79m██[38;2;71;71;79m██[38;2;71;71;79m██[38;2;71;71;79m██[38;2;71;71;79m██[38;2;71;71;79m██[38;2;71;71;79m██[38;2;71;71;79m██[38;2;71;71;79m██[38;2;71;71;79m██[38;2;71;71;79m██[38;2;71;71;79m██[38;2;71;71;79m██[38;2;103;104;113m██[38;2;103;104;113m██[38;2;20;14;19m██  
                                    [38;2;16;16;16m██[38;2;71;71;79m██[38;2;71;71;79m██[38;2;71;71;79m██[38;2;71;71;79m██[38;2;71;71;79m██[38;2;71;71;79m██[38;2;71;71;79m██[38;2;71;71;79m██[38;2;71;71;79m██[38;2;71;71;79m██[38;2;71;71;79m██[38;2;71;71;79m██[38;2;103;104;113m██[38;2;71;71;79m██[38;2;20;14;19m██      [38;2;20;14;19m██[38;2;71;71;79m██[38;2;71;71;79m██[38;2;16;16;16m██[38;2;71;71;79m██[38;2;71;71;79m██[38;2;71;71;79m██[38;2;71;71;79m██[38;2;71;71;79m██[38;2;71;71;79m██[38;2;71;71;79m██[38;2;71;71;79m██[38;2;71;71;79m██[38;2;71;71;79m██[38;2;71;71;79m██[38;2;71;71;79m██[38;2;71;71;79m██[38;2;103;104;113m██[38;2;103;104;113m██[38;2;103;104;113m██[38;2;20;14;19m██
                                    [38;2;16;16;16m██[38;2;71;71;79m██[38;2;71;71;79m██[38;2;71;71;79m██[38;2;71;71;79m██[38;2;71;71;79m██[38;2;71;71;79m██[38;2;71;71;79m██[38;2;71;71;79m██[38;2;71;71;79m██[38;2;71;71;79m██[38;2;71;71;79m██[38;2;71;71;79m██[38;2;71;71;79m██[38;2;71;71;79m██[38;2;71;71;79m██[38;2;20;14;19m██      [38;2;71;71;79m██[38;2;16;16;16m██[38;2;71;71;79m██[38;2;71;71;79m██[38;2;71;71;79m██[38;2;71;71;79m██[38;2;71;71;79m██[38;2;71;71;79m██[38;2;71;71;79m██[38;2;71;71;79m██[38;2;71;71;79m██[38;2;71;71;79m██[38;2;71;71;79m██[38;2;71;71;79m██[38;2;71;71;79m██[38;2;71;71;79m██[38;2;71;71;79m██[38;2;103;104;113m██[38;2;71;71;79m██[38;2;16;16;16m██
              [38;2;71;71;79m██[38;2;71;71;79m██                  [38;2;16;16;16m██[38;2;71;71;79m██[38;2;71;71;79m██[38;2;71;71;79m██[38;2;71;71;79m██[38;2;71;71;79m██[38;2;71;71;79m██[38;2;71;71;79m██[38;2;71;71;79m██[38;2;71;71;79m██[38;2;71;71;79m██[38;2;71;71;79m██[38;2;71;71;79m██[38;2;71;71;79m██[38;2;71;71;79m██[38;2;71;71;79m██[38;2;20;14;19m██      [38;2;20;14;19m██[38;2;16;16;16m██[38;2;71;71;79m██[38;2;71;71;79m██[38;2;71;71;79m██[38;2;71;71;79m██[38;2;71;71;79m██[38;2;71;71;79m██[38;2;71;71;79m██[38;2;71;71;79m██[38;2;71;71;79m██[38;2;71;71;79m██[38;2;71;71;79m██[38;2;71;71;79m██[38;2;71;71;79m██[38;2;71;71;79m██[38;2;71;71;79m██[38;2;71;71;79m██[38;2;71;71;79m██[38;2;16;16;16m██
            [38;2;20;14;19m██[38;2;248;248;250m██[38;2;248;248;250m██[38;2;71;71;79m██                [38;2;16;16;16m██[38;2;71;71;79m██[38;2;71;71;79m██[38;2;71;71;79m██[38;2;71;71;79m██[38;2;71;71;79m██[38;2;71;71;79m██[38;2;71;71;79m██[38;2;71;71;79m██[38;2;71;71;79m██[38;2;71;71;79m██[38;2;71;71;79m██[38;2;71;71;79m██[38;2;71;71;79m██[38;2;71;71;79m██[38;2;71;71;79m██[38;2;20;14;19m██  [38;2;16;16;16m██[38;2;16;16;16m██[38;2;16;16;16m██[38;2;16;16;16m██[38;2;71;71;79m██[38;2;71;71;79m██[38;2;71;71;79m██[38;2;71;71;79m██[38;2;71;71;79m██[38;2;71;71;79m██[38;2;71;71;79m██[38;2;71;71;79m██[38;2;71;71;79m██[38;2;71;71;79m██[38;2;71;71;79m██[38;2;71;71;79m██[38;2;71;71;79m██[38;2;71;71;79m██[38;2;71;71;79m██[38;2;71;71;79m██[38;2;71;71;79m██[38;2;16;16;16m██
          [38;2;20;14;19m██[38;2;248;248;250m██[38;2;248;248;250m██[38;2;248;248;250m██[38;2;20;14;19m██                [38;2;16;16;16m██[38;2;71;71;79m██[38;2;71;71;79m██[38;2;71;71;79m██[38;2;71;71;79m██[38;2;71;71;79m██[38;2;71;71;79m██[38;2;71;71;79m██[38;2;71;71;79m██[38;2;71;71;79m██[38;2;71;71;79m██[38;2;71;71;79m██[38;2;71;71;79m██[38;2;71;71;79m██[38;2;71;71;79m██[38;2;16;16;16m██[38;2;16;16;16m██[38;2;16;16;16m██[38;2;103;104;113m██[38;2;103;104;113m██[38;2;103;104;113m██[38;2;16;16;16m██[38;2;71;71;79m██[38;2;71;71;79m██[38;2;71;71;79m██[38;2;71;71;79m██[38;2;71;71;79m██[38;2;71;71;79m██[38;2;71;71;79m██[38;2;71;71;79m██[38;2;71;71;79m██[38;2;71;71;79m██[38;2;71;71;79m██[38;2;71;71;79m██[38;2;71;71;79m██[38;2;71;71;79m██[38;2;71;71;79m██[38;2;71;71;79m██[38;2;71;71;79m██[38;2;16;16;16m██
          [38;2;20;14;19m██[38;2;248;248;250m██[38;2;248;248;250m██[38;2;248;248;250m██[38;2;20;14;19m██                [38;2;16;16;16m██[38;2;71;71;79m██[38;2;71;71;79m██[38;2;71;71;79m██[38;2;71;71;79m██[38;2;71;71;79m██[38;2;71;71;79m██[38;2;71;71;79m██[38;2;71;71;79m██[38;2;71;71;79m██[38;2;71;71;79m██[38;2;71;71;79m██[38;2;71;71;79m██[38;2;71;71;79m██[38;2;20;14;19m██[38;2;20;14;19m██[38;2;103;104;113m██[38;2;103;104;113m██[38;2;103;104;113m██[38;2;103;104;113m██[38;2;103;104;113m██[38;2;71;71;79m██[38;2;71;71;79m██[38;2;71;71;79m██[38;2;71;71;79m██[38;2;71;71;79m██[38;2;71;71;79m██[38;2;71;71;79m██[38;2;71;71;79m██[38;2;71;71;79m██[38;2;71;71;79m██[38;2;71;71;79m██[38;2;71;71;79m██[38;2;71;71;79m██[38;2;71;71;79m██[38;2;71;71;79m██[38;2;71;71;79m██[38;2;71;71;79m██[38;2;71;71;79m██[38;2;16;16;16m██
        [38;2;20;14;19m██[38;2;248;248;250m██[38;2;248;248;250m██[38;2;248;248;250m██[38;2;20;14;19m██                    [38;2;16;16;16m██[38;2;71;71;79m██[38;2;71;71;79m██[38;2;71;71;79m██[38;2;71;71;79m██[38;2;71;71;79m██[38;2;71;71;79m██[38;2;71;71;79m██[38;2;71;71;79m██[38;2;71;71;79m██[38;2;71;71;79m██[38;2;71;71;79m██[38;2;71;71;79m██[38;2;103;104;113m██[38;2;103;104;113m██[38;2;103;104;113m██[38;2;103;104;113m██[38;2;103;104;113m██[38;2;103;104;113m██[38;2;103;104;113m██[38;2;71;71;79m██[38;2;71;71;79m██[38;2;71;71;79m██[38;2;71;71;79m██[38;2;71;71;79m██[38;2;71;71;79m██[38;2;71;71;79m██[38;2;71;71;79m██[38;2;71;71;79m██[38;2;71;71;79m██[38;2;71;71;79m██[38;2;71;71;79m██[38;2;71;71;79m██[38;2;71;71;79m██[38;2;71;71;79m██[38;2;71;71;79m██[38;2;71;71;79m██[38;2;20;14;19m██  
        [38;2;20;14;19m██[38;2;248;248;250m██[38;2;248;248;250m██[38;2;248;248;250m██[38;2;20;14;19m██                    [38;2;16;16;16m██[38;2;71;71;79m██[38;2;71;71;79m██[38;2;71;71;79m██[38;2;71;71;79m██[38;2;71;71;79m██[38;2;71;71;79m██[38;2;71;71;79m██[38;2;71;71;79m██[38;2;71;71;79m██[38;2;71;71;79m██[38;2;20;14;19m██[38;2;103;104;113m██[38;2;103;104;113m██[38;2;103;104;113m██[38;2;103;104;113m██[38;2;103;104;113m██[38;2;103;104;113m██[38;2;71;71;79m██[38;2;71;71;79m██[38;2;71;71;79m██[38;2;71;71;79m██[38;2;71;71;79m██[38;2;71;71;79m██[38;2;71;71;79m██[38;2;71;71;79m██[38;2;71;71;79m██[38;2;71;71;79m██[38;2;71;71;79m██[38;2;71;71;79m██[38;2;71;71;79m██[38;2;71;71;79m██[38;2;71;71;79m██[38;2;71;71;79m██[38;2;71;71;79m██[38;2;71;71;79m██[38;2;71;71;79m██[38;2;16;16;16m██  
      [38;2;20;14;19m██[38;2;248;248;250m██[38;2;248;248;250m██[38;2;248;248;250m██[38;2;248;248;250m██[38;2;20;14;19m██                    [38;2;16;16;16m██[38;2;71;71;79m██[38;2;71;71;79m██[38;2;71;71;79m██[38;2;71;71;79m██[38;2;71;71;79m██[38;2;71;71;79m██[38;2;71;71;79m██[38;2;71;71;79m██[38;2;71;71;79m██[38;2;20;14;19m██[38;2;71;71;79m██[38;2;71;71;79m██[38;2;103;104;113m██[38;2;103;104;113m██[38;2;103;104;113m██[38;2;71;71;79m██[38;2;71;71;79m██[38;2;71;71;79m██[38;2;71;71;79m██[38;2;71;71;79m██[38;2;71;71;79m██[38;2;71;71;79m██[38;2;71;71;79m██[38;2;71;71;79m██[38;2;71;71;79m██[38;2;71;71;79m██[38;2;71;71;79m██[38;2;71;71;79m██[38;2;71;71;79m██[38;2;71;71;79m██[38;2;71;71;79m██[38;2;71;71;79m██[38;2;71;71;79m██[38;2;71;71;79m██[38;2;71;71;79m██[38;2;71;71;79m██[38;2;16;16;16m██  
      [38;2;16;16;16m██[38;2;248;248;250m██[38;2;248;248;250m██[38;2;248;248;250m██[38;2;186;183;201m██[38;2;20;14;19m██                    [38;2;16;16;16m██[38;2;71;71;79m██[38;2;71;71;79m██[38;2;71;71;79m██[38;2;71;71;79m██[38;2;71;71;79m██[38;2;71;71;79m██[38;2;71;71;79m██[38;2;71;71;79m██[38;2;20;14;19m██[38;2;71;71;79m██[38;2;71;71;79m██[38;2;71;71;79m██[38;2;71;71;79m██[38;2;71;71;79m██[38;2;71;71;79m██[38;2;71;71;79m██[38;2;71;71;79m██[38;2;71;71;79m██[38;2;71;71;79m██[38;2;71;71;79m██[38;2;71;71;79m██[38;2;71;71;79m██[38;2;71;71;79m██[38;2;71;71;79m██[38;2;71;71;79m██[38;2;71;71;79m██[38;2;71;71;79m██[38;2;71;71;79m██[38;2;71;71;79m██[38;2;71;71;79m██[38;2;71;71;79m██[38;2;71;71;79m██[38;2;71;71;79m██[38;2;71;71;79m██[38;2;71;71;79m██[38;2;20;14;19m██    
      [38;2;16;16;16m██[38;2;103;104;113m██[38;2;186;183;201m██[38;2;186;183;201m██[38;2;103;104;113m██[38;2;20;14;19m██                    [38;2;16;16;16m██[38;2;71;71;79m██[38;2;71;71;79m██[38;2;71;71;79m██[38;2;71;71;79m██[38;2;71;71;79m██[38;2;71;71;79m██[38;2;71;71;79m██[38;2;71;71;79m██[38;2;20;14;19m██[38;2;71;71;79m██[38;2;71;71;79m██[38;2;71;71;79m██[38;2;71;71;79m██[38;2;71;71;79m██[38;2;71;71;79m██[38;2;71;71;79m██[38;2;71;71;79m██[38;2;71;71;79m██[38;2;71;71;79m██[38;2;71;71;79m██[38;2;71;71;79m██[38;2;71;71;79m██[38;2;71;71;79m██[38;2;71;71;79m██[38;2;71;71;79m██[38;2;71;71;79m██[38;2;71;71;79m██[38;2;71;71;79m██[38;2;71;71;79m██[38;2;71;71;79m██[38;2;71;71;79m██[38;2;71;71;79m██[38;2;71;71;79m██[38;2;71;71;79m██[38;2;71;71;79m██[38;2;16;16;16m██    
    [38;2;20;14;19m██[38;2;103;104;113m██[38;2;103;104;113m██[38;2;103;104;113m██[38;2;103;104;113m██[38;2;103;104;113m██[38;2;20;14;19m██                      [38;2;16;16;16m██[38;2;71;71;79m██[38;2;71;71;79m██[38;2;71;71;79m██[38;2;71;71;79m██[38;2;71;71;79m██[38;2;71;71;79m██[38;2;71;71;79m██[38;2;71;71;79m██[38;2;71;71;79m██[38;2;71;71;79m██[38;2;71;71;79m██[38;2;71;71;79m██[38;2;71;71;79m██[38;2;71;71;79m██[38;2;71;71;79m██[38;2;71;71;79m██[38;2;71;71;79m██[38;2;71;71;79m██[38;2;71;71;79m██[38;2;71;71;79m██[38;2;71;71;79m██[38;2;71;71;79m██[38;2;71;71;79m██[38;2;71;71;79m██[38;2;71;71;79m██[38;2;71;71;79m██[38;2;71;71;79m██[38;2;71;71;79m██[38;2;71;71;79m██[38;2;71;71;79m██[38;2;71;71;79m██[38;2;71;71;79m██[38;2;71;71;79m██[38;2;16;16;16m██      
    [38;2;16;16;16m██[38;2;103;104;113m██[38;2;103;104;113m██[38;2;103;104;113m██[38;2;103;104;113m██[38;2;103;104;113m██[38;2;20;14;19m██                      [38;2;16;16;16m██[38;2;71;71;79m██[38;2;71;71;79m██[38;2;71;71;79m██[38;2;71;71;79m██[38;2;71;71;79m██[38;2;71;71;79m██[38;2;71;71;79m██[38;2;71;71;79m██[38;2;71;71;79m██[38;2;71;71;79m██[38;2;71;71;79m██[38;2;71;71;79m██[38;2;71;71;79m██[38;2;71;71;79m██[38;2;71;71;79m██[38;2;71;71;79m██[38;2;71;71;79m██[38;2;71;71;79m██[38;2;71;71;79m██[38;2;71;71;79m██[38;2;71;71;79m██[38;2;71;71;79m██[38;2;71;71;79m██[38;2;71;71;79m██[38;2;71;71;79m██[38;2;71;71;79m██[38;2;71;71;79m██[38;2;71;71;79m██[38;2;71;71;79m██[38;2;71;71;79m██[38;2;71;71;79m██[38;2;71;71;79m██[38;2;16;16;16m██        
    [38;2;16;16;16m██[38;2;103;104;113m██[38;2;103;104;113m██[38;2;103;104;113m██[38;2;103;104;113m██[38;2;103;104;113m██[38;2;103;104;113m██[38;2;20;14;19m██                      [38;2;16;16;16m██[38;2;71;71;79m██[38;2;71;71;79m██[38;2;71;71;79m██[38;2;71;71;79m██[38;2;20;14;19m██[38;2;71;71;79m██[38;2;71;71;79m██[38;2;71;71;79m██[38;2;71;71;79m██[38;2;71;71;79m██[38;2;71;71;79m██[38;2;71;71;79m██[38;2;71;71;79m██[38;2;71;71;79m██[38;2;71;71;79m██[38;2;71;71;79m██[38;2;71;71;79m██[38;2;71;71;79m██[38;2;71;71;79m██[38;2;71;71;79m██[38;2;71;71;79m██[38;2;71;71;79m██[38;2;71;71;79m██[38;2;71;71;79m██[38;2;71;71;79m██[38;2;71;71;79m██[38;2;71;71;79m██[38;2;71;71;79m██[38;2;71;71;79m██[38;2;71;71;79m██[38;2;16;16;16m██          
    [38;2;16;16;16m██[38;2;103;104;113m██[38;2;103;104;113m██[38;2;103;104;113m██[38;2;103;104;113m██[38;2;103;104;113m██[38;2;103;104;113m██[38;2;20;14;19m██                        [38;2;16;16;16m██[38;2;16;16;16m██[38;2;71;71;79m██[38;2;71;71;79m██[38;2;20;14;19m██[38;2;71;71;79m██[38;2;71;71;79m██[38;2;71;71;79m██[38;2;71;71;79m██[38;2;71;71;79m██[38;2;71;71;79m██[38;2;71;71;79m██[38;2;71;71;79m██[38;2;71;71;79m██[38;2;71;71;79m██[38;2;71;71;79m██[38;2;71;71;79m██[38;2;71;71;79m██[38;2;71;71;79m██[38;2;71;71;79m██[38;2;71;71;79m██[38;2;71;71;79m██[38;2;71;71;79m██[38;2;71;71;79m██[38;2;71;71;79m██[38;2;71;71;79m██[38;2;71;71;79m██[38;2;71;71;79m██[38;2;16;16;16m██[38;2;16;16;16m██            
    [38;2;16;16;16m██[38;2;103;104;113m██[38;2;103;104;113m██[38;2;103;104;113m██[38;2;103;104;113m██[38;2;103;104;113m██[38;2;103;104;113m██[38;2;20;14;19m██                            [38;2;16;16;16m██[38;2;16;16;16m██[38;2;20;14;19m██[38;2;71;71;79m██[38;2;71;71;79m██[38;2;71;71;79m██[38;2;71;71;79m██[38;2;71;71;79m██[38;2;71;71;79m██[38;2;71;71;79m██[38;2;71;71;79m██[38;2;71;71;79m██[38;2;71;71;79m██[38;2;71;71;79m██[38;2;71;71;79m██[38;2;71;71;79m██[38;2;71;71;79m██[38;2;71;71;79m██[38;2;71;71;79m██[38;2;71;71;79m██[38;2;71;71;79m██[38;2;71;71;79m██[38;2;20;14;19m██[38;2;16;16;16m██[38;2;16;16;16m██[38;2;16;16;16m██                
    [38;2;16;16;16m██[38;2;103;104;113m██[38;2;103;104;113m██[38;2;103;104;113m██[38;2;103;104;113m██[38;2;103;104;113m██[38;2;103;104;113m██[38;2;103;104;113m██[38;2;20;14;19m██                              [38;2;16;16;16m██[38;2;71;71;79m██[38;2;71;71;79m██[38;2;71;71;79m██[38;2;71;71;79m██[38;2;71;71;79m██[38;2;71;71;79m██[38;2;71;71;79m██[38;2;71;71;79m██[38;2;71;71;79m██[38;2;71;71;79m██[38;2;71;71;79m██[38;2;71;71;79m██[38;2;71;71;79m██[38;2;71;71;79m██[38;2;71;71;79m██[38;2;71;71;79m██[38;2;71;71;79m██[38;2;71;71;79m██[38;2;71;71;79m██[38;2;103;104;113m██[38;2;20;14;19m██                    
      [38;2;16;16;16m██[38;2;103;104;113m██[38;2;103;104;113m██[38;2;103;104;113m██[38;2;103;104;113m██[38;2;103;104;113m██[38;2;103;104;113m██[38;2;20;14;19m██                              [38;2;16;16;16m██[38;2;71;71;79m██[38;2;71;71;79m██[38;2;71;71;79m██[38;2;71;71;79m██[38;2;71;71;79m██[38;2;71;71;79m██[38;2;71;71;79m██[38;2;71;71;79m██[38;2;71;71;79m██[38;2;71;71;79m██[38;2;71;71;79m██[38;2;71;71;79m██[38;2;71;71;79m██[38;2;71;71;79m██[38;2;71;71;79m██[38;2;71;71;79m██[38;2;71;71;79m██[38;2;71;71;79m██[38;2;103;104;113m██[38;2;103;104;113m██[38;2;20;14;19m██                    
      [38;2;16;16;16m██[38;2;103;104;113m██[38;2;103;104;113m██[38;2;103;104;113m██[38;2;103;104;113m██[38;2;103;104;113m██[38;2;103;104;113m██[38;2;103;104;113m██[38;2;20;14;19m██                              [38;2;16;16;16m██[38;2;71;71;79m██[38;2;71;71;79m██[38;2;71;71;79m██[38;2;71;71;79m██[38;2;71;71;79m██[38;2;71;71;79m██[38;2;71;71;79m██[38;2;71;71;79m██[38;2;71;71;79m██[38;2;71;71;79m██[38;2;71;71;79m██[38;2;71;71;79m██[38;2;71;71;79m██[38;2;71;71;79m██[38;2;71;71;79m██[38;2;71;71;79m██[38;2;71;71;79m██[38;2;103;104;113m██[38;2;20;14;19m██                      
  [38;2;16;16;16m██[38;2;20;14;19m██[38;2;20;14;19m██[38;2;103;104;113m██[38;2;103;104;113m██[38;2;103;104;113m██[38;2;103;104;113m██[38;2;103;104;113m██[38;2;103;104;113m██[38;2;103;104;113m██[38;2;20;14;19m██                              [38;2;16;16;16m██[38;2;71;71;79m██[38;2;71;71;79m██[38;2;71;71;79m██[38;2;71;71;79m██[38;2;71;71;79m██[38;2;71;71;79m██[38;2;71;71;79m██[38;2;71;71;79m██[38;2;71;71;79m██[38;2;71;71;79m██[38;2;71;71;79m██[38;2;71;71;79m██[38;2;71;71;79m██[38;2;71;71;79m██[38;2;71;71;79m██[38;2;71;71;79m██[38;2;71;71;79m██[38;2;71;71;79m██[38;2;16;16;16m██                      
[38;2;16;16;16m██[38;2;103;104;113m██[38;2;103;104;113m██[38;2;103;104;113m██[38;2;20;14;19m██[38;2;20;14;19m██[38;2;20;14;19m██[38;2;103;104;113m██[38;2;103;104;113m██[38;2;103;104;113m██[38;2;103;104;113m██[38;2;103;104;113m██[38;2;20;14;19m██                              [38;2;16;16;16m██[38;2;71;71;79m██[38;2;71;71;79m██[38;2;71;71;79m██[38;2;71;71;79m██[38;2;71;71;79m██[38;2;71;71;79m██[38;2;71;71;79m██[38;2;71;71;79m██[38;2;71;71;79m██[38;2;71;71;79m██[38;2;71;71;79m██[38;2;71;71;79m██[38;2;71;71;79m██[38;2;71;71;79m██[38;2;71;71;79m██[38;2;16;16;16m██[38;2;16;16;16m██                        
[38;2;16;16;16m██[38;2;103;104;113m██[38;2;103;104;113m██[38;2;103;104;113m██[38;2;103;104;113m██[38;2;103;104;113m██[38;2;103;104;113m██[38;2;20;14;19m██[38;2;71;71;79m██[38;2;103;104;113m██[38;2;103;104;113m██[38;2;103;104;113m██[38;2;103;104;113m██[38;2;20;14;19m██                              [38;2;16;16;16m██[38;2;16;16;16m██[38;2;71;71;79m██[38;2;71;71;79m██[38;2;71;71;79m██[38;2;71;71;79m██[38;2;71;71;79m██[38;2;71;71;79m██[38;2;71;71;79m██[38;2;71;71;79m██[38;2;71;71;79m██[38;2;71;71;79m██[38;2;20;14;19m██[38;2;20;14;19m██[38;2;16;16;16m██                            
  [38;2;16;16;16m██[38;2;103;104;113m██[38;2;103;104;113m██[38;2;103;104;113m██[38;2;103;104;113m██[38;2;103;104;113m██[38;2;103;104;113m██[38;2;71;71;79m██[38;2;20;14;19m██[38;2;103;104;113m██[38;2;103;104;113m██[38;2;103;104;113m██[38;2;103;104;113m██[38;2;20;14;19m██                              [38;2;20;14;19m██[38;2;20;14;19m██[38;2;20;14;19m██[38;2;71;71;79m██[38;2;71;71;79m██[38;2;71;71;79m██[38;2;71;71;79m██[38;2;71;71;79m██[38;2;71;71;79m██[38;2;71;71;79m██[38;2;71;71;79m██[38;2;71;71;79m██[38;2;20;14;19m██                              
    [38;2;16;16;16m██[38;2;103;104;113m██[38;2;103;104;113m██[38;2;103;104;113m██[38;2;103;104;113m██[38;2;103;104;113m██[38;2;103;104;113m██[38;2;103;104;113m██[38;2;20;14;19m██[38;2;103;104;113m██[38;2;103;104;113m██[38;2;103;104;113m██[38;2;103;104;113m██[38;2;20;14;19m██                        [38;2;20;14;19m██[38;2;20;14;19m██[38;2;71;71;79m██[38;2;16;16;16m██[38;2;71;71;79m██[38;2;71;71;79m██[38;2;71;71;79m██[38;2;71;71;79m██[38;2;71;71;79m██[38;2;71;71;79m██[38;2;71;71;79m██[38;2;71;71;79m██[38;2;71;71;79m██[38;2;71;71;79m██[38;2;71;71;79m██[38;2;20;14;19m██[38;2;20;14;19m██                          
    [38;2;16;16;16m██[38;2;103;104;113m██[38;2;103;104;113m██[38;2;103;104;113m██[38;2;103;104;113m██[38;2;103;104;113m██[38;2;103;104;113m██[38;2;103;104;113m██[38;2;103;104;113m██[38;2;20;14;19m██[38;2;103;104;113m██[38;2;103;104;113m██[38;2;103;104;113m██[38;2;103;104;113m██[38;2;20;14;19m██                  [38;2;20;14;19m██[38;2;20;14;19m██[38;2;71;71;79m██[38;2;71;71;79m██[38;2;16;16;16m██[38;2;71;71;79m██[38;2;71;71;79m██[38;2;71;71;79m██[38;2;71;71;79m██[38;2;71;71;79m██[38;2;71;71;79m██[38;2;71;71;79m██[38;2;71;71;79m██[38;2;71;71;79m██[38;2;71;71;79m██[38;2;71;71;79m██[38;2;71;71;79m██[38;2;103;104;113m██[38;2;103;104;113m██[38;2;20;14;19m██                        
      [38;2;16;16;16m██[38;2;103;104;113m██[38;2;103;104;113m██[38;2;103;104;113m██[38;2;103;104;113m██[38;2;103;104;113m██[38;2;103;104;113m██[38;2;103;104;113m██[38;2;103;104;113m██[38;2;103;104;113m██[38;2;103;104;113m██[38;2;103;104;113m██[38;2;103;104;113m██[38;2;103;104;113m██[38;2;20;14;19m██              [38;2;20;14;19m██[38;2;71;71;79m██[38;2;71;71;79m██[38;2;71;71;79m██[38;2;71;71;79m██[38;2;16;16;16m██[38;2;71;71;79m██[38;2;71;71;79m██[38;2;71;71;79m██[38;2;71;71;79m██[38;2;71;71;79m██[38;2;71;71;79m██[38;2;71;71;79m██[38;2;71;71;79m██[38;2;71;71;79m██[38;2;20;14;19m██[38;2;71;71;79m██[38;2;71;71;79m██[38;2;103;104;113m██[38;2;103;104;113m██[38;2;103;104;113m██[38;2;20;14;19m██                      
        [38;2;16;16;16m██[38;2;103;104;113m██[38;2;103;104;113m██[38;2;103;104;113m██[38;2;103;104;113m██[38;2;103;104;113m██[38;2;103;104;113m██[38;2;103;104;113m██[38;2;103;104;113m██[38;2;103;104;113m██[38;2;103;104;113m██[38;2;103;104;113m██[38;2;103;104;113m██[38;2;103;104;113m██[38;2;20;14;19m██[38;2;20;14;19m██          [38;2;16;16;16m██[38;2;16;16;16m██[38;2;71;71;79m██[38;2;71;71;79m██[38;2;20;14;19m██[38;2;71;71;79m██[38;2;71;71;79m██[38;2;71;71;79m██[38;2;71;71;79m██[38;2;71;71;79m██[38;2;71;71;79m██[38;2;71;71;79m██[38;2;71;71;79m██[38;2;71;71;79m██[38;2;71;71;79m██[38;2;71;71;79m██[38;2;16;16;16m██[38;2;16;16;16m██[38;2;71;71;79m██[38;2;103;104;113m██[38;2;103;104;113m██[38;2;16;16;16m██                      
          [38;2;16;16;16m██[38;2;16;16;16m██[38;2;103;104;113m██[38;2;103;104;113m██[38;2;103;104;113m██[38;2;103;104;113m██[38;2;103;104;113m██[38;2;103;104;113m██[38;2;103;104;113m██[38;2;103;104;113m██[38;2;103;104;113m██[38;2;103;104;113m██[38;2;103;104;113m██[38;2;103;104;113m██[38;2;103;104;113m██[38;2;20;14;19m██[38;2;20;14;19m██[38;2;20;14;19m██        [38;2;16;16;16m██[38;2;16;16;16m██[38;2;16;16;16m██[38;2;71;71;79m██[38;2;71;71;79m██[38;2;71;71;79m██[38;2;71;71;79m██[38;2;71;71;79m██[38;2;71;71;79m██[38;2;71;71;79m██[38;2;71;71;79m██[38;2;71;71;79m██[38;2;71;71;79m██[38;2;71;71;79m██[38;2;20;14;19m██  [38;2;16;16;16m██[38;2;16;16;16m██[38;2;16;16;16m██                        
              [38;2;16;16;16m██[38;2;16;16;16m██[38;2;103;104;113m██[38;2;103;104;113m██[38;2;103;104;113m██[38;2;103;104;113m██[38;2;103;104;113m██[38;2;103;104;113m██[38;2;103;104;113m██[38;2;103;104;113m██[38;2;103;104;113m██[38;2;103;104;113m██[38;2;103;104;113m██[38;2;103;104;113m██[38;2;71;71;79m██[38;2;71;71;79m██[38;2;20;14;19m██[38;2;20;14;19m██[38;2;20;14;19m██      [38;2;16;16;16m██[38;2;71;71;79m██[38;2;71;71;79m██[38;2;71;71;79m██[38;2;71;71;79m██[38;2;71;71;79m██[38;2;71;71;79m██[38;2;71;71;79m██[38;2;71;71;79m██[38;2;71;71;79m██[38;2;71;71;79m██[38;2;71;71;79m██[38;2;20;14;19m██                                
                  [38;2;16;16;16m██[38;2;16;16;16m██[38;2;103;104;113m██[38;2;103;104;113m██[38;2;20;14;19m██[38;2;20;14;19m██[38;2;20;14;19m██[38;2;20;14;19m██[38;2;71;71;79m██[38;2;103;104;113m██[38;2;103;104;113m██[38;2;71;71;79m██[38;2;71;71;79m██[38;2;71;71;79m██[38;2;71;71;79m██[38;2;71;71;79m██[38;2;71;71;79m██[38;2;71;71;79m██[38;2;20;14;19m██[38;2;20;14;19m██[38;2;20;14;19m██[38;2;20;14;19m██[38;2;20;14;19m██[38;2;71;71;79m██[38;2;71;71;79m██[38;2;71;71;79m██[38;2;71;71;79m██[38;2;71;71;79m██[38;2;71;71;79m██[38;2;71;71;79m██[38;2;71;71;79m██[38;2;71;71;79m██[38;2;71;71;79m██[38;2;20;14;19m██                              
                    [38;2;20;14;19m██[38;2;20;14;19m██[38;2;20;14;19m██[38;2;103;104;113m██[38;2;103;104;113m██[38;2;103;104;113m██[38;2;103;104;113m██[38;2;103;104;113m██[38;2;103;104;113m██[38;2;71;71;79m██[38;2;71;71;79m██[38;2;71;71;79m██[38;2;71;71;79m██[38;2;71;71;79m██[38;2;71;71;79m██[38;2;71;71;79m██[38;2;71;71;79m██[38;2;71;71;79m██[38;2;71;71;79m██[38;2;71;71;79m██[38;2;71;71;79m██[38;2;71;71;79m██[38;2;71;71;79m██[38;2;71;71;79m██[38;2;71;71;79m██[38;2;16;16;16m██[38;2;71;71;79m██[38;2;71;71;79m██[38;2;71;71;79m██[38;2;71;71;79m██[38;2;71;71;79m██[38;2;71;71;79m██[38;2;16;16;16m██                              
                  [38;2;20;14;19m██[38;2;103;104;113m██[38;2;103;104;113m██[38;2;103;104;113m██[38;2;103;104;113m██[38;2;103;104;113m██[38;2;103;104;113m██[38;2;103;104;113m██[38;2;103;104;113m██[38;2;71;71;79m██[38;2;71;71;79m██[38;2;20;14;19m██[38;2;20;14;19m██[38;2;20;14;19m██[38;2;20;14;19m██[38;2;71;71;79m██[38;2;71;71;79m██[38;2;71;71;79m██[38;2;71;71;79m██[38;2;71;71;79m██[38;2;71;71;79m██[38;2;71;71;79m██[38;2;71;71;79m██[38;2;71;71;79m██[38;2;16;16;16m██[38;2;16;16;16m██[38;2;71;71;79m██[38;2;71;71;79m██[38;2;71;71;79m██[38;2;71;71;79m██[38;2;71;71;79m██[38;2;71;71;79m██[38;2;71;71;79m██[38;2;20;14;19m██                              
                    [38;2;20;14;19m██[38;2;20;14;19m██[38;2;103;104;113m██[38;2;103;104;113m██[38;2;103;104;113m██[38;2;103;104;113m██[38;2;20;14;19m██[38;2;16;16;16m██[38;2;16;16;16m██[38;2;16;16;16m██[38;2;71;71;79m██[38;2;71;71;79m██[38;2;71;71;79m██[38;2;71;71;79m██[38;2;71;71;79m██[38;2;71;71;79m██[38;2;71;71;79m██[38;2;71;71;79m██[38;2;71;71;79m██[38;2;71;71;79m██[38;2;16;16;16m██[38;2;16;16;16m██[38;2;16;16;16m██[38;2;71;71;79m██[38;2;71;71;79m██[38;2;71;71;79m██[38;2;71;71;79m██[38;2;71;71;79m██[38;2;71;71;79m██[38;2;71;71;79m██[38;2;71;71;79m██[38;2;16;16;16m██                                
                        [38;2;16;16;16m██[38;2;16;16;16m██[38;2;16;16;16m██[38;2;16;16;16m██        [38;2;16;16;16m██[38;2;16;16;16m██[38;2;71;71;79m██[38;2;71;71;79m██[38;2;71;71;79m██[38;2;71;71;79m██[38;2;71;71;79m██[38;2;16;16;16m██[38;2;16;16;16m██[38;2;16;16;16m██[38;2;71;71;79m██[38;2;20;14;19m██[38;2;20;14;19m██[38;2;20;14;19m██[38;2;16;16;16m██[38;2;16;16;16m██[38;2;16;16;16m██[38;2;20;14;19m██[38;2;20;14;19m██[38;2;16;16;16m██[38;2;16;16;16m██[38;2;103;104;113m██[38;2;20;14;19m██                              
                                            [38;2;16;16;16m██[38;2;16;16;16m██[38;2;16;16;16m██[38;2;16;16;16m██[38;2;16;16;16m██      [38;2;16;16;16m██[38;2;16;16;16m██[38;2;16;16;16m██[38;2;16;16;16m██      [38;2;16;16;16m██[38;2;71;71;79m██[38;2;71;71;79m██[38;2;71;71;79m██[38;2;20;14;19m██[38;2;16;16;16m██                              
                                                                              [38;2;16;16;16m██[38;2;16;16;16m██[38;2;16;16;16m██                                
