                        [38;2;65;139;90m██[38;2;65;139;90m██[38;2;65;139;90m██[38;2;65;139;90m██[38;2;65;139;90m██[38;2;65;139;90m██                        
                  [38;2;65;139;90m██[38;2;65;139;90m██[38;2;65;139;90m██[38;2;90;180;123m██[38;2;90;180;123m██[38;2;90;180;123m██[38;2;90;180;123m██[38;2;90;180;123m██[38;2;90;180;123m██[38;2;65;139;90m██[38;2;65;139;90m██[38;2;65;139;90m██                  
              [38;2;65;139;90m██[38;2;65;139;90m██[38;2;90;180;123m██[38;2;90;180;123m██[38;2;90;180;123m██[38;2;90;180;123m██[38;2;90;180;123m██[38;2;90;180;123m██[38;2;90;180;123m██[38;2;90;180;123m██[38;2;90;180;123m██[38;2;90;180;123m██[38;2;90;180;123m██[38;2;90;180;123m██[38;2;65;139;90m██[38;2;65;139;90m██              
            [38;2;65;139;90m██[38;2;90;180;123m██[38;2;90;180;123m██[38;2;90;180;123m██[38;2;148;230;172m██[38;2;148;230;172m██[38;2;90;180;123m██[38;2;90;180;123m██[38;2;90;180;123m██[38;2;90;180;123m██[38;2;90;180;123m██[38;2;90;180;123m██[38;2;90;180;123m██[38;2;90;180;123m██[38;2;90;180;123m██[38;2;90;180;123m██[38;2;90;180;123m██[38;2;65;139;90m██            
          [38;2;65;139;90m██[38;2;90;180;123m██[38;2;90;180;123m██[38;2;255;255;255m██[38;2;255;255;255m██[38;2;255;255;255m██[38;2;148;230;172m██[38;2;90;131;90m██[38;2;90;131;90m██[38;2;90;131;90m██[38;2;90;180;123m██[38;2;90;180;123m██[38;2;90;180;123m██[38;2;90;180;123m██[38;2;90;180;123m██[38;2;90;180;123m██[38;2;90;180;123m██[38;2;90;180;123m██[38;2;90;180;123m██[38;2;65;139;90m██          
        [38;2;65;139;90m██[38;2;90;180;123m██[38;2;90;180;123m██[38;2;255;255;255m██[38;2;255;255;255m██[38;2;255;255;255m██[38;2;255;255;255m██[38;2;205;230;189m██[38;2;205;230;189m██[38;2;205;230;189m██[38;2;205;230;189m██[38;2;90;131;90m██[38;2;16;16;16m██[38;2;16;16;16m██[38;2;16;16;16m██[38;2;16;16;16m██[38;2;90;180;123m██[38;2;90;180;123m██[38;2;106;98;41m██[38;2;106;98;41m██[38;2;106;98;41m██[38;2;65;139;90m██        
      [38;2;65;139;90m██[38;2;90;180;123m██[38;2;90;180;123m██[38;2;148;230;172m██[38;2;255;255;255m██[38;2;255;255;255m██[38;2;255;255;255m██[38;2;205;230;189m██[38;2;205;230;189m██[38;2;205;230;189m██[38;2;205;230;189m██[38;2;90;131;90m██[38;2;16;16;16m██[38;2;205;230;189m██[38;2;205;230;189m██[38;2;205;230;189m██[38;2;164;156;49m██[38;2;164;156;49m██[38;2;16;16;16m██[38;2;230;222;115m██[38;2;230;222;115m██[38;2;16;16;16m██[38;2;90;180;123m██[38;2;65;139;90m██      
    [38;2;65;139;90m██[38;2;90;180;123m██[38;2;90;180;123m██[38;2;90;180;123m██[38;2;148;230;172m██[38;2;148;230;172m██[38;2;205;230;189m██[38;2;205;230;189m██[38;2;205;230;189m██[38;2;205;230;189m██[38;2;205;230;189m██[38;2;156;172;139m██[38;2;205;230;189m██[38;2;205;230;189m██[38;2;205;230;189m██[38;2;205;230;189m██[38;2;106;98;41m██[38;2;230;222;115m██[38;2;16;16;16m██[38;2;230;222;115m██[38;2;230;222;115m██[38;2;16;16;16m██[38;2;164;156;49m██[38;2;106;98;41m██[38;2;90;180;123m██[38;2;65;139;90m██    
    [38;2;65;139;90m██[38;2;90;180;123m██[38;2;90;180;123m██[38;2;90;180;123m██[38;2;90;131;90m██[38;2;205;230;189m██[38;2;205;230;189m██[38;2;205;230;189m██[38;2;205;230;189m██[38;2;205;230;189m██[38;2;205;230;189m██[38;2;205;230;189m██[38;2;205;230;189m██[38;2;205;230;189m██[38;2;205;230;189m██[38;2;205;230;189m██[38;2;106;98;41m██[38;2;230;222;115m██[38;2;16;16;16m██[38;2;230;222;115m██[38;2;230;222;115m██[38;2;106;98;41m██[38;2;164;156;49m██[38;2;16;16;16m██[38;2;90;180;123m██[38;2;65;139;90m██    
  [38;2;65;139;90m██[38;2;90;180;123m██[38;2;90;180;123m██[38;2;90;180;123m██[38;2;90;131;90m██[38;2;205;230;189m██[38;2;205;230;189m██[38;2;205;230;189m██[38;2;205;230;189m██[38;2;205;230;189m██[38;2;205;230;189m██[38;2;205;230;189m██[38;2;205;230;189m██[38;2;205;230;189m██[38;2;205;230;189m██[38;2;205;230;189m██[38;2;205;230;189m██[38;2;16;16;16m██[38;2;230;222;115m██[38;2;106;98;41m██[38;2;164;156;49m██[38;2;230;222;115m██[38;2;230;222;115m██[38;2;164;156;49m██[38;2;16;16;16m██[38;2;90;180;123m██[38;2;90;180;123m██[38;2;65;139;90m██  
  [38;2;65;139;90m██[38;2;90;180;123m██[38;2;90;180;123m██[38;2;90;180;123m██[38;2;90;131;90m██[38;2;156;172;139m██[38;2;16;16;16m██[38;2;156;172;139m██[38;2;205;230;189m██[38;2;205;230;189m██[38;2;205;230;189m██[38;2;148;49;74m██[38;2;205;230;189m██[38;2;205;230;189m██[38;2;205;230;189m██[38;2;205;230;189m██[38;2;205;230;189m██[38;2;16;16;16m██[38;2;164;156;49m██[38;2;230;222;115m██[38;2;106;98;41m██[38;2;164;156;49m██[38;2;164;156;49m██[38;2;16;16;16m██[38;2;90;180;123m██[38;2;90;180;123m██[38;2;90;180;123m██[38;2;65;139;90m██  
[38;2;49;98;65m██[38;2;90;180;123m██[38;2;90;180;123m██[38;2;90;180;123m██[38;2;90;131;90m██[38;2;205;230;189m██[38;2;16;16;16m██[38;2;16;16;16m██[38;2;16;16;16m██[38;2;205;230;189m██[38;2;205;230;189m██[38;2;148;49;74m██[38;2;197;65;82m██[38;2;156;172;139m██[38;2;205;230;189m██[38;2;205;230;189m██[38;2;205;230;189m██[38;2;205;230;189m██[38;2;205;230;189m██[38;2;16;16;16m██[38;2;164;156;49m██[38;2;230;222;115m██[38;2;106;98;41m██[38;2;106;98;41m██[38;2;90;180;123m██[38;2;90;180;123m██[38;2;90;180;123m██[38;2;90;180;123m██[38;2;90;180;123m██[38;2;65;139;90m██
[38;2;49;98;65m██[38;2;90;180;123m██[38;2;90;180;123m██[38;2;90;180;123m██[38;2;90;131;90m██[38;2;205;230;189m██[38;2;16;16;16m██[38;2;16;16;16m██[38;2;16;16;16m██[38;2;205;230;189m██[38;2;148;49;74m██[38;2;197;65;82m██[38;2;197;65;82m██[38;2;148;49;74m██[38;2;205;230;189m██[38;2;205;230;189m██[38;2;205;230;189m██[38;2;205;230;189m██[38;2;205;230;189m██[38;2;205;230;189m██[38;2;16;16;16m██[38;2;16;16;16m██[38;2;16;16;16m██[38;2;205;230;189m██[38;2;90;131;90m██[38;2;90;180;123m██[38;2;90;180;123m██[38;2;90;180;123m██[38;2;90;180;123m██[38;2;65;139;90m██
[38;2;49;98;65m██[38;2;90;180;123m██[38;2;90;180;123m██[38;2;90;180;123m██[38;2;90;131;90m██[38;2;205;230;189m██[38;2;156;172;139m██[38;2;16;16;16m██[38;2;156;172;139m██[38;2;148;49;74m██[38;2;197;65;82m██[38;2;197;65;82m██[38;2;197;65;82m██[38;2;197;65;82m██[38;2;156;172;139m██[38;2;205;230;189m██[38;2;156;172;139m██[38;2;16;16;16m██[38;2;156;172;139m██[38;2;205;230;189m██[38;2;205;230;189m██[38;2;205;230;189m██[38;2;205;230;189m██[38;2;205;230;189m██[38;2;16;16;16m██[38;2;90;180;123m██[38;2;90;180;123m██[38;2;90;180;123m██[38;2;90;180;123m██[38;2;65;139;90m██
[38;2;49;98;65m██[38;2;90;180;123m██[38;2;90;180;123m██[38;2;90;180;123m██[38;2;16;16;16m██[38;2;180;205;164m██[38;2;205;230;189m██[38;2;205;230;189m██[38;2;205;230;189m██[38;2;205;230;189m██[38;2;148;49;74m██[38;2;197;65;82m██[38;2;197;65;82m██[38;2;197;65;82m██[38;2;148;49;74m██[38;2;205;230;189m██[38;2;16;16;16m██[38;2;16;16;16m██[38;2;16;16;16m██[38;2;205;230;189m██[38;2;205;230;189m██[38;2;205;230;189m██[38;2;205;230;189m██[38;2;205;230;189m██[38;2;16;16;16m██[38;2;90;180;123m██[38;2;90;180;123m██[38;2;90;180;123m██[38;2;90;180;123m██[38;2;65;139;90m██
[38;2;49;98;65m██[38;2;90;180;123m██[38;2;90;180;123m██[38;2;90;180;123m██[38;2;16;16;16m██[38;2;156;172;139m██[38;2;180;205;164m██[38;2;205;230;189m██[38;2;205;230;189m██[38;2;205;230;189m██[38;2;156;172;139m██[38;2;197;65;82m██[38;2;197;65;82m██[38;2;148;49;74m██[38;2;205;230;189m██[38;2;205;230;189m██[38;2;16;16;16m██[38;2;16;16;16m██[38;2;16;16;16m██[38;2;205;230;189m██[38;2;205;230;189m██[38;2;205;230;189m██[38;2;205;230;189m██[38;2;180;205;164m██[38;2;16;16;16m██[38;2;90;180;123m██[38;2;90;180;123m██[38;2;90;180;123m██[38;2;90;180;123m██[38;2;65;139;90m██
[38;2;49;98;65m██[38;2;90;180;123m██[38;2;90;180;123m██[38;2;90;180;123m██[38;2;16;16;16m██[38;2;156;172;139m██[38;2;156;172;139m██[38;2;180;205;164m██[38;2;205;230;189m██[38;2;205;230;189m██[38;2;205;230;189m██[38;2;148;49;74m██[38;2;156;172;139m██[38;2;205;230;189m██[38;2;205;230;189m██[38;2;205;230;189m██[38;2;156;172;139m██[38;2;16;16;16m██[38;2;156;172;139m██[38;2;205;230;189m██[38;2;205;230;189m██[38;2;205;230;189m██[38;2;180;205;164m██[38;2;156;172;139m██[38;2;16;16;16m██[38;2;90;180;123m██[38;2;90;180;123m██[38;2;90;180;123m██[38;2;90;180;123m██[38;2;65;139;90m██
  [38;2;49;98;65m██[38;2;90;180;123m██[38;2;90;180;123m██[38;2;90;180;123m██[38;2;16;16;16m██[38;2;156;172;139m██[38;2;156;172;139m██[38;2;156;172;139m██[38;2;180;205;164m██[38;2;205;230;189m██[38;2;205;230;189m██[38;2;205;230;189m██[38;2;205;230;189m██[38;2;205;230;189m██[38;2;205;230;189m██[38;2;205;230;189m██[38;2;205;230;189m██[38;2;205;230;189m██[38;2;205;230;189m██[38;2;205;230;189m██[38;2;180;205;164m██[38;2;156;172;139m██[38;2;16;16;16m██[38;2;90;180;123m██[38;2;90;180;123m██[38;2;90;180;123m██[38;2;90;180;123m██[38;2;65;139;90m██  
  [38;2;49;98;65m██[38;2;90;180;123m██[38;2;90;180;123m██[38;2;90;180;123m██[38;2;16;16;16m██[38;2;156;172;139m██[38;2;156;172;139m██[38;2;156;172;139m██[38;2;156;172;139m██[38;2;156;172;139m██[38;2;156;172;139m██[38;2;180;205;164m██[38;2;180;205;164m██[38;2;180;205;164m██[38;2;180;205;164m██[38;2;180;205;164m██[38;2;180;205;164m██[38;2;180;205;164m██[38;2;156;172;139m██[38;2;156;172;139m██[38;2;156;172;139m██[38;2;156;172;139m██[38;2;16;16;16m██[38;2;90;180;123m██[38;2;90;180;123m██[38;2;90;180;123m██[38;2;90;180;123m██[38;2;65;139;90m██  
    [38;2;49;98;65m██[38;2;90;180;123m██[38;2;90;180;123m██[38;2;90;180;123m██[38;2;16;16;16m██[38;2;156;172;139m██[38;2;156;172;139m██[38;2;156;172;139m██[38;2;156;172;139m██[38;2;156;172;139m██[38;2;156;172;139m██[38;2;156;172;139m██[38;2;156;172;139m██[38;2;156;172;139m██[38;2;156;172;139m██[38;2;156;172;139m██[38;2;156;172;139m██[38;2;156;172;139m██[38;2;156;172;139m██[38;2;156;172;139m██[38;2;16;16;16m██[38;2;90;180;123m██[38;2;90;180;123m██[38;2;90;180;123m██[38;2;90;180;123m██[38;2;65;139;90m██    
    [38;2;49;98;65m██[38;2;90;180;123m██[38;2;90;180;123m██[38;2;90;180;123m██[38;2;90;180;123m██[38;2;90;131;90m██[38;2;90;131;90m██[38;2;156;172;139m██[38;2;156;172;139m██[38;2;49;98;65m██[38;2;156;172;139m██[38;2;156;172;139m██[38;2;156;172;139m██[38;2;156;172;139m██[38;2;156;172;139m██[38;2;156;172;139m██[38;2;156;172;139m██[38;2;156;172;139m██[38;2;16;16;16m██[38;2;16;16;16m██[38;2;90;180;123m██[38;2;90;180;123m██[38;2;90;180;123m██[38;2;90;180;123m██[38;2;90;180;123m██[38;2;65;139;90m██    
      [38;2;49;98;65m██[38;2;90;180;123m██[38;2;90;180;123m██[38;2;90;180;123m██[38;2;90;180;123m██[38;2;90;180;123m██[38;2;90;131;90m██[38;2;90;131;90m██[38;2;90;131;90m██[38;2;16;16;16m██[38;2;16;16;16m██[38;2;156;172;139m██[38;2;156;172;139m██[38;2;156;172;139m██[38;2;156;172;139m██[38;2;16;16;16m██[38;2;16;16;16m██[38;2;90;180;123m██[38;2;90;180;123m██[38;2;90;180;123m██[38;2;90;180;123m██[38;2;90;180;123m██[38;2;90;180;123m██[38;2;65;139;90m██      
        [38;2;49;98;65m██[38;2;90;180;123m██[38;2;90;180;123m██[38;2;90;180;123m██[38;2;90;180;123m██[38;2;90;180;123m██[38;2;90;180;123m██[38;2;90;180;123m██[38;2;90;180;123m██[38;2;90;180;123m██[38;2;16;16;16m██[38;2;16;16;16m██[38;2;16;16;16m██[38;2;16;16;16m██[38;2;90;180;123m██[38;2;90;180;123m██[38;2;90;180;123m██[38;2;90;180;123m██[38;2;90;180;123m██[38;2;90;180;123m██[38;2;90;180;123m██[38;2;65;139;90m██        
          [38;2;49;98;65m██[38;2;90;180;123m██[38;2;90;180;123m██[38;2;90;180;123m██[38;2;90;180;123m██[38;2;90;180;123m██[38;2;90;180;123m██[38;2;90;180;123m██[38;2;90;180;123m██[38;2;90;180;123m██[38;2;90;180;123m██[38;2;90;180;123m██[38;2;90;180;123m██[38;2;90;180;123m██[38;2;90;180;123m██[38;2;90;180;123m██[38;2;90;180;123m██[38;2;90;180;123m██[38;2;90;180;123m██[38;2;49;98;65m██          
            [38;2;49;98;65m██[38;2;90;180;123m██[38;2;90;180;123m██[38;2;90;180;123m██[38;2;90;180;123m██[38;2;90;180;123m██[38;2;90;180;123m██[38;2;90;180;123m██[38;2;90;180;123m██[38;2;90;180;123m██[38;2;90;180;123m██[38;2;90;180;123m██[38;2;90;180;123m██[38;2;90;180;123m██[38;2;90;180;123m██[38;2;90;180;123m██[38;2;90;180;123m██[38;2;49;98;65m██            
              [38;2;49;98;65m██[38;2;49;98;65m██[38;2;90;180;123m██[38;2;90;180;123m██[38;2;90;180;123m██[38;2;90;180;123m██[38;2;90;180;123m██[38;2;90;180;123m██[38;2;90;180;123m██[38;2;90;180;123m██[38;2;90;180;123m██[38;2;90;180;123m██[38;2;90;180;123m██[38;2;90;180;123m██[38;2;49;98;65m██[38;2;49;98;65m██              
                  [38;2;49;98;65m██[38;2;49;98;65m██[38;2;49;98;65m██[38;2;90;180;123m██[38;2;90;180;123m██[38;2;90;180;123m██[38;2;90;180;123m██[38;2;90;180;123m██[38;2;90;180;123m██[38;2;49;98;65m██[38;2;49;98;65m██[38;2;49;98;65m██                  
                        [38;2;49;98;65m██[38;2;49;98;65m██[38;2;49;98;65m██[38;2;49;98;65m██[38;2;49;98;65m██[38;2;49;98;65m██                        
