                  [38;2;148;156;172m██[38;2;90;106;131m██    [38;2;90;106;131m██[38;2;90;106;131m██                                                                        
                  [38;2;148;156;172m██[38;2;255;255;255m██[38;2;90;106;131m██[38;2;90;106;131m██[38;2;255;255;255m██[38;2;0;0;0m██                                                                        
                  [38;2;90;106;131m██[38;2;255;255;255m██[38;2;90;106;131m██[38;2;255;255;255m██[38;2;255;255;255m██[38;2;0;0;0m██                                                                        
            [38;2;90;106;131m██[38;2;90;106;131m██  [38;2;0;0;0m██[38;2;180;197;213m██[38;2;90;106;131m██[38;2;255;255;255m██[38;2;255;255;255m██[38;2;0;0;0m██  [38;2;90;106;131m██[38;2;0;0;0m██                                                                  
            [38;2;90;106;131m██[38;2;180;197;213m██[38;2;90;106;131m██[38;2;0;0;0m██[38;2;148;156;172m██[38;2;180;197;213m██[38;2;148;156;172m██[38;2;255;255;255m██[38;2;90;106;131m██  [38;2;90;106;131m██[38;2;255;255;255m██[38;2;0;0;0m██[38;2;90;106;131m██[38;2;90;106;131m██                                                            
          [38;2;90;106;131m██[38;2;90;106;131m██[38;2;180;197;213m██[38;2;180;197;213m██[38;2;0;0;0m██[38;2;180;197;213m██[38;2;148;156;172m██[38;2;255;255;255m██[38;2;255;255;255m██[38;2;148;156;172m██[38;2;90;106;131m██[38;2;148;156;172m██[38;2;255;255;255m██[38;2;255;255;255m██[38;2;148;156;172m██[38;2;255;255;255m██[38;2;90;106;131m██                                                          
          [38;2;90;106;131m██[38;2;180;197;213m██[38;2;148;156;172m██[38;2;180;197;213m██[38;2;90;106;131m██[38;2;255;255;255m██[38;2;255;255;255m██[38;2;255;255;255m██[38;2;255;255;255m██[38;2;255;255;255m██[38;2;90;106;131m██[38;2;255;255;255m██[38;2;148;156;172m██[38;2;255;255;255m██[38;2;255;255;255m██[38;2;148;156;172m██[38;2;255;255;255m██[38;2;0;0;0m██                                                        
          [38;2;90;106;131m██[38;2;180;197;213m██[38;2;148;156;172m██[38;2;0;0;0m██[38;2;255;255;255m██[38;2;255;255;255m██[38;2;255;255;255m██[38;2;255;255;255m██[38;2;255;255;255m██[38;2;255;255;255m██[38;2;90;106;131m██[38;2;255;255;255m██[38;2;148;156;172m██[38;2;255;255;255m██[38;2;255;255;255m██[38;2;255;255;255m██[38;2;255;255;255m██[38;2;180;197;213m██[38;2;0;0;0m██                                                      
          [38;2;90;106;131m██[38;2;180;197;213m██[38;2;0;0;0m██[38;2;255;255;255m██[38;2;255;255;255m██[38;2;255;255;255m██[38;2;255;255;255m██[38;2;255;255;255m██[38;2;255;255;255m██[38;2;255;255;255m██[38;2;148;156;172m██[38;2;255;255;255m██[38;2;255;255;255m██[38;2;180;197;213m██[38;2;255;255;255m██[38;2;255;255;255m██[38;2;255;255;255m██[38;2;255;255;255m██[38;2;0;0;0m██                                                      
            [38;2;90;106;131m██[38;2;180;197;213m██[38;2;255;255;255m██[38;2;255;255;255m██[38;2;255;255;255m██[38;2;255;255;255m██[38;2;98;98;131m██[38;2;0;0;0m██[38;2;90;106;131m██[38;2;180;197;213m██[38;2;255;255;255m██[38;2;255;255;255m██[38;2;255;255;255m██[38;2;255;255;255m██[38;2;255;255;255m██[38;2;255;255;255m██[38;2;255;255;255m██[38;2;0;0;0m██                                                      
            [38;2;0;0;0m██[38;2;255;255;255m██[38;2;255;255;255m██[38;2;255;255;255m██[38;2;255;255;255m██[38;2;0;0;0m██[38;2;0;0;0m██[38;2;255;255;255m██[38;2;148;156;172m██[38;2;180;197;213m██[38;2;148;156;172m██[38;2;255;255;255m██[38;2;255;255;255m██[38;2;255;255;255m██[38;2;255;255;255m██[38;2;180;197;213m██[38;2;90;106;131m██                                                        
            [38;2;98;98;131m██[38;2;74;74;74m██[38;2;74;74;74m██[38;2;180;197;213m██[38;2;74;74;74m██[38;2;0;0;0m██[38;2;74;74;74m██[38;2;148;156;172m██[38;2;180;197;213m██[38;2;180;197;213m██[38;2;180;197;213m██[38;2;180;197;213m██[38;2;180;197;213m██[38;2;180;197;213m██[38;2;180;197;213m██[38;2;180;197;213m██[38;2;0;0;0m██                                                        
            [38;2;0;0;0m██[38;2;98;98;131m██[38;2;98;98;131m██[38;2;98;98;131m██[38;2;180;197;213m██[38;2;180;197;213m██[38;2;180;197;213m██[38;2;180;197;213m██[38;2;180;197;213m██[38;2;180;197;213m██[38;2;180;197;213m██[38;2;148;156;172m██[38;2;180;197;213m██[38;2;180;197;213m██[38;2;180;197;213m██[38;2;0;0;0m██                                                          
          [38;2;106;106;65m██[38;2;246;246;74m██[38;2;246;246;74m██[38;2;246;246;74m██[38;2;246;246;74m██[38;2;0;0;0m██[38;2;90;106;131m██[38;2;180;197;213m██[38;2;180;197;213m██[38;2;180;197;213m██[38;2;180;197;213m██[38;2;180;197;213m██[38;2;180;197;213m██[38;2;90;106;131m██[38;2;0;0;0m██[38;2;0;0;0m██                                                            
      [38;2;172;164;98m██[38;2;106;106;65m██[38;2;246;246;74m██[38;2;246;246;74m██[38;2;246;246;74m██[38;2;0;0;0m██[38;2;0;0;0m██    [38;2;90;106;131m██[38;2;0;0;0m██[38;2;180;197;213m██[38;2;180;197;213m██[38;2;180;197;213m██[38;2;180;197;213m██[38;2;0;0;0m██                                                                
    [38;2;106;106;65m██[38;2;246;246;74m██[38;2;246;246;74m██[38;2;246;246;74m██[38;2;0;0;0m██[38;2;0;0;0m██            [38;2;0;0;0m██[38;2;180;197;213m██[38;2;180;197;213m██[38;2;180;197;213m██[38;2;180;197;213m██[38;2;90;106;131m██                                                              
  [38;2;106;106;65m██[38;2;246;246;74m██[38;2;246;246;74m██[38;2;106;106;65m██[38;2;0;0;0m██                  [38;2;0;0;0m██[38;2;180;197;213m██[38;2;180;197;213m██[38;2;180;197;213m██[38;2;0;0;0m██                                                              
[38;2;106;106;65m██[38;2;246;246;74m██[38;2;106;106;65m██[38;2;0;0;0m██                      [38;2;90;106;131m██[38;2;180;197;213m██[38;2;255;255;255m██[38;2;180;197;213m██[38;2;0;0;0m██                                                              
[38;2;0;0;0m██[38;2;0;0;0m██                            [38;2;0;0;0m██[38;2;255;255;255m██[38;2;255;255;255m██[38;2;180;197;213m██[38;2;90;106;131m██                                                            
                                [38;2;0;0;0m██[38;2;255;255;255m██[38;2;255;255;255m██[38;2;180;197;213m██[38;2;0;0;0m██                                                            
                                [38;2;0;0;0m██[38;2;255;255;255m██[38;2;255;255;255m██[38;2;255;255;255m██[38;2;0;0;0m██                                                            
                                [38;2;0;0;0m██[38;2;255;255;255m██[38;2;255;255;255m██[38;2;255;255;255m██[38;2;0;0;0m██                                                            
                                [38;2;90;106;131m██[38;2;255;255;255m██[38;2;255;255;255m██[38;2;255;255;255m██[38;2;0;0;0m██                                                            
                                [38;2;148;156;172m██[38;2;255;255;255m██[38;2;255;255;255m██[38;2;255;255;255m██[38;2;0;0;0m██                                                            
                              [38;2;90;106;131m██[38;2;255;255;255m██[38;2;255;255;255m██[38;2;255;255;255m██[38;2;255;255;255m██[38;2;0;0;0m██                                                            
                  [38;2;148;156;172m██[38;2;148;156;172m██[38;2;148;156;172m██[38;2;148;156;172m██    [38;2;90;106;131m██[38;2;255;255;255m██[38;2;255;255;255m██[38;2;255;255;255m██[38;2;90;106;131m██                [38;2;90;106;131m██[38;2;90;106;131m██[38;2;0;0;0m██[38;2;0;0;0m██[38;2;0;0;0m██[38;2;0;0;0m██[38;2;0;0;0m██                                
                [38;2;148;156;172m██[38;2;255;255;255m██[38;2;255;255;255m██[38;2;180;197;213m██[38;2;180;197;213m██[38;2;148;156;172m██[38;2;90;106;131m██[38;2;180;197;213m██[38;2;255;255;255m██[38;2;255;255;255m██[38;2;255;255;255m██[38;2;0;0;0m██          [38;2;90;106;131m██[38;2;90;106;131m██[38;2;90;106;131m██[38;2;255;255;255m██[38;2;255;255;255m██[38;2;255;255;255m██[38;2;255;255;255m██[38;2;255;255;255m██[38;2;255;255;255m██[38;2;255;255;255m██[38;2;90;106;131m██[38;2;0;0;0m██[38;2;0;0;0m██                          
              [38;2;148;156;172m██[38;2;255;255;255m██[38;2;255;255;255m██[38;2;255;255;255m██[38;2;255;255;255m██[38;2;180;197;213m██[38;2;180;197;213m██[38;2;90;106;131m██[38;2;255;255;255m██[38;2;255;255;255m██[38;2;255;255;255m██[38;2;255;255;255m██[38;2;0;0;0m██      [38;2;90;106;131m██[38;2;90;106;131m██[38;2;255;255;255m██[38;2;255;255;255m██[38;2;255;255;255m██[38;2;255;255;255m██[38;2;255;255;255m██[38;2;255;255;255m██[38;2;255;255;255m██[38;2;255;255;255m██[38;2;255;255;255m██[38;2;255;255;255m██[38;2;255;255;255m██[38;2;255;255;255m██[38;2;255;255;255m██[38;2;90;106;131m██[38;2;0;0;0m██                      
            [38;2;148;156;172m██[38;2;255;255;255m██[38;2;255;255;255m██[38;2;255;255;255m██[38;2;255;255;255m██[38;2;255;255;255m██[38;2;255;255;255m██[38;2;90;106;131m██[38;2;255;255;255m██[38;2;255;255;255m██[38;2;255;255;255m██[38;2;255;255;255m██[38;2;0;0;0m██[38;2;180;197;213m██[38;2;148;156;172m██[38;2;148;156;172m██[38;2;90;106;131m██[38;2;255;255;255m██[38;2;255;255;255m██[38;2;255;255;255m██[38;2;255;255;255m██[38;2;255;255;255m██[38;2;255;255;255m██[38;2;255;255;255m██[38;2;255;255;255m██[38;2;255;255;255m██[38;2;255;255;255m██[38;2;255;255;255m██[38;2;255;255;255m██[38;2;255;255;255m██[38;2;255;255;255m██[38;2;255;255;255m██[38;2;255;255;255m██[38;2;255;255;255m██[38;2;0;0;0m██                    
            [38;2;148;156;172m██[38;2;255;255;255m██[38;2;255;255;255m██[38;2;180;197;213m██[38;2;255;255;255m██[38;2;255;255;255m██[38;2;255;255;255m██[38;2;90;106;131m██[38;2;255;255;255m██[38;2;255;255;255m██[38;2;255;255;255m██[38;2;148;156;172m██[38;2;0;0;0m██[38;2;180;197;213m██[38;2;180;197;213m██[38;2;148;156;172m██[38;2;255;255;255m██[38;2;255;255;255m██[38;2;255;255;255m██[38;2;255;255;255m██[38;2;255;255;255m██[38;2;255;255;255m██[38;2;255;255;255m██[38;2;255;255;255m██[38;2;255;255;255m██[38;2;255;255;255m██[38;2;255;255;255m██[38;2;255;255;255m██[38;2;255;255;255m██[38;2;255;255;255m██[38;2;255;255;255m██[38;2;255;255;255m██[38;2;255;255;255m██[38;2;255;255;255m██[38;2;255;255;255m██[38;2;0;0;0m██                  
          [38;2;148;156;172m██[38;2;255;255;255m██[38;2;255;255;255m██[38;2;255;255;255m██[38;2;180;197;213m██[38;2;255;255;255m██[38;2;255;255;255m██[38;2;90;106;131m██[38;2;255;255;255m██[38;2;255;255;255m██[38;2;255;255;255m██[38;2;255;255;255m██[38;2;0;0;0m██[38;2;180;197;213m██[38;2;180;197;213m██[38;2;148;156;172m██[38;2;255;255;255m██[38;2;255;255;255m██[38;2;255;255;255m██[38;2;255;255;255m██[38;2;255;255;255m██[38;2;255;255;255m██[38;2;255;255;255m██[38;2;255;255;255m██[38;2;255;255;255m██[38;2;255;255;255m██[38;2;255;255;255m██[38;2;255;255;255m██[38;2;255;255;255m██[38;2;255;255;255m██[38;2;255;255;255m██[38;2;255;255;255m██[38;2;255;255;255m██[38;2;255;255;255m██[38;2;255;255;255m██[38;2;255;255;255m██[38;2;255;255;255m██[38;2;0;0;0m██                
          [38;2;148;156;172m██[38;2;255;255;255m██[38;2;255;255;255m██[38;2;180;197;213m██[38;2;255;255;255m██[38;2;255;255;255m██[38;2;148;156;172m██[38;2;255;255;255m██[38;2;255;255;255m██[38;2;255;255;255m██[38;2;255;255;255m██[38;2;255;255;255m██[38;2;0;0;0m██[38;2;180;197;213m██[38;2;148;156;172m██[38;2;255;255;255m██[38;2;255;255;255m██[38;2;255;255;255m██[38;2;255;255;255m██[38;2;255;255;255m██[38;2;255;255;255m██[38;2;255;255;255m██[38;2;255;255;255m██[38;2;255;255;255m██[38;2;255;255;255m██[38;2;255;255;255m██[38;2;255;255;255m██[38;2;255;255;255m██[38;2;255;255;255m██[38;2;255;255;255m██[38;2;255;255;255m██[38;2;255;255;255m██[38;2;255;255;255m██[38;2;255;255;255m██[38;2;255;255;255m██[38;2;255;255;255m██[38;2;255;255;255m██[38;2;255;255;255m██[38;2;0;0;0m██              
          [38;2;148;156;172m██[38;2;255;255;255m██[38;2;255;255;255m██[38;2;180;197;213m██[38;2;255;255;255m██[38;2;255;255;255m██[38;2;148;156;172m██[38;2;255;255;255m██[38;2;255;255;255m██[38;2;255;255;255m██[38;2;255;255;255m██[38;2;90;106;131m██[38;2;180;197;213m██[38;2;180;197;213m██[38;2;148;156;172m██[38;2;255;255;255m██[38;2;255;255;255m██[38;2;255;255;255m██[38;2;255;255;255m██[38;2;255;255;255m██[38;2;255;255;255m██[38;2;255;255;255m██[38;2;255;255;255m██[38;2;255;255;255m██[38;2;255;255;255m██[38;2;255;255;255m██[38;2;255;255;255m██[38;2;255;255;255m██[38;2;255;255;255m██[38;2;255;255;255m██[38;2;255;255;255m██[38;2;255;255;255m██[38;2;255;255;255m██[38;2;255;255;255m██[38;2;255;255;255m██[38;2;255;255;255m██[38;2;255;255;255m██[38;2;255;255;255m██[38;2;0;0;0m██              
        [38;2;148;156;172m██[38;2;180;197;213m██[38;2;255;255;255m██[38;2;255;255;255m██[38;2;180;197;213m██[38;2;255;255;255m██[38;2;90;106;131m██[38;2;255;255;255m██[38;2;255;255;255m██[38;2;255;255;255m██[38;2;255;255;255m██[38;2;255;255;255m██[38;2;90;106;131m██[38;2;255;255;255m██[38;2;148;156;172m██[38;2;255;255;255m██[38;2;255;255;255m██[38;2;255;255;255m██[38;2;255;255;255m██[38;2;255;255;255m██[38;2;255;255;255m██[38;2;255;255;255m██[38;2;255;255;255m██[38;2;255;255;255m██[38;2;255;255;255m██[38;2;255;255;255m██[38;2;255;255;255m██[38;2;255;255;255m██[38;2;255;255;255m██[38;2;255;255;255m██[38;2;255;255;255m██[38;2;255;255;255m██[38;2;255;255;255m██[38;2;255;255;255m██[38;2;255;255;255m██[38;2;255;255;255m██[38;2;255;255;255m██[38;2;255;255;255m██[38;2;255;255;255m██[38;2;255;255;255m██[38;2;0;0;0m██            
        [38;2;148;156;172m██[38;2;255;255;255m██[38;2;255;255;255m██[38;2;255;255;255m██[38;2;180;197;213m██[38;2;90;106;131m██[38;2;255;255;255m██[38;2;255;255;255m██[38;2;255;255;255m██[38;2;255;255;255m██[38;2;255;255;255m██[38;2;255;255;255m██[38;2;180;197;213m██[38;2;255;255;255m██[38;2;180;197;213m██[38;2;255;255;255m██[38;2;255;255;255m██[38;2;255;255;255m██[38;2;255;255;255m██[38;2;255;255;255m██[38;2;255;255;255m██[38;2;255;255;255m██[38;2;255;255;255m██[38;2;255;255;255m██[38;2;255;255;255m██[38;2;255;255;255m██[38;2;255;255;255m██[38;2;255;255;255m██[38;2;255;255;255m██[38;2;255;255;255m██[38;2;255;255;255m██[38;2;255;255;255m██[38;2;255;255;255m██[38;2;255;255;255m██[38;2;255;255;255m██[38;2;255;255;255m██[38;2;255;255;255m██[38;2;255;255;255m██[38;2;255;255;255m██[38;2;255;255;255m██[38;2;0;0;0m██            
        [38;2;148;156;172m██[38;2;255;255;255m██[38;2;255;255;255m██[38;2;255;255;255m██[38;2;180;197;213m██[38;2;90;106;131m██[38;2;255;255;255m██[38;2;255;255;255m██[38;2;255;255;255m██[38;2;255;255;255m██[38;2;255;255;255m██[38;2;255;255;255m██[38;2;255;255;255m██[38;2;255;255;255m██[38;2;255;255;255m██[38;2;255;255;255m██[38;2;255;255;255m██[38;2;255;255;255m██[38;2;255;255;255m██[38;2;255;255;255m██[38;2;148;156;172m██[38;2;148;156;172m██[38;2;148;156;172m██[38;2;148;156;172m██[38;2;148;156;172m██[38;2;255;255;255m██[38;2;255;255;255m██[38;2;255;255;255m██[38;2;255;255;255m██[38;2;255;255;255m██[38;2;255;255;255m██[38;2;255;255;255m██[38;2;255;255;255m██[38;2;255;255;255m██[38;2;255;255;255m██[38;2;255;255;255m██[38;2;255;255;255m██[38;2;255;255;255m██[38;2;255;255;255m██[38;2;255;255;255m██[38;2;255;255;255m██[38;2;0;0;0m██          
        [38;2;148;156;172m██[38;2;255;255;255m██[38;2;255;255;255m██[38;2;255;255;255m██[38;2;90;106;131m██[38;2;255;255;255m██[38;2;255;255;255m██[38;2;255;255;255m██[38;2;255;255;255m██[38;2;255;255;255m██[38;2;255;255;255m██[38;2;255;255;255m██[38;2;255;255;255m██[38;2;255;255;255m██[38;2;255;255;255m██[38;2;255;255;255m██[38;2;255;255;255m██[38;2;255;255;255m██[38;2;148;156;172m██[38;2;148;156;172m██[38;2;180;197;213m██[38;2;180;197;213m██[38;2;180;197;213m██[38;2;180;197;213m██[38;2;180;197;213m██[38;2;148;156;172m██[38;2;148;156;172m██[38;2;255;255;255m██[38;2;255;255;255m██[38;2;255;255;255m██[38;2;255;255;255m██[38;2;255;255;255m██[38;2;255;255;255m██[38;2;255;255;255m██[38;2;255;255;255m██[38;2;255;255;255m██[38;2;255;255;255m██[38;2;255;255;255m██[38;2;255;255;255m██[38;2;255;255;255m██[38;2;255;255;255m██[38;2;0;0;0m██          
        [38;2;148;156;172m██[38;2;180;197;213m██[38;2;255;255;255m██[38;2;180;197;213m██[38;2;90;106;131m██[38;2;255;255;255m██[38;2;255;255;255m██[38;2;255;255;255m██[38;2;255;255;255m██[38;2;255;255;255m██[38;2;255;255;255m██[38;2;255;255;255m██[38;2;255;255;255m██[38;2;255;255;255m██[38;2;255;255;255m██[38;2;255;255;255m██[38;2;255;255;255m██[38;2;255;255;255m██[38;2;180;197;213m██[38;2;180;197;213m██[38;2;180;197;213m██[38;2;180;197;213m██[38;2;180;197;213m██[38;2;180;197;213m██[38;2;180;197;213m██[38;2;180;197;213m██[38;2;180;197;213m██[38;2;148;156;172m██[38;2;255;255;255m██[38;2;255;255;255m██[38;2;255;255;255m██[38;2;255;255;255m██[38;2;255;255;255m██[38;2;255;255;255m██[38;2;255;255;255m██[38;2;255;255;255m██[38;2;255;255;255m██[38;2;255;255;255m██[38;2;255;255;255m██[38;2;255;255;255m██[38;2;255;255;255m██[38;2;0;0;0m██          
        [38;2;148;156;172m██[38;2;180;197;213m██[38;2;180;197;213m██[38;2;65;115;172m██[38;2;255;255;255m██[38;2;255;255;255m██[38;2;255;255;255m██[38;2;255;255;255m██[38;2;255;255;255m██[38;2;255;255;255m██[38;2;255;255;255m██[38;2;255;255;255m██[38;2;255;255;255m██[38;2;255;255;255m██[38;2;255;255;255m██[38;2;255;255;255m██[38;2;255;255;255m██[38;2;180;197;213m██[38;2;180;197;213m██[38;2;180;197;213m██[38;2;180;197;213m██[38;2;180;197;213m██[38;2;180;197;213m██[38;2;180;197;213m██[38;2;180;197;213m██[38;2;180;197;213m██[38;2;180;197;213m██[38;2;90;106;131m██[38;2;255;255;255m██[38;2;255;255;255m██[38;2;255;255;255m██[38;2;255;255;255m██[38;2;255;255;255m██[38;2;255;255;255m██[38;2;255;255;255m██[38;2;255;255;255m██[38;2;255;255;255m██[38;2;255;255;255m██[38;2;255;255;255m██[38;2;255;255;255m██[38;2;255;255;255m██[38;2;0;0;0m██          
        [38;2;148;156;172m██[38;2;180;197;213m██[38;2;180;197;213m██[38;2;65;115;172m██[38;2;255;255;255m██[38;2;255;255;255m██[38;2;255;255;255m██[38;2;255;255;255m██[38;2;255;255;255m██[38;2;255;255;255m██[38;2;255;255;255m██[38;2;255;255;255m██[38;2;98;148;180m██[38;2;98;148;180m██[38;2;255;255;255m██[38;2;255;255;255m██[38;2;255;255;255m██[38;2;255;255;255m██[38;2;255;255;255m██[38;2;255;255;255m██[38;2;180;197;213m██[38;2;180;197;213m██[38;2;180;197;213m██[38;2;180;197;213m██[38;2;180;197;213m██[38;2;180;197;213m██[38;2;180;197;213m██[38;2;90;106;131m██[38;2;255;255;255m██[38;2;255;255;255m██[38;2;255;255;255m██[38;2;255;255;255m██[38;2;255;255;255m██[38;2;255;255;255m██[38;2;255;255;255m██[38;2;255;255;255m██[38;2;255;255;255m██[38;2;255;255;255m██[38;2;255;255;255m██[38;2;255;255;255m██[38;2;255;255;255m██[38;2;0;0;0m██          
          [38;2;148;156;172m██[38;2;98;148;180m██[38;2;164;205;238m██[38;2;98;148;180m██[38;2;255;255;255m██[38;2;255;255;255m██[38;2;255;255;255m██[38;2;255;255;255m██[38;2;255;255;255m██[38;2;255;255;255m██[38;2;98;148;180m██[38;2;164;205;238m██[38;2;65;115;172m██[38;2;255;255;255m██[38;2;255;255;255m██[38;2;255;255;255m██[38;2;255;255;255m██[38;2;255;255;255m██[38;2;255;255;255m██[38;2;255;255;255m██[38;2;255;255;255m██[38;2;180;197;213m██[38;2;180;197;213m██[38;2;180;197;213m██[38;2;180;197;213m██[38;2;90;106;131m██[38;2;255;255;255m██[38;2;255;255;255m██[38;2;255;255;255m██[38;2;255;255;255m██[38;2;255;255;255m██[38;2;255;255;255m██[38;2;255;255;255m██[38;2;255;255;255m██[38;2;255;255;255m██[38;2;255;255;255m██[38;2;255;255;255m██[38;2;255;255;255m██[38;2;255;255;255m██[38;2;0;0;0m██            
          [38;2;148;156;172m██[38;2;65;115;172m██[38;2;164;205;238m██[38;2;98;148;180m██[38;2;255;255;255m██[38;2;255;255;255m██[38;2;255;255;255m██[38;2;255;255;255m██[38;2;255;255;255m██[38;2;98;148;180m██[38;2;164;205;238m██[38;2;98;148;180m██[38;2;164;205;238m██[38;2;57;74;106m██[38;2;255;255;255m██[38;2;255;255;255m██[38;2;255;255;255m██[38;2;255;255;255m██[38;2;255;255;255m██[38;2;255;255;255m██[38;2;255;255;255m██[38;2;255;255;255m██[38;2;180;197;213m██[38;2;180;197;213m██[38;2;148;156;172m██[38;2;255;255;255m██[38;2;255;255;255m██[38;2;255;255;255m██[38;2;255;255;255m██[38;2;255;255;255m██[38;2;255;255;255m██[38;2;255;255;255m██[38;2;255;255;255m██[38;2;255;255;255m██[38;2;255;255;255m██[38;2;255;255;255m██[38;2;255;255;255m██[38;2;255;255;255m██[38;2;255;255;255m██[38;2;0;0;0m██            
            [38;2;57;74;106m██[38;2;164;205;238m██[38;2;164;205;238m██[38;2;57;74;106m██[38;2;255;255;255m██[38;2;255;255;255m██[38;2;255;255;255m██[38;2;255;255;255m██[38;2;98;148;180m██[38;2;164;205;238m██[38;2;98;148;180m██[38;2;164;205;238m██[38;2;57;74;106m██[38;2;255;255;255m██[38;2;255;255;255m██[38;2;255;255;255m██[38;2;255;255;255m██[38;2;255;255;255m██[38;2;255;255;255m██[38;2;255;255;255m██[38;2;255;255;255m██[38;2;255;255;255m██[38;2;90;106;131m██[38;2;255;255;255m██[38;2;255;255;255m██[38;2;255;255;255m██[38;2;255;255;255m██[38;2;255;255;255m██[38;2;255;255;255m██[38;2;255;255;255m██[38;2;255;255;255m██[38;2;255;255;255m██[38;2;255;255;255m██[38;2;255;255;255m██[38;2;255;255;255m██[38;2;255;255;255m██[38;2;255;255;255m██[38;2;0;0;0m██              
            [38;2;0;0;0m██[38;2;164;205;238m██[38;2;164;205;238m██[38;2;98;148;180m██[38;2;255;255;255m██[38;2;255;255;255m██[38;2;255;255;255m██[38;2;98;148;180m██[38;2;164;205;238m██[38;2;98;148;180m██[38;2;164;205;238m██[38;2;164;205;238m██[38;2;164;205;238m██[38;2;57;74;106m██[38;2;255;255;255m██[38;2;255;255;255m██[38;2;255;255;255m██[38;2;255;255;255m██[38;2;255;255;255m██[38;2;255;255;255m██[38;2;255;255;255m██[38;2;90;106;131m██[38;2;255;255;255m██[38;2;255;255;255m██[38;2;255;255;255m██[38;2;255;255;255m██[38;2;255;255;255m██[38;2;255;255;255m██[38;2;255;255;255m██[38;2;255;255;255m██[38;2;255;255;255m██[38;2;255;255;255m██[38;2;255;255;255m██[38;2;255;255;255m██[38;2;255;255;255m██[38;2;255;255;255m██[38;2;255;255;255m██[38;2;0;0;0m██              
            [38;2;0;0;0m██[38;2;98;148;180m██[38;2;164;205;238m██[38;2;98;148;180m██[38;2;57;74;106m██[38;2;255;255;255m██[38;2;255;255;255m██[38;2;98;148;180m██[38;2;164;205;238m██[38;2;65;115;172m██[38;2;164;205;238m██[38;2;164;205;238m██[38;2;164;205;238m██[38;2;57;74;106m██[38;2;255;255;255m██[38;2;65;115;172m██[38;2;255;255;255m██[38;2;255;255;255m██[38;2;255;255;255m██[38;2;255;255;255m██[38;2;255;255;255m██[38;2;90;106;131m██[38;2;255;255;255m██[38;2;255;255;255m██[38;2;255;255;255m██[38;2;255;255;255m██[38;2;255;255;255m██[38;2;255;255;255m██[38;2;255;255;255m██[38;2;255;255;255m██[38;2;255;255;255m██[38;2;255;255;255m██[38;2;255;255;255m██[38;2;255;255;255m██[38;2;255;255;255m██[38;2;255;255;255m██[38;2;0;0;0m██      [38;2;90;106;131m██[38;2;90;106;131m██[38;2;90;106;131m██[38;2;90;106;131m██[38;2;90;106;131m██
            [38;2;0;0;0m██[38;2;98;148;180m██[38;2;98;148;180m██[38;2;98;148;180m██[38;2;57;74;106m██[38;2;255;255;255m██[38;2;255;255;255m██[38;2;57;74;106m██[38;2;164;205;238m██[38;2;65;115;172m██[38;2;164;205;238m██[38;2;164;205;238m██[38;2;164;205;238m██[38;2;164;205;238m██[38;2;65;115;172m██[38;2;164;205;238m██[38;2;57;74;106m██[38;2;255;255;255m██[38;2;255;255;255m██[38;2;255;255;255m██[38;2;0;0;0m██[38;2;255;255;255m██[38;2;255;255;255m██[38;2;255;255;255m██[38;2;255;255;255m██[38;2;255;255;255m██[38;2;255;255;255m██[38;2;255;255;255m██[38;2;255;255;255m██[38;2;255;255;255m██[38;2;255;255;255m██[38;2;255;255;255m██[38;2;255;255;255m██[38;2;255;255;255m██[38;2;148;156;172m██[38;2;0;0;0m██[38;2;90;106;131m██[38;2;90;106;131m██[38;2;90;106;131m██[38;2;90;106;131m██[38;2;255;255;255m██[38;2;255;255;255m██[38;2;255;255;255m██[38;2;255;255;255m██[38;2;90;106;131m██
              [38;2;57;74;106m██[38;2;65;115;172m██[38;2;98;148;180m██[38;2;98;148;180m██[38;2;57;74;106m██[38;2;255;255;255m██[38;2;57;74;106m██[38;2;98;148;180m██[38;2;65;115;172m██[38;2;98;148;180m██[38;2;164;205;238m██[38;2;164;205;238m██[38;2;164;205;238m██[38;2;98;148;180m██[38;2;164;205;238m██[38;2;57;74;106m██[38;2;255;255;255m██[38;2;255;255;255m██[38;2;255;255;255m██[38;2;0;0;0m██[38;2;255;255;255m██[38;2;255;255;255m██[38;2;255;255;255m██[38;2;255;255;255m██[38;2;255;255;255m██[38;2;255;255;255m██[38;2;255;255;255m██[38;2;255;255;255m██[38;2;255;255;255m██[38;2;255;255;255m██[38;2;255;255;255m██[38;2;90;106;131m██[38;2;90;106;131m██[38;2;90;106;131m██[38;2;180;197;213m██[38;2;255;255;255m██[38;2;255;255;255m██[38;2;255;255;255m██[38;2;255;255;255m██[38;2;255;255;255m██[38;2;255;255;255m██[38;2;180;197;213m██[38;2;0;0;0m██  
              [38;2;0;0;0m██[38;2;98;148;180m██[38;2;65;115;172m██[38;2;65;115;172m██[38;2;98;148;180m██[38;2;57;74;106m██[38;2;57;74;106m██[38;2;98;148;180m██[38;2;98;148;180m██[38;2;65;115;172m██[38;2;98;148;180m██[38;2;98;148;180m██[38;2;98;148;180m██[38;2;65;115;172m██[38;2;98;148;180m██[38;2;65;115;172m██[38;2;180;197;213m██[38;2;180;197;213m██[38;2;180;197;213m██[38;2;0;0;0m██[38;2;255;255;255m██[38;2;255;255;255m██[38;2;255;255;255m██[38;2;255;255;255m██[38;2;255;255;255m██[38;2;255;255;255m██[38;2;255;255;255m██[38;2;180;197;213m██[38;2;180;197;213m██[38;2;148;156;172m██[38;2;148;156;172m██[38;2;255;255;255m██[38;2;255;255;255m██[38;2;255;255;255m██[38;2;255;255;255m██[38;2;255;255;255m██[38;2;255;255;255m██[38;2;255;255;255m██[38;2;255;255;255m██[38;2;255;255;255m██[38;2;0;0;0m██[38;2;0;0;0m██    
                [38;2;0;0;0m██[38;2;98;148;180m██[38;2;98;148;180m██[38;2;98;148;180m██[38;2;98;148;180m██[38;2;57;74;106m██[38;2;98;148;180m██[38;2;98;148;180m██[38;2;65;115;172m██[38;2;98;148;180m██[38;2;98;148;180m██[38;2;98;148;180m██[38;2;98;148;180m██[38;2;65;115;172m██[38;2;98;148;180m██[38;2;65;115;172m██[38;2;180;197;213m██[38;2;180;197;213m██[38;2;180;197;213m██[38;2;0;0;0m██[38;2;255;255;255m██[38;2;255;255;255m██[38;2;255;255;255m██[38;2;255;255;255m██[38;2;255;255;255m██[38;2;255;255;255m██[38;2;255;255;255m██[38;2;255;255;255m██[38;2;255;255;255m██[38;2;255;255;255m██[38;2;255;255;255m██[38;2;255;255;255m██[38;2;255;255;255m██[38;2;255;255;255m██[38;2;255;255;255m██[38;2;255;255;255m██[38;2;180;197;213m██[38;2;0;0;0m██[38;2;0;0;0m██        
          [38;2;90;106;131m██[38;2;148;156;172m██[38;2;148;156;172m██[38;2;180;197;213m██[38;2;0;0;0m██[38;2;0;0;0m██[38;2;98;148;180m██[38;2;98;148;180m██[38;2;98;148;180m██[38;2;57;74;106m██[38;2;98;148;180m██[38;2;98;148;180m██[38;2;65;115;172m██[38;2;98;148;180m██[38;2;98;148;180m██[38;2;98;148;180m██[38;2;98;148;180m██[38;2;98;148;180m██[38;2;57;74;106m██[38;2;180;197;213m██[38;2;180;197;213m██[38;2;180;197;213m██[38;2;0;0;0m██[38;2;255;255;255m██[38;2;255;255;255m██[38;2;255;255;255m██[38;2;255;255;255m██[38;2;255;255;255m██[38;2;255;255;255m██[38;2;180;197;213m██[38;2;255;255;255m██[38;2;255;255;255m██[38;2;255;255;255m██[38;2;255;255;255m██[38;2;255;255;255m██[38;2;148;156;172m██[38;2;148;156;172m██[38;2;0;0;0m██[38;2;0;0;0m██[38;2;90;106;131m██            
          [38;2;90;106;131m██[38;2;180;197;213m██[38;2;180;197;213m██[38;2;180;197;213m██[38;2;180;197;213m██[38;2;180;197;213m██[38;2;0;0;0m██[38;2;0;0;0m██[38;2;57;74;106m██[38;2;0;0;0m██[38;2;0;0;0m██[38;2;98;148;180m██[38;2;98;148;180m██[38;2;65;115;172m██[38;2;98;148;180m██[38;2;98;148;180m██[38;2;98;148;180m██[38;2;98;148;180m██[38;2;57;74;106m██[38;2;180;197;213m██[38;2;180;197;213m██[38;2;180;197;213m██[38;2;180;197;213m██[38;2;0;0;0m██[38;2;255;255;255m██[38;2;255;255;255m██[38;2;255;255;255m██[38;2;255;255;255m██[38;2;255;255;255m██[38;2;255;255;255m██[38;2;90;106;131m██[38;2;255;255;255m██[38;2;255;255;255m██[38;2;255;255;255m██[38;2;255;255;255m██[38;2;255;255;255m██[38;2;255;255;255m██[38;2;255;255;255m██[38;2;180;197;213m██[38;2;180;197;213m██[38;2;90;106;131m██[38;2;90;106;131m██[38;2;90;106;131m██      
            [38;2;90;106;131m██[38;2;90;106;131m██[38;2;180;197;213m██[38;2;180;197;213m██[38;2;180;197;213m██[38;2;180;197;213m██[38;2;180;197;213m██[38;2;90;106;131m██[38;2;90;106;131m██[38;2;148;156;172m██[38;2;0;0;0m██[38;2;0;0;0m██[38;2;98;148;180m██[38;2;98;148;180m██[38;2;98;148;180m██[38;2;98;148;180m██[38;2;65;115;172m██[38;2;57;74;106m██[38;2;180;197;213m██[38;2;180;197;213m██[38;2;148;156;172m██[38;2;90;106;131m██[38;2;180;197;213m██[38;2;90;106;131m██[38;2;255;255;255m██[38;2;255;255;255m██[38;2;255;255;255m██[38;2;255;255;255m██[38;2;255;255;255m██[38;2;255;255;255m██[38;2;90;106;131m██[38;2;90;106;131m██[38;2;255;255;255m██[38;2;255;255;255m██[38;2;255;255;255m██[38;2;255;255;255m██[38;2;180;197;213m██[38;2;180;197;213m██[38;2;180;197;213m██[38;2;180;197;213m██[38;2;180;197;213m██[38;2;0;0;0m██      
                [38;2;90;106;131m██[38;2;90;106;131m██[38;2;148;156;172m██[38;2;90;106;131m██[38;2;90;106;131m██[38;2;180;197;213m██[38;2;180;197;213m██[38;2;180;197;213m██[38;2;148;156;172m██[38;2;90;106;131m██[38;2;0;0;0m██[38;2;0;0;0m██[38;2;0;0;0m██[38;2;0;0;0m██[38;2;0;0;0m██[38;2;90;106;131m██[38;2;90;106;131m██[38;2;148;156;172m██[38;2;180;197;213m██[38;2;180;197;213m██[38;2;180;197;213m██[38;2;0;0;0m██[38;2;90;106;131m██[38;2;180;197;213m██[38;2;255;255;255m██[38;2;255;255;255m██[38;2;255;255;255m██[38;2;255;255;255m██[38;2;255;255;255m██[38;2;255;255;255m██[38;2;0;0;0m██[38;2;90;106;131m██[38;2;180;197;213m██[38;2;180;197;213m██[38;2;180;197;213m██[38;2;180;197;213m██[38;2;180;197;213m██[38;2;0;0;0m██[38;2;0;0;0m██        
                    [38;2;90;106;131m██[38;2;180;197;213m██[38;2;180;197;213m██[38;2;180;197;213m██[38;2;148;156;172m██[38;2;74;74;74m██[38;2;74;74;74m██    [38;2;0;0;0m██[38;2;148;156;172m██[38;2;148;156;172m██[38;2;148;156;172m██[38;2;98;98;131m██[38;2;180;197;213m██[38;2;180;197;213m██[38;2;180;197;213m██[38;2;180;197;213m██[38;2;180;197;213m██[38;2;0;0;0m██  [38;2;0;0;0m██[38;2;0;0;0m██[38;2;180;197;213m██[38;2;180;197;213m██[38;2;180;197;213m██[38;2;180;197;213m██[38;2;180;197;213m██[38;2;180;197;213m██[38;2;180;197;213m██[38;2;0;0;0m██[38;2;90;106;131m██[38;2;90;106;131m██[38;2;0;0;0m██[38;2;0;0;0m██            
                    [38;2;74;74;74m██[38;2;74;74;74m██[38;2;74;74;74m██[38;2;74;74;74m██[38;2;74;74;74m██          [38;2;0;0;0m██[38;2;148;156;172m██[38;2;148;156;172m██[38;2;148;156;172m██[38;2;0;0;0m██[38;2;180;197;213m██[38;2;180;197;213m██[38;2;180;197;213m██[38;2;0;0;0m██        [38;2;0;0;0m██[38;2;0;0;0m██[38;2;0;0;0m██[38;2;180;197;213m██[38;2;180;197;213m██[38;2;180;197;213m██[38;2;180;197;213m██[38;2;180;197;213m██[38;2;0;0;0m██                  
                                          [38;2;0;0;0m██[38;2;148;156;172m██[38;2;0;0;0m██  [38;2;0;0;0m██[38;2;180;197;213m██[38;2;148;156;172m██[38;2;0;0;0m██              [38;2;0;0;0m██[38;2;0;0;0m██[38;2;0;0;0m██[38;2;0;0;0m██[38;2;0;0;0m██                    
                                          [38;2;0;0;0m██[38;2;74;74;74m██[38;2;0;0;0m██    [38;2;0;0;0m██[38;2;0;0;0m██                                              
                                        [38;2;0;0;0m██[38;2;74;74;74m██[38;2;0;0;0m██      [38;2;74;74;74m██[38;2;0;0;0m██                                              
                                        [38;2;0;0;0m██[38;2;74;74;74m██[38;2;0;0;0m██    [38;2;0;0;0m██[38;2;74;74;74m██[38;2;0;0;0m██                                              
                                [38;2;74;74;74m██[38;2;74;74;74m██[38;2;0;0;0m██[38;2;0;0;0m██[38;2;74;74;74m██[38;2;74;74;74m██    [38;2;0;0;0m██[38;2;74;74;74m██[38;2;98;98;131m██[38;2;74;74;74m██[38;2;0;0;0m██                                            
                            [38;2;74;74;74m██[38;2;74;74;74m██[38;2;98;98;131m██[38;2;98;98;131m██[38;2;74;74;74m██[38;2;74;74;74m██[38;2;74;74;74m██[38;2;74;74;74m██[38;2;0;0;0m██[38;2;98;98;131m██[38;2;98;98;131m██[38;2;98;98;131m██[38;2;98;98;131m██[38;2;98;98;131m██[38;2;0;0;0m██                                            
                            [38;2;0;0;0m██[38;2;0;0;0m██[38;2;0;0;0m██[38;2;74;74;74m██[38;2;98;98;131m██[38;2;0;0;0m██[38;2;0;0;0m██[38;2;0;0;0m██[38;2;98;98;131m██[38;2;74;74;74m██[38;2;0;0;0m██[38;2;98;98;131m██[38;2;98;98;131m██[38;2;74;74;74m██[38;2;98;98;131m██[38;2;0;0;0m██                                          
                                  [38;2;0;0;0m██[38;2;0;0;0m██    [38;2;0;0;0m██[38;2;0;0;0m██[38;2;0;0;0m██[38;2;98;98;131m██[38;2;98;98;131m██[38;2;0;0;0m██[38;2;0;0;0m██[38;2;0;0;0m██[38;2;0;0;0m██                                          
                                                [38;2;0;0;0m██[38;2;0;0;0m██                                                  
