                [38;2;88;20;20m██                                    
              [38;2;88;20;20m██[38;2;205;24;24m██[38;2;88;20;20m██                                  
            [38;2;88;20;20m██[38;2;205;24;24m██[38;2;205;24;24m██[38;2;205;24;24m██[38;2;88;20;20m██                                
            [38;2;88;20;20m██[38;2;205;24;24m██[38;2;205;24;24m██[38;2;205;24;24m██[38;2;205;24;24m██[38;2;88;20;20m██                              
          [38;2;88;20;20m██[38;2;205;24;24m██[38;2;205;24;24m██[38;2;205;24;24m██[38;2;205;24;24m██[38;2;205;24;24m██[38;2;205;24;24m██[38;2;88;20;20m██                            
          [38;2;88;20;20m██[38;2;205;24;24m██[38;2;205;24;24m██[38;2;168;63;63m██[38;2;205;24;24m██[38;2;205;24;24m██[38;2;205;24;24m██[38;2;88;20;20m██                            
        [38;2;88;20;20m██[38;2;205;24;24m██[38;2;205;24;24m██[38;2;205;24;24m██[38;2;225;84;84m██[38;2;168;63;63m██[38;2;205;24;24m██[38;2;205;24;24m██[38;2;205;24;24m██[38;2;88;20;20m██                          
        [38;2;88;20;20m██[38;2;205;24;24m██[38;2;205;24;24m██[38;2;205;24;24m██[38;2;225;84;84m██[38;2;225;84;84m██[38;2;205;24;24m██[38;2;205;24;24m██[38;2;205;24;24m██[38;2;88;20;20m██                          
        [38;2;88;20;20m██[38;2;205;24;24m██[38;2;205;24;24m██[38;2;205;24;24m██[38;2;225;84;84m██[38;2;225;84;84m██[38;2;168;63;63m██[38;2;205;24;24m██[38;2;205;24;24m██[38;2;205;24;24m██[38;2;88;20;20m██                        
        [38;2;88;20;20m██[38;2;205;24;24m██[38;2;205;24;24m██[38;2;205;24;24m██[38;2;225;84;84m██[38;2;225;84;84m██[38;2;225;84;84m██[38;2;205;24;24m██[38;2;205;24;24m██[38;2;205;24;24m██[38;2;88;20;20m██[38;2;0;0;0m██[38;2;0;0;0m██                    
        [38;2;88;20;20m██[38;2;205;24;24m██[38;2;205;24;24m██[38;2;205;24;24m██[38;2;168;63;63m██[38;2;225;84;84m██[38;2;225;84;84m██[38;2;205;24;24m██[38;2;205;24;24m██[38;2;205;24;24m██[38;2;88;20;20m██[38;2;225;84;84m██[38;2;225;84;84m██[38;2;0;0;0m██[38;2;0;0;0m██                
          [38;2;88;20;20m██[38;2;205;24;24m██[38;2;205;24;24m██[38;2;205;24;24m██[38;2;168;63;63m██[38;2;168;63;63m██[38;2;205;24;24m██[38;2;205;24;24m██[38;2;88;20;20m██[38;2;225;84;84m██[38;2;225;84;84m██[38;2;225;84;84m██[38;2;225;84;84m██[38;2;225;84;84m██[38;2;115;115;115m██[38;2;0;0;0m██[38;2;0;0;0m██          
          [38;2;88;20;20m██[38;2;205;24;24m██[38;2;205;24;24m██[38;2;205;24;24m██[38;2;205;24;24m██[38;2;205;24;24m██[38;2;205;24;24m██[38;2;205;24;24m██[38;2;88;20;20m██[38;2;225;84;84m██[38;2;225;84;84m██[38;2;225;84;84m██[38;2;225;84;84m██[38;2;225;84;84m██[38;2;0;0;0m██[38;2;255;255;255m██[38;2;205;197;205m██[38;2;0;0;0m██        
        [38;2;0;0;0m██[38;2;225;84;84m██[38;2;88;20;20m██[38;2;88;20;20m██[38;2;205;24;24m██[38;2;205;24;24m██[38;2;205;24;24m██[38;2;88;20;20m██[38;2;88;20;20m██[38;2;225;84;84m██[38;2;225;84;84m██[38;2;225;84;84m██[38;2;225;84;84m██[38;2;225;84;84m██[38;2;225;84;84m██[38;2;0;0;0m██[38;2;255;255;255m██[38;2;255;255;255m██[38;2;230;230;255m██[38;2;0;0;0m██      
      [38;2;0;0;0m██[38;2;225;84;84m██[38;2;225;84;84m██[38;2;225;84;84m██[38;2;225;84;84m██[38;2;88;20;20m██[38;2;88;20;20m██[38;2;88;20;20m██[38;2;225;84;84m██[38;2;225;84;84m██[38;2;225;84;84m██[38;2;225;84;84m██[38;2;225;84;84m██[38;2;225;84;84m██[38;2;225;84;84m██[38;2;0;0;0m██[38;2;255;255;255m██[38;2;255;255;255m██[38;2;255;255;255m██[38;2;255;255;255m██[38;2;230;230;255m██[38;2;0;0;0m██    
    [38;2;115;115;115m██[38;2;0;0;0m██[38;2;225;84;84m██[38;2;225;84;84m██[38;2;225;84;84m██[38;2;225;84;84m██[38;2;225;84;84m██[38;2;225;84;84m██[38;2;225;84;84m██[38;2;225;84;84m██[38;2;225;84;84m██[38;2;225;84;84m██[38;2;225;84;84m██[38;2;225;84;84m██[38;2;0;0;0m██[38;2;0;0;0m██[38;2;255;255;255m██[38;2;255;255;255m██[38;2;255;255;255m██[38;2;255;255;255m██[38;2;255;255;255m██[38;2;230;230;255m██[38;2;0;0;0m██    
    [38;2;115;115;115m██[38;2;255;255;255m██[38;2;0;0;0m██[38;2;0;0;0m██[38;2;225;84;84m██[38;2;225;84;84m██[38;2;225;84;84m██[38;2;225;84;84m██[38;2;225;84;84m██[38;2;225;84;84m██[38;2;225;84;84m██[38;2;0;0;0m██[38;2;0;0;0m██[38;2;0;0;0m██[38;2;255;255;255m██[38;2;255;255;255m██[38;2;255;255;255m██[38;2;255;255;255m██[38;2;255;255;255m██[38;2;255;255;255m██[38;2;255;255;255m██[38;2;205;197;205m██[38;2;205;197;205m██[38;2;0;0;0m██  
  [38;2;115;115;115m██[38;2;255;255;255m██[38;2;255;255;255m██[38;2;255;255;255m██[38;2;255;255;255m██[38;2;0;0;0m██[38;2;0;0;0m██[38;2;0;0;0m██[38;2;0;0;0m██[38;2;0;0;0m██[38;2;0;0;0m██[38;2;0;0;0m██[38;2;255;255;255m██[38;2;255;255;255m██[38;2;255;255;255m██[38;2;255;255;255m██[38;2;255;255;255m██[38;2;255;255;255m██[38;2;255;255;255m██[38;2;255;255;255m██[38;2;255;255;255m██[38;2;230;230;255m██[38;2;205;197;205m██[38;2;205;197;205m██[38;2;0;0;0m██  
  [38;2;115;115;115m██[38;2;255;255;255m██[38;2;255;255;255m██[38;2;255;255;255m██[38;2;255;255;255m██[38;2;255;255;255m██[38;2;255;255;255m██[38;2;255;255;255m██[38;2;255;255;255m██[38;2;255;255;255m██[38;2;255;255;255m██[38;2;255;255;255m██[38;2;255;255;255m██[38;2;255;255;255m██[38;2;255;255;255m██[38;2;255;255;255m██[38;2;255;255;255m██[38;2;255;255;255m██[38;2;255;255;255m██[38;2;255;255;255m██[38;2;230;230;255m██[38;2;205;197;205m██[38;2;205;197;205m██[38;2;205;197;205m██[38;2;0;0;0m██  
[38;2;115;115;115m██[38;2;255;255;255m██[38;2;255;255;255m██[38;2;255;255;255m██[38;2;255;255;255m██[38;2;255;255;255m██[38;2;255;255;255m██[38;2;255;255;255m██[38;2;255;255;255m██[38;2;255;255;255m██[38;2;255;255;255m██[38;2;255;255;255m██[38;2;255;255;255m██[38;2;255;255;255m██[38;2;255;255;255m██[38;2;255;255;255m██[38;2;255;255;255m██[38;2;255;255;255m██[38;2;0;0;0m██[38;2;255;255;255m██[38;2;205;197;205m██[38;2;205;197;205m██[38;2;205;197;205m██[38;2;205;197;205m██[38;2;205;197;205m██[38;2;0;0;0m██  
[38;2;115;115;115m██[38;2;255;255;255m██[38;2;255;255;255m██[38;2;255;255;255m██[38;2;255;255;255m██[38;2;255;255;255m██[38;2;255;255;255m██[38;2;255;255;255m██[38;2;255;255;255m██[38;2;255;255;255m██[38;2;255;255;255m██[38;2;255;255;255m██[38;2;255;255;255m██[38;2;255;255;255m██[38;2;255;255;255m██[38;2;255;255;255m██[38;2;255;255;255m██[38;2;0;0;0m██[38;2;205;197;205m██[38;2;0;0;0m██[38;2;205;197;205m██[38;2;205;197;205m██[38;2;205;197;205m██[38;2;205;197;205m██[38;2;205;197;205m██[38;2;0;0;0m██  
[38;2;115;115;115m██[38;2;230;230;255m██[38;2;255;255;255m██[38;2;255;255;255m██[38;2;255;255;255m██[38;2;255;255;255m██[38;2;255;255;255m██[38;2;255;255;255m██[38;2;255;255;255m██[38;2;255;255;255m██[38;2;255;255;255m██[38;2;255;255;255m██[38;2;255;255;255m██[38;2;255;255;255m██[38;2;255;255;255m██[38;2;255;255;255m██[38;2;255;255;255m██[38;2;0;0;0m██[38;2;205;197;205m██[38;2;205;197;205m██[38;2;0;0;0m██[38;2;205;197;205m██[38;2;205;197;205m██[38;2;205;197;205m██[38;2;205;197;205m██[38;2;0;0;0m██  
[38;2;115;115;115m██[38;2;205;197;205m██[38;2;230;230;255m██[38;2;255;255;255m██[38;2;255;255;255m██[38;2;255;255;255m██[38;2;255;255;255m██[38;2;255;255;255m██[38;2;255;255;255m██[38;2;255;255;255m██[38;2;255;255;255m██[38;2;255;255;255m██[38;2;255;255;255m██[38;2;230;230;255m██[38;2;205;197;205m██[38;2;205;197;205m██[38;2;0;0;0m██[38;2;205;197;205m██[38;2;205;197;205m██[38;2;205;197;205m██[38;2;205;197;205m██[38;2;0;0;0m██[38;2;205;197;205m██[38;2;205;197;205m██[38;2;0;0;0m██    
[38;2;115;115;115m██[38;2;205;197;205m██[38;2;205;197;205m██[38;2;205;197;205m██[38;2;230;230;255m██[38;2;255;255;255m██[38;2;255;255;255m██[38;2;255;255;255m██[38;2;255;255;255m██[38;2;230;230;255m██[38;2;205;197;205m██[38;2;205;197;205m██[38;2;205;197;205m██[38;2;205;197;205m██[38;2;205;197;205m██[38;2;0;0;0m██[38;2;205;197;205m██[38;2;205;197;205m██[38;2;123;106;8m██[38;2;123;106;8m██[38;2;205;197;205m██[38;2;205;197;205m██[38;2;0;0;0m██[38;2;0;0;0m██[38;2;115;115;115m██    
  [38;2;0;0;0m██[38;2;205;197;205m██[38;2;205;197;205m██[38;2;205;197;205m██[38;2;205;197;205m██[38;2;205;197;205m██[38;2;205;197;205m██[38;2;205;197;205m██[38;2;205;197;205m██[38;2;205;197;205m██[38;2;205;197;205m██[38;2;205;197;205m██[38;2;0;0;0m██[38;2;0;0;0m██[38;2;205;197;205m██[38;2;205;197;205m██[38;2;123;106;8m██[38;2;255;230;32m██[38;2;255;230;32m██[38;2;123;106;8m██[38;2;205;197;205m██[38;2;205;197;205m██[38;2;115;115;115m██[38;2;205;197;205m██[38;2;0;0;0m██  
  [38;2;0;0;0m██[38;2;205;197;205m██[38;2;205;197;205m██[38;2;205;197;205m██[38;2;205;197;205m██[38;2;205;197;205m██[38;2;205;197;205m██[38;2;205;197;205m██[38;2;205;197;205m██[38;2;205;197;205m██[38;2;205;197;205m██[38;2;0;0;0m██[38;2;205;197;205m██[38;2;205;197;205m██[38;2;205;197;205m██[38;2;205;197;205m██[38;2;123;106;8m██[38;2;255;230;32m██[38;2;255;230;32m██[38;2;123;106;8m██[38;2;205;197;205m██[38;2;205;197;205m██[38;2;115;115;115m██[38;2;205;197;205m██[38;2;205;197;205m██[38;2;0;0;0m██
  [38;2;0;0;0m██[38;2;205;197;205m██[38;2;205;197;205m██[38;2;205;197;205m██[38;2;205;197;205m██[38;2;205;197;205m██[38;2;205;197;205m██[38;2;205;197;205m██[38;2;205;197;205m██[38;2;205;197;205m██[38;2;205;197;205m██[38;2;0;0;0m██[38;2;205;197;205m██[38;2;205;197;205m██[38;2;205;197;205m██[38;2;205;197;205m██[38;2;123;106;8m██[38;2;255;230;32m██[38;2;255;230;32m██[38;2;123;106;8m██[38;2;205;197;205m██[38;2;205;197;205m██[38;2;0;0;0m██[38;2;205;197;205m██[38;2;205;197;205m██[38;2;0;0;0m██
    [38;2;0;0;0m██[38;2;205;197;205m██[38;2;205;197;205m██[38;2;205;197;205m██[38;2;205;197;205m██[38;2;205;197;205m██[38;2;205;197;205m██[38;2;205;197;205m██[38;2;205;197;205m██[38;2;115;115;115m██[38;2;115;115;115m██[38;2;205;197;205m██[38;2;205;197;205m██[38;2;205;197;205m██[38;2;205;197;205m██[38;2;205;197;205m██[38;2;123;106;8m██[38;2;123;106;8m██[38;2;205;197;205m██[38;2;205;197;205m██[38;2;205;197;205m██[38;2;0;0;0m██[38;2;115;115;115m██[38;2;0;0;0m██  
    [38;2;0;0;0m██[38;2;205;197;205m██[38;2;205;197;205m██[38;2;205;197;205m██[38;2;205;197;205m██[38;2;205;197;205m██[38;2;205;197;205m██[38;2;205;197;205m██[38;2;205;197;205m██[38;2;0;0;0m██[38;2;205;197;205m██[38;2;205;197;205m██[38;2;205;197;205m██[38;2;115;115;115m██[38;2;205;197;205m██[38;2;205;197;205m██[38;2;205;197;205m██[38;2;205;197;205m██[38;2;205;197;205m██[38;2;205;197;205m██[38;2;205;197;205m██[38;2;0;0;0m██      
      [38;2;0;0;0m██[38;2;205;197;205m██[38;2;205;197;205m██[38;2;205;197;205m██[38;2;205;197;205m██[38;2;205;197;205m██[38;2;205;197;205m██[38;2;0;0;0m██[38;2;115;115;115m██[38;2;205;197;205m██[38;2;205;197;205m██[38;2;205;197;205m██[38;2;115;115;115m██[38;2;205;197;205m██[38;2;205;197;205m██[38;2;205;197;205m██[38;2;205;197;205m██[38;2;205;197;205m██[38;2;205;197;205m██[38;2;0;0;0m██        
      [38;2;115;115;115m██[38;2;0;0;0m██[38;2;0;0;0m██[38;2;205;197;205m██[38;2;205;197;205m██[38;2;205;197;205m██[38;2;0;0;0m██[38;2;205;197;205m██[38;2;205;197;205m██[38;2;0;0;0m██[38;2;0;0;0m██[38;2;0;0;0m██[38;2;205;197;205m██[38;2;205;197;205m██[38;2;205;197;205m██[38;2;205;197;205m██[38;2;205;197;205m██[38;2;205;197;205m██[38;2;205;197;205m██[38;2;0;0;0m██[38;2;115;115;115m██[38;2;0;0;0m██    
      [38;2;115;115;115m██[38;2;205;197;205m██[38;2;205;197;205m██[38;2;0;0;0m██[38;2;0;0;0m██[38;2;115;115;115m██[38;2;205;197;205m██[38;2;205;197;205m██[38;2;205;197;205m██[38;2;205;197;205m██[38;2;205;197;205m██[38;2;205;197;205m██[38;2;205;197;205m██[38;2;205;197;205m██[38;2;205;197;205m██[38;2;205;197;205m██[38;2;205;197;205m██[38;2;205;197;205m██[38;2;115;115;115m██[38;2;205;197;205m██[38;2;205;197;205m██[38;2;205;197;205m██[38;2;0;0;0m██  
        [38;2;0;0;0m██[38;2;0;0;0m██  [38;2;0;0;0m██[38;2;205;197;205m██[38;2;115;115;115m██[38;2;205;197;205m██[38;2;205;197;205m██[38;2;205;197;205m██[38;2;205;197;205m██[38;2;205;197;205m██[38;2;205;197;205m██[38;2;205;197;205m██[38;2;205;197;205m██[38;2;205;197;205m██[38;2;205;197;205m██[38;2;205;197;205m██[38;2;205;197;205m██[38;2;205;197;205m██[38;2;205;197;205m██[38;2;205;197;205m██[38;2;0;0;0m██  
            [38;2;0;0;0m██[38;2;205;197;205m██[38;2;205;197;205m██[38;2;205;197;205m██[38;2;205;197;205m██[38;2;205;197;205m██[38;2;205;197;205m██[38;2;205;197;205m██[38;2;205;197;205m██[38;2;205;197;205m██[38;2;205;197;205m██[38;2;205;197;205m██[38;2;205;197;205m██[38;2;205;197;205m██[38;2;205;197;205m██[38;2;205;197;205m██[38;2;205;197;205m██[38;2;115;115;115m██[38;2;0;0;0m██    
            [38;2;0;0;0m██[38;2;205;197;205m██[38;2;205;197;205m██[38;2;205;197;205m██[38;2;205;197;205m██[38;2;205;197;205m██[38;2;205;197;205m██[38;2;205;197;205m██[38;2;205;197;205m██[38;2;205;197;205m██[38;2;205;197;205m██[38;2;205;197;205m██[38;2;205;197;205m██[38;2;0;0;0m██[38;2;0;0;0m██[38;2;0;0;0m██[38;2;0;0;0m██        
              [38;2;0;0;0m██[38;2;0;0;0m██[38;2;0;0;0m██[38;2;115;115;115m██[38;2;115;115;115m██[38;2;205;197;205m██[38;2;205;197;205m██[38;2;205;197;205m██[38;2;205;197;205m██[38;2;205;197;205m██[38;2;115;115;115m██[38;2;0;0;0m██                
                        [38;2;0;0;0m██[38;2;0;0;0m██[38;2;0;0;0m██[38;2;0;0;0m██[38;2;0;0;0m██                    
