                                [38;2;47;29;26m██[38;2;47;29;26m██                                                                                            
                                [38;2;16;16;16m██[38;2;216;108;67m██[38;2;47;29;26m██                                                                                          
                                [38;2;16;16;16m██[38;2;216;108;67m██[38;2;216;108;67m██[38;2;47;29;26m██                                                                                        
                                [38;2;16;16;16m██[38;2;216;108;67m██[38;2;216;108;67m██[38;2;216;108;67m██[38;2;47;29;26m██                                                                                      
                                [38;2;16;16;16m██[38;2;216;108;67m██[38;2;216;108;67m██[38;2;216;108;67m██[38;2;216;108;67m██[38;2;47;29;26m██                                                                                    
                                [38;2;16;16;16m██[38;2;216;108;67m██[38;2;216;108;67m██[38;2;216;108;67m██[38;2;216;108;67m██[38;2;134;58;14m██                                                          [38;2;47;29;26m██[38;2;47;29;26m██[38;2;16;16;16m██                    
                                [38;2;16;16;16m██[38;2;216;108;67m██[38;2;216;108;67m██[38;2;216;108;67m██[38;2;216;108;67m██[38;2;216;108;67m██[38;2;47;29;26m██                                                    [38;2;47;29;26m██[38;2;47;29;26m██[38;2;216;108;67m██[38;2;216;108;67m██[38;2;16;16;16m██                    
                                [38;2;16;16;16m██[38;2;216;108;67m██[38;2;216;108;67m██[38;2;216;108;67m██[38;2;216;108;67m██[38;2;216;108;67m██[38;2;216;108;67m██[38;2;16;16;16m██                                                [38;2;47;29;26m██[38;2;216;108;67m██[38;2;216;108;67m██[38;2;216;108;67m██[38;2;216;108;67m██[38;2;16;16;16m██                    
                                [38;2;16;16;16m██[38;2;216;108;67m██[38;2;216;108;67m██[38;2;216;108;67m██[38;2;216;108;67m██[38;2;216;108;67m██[38;2;134;58;14m██[38;2;16;16;16m██                                            [38;2;47;29;26m██[38;2;47;29;26m██[38;2;216;108;67m██[38;2;216;108;67m██[38;2;216;108;67m██[38;2;216;108;67m██[38;2;216;108;67m██[38;2;16;16;16m██                    
                                [38;2;16;16;16m██[38;2;216;108;67m██[38;2;216;108;67m██[38;2;216;108;67m██[38;2;134;58;14m██[38;2;134;58;14m██[38;2;121;165;57m██[38;2;121;165;57m██[38;2;16;16;16m██      [38;2;85;56;30m██[38;2;47;29;26m██[38;2;80;85;53m██[38;2;80;85;53m██[38;2;80;85;53m██[38;2;80;85;53m██[38;2;80;85;53m██                    [38;2;47;29;26m██[38;2;216;108;67m██[38;2;216;108;67m██[38;2;216;108;67m██[38;2;216;108;67m██[38;2;216;108;67m██[38;2;216;108;67m██[38;2;16;16;16m██                      
                                  [38;2;16;16;16m██[38;2;134;58;14m██[38;2;134;58;14m██[38;2;121;165;57m██[38;2;121;165;57m██[38;2;121;165;57m██[38;2;121;165;57m██[38;2;16;16;16m██    [38;2;85;56;30m██[38;2;127;83;47m██[38;2;47;29;26m██[38;2;115;152;73m██[38;2;168;214;86m██[38;2;168;214;86m██[38;2;168;214;86m██[38;2;168;214;86m██[38;2;80;85;53m██[38;2;80;85;53m██[38;2;80;85;53m██          [38;2;80;85;53m██[38;2;80;85;53m██[38;2;216;108;67m██[38;2;216;108;67m██[38;2;216;108;67m██[38;2;216;108;67m██[38;2;216;108;67m██[38;2;216;108;67m██[38;2;216;108;67m██[38;2;16;16;16m██                      
                                  [38;2;16;16;16m██[38;2;121;165;57m██[38;2;121;165;57m██[38;2;121;165;57m██[38;2;121;165;57m██[38;2;121;165;57m██[38;2;121;165;57m██[38;2;121;165;57m██[38;2;80;85;53m██[38;2;80;85;53m██[38;2;85;56;30m██[38;2;127;83;47m██[38;2;47;29;26m██[38;2;121;165;57m██[38;2;168;214;86m██[38;2;168;214;86m██[38;2;168;214;86m██[38;2;168;214;86m██[38;2;168;214;86m██[38;2;168;214;86m██[38;2;168;214;86m██[38;2;16;16;16m██[38;2;16;16;16m██    [38;2;80;85;53m██[38;2;168;214;86m██[38;2;168;214;86m██[38;2;134;58;14m██[38;2;216;108;67m██[38;2;216;108;67m██[38;2;216;108;67m██[38;2;216;108;67m██[38;2;216;108;67m██[38;2;16;16;16m██                        
                                  [38;2;16;16;16m██[38;2;121;165;57m██[38;2;121;165;57m██[38;2;121;165;57m██[38;2;121;165;57m██[38;2;121;165;57m██[38;2;121;165;57m██[38;2;80;85;53m██[38;2;121;165;57m██[38;2;121;165;57m██[38;2;85;56;30m██[38;2;127;83;47m██[38;2;47;29;26m██[38;2;121;165;57m██[38;2;121;165;57m██[38;2;168;214;86m██[38;2;168;214;86m██[38;2;168;214;86m██[38;2;168;214;86m██[38;2;168;214;86m██[38;2;168;214;86m██[38;2;168;214;86m██[38;2;168;214;86m██[38;2;16;16;16m██[38;2;80;85;53m██[38;2;168;214;86m██[38;2;168;214;86m██[38;2;168;214;86m██[38;2;134;58;14m██[38;2;216;108;67m██[38;2;216;108;67m██[38;2;216;108;67m██[38;2;216;108;67m██[38;2;216;108;67m██[38;2;16;16;16m██                        
                                  [38;2;16;16;16m██[38;2;121;165;57m██[38;2;121;165;57m██[38;2;121;165;57m██[38;2;121;165;57m██[38;2;85;56;30m██[38;2;85;56;30m██[38;2;168;214;86m██[38;2;168;214;86m██[38;2;85;56;30m██[38;2;127;83;47m██[38;2;127;83;47m██[38;2;47;29;26m██[38;2;121;165;57m██[38;2;121;165;57m██[38;2;85;56;30m██[38;2;85;56;30m██[38;2;47;29;26m██[38;2;168;214;86m██[38;2;168;214;86m██[38;2;168;214;86m██[38;2;168;214;86m██[38;2;168;214;86m██[38;2;105;113;70m██[38;2;168;214;86m██[38;2;168;214;86m██[38;2;168;214;86m██[38;2;168;214;86m██[38;2;168;214;86m██[38;2;134;58;14m██[38;2;216;108;67m██[38;2;216;108;67m██[38;2;216;108;67m██[38;2;16;16;16m██                          
                                    [38;2;16;16;16m██[38;2;121;165;57m██[38;2;121;165;57m██[38;2;121;165;57m██[38;2;47;29;26m██[38;2;127;83;47m██[38;2;85;56;30m██[38;2;121;165;57m██[38;2;85;56;30m██[38;2;127;83;47m██[38;2;127;83;47m██[38;2;47;29;26m██[38;2;121;165;57m██[38;2;85;56;30m██[38;2;127;83;47m██[38;2;127;83;47m██[38;2;47;29;26m██[38;2;168;214;86m██[38;2;168;214;86m██[38;2;168;214;86m██[38;2;168;214;86m██[38;2;121;165;57m██[38;2;168;214;86m██[38;2;168;214;86m██[38;2;168;214;86m██[38;2;168;214;86m██[38;2;168;214;86m██[38;2;168;214;86m██[38;2;168;214;86m██[38;2;134;58;14m██[38;2;134;58;14m██[38;2;216;108;67m██[38;2;16;16;16m██                          
                                    [38;2;16;16;16m██[38;2;121;165;57m██[38;2;121;165;57m██[38;2;80;85;53m██[38;2;47;29;26m██[38;2;127;83;47m██[38;2;127;83;47m██[38;2;85;56;30m██[38;2;85;56;30m██[38;2;127;83;47m██[38;2;127;83;47m██[38;2;85;56;30m██[38;2;85;56;30m██[38;2;127;83;47m██[38;2;127;83;47m██[38;2;47;29;26m██[38;2;168;214;86m██[38;2;168;214;86m██[38;2;168;214;86m██[38;2;168;214;86m██[38;2;168;214;86m██[38;2;168;214;86m██[38;2;168;214;86m██[38;2;168;214;86m██[38;2;168;214;86m██[38;2;168;214;86m██[38;2;168;214;86m██[38;2;168;214;86m██[38;2;168;214;86m██[38;2;168;214;86m██[38;2;168;214;86m██[38;2;16;16;16m██                            
                                      [38;2;16;16;16m██[38;2;80;85;53m██[38;2;168;214;86m██[38;2;168;214;86m██[38;2;47;29;26m██[38;2;127;83;47m██[38;2;127;83;47m██[38;2;127;83;47m██[38;2;127;83;47m██[38;2;127;83;47m██[38;2;127;83;47m██[38;2;127;83;47m██[38;2;127;83;47m██[38;2;127;83;47m██[38;2;47;29;26m██[38;2;115;152;73m██[38;2;115;152;73m██[38;2;168;214;86m██[38;2;168;214;86m██[38;2;168;214;86m██[38;2;168;214;86m██[38;2;168;214;86m██[38;2;168;214;86m██[38;2;168;214;86m██[38;2;168;214;86m██[38;2;168;214;86m██[38;2;168;214;86m██[38;2;168;214;86m██[38;2;168;214;86m██[38;2;121;165;57m██[38;2;16;16;16m██                            
                                      [38;2;80;85;53m██[38;2;168;214;86m██[38;2;168;214;86m██[38;2;115;152;73m██[38;2;47;29;26m██[38;2;127;83;47m██[38;2;127;83;47m██[38;2;127;83;47m██[38;2;127;83;47m██[38;2;127;83;47m██[38;2;127;83;47m██[38;2;127;83;47m██[38;2;127;83;47m██[38;2;47;29;26m██[38;2;249;181;108m██[38;2;249;181;108m██[38;2;249;181;108m██[38;2;115;152;73m██[38;2;168;214;86m██[38;2;168;214;86m██[38;2;168;214;86m██[38;2;168;214;86m██[38;2;168;214;86m██[38;2;168;214;86m██[38;2;168;214;86m██[38;2;168;214;86m██[38;2;168;214;86m██[38;2;168;214;86m██[38;2;121;165;57m██[38;2;16;16;16m██                              
                                    [38;2;80;85;53m██[38;2;168;214;86m██[38;2;168;214;86m██[38;2;115;152;73m██[38;2;249;181;108m██[38;2;113;79;44m██[38;2;47;29;26m██[38;2;127;83;47m██[38;2;127;83;47m██[38;2;127;83;47m██[38;2;127;83;47m██[38;2;127;83;47m██[38;2;127;83;47m██[38;2;47;29;26m██[38;2;249;181;108m██[38;2;249;181;108m██[38;2;249;181;108m██[38;2;249;181;108m██[38;2;249;181;108m██[38;2;115;152;73m██[38;2;168;214;86m██[38;2;168;214;86m██[38;2;168;214;86m██[38;2;168;214;86m██[38;2;168;214;86m██[38;2;168;214;86m██[38;2;168;214;86m██[38;2;168;214;86m██[38;2;121;165;57m██[38;2;16;16;16m██                                
                                  [38;2;80;85;53m██[38;2;168;214;86m██[38;2;168;214;86m██[38;2;115;152;73m██[38;2;249;181;108m██[38;2;113;79;44m██[38;2;249;249;249m██[38;2;178;124;82m██[38;2;85;56;30m██[38;2;127;83;47m██[38;2;127;83;47m██[38;2;127;83;47m██[38;2;127;83;47m██[38;2;47;29;26m██[38;2;249;181;108m██[38;2;249;181;108m██[38;2;113;79;44m██[38;2;113;79;44m██[38;2;249;181;108m██[38;2;249;181;108m██[38;2;249;181;108m██[38;2;115;152;73m██[38;2;168;214;86m██[38;2;168;214;86m██[38;2;168;214;86m██[38;2;168;214;86m██[38;2;168;214;86m██[38;2;168;214;86m██[38;2;121;165;57m██[38;2;121;165;57m██[38;2;16;16;16m██                                
                                  [38;2;80;85;53m██[38;2;168;214;86m██[38;2;168;214;86m██[38;2;115;152;73m██[38;2;113;79;44m██[38;2;249;249;249m██[38;2;16;16;16m██[38;2;233;171;112m██[38;2;85;56;30m██[38;2;127;83;47m██[38;2;127;83;47m██[38;2;127;83;47m██[38;2;85;56;30m██[38;2;249;181;108m██[38;2;249;181;108m██[38;2;178;124;82m██[38;2;249;249;249m██[38;2;249;249;249m██[38;2;113;79;44m██[38;2;249;181;108m██[38;2;249;181;108m██[38;2;249;181;108m██[38;2;115;152;73m██[38;2;168;214;86m██[38;2;168;214;86m██[38;2;168;214;86m██[38;2;168;214;86m██[38;2;121;165;57m██[38;2;121;165;57m██[38;2;16;16;16m██                                  
                    [38;2;16;16;16m██[38;2;16;16;16m██[38;2;16;16;16m██[38;2;16;16;16m██[38;2;16;16;16m██[38;2;16;16;16m██[38;2;16;16;16m██[38;2;168;214;86m██[38;2;168;214;86m██[38;2;115;152;73m██[38;2;249;181;108m██[38;2;113;79;44m██[38;2;249;249;249m██[38;2;16;16;16m██[38;2;249;249;249m██[38;2;178;124;82m██[38;2;85;56;30m██[38;2;127;83;47m██[38;2;85;56;30m██[38;2;178;124;82m██[38;2;249;181;108m██[38;2;178;124;82m██[38;2;249;249;249m██[38;2;233;171;112m██[38;2;16;16;16m██[38;2;249;249;249m██[38;2;113;79;44m██[38;2;249;181;108m██[38;2;249;181;108m██[38;2;115;152;73m██[38;2;168;214;86m██[38;2;168;214;86m██[38;2;168;214;86m██[38;2;168;214;86m██[38;2;121;165;57m██[38;2;121;165;57m██[38;2;16;16;16m██                                  
            [38;2;80;85;53m██[38;2;80;85;53m██[38;2;80;85;53m██[38;2;80;85;53m██[38;2;121;165;57m██[38;2;168;214;86m██[38;2;168;214;86m██[38;2;168;214;86m██[38;2;168;214;86m██[38;2;168;214;86m██[38;2;121;165;57m██[38;2;168;214;86m██[38;2;168;214;86m██[38;2;115;152;73m██[38;2;249;181;108m██[38;2;113;79;44m██[38;2;249;249;249m██[38;2;80;85;53m██[38;2;16;16;16m██[38;2;113;79;44m██[38;2;249;181;108m██[38;2;249;181;108m██[38;2;249;181;108m██[38;2;249;181;108m██[38;2;249;181;108m██[38;2;178;124;82m██[38;2;249;249;249m██[38;2;249;249;249m██[38;2;16;16;16m██[38;2;249;249;249m██[38;2;113;79;44m██[38;2;249;181;108m██[38;2;249;181;108m██[38;2;115;152;73m██[38;2;168;214;86m██[38;2;168;214;86m██[38;2;168;214;86m██[38;2;168;214;86m██[38;2;168;214;86m██[38;2;168;214;86m██[38;2;168;214;86m██[38;2;16;16;16m██                                
        [38;2;80;85;53m██[38;2;80;85;53m██[38;2;168;214;86m██[38;2;168;214;86m██[38;2;168;214;86m██[38;2;168;214;86m██[38;2;121;165;57m██[38;2;168;214;86m██[38;2;168;214;86m██[38;2;168;214;86m██[38;2;168;214;86m██[38;2;168;214;86m██[38;2;121;165;57m██[38;2;168;214;86m██[38;2;168;214;86m██[38;2;115;152;73m██[38;2;249;181;108m██[38;2;249;181;108m██[38;2;113;79;44m██[38;2;249;249;249m██[38;2;113;79;44m██[38;2;216;108;67m██[38;2;216;108;67m██[38;2;189;83;20m██[38;2;249;181;108m██[38;2;249;181;108m██[38;2;249;181;108m██[38;2;178;124;82m██[38;2;249;249;249m██[38;2;16;16;16m██[38;2;80;85;53m██[38;2;249;249;249m██[38;2;113;79;44m██[38;2;249;181;108m██[38;2;249;181;108m██[38;2;115;152;73m██[38;2;168;214;86m██[38;2;168;214;86m██[38;2;168;214;86m██[38;2;168;214;86m██[38;2;168;214;86m██[38;2;168;214;86m██[38;2;168;214;86m██[38;2;16;16;16m██                                
      [38;2;80;85;53m██[38;2;168;214;86m██[38;2;168;214;86m██[38;2;168;214;86m██[38;2;168;214;86m██[38;2;168;214;86m██[38;2;168;214;86m██[38;2;121;165;57m██[38;2;168;214;86m██[38;2;168;214;86m██[38;2;168;214;86m██[38;2;168;214;86m██[38;2;121;165;57m██[38;2;168;214;86m██[38;2;168;214;86m██[38;2;168;214;86m██[38;2;85;56;30m██[38;2;113;79;44m██[38;2;113;79;44m██[38;2;113;79;44m██[38;2;113;79;44m██[38;2;113;79;44m██[38;2;216;108;67m██[38;2;189;83;20m██[38;2;249;181;108m██[38;2;249;181;108m██[38;2;249;181;108m██[38;2;249;181;108m██[38;2;249;181;108m██[38;2;178;124;82m██[38;2;249;249;249m██[38;2;249;249;249m██[38;2;113;79;44m██[38;2;249;181;108m██[38;2;249;181;108m██[38;2;249;181;108m██[38;2;115;152;73m██[38;2;168;214;86m██[38;2;168;214;86m██[38;2;168;214;86m██[38;2;168;214;86m██[38;2;168;214;86m██[38;2;168;214;86m██[38;2;168;214;86m██[38;2;168;214;86m██[38;2;16;16;16m██                              
  [38;2;80;85;53m██[38;2;16;16;16m██[38;2;168;214;86m██[38;2;168;214;86m██[38;2;168;214;86m██[38;2;168;214;86m██[38;2;168;214;86m██[38;2;168;214;86m██[38;2;168;214;86m██[38;2;121;165;57m██[38;2;168;214;86m██[38;2;168;214;86m██[38;2;168;214;86m██[38;2;168;214;86m██[38;2;121;165;57m██[38;2;168;214;86m██[38;2;168;214;86m██[38;2;168;214;86m██[38;2;85;56;30m██[38;2;113;79;44m██[38;2;113;79;44m██[38;2;113;79;44m██[38;2;249;181;108m██[38;2;249;181;108m██[38;2;113;79;44m██[38;2;249;181;108m██[38;2;249;181;108m██[38;2;249;181;108m██[38;2;249;181;108m██[38;2;249;181;108m██[38;2;249;181;108m██[38;2;249;181;108m██[38;2;113;79;44m██[38;2;113;79;44m██[38;2;113;79;44m██[38;2;113;79;44m██[38;2;113;79;44m██[38;2;113;79;44m██[38;2;85;56;30m██[38;2;168;214;86m██[38;2;168;214;86m██[38;2;168;214;86m██[38;2;168;214;86m██[38;2;168;214;86m██[38;2;168;214;86m██[38;2;105;113;70m██[38;2;105;113;70m██[38;2;80;85;53m██[38;2;80;85;53m██[38;2;80;85;53m██[38;2;80;85;53m██[38;2;80;85;53m██                      
[38;2;80;85;53m██[38;2;249;249;249m██[38;2;105;113;70m██[38;2;121;165;57m██[38;2;168;214;86m██[38;2;168;214;86m██[38;2;168;214;86m██[38;2;168;214;86m██[38;2;168;214;86m██[38;2;168;214;86m██[38;2;121;165;57m██[38;2;168;214;86m██[38;2;168;214;86m██[38;2;168;214;86m██[38;2;168;214;86m██[38;2;121;165;57m██[38;2;168;214;86m██[38;2;168;214;86m██[38;2;168;214;86m██[38;2;168;214;86m██[38;2;85;56;30m██[38;2;113;79;44m██[38;2;113;79;44m██[38;2;249;181;108m██[38;2;123;43;50m██[38;2;192;72;84m██[38;2;249;249;249m██[38;2;249;249;249m██[38;2;249;249;249m██[38;2;192;72;84m██[38;2;123;43;50m██[38;2;123;43;50m██[38;2;123;43;50m██[38;2;123;43;50m██[38;2;249;181;108m██[38;2;113;79;44m██[38;2;113;79;44m██[38;2;113;79;44m██[38;2;85;56;30m██[38;2;168;214;86m██[38;2;168;214;86m██[38;2;168;214;86m██[38;2;168;214;86m██[38;2;168;214;86m██[38;2;168;214;86m██[38;2;121;165;57m██[38;2;168;214;86m██[38;2;168;214;86m██[38;2;168;214;86m██[38;2;168;214;86m██[38;2;168;214;86m██[38;2;168;214;86m██[38;2;168;214;86m██[38;2;80;85;53m██[38;2;80;85;53m██[38;2;80;85;53m██                
[38;2;16;16;16m██[38;2;16;16;16m██[38;2;168;214;86m██[38;2;249;249;249m██[38;2;121;165;57m██[38;2;168;214;86m██[38;2;168;214;86m██[38;2;168;214;86m██[38;2;168;214;86m██[38;2;168;214;86m██[38;2;168;214;86m██[38;2;121;165;57m██[38;2;168;214;86m██[38;2;168;214;86m██[38;2;121;165;57m██[38;2;168;214;86m██[38;2;168;214;86m██[38;2;168;214;86m██[38;2;168;214;86m██[38;2;168;214;86m██[38;2;85;56;30m██[38;2;113;79;44m██[38;2;249;181;108m██[38;2;249;181;108m██[38;2;123;43;50m██[38;2;123;43;50m██[38;2;123;43;50m██[38;2;123;43;50m██[38;2;123;43;50m██[38;2;123;43;50m██[38;2;123;43;50m██[38;2;123;43;50m██[38;2;123;43;50m██[38;2;123;43;50m██[38;2;249;181;108m██[38;2;113;79;44m██[38;2;113;79;44m██[38;2;113;79;44m██[38;2;85;56;30m██[38;2;168;214;86m██[38;2;168;214;86m██[38;2;168;214;86m██[38;2;168;214;86m██[38;2;168;214;86m██[38;2;168;214;86m██[38;2;121;165;57m██[38;2;168;214;86m██[38;2;168;214;86m██[38;2;168;214;86m██[38;2;168;214;86m██[38;2;168;214;86m██[38;2;168;214;86m██[38;2;168;214;86m██[38;2;121;165;57m██[38;2;121;165;57m██[38;2;168;214;86m██[38;2;80;85;53m██[38;2;80;85;53m██[38;2;80;85;53m██          
  [38;2;105;113;70m██[38;2;249;249;249m██[38;2;249;249;249m██[38;2;121;165;57m██[38;2;121;165;57m██[38;2;121;165;57m██[38;2;168;214;86m██[38;2;168;214;86m██[38;2;168;214;86m██[38;2;168;214;86m██[38;2;121;165;57m██[38;2;85;56;30m██[38;2;85;56;30m██[38;2;121;165;57m██[38;2;168;214;86m██[38;2;168;214;86m██[38;2;168;214;86m██[38;2;209;234;153m██[38;2;168;214;86m██[38;2;168;214;86m██[38;2;85;56;30m██[38;2;249;181;108m██[38;2;249;181;108m██[38;2;178;124;82m██[38;2;123;43;50m██[38;2;123;43;50m██[38;2;192;72;84m██[38;2;214;138;146m██[38;2;214;138;146m██[38;2;214;138;146m██[38;2;192;72;84m██[38;2;123;43;50m██[38;2;178;124;82m██[38;2;249;181;108m██[38;2;249;181;108m██[38;2;113;79;44m██[38;2;85;56;30m██[38;2;168;214;86m██[38;2;168;214;86m██[38;2;168;214;86m██[38;2;168;214;86m██[38;2;168;214;86m██[38;2;168;214;86m██[38;2;121;165;57m██[38;2;168;214;86m██[38;2;168;214;86m██[38;2;168;214;86m██[38;2;168;214;86m██[38;2;168;214;86m██[38;2;168;214;86m██[38;2;168;214;86m██[38;2;121;165;57m██[38;2;168;214;86m██[38;2;168;214;86m██[38;2;168;214;86m██[38;2;168;214;86m██[38;2;168;214;86m██[38;2;168;214;86m██[38;2;80;85;53m██[38;2;80;85;53m██      
  [38;2;16;16;16m██[38;2;16;16;16m██[38;2;16;16;16m██[38;2;105;113;70m██[38;2;249;249;249m██[38;2;249;249;249m██[38;2;85;56;30m██[38;2;85;56;30m██[38;2;85;56;30m██[38;2;85;56;30m██[38;2;85;56;30m██[38;2;113;79;44m██[38;2;113;79;44m██[38;2;121;165;57m██[38;2;168;214;86m██[38;2;168;214;86m██[38;2;168;214;86m██[38;2;209;234;153m██[38;2;209;234;153m██[38;2;168;214;86m██[38;2;168;214;86m██[38;2;115;152;73m██[38;2;249;181;108m██[38;2;249;181;108m██[38;2;178;124;82m██[38;2;123;43;50m██[38;2;214;138;146m██[38;2;214;138;146m██[38;2;214;138;146m██[38;2;214;138;146m██[38;2;123;43;50m██[38;2;178;124;82m██[38;2;249;181;108m██[38;2;249;181;108m██[38;2;249;181;108m██[38;2;85;56;30m██[38;2;168;214;86m██[38;2;168;214;86m██[38;2;168;214;86m██[38;2;168;214;86m██[38;2;168;214;86m██[38;2;168;214;86m██[38;2;168;214;86m██[38;2;121;165;57m██[38;2;168;214;86m██[38;2;168;214;86m██[38;2;168;214;86m██[38;2;168;214;86m██[38;2;168;214;86m██[38;2;168;214;86m██[38;2;168;214;86m██[38;2;121;165;57m██[38;2;168;214;86m██[38;2;168;214;86m██[38;2;168;214;86m██[38;2;168;214;86m██[38;2;168;214;86m██[38;2;168;214;86m██[38;2;168;214;86m██[38;2;168;214;86m██[38;2;80;85;53m██    
        [38;2;80;85;53m██[38;2;249;249;249m██[38;2;16;16;16m██[38;2;16;16;16m██[38;2;16;16;16m██[38;2;16;16;16m██[38;2;16;16;16m██[38;2;16;16;16m██[38;2;16;16;16m██[38;2;16;16;16m██[38;2;16;16;16m██[38;2;168;214;86m██[38;2;168;214;86m██[38;2;168;214;86m██[38;2;209;234;153m██[38;2;209;234;153m██[38;2;209;234;153m██[38;2;168;214;86m██[38;2;168;214;86m██[38;2;115;152;73m██[38;2;115;152;73m██[38;2;249;181;108m██[38;2;249;181;108m██[38;2;123;43;50m██[38;2;123;43;50m██[38;2;123;43;50m██[38;2;123;43;50m██[38;2;249;181;108m██[38;2;249;181;108m██[38;2;115;152;73m██[38;2;115;152;73m██[38;2;115;152;73m██[38;2;168;214;86m██[38;2;168;214;86m██[38;2;168;214;86m██[38;2;168;214;86m██[38;2;168;214;86m██[38;2;168;214;86m██[38;2;168;214;86m██[38;2;168;214;86m██[38;2;121;165;57m██[38;2;168;214;86m██[38;2;168;214;86m██[38;2;168;214;86m██[38;2;168;214;86m██[38;2;168;214;86m██[38;2;168;214;86m██[38;2;121;165;57m██[38;2;168;214;86m██[38;2;168;214;86m██[38;2;168;214;86m██[38;2;168;214;86m██[38;2;168;214;86m██[38;2;168;214;86m██[38;2;168;214;86m██[38;2;168;214;86m██[38;2;168;214;86m██[38;2;121;165;57m██[38;2;80;85;53m██  
        [38;2;80;85;53m██[38;2;80;85;53m██                [38;2;16;16;16m██[38;2;168;214;86m██[38;2;168;214;86m██[38;2;168;214;86m██[38;2;209;234;153m██[38;2;209;234;153m██[38;2;209;234;153m██[38;2;168;214;86m██[38;2;168;214;86m██[38;2;168;214;86m██[38;2;168;214;86m██[38;2;115;152;73m██[38;2;115;152;73m██[38;2;115;152;73m██[38;2;115;152;73m██[38;2;115;152;73m██[38;2;115;152;73m██[38;2;115;152;73m██[38;2;115;152;73m██[38;2;168;214;86m██[38;2;168;214;86m██[38;2;168;214;86m██[38;2;168;214;86m██[38;2;168;214;86m██[38;2;168;214;86m██[38;2;168;214;86m██[38;2;168;214;86m██[38;2;168;214;86m██[38;2;168;214;86m██[38;2;168;214;86m██[38;2;105;113;70m██[38;2;85;56;30m██[38;2;85;56;30m██[38;2;168;214;86m██[38;2;168;214;86m██[38;2;168;214;86m██[38;2;168;214;86m██[38;2;121;165;57m██[38;2;168;214;86m██[38;2;168;214;86m██[38;2;168;214;86m██[38;2;168;214;86m██[38;2;168;214;86m██[38;2;168;214;86m██[38;2;168;214;86m██[38;2;168;214;86m██[38;2;168;214;86m██[38;2;249;249;249m██[38;2;249;249;249m██[38;2;80;85;53m██
                            [38;2;16;16;16m██[38;2;168;214;86m██[38;2;168;214;86m██[38;2;168;214;86m██[38;2;168;214;86m██[38;2;209;234;153m██[38;2;209;234;153m██[38;2;168;214;86m██[38;2;168;214;86m██[38;2;168;214;86m██[38;2;168;214;86m██[38;2;168;214;86m██[38;2;168;214;86m██[38;2;168;214;86m██[38;2;127;83;47m██[38;2;127;83;47m██[38;2;168;214;86m██[38;2;168;214;86m██[38;2;168;214;86m██[38;2;168;214;86m██[38;2;168;214;86m██[38;2;168;214;86m██[38;2;168;214;86m██[38;2;168;214;86m██[38;2;168;214;86m██[38;2;168;214;86m██[38;2;168;214;86m██[38;2;168;214;86m██[38;2;168;214;86m██[38;2;168;214;86m██[38;2;168;214;86m██[38;2;16;16;16m██[38;2;113;79;44m██[38;2;85;56;30m██[38;2;85;56;30m██[38;2;168;214;86m██[38;2;168;214;86m██[38;2;121;165;57m██[38;2;168;214;86m██[38;2;168;214;86m██[38;2;168;214;86m██[38;2;168;214;86m██[38;2;168;214;86m██[38;2;168;214;86m██[38;2;168;214;86m██[38;2;168;214;86m██[38;2;121;165;57m██[38;2;105;113;70m██[38;2;16;16;16m██[38;2;16;16;16m██
                            [38;2;16;16;16m██[38;2;168;214;86m██[38;2;168;214;86m██[38;2;168;214;86m██[38;2;168;214;86m██[38;2;209;234;153m██[38;2;209;234;153m██[38;2;168;214;86m██[38;2;168;214;86m██[38;2;168;214;86m██[38;2;168;214;86m██[38;2;168;214;86m██[38;2;168;214;86m██[38;2;127;83;47m██[38;2;127;83;47m██[38;2;127;83;47m██[38;2;168;214;86m██[38;2;168;214;86m██[38;2;168;214;86m██[38;2;168;214;86m██[38;2;168;214;86m██[38;2;168;214;86m██[38;2;168;214;86m██[38;2;168;214;86m██[38;2;168;214;86m██[38;2;168;214;86m██[38;2;168;214;86m██[38;2;168;214;86m██[38;2;168;214;86m██[38;2;168;214;86m██[38;2;168;214;86m██[38;2;168;214;86m██[38;2;16;16;16m██[38;2;16;16;16m██[38;2;113;79;44m██[38;2;85;56;30m██[38;2;85;56;30m██[38;2;85;56;30m██[38;2;121;165;57m██[38;2;168;214;86m██[38;2;168;214;86m██[38;2;168;214;86m██[38;2;168;214;86m██[38;2;168;214;86m██[38;2;168;214;86m██[38;2;121;165;57m██[38;2;249;249;249m██[38;2;80;85;53m██    
                            [38;2;16;16;16m██[38;2;121;165;57m██[38;2;168;214;86m██[38;2;168;214;86m██[38;2;168;214;86m██[38;2;168;214;86m██[38;2;209;234;153m██[38;2;168;214;86m██[38;2;127;83;47m██[38;2;127;83;47m██[38;2;127;83;47m██[38;2;168;214;86m██[38;2;168;214;86m██[38;2;127;83;47m██[38;2;127;83;47m██[38;2;127;83;47m██[38;2;168;214;86m██[38;2;168;214;86m██[38;2;127;83;47m██[38;2;127;83;47m██[38;2;127;83;47m██[38;2;168;214;86m██[38;2;168;214;86m██[38;2;168;214;86m██[38;2;168;214;86m██[38;2;168;214;86m██[38;2;168;214;86m██[38;2;168;214;86m██[38;2;168;214;86m██[38;2;168;214;86m██[38;2;168;214;86m██[38;2;121;165;57m██[38;2;121;165;57m██[38;2;121;165;57m██[38;2;16;16;16m██[38;2;16;16;16m██[38;2;16;16;16m██[38;2;113;79;44m██[38;2;85;56;30m██[38;2;85;56;30m██[38;2;85;56;30m██[38;2;85;56;30m██[38;2;121;165;57m██[38;2;121;165;57m██[38;2;168;214;86m██[38;2;105;113;70m██[38;2;249;249;249m██[38;2;249;249;249m██[38;2;80;85;53m██  
                            [38;2;16;16;16m██[38;2;121;165;57m██[38;2;121;165;57m██[38;2;121;165;57m██[38;2;168;214;86m██[38;2;168;214;86m██[38;2;168;214;86m██[38;2;168;214;86m██[38;2;127;83;47m██[38;2;127;83;47m██[38;2;127;83;47m██[38;2;127;83;47m██[38;2;127;83;47m██[38;2;127;83;47m██[38;2;127;83;47m██[38;2;127;83;47m██[38;2;127;83;47m██[38;2;127;83;47m██[38;2;127;83;47m██[38;2;127;83;47m██[38;2;127;83;47m██[38;2;168;214;86m██[38;2;168;214;86m██[38;2;168;214;86m██[38;2;168;214;86m██[38;2;168;214;86m██[38;2;168;214;86m██[38;2;168;214;86m██[38;2;168;214;86m██[38;2;168;214;86m██[38;2;121;165;57m██[38;2;121;165;57m██[38;2;121;165;57m██[38;2;121;165;57m██[38;2;121;165;57m██[38;2;16;16;16m██  [38;2;16;16;16m██[38;2;16;16;16m██[38;2;16;16;16m██[38;2;16;16;16m██[38;2;16;16;16m██[38;2;249;249;249m██[38;2;249;249;249m██[38;2;80;85;53m██[38;2;16;16;16m██[38;2;16;16;16m██[38;2;16;16;16m██[38;2;16;16;16m██  
                            [38;2;16;16;16m██[38;2;121;165;57m██[38;2;121;165;57m██[38;2;121;165;57m██[38;2;121;165;57m██[38;2;121;165;57m██[38;2;168;214;86m██[38;2;168;214;86m██[38;2;168;214;86m██[38;2;127;83;47m██[38;2;127;83;47m██[38;2;127;83;47m██[38;2;127;83;47m██[38;2;127;83;47m██[38;2;127;83;47m██[38;2;127;83;47m██[38;2;127;83;47m██[38;2;127;83;47m██[38;2;127;83;47m██[38;2;127;83;47m██[38;2;168;214;86m██[38;2;168;214;86m██[38;2;168;214;86m██[38;2;168;214;86m██[38;2;168;214;86m██[38;2;168;214;86m██[38;2;168;214;86m██[38;2;168;214;86m██[38;2;168;214;86m██[38;2;121;165;57m██[38;2;121;165;57m██[38;2;121;165;57m██[38;2;121;165;57m██[38;2;121;165;57m██[38;2;121;165;57m██[38;2;16;16;16m██            [38;2;80;85;53m██[38;2;249;249;249m██[38;2;80;85;53m██          
                              [38;2;16;16;16m██[38;2;121;165;57m██[38;2;121;165;57m██[38;2;121;165;57m██[38;2;121;165;57m██[38;2;121;165;57m██[38;2;121;165;57m██[38;2;121;165;57m██[38;2;121;165;57m██[38;2;127;83;47m██[38;2;127;83;47m██[38;2;127;83;47m██[38;2;127;83;47m██[38;2;127;83;47m██[38;2;127;83;47m██[38;2;127;83;47m██[38;2;127;83;47m██[38;2;127;83;47m██[38;2;168;214;86m██[38;2;168;214;86m██[38;2;168;214;86m██[38;2;168;214;86m██[38;2;168;214;86m██[38;2;168;214;86m██[38;2;168;214;86m██[38;2;168;214;86m██[38;2;121;165;57m██[38;2;121;165;57m██[38;2;121;165;57m██[38;2;121;165;57m██[38;2;121;165;57m██[38;2;121;165;57m██[38;2;121;165;57m██[38;2;121;165;57m██[38;2;16;16;16m██              [38;2;80;85;53m██[38;2;80;85;53m██          
                              [38;2;16;16;16m██[38;2;121;165;57m██[38;2;121;165;57m██[38;2;121;165;57m██[38;2;121;165;57m██[38;2;121;165;57m██[38;2;127;83;47m██[38;2;127;83;47m██[38;2;127;83;47m██[38;2;127;83;47m██[38;2;127;83;47m██[38;2;127;83;47m██[38;2;127;83;47m██[38;2;127;83;47m██[38;2;127;83;47m██[38;2;127;83;47m██[38;2;127;83;47m██[38;2;127;83;47m██[38;2;127;83;47m██[38;2;127;83;47m██[38;2;127;83;47m██[38;2;84;49;31m██[38;2;84;49;31m██[38;2;121;165;57m██[38;2;121;165;57m██[38;2;121;165;57m██[38;2;121;165;57m██[38;2;121;165;57m██[38;2;121;165;57m██[38;2;121;165;57m██[38;2;121;165;57m██[38;2;121;165;57m██[38;2;121;165;57m██[38;2;121;165;57m██[38;2;16;16;16m██                            
                              [38;2;16;16;16m██[38;2;121;165;57m██[38;2;121;165;57m██[38;2;84;49;31m██[38;2;84;49;31m██[38;2;84;49;31m██[38;2;84;49;31m██[38;2;127;83;47m██[38;2;127;83;47m██[38;2;127;83;47m██[38;2;127;83;47m██[38;2;127;83;47m██[38;2;127;83;47m██[38;2;127;83;47m██[38;2;127;83;47m██[38;2;127;83;47m██[38;2;127;83;47m██[38;2;127;83;47m██[38;2;127;83;47m██[38;2;84;49;31m██[38;2;84;49;31m██[38;2;84;49;31m██[38;2;84;49;31m██[38;2;84;49;31m██[38;2;84;49;31m██[38;2;84;49;31m██[38;2;121;165;57m██[38;2;121;165;57m██[38;2;121;165;57m██[38;2;121;165;57m██[38;2;121;165;57m██[38;2;121;165;57m██[38;2;121;165;57m██[38;2;16;16;16m██                              
                                [38;2;16;16;16m██[38;2;84;49;31m██[38;2;84;49;31m██[38;2;84;49;31m██[38;2;84;49;31m██[38;2;84;49;31m██[38;2;84;49;31m██[38;2;84;49;31m██[38;2;84;49;31m██[38;2;127;83;47m██[38;2;127;83;47m██[38;2;127;83;47m██[38;2;127;83;47m██[38;2;127;83;47m██[38;2;127;83;47m██[38;2;84;49;31m██[38;2;84;49;31m██[38;2;84;49;31m██[38;2;84;49;31m██[38;2;84;49;31m██[38;2;84;49;31m██[38;2;84;49;31m██[38;2;84;49;31m██[38;2;84;49;31m██[38;2;84;49;31m██[38;2;84;49;31m██[38;2;84;49;31m██[38;2;84;49;31m██[38;2;121;165;57m██[38;2;121;165;57m██[38;2;121;165;57m██[38;2;121;165;57m██[38;2;16;16;16m██                              
                                [38;2;16;16;16m██[38;2;84;49;31m██[38;2;84;49;31m██[38;2;84;49;31m██[38;2;84;49;31m██[38;2;84;49;31m██[38;2;84;49;31m██[38;2;84;49;31m██[38;2;84;49;31m██[38;2;84;49;31m██[38;2;84;49;31m██[38;2;84;49;31m██[38;2;84;49;31m██[38;2;84;49;31m██[38;2;84;49;31m██[38;2;84;49;31m██[38;2;84;49;31m██[38;2;84;49;31m██[38;2;84;49;31m██[38;2;84;49;31m██[38;2;84;49;31m██[38;2;84;49;31m██[38;2;84;49;31m██[38;2;84;49;31m██[38;2;84;49;31m██[38;2;84;49;31m██[38;2;84;49;31m██[38;2;127;83;47m██[38;2;127;83;47m██[38;2;127;83;47m██[38;2;47;29;26m██[38;2;16;16;16m██              [38;2;16;16;16m██[38;2;16;16;16m██[38;2;16;16;16m██            
                                [38;2;47;29;26m██[38;2;47;29;26m██[38;2;84;49;31m██[38;2;84;49;31m██[38;2;84;49;31m██[38;2;84;49;31m██[38;2;84;49;31m██[38;2;84;49;31m██[38;2;84;49;31m██[38;2;84;49;31m██[38;2;84;49;31m██[38;2;84;49;31m██[38;2;84;49;31m██[38;2;84;49;31m██[38;2;84;49;31m██[38;2;84;49;31m██[38;2;84;49;31m██[38;2;84;49;31m██[38;2;84;49;31m██[38;2;84;49;31m██[38;2;84;49;31m██[38;2;84;49;31m██[38;2;84;49;31m██[38;2;84;49;31m██[38;2;84;49;31m██[38;2;84;49;31m██[38;2;127;83;47m██[38;2;127;83;47m██[38;2;127;83;47m██[38;2;127;83;47m██[38;2;127;83;47m██[38;2;47;29;26m██        [38;2;16;16;16m██[38;2;16;16;16m██[38;2;16;16;16m██[38;2;189;83;20m██[38;2;189;83;20m██[38;2;16;16;16m██            
                                [38;2;47;29;26m██[38;2;84;49;31m██[38;2;47;29;26m██[38;2;84;49;31m██[38;2;84;49;31m██[38;2;84;49;31m██[38;2;84;49;31m██[38;2;84;49;31m██[38;2;84;49;31m██[38;2;84;49;31m██[38;2;84;49;31m██[38;2;84;49;31m██[38;2;84;49;31m██[38;2;84;49;31m██[38;2;84;49;31m██[38;2;84;49;31m██[38;2;84;49;31m██[38;2;84;49;31m██[38;2;84;49;31m██[38;2;84;49;31m██[38;2;84;49;31m██[38;2;84;49;31m██[38;2;84;49;31m██[38;2;84;49;31m██[38;2;84;49;31m██[38;2;84;49;31m██[38;2;127;83;47m██[38;2;127;83;47m██[38;2;127;83;47m██[38;2;127;83;47m██[38;2;127;83;47m██[38;2;127;83;47m██[38;2;47;29;26m██[38;2;16;16;16m██[38;2;16;16;16m██[38;2;16;16;16m██[38;2;189;83;20m██[38;2;189;83;20m██[38;2;189;83;20m██[38;2;189;83;20m██[38;2;16;16;16m██              
                              [38;2;47;29;26m██[38;2;84;49;31m██[38;2;84;49;31m██[38;2;84;49;31m██[38;2;47;29;26m██[38;2;84;49;31m██[38;2;84;49;31m██[38;2;84;49;31m██[38;2;84;49;31m██[38;2;84;49;31m██[38;2;84;49;31m██[38;2;84;49;31m██[38;2;84;49;31m██[38;2;84;49;31m██[38;2;84;49;31m██[38;2;84;49;31m██[38;2;84;49;31m██[38;2;84;49;31m██[38;2;84;49;31m██[38;2;84;49;31m██[38;2;84;49;31m██[38;2;84;49;31m██[38;2;84;49;31m██[38;2;84;49;31m██[38;2;84;49;31m██[38;2;84;49;31m██[38;2;127;83;47m██[38;2;127;83;47m██[38;2;127;83;47m██[38;2;127;83;47m██[38;2;127;83;47m██[38;2;127;83;47m██[38;2;127;83;47m██[38;2;47;29;26m██[38;2;134;58;14m██[38;2;134;58;14m██[38;2;134;58;14m██[38;2;189;83;20m██[38;2;189;83;20m██[38;2;189;83;20m██[38;2;189;83;20m██[38;2;16;16;16m██              
                              [38;2;47;29;26m██[38;2;84;49;31m██[38;2;84;49;31m██[38;2;84;49;31m██[38;2;84;49;31m██[38;2;47;29;26m██[38;2;84;49;31m██[38;2;84;49;31m██[38;2;84;49;31m██[38;2;84;49;31m██[38;2;84;49;31m██[38;2;84;49;31m██[38;2;84;49;31m██[38;2;84;49;31m██[38;2;84;49;31m██[38;2;84;49;31m██[38;2;84;49;31m██[38;2;84;49;31m██[38;2;84;49;31m██[38;2;84;49;31m██[38;2;84;49;31m██[38;2;84;49;31m██[38;2;84;49;31m██[38;2;84;49;31m██[38;2;84;49;31m██[38;2;84;49;31m██[38;2;127;83;47m██[38;2;127;83;47m██[38;2;127;83;47m██[38;2;127;83;47m██[38;2;127;83;47m██[38;2;127;83;47m██[38;2;127;83;47m██[38;2;47;29;26m██[38;2;134;58;14m██[38;2;134;58;14m██[38;2;134;58;14m██[38;2;134;58;14m██[38;2;189;83;20m██[38;2;189;83;20m██[38;2;16;16;16m██                
                              [38;2;47;29;26m██[38;2;84;49;31m██[38;2;84;49;31m██[38;2;84;49;31m██[38;2;84;49;31m██[38;2;84;49;31m██[38;2;47;29;26m██[38;2;84;49;31m██[38;2;84;49;31m██[38;2;84;49;31m██[38;2;84;49;31m██[38;2;84;49;31m██[38;2;84;49;31m██[38;2;84;49;31m██[38;2;84;49;31m██[38;2;84;49;31m██[38;2;84;49;31m██[38;2;84;49;31m██[38;2;84;49;31m██[38;2;84;49;31m██[38;2;84;49;31m██[38;2;84;49;31m██[38;2;84;49;31m██[38;2;84;49;31m██[38;2;84;49;31m██[38;2;84;49;31m██[38;2;127;83;47m██[38;2;127;83;47m██[38;2;127;83;47m██[38;2;127;83;47m██[38;2;127;83;47m██[38;2;127;83;47m██[38;2;127;83;47m██[38;2;127;83;47m██[38;2;16;16;16m██[38;2;134;58;14m██[38;2;134;58;14m██[38;2;134;58;14m██[38;2;189;83;20m██[38;2;16;16;16m██                  
                              [38;2;16;16;16m██[38;2;127;83;47m██[38;2;84;49;31m██[38;2;84;49;31m██[38;2;84;49;31m██[38;2;84;49;31m██[38;2;84;49;31m██[38;2;47;29;26m██[38;2;47;29;26m██[38;2;84;49;31m██[38;2;84;49;31m██[38;2;84;49;31m██[38;2;115;152;73m██[38;2;115;152;73m██[38;2;115;152;73m██[38;2;115;152;73m██[38;2;115;152;73m██[38;2;115;152;73m██[38;2;115;152;73m██[38;2;115;152;73m██[38;2;84;49;31m██[38;2;84;49;31m██[38;2;84;49;31m██[38;2;84;49;31m██[38;2;84;49;31m██[38;2;47;29;26m██[38;2;127;83;47m██[38;2;127;83;47m██[38;2;127;83;47m██[38;2;127;83;47m██[38;2;127;83;47m██[38;2;127;83;47m██[38;2;127;83;47m██[38;2;127;83;47m██[38;2;16;16;16m██[38;2;134;58;14m██[38;2;134;58;14m██[38;2;134;58;14m██[38;2;16;16;16m██                    
                              [38;2;16;16;16m██[38;2;127;83;47m██[38;2;127;83;47m██[38;2;127;83;47m██[38;2;84;49;31m██[38;2;84;49;31m██[38;2;84;49;31m██[38;2;84;49;31m██[38;2;47;29;26m██[38;2;16;16;16m██[38;2;16;16;16m██[38;2;115;152;73m██[38;2;115;152;73m██[38;2;115;152;73m██[38;2;115;152;73m██[38;2;115;152;73m██[38;2;115;152;73m██[38;2;115;152;73m██[38;2;115;152;73m██[38;2;115;152;73m██[38;2;115;152;73m██[38;2;115;152;73m██[38;2;115;152;73m██[38;2;84;49;31m██[38;2;84;49;31m██[38;2;47;29;26m██[38;2;127;83;47m██[38;2;127;83;47m██[38;2;127;83;47m██[38;2;127;83;47m██[38;2;127;83;47m██[38;2;127;83;47m██[38;2;127;83;47m██[38;2;127;83;47m██[38;2;16;16;16m██[38;2;134;58;14m██[38;2;16;16;16m██[38;2;16;16;16m██                      
                                [38;2;16;16;16m██[38;2;127;83;47m██[38;2;127;83;47m██[38;2;127;83;47m██[38;2;84;49;31m██[38;2;84;49;31m██[38;2;84;49;31m██[38;2;16;16;16m██    [38;2;16;16;16m██[38;2;16;16;16m██[38;2;80;85;53m██[38;2;115;152;73m██[38;2;115;152;73m██[38;2;115;152;73m██[38;2;115;152;73m██[38;2;115;152;73m██[38;2;115;152;73m██[38;2;115;152;73m██[38;2;115;152;73m██[38;2;105;113;70m██[38;2;105;113;70m██[38;2;105;113;70m██[38;2;47;29;26m██[38;2;127;83;47m██[38;2;127;83;47m██[38;2;127;83;47m██[38;2;127;83;47m██[38;2;127;83;47m██[38;2;127;83;47m██[38;2;127;83;47m██[38;2;127;83;47m██[38;2;16;16;16m██[38;2;16;16;16m██                          
                                [38;2;16;16;16m██[38;2;127;83;47m██[38;2;127;83;47m██[38;2;127;83;47m██[38;2;127;83;47m██[38;2;84;49;31m██[38;2;84;49;31m██[38;2;16;16;16m██          [38;2;16;16;16m██[38;2;16;16;16m██[38;2;16;16;16m██[38;2;16;16;16m██[38;2;16;16;16m██[38;2;16;16;16m██[38;2;16;16;16m██[38;2;16;16;16m██[38;2;115;152;73m██[38;2;115;152;73m██[38;2;115;152;73m██[38;2;115;152;73m██[38;2;47;29;26m██[38;2;127;83;47m██[38;2;127;83;47m██[38;2;127;83;47m██[38;2;127;83;47m██[38;2;127;83;47m██[38;2;127;83;47m██[38;2;127;83;47m██[38;2;16;16;16m██                            
                              [38;2;80;85;53m██[38;2;249;249;249m██[38;2;140;178;71m██[38;2;249;249;249m██[38;2;127;83;47m██[38;2;127;83;47m██[38;2;127;83;47m██[38;2;16;16;16m██                            [38;2;16;16;16m██[38;2;16;16;16m██[38;2;16;16;16m██[38;2;16;16;16m██[38;2;16;16;16m██[38;2;127;83;47m██[38;2;127;83;47m██[38;2;127;83;47m██[38;2;127;83;47m██[38;2;127;83;47m██[38;2;127;83;47m██[38;2;127;83;47m██[38;2;16;16;16m██                            
                              [38;2;80;85;53m██[38;2;140;178;71m██[38;2;249;249;249m██[38;2;249;249;249m██[38;2;249;249;249m██[38;2;16;16;16m██[38;2;16;16;16m██[38;2;16;16;16m██                                      [38;2;16;16;16m██[38;2;127;83;47m██[38;2;127;83;47m██[38;2;127;83;47m██[38;2;127;83;47m██[38;2;127;83;47m██[38;2;127;83;47m██[38;2;16;16;16m██                            
                              [38;2;16;16;16m██[38;2;16;16;16m██[38;2;16;16;16m██[38;2;16;16;16m██[38;2;16;16;16m██                                              [38;2;16;16;16m██[38;2;127;83;47m██[38;2;127;83;47m██[38;2;127;83;47m██[38;2;127;83;47m██[38;2;16;16;16m██                              
                                                                                      [38;2;80;85;53m██[38;2;249;249;249m██[38;2;249;249;249m██[38;2;140;178;71m██[38;2;249;249;249m██[38;2;16;16;16m██                              
                                                                                        [38;2;80;85;53m██[38;2;249;249;249m██[38;2;140;178;71m██[38;2;249;249;249m██[38;2;16;16;16m██                              
                                                                                        [38;2;80;85;53m██[38;2;16;16;16m██[38;2;16;16;16m██[38;2;16;16;16m██                                
