[38;2;43;41;41m██[38;2;43;41;41m██                                                                                                                                                                                            
[38;2;18;18;18m██[38;2;78;76;76m██[38;2;43;41;41m██                                                                                                                                                                                          
[38;2;18;18;18m██[38;2;78;76;76m██[38;2;78;76;76m██[38;2;43;41;41m██                                                                                                                                                                                        
  [38;2;18;18;18m██[38;2;78;76;76m██[38;2;78;76;76m██[38;2;43;41;41m██[38;2;43;41;41m██[38;2;43;41;41m██                                                                                                                                                                                  
  [38;2;18;18;18m██[38;2;78;76;76m██[38;2;78;76;76m██[38;2;43;41;41m██[38;2;78;76;76m██[38;2;78;76;76m██[38;2;43;41;41m██[38;2;43;41;41m██[38;2;43;41;41m██                                                                                                                                                                            
    [38;2;18;18;18m██[38;2;78;76;76m██[38;2;78;76;76m██[38;2;43;41;41m██[38;2;78;76;76m██[38;2;78;76;76m██[38;2;43;41;41m██[38;2;78;76;76m██[38;2;43;41;41m██                                                                                                                                                                          
    [38;2;18;18;18m██[38;2;78;76;76m██[38;2;78;76;76m██[38;2;78;76;76m██[38;2;43;41;41m██[38;2;78;76;76m██[38;2;78;76;76m██[38;2;43;41;41m██[38;2;78;76;76m██[38;2;43;41;41m██                                                                                                                                                                        
      [38;2;18;18;18m██[38;2;78;76;76m██[38;2;78;76;76m██[38;2;43;41;41m██[38;2;78;76;76m██[38;2;78;76;76m██[38;2;78;76;76m██[38;2;43;41;41m██[38;2;78;76;76m██[38;2;43;41;41m██                                                                                                                                                                      
        [38;2;18;18;18m██[38;2;78;76;76m██[38;2;78;76;76m██[38;2;43;41;41m██[38;2;78;76;76m██[38;2;78;76;76m██[38;2;43;41;41m██[38;2;78;76;76m██[38;2;78;76;76m██[38;2;43;41;41m██                                                                                                                                                                    
        [38;2;18;18;18m██[38;2;78;76;76m██[38;2;78;76;76m██[38;2;78;76;76m██[38;2;43;41;41m██[38;2;78;76;76m██[38;2;78;76;76m██[38;2;43;41;41m██[38;2;78;76;76m██[38;2;78;76;76m██[38;2;43;41;41m██[38;2;18;18;18m██                                                                                                                                                                
          [38;2;18;18;18m██[38;2;78;76;76m██[38;2;78;76;76m██[38;2;43;41;41m██[38;2;78;76;76m██[38;2;78;76;76m██[38;2;78;76;76m██[38;2;43;41;41m██[38;2;78;76;76m██[38;2;43;41;41m██[38;2;78;76;76m██[38;2;18;18;18m██                                                                                                                                                              
          [38;2;18;18;18m██[38;2;78;76;76m██[38;2;78;76;76m██[38;2;78;76;76m██[38;2;43;41;41m██[38;2;78;76;76m██[38;2;78;76;76m██[38;2;43;41;41m██[38;2;78;76;76m██[38;2;78;76;76m██[38;2;43;41;41m██[38;2;78;76;76m██[38;2;18;18;18m██                                                                                                                                                            
            [38;2;18;18;18m██[38;2;78;76;76m██[38;2;78;76;76m██[38;2;43;41;41m██[38;2;78;76;76m██[38;2;78;76;76m██[38;2;78;76;76m██[38;2;43;41;41m██[38;2;78;76;76m██[38;2;78;76;76m██[38;2;43;41;41m██[38;2;18;18;18m██                                                                                                                                                            
              [38;2;18;18;18m██[38;2;78;76;76m██[38;2;78;76;76m██[38;2;78;76;76m██[38;2;78;76;76m██[38;2;78;76;76m██[38;2;43;41;41m██[38;2;78;76;76m██[38;2;78;76;76m██[38;2;43;41;41m██[38;2;78;76;76m██[38;2;18;18;18m██                                                                                                                                                          
              [38;2;18;18;18m██[38;2;78;76;76m██[38;2;78;76;76m██[38;2;78;76;76m██[38;2;78;76;76m██[38;2;78;76;76m██[38;2;78;76;76m██[38;2;78;76;76m██[38;2;78;76;76m██[38;2;78;76;76m██[38;2;43;41;41m██[38;2;18;18;18m██                                                                                                                                                          
                [38;2;43;41;41m██[38;2;78;76;76m██[38;2;78;76;76m██[38;2;78;76;76m██[38;2;78;76;76m██[38;2;78;76;76m██[38;2;78;76;76m██[38;2;78;76;76m██[38;2;78;76;76m██[38;2;43;41;41m██[38;2;78;76;76m██[38;2;18;18;18m██                                                                                                                                                        
                [38;2;18;18;18m██[38;2;78;76;76m██[38;2;78;76;76m██[38;2;78;76;76m██[38;2;78;76;76m██[38;2;78;76;76m██[38;2;23;38;116m██[38;2;78;76;76m██[38;2;78;76;76m██[38;2;78;76;76m██[38;2;23;38;116m██[38;2;18;18;18m██                                                                                                                                                        
                  [38;2;0;23;81m██[38;2;23;38;116m██[38;2;78;76;76m██[38;2;78;76;76m██[38;2;78;76;76m██[38;2;71;86;162m██[38;2;71;86;162m██[38;2;71;86;162m██[38;2;78;76;76m██[38;2;78;76;76m██[38;2;23;38;116m██[38;2;18;18;18m██                                                                                                                                                      
                  [38;2;0;23;81m██[38;2;71;86;162m██[38;2;78;76;76m██[38;2;78;76;76m██[38;2;78;76;76m██[38;2;78;76;76m██[38;2;71;86;162m██[38;2;71;86;162m██[38;2;71;86;162m██[38;2;78;76;76m██[38;2;71;86;162m██[38;2;18;18;18m██                                                                                                                                                      
                  [38;2;0;23;81m██[38;2;71;86;162m██[38;2;71;86;162m██[38;2;78;76;76m██[38;2;78;76;76m██[38;2;78;76;76m██[38;2;71;86;162m██[38;2;71;86;162m██[38;2;71;86;162m██[38;2;78;76;76m██[38;2;71;86;162m██[38;2;18;18;18m██                                                                                                                                                      
                    [38;2;0;23;81m██[38;2;71;86;162m██[38;2;71;86;162m██[38;2;78;76;76m██[38;2;78;76;76m██[38;2;78;76;76m██[38;2;71;86;162m██[38;2;71;86;162m██[38;2;23;38;116m██[38;2;71;86;162m██[38;2;18;18;18m██                                                                                                                                                      
                    [38;2;0;23;81m██[38;2;71;86;162m██[38;2;71;86;162m██[38;2;71;86;162m██[38;2;23;38;116m██[38;2;78;76;76m██[38;2;71;86;162m██[38;2;71;86;162m██[38;2;71;86;162m██[38;2;71;86;162m██[38;2;71;86;162m██[38;2;18;18;18m██                                                                                                                                                    
                    [38;2;0;23;81m██[38;2;23;38;116m██[38;2;71;86;162m██[38;2;71;86;162m██[38;2;71;86;162m██[38;2;78;76;76m██[38;2;71;86;162m██[38;2;71;86;162m██[38;2;71;86;162m██[38;2;71;86;162m██[38;2;71;86;162m██[38;2;18;18;18m██                                                                                      [38;2;18;18;18m██[38;2;18;18;18m██[38;2;18;18;18m██                                                        
                      [38;2;18;18;18m██[38;2;71;86;162m██[38;2;71;86;162m██[38;2;71;86;162m██[38;2;71;86;162m██[38;2;23;38;116m██[38;2;71;86;162m██[38;2;71;86;162m██[38;2;71;86;162m██[38;2;71;86;162m██[38;2;71;86;162m██[38;2;0;23;81m██                                                                                  [38;2;18;18;18m██[38;2;79;77;77m██[38;2;79;77;77m██[38;2;18;18;18m██                                                        
                      [38;2;18;18;18m██[38;2;71;86;162m██[38;2;71;86;162m██[38;2;71;86;162m██[38;2;71;86;162m██[38;2;71;86;162m██[38;2;71;86;162m██[38;2;71;86;162m██[38;2;71;86;162m██[38;2;71;86;162m██[38;2;71;86;162m██[38;2;71;86;162m██[38;2;0;23;81m██                [38;2;71;24;71m██[38;2;71;24;71m██                                                        [38;2;18;18;18m██[38;2;18;18;18m██[38;2;79;77;77m██[38;2;79;77;77m██[38;2;79;77;77m██[38;2;18;18;18m██                                                        
                        [38;2;18;18;18m██[38;2;71;86;162m██[38;2;71;86;162m██[38;2;71;86;162m██[38;2;71;86;162m██[38;2;71;86;162m██[38;2;71;86;162m██[38;2;71;86;162m██[38;2;71;86;162m██[38;2;71;86;162m██[38;2;71;86;162m██[38;2;84;80;148m██[38;2;12;24;76m██[38;2;12;24;76m██          [38;2;71;24;71m██[38;2;166;104;166m██[38;2;18;18;18m██                              [38;2;43;41;41m██                      [38;2;18;18;18m██[38;2;79;77;77m██[38;2;79;77;77m██[38;2;79;77;77m██[38;2;79;77;77m██[38;2;79;77;77m██[38;2;18;18;18m██                                                        
                        [38;2;18;18;18m██[38;2;23;38;116m██[38;2;71;86;162m██[38;2;71;86;162m██[38;2;71;86;162m██[38;2;71;86;162m██[38;2;71;86;162m██[38;2;71;86;162m██[38;2;71;86;162m██[38;2;71;86;162m██[38;2;71;86;162m██[38;2;84;80;148m██[38;2;84;80;148m██[38;2;84;80;148m██[38;2;12;24;76m██      [38;2;71;24;71m██[38;2;166;104;166m██[38;2;136;74;136m██[38;2;18;18;18m██                            [38;2;43;41;41m██[38;2;79;77;77m██[38;2;43;41;41m██                  [38;2;18;18;18m██[38;2;79;77;77m██[38;2;79;77;77m██[38;2;79;77;77m██[38;2;79;77;77m██[38;2;79;77;77m██[38;2;79;77;77m██[38;2;18;18;18m██                                                        
                          [38;2;18;18;18m██[38;2;71;86;162m██[38;2;71;86;162m██[38;2;71;86;162m██[38;2;71;86;162m██[38;2;71;86;162m██[38;2;71;86;162m██[38;2;71;86;162m██[38;2;71;86;162m██[38;2;84;80;148m██[38;2;84;80;148m██[38;2;84;80;148m██[38;2;84;80;148m██[38;2;84;80;148m██[38;2;12;24;76m██[38;2;33;24;76m██[38;2;33;24;76m██[38;2;166;104;166m██[38;2;136;74;136m██[38;2;71;24;71m██                              [38;2;43;41;41m██[38;2;79;77;77m██[38;2;43;41;41m██                [38;2;18;18;18m██[38;2;80;78;78m██[38;2;80;78;78m██[38;2;80;78;78m██[38;2;80;78;78m██[38;2;79;77;77m██[38;2;79;77;77m██[38;2;18;18;18m██          [38;2;18;18;18m██[38;2;18;18;18m██[38;2;18;18;18m██                                      [38;2;78;76;76m██[38;2;78;76;76m██
                            [38;2;18;18;18m██[38;2;23;38;116m██[38;2;71;86;162m██[38;2;71;86;162m██[38;2;71;86;162m██[38;2;71;86;162m██[38;2;71;86;162m██[38;2;71;86;162m██[38;2;84;80;148m██[38;2;84;80;148m██[38;2;84;80;148m██[38;2;84;80;148m██[38;2;84;80;148m██[38;2;106;80;148m██[38;2;33;24;76m██[38;2;161;113;181m██[38;2;136;74;136m██[38;2;136;74;136m██[38;2;18;18;18m██                              [38;2;43;41;41m██[38;2;79;77;77m██[38;2;79;77;77m██[38;2;43;41;41m██            [38;2;18;18;18m██[38;2;156;156;156m██[38;2;156;156;156m██[38;2;80;78;78m██[38;2;80;78;78m██[38;2;80;78;78m██[38;2;80;78;78m██[38;2;79;77;77m██[38;2;18;18;18m██        [38;2;18;18;18m██[38;2;79;77;77m██[38;2;79;77;77m██[38;2;18;18;18m██                                [38;2;78;76;76m██[38;2;78;76;76m██[38;2;78;76;76m██[38;2;111;111;113m██[38;2;78;76;76m██
                              [38;2;18;18;18m██[38;2;23;38;116m██[38;2;23;38;116m██[38;2;71;86;162m██[38;2;71;86;162m██[38;2;71;86;162m██[38;2;84;80;148m██[38;2;84;80;148m██[38;2;84;80;148m██[38;2;84;80;148m██[38;2;84;80;148m██[38;2;106;80;148m██[38;2;56;24;76m██[38;2;136;74;136m██[38;2;136;74;136m██[38;2;136;74;136m██[38;2;71;24;71m██                                [38;2;43;41;41m██[38;2;79;77;77m██[38;2;79;77;77m██[38;2;43;41;41m██          [38;2;18;18;18m██[38;2;80;78;78m██[38;2;80;78;78m██[38;2;80;78;78m██[38;2;219;219;225m██[38;2;80;78;78m██[38;2;80;78;78m██[38;2;80;78;78m██[38;2;79;77;77m██[38;2;18;18;18m██    [38;2;18;18;18m██[38;2;18;18;18m██[38;2;79;77;77m██[38;2;79;77;77m██[38;2;79;77;77m██[38;2;18;18;18m██                      [38;2;78;76;76m██[38;2;78;76;76m██[38;2;78;76;76m██[38;2;78;76;76m██[38;2;78;76;76m██[38;2;73;73;75m██[38;2;111;111;113m██[38;2;111;111;113m██[38;2;111;111;113m██[38;2;78;76;76m██
                                [38;2;18;18;18m██[38;2;23;38;116m██[38;2;23;38;116m██[38;2;71;86;162m██[38;2;84;80;148m██[38;2;84;80;148m██[38;2;84;80;148m██[38;2;84;80;148m██[38;2;84;80;148m██[38;2;106;80;148m██[38;2;56;24;76m██[38;2;136;74;136m██[38;2;136;74;136m██[38;2;136;74;136m██[38;2;136;74;136m██[38;2;71;24;71m██[38;2;71;24;71m██[38;2;71;24;71m██                            [38;2;43;41;41m██[38;2;79;77;77m██[38;2;79;77;77m██[38;2;18;18;18m██        [38;2;18;18;18m██[38;2;163;161;170m██[38;2;156;156;156m██[38;2;80;78;78m██[38;2;80;78;78m██[38;2;80;78;78m██[38;2;219;219;225m██[38;2;80;78;78m██[38;2;80;78;78m██[38;2;18;18;18m██    [38;2;18;18;18m██[38;2;79;77;77m██[38;2;79;77;77m██[38;2;79;77;77m██[38;2;79;77;77m██[38;2;79;77;77m██[38;2;18;18;18m██        [38;2;43;41;41m██[38;2;43;41;41m██[38;2;43;41;41m██[38;2;43;41;41m██[38;2;43;41;41m██[38;2;43;41;41m██[38;2;78;76;76m██[38;2;73;73;75m██[38;2;73;73;75m██[38;2;111;111;113m██[38;2;111;111;113m██[38;2;111;111;113m██[38;2;111;111;113m██[38;2;111;111;113m██[38;2;111;111;113m██[38;2;78;76;76m██  
                                  [38;2;18;18;18m██[38;2;23;38;116m██[38;2;42;38;107m██[38;2;84;80;148m██[38;2;84;80;148m██[38;2;84;80;148m██[38;2;84;80;148m██[38;2;106;80;148m██[38;2;71;24;71m██[38;2;136;74;136m██[38;2;136;74;136m██[38;2;136;74;136m██[38;2;136;74;136m██[38;2;71;24;71m██[38;2;136;74;136m██[38;2;136;74;136m██[38;2;136;74;136m██[38;2;71;24;71m██[38;2;71;24;71m██[38;2;71;24;71m██[38;2;71;24;71m██                    [38;2;43;41;41m██[38;2;79;77;77m██[38;2;79;77;77m██[38;2;18;18;18m██      [38;2;18;18;18m██[38;2;80;78;78m██[38;2;80;78;78m██[38;2;163;161;170m██[38;2;219;219;225m██[38;2;80;78;78m██[38;2;80;78;78m██[38;2;163;161;170m██[38;2;156;156;156m██[38;2;80;78;78m██[38;2;18;18;18m██  [38;2;18;18;18m██[38;2;79;77;77m██[38;2;18;18;18m██[38;2;18;18;18m██[38;2;18;18;18m██[38;2;18;18;18m██[38;2;18;18;18m██[38;2;18;18;18m██[38;2;43;41;41m██[38;2;43;41;41m██[38;2;43;41;41m██[38;2;43;41;41m██[38;2;79;77;77m██[38;2;79;77;77m██[38;2;79;77;77m██[38;2;79;77;77m██[38;2;79;77;77m██[38;2;111;111;113m██[38;2;111;111;113m██[38;2;111;111;113m██[38;2;111;111;113m██[38;2;111;111;113m██[38;2;111;111;113m██[38;2;111;111;113m██[38;2;111;111;113m██[38;2;111;111;113m██[38;2;78;76;76m██    
                                  [38;2;18;18;18m██[38;2;23;38;116m██[38;2;42;38;107m██[38;2;42;38;107m██[38;2;84;80;148m██[38;2;84;80;148m██[38;2;84;80;148m██[38;2;56;24;76m██[38;2;136;74;136m██[38;2;136;74;136m██[38;2;136;74;136m██[38;2;136;74;136m██[38;2;71;24;71m██[38;2;136;74;136m██[38;2;136;74;136m██[38;2;136;74;136m██[38;2;136;74;136m██[38;2;136;74;136m██[38;2;136;74;136m██[38;2;136;74;136m██[38;2;136;74;136m██[38;2;71;24;71m██[38;2;71;24;71m██                [38;2;43;41;41m██[38;2;79;77;77m██[38;2;79;77;77m██[38;2;79;77;77m██[38;2;18;18;18m██  [38;2;18;18;18m██[38;2;156;156;156m██[38;2;163;161;170m██[38;2;80;78;78m██[38;2;80;78;78m██[38;2;80;78;78m██[38;2;219;219;225m██[38;2;80;78;78m██[38;2;80;78;78m██[38;2;163;161;170m██[38;2;156;156;156m██[38;2;18;18;18m██[38;2;18;18;18m██[38;2;18;18;18m██[38;2;18;18;18m██[38;2;79;77;77m██[38;2;79;77;77m██[38;2;79;77;77m██[38;2;79;77;77m██[38;2;79;77;77m██[38;2;79;77;77m██[38;2;79;77;77m██[38;2;79;77;77m██[38;2;79;77;77m██[38;2;79;77;77m██[38;2;79;77;77m██[38;2;111;111;113m██[38;2;111;111;113m██[38;2;111;111;113m██[38;2;111;111;113m██[38;2;111;111;113m██[38;2;111;111;113m██[38;2;111;111;113m██[38;2;111;111;113m██[38;2;111;111;113m██[38;2;111;111;113m██[38;2;111;111;113m██[38;2;78;76;76m██[38;2;78;76;76m██      
                                    [38;2;18;18;18m██[38;2;42;38;107m██[38;2;42;38;107m██[38;2;42;38;107m██[38;2;84;80;148m██[38;2;71;24;71m██[38;2;136;74;136m██[38;2;136;74;136m██[38;2;136;74;136m██[38;2;136;74;136m██[38;2;71;24;71m██[38;2;136;74;136m██[38;2;136;74;136m██[38;2;136;74;136m██[38;2;136;74;136m██[38;2;136;74;136m██[38;2;136;74;136m██[38;2;136;74;136m██[38;2;136;74;136m██[38;2;136;74;136m██[38;2;136;74;136m██[38;2;136;74;136m██[38;2;71;24;71m██[38;2;71;24;71m██            [38;2;43;41;41m██[38;2;79;77;77m██[38;2;79;77;77m██[38;2;79;77;77m██[38;2;18;18;18m██  [38;2;18;18;18m██[38;2;156;156;156m██[38;2;219;219;225m██[38;2;163;161;170m██[38;2;80;78;78m██[38;2;80;78;78m██[38;2;163;161;170m██[38;2;156;156;156m██[38;2;18;18;18m██[38;2;18;18;18m██[38;2;18;18;18m██[38;2;18;18;18m██[38;2;79;77;77m██[38;2;79;77;77m██[38;2;79;77;77m██[38;2;79;77;77m██[38;2;79;77;77m██[38;2;79;77;77m██[38;2;79;77;77m██[38;2;79;77;77m██[38;2;79;77;77m██[38;2;111;111;113m██[38;2;111;111;113m██[38;2;111;111;113m██[38;2;111;111;113m██[38;2;111;111;113m██[38;2;111;111;113m██[38;2;111;111;113m██[38;2;111;111;113m██[38;2;111;111;113m██[38;2;111;111;113m██[38;2;111;111;113m██[38;2;111;111;113m██[38;2;111;111;113m██[38;2;111;111;113m██[38;2;111;111;113m██[38;2;78;76;76m██          
                                    [38;2;18;18;18m██[38;2;42;38;107m██[38;2;42;38;107m██[38;2;42;38;107m██[38;2;71;24;71m██[38;2;136;74;136m██[38;2;136;74;136m██[38;2;136;74;136m██[38;2;136;74;136m██[38;2;98;36;98m██[38;2;136;74;136m██[38;2;136;74;136m██[38;2;136;74;136m██[38;2;136;74;136m██[38;2;136;74;136m██[38;2;136;74;136m██[38;2;136;74;136m██[38;2;136;74;136m██[38;2;136;74;136m██[38;2;136;74;136m██[38;2;136;74;136m██[38;2;136;74;136m██[38;2;136;74;136m██[38;2;136;74;136m██[38;2;71;24;71m██[38;2;71;24;71m██        [38;2;18;18;18m██[38;2;43;41;41m██[38;2;79;77;77m██[38;2;79;77;77m██[38;2;18;18;18m██[38;2;18;18;18m██[38;2;80;78;78m██[38;2;80;78;78m██[38;2;156;156;156m██[38;2;219;219;225m██[38;2;163;161;170m██[38;2;108;40;21m██[38;2;108;40;21m██[38;2;148;81;62m██[38;2;148;61;42m██[38;2;148;61;42m██[38;2;148;61;42m██[38;2;79;77;77m██[38;2;79;77;77m██[38;2;79;77;77m██[38;2;111;111;113m██[38;2;111;111;113m██[38;2;111;111;113m██[38;2;111;111;113m██[38;2;111;111;113m██[38;2;111;111;113m██[38;2;111;111;113m██[38;2;111;111;113m██[38;2;111;111;113m██[38;2;111;111;113m██[38;2;111;111;113m██[38;2;111;111;113m██[38;2;111;111;113m██[38;2;111;111;113m██[38;2;111;111;113m██[38;2;111;111;113m██[38;2;111;111;113m██[38;2;111;111;113m██[38;2;73;73;75m██[38;2;73;73;75m██[38;2;43;41;41m██[38;2;43;41;41m██            
                                      [38;2;18;18;18m██[38;2;42;38;107m██[38;2;71;24;71m██[38;2;136;74;136m██[38;2;136;74;136m██[38;2;136;74;136m██[38;2;136;74;136m██[38;2;136;74;136m██[38;2;136;74;136m██[38;2;136;74;136m██[38;2;136;74;136m██[38;2;136;74;136m██[38;2;136;74;136m██[38;2;136;74;136m██[38;2;136;74;136m██[38;2;136;74;136m██[38;2;136;74;136m██[38;2;136;74;136m██[38;2;136;74;136m██[38;2;136;74;136m██[38;2;136;74;136m██[38;2;136;74;136m██[38;2;136;74;136m██[38;2;98;36;98m██[38;2;98;36;98m██[38;2;78;76;76m██[38;2;18;18;18m██    [38;2;18;18;18m██[38;2;43;41;41m██[38;2;43;41;41m██[38;2;43;41;41m██[38;2;18;18;18m██[38;2;18;18;18m██[38;2;79;77;77m██[38;2;80;78;78m██[38;2;108;40;21m██[38;2;180;113;95m██[38;2;180;113;95m██[38;2;148;81;62m██[38;2;148;81;62m██[38;2;148;61;42m██[38;2;108;20;1m██[38;2;108;20;1m██[38;2;108;20;1m██[38;2;108;20;1m██[38;2;111;111;113m██[38;2;111;111;113m██[38;2;111;111;113m██[38;2;111;111;113m██[38;2;111;111;113m██[38;2;111;111;113m██[38;2;111;111;113m██[38;2;111;111;113m██[38;2;111;111;113m██[38;2;111;111;113m██[38;2;111;111;113m██[38;2;111;111;113m██[38;2;111;111;113m██[38;2;111;111;113m██[38;2;111;111;113m██[38;2;73;73;75m██[38;2;73;73;75m██[38;2;79;77;77m██[38;2;79;77;77m██[38;2;79;77;77m██[38;2;79;77;77m██[38;2;79;77;77m██[38;2;111;111;113m██[38;2;111;111;113m██[38;2;18;18;18m██[38;2;18;18;18m██[38;2;18;18;18m██      
                                      [38;2;18;18;18m██[38;2;18;18;18m██[38;2;136;74;136m██[38;2;136;74;136m██[38;2;136;74;136m██[38;2;136;74;136m██[38;2;136;74;136m██[38;2;136;74;136m██[38;2;136;74;136m██[38;2;136;74;136m██[38;2;136;74;136m██[38;2;136;74;136m██[38;2;136;74;136m██[38;2;136;74;136m██[38;2;136;74;136m██[38;2;136;74;136m██[38;2;136;74;136m██[38;2;136;74;136m██[38;2;136;74;136m██[38;2;136;74;136m██[38;2;136;74;136m██[38;2;136;74;136m██[38;2;136;74;136m██[38;2;136;74;136m██[38;2;111;111;113m██[38;2;111;111;113m██[38;2;73;73;75m██[38;2;18;18;18m██  [38;2;18;18;18m██[38;2;43;41;41m██[38;2;43;41;41m██[38;2;43;41;41m██[38;2;18;18;18m██[38;2;43;41;41m██[38;2;43;41;41m██[38;2;180;113;95m██[38;2;180;113;95m██[38;2;180;113;95m██[38;2;148;81;62m██[38;2;108;40;21m██[38;2;108;20;1m██[38;2;108;20;1m██[38;2;111;111;113m██[38;2;111;111;113m██[38;2;111;111;113m██[38;2;111;111;113m██[38;2;111;111;113m██[38;2;111;111;113m██[38;2;107;19;0m██[38;2;107;19;0m██[38;2;107;19;0m██[38;2;111;111;113m██[38;2;111;111;113m██[38;2;111;111;113m██[38;2;111;111;113m██[38;2;111;111;113m██[38;2;111;111;113m██[38;2;111;111;113m██[38;2;111;111;113m██[38;2;111;111;113m██[38;2;111;111;113m██[38;2;111;111;113m██[38;2;111;111;113m██[38;2;111;111;113m██[38;2;111;111;113m██[38;2;111;111;113m██[38;2;111;111;113m██[38;2;111;111;113m██[38;2;111;111;113m██[38;2;111;111;113m██[38;2;111;111;113m██[38;2;111;111;113m██[38;2;111;111;113m██[38;2;18;18;18m██[38;2;43;41;41m██[38;2;43;41;41m██
                                      [38;2;18;18;18m██[38;2;98;36;98m██[38;2;166;104;166m██[38;2;166;104;166m██[38;2;136;74;136m██[38;2;136;74;136m██[38;2;136;74;136m██[38;2;136;74;136m██[38;2;136;74;136m██[38;2;136;74;136m██[38;2;136;74;136m██[38;2;136;74;136m██[38;2;136;74;136m██[38;2;136;74;136m██[38;2;136;74;136m██[38;2;136;74;136m██[38;2;136;74;136m██[38;2;136;74;136m██[38;2;136;74;136m██[38;2;136;74;136m██[38;2;136;74;136m██[38;2;136;74;136m██[38;2;136;74;136m██[38;2;136;74;136m██[38;2;136;74;136m██[38;2;98;36;98m██[38;2;111;111;113m██[38;2;73;73;75m██[38;2;18;18;18m██[38;2;18;18;18m██[38;2;43;41;41m██[38;2;43;41;41m██[38;2;43;41;41m██[38;2;43;41;41m██[38;2;77;25;0m██[38;2;148;81;62m██[38;2;180;113;95m██[38;2;148;81;62m██[38;2;108;40;21m██[38;2;108;40;21m██[38;2;111;111;113m██[38;2;111;111;113m██[38;2;111;111;113m██[38;2;111;111;113m██[38;2;111;111;113m██[38;2;111;111;113m██[38;2;111;111;113m██[38;2;107;19;0m██[38;2;107;19;0m██[38;2;148;61;42m██[38;2;148;61;42m██[38;2;148;61;42m██[38;2;107;19;0m██[38;2;111;111;113m██[38;2;111;111;113m██[38;2;111;111;113m██[38;2;111;111;113m██[38;2;111;111;113m██[38;2;111;111;113m██[38;2;111;111;113m██[38;2;111;111;113m██[38;2;111;111;113m██[38;2;111;111;113m██[38;2;111;111;113m██[38;2;111;111;113m██[38;2;111;111;113m██[38;2;111;111;113m██[38;2;111;111;113m██[38;2;111;111;113m██[38;2;111;111;113m██[38;2;111;111;113m██[38;2;111;111;113m██[38;2;111;111;113m██[38;2;111;111;113m██[38;2;111;111;113m██[38;2;111;111;113m██[38;2;78;76;76m██
                                      [38;2;18;18;18m██[38;2;136;74;136m██[38;2;166;104;166m██[38;2;166;104;166m██[38;2;136;74;136m██[38;2;136;74;136m██[38;2;136;74;136m██[38;2;136;74;136m██[38;2;136;74;136m██[38;2;136;74;136m██[38;2;136;74;136m██[38;2;136;74;136m██[38;2;136;74;136m██[38;2;136;74;136m██[38;2;136;74;136m██[38;2;136;74;136m██[38;2;136;74;136m██[38;2;136;74;136m██[38;2;136;74;136m██[38;2;136;74;136m██[38;2;136;74;136m██[38;2;136;74;136m██[38;2;136;74;136m██[38;2;136;74;136m██[38;2;136;74;136m██[38;2;136;74;136m██[38;2;98;36;98m██[38;2;73;73;75m██[38;2;73;73;75m██[38;2;18;18;18m██[38;2;18;18;18m██[38;2;43;41;41m██[38;2;43;41;41m██[38;2;77;25;0m██[38;2;148;81;62m██[38;2;180;113;95m██[38;2;148;81;62m██[38;2;108;40;21m██[38;2;73;73;75m██[38;2;111;111;113m██[38;2;111;111;113m██[38;2;111;111;113m██[38;2;111;111;113m██[38;2;111;111;113m██[38;2;111;111;113m██[38;2;111;111;113m██[38;2;107;19;0m██[38;2;148;61;42m██[38;2;148;61;42m██[38;2;148;61;42m██[38;2;107;19;0m██[38;2;107;19;0m██[38;2;111;111;113m██[38;2;111;111;113m██[38;2;111;111;113m██[38;2;111;111;113m██[38;2;111;111;113m██[38;2;111;111;113m██[38;2;111;111;113m██[38;2;111;111;113m██[38;2;111;111;113m██[38;2;111;111;113m██[38;2;111;111;113m██[38;2;111;111;113m██[38;2;111;111;113m██[38;2;111;111;113m██[38;2;111;111;113m██[38;2;111;111;113m██[38;2;111;111;113m██[38;2;111;111;113m██[38;2;111;111;113m██[38;2;73;73;75m██[38;2;73;73;75m██[38;2;73;73;75m██[38;2;78;76;76m██[38;2;78;76;76m██  
                                    [38;2;71;24;71m██[38;2;98;36;98m██[38;2;166;104;166m██[38;2;166;104;166m██[38;2;166;104;166m██[38;2;136;74;136m██[38;2;136;74;136m██[38;2;136;74;136m██[38;2;136;74;136m██[38;2;136;74;136m██[38;2;136;74;136m██[38;2;136;74;136m██[38;2;136;74;136m██[38;2;136;74;136m██[38;2;136;74;136m██[38;2;136;74;136m██[38;2;136;74;136m██[38;2;136;74;136m██[38;2;136;74;136m██[38;2;136;74;136m██[38;2;136;74;136m██[38;2;136;74;136m██[38;2;136;74;136m██[38;2;136;74;136m██[38;2;136;74;136m██[38;2;136;74;136m██[38;2;136;74;136m██[38;2;136;74;136m██[38;2;98;36;78m██[38;2;98;36;78m██[38;2;98;36;58m██[38;2;78;76;76m██[38;2;18;18;18m██[38;2;18;18;18m██[38;2;148;81;62m██[38;2;148;81;62m██[38;2;148;81;62m██[38;2;107;39;20m██[38;2;73;73;75m██[38;2;73;73;75m██[38;2;73;73;75m██[38;2;111;111;113m██[38;2;111;111;113m██[38;2;111;111;113m██[38;2;111;111;113m██[38;2;111;111;113m██[38;2;111;111;113m██[38;2;107;19;0m██[38;2;107;19;0m██[38;2;107;19;0m██[38;2;107;19;0m██[38;2;111;111;113m██[38;2;111;111;113m██[38;2;111;111;113m██[38;2;111;111;113m██[38;2;111;111;113m██[38;2;111;111;113m██[38;2;111;111;113m██[38;2;111;111;113m██[38;2;73;73;75m██[38;2;73;73;75m██[38;2;79;77;77m██[38;2;79;77;77m██[38;2;79;77;77m██[38;2;111;111;113m██[38;2;111;111;113m██[38;2;111;111;113m██[38;2;111;111;113m██[38;2;111;111;113m██[38;2;78;76;76m██[38;2;78;76;76m██[38;2;78;76;76m██[38;2;78;76;76m██[38;2;78;76;76m██[38;2;78;76;76m██      
                                    [38;2;71;24;71m██[38;2;136;74;136m██[38;2;166;104;166m██[38;2;166;104;166m██[38;2;136;74;136m██[38;2;136;74;136m██[38;2;136;74;136m██[38;2;136;74;136m██[38;2;136;74;136m██[38;2;136;74;136m██[38;2;136;74;136m██[38;2;136;74;136m██[38;2;136;74;136m██[38;2;98;36;98m██[38;2;136;74;136m██[38;2;136;74;136m██[38;2;136;74;136m██[38;2;136;74;136m██[38;2;136;74;136m██[38;2;136;74;136m██[38;2;136;74;136m██[38;2;136;74;136m██[38;2;136;74;136m██[38;2;136;74;136m██[38;2;136;74;136m██[38;2;136;74;136m██[38;2;136;74;136m██[38;2;136;74;116m██[38;2;136;74;116m██[38;2;98;36;78m██[38;2;78;76;76m██[38;2;71;24;11m██[38;2;77;25;0m██[38;2;148;81;62m██[38;2;148;81;62m██[38;2;148;81;62m██[38;2;107;39;20m██[38;2;73;73;75m██[38;2;73;73;75m██[38;2;73;73;75m██[38;2;73;73;75m██[38;2;73;73;75m██[38;2;73;73;75m██[38;2;107;19;0m██[38;2;148;61;42m██[38;2;107;19;0m██[38;2;111;111;113m██[38;2;111;111;113m██[38;2;111;111;113m██[38;2;111;111;113m██[38;2;111;111;113m██[38;2;111;111;113m██[38;2;111;111;113m██[38;2;111;111;113m██[38;2;111;111;113m██[38;2;111;111;113m██[38;2;111;111;113m██[38;2;111;111;113m██[38;2;111;111;113m██[38;2;111;111;113m██[38;2;111;111;113m██[38;2;111;111;113m██[38;2;111;111;113m██[38;2;73;73;75m██[38;2;79;77;77m██[38;2;43;41;41m██[38;2;43;41;41m██[38;2;78;76;76m██[38;2;78;76;76m██                  
                                    [38;2;71;24;71m██[38;2;136;74;136m██[38;2;136;74;136m██[38;2;136;74;136m██[38;2;136;74;136m██[38;2;136;74;136m██[38;2;136;74;136m██[38;2;136;74;136m██[38;2;136;74;136m██[38;2;136;74;136m██[38;2;136;74;136m██[38;2;98;36;98m██[38;2;43;41;41m██[38;2;136;74;136m██[38;2;136;74;136m██[38;2;136;74;136m██[38;2;136;74;136m██[38;2;136;74;136m██[38;2;136;74;136m██[38;2;136;74;136m██[38;2;136;74;136m██[38;2;136;74;136m██[38;2;136;74;116m██[38;2;136;74;136m██[38;2;136;74;136m██[38;2;136;74;116m██[38;2;136;74;116m██[38;2;136;74;116m██[38;2;136;74;116m██[38;2;71;24;11m██[38;2;71;24;11m██[38;2;136;74;76m██[38;2;148;81;62m██[38;2;148;81;62m██[38;2;148;81;62m██[38;2;107;39;20m██[38;2;73;73;75m██[38;2;73;73;75m██[38;2;73;73;75m██[38;2;73;73;75m██[38;2;73;73;75m██[38;2;73;73;75m██[38;2;107;19;0m██[38;2;148;61;42m██[38;2;148;61;42m██[38;2;107;19;0m██[38;2;111;111;113m██[38;2;111;111;113m██[38;2;111;111;113m██[38;2;111;111;113m██[38;2;111;111;113m██[38;2;111;111;113m██[38;2;111;111;113m██[38;2;111;111;113m██[38;2;73;73;75m██[38;2;73;73;75m██[38;2;111;111;113m██[38;2;111;111;113m██[38;2;111;111;113m██[38;2;111;111;113m██[38;2;111;111;113m██[38;2;111;111;113m██[38;2;111;111;113m██[38;2;111;111;113m██[38;2;111;111;113m██[38;2;111;111;113m██[38;2;111;111;113m██[38;2;43;41;41m██                    
                                    [38;2;163;161;170m██[38;2;156;156;156m██[38;2;98;36;98m██[38;2;136;74;136m██[38;2;136;74;136m██[38;2;136;74;136m██[38;2;136;74;136m██[38;2;136;74;136m██[38;2;136;74;136m██[38;2;43;41;41m██[38;2;43;41;41m██[38;2;43;41;41m██[38;2;43;41;41m██[38;2;136;74;136m██[38;2;136;74;136m██[38;2;98;36;98m██[38;2;136;74;136m██[38;2;136;74;136m██[38;2;136;74;136m██[38;2;136;74;136m██[38;2;136;74;136m██[38;2;136;74;136m██[38;2;136;74;116m██[38;2;136;74;136m██[38;2;136;74;116m██[38;2;98;36;78m██[38;2;71;24;51m██[38;2;71;24;31m██[38;2;71;24;11m██[38;2;136;74;76m██[38;2;136;74;76m██[38;2;148;81;62m██[38;2;148;81;62m██[38;2;148;81;62m██[38;2;107;39;20m██[38;2;73;73;75m██[38;2;73;73;75m██[38;2;73;73;75m██[38;2;73;73;75m██[38;2;73;73;75m██[38;2;73;73;75m██[38;2;107;19;0m██[38;2;107;19;0m██[38;2;107;19;0m██[38;2;108;20;1m██[38;2;73;73;75m██[38;2;73;73;75m██[38;2;111;111;113m██[38;2;111;111;113m██[38;2;108;20;1m██[38;2;108;20;1m██[38;2;111;111;113m██[38;2;111;111;113m██[38;2;111;111;113m██[38;2;111;111;113m██[38;2;111;111;113m██[38;2;79;77;77m██[38;2;73;73;75m██[38;2;111;111;113m██[38;2;111;111;113m██[38;2;111;111;113m██[38;2;111;111;113m██[38;2;111;111;113m██[38;2;111;111;113m██[38;2;111;111;113m██[38;2;111;111;113m██[38;2;111;111;113m██[38;2;111;111;113m██[38;2;18;18;18m██[38;2;18;18;18m██                
                                  [38;2;18;18;18m██[38;2;219;219;225m██[38;2;219;219;225m██[38;2;219;219;225m██[38;2;98;36;98m██[38;2;98;36;98m██[38;2;98;36;98m██[38;2;43;41;41m██[38;2;43;41;41m██[38;2;43;41;41m██[38;2;156;156;156m██[38;2;43;41;41m██[38;2;43;41;41m██[38;2;98;36;98m██[38;2;136;74;136m██[38;2;136;74;136m██[38;2;98;36;98m██[38;2;136;74;136m██[38;2;136;74;136m██[38;2;136;74;136m██[38;2;136;74;136m██[38;2;136;74;136m██[38;2;136;74;136m██[38;2;136;74;116m██[38;2;98;36;78m██[38;2;98;36;58m██[38;2;166;104;126m██[38;2;166;104;126m██[38;2;166;104;106m██[38;2;166;104;106m██[38;2;136;74;76m██[38;2;136;74;76m██[38;2;148;81;62m██[38;2;107;39;20m██[38;2;73;73;75m██[38;2;73;73;75m██[38;2;73;73;75m██[38;2;73;73;75m██[38;2;73;73;75m██[38;2;73;73;75m██[38;2;73;73;75m██[38;2;107;39;20m██[38;2;107;19;0m██[38;2;107;19;0m██[38;2;107;19;0m██[38;2;73;73;75m██[38;2;73;73;75m██[38;2;73;73;75m██[38;2;107;19;0m██[38;2;107;19;0m██[38;2;107;19;0m██[38;2;107;19;0m██[38;2;111;111;113m██[38;2;111;111;113m██[38;2;111;111;113m██[38;2;111;111;113m██[38;2;111;111;113m██[38;2;73;73;75m██[38;2;79;77;77m██[38;2;79;77;77m██[38;2;43;41;41m██[38;2;43;41;41m██[38;2;73;73;75m██[38;2;73;73;75m██[38;2;111;111;113m██[38;2;111;111;113m██[38;2;111;111;113m██[38;2;111;111;113m██[38;2;111;111;113m██[38;2;111;111;113m██[38;2;111;111;113m██[38;2;43;41;41m██              
                                  [38;2;18;18;18m██[38;2;78;76;76m██[38;2;78;76;76m██[38;2;219;219;225m██[38;2;219;219;225m██[38;2;43;41;41m██[38;2;163;161;170m██[38;2;111;111;113m██[38;2;43;41;41m██[38;2;156;156;156m██[38;2;163;161;170m██[38;2;43;41;41m██[38;2;43;41;41m██[38;2;136;74;136m██[38;2;136;74;136m██[38;2;136;74;136m██[38;2;136;74;136m██[38;2;136;74;136m██[38;2;136;74;136m██[38;2;136;74;136m██[38;2;136;74;136m██[38;2;136;74;136m██[38;2;136;74;136m██[38;2;136;74;116m██[38;2;136;74;116m██[38;2;166;104;126m██[38;2;166;104;106m██[38;2;166;104;106m██[38;2;166;104;106m██[38;2;166;104;106m██[38;2;166;104;106m██[38;2;107;39;20m██[38;2;107;39;20m██[38;2;73;73;75m██[38;2;73;73;75m██[38;2;73;73;75m██[38;2;73;73;75m██[38;2;73;73;75m██[38;2;73;73;75m██[38;2;73;73;75m██[38;2;73;73;75m██[38;2;107;39;20m██[38;2;107;19;0m██[38;2;73;73;75m██[38;2;73;73;75m██[38;2;73;73;75m██[38;2;73;73;75m██[38;2;73;73;75m██[38;2;107;19;0m██[38;2;107;19;0m██[38;2;73;73;75m██[38;2;111;111;113m██[38;2;111;111;113m██[38;2;111;111;113m██[38;2;111;111;113m██[38;2;111;111;113m██[38;2;111;111;113m██[38;2;111;111;113m██[38;2;111;111;113m██[38;2;18;18;18m██    [38;2;43;41;41m██[38;2;43;41;41m██[38;2;43;41;41m██[38;2;73;73;75m██[38;2;73;73;75m██[38;2;73;73;75m██[38;2;111;111;113m██[38;2;111;111;113m██[38;2;111;111;113m██[38;2;111;111;113m██[38;2;43;41;41m██            
                                  [38;2;18;18;18m██[38;2;78;76;76m██[38;2;78;76;76m██[38;2;43;41;41m██[38;2;219;219;225m██[38;2;163;161;170m██[38;2;156;156;156m██[38;2;243;243;243m██[38;2;78;76;76m██[38;2;243;243;243m██[38;2;156;156;156m██[38;2;43;41;41m██[38;2;136;74;136m██[38;2;136;74;136m██[38;2;136;74;136m██[38;2;136;74;136m██[38;2;136;74;136m██[38;2;136;74;136m██[38;2;136;74;136m██[38;2;136;74;136m██[38;2;136;74;136m██[38;2;136;74;136m██[38;2;136;74;136m██[38;2;136;74;116m██[38;2;166;104;126m██[38;2;166;104;126m██[38;2;166;104;106m██[38;2;166;104;106m██[38;2;166;104;106m██[38;2;136;74;76m██[38;2;98;36;38m██[38;2;73;73;75m██[38;2;73;73;75m██[38;2;73;73;75m██[38;2;73;73;75m██[38;2;73;73;75m██[38;2;73;73;75m██[38;2;73;73;75m██[38;2;73;73;75m██[38;2;73;73;75m██[38;2;73;73;75m██[38;2;73;73;75m██[38;2;73;73;75m██[38;2;73;73;75m██[38;2;73;73;75m██[38;2;73;73;75m██[38;2;73;73;75m██[38;2;73;73;75m██[38;2;73;73;75m██[38;2;73;73;75m██[38;2;73;73;75m██[38;2;73;73;75m██[38;2;73;73;75m██[38;2;111;111;113m██[38;2;111;111;113m██[38;2;111;111;113m██[38;2;111;111;113m██[38;2;111;111;113m██[38;2;111;111;113m██[38;2;111;111;113m██[38;2;18;18;18m██        [38;2;43;41;41m██[38;2;43;41;41m██[38;2;43;41;41m██[38;2;43;41;41m██[38;2;43;41;41m██[38;2;43;41;41m██[38;2;43;41;41m██[38;2;43;41;41m██            
                                  [38;2;18;18;18m██[38;2;78;76;76m██[38;2;43;41;41m██[38;2;43;41;41m██[38;2;156;156;156m██[38;2;163;161;170m██[38;2;43;41;41m██[38;2;156;156;156m██[38;2;243;243;243m██[38;2;43;41;41m██[38;2;98;36;98m██[38;2;136;74;136m██[38;2;136;74;136m██[38;2;136;74;136m██[38;2;136;74;136m██[38;2;136;74;136m██[38;2;136;74;136m██[38;2;136;74;136m██[38;2;136;74;136m██[38;2;136;74;136m██[38;2;136;74;136m██[38;2;136;74;136m██[38;2;136;74;136m██[38;2;136;74;116m██[38;2;166;104;126m██[38;2;166;104;106m██[38;2;136;74;76m██[38;2;98;36;38m██[38;2;98;36;38m██[38;2;73;73;75m██[38;2;73;73;75m██[38;2;73;73;75m██[38;2;73;73;75m██[38;2;73;73;75m██[38;2;73;73;75m██[38;2;73;73;75m██[38;2;73;73;75m██[38;2;73;73;75m██[38;2;73;73;75m██[38;2;73;73;75m██[38;2;73;73;75m██[38;2;73;73;75m██[38;2;73;73;75m██[38;2;73;73;75m██[38;2;107;19;0m██[38;2;107;19;0m██[38;2;107;19;0m██[38;2;73;73;75m██[38;2;73;73;75m██[38;2;73;73;75m██[38;2;73;73;75m██[38;2;73;73;75m██[38;2;73;73;75m██[38;2;73;73;75m██[38;2;79;77;77m██[38;2;43;41;41m██[38;2;43;41;41m██[38;2;111;111;113m██[38;2;111;111;113m██[38;2;111;111;113m██[38;2;111;111;113m██[38;2;18;18;18m██                                  
                                    [38;2;18;18;18m██[38;2;43;41;41m██[38;2;43;41;41m██[38;2;18;18;18m██[38;2;18;18;18m██[38;2;18;18;18m██[38;2;43;41;41m██[38;2;43;41;41m██[38;2;98;36;98m██[38;2;136;74;136m██[38;2;136;74;136m██[38;2;136;74;136m██[38;2;136;74;136m██[38;2;136;74;136m██[38;2;136;74;136m██[38;2;136;74;136m██[38;2;136;74;136m██[38;2;136;74;136m██[38;2;136;74;136m██[38;2;136;74;136m██[38;2;136;74;136m██[38;2;136;74;116m██[38;2;136;74;116m██[38;2;136;74;96m██[38;2;73;73;75m██[38;2;73;73;75m██[38;2;73;73;75m██[38;2;73;73;75m██[38;2;73;73;75m██[38;2;73;73;75m██[38;2;73;73;75m██[38;2;73;73;75m██[38;2;73;73;75m██[38;2;73;73;75m██[38;2;73;73;75m██[38;2;73;73;75m██[38;2;107;19;0m██[38;2;107;19;0m██[38;2;73;73;75m██[38;2;73;73;75m██[38;2;73;73;75m██[38;2;107;19;0m██[38;2;107;19;0m██[38;2;107;19;0m██[38;2;73;73;75m██[38;2;73;73;75m██[38;2;73;73;75m██[38;2;73;73;75m██[38;2;79;77;77m██[38;2;73;73;75m██[38;2;73;73;75m██[38;2;73;73;75m██[38;2;73;73;75m██[38;2;73;73;75m██[38;2;18;18;18m██  [38;2;43;41;41m██[38;2;73;73;75m██[38;2;111;111;113m██[38;2;111;111;113m██[38;2;111;111;113m██[38;2;43;41;41m██                                
                                    [38;2;18;18;18m██[38;2;18;18;18m██[38;2;18;18;18m██      [38;2;18;18;18m██[38;2;98;36;98m██[38;2;98;36;98m██[38;2;136;74;136m██[38;2;136;74;136m██[38;2;136;74;136m██[38;2;136;74;136m██[38;2;136;74;136m██[38;2;136;74;136m██[38;2;98;36;98m██[38;2;98;36;98m██[38;2;98;36;98m██[38;2;136;74;136m██[38;2;136;74;136m██[38;2;136;74;136m██[38;2;136;74;116m██[38;2;136;74;116m██[38;2;73;73;75m██[38;2;73;73;75m██[38;2;73;73;75m██[38;2;73;73;75m██[38;2;73;73;75m██[38;2;73;73;75m██[38;2;73;73;75m██[38;2;73;73;75m██[38;2;73;73;75m██[38;2;73;73;75m██[38;2;73;73;75m██[38;2;73;73;75m██[38;2;107;19;0m██[38;2;107;19;0m██[38;2;73;73;75m██[38;2;73;73;75m██[38;2;73;73;75m██[38;2;73;73;75m██[38;2;73;73;75m██[38;2;73;73;75m██[38;2;73;73;75m██[38;2;79;77;77m██[38;2;73;73;75m██[38;2;73;73;75m██[38;2;73;73;75m██[38;2;79;77;77m██[38;2;79;77;77m██[38;2;73;73;75m██[38;2;73;73;75m██[38;2;73;73;75m██[38;2;73;73;75m██[38;2;73;73;75m██[38;2;18;18;18m██  [38;2;18;18;18m██[38;2;18;18;18m██[38;2;43;41;41m██[38;2;43;41;41m██[38;2;43;41;41m██                                
                                                  [38;2;18;18;18m██[38;2;73;73;75m██[38;2;98;36;98m██[38;2;98;36;98m██[38;2;136;74;136m██[38;2;136;74;136m██[38;2;98;36;98m██[38;2;98;36;98m██[38;2;111;111;113m██[38;2;111;111;113m██[38;2;111;111;113m██[38;2;98;36;98m██[38;2;98;36;98m██[38;2;136;74;116m██[38;2;136;74;116m██[38;2;73;73;75m██[38;2;73;73;75m██[38;2;73;73;75m██[38;2;73;73;75m██[38;2;73;73;75m██[38;2;73;73;75m██[38;2;73;73;75m██[38;2;73;73;75m██[38;2;73;73;75m██[38;2;73;73;75m██[38;2;73;73;75m██[38;2;73;73;75m██[38;2;73;73;75m██[38;2;73;73;75m██[38;2;73;73;75m██[38;2;73;73;75m██[38;2;73;73;75m██[38;2;73;73;75m██[38;2;73;73;75m██[38;2;73;73;75m██[38;2;73;73;75m██[38;2;73;73;75m██[38;2;18;18;18m██[38;2;73;73;75m██[38;2;73;73;75m██[38;2;73;73;75m██[38;2;73;73;75m██[38;2;18;18;18m██[38;2;18;18;18m██[38;2;73;73;75m██[38;2;73;73;75m██[38;2;73;73;75m██[38;2;73;73;75m██[38;2;18;18;18m██                                            
                                                    [38;2;18;18;18m██[38;2;73;73;75m██[38;2;111;111;113m██[38;2;98;36;98m██[38;2;136;74;136m██[38;2;136;74;136m██[38;2;136;74;136m██[38;2;98;36;98m██[38;2;111;111;113m██[38;2;111;111;113m██[38;2;111;111;113m██[38;2;111;111;113m██[38;2;73;73;75m██[38;2;73;73;75m██[38;2;73;73;75m██[38;2;73;73;75m██[38;2;73;73;75m██[38;2;73;73;75m██[38;2;73;73;75m██[38;2;73;73;75m██[38;2;73;73;75m██[38;2;73;73;75m██[38;2;73;73;75m██[38;2;73;73;75m██[38;2;73;73;75m██[38;2;73;73;75m██[38;2;73;73;75m██[38;2;73;73;75m██[38;2;73;73;75m██[38;2;73;73;75m██[38;2;43;41;41m██[38;2;73;73;75m██[38;2;73;73;75m██[38;2;73;73;75m██[38;2;73;73;75m██[38;2;73;73;75m██[38;2;18;18;18m██[38;2;78;76;76m██[38;2;73;73;75m██[38;2;73;73;75m██[38;2;73;73;75m██[38;2;18;18;18m██  [38;2;43;41;41m██[38;2;43;41;41m██[38;2;73;73;75m██[38;2;73;73;75m██[38;2;43;41;41m██                                            
                                                      [38;2;18;18;18m██[38;2;73;73;75m██[38;2;111;111;113m██[38;2;98;36;98m██[38;2;98;36;98m██[38;2;98;36;98m██[38;2;136;74;136m██[38;2;111;111;113m██[38;2;111;111;113m██[38;2;73;73;75m██[38;2;73;73;75m██[38;2;73;73;75m██[38;2;73;73;75m██[38;2;73;73;75m██[38;2;73;73;75m██[38;2;73;73;75m██[38;2;73;73;75m██[38;2;73;73;75m██[38;2;73;73;75m██[38;2;78;76;76m██[38;2;73;73;75m██[38;2;73;73;75m██[38;2;73;73;75m██[38;2;78;76;76m██[38;2;73;73;75m██[38;2;73;73;75m██[38;2;78;76;76m██[38;2;73;73;75m██[38;2;73;73;75m██[38;2;18;18;18m██[38;2;18;18;18m██[38;2;73;73;75m██[38;2;73;73;75m██[38;2;73;73;75m██[38;2;18;18;18m██  [38;2;18;18;18m██[38;2;73;73;75m██[38;2;73;73;75m██[38;2;73;73;75m██[38;2;18;18;18m██      [38;2;43;41;41m██[38;2;43;41;41m██[38;2;43;41;41m██                                            
                                                        [38;2;18;18;18m██[38;2;73;73;75m██[38;2;73;73;75m██[38;2;73;73;75m██[38;2;73;73;75m██[38;2;98;36;98m██[38;2;73;73;75m██[38;2;73;73;75m██[38;2;73;73;75m██[38;2;73;73;75m██[38;2;73;73;75m██[38;2;73;73;75m██[38;2;73;73;75m██[38;2;73;73;75m██[38;2;73;73;75m██[38;2;73;73;75m██[38;2;73;73;75m██[38;2;78;76;76m██[38;2;78;76;76m██[38;2;78;76;76m██[38;2;73;73;75m██[38;2;78;76;76m██[38;2;78;76;76m██[38;2;73;73;75m██[38;2;78;76;76m██[38;2;18;18;18m██[38;2;18;18;18m██[38;2;73;73;75m██[38;2;18;18;18m██  [38;2;18;18;18m██[38;2;73;73;75m██[38;2;73;73;75m██[38;2;18;18;18m██    [38;2;43;41;41m██[38;2;73;73;75m██[38;2;73;73;75m██[38;2;43;41;41m██                                                        
                                                        [38;2;18;18;18m██[38;2;43;41;41m██[38;2;73;73;75m██[38;2;73;73;75m██[38;2;73;73;75m██[38;2;73;73;75m██[38;2;73;73;75m██[38;2;73;73;75m██[38;2;73;73;75m██[38;2;73;73;75m██[38;2;73;73;75m██[38;2;73;73;75m██[38;2;73;73;75m██[38;2;73;73;75m██[38;2;73;73;75m██[38;2;73;73;75m██[38;2;73;73;75m██[38;2;73;73;75m██[38;2;107;39;20m██[38;2;107;39;20m██[38;2;78;76;76m██[38;2;73;73;75m██[38;2;78;76;76m██[38;2;78;76;76m██[38;2;18;18;18m██    [38;2;18;18;18m██[38;2;18;18;18m██    [38;2;43;41;41m██[38;2;73;73;75m██[38;2;43;41;41m██      [38;2;43;41;41m██[38;2;43;41;41m██[38;2;43;41;41m██                                                        
                                                        [38;2;43;41;41m██[38;2;78;36;98m██[38;2;43;41;41m██[38;2;73;73;75m██[38;2;73;73;75m██[38;2;73;73;75m██[38;2;73;73;75m██[38;2;73;73;75m██[38;2;73;73;75m██[38;2;73;73;75m██[38;2;73;73;75m██[38;2;73;73;75m██[38;2;73;73;75m██[38;2;98;36;58m██[38;2;98;36;38m██[38;2;73;73;75m██[38;2;73;73;75m██[38;2;73;73;75m██[38;2;107;39;20m██[38;2;107;39;20m██[38;2;73;73;75m██[38;2;78;76;76m██[38;2;78;76;76m██[38;2;18;18;18m██                [38;2;43;41;41m██[38;2;43;41;41m██                                                                    
                                                      [38;2;43;41;41m██[38;2;73;73;75m██[38;2;73;73;75m██[38;2;73;73;75m██[38;2;43;41;41m██[38;2;43;41;41m██[38;2;73;73;75m██[38;2;73;73;75m██[38;2;73;73;75m██[38;2;73;73;75m██[38;2;73;73;75m██[38;2;73;73;75m██[38;2;73;73;75m██[38;2;98;36;58m██[38;2;98;36;58m██[38;2;98;36;38m██[38;2;73;73;75m██[38;2;73;73;75m██[38;2;107;39;20m██[38;2;107;39;20m██[38;2;78;76;76m██[38;2;43;41;41m██[38;2;73;73;75m██[38;2;73;73;75m██[38;2;18;18;18m██                                                                                        
                                                        [38;2;43;41;41m██[38;2;43;41;41m██[38;2;43;41;41m██[38;2;73;73;75m██[38;2;73;73;75m██[38;2;43;41;41m██[38;2;43;41;41m██[38;2;78;76;76m██[38;2;73;73;75m██[38;2;73;73;75m██[38;2;73;73;75m██[38;2;98;36;58m██[38;2;98;36;58m██[38;2;98;36;38m██[38;2;78;76;76m██[38;2;43;41;41m██[38;2;43;41;41m██[38;2;43;41;41m██[38;2;78;76;76m██[38;2;73;73;75m██[38;2;73;73;75m██[38;2;73;73;75m██[38;2;18;18;18m██                                                                                          
                                                    [38;2;18;18;18m██[38;2;18;18;18m██[38;2;163;161;170m██[38;2;163;161;170m██[38;2;43;41;41m██[38;2;18;18;18m██[38;2;78;76;76m██[38;2;73;73;75m██[38;2;73;73;75m██[38;2;18;18;18m██[38;2;18;18;18m██[38;2;18;18;18m██[38;2;43;41;41m██[38;2;43;41;41m██[38;2;43;41;41m██[38;2;78;76;76m██[38;2;98;36;38m██[38;2;73;73;75m██[38;2;73;73;75m██[38;2;73;73;75m██[38;2;73;73;75m██[38;2;73;73;75m██[38;2;107;39;20m██[38;2;107;39;20m██[38;2;18;18;18m██                                                                                          
                                                [38;2;18;18;18m██[38;2;18;18;18m██[38;2;78;76;76m██[38;2;156;156;156m██[38;2;163;161;170m██[38;2;163;161;170m██[38;2;163;161;170m██[38;2;163;161;170m██[38;2;78;76;76m██[38;2;78;76;76m██[38;2;18;18;18m██        [38;2;18;18;18m██[38;2;73;73;75m██[38;2;98;36;38m██[38;2;107;39;20m██[38;2;73;73;75m██[38;2;73;73;75m██[38;2;73;73;75m██[38;2;73;73;75m██[38;2;107;39;20m██[38;2;107;39;20m██[38;2;18;18;18m██                                                                                            
                                              [38;2;18;18;18m██[38;2;163;161;170m██[38;2;163;161;170m██[38;2;78;76;76m██[38;2;78;76;76m██[38;2;156;156;156m██[38;2;163;161;170m██[38;2;163;161;170m██[38;2;163;161;170m██[38;2;163;161;170m██[38;2;163;161;170m██[38;2;43;41;41m██[38;2;18;18;18m██      [38;2;18;18;18m██[38;2;73;73;75m██[38;2;73;73;75m██[38;2;73;73;75m██[38;2;73;73;75m██[38;2;73;73;75m██[38;2;73;73;75m██[38;2;73;73;75m██[38;2;73;73;75m██[38;2;73;73;75m██[38;2;18;18;18m██                                                                                            
                                              [38;2;18;18;18m██[38;2;163;161;170m██[38;2;18;18;18m██[38;2;156;156;156m██[38;2;156;156;156m██[38;2;78;76;76m██[38;2;156;156;156m██[38;2;163;161;170m██[38;2;163;161;170m██[38;2;18;18;18m██[38;2;18;18;18m██[38;2;18;18;18m██[38;2;18;18;18m██      [38;2;18;18;18m██[38;2;107;39;20m██[38;2;107;39;20m██[38;2;73;73;75m██[38;2;73;73;75m██[38;2;73;73;75m██[38;2;73;73;75m██[38;2;73;73;75m██[38;2;73;73;75m██[38;2;18;18;18m██                                                                                              
                                              [38;2;18;18;18m██[38;2;18;18;18m██[38;2;156;156;156m██[38;2;156;156;156m██[38;2;78;76;76m██[38;2;156;156;156m██[38;2;156;156;156m██[38;2;18;18;18m██[38;2;18;18;18m██              [38;2;43;41;41m██[38;2;73;73;75m██[38;2;107;39;20m██[38;2;107;39;20m██[38;2;73;73;75m██[38;2;73;73;75m██[38;2;73;73;75m██[38;2;107;39;20m██[38;2;107;39;20m██[38;2;18;18;18m██                                                                                              
                                              [38;2;18;18;18m██[38;2;43;41;41m██[38;2;156;156;156m██[38;2;18;18;18m██[38;2;156;156;156m██[38;2;156;156;156m██[38;2;18;18;18m██                  [38;2;43;41;41m██[38;2;73;73;75m██[38;2;73;73;75m██[38;2;73;73;75m██[38;2;73;73;75m██[38;2;73;73;75m██[38;2;107;39;20m██[38;2;107;39;20m██[38;2;18;18;18m██                                                                                                
                                              [38;2;18;18;18m██[38;2;43;41;41m██[38;2;18;18;18m██[38;2;43;41;41m██[38;2;156;156;156m██[38;2;18;18;18m██                  [38;2;43;41;41m██[38;2;111;111;113m██[38;2;73;73;75m██[38;2;78;76;76m██[38;2;73;73;75m██[38;2;73;73;75m██[38;2;73;73;75m██[38;2;73;73;75m██[38;2;73;73;75m██[38;2;18;18;18m██                                                                                                
                                                [38;2;18;18;18m██[38;2;18;18;18m██[38;2;43;41;41m██[38;2;18;18;18m██                    [38;2;43;41;41m██[38;2;43;41;41m██[38;2;18;18;18m██[38;2;43;41;41m██[38;2;111;111;113m██[38;2;73;73;75m██[38;2;78;76;76m██[38;2;73;73;75m██[38;2;78;76;76m██[38;2;18;18;18m██                                                                                                
                                                  [38;2;18;18;18m██[38;2;18;18;18m██[38;2;18;18;18m██                          [38;2;43;41;41m██[38;2;111;111;113m██[38;2;73;73;75m██[38;2;18;18;18m██[38;2;111;111;113m██[38;2;73;73;75m██[38;2;18;18;18m██                                                                                                
                                                                                  [38;2;43;41;41m██[38;2;18;18;18m██[38;2;18;18;18m██  [38;2;18;18;18m██[38;2;18;18;18m██[38;2;18;18;18m██                                                                                                
                                                                                [38;2;18;18;18m██[38;2;18;18;18m██[38;2;163;161;170m██[38;2;18;18;18m██                                                                                                        
                                                                            [38;2;18;18;18m██[38;2;18;18;18m██[38;2;163;161;170m██[38;2;163;161;170m██[38;2;163;161;170m██[38;2;163;161;170m██[38;2;18;18;18m██[38;2;18;18;18m██[38;2;18;18;18m██                                                                                                  
                                                                    [38;2;18;18;18m██[38;2;18;18;18m██[38;2;18;18;18m██[38;2;18;18;18m██[38;2;163;161;170m██[38;2;163;161;170m██[38;2;163;161;170m██[38;2;156;156;156m██[38;2;156;156;156m██[38;2;156;156;156m██[38;2;156;156;156m██[38;2;156;156;156m██[38;2;43;41;41m██[38;2;18;18;18m██                                                                                                
                                                                  [38;2;18;18;18m██[38;2;219;219;225m██[38;2;156;156;156m██[38;2;163;161;170m██[38;2;78;76;76m██[38;2;78;76;76m██[38;2;156;156;156m██[38;2;156;156;156m██[38;2;156;156;156m██[38;2;156;156;156m██[38;2;18;18;18m██[38;2;18;18;18m██[38;2;18;18;18m██[38;2;43;41;41m██[38;2;18;18;18m██                                                                                                
                                                                [38;2;18;18;18m██[38;2;219;219;225m██[38;2;156;156;156m██[38;2;163;161;170m██[38;2;78;76;76m██[38;2;78;76;76m██[38;2;156;156;156m██[38;2;163;161;170m██[38;2;78;76;76m██[38;2;156;156;156m██[38;2;163;161;170m██[38;2;18;18;18m██    [38;2;18;18;18m██[38;2;18;18;18m██                                                                                                
                                                                [38;2;18;18;18m██[38;2;43;41;41m██[38;2;163;161;170m██[38;2;18;18;18m██[38;2;219;219;225m██[38;2;156;156;156m██[38;2;163;161;170m██[38;2;18;18;18m██[38;2;78;76;76m██[38;2;219;219;225m██[38;2;18;18;18m██                                                                                                          
                                                                [38;2;18;18;18m██[38;2;43;41;41m██[38;2;18;18;18m██[38;2;219;219;225m██[38;2;156;156;156m██[38;2;163;161;170m██[38;2;18;18;18m██[38;2;18;18;18m██[38;2;219;219;225m██[38;2;163;161;170m██[38;2;18;18;18m██                                                                                                          
                                                                  [38;2;18;18;18m██[38;2;43;41;41m██[38;2;156;156;156m██[38;2;163;161;170m██[38;2;18;18;18m██  [38;2;18;18;18m██[38;2;156;156;156m██[38;2;18;18;18m██                                                                                                            
                                                                  [38;2;18;18;18m██[38;2;43;41;41m██[38;2;43;41;41m██[38;2;18;18;18m██    [38;2;18;18;18m██[38;2;43;41;41m██[38;2;18;18;18m██                                                                                                            
                                                                    [38;2;18;18;18m██[38;2;43;41;41m██[38;2;18;18;18m██    [38;2;18;18;18m██[38;2;43;41;41m██[38;2;18;18;18m██                                                                                                            
                                                                      [38;2;18;18;18m██[38;2;18;18;18m██      [38;2;18;18;18m██[38;2;18;18;18m██                                                                                                            
