                [38;2;134;104;35m██[38;2;134;104;35m██                                                  
              [38;2;134;104;35m██[38;2;134;104;35m██[38;2;206;176;54m██[38;2;134;104;35m██                                                
            [38;2;206;176;54m██[38;2;253;246;134m██[38;2;253;246;134m██[38;2;134;104;35m██[38;2;134;104;35m██                                                
    [38;2;206;176;54m██[38;2;206;176;54m██    [38;2;134;104;35m██[38;2;206;176;54m██[38;2;253;246;134m██[38;2;134;104;35m██                [38;2;31;56;122m██[38;2;31;56;122m██[38;2;31;56;122m██[38;2;31;56;122m██[38;2;31;56;122m██                        
  [38;2;134;104;35m██[38;2;253;246;134m██[38;2;253;246;134m██[38;2;206;176;54m██    [38;2;134;104;35m██[38;2;134;104;35m██[38;2;39;39;39m██      [38;2;39;39;39m██[38;2;31;56;122m██[38;2;31;56;122m██[38;2;31;56;122m██[38;2;31;56;122m██[38;2;51;93;204m██[38;2;71;109;209m██[38;2;71;109;209m██[38;2;71;109;209m██[38;2;71;109;209m██[38;2;31;56;122m██                      
  [38;2;134;104;35m██[38;2;253;246;134m██[38;2;253;246;134m██[38;2;206;176;54m██      [38;2;39;39;39m██[38;2;39;39;39m██  [38;2;39;39;39m██[38;2;39;39;39m██[38;2;51;93;204m██[38;2;51;93;204m██[38;2;31;56;122m██[38;2;51;93;204m██[38;2;51;93;204m██[38;2;51;93;204m██[38;2;51;93;204m██[38;2;51;93;204m██[38;2;51;93;204m██[38;2;51;93;204m██[38;2;71;109;209m██[38;2;39;39;39m██                    
    [38;2;134;104;35m██[38;2;206;176;54m██[38;2;134;104;35m██      [38;2;39;39;39m██[38;2;39;39;39m██[38;2;39;39;39m██[38;2;51;93;204m██[38;2;51;93;204m██[38;2;51;93;204m██[38;2;31;56;122m██[38;2;51;93;204m██[38;2;51;93;204m██[38;2;51;93;204m██[38;2;51;93;204m██[38;2;51;93;204m██[38;2;51;93;204m██[38;2;51;93;204m██[38;2;51;93;204m██[38;2;51;93;204m██[38;2;39;39;39m██                    
        [38;2;39;39;39m██[38;2;39;39;39m██    [38;2;39;39;39m██[38;2;39;39;39m██[38;2;31;56;122m██[38;2;31;56;122m██[38;2;31;56;122m██[38;2;31;56;122m██[38;2;39;39;39m██[38;2;51;93;204m██[38;2;51;93;204m██[38;2;51;93;204m██[38;2;51;93;204m██[38;2;51;93;204m██[38;2;51;93;204m██[38;2;51;93;204m██[38;2;51;93;204m██[38;2;39;39;39m██                      
          [38;2;39;39;39m██[38;2;39;39;39m██[38;2;31;56;122m██[38;2;31;56;122m██[38;2;39;39;39m██[38;2;134;104;35m██[38;2;134;104;35m██[38;2;134;104;35m██[38;2;31;56;122m██[38;2;31;56;122m██[38;2;39;39;39m██[38;2;31;56;122m██[38;2;31;56;122m██[38;2;51;93;204m██[38;2;51;93;204m██[38;2;51;93;204m██[38;2;51;93;204m██[38;2;39;39;39m██                        
            [38;2;39;39;39m██[38;2;39;39;39m██[38;2;134;104;35m██[38;2;253;246;134m██[38;2;253;246;134m██[38;2;134;104;35m██[38;2;134;104;35m██[38;2;31;56;122m██[38;2;31;56;122m██[38;2;51;93;204m██[38;2;51;93;204m██[38;2;51;93;204m██[38;2;31;56;122m██[38;2;31;56;122m██[38;2;31;56;122m██[38;2;39;39;39m██                          
        [38;2;39;39;39m██[38;2;39;39;39m██[38;2;31;56;122m██[38;2;134;104;35m██[38;2;253;246;134m██[38;2;253;246;134m██[38;2;253;246;134m██[38;2;134;104;35m██[38;2;31;56;122m██[38;2;51;93;204m██[38;2;51;93;204m██[38;2;51;93;204m██[38;2;51;93;204m██[38;2;51;93;204m██[38;2;51;93;204m██[38;2;31;56;122m██[38;2;39;39;39m██                            
      [38;2;31;56;122m██[38;2;41;74;163m██[38;2;31;56;122m██[38;2;134;104;35m██[38;2;253;246;134m██[38;2;253;246;134m██[38;2;253;246;134m██[38;2;134;104;35m██[38;2;31;56;122m██[38;2;51;93;204m██[38;2;51;93;204m██[38;2;51;93;204m██[38;2;51;93;204m██[38;2;51;93;204m██[38;2;51;93;204m██[38;2;51;93;204m██[38;2;31;56;122m██        [38;2;40;89;61m██[38;2;40;89;61m██                  
    [38;2;31;56;122m██[38;2;41;74;163m██[38;2;41;74;163m██[38;2;31;56;122m██[38;2;134;104;35m██[38;2;253;246;134m██[38;2;253;246;134m██[38;2;134;104;35m██[38;2;31;56;122m██[38;2;51;93;204m██[38;2;51;93;204m██[38;2;51;93;204m██[38;2;51;93;204m██[38;2;51;93;204m██[38;2;51;93;204m██[38;2;51;93;204m██[38;2;39;39;39m██        [38;2;40;89;61m██[38;2;107;150;98m██[38;2;40;89;61m██                  
  [38;2;31;56;122m██[38;2;41;74;163m██[38;2;41;74;163m██[38;2;41;74;163m██[38;2;31;56;122m██[38;2;134;104;35m██[38;2;134;104;35m██[38;2;31;56;122m██[38;2;31;56;122m██[38;2;31;56;122m██[38;2;51;93;204m██[38;2;51;93;204m██[38;2;51;93;204m██[38;2;51;93;204m██[38;2;51;93;204m██[38;2;51;93;204m██[38;2;39;39;39m██        [38;2;40;89;61m██[38;2;107;150;98m██[38;2;107;150;98m██[38;2;40;89;61m██                  
[38;2;39;39;39m██[38;2;41;74;163m██[38;2;41;74;163m██[38;2;41;74;163m██[38;2;31;56;122m██[38;2;31;56;122m██[38;2;31;56;122m██[38;2;31;56;122m██[38;2;51;93;204m██[38;2;31;56;122m██[38;2;31;56;122m██[38;2;51;93;204m██[38;2;51;93;204m██[38;2;51;93;204m██[38;2;51;93;204m██[38;2;41;74;163m██[38;2;39;39;39m██        [38;2;39;39;39m██[38;2;107;150;98m██[38;2;107;150;98m██[38;2;107;150;98m██[38;2;40;89;61m██                  
[38;2;39;39;39m██[38;2;41;74;163m██[38;2;41;74;163m██[38;2;41;74;163m██[38;2;31;56;122m██[38;2;51;93;204m██[38;2;51;93;204m██[38;2;51;93;204m██[38;2;51;93;204m██[38;2;51;93;204m██[38;2;31;56;122m██[38;2;31;56;122m██[38;2;31;56;122m██[38;2;39;39;39m██[38;2;39;39;39m██[38;2;44;88;40m██[38;2;44;88;40m██      [38;2;39;39;39m██[38;2;107;150;98m██[38;2;107;150;98m██[38;2;107;150;98m██[38;2;40;89;61m██                    
[38;2;39;39;39m██[38;2;31;56;122m██[38;2;41;74;163m██[38;2;31;56;122m██[38;2;51;93;204m██[38;2;51;93;204m██[38;2;51;93;204m██[38;2;51;93;204m██[38;2;51;93;204m██[38;2;51;93;204m██[38;2;31;56;122m██[38;2;39;39;39m██[38;2;39;39;39m██[38;2;44;88;40m██[38;2;44;88;40m██[38;2;44;88;40m██[38;2;44;88;40m██[38;2;44;88;40m██    [38;2;39;39;39m██[38;2;107;150;98m██[38;2;107;150;98m██[38;2;107;150;98m██[38;2;40;89;61m██                    
  [38;2;31;56;122m██[38;2;31;56;122m██[38;2;51;93;204m██[38;2;51;93;204m██[38;2;51;93;204m██[38;2;51;93;204m██[38;2;51;93;204m██[38;2;51;93;204m██[38;2;39;39;39m██      [38;2;39;39;39m██[38;2;39;39;39m██[38;2;44;88;40m██[38;2;44;88;40m██[38;2;44;88;40m██  [38;2;39;39;39m██[38;2;107;150;98m██[38;2;107;150;98m██[38;2;107;150;98m██[38;2;39;39;39m██                      
    [38;2;39;39;39m██[38;2;31;56;122m██[38;2;51;93;204m██[38;2;51;93;204m██[38;2;51;93;204m██[38;2;51;93;204m██[38;2;39;39;39m██            [38;2;39;39;39m██[38;2;44;88;40m██[38;2;44;88;40m██[38;2;44;88;40m██[38;2;39;39;39m██[38;2;107;150;98m██[38;2;107;150;98m██[38;2;39;39;39m██                        
        [38;2;39;39;39m██[38;2;39;39;39m██[38;2;39;39;39m██[38;2;39;39;39m██                [38;2;39;39;39m██[38;2;44;88;40m██[38;2;44;88;40m██[38;2;44;88;40m██[38;2;44;88;40m██[38;2;39;39;39m██                          
                                  [38;2;39;39;39m██[38;2;44;88;40m██[38;2;107;150;98m██[38;2;44;88;40m██                            
                        [38;2;40;88;62m██[38;2;98;150;107m██      [38;2;39;39;39m██[38;2;44;88;40m██[38;2;107;150;98m██[38;2;107;150;98m██[38;2;44;88;40m██                          
                      [38;2;40;88;62m██[38;2;98;150;107m██[38;2;98;150;107m██[38;2;98;150;107m██  [38;2;39;39;39m██[38;2;39;39;39m██[38;2;39;39;39m██[38;2;107;150;98m██[38;2;107;150;98m██[38;2;44;88;40m██                          
                      [38;2;40;88;62m██[38;2;98;150;107m██[38;2;98;150;107m██[38;2;39;39;39m██[38;2;39;39;39m██[38;2;196;194;204m██[38;2;196;194;204m██[38;2;39;39;39m██[38;2;44;88;40m██[38;2;107;150;98m██[38;2;44;88;40m██                          
                      [38;2;40;88;62m██[38;2;39;39;39m██[38;2;39;39;39m██[38;2;196;194;204m██[38;2;89;88;108m██[38;2;238;238;242m██[38;2;196;194;204m██[38;2;196;194;204m██[38;2;44;88;40m██[38;2;107;150;98m██[38;2;107;150;98m██[38;2;44;88;40m██                        
                      [38;2;39;39;39m██[38;2;196;194;204m██[38;2;89;88;108m██[38;2;238;238;242m██[38;2;89;88;108m██[38;2;238;238;242m██[38;2;196;194;204m██[38;2;196;194;204m██[38;2;39;39;39m██[38;2;107;150;98m██[38;2;107;150;98m██[38;2;44;88;40m██[38;2;89;88;108m██                      
                    [38;2;39;39;39m██[38;2;238;238;242m██[38;2;238;238;242m██[38;2;89;88;108m██[38;2;238;238;242m██[38;2;89;88;108m██[38;2;238;238;242m██[38;2;238;238;242m██[38;2;196;194;204m██[38;2;196;194;204m██[38;2;39;39;39m██[38;2;107;150;98m██[38;2;107;150;98m██[38;2;44;88;40m██[38;2;134;104;35m██                    
                    [38;2;39;39;39m██[38;2;238;238;242m██[38;2;238;238;242m██[38;2;89;88;108m██[38;2;238;238;242m██[38;2;196;194;204m██[38;2;196;194;204m██[38;2;238;238;242m██[38;2;196;194;204m██[38;2;196;194;204m██[38;2;39;39;39m██[38;2;107;150;98m██[38;2;107;150;98m██[38;2;44;88;40m██[38;2;206;176;54m██[38;2;134;104;35m██[38;2;89;88;108m██                
                  [38;2;39;39;39m██[38;2;238;238;242m██[38;2;238;238;242m██[38;2;238;238;242m██[38;2;196;194;204m██[38;2;196;194;204m██[38;2;238;238;242m██[38;2;89;88;108m██[38;2;196;194;204m██[38;2;238;238;242m██[38;2;196;194;204m██[38;2;196;194;204m██[38;2;39;39;39m██[38;2;107;150;98m██[38;2;107;150;98m██[38;2;44;88;40m██[38;2;134;104;35m██[38;2;196;194;204m██[38;2;89;88;108m██[38;2;89;88;108m██[38;2;89;88;108m██[38;2;89;88;108m██[38;2;89;88;108m██      
                [38;2;134;104;35m██[38;2;39;39;39m██[38;2;238;238;242m██[38;2;238;238;242m██[38;2;238;238;242m██[38;2;238;238;242m██[38;2;89;88;108m██[38;2;238;238;242m██[38;2;196;194;204m██[38;2;196;194;204m██[38;2;238;238;242m██[38;2;196;194;204m██[38;2;196;194;204m██[38;2;39;39;39m██[38;2;107;150;98m██[38;2;107;150;98m██[38;2;44;88;40m██[38;2;134;104;35m██[38;2;196;194;204m██[38;2;238;238;242m██[38;2;238;238;242m██[38;2;238;238;242m██[38;2;238;238;242m██[38;2;238;238;242m██[38;2;89;88;108m██[38;2;89;88;108m██  
              [38;2;134;104;35m██[38;2;206;176;54m██[38;2;39;39;39m██[38;2;238;238;242m██[38;2;238;238;242m██[38;2;238;238;242m██[38;2;238;238;242m██[38;2;196;194;204m██[38;2;238;238;242m██[38;2;196;194;204m██[38;2;238;238;242m██[38;2;196;194;204m██[38;2;196;194;204m██[38;2;196;194;204m██[38;2;196;194;204m██[38;2;39;39;39m██[38;2;107;150;98m██[38;2;107;150;98m██[38;2;44;88;40m██[38;2;39;39;39m██[38;2;196;194;204m██[38;2;196;194;204m██[38;2;196;194;204m██[38;2;196;194;204m██[38;2;238;238;242m██[38;2;238;238;242m██[38;2;238;238;242m██[38;2;89;88;108m██
              [38;2;134;104;35m██[38;2;253;246;134m██[38;2;39;39;39m██[38;2;238;238;242m██[38;2;238;238;242m██[38;2;238;238;242m██[38;2;238;238;242m██[38;2;238;238;242m██[38;2;238;238;242m██[38;2;238;238;242m██[38;2;196;194;204m██[38;2;196;194;204m██[38;2;196;194;204m██[38;2;196;194;204m██[38;2;196;194;204m██[38;2;39;39;39m██[38;2;107;150;98m██[38;2;107;150;98m██[38;2;44;88;40m██  [38;2;39;39;39m██[38;2;39;39;39m██[38;2;196;194;204m██[38;2;196;194;204m██[38;2;196;194;204m██[38;2;196;194;204m██[38;2;238;238;242m██[38;2;89;88;108m██
              [38;2;134;104;35m██[38;2;253;246;134m██[38;2;39;39;39m██[38;2;196;194;204m██[38;2;196;194;204m██[38;2;238;238;242m██[38;2;238;238;242m██[38;2;238;238;242m██[38;2;196;194;204m██[38;2;196;194;204m██[38;2;196;194;204m██[38;2;196;194;204m██[38;2;196;194;204m██[38;2;196;194;204m██[38;2;196;194;204m██[38;2;89;88;108m██[38;2;39;39;39m██[38;2;107;150;98m██[38;2;44;88;40m██[38;2;44;88;40m██    [38;2;39;39;39m██[38;2;196;194;204m██[38;2;196;194;204m██[38;2;89;88;108m██[38;2;89;88;108m██  
            [38;2;89;88;108m██[38;2;134;104;35m██[38;2;206;176;54m██[38;2;39;39;39m██[38;2;196;194;204m██[38;2;196;194;204m██[38;2;196;194;204m██[38;2;196;194;204m██[38;2;196;194;204m██[38;2;196;194;204m██[38;2;196;194;204m██[38;2;196;194;204m██[38;2;196;194;204m██[38;2;196;194;204m██[38;2;196;194;204m██[38;2;196;194;204m██[38;2;39;39;39m██[38;2;39;39;39m██[38;2;107;150;98m██[38;2;107;150;98m██[38;2;44;88;40m██      [38;2;39;39;39m██[38;2;196;194;204m██[38;2;39;39;39m██    
          [38;2;89;88;108m██[38;2;238;238;242m██[38;2;192;187;211m██[38;2;134;104;35m██[38;2;206;176;54m██[38;2;39;39;39m██[38;2;196;194;204m██[38;2;196;194;204m██[38;2;196;194;204m██[38;2;196;194;204m██[38;2;196;194;204m██[38;2;196;194;204m██[38;2;196;194;204m██[38;2;196;194;204m██[38;2;196;194;204m██[38;2;196;194;204m██[38;2;39;39;39m██    [38;2;39;39;39m██[38;2;107;150;98m██[38;2;39;39;39m██[38;2;89;88;108m██      [38;2;39;39;39m██      
        [38;2;89;88;108m██[38;2;238;238;242m██[38;2;238;238;242m██[38;2;192;187;211m██[38;2;89;88;108m██[38;2;134;104;35m██[38;2;134;104;35m██[38;2;39;39;39m██[38;2;89;88;108m██[38;2;196;194;204m██[38;2;196;194;204m██[38;2;196;194;204m██[38;2;196;194;204m██[38;2;196;194;204m██[38;2;196;194;204m██[38;2;89;88;108m██[38;2;89;88;108m██      [38;2;39;39;39m██[38;2;39;39;39m██[38;2;238;238;242m██[38;2;238;238;242m██[38;2;89;88;108m██            
      [38;2;89;88;108m██[38;2;238;238;242m██[38;2;238;238;242m██[38;2;192;187;211m██[38;2;192;187;211m██[38;2;39;39;39m██        [38;2;39;39;39m██[38;2;39;39;39m██[38;2;39;39;39m██[38;2;89;88;108m██[38;2;89;88;108m██[38;2;89;88;108m██[38;2;196;194;204m██[38;2;196;194;204m██[38;2;89;88;108m██  [38;2;39;39;39m██[38;2;39;39;39m██[38;2;238;238;242m██[38;2;238;238;242m██[38;2;211;187;195m██[38;2;89;88;108m██            
    [38;2;89;88;108m██[38;2;238;238;242m██[38;2;238;238;242m██[38;2;192;187;211m██[38;2;192;187;211m██[38;2;89;88;108m██                  [38;2;39;39;39m██[38;2;196;194;204m██[38;2;196;194;204m██[38;2;196;194;204m██[38;2;196;194;204m██[38;2;89;88;108m██[38;2;89;88;108m██[38;2;39;39;39m██[38;2;196;194;204m██[38;2;196;194;204m██[38;2;39;39;39m██[38;2;44;88;40m██            
  [38;2;89;88;108m██[38;2;238;238;242m██[38;2;238;238;242m██[38;2;192;187;211m██[38;2;192;187;211m██[38;2;192;187;211m██[38;2;39;39;39m██                  [38;2;40;88;62m██[38;2;196;194;204m██[38;2;238;238;242m██[38;2;238;238;242m██[38;2;196;194;204m██[38;2;196;194;204m██[38;2;89;88;108m██[38;2;196;194;204m██[38;2;89;88;108m██[38;2;39;39;39m██[38;2;98;150;98m██[38;2;44;88;40m██            
[38;2;89;88;108m██[38;2;238;238;242m██[38;2;238;238;242m██[38;2;192;187;211m██[38;2;192;187;211m██[38;2;192;187;211m██[38;2;192;187;211m██[38;2;39;39;39m██                  [38;2;40;88;62m██[38;2;89;88;108m██[38;2;238;238;242m██[38;2;196;194;204m██[38;2;89;88;108m██[38;2;196;194;204m██[38;2;196;194;204m██[38;2;39;39;39m██  [38;2;39;39;39m██[38;2;98;150;98m██[38;2;98;150;98m██[38;2;44;88;40m██          
[38;2;89;88;108m██[38;2;238;238;242m██[38;2;192;187;211m██[38;2;192;187;211m██[38;2;192;187;211m██[38;2;192;187;211m██[38;2;192;187;211m██[38;2;39;39;39m██                  [38;2;40;88;62m██[38;2;98;150;107m██[38;2;196;194;204m██[38;2;196;194;204m██[38;2;89;88;108m██[38;2;89;88;108m██[38;2;39;39;39m██    [38;2;39;39;39m██[38;2;98;150;98m██[38;2;98;150;98m██[38;2;44;88;40m██          
[38;2;39;39;39m██[38;2;192;187;211m██[38;2;192;187;211m██[38;2;89;88;108m██[38;2;192;187;211m██[38;2;192;187;211m██[38;2;39;39;39m██                    [38;2;40;88;62m██[38;2;98;150;107m██[38;2;196;194;204m██[38;2;196;194;204m██[38;2;196;194;204m██[38;2;89;88;108m██[38;2;40;88;62m██      [38;2;39;39;39m██[38;2;98;150;98m██[38;2;44;88;40m██          
[38;2;39;39;39m██[38;2;39;39;39m██[38;2;39;39;39m██[38;2;89;88;108m██[38;2;192;187;211m██[38;2;39;39;39m██                        [38;2;40;88;62m██[38;2;98;150;107m██[38;2;196;194;204m██[38;2;98;150;107m██[38;2;98;150;107m██[38;2;40;88;62m██      [38;2;39;39;39m██[38;2;98;150;98m██[38;2;98;150;98m██[38;2;44;88;40m██        
      [38;2;89;88;108m██[38;2;39;39;39m██                          [38;2;39;39;39m██[38;2;40;88;62m██[38;2;98;150;107m██[38;2;98;150;107m██[38;2;40;88;62m██        [38;2;39;39;39m██[38;2;98;150;98m██[38;2;98;150;98m██[38;2;44;88;40m██        
                                      [38;2;39;39;39m██[38;2;40;88;62m██[38;2;98;150;107m██[38;2;39;39;39m██          [38;2;39;39;39m██[38;2;98;150;98m██[38;2;44;88;40m██        
                                        [38;2;39;39;39m██[38;2;98;150;107m██[38;2;39;39;39m██          [38;2;39;39;39m██[38;2;98;150;98m██[38;2;98;150;98m██[38;2;44;88;40m██      
                                        [38;2;39;39;39m██[38;2;98;150;107m██[38;2;39;39;39m██          [38;2;39;39;39m██[38;2;98;150;98m██[38;2;98;150;98m██[38;2;44;88;40m██      
                                        [38;2;39;39;39m██[38;2;98;150;107m██[38;2;39;39;39m██            [38;2;39;39;39m██[38;2;98;150;98m██[38;2;44;88;40m██      
                                      [38;2;39;39;39m██[38;2;39;39;39m██[38;2;98;150;107m██[38;2;39;39;39m██            [38;2;39;39;39m██[38;2;98;150;98m██[38;2;98;150;98m██[38;2;44;88;40m██    
                                    [38;2;39;39;39m██[38;2;40;88;62m██[38;2;40;88;62m██[38;2;98;150;107m██[38;2;40;88;62m██[38;2;40;88;62m██          [38;2;39;39;39m██[38;2;98;150;98m██[38;2;98;150;98m██[38;2;44;88;40m██    
                                  [38;2;39;39;39m██[38;2;40;88;62m██[38;2;98;150;107m██[38;2;40;88;62m██[38;2;40;88;62m██[38;2;98;150;107m██[38;2;98;150;107m██[38;2;40;88;62m██          [38;2;39;39;39m██[38;2;98;150;98m██[38;2;44;88;40m██    
                                  [38;2;39;39;39m██[38;2;98;150;107m██[38;2;98;150;107m██[38;2;40;88;62m██[38;2;98;150;107m██[38;2;98;150;107m██[38;2;98;150;107m██[38;2;39;39;39m██          [38;2;39;39;39m██[38;2;98;150;98m██[38;2;98;150;98m██[38;2;39;39;39m██  
                                  [38;2;39;39;39m██[38;2;40;88;62m██[38;2;98;150;107m██[38;2;98;150;107m██[38;2;98;150;107m██[38;2;98;150;107m██[38;2;40;88;62m██[38;2;39;39;39m██          [38;2;39;39;39m██[38;2;98;150;98m██[38;2;98;150;98m██[38;2;39;39;39m██  
                                    [38;2;40;88;62m██[38;2;98;150;107m██[38;2;98;150;107m██[38;2;40;88;62m██[38;2;40;88;62m██[38;2;39;39;39m██              [38;2;39;39;39m██[38;2;39;39;39m██    
                                    [38;2;40;88;62m██[38;2;98;150;107m██[38;2;40;88;62m██[38;2;39;39;39m██[38;2;39;39;39m██                        
                                    [38;2;40;88;62m██[38;2;40;88;62m██[38;2;39;39;39m██                            
                                    [38;2;40;88;62m██[38;2;39;39;39m██                              
