                                                              [38;2;185;126;6m██[38;2;185;126;6m██[38;2;185;126;6m██[38;2;24;24;24m██                
                                                            [38;2;185;126;6m██[38;2;249;238;113m██[38;2;249;238;113m██[38;2;249;238;113m██[38;2;227;189;60m██[38;2;24;24;24m██              
                                                            [38;2;185;126;6m██[38;2;249;238;113m██[38;2;249;238;113m██[38;2;249;238;113m██[38;2;227;189;60m██[38;2;185;126;6m██[38;2;185;126;6m██[38;2;24;24;24m██          
                                                            [38;2;185;126;6m██[38;2;227;189;60m██[38;2;249;238;113m██[38;2;227;189;60m██[38;2;185;126;6m██[38;2;249;238;113m██[38;2;249;238;113m██[38;2;249;238;113m██[38;2;24;24;24m██        
                                                              [38;2;24;24;24m██[38;2;185;126;6m██[38;2;185;126;6m██[38;2;185;126;6m██[38;2;249;238;113m██[38;2;249;238;113m██[38;2;227;189;60m██[38;2;24;24;24m██        
                    [38;2;24;24;24m██[38;2;24;24;24m██[38;2;24;24;24m██                                  [38;2;24;24;24m██[38;2;24;24;24m██    [38;2;24;24;24m██[38;2;227;189;60m██[38;2;227;189;60m██[38;2;227;189;60m██[38;2;24;24;24m██        
                  [38;2;24;24;24m██[38;2;0;206;103m██[38;2;0;206;103m██[38;2;0;206;103m██[38;2;24;24;24m██[38;2;24;24;24m██                              [38;2;24;24;24m██        [38;2;24;24;24m██[38;2;24;24;24m██[38;2;24;24;24m██          
                  [38;2;24;24;24m██[38;2;0;157;79m██[38;2;0;206;103m██[38;2;0;206;103m██[38;2;0;206;103m██[38;2;0;206;103m██[38;2;24;24;24m██[38;2;24;24;24m██                        [38;2;24;24;24m██[38;2;24;24;24m██    [38;2;24;24;24m██[38;2;24;24;24m██                
                  [38;2;24;24;24m██[38;2;0;157;79m██[38;2;0;157;79m██[38;2;0;157;79m██[38;2;0;206;103m██[38;2;0;206;103m██[38;2;0;206;103m██[38;2;0;206;103m██[38;2;24;24;24m██[38;2;24;24;24m██                    [38;2;24;24;24m██    [38;2;24;24;24m██[38;2;24;24;24m██                  
                    [38;2;24;24;24m██[38;2;24;24;24m██[38;2;0;157;79m██[38;2;0;157;79m██[38;2;0;157;79m██[38;2;0;206;103m██[38;2;0;206;103m██[38;2;0;206;103m██[38;2;0;206;103m██[38;2;24;24;24m██                [38;2;24;24;24m██[38;2;24;24;24m██  [38;2;24;24;24m██[38;2;24;24;24m██                    
                    [38;2;24;24;24m██[38;2;0;157;79m██[38;2;24;24;24m██[38;2;0;157;79m██[38;2;0;157;79m██[38;2;0;157;79m██[38;2;0;157;79m██[38;2;0;206;103m██[38;2;0;206;103m██[38;2;0;206;103m██[38;2;24;24;24m██              [38;2;24;24;24m██[38;2;24;24;24m██[38;2;24;24;24m██[38;2;24;24;24m██                      
                    [38;2;24;24;24m██[38;2;0;157;79m██[38;2;0;157;79m██[38;2;24;24;24m██[38;2;24;24;24m██[38;2;0;157;79m██[38;2;0;157;79m██[38;2;0;157;79m██[38;2;0;206;103m██[38;2;0;206;103m██[38;2;0;206;103m██[38;2;24;24;24m██            [38;2;24;24;24m██[38;2;24;24;24m██[38;2;24;24;24m██                        
                      [38;2;24;24;24m██[38;2;0;157;79m██[38;2;0;157;79m██[38;2;0;157;79m██[38;2;24;24;24m██[38;2;24;24;24m██[38;2;0;157;79m██[38;2;0;157;79m██[38;2;0;157;79m██[38;2;0;157;79m██[38;2;0;206;103m██[38;2;24;24;24m██[38;2;24;24;24m██[38;2;24;24;24m██[38;2;24;24;24m██  [38;2;24;24;24m██[38;2;24;24;24m██[38;2;24;24;24m██                          
                        [38;2;24;24;24m██[38;2;24;24;24m██[38;2;0;157;79m██[38;2;0;157;79m██[38;2;0;157;79m██[38;2;24;24;24m██[38;2;24;24;24m██[38;2;0;157;79m██[38;2;0;157;79m██[38;2;24;24;24m██[38;2;0;157;79m██[38;2;0;206;103m██[38;2;0;206;103m██[38;2;0;206;103m██[38;2;24;24;24m██[38;2;24;24;24m██[38;2;24;24;24m██                            
                  [38;2;40;79;49m██[38;2;40;79;49m██[38;2;40;79;49m██[38;2;40;79;49m██  [38;2;24;24;24m██[38;2;24;24;24m██[38;2;0;157;79m██[38;2;0;157;79m██[38;2;0;157;79m██[38;2;24;24;24m██[38;2;24;24;24m██[38;2;24;24;24m██[38;2;0;157;79m██[38;2;0;157;79m██[38;2;0;206;103m██[38;2;0;206;103m██[38;2;0;206;103m██[38;2;0;206;103m██[38;2;24;24;24m██                            
                  [38;2;40;79;49m██[38;2;150;207;133m██[38;2;150;207;133m██[38;2;150;207;133m██[38;2;40;79;49m██[38;2;40;79;49m██  [38;2;24;24;24m██[38;2;24;24;24m██[38;2;0;157;79m██[38;2;0;157;79m██[38;2;0;157;79m██[38;2;0;157;79m██[38;2;24;24;24m██[38;2;0;157;79m██[38;2;0;157;79m██[38;2;0;206;103m██[38;2;0;206;103m██[38;2;0;206;103m██[38;2;0;206;103m██[38;2;24;24;24m██[38;2;0;157;79m██                        
                  [38;2;40;79;49m██[38;2;150;207;133m██[38;2;96;168;99m██[38;2;96;168;99m██[38;2;150;207;133m██[38;2;96;168;99m██[38;2;40;79;49m██    [38;2;24;24;24m██[38;2;24;24;24m██[38;2;24;24;24m██[38;2;24;24;24m██[38;2;24;24;24m██[38;2;24;24;24m██[38;2;0;157;79m██[38;2;0;157;79m██[38;2;0;206;103m██[38;2;0;206;103m██[38;2;0;206;103m██[38;2;0;206;103m██[38;2;0;157;79m██[38;2;24;24;24m██                      
                    [38;2;40;79;49m██[38;2;150;207;133m██[38;2;150;207;133m██[38;2;96;168;99m██[38;2;150;207;133m██[38;2;150;207;133m██[38;2;40;79;49m██        [38;2;24;24;24m██[38;2;40;79;49m██[38;2;40;79;49m██[38;2;24;24;24m██[38;2;0;157;79m██[38;2;0;157;79m██[38;2;0;157;79m██[38;2;0;206;103m██[38;2;0;206;103m██[38;2;0;206;103m██[38;2;0;206;103m██[38;2;24;24;24m██[38;2;24;24;24m██                  
                    [38;2;40;79;49m██[38;2;150;207;133m██[38;2;150;207;133m██[38;2;150;207;133m██[38;2;150;207;133m██[38;2;150;207;133m██[38;2;96;168;99m██[38;2;40;79;49m██        [38;2;24;24;24m██[38;2;40;79;49m██[38;2;40;79;49m██[38;2;24;24;24m██[38;2;0;157;79m██[38;2;0;157;79m██[38;2;0;157;79m██[38;2;0;157;79m██[38;2;0;206;103m██[38;2;0;206;103m██[38;2;0;206;103m██[38;2;0;206;103m██[38;2;24;24;24m██                
                      [38;2;40;79;49m██[38;2;150;207;133m██[38;2;150;207;133m██[38;2;96;168;99m██[38;2;150;207;133m██[38;2;150;207;133m██[38;2;40;79;49m██        [38;2;24;24;24m██[38;2;96;168;99m██[38;2;40;79;49m██[38;2;40;79;49m██[38;2;24;24;24m██[38;2;24;24;24m██[38;2;0;157;79m██[38;2;0;157;79m██[38;2;0;157;79m██[38;2;0;157;79m██[38;2;0;206;103m██[38;2;0;206;103m██[38;2;0;206;103m██[38;2;24;24;24m██              
                      [38;2;40;79;49m██[38;2;96;168;99m██[38;2;150;207;133m██[38;2;150;207;133m██[38;2;96;168;99m██[38;2;150;207;133m██[38;2;96;168;99m██[38;2;24;24;24m██    [38;2;40;79;49m██[38;2;150;207;133m██[38;2;96;168;99m██[38;2;96;168;99m██[38;2;40;79;49m██[38;2;40;79;49m██[38;2;40;79;49m██[38;2;24;24;24m██[38;2;24;24;24m██[38;2;0;157;79m██[38;2;0;157;79m██[38;2;0;157;79m██[38;2;0;157;79m██[38;2;0;157;79m██[38;2;24;24;24m██              
                        [38;2;40;79;49m██[38;2;96;168;99m██[38;2;96;168;99m██[38;2;150;207;133m██[38;2;96;168;99m██[38;2;96;168;99m██[38;2;24;24;24m██  [38;2;40;79;49m██[38;2;150;207;133m██[38;2;150;207;133m██[38;2;96;168;99m██[38;2;24;24;24m██[38;2;24;24;24m██[38;2;40;79;49m██[38;2;40;79;49m██[38;2;24;24;24m██[38;2;0;157;79m██[38;2;24;24;24m██[38;2;24;24;24m██[38;2;0;157;79m██[38;2;0;157;79m██[38;2;24;24;24m██[38;2;24;24;24m██[38;2;24;24;24m██            
                          [38;2;40;79;49m██[38;2;96;168;99m██[38;2;96;168;99m██[38;2;96;168;99m██[38;2;96;168;99m██[38;2;96;168;99m██[38;2;24;24;24m██[38;2;150;207;133m██[38;2;150;207;133m██[38;2;150;207;133m██[38;2;24;24;24m██      [38;2;24;24;24m██[38;2;24;24;24m██[38;2;24;24;24m██[38;2;0;157;79m██[38;2;0;157;79m██[38;2;24;24;24m██[38;2;24;24;24m██[38;2;0;157;79m██[38;2;0;206;103m██[38;2;0;206;103m██[38;2;24;24;24m██[38;2;24;24;24m██        
                            [38;2;40;79;49m██[38;2;40;79;49m██[38;2;96;168;99m██[38;2;43;18;56m██[38;2;43;18;56m██[38;2;43;18;56m██[38;2;150;207;133m██[38;2;150;207;133m██[38;2;24;24;24m██              [38;2;24;24;24m██[38;2;0;157;79m██[38;2;0;157;79m██[38;2;0;157;79m██[38;2;0;157;79m██[38;2;0;157;79m██[38;2;0;206;103m██[38;2;0;206;103m██[38;2;0;206;103m██[38;2;24;24;24m██      
                                [38;2;43;18;56m██[38;2;127;80;152m██[38;2;127;80;152m██[38;2;43;18;56m██[38;2;96;168;99m██[38;2;24;24;24m██                  [38;2;24;24;24m██[38;2;24;24;24m██[38;2;0;157;79m██[38;2;0;157;79m██[38;2;0;157;79m██[38;2;0;157;79m██[38;2;0;206;103m██[38;2;0;206;103m██[38;2;0;206;103m██[38;2;24;24;24m██    
                                [38;2;43;18;56m██[38;2;127;80;152m██[38;2;127;80;152m██[38;2;43;18;56m██[38;2;24;24;24m██          [38;2;43;18;56m██[38;2;43;18;56m██          [38;2;24;24;24m██[38;2;24;24;24m██[38;2;0;157;79m██[38;2;0;157;79m██[38;2;0;157;79m██[38;2;0;206;103m██[38;2;0;206;103m██[38;2;0;206;103m██[38;2;24;24;24m██  
                              [38;2;43;18;56m██[38;2;127;80;152m██[38;2;127;80;152m██[38;2;93;45;119m██[38;2;43;18;56m██          [38;2;43;18;56m██[38;2;127;80;152m██[38;2;127;80;152m██[38;2;43;18;56m██            [38;2;24;24;24m██[38;2;24;24;24m██[38;2;0;157;79m██[38;2;0;157;79m██[38;2;0;206;103m██[38;2;0;206;103m██[38;2;0;206;103m██[38;2;24;24;24m██
                              [38;2;43;18;56m██[38;2;127;80;152m██[38;2;127;80;152m██[38;2;43;18;56m██[38;2;46;51;56m██[38;2;46;51;56m██[38;2;46;51;56m██      [38;2;43;18;56m██[38;2;127;80;152m██[38;2;127;80;152m██[38;2;24;24;24m██                [38;2;24;24;24m██[38;2;24;24;24m██[38;2;0;157;79m██[38;2;0;206;103m██[38;2;0;206;103m██[38;2;24;24;24m██
                            [38;2;43;18;56m██[38;2;127;80;152m██[38;2;127;80;152m██[38;2;93;45;119m██[38;2;43;18;56m██[38;2;189;203;213m██[38;2;246;246;246m██[38;2;108;118;128m██[38;2;46;51;56m██[38;2;46;51;56m██[38;2;43;18;56m██[38;2;127;80;152m██[38;2;127;80;152m██[38;2;93;45;119m██[38;2;24;24;24m██                    [38;2;24;24;24m██[38;2;24;24;24m██[38;2;24;24;24m██  
                            [38;2;43;18;56m██[38;2;127;80;152m██[38;2;127;80;152m██[38;2;43;18;56m██[38;2;246;246;246m██[38;2;246;246;246m██[38;2;108;118;128m██[38;2;246;246;246m██[38;2;189;203;213m██[38;2;108;118;128m██[38;2;43;18;56m██[38;2;127;80;152m██[38;2;127;80;152m██[38;2;43;18;56m██                              
                        [38;2;185;126;6m██[38;2;185;126;6m██[38;2;43;18;56m██[38;2;127;80;152m██[38;2;93;45;119m██[38;2;43;18;56m██[38;2;246;246;246m██[38;2;108;118;128m██[38;2;246;246;246m██[38;2;246;246;246m██[38;2;108;118;128m██[38;2;246;246;246m██[38;2;43;18;56m██[38;2;127;80;152m██[38;2;93;45;119m██[38;2;43;18;56m██                              
                [38;2;46;51;56m██[38;2;46;51;56m██[38;2;46;51;56m██[38;2;185;126;6m██[38;2;249;238;113m██[38;2;249;238;113m██[38;2;43;18;56m██[38;2;127;80;152m██[38;2;43;18;56m██[38;2;246;246;246m██[38;2;189;203;213m██[38;2;189;203;213m██[38;2;246;246;246m██[38;2;108;118;128m██[38;2;246;246;246m██[38;2;43;18;56m██[38;2;127;80;152m██[38;2;127;80;152m██[38;2;43;18;56m██[38;2;189;203;213m██[38;2;46;51;56m██                            
            [38;2;46;51;56m██[38;2;46;51;56m██[38;2;246;246;246m██[38;2;246;246;246m██[38;2;185;126;6m██[38;2;249;238;113m██[38;2;249;238;113m██[38;2;185;126;6m██[38;2;43;18;56m██[38;2;127;80;152m██[38;2;43;18;56m██[38;2;246;246;246m██[38;2;108;118;128m██[38;2;246;246;246m██[38;2;189;203;213m██[38;2;189;203;213m██[38;2;246;246;246m██[38;2;43;18;56m██[38;2;127;80;152m██[38;2;93;45;119m██[38;2;43;18;56m██[38;2;246;246;246m██[38;2;46;51;56m██                            
        [38;2;46;51;56m██[38;2;46;51;56m██[38;2;246;246;246m██[38;2;246;246;246m██[38;2;246;246;246m██[38;2;246;246;246m██[38;2;185;126;6m██[38;2;249;238;113m██[38;2;227;189;60m██[38;2;185;126;6m██[38;2;93;45;119m██[38;2;93;45;119m██[38;2;43;18;56m██[38;2;189;203;213m██[38;2;246;246;246m██[38;2;246;246;246m██[38;2;108;118;128m██[38;2;246;246;246m██[38;2;246;246;246m██[38;2;43;18;56m██[38;2;127;80;152m██[38;2;43;18;56m██[38;2;246;246;246m██[38;2;246;246;246m██[38;2;189;203;213m██[38;2;46;51;56m██                          
    [38;2;46;51;56m██[38;2;46;51;56m██[38;2;246;246;246m██[38;2;246;246;246m██[38;2;246;246;246m██[38;2;246;246;246m██[38;2;246;246;246m██[38;2;189;203;213m██[38;2;185;126;6m██[38;2;227;189;60m██[38;2;185;126;6m██[38;2;246;246;246m██[38;2;108;118;128m██[38;2;46;51;56m██[38;2;108;118;128m██[38;2;246;246;246m██[38;2;246;246;246m██[38;2;189;203;213m██[38;2;246;246;246m██[38;2;246;246;246m██[38;2;43;18;56m██[38;2;127;80;152m██[38;2;127;80;152m██[38;2;43;18;56m██[38;2;246;246;246m██[38;2;246;246;246m██[38;2;246;246;246m██[38;2;46;51;56m██                          
  [38;2;46;51;56m██[38;2;246;246;246m██[38;2;246;246;246m██[38;2;246;246;246m██[38;2;246;246;246m██[38;2;246;246;246m██[38;2;189;203;213m██[38;2;189;203;213m██[38;2;46;51;56m██[38;2;185;126;6m██[38;2;227;189;60m██[38;2;185;126;6m██[38;2;246;246;246m██[38;2;46;51;56m██[38;2;246;246;246m██[38;2;46;51;56m██[38;2;246;246;246m██[38;2;246;246;246m██[38;2;246;246;246m██[38;2;246;246;246m██[38;2;246;246;246m██[38;2;43;18;56m██[38;2;127;80;152m██[38;2;43;18;56m██[38;2;246;246;246m██[38;2;246;246;246m██[38;2;189;203;213m██[38;2;189;203;213m██[38;2;46;51;56m██[38;2;185;126;6m██[38;2;185;126;6m██                      
[38;2;46;51;56m██[38;2;246;246;246m██[38;2;246;246;246m██[38;2;246;246;246m██[38;2;246;246;246m██[38;2;189;203;213m██[38;2;189;203;213m██[38;2;189;203;213m██[38;2;46;51;56m██  [38;2;185;126;6m██[38;2;227;189;60m██[38;2;24;24;24m██[38;2;246;246;246m██[38;2;24;24;24m██[38;2;108;118;128m██[38;2;24;24;24m██[38;2;189;203;213m██[38;2;246;246;246m██[38;2;246;246;246m██[38;2;246;246;246m██[38;2;46;51;56m██[38;2;46;51;56m██[38;2;127;80;152m██[38;2;43;18;56m██[38;2;189;203;213m██[38;2;189;203;213m██[38;2;189;203;213m██[38;2;46;51;56m██[38;2;227;189;60m██[38;2;249;238;113m██[38;2;249;238;113m██[38;2;185;126;6m██                    
[38;2;46;51;56m██[38;2;246;246;246m██[38;2;246;246;246m██[38;2;189;203;213m██[38;2;108;118;128m██[38;2;189;203;213m██[38;2;189;203;213m██[38;2;46;51;56m██      [38;2;185;126;6m██[38;2;24;24;24m██[38;2;246;246;246m██[38;2;24;24;24m██[38;2;108;118;128m██[38;2;24;24;24m██[38;2;189;203;213m██[38;2;189;203;213m██[38;2;189;203;213m██[38;2;108;118;128m██[38;2;24;24;24m██[38;2;246;246;246m██[38;2;46;51;56m██[38;2;189;203;213m██[38;2;189;203;213m██[38;2;189;203;213m██[38;2;189;203;213m██[38;2;185;126;6m██[38;2;249;238;113m██[38;2;249;238;113m██[38;2;249;238;113m██[38;2;185;126;6m██                    
  [38;2;46;51;56m██[38;2;46;51;56m██[38;2;108;118;128m██[38;2;189;203;213m██[38;2;189;203;213m██[38;2;46;51;56m██      [38;2;40;79;49m██[38;2;150;207;133m██[38;2;24;24;24m██[38;2;189;203;213m██[38;2;46;51;56m██[38;2;24;24;24m██[38;2;46;51;56m██[38;2;189;203;213m██[38;2;189;203;213m██[38;2;189;203;213m██[38;2;108;118;128m██[38;2;24;24;24m██[38;2;108;118;128m██[38;2;24;24;24m██[38;2;189;203;213m██[38;2;189;203;213m██[38;2;189;203;213m██[38;2;185;126;6m██[38;2;227;189;60m██[38;2;249;238;113m██[38;2;249;238;113m██[38;2;227;189;60m██[38;2;185;126;6m██                    
      [38;2;46;51;56m██[38;2;189;203;213m██[38;2;189;203;213m██[38;2;46;51;56m██    [38;2;24;24;24m██[38;2;40;79;49m██[38;2;96;168;99m██[38;2;96;168;99m██[38;2;24;24;24m██[38;2;189;203;213m██[38;2;46;51;56m██[38;2;108;118;128m██[38;2;189;203;213m██[38;2;189;203;213m██[38;2;189;203;213m██[38;2;46;51;56m██[38;2;24;24;24m██[38;2;108;118;128m██[38;2;24;24;24m██[38;2;189;203;213m██[38;2;189;203;213m██[38;2;189;203;213m██[38;2;185;126;6m██[38;2;227;189;60m██[38;2;227;189;60m██[38;2;227;189;60m██[38;2;185;126;6m██[38;2;189;203;213m██[38;2;46;51;56m██                  
        [38;2;46;51;56m██[38;2;46;51;56m██    [38;2;46;51;56m██[38;2;46;51;56m██[38;2;150;207;133m██[38;2;96;168;99m██[38;2;96;168;99m██[38;2;24;24;24m██[38;2;189;203;213m██[38;2;189;203;213m██[38;2;189;203;213m██[38;2;189;203;213m██[38;2;189;203;213m██[38;2;189;203;213m██[38;2;46;51;56m██[38;2;24;24;24m██[38;2;24;24;24m██[38;2;46;51;56m██[38;2;189;203;213m██[38;2;189;203;213m██[38;2;189;203;213m██[38;2;185;126;6m██[38;2;227;189;60m██[38;2;227;189;60m██[38;2;227;189;60m██[38;2;185;126;6m██[38;2;189;203;213m██[38;2;189;203;213m██[38;2;46;51;56m██                
              [38;2;46;51;56m██[38;2;246;246;246m██[38;2;246;246;246m██[38;2;46;51;56m██[38;2;96;168;99m██[38;2;24;24;24m██  [38;2;24;24;24m██[38;2;189;203;213m██[38;2;189;203;213m██[38;2;189;203;213m██[38;2;189;203;213m██[38;2;189;203;213m██[38;2;189;203;213m██[38;2;46;51;56m██[38;2;46;51;56m██[38;2;189;203;213m██[38;2;189;203;213m██[38;2;189;203;213m██[38;2;189;203;213m██[38;2;46;51;56m██[38;2;227;189;60m██[38;2;227;189;60m██[38;2;185;126;6m██[38;2;189;203;213m██[38;2;189;203;213m██[38;2;189;203;213m██[38;2;189;203;213m██[38;2;46;51;56m██              
              [38;2;46;51;56m██[38;2;46;51;56m██[38;2;108;118;128m██[38;2;246;246;246m██[38;2;46;51;56m██      [38;2;24;24;24m██[38;2;189;203;213m██[38;2;189;203;213m██[38;2;108;118;128m██[38;2;108;118;128m██[38;2;189;203;213m██[38;2;189;203;213m██[38;2;189;203;213m██[38;2;189;203;213m██[38;2;189;203;213m██[38;2;189;203;213m██[38;2;189;203;213m██[38;2;46;51;56m██[38;2;185;126;6m██[38;2;185;126;6m██  [38;2;46;51;56m██[38;2;189;203;213m██[38;2;189;203;213m██[38;2;189;203;213m██[38;2;246;246;246m██[38;2;46;51;56m██            
              [38;2;46;51;56m██[38;2;246;246;246m██[38;2;246;246;246m██[38;2;246;246;246m██[38;2;46;51;56m██        [38;2;24;24;24m██[38;2;24;24;24m██[38;2;189;203;213m██[38;2;189;203;213m██[38;2;189;203;213m██[38;2;189;203;213m██[38;2;189;203;213m██[38;2;189;203;213m██[38;2;46;51;56m██[38;2;46;51;56m██[38;2;46;51;56m██        [38;2;46;51;56m██[38;2;189;203;213m██[38;2;189;203;213m██[38;2;189;203;213m██[38;2;246;246;246m██[38;2;189;203;213m██[38;2;46;51;56m██          
              [38;2;40;79;49m██[38;2;46;51;56m██[38;2;246;246;246m██[38;2;246;246;246m██[38;2;246;246;246m██[38;2;46;51;56m██      [38;2;46;51;56m██[38;2;108;118;128m██[38;2;108;118;128m██[38;2;46;51;56m██[38;2;46;51;56m██[38;2;46;51;56m██[38;2;46;51;56m██[38;2;46;51;56m██                [38;2;46;51;56m██[38;2;189;203;213m██[38;2;246;246;246m██[38;2;246;246;246m██[38;2;246;246;246m██[38;2;46;51;56m██          
              [38;2;40;79;49m██[38;2;150;207;133m██[38;2;46;51;56m██[38;2;246;246;246m██[38;2;246;246;246m██[38;2;46;51;56m██    [38;2;46;51;56m██[38;2;246;246;246m██[38;2;189;203;213m██[38;2;189;203;213m██[38;2;189;203;213m██[38;2;24;24;24m██                      [38;2;46;51;56m██[38;2;246;246;246m██[38;2;246;246;246m██[38;2;246;246;246m██[38;2;246;246;246m██[38;2;246;246;246m██[38;2;46;51;56m██        
            [38;2;40;79;49m██[38;2;150;207;133m██[38;2;150;207;133m██[38;2;150;207;133m██[38;2;46;51;56m██[38;2;246;246;246m██[38;2;246;246;246m██[38;2;46;51;56m██[38;2;46;51;56m██[38;2;246;246;246m██[38;2;246;246;246m██[38;2;246;246;246m██[38;2;189;203;213m██[38;2;189;203;213m██[38;2;24;24;24m██                      [38;2;46;51;56m██[38;2;246;246;246m██[38;2;246;246;246m██[38;2;246;246;246m██[38;2;246;246;246m██[38;2;246;246;246m██[38;2;46;51;56m██        
            [38;2;40;79;49m██[38;2;150;207;133m██[38;2;150;207;133m██[38;2;24;24;24m██[38;2;46;51;56m██[38;2;246;246;246m██[38;2;246;246;246m██[38;2;246;246;246m██[38;2;246;246;246m██[38;2;246;246;246m██[38;2;46;51;56m██[38;2;108;118;128m██[38;2;108;118;128m██[38;2;246;246;246m██[38;2;24;24;24m██                      [38;2;46;51;56m██[38;2;246;246;246m██[38;2;246;246;246m██[38;2;246;246;246m██[38;2;246;246;246m██[38;2;246;246;246m██[38;2;246;246;246m██[38;2;46;51;56m██      
            [38;2;40;79;49m██[38;2;150;207;133m██[38;2;150;207;133m██[38;2;24;24;24m██  [38;2;46;51;56m██[38;2;246;246;246m██[38;2;246;246;246m██[38;2;246;246;246m██[38;2;46;51;56m██[38;2;93;45;119m██[38;2;246;246;246m██[38;2;246;246;246m██[38;2;246;246;246m██[38;2;24;24;24m██                      [38;2;46;51;56m██[38;2;246;246;246m██[38;2;246;246;246m██[38;2;246;246;246m██[38;2;189;203;213m██[38;2;246;246;246m██[38;2;246;246;246m██[38;2;46;51;56m██      
          [38;2;40;79;49m██[38;2;150;207;133m██[38;2;150;207;133m██[38;2;24;24;24m██      [38;2;46;51;56m██[38;2;46;51;56m██[38;2;46;51;56m██[38;2;93;45;119m██[38;2;127;80;152m██[38;2;246;246;246m██[38;2;246;246;246m██[38;2;246;246;246m██[38;2;24;24;24m██                      [38;2;46;51;56m██[38;2;189;203;213m██[38;2;246;246;246m██[38;2;189;203;213m██[38;2;108;118;128m██[38;2;246;246;246m██[38;2;246;246;246m██[38;2;246;246;246m██[38;2;46;51;56m██    
          [38;2;40;79;49m██[38;2;150;207;133m██[38;2;150;207;133m██[38;2;24;24;24m██        [38;2;43;18;56m██[38;2;93;45;119m██[38;2;127;80;152m██[38;2;127;80;152m██[38;2;93;45;119m██[38;2;246;246;246m██[38;2;24;24;24m██                          [38;2;46;51;56m██[38;2;46;51;56m██[38;2;46;51;56m██[38;2;46;51;56m██[38;2;189;203;213m██[38;2;246;246;246m██[38;2;189;203;213m██[38;2;46;51;56m██    
          [38;2;40;79;49m██[38;2;150;207;133m██[38;2;150;207;133m██[38;2;24;24;24m██        [38;2;43;18;56m██[38;2;127;80;152m██[38;2;127;80;152m██[38;2;127;80;152m██[38;2;127;80;152m██[38;2;246;246;246m██[38;2;24;24;24m██                                  [38;2;46;51;56m██[38;2;46;51;56m██[38;2;46;51;56m██      
        [38;2;40;79;49m██[38;2;150;207;133m██[38;2;150;207;133m██[38;2;24;24;24m██          [38;2;43;18;56m██[38;2;127;80;152m██[38;2;127;80;152m██[38;2;127;80;152m██[38;2;127;80;152m██[38;2;43;18;56m██                                                
        [38;2;40;79;49m██[38;2;150;207;133m██[38;2;150;207;133m██[38;2;24;24;24m██          [38;2;43;18;56m██[38;2;127;80;152m██[38;2;127;80;152m██[38;2;127;80;152m██[38;2;43;18;56m██                                                  
        [38;2;40;79;49m██[38;2;150;207;133m██[38;2;150;207;133m██[38;2;24;24;24m██            [38;2;43;18;56m██[38;2;127;80;152m██[38;2;93;45;119m██[38;2;43;18;56m██                                                  
      [38;2;40;79;49m██[38;2;150;207;133m██[38;2;150;207;133m██[38;2;24;24;24m██              [38;2;43;18;56m██[38;2;127;80;152m██[38;2;43;18;56m██                                                    
      [38;2;40;79;49m██[38;2;150;207;133m██[38;2;96;168;99m██[38;2;24;24;24m██              [38;2;43;18;56m██[38;2;93;45;119m██[38;2;43;18;56m██                                                    
      [38;2;40;79;49m██[38;2;96;168;99m██[38;2;96;168;99m██[38;2;24;24;24m██              [38;2;43;18;56m██[38;2;93;45;119m██[38;2;43;18;56m██[38;2;43;18;56m██                                                  
    [38;2;40;79;49m██[38;2;96;168;99m██[38;2;96;168;99m██[38;2;96;168;99m██[38;2;24;24;24m██              [38;2;43;18;56m██[38;2;43;18;56m██[38;2;93;45;119m██[38;2;127;80;152m██[38;2;43;18;56m██                                                
    [38;2;40;79;49m██[38;2;96;168;99m██[38;2;96;168;99m██[38;2;24;24;24m██                  [38;2;43;18;56m██[38;2;127;80;152m██[38;2;127;80;152m██[38;2;93;45;119m██[38;2;43;18;56m██                                              
    [38;2;40;79;49m██[38;2;96;168;99m██[38;2;96;168;99m██[38;2;24;24;24m██                  [38;2;43;18;56m██[38;2;127;80;152m██[38;2;127;80;152m██[38;2;93;45;119m██[38;2;93;45;119m██[38;2;43;18;56m██                                            
    [38;2;40;79;49m██[38;2;96;168;99m██[38;2;96;168;99m██[38;2;24;24;24m██                  [38;2;24;24;24m██[38;2;93;45;119m██[38;2;127;80;152m██[38;2;93;45;119m██[38;2;93;45;119m██[38;2;43;18;56m██                                            
    [38;2;24;24;24m██[38;2;96;168;99m██[38;2;96;168;99m██[38;2;24;24;24m██                    [38;2;24;24;24m██[38;2;93;45;119m██[38;2;127;80;152m██[38;2;93;45;119m██[38;2;93;45;119m██[38;2;43;18;56m██                                          
      [38;2;24;24;24m██[38;2;24;24;24m██                        [38;2;24;24;24m██[38;2;93;45;119m██[38;2;93;45;119m██[38;2;93;45;119m██[38;2;43;18;56m██                                          
                                    [38;2;24;24;24m██[38;2;93;45;119m██[38;2;93;45;119m██[38;2;43;18;56m██                                          
                                      [38;2;43;18;56m██[38;2;93;45;119m██[38;2;43;18;56m██                                          
                                        [38;2;43;18;56m██[38;2;43;18;56m██                                          
