                              [38;2;84;82;79m██[38;2;84;82;79m██[38;2;84;82;79m██                                                        
                            [38;2;84;82;79m██[38;2;246;248;242m██[38;2;246;248;242m██[38;2;246;248;242m██[38;2;84;82;79m██[38;2;84;82;79m██[38;2;84;82;79m██                                                  
                          [38;2;84;82;79m██[38;2;246;248;242m██[38;2;246;248;242m██[38;2;246;248;242m██[38;2;246;248;242m██[38;2;246;248;242m██[38;2;246;248;242m██[38;2;246;248;242m██[38;2;84;82;79m██[38;2;84;82;79m██                                              
                          [38;2;84;82;79m██[38;2;246;248;242m██[38;2;246;248;242m██[38;2;246;248;242m██[38;2;246;248;242m██[38;2;246;248;242m██[38;2;246;248;242m██[38;2;246;248;242m██[38;2;246;248;242m██[38;2;246;248;242m██[38;2;84;82;79m██[38;2;84;82;79m██                                          
                          [38;2;84;82;79m██[38;2;246;248;242m██[38;2;246;248;242m██[38;2;246;248;242m██[38;2;246;248;242m██[38;2;246;248;242m██[38;2;246;248;242m██[38;2;246;248;242m██[38;2;246;248;242m██[38;2;246;248;242m██[38;2;246;248;242m██[38;2;246;248;242m██[38;2;84;82;79m██                                        
          [38;2;84;82;79m██[38;2;84;82;79m██[38;2;84;82;79m██[38;2;84;82;79m██[38;2;84;82;79m██[38;2;84;82;79m██[38;2;84;82;79m██[38;2;84;82;79m██[38;2;202;203;194m██[38;2;246;248;242m██[38;2;246;248;242m██[38;2;246;248;242m██[38;2;246;248;242m██[38;2;246;248;242m██[38;2;246;248;242m██[38;2;246;248;242m██[38;2;246;248;242m██[38;2;246;248;242m██[38;2;246;248;242m██[38;2;246;248;242m██[38;2;246;248;242m██[38;2;84;82;79m██                                      
        [38;2;84;82;79m██[38;2;246;248;242m██[38;2;246;248;242m██[38;2;246;248;242m██[38;2;246;248;242m██[38;2;246;248;242m██[38;2;246;248;242m██[38;2;202;203;194m██[38;2;151;148;140m██[38;2;151;148;140m██[38;2;151;148;140m██[38;2;135;206;105m██[38;2;135;206;105m██[38;2;202;203;194m██[38;2;246;248;242m██[38;2;246;248;242m██[38;2;246;248;242m██[38;2;246;248;242m██[38;2;246;248;242m██[38;2;246;248;242m██[38;2;246;248;242m██[38;2;246;248;242m██[38;2;246;248;242m██[38;2;84;82;79m██                                    
      [38;2;84;82;79m██[38;2;151;148;140m██[38;2;151;148;140m██[38;2;151;148;140m██[38;2;151;148;140m██[38;2;202;203;194m██[38;2;202;203;194m██[38;2;246;248;242m██[38;2;246;248;242m██[38;2;246;248;242m██[38;2;246;248;242m██[38;2;202;203;194m██[38;2;151;148;140m██[38;2;151;148;140m██[38;2;135;206;105m██[38;2;135;206;105m██[38;2;202;203;194m██[38;2;246;248;242m██[38;2;246;248;242m██[38;2;246;248;242m██[38;2;246;248;242m██[38;2;246;248;242m██[38;2;246;248;242m██[38;2;246;248;242m██[38;2;202;203;194m██[38;2;84;82;79m██                                  
      [38;2;84;82;79m██[38;2;202;203;194m██[38;2;202;203;194m██[38;2;202;203;194m██[38;2;202;203;194m██[38;2;202;203;194m██[38;2;202;203;194m██[38;2;151;148;140m██[38;2;151;148;140m██[38;2;151;148;140m██[38;2;202;203;194m██[38;2;246;248;242m██[38;2;246;248;242m██[38;2;202;203;194m██[38;2;151;148;140m██[38;2;151;148;140m██[38;2;135;206;105m██[38;2;135;206;105m██[38;2;246;248;242m██[38;2;246;248;242m██[38;2;246;248;242m██[38;2;246;248;242m██[38;2;246;248;242m██[38;2;202;203;194m██[38;2;202;203;194m██[38;2;7;7;7m██                                  
      [38;2;84;82;79m██[38;2;202;203;194m██[38;2;202;203;194m██[38;2;202;203;194m██[38;2;202;203;194m██[38;2;202;203;194m██[38;2;202;203;194m██[38;2;202;203;194m██[38;2;202;203;194m██[38;2;202;203;194m██[38;2;151;148;140m██[38;2;151;148;140m██[38;2;202;203;194m██[38;2;246;248;242m██[38;2;246;248;242m██[38;2;202;203;194m██[38;2;151;148;140m██[38;2;151;148;140m██[38;2;135;206;105m██[38;2;246;248;242m██[38;2;246;248;242m██[38;2;202;203;194m██[38;2;246;248;242m██[38;2;202;203;194m██[38;2;202;203;194m██[38;2;202;203;194m██[38;2;7;7;7m██                                
        [38;2;7;7;7m██[38;2;202;203;194m██[38;2;202;203;194m██[38;2;202;203;194m██[38;2;202;203;194m██[38;2;202;203;194m██[38;2;202;203;194m██[38;2;202;203;194m██[38;2;202;203;194m██[38;2;202;203;194m██[38;2;202;203;194m██[38;2;151;148;140m██[38;2;151;148;140m██[38;2;202;203;194m██[38;2;246;248;242m██[38;2;246;248;242m██[38;2;202;203;194m██[38;2;151;148;140m██[38;2;135;206;105m██[38;2;202;203;194m██[38;2;246;248;242m██[38;2;202;203;194m██[38;2;246;248;242m██[38;2;202;203;194m██[38;2;202;203;194m██[38;2;7;7;7m██                                
        [38;2;7;7;7m██[38;2;202;203;194m██[38;2;202;203;194m██[38;2;202;203;194m██[38;2;202;203;194m██[38;2;50;93;40m██[38;2;84;142;67m██[38;2;84;142;67m██[38;2;151;148;140m██[38;2;202;203;194m██[38;2;202;203;194m██[38;2;202;203;194m██[38;2;202;203;194m██[38;2;202;203;194m██[38;2;202;203;194m██[38;2;202;203;194m██[38;2;246;248;242m██[38;2;202;203;194m██[38;2;151;148;140m██[38;2;135;206;105m██[38;2;202;203;194m██[38;2;246;248;242m██[38;2;202;203;194m██[38;2;202;203;194m██[38;2;202;203;194m██[38;2;7;7;7m██                                
          [38;2;7;7;7m██[38;2;202;203;194m██[38;2;202;203;194m██[38;2;50;93;40m██[38;2;135;206;105m██[38;2;135;206;105m██[38;2;84;142;67m██[38;2;84;142;67m██[38;2;50;93;40m██[38;2;202;203;194m██[38;2;202;203;194m██[38;2;202;203;194m██[38;2;202;203;194m██[38;2;202;203;194m██[38;2;202;203;194m██[38;2;151;148;140m██[38;2;246;248;242m██[38;2;202;203;194m██[38;2;84;82;79m██[38;2;202;203;194m██[38;2;202;203;194m██[38;2;202;203;194m██[38;2;202;203;194m██[38;2;202;203;194m██[38;2;7;7;7m██                                
            [38;2;7;7;7m██[38;2;151;148;140m██[38;2;50;93;40m██[38;2;135;206;105m██[38;2;135;206;105m██[38;2;84;142;67m██[38;2;50;93;40m██[38;2;50;48;47m██[38;2;41;58;71m██[38;2;41;58;71m██[38;2;41;58;71m██[38;2;41;58;71m██[38;2;202;203;194m██[38;2;202;203;194m██[38;2;202;203;194m██[38;2;151;148;140m██[38;2;202;203;194m██[38;2;202;203;194m██[38;2;84;82;79m██[38;2;202;203;194m██[38;2;202;203;194m██[38;2;7;7;7m██[38;2;7;7;7m██                                  
        [38;2;41;58;71m██[38;2;41;58;71m██  [38;2;7;7;7m██[38;2;50;93;40m██[38;2;135;206;105m██[38;2;84;142;67m██[38;2;50;93;40m██[38;2;50;48;47m██[38;2;41;58;71m██[38;2;59;103;125m██[38;2;59;103;125m██[38;2;59;103;125m██[38;2;59;103;125m██[38;2;41;58;71m██[38;2;202;203;194m██[38;2;202;203;194m██[38;2;202;203;194m██[38;2;84;82;79m██[38;2;202;203;194m██[38;2;202;203;194m██[38;2;84;82;79m██[38;2;7;7;7m██                                      
        [38;2;41;58;71m██[38;2;59;103;125m██[38;2;41;58;71m██  [38;2;7;7;7m██[38;2;84;142;67m██[38;2;50;93;40m██[38;2;50;48;47m██[38;2;41;58;71m██[38;2;59;103;125m██[38;2;59;103;125m██[38;2;59;103;125m██[38;2;41;58;71m██[38;2;41;58;71m██[38;2;7;7;7m██[38;2;202;203;194m██[38;2;202;203;194m██[38;2;202;203;194m██[38;2;202;203;194m██[38;2;84;82;79m██[38;2;202;203;194m██[38;2;151;148;140m██[38;2;7;7;7m██                                      
          [38;2;41;58;71m██[38;2;41;58;71m██[38;2;50;48;47m██[38;2;50;48;47m██[38;2;50;93;40m██[38;2;50;48;47m██[38;2;88;86;85m██[38;2;41;58;71m██[38;2;41;58;71m██[38;2;248;248;248m██[38;2;235;95;78m██[38;2;248;248;248m██[38;2;202;203;194m██[38;2;7;7;7m██[38;2;202;203;194m██[38;2;202;203;194m██[38;2;151;148;140m██[38;2;202;203;194m██[38;2;151;148;140m██[38;2;151;148;140m██[38;2;202;203;194m██[38;2;7;7;7m██                                      
            [38;2;50;48;47m██[38;2;88;86;85m██[38;2;88;86;85m██[38;2;88;86;85m██[38;2;88;86;85m██[38;2;88;86;85m██[38;2;88;86;85m██[38;2;88;86;85m██[38;2;50;48;47m██[38;2;248;248;248m██[38;2;202;203;194m██[38;2;50;48;47m██[38;2;7;7;7m██[38;2;202;203;194m██[38;2;202;203;194m██[38;2;151;148;140m██[38;2;202;203;194m██[38;2;202;203;194m██[38;2;151;148;140m██[38;2;151;148;140m██[38;2;151;148;140m██[38;2;7;7;7m██                                    
              [38;2;7;7;7m██[38;2;88;86;85m██[38;2;88;86;85m██[38;2;88;86;85m██[38;2;88;86;85m██[38;2;88;86;85m██[38;2;88;86;85m██[38;2;88;86;85m██[38;2;50;48;47m██[38;2;50;48;47m██[38;2;50;48;47m██[38;2;7;7;7m██[38;2;202;203;194m██[38;2;202;203;194m██[38;2;151;148;140m██[38;2;151;148;140m██[38;2;202;203;194m██[38;2;202;203;194m██[38;2;84;82;79m██[38;2;151;148;140m██[38;2;7;7;7m██                                    
                [38;2;7;7;7m██[38;2;50;48;47m██[38;2;88;86;85m██[38;2;88;86;85m██[38;2;88;86;85m██[38;2;88;86;85m██[38;2;88;86;85m██[38;2;50;48;47m██[38;2;50;48;47m██[38;2;50;48;47m██[38;2;7;7;7m██[38;2;202;203;194m██[38;2;202;203;194m██[38;2;202;203;194m██[38;2;84;82;79m██[38;2;151;148;140m██[38;2;202;203;194m██[38;2;84;82;79m██[38;2;84;82;79m██[38;2;151;148;140m██[38;2;7;7;7m██                                  
                  [38;2;7;7;7m██[38;2;7;7;7m██[38;2;50;48;47m██[38;2;50;48;47m██[38;2;50;48;47m██[38;2;50;48;47m██[38;2;50;48;47m██[38;2;50;48;47m██[38;2;50;48;47m██[38;2;84;82;79m██[38;2;246;248;242m██[38;2;202;203;194m██[38;2;202;203;194m██[38;2;84;82;79m██[38;2;151;148;140m██[38;2;151;148;140m██[38;2;151;148;140m██[38;2;84;82;79m██[38;2;151;148;140m██[38;2;7;7;7m██                                  
                    [38;2;7;7;7m██[38;2;7;7;7m██[38;2;7;7;7m██[38;2;7;7;7m██[38;2;7;7;7m██[38;2;50;48;47m██[38;2;50;48;47m██[38;2;50;48;47m██[38;2;84;82;79m██[38;2;246;248;242m██[38;2;246;248;242m██[38;2;246;248;242m██[38;2;151;148;140m██[38;2;7;7;7m██[38;2;151;148;140m██[38;2;151;148;140m██[38;2;84;82;79m██[38;2;151;148;140m██[38;2;7;7;7m██                                  
                    [38;2;7;7;7m██[38;2;151;148;140m██[38;2;7;7;7m██[38;2;50;48;47m██[38;2;50;48;47m██[38;2;50;48;47m██[38;2;50;48;47m██[38;2;50;48;47m██[38;2;84;82;79m██[38;2;246;248;242m██[38;2;246;248;242m██[38;2;246;248;242m██[38;2;202;203;194m██[38;2;7;7;7m██[38;2;151;148;140m██[38;2;151;148;140m██[38;2;151;148;140m██[38;2;7;7;7m██                                    
                    [38;2;7;7;7m██[38;2;202;203;194m██[38;2;202;203;194m██[38;2;7;7;7m██[38;2;7;7;7m██[38;2;50;48;47m██[38;2;50;48;47m██[38;2;50;48;47m██[38;2;84;82;79m██[38;2;246;248;242m██[38;2;246;248;242m██[38;2;246;248;242m██[38;2;246;248;242m██[38;2;7;7;7m██[38;2;7;7;7m██[38;2;7;7;7m██[38;2;7;7;7m██                                      
                    [38;2;84;82;79m██[38;2;246;248;242m██[38;2;202;203;194m██[38;2;151;148;140m██[38;2;151;148;140m██[38;2;7;7;7m██[38;2;50;48;47m██[38;2;50;48;47m██[38;2;84;82;79m██[38;2;246;248;242m██[38;2;246;248;242m██[38;2;246;248;242m██[38;2;246;248;242m██[38;2;7;7;7m██                                            
                  [38;2;84;82;79m██[38;2;246;248;242m██[38;2;246;248;242m██[38;2;202;203;194m██[38;2;151;148;140m██[38;2;151;148;140m██[38;2;7;7;7m██[38;2;50;48;47m██[38;2;50;48;47m██[38;2;84;82;79m██[38;2;202;203;194m██[38;2;246;248;242m██[38;2;246;248;242m██[38;2;246;248;242m██[38;2;202;203;194m██[38;2;7;7;7m██                            [38;2;50;93;40m██[38;2;50;93;40m██[38;2;50;93;40m██[38;2;50;93;40m██      
                  [38;2;84;82;79m██[38;2;246;248;242m██[38;2;246;248;242m██[38;2;202;203;194m██[38;2;151;148;140m██[38;2;7;7;7m██[38;2;50;48;47m██[38;2;50;48;47m██[38;2;50;48;47m██[38;2;84;82;79m██[38;2;202;203;194m██[38;2;246;248;242m██[38;2;246;248;242m██[38;2;246;248;242m██[38;2;246;248;242m██[38;2;7;7;7m██                          [38;2;50;93;40m██[38;2;135;206;105m██[38;2;135;206;105m██[38;2;135;206;105m██[38;2;135;206;105m██[38;2;50;93;40m██    
                  [38;2;84;82;79m██[38;2;246;248;242m██[38;2;246;248;242m██[38;2;202;203;194m██[38;2;50;93;40m██[38;2;50;93;40m██[38;2;50;93;40m██[38;2;50;93;40m██[38;2;50;93;40m██[38;2;84;82;79m██[38;2;202;203;194m██[38;2;246;248;242m██[38;2;246;248;242m██[38;2;246;248;242m██[38;2;246;248;242m██[38;2;7;7;7m██                          [38;2;50;93;40m██[38;2;135;206;105m██[38;2;135;206;105m██[38;2;135;206;105m██[38;2;135;206;105m██[38;2;135;206;105m██[38;2;50;93;40m██  
                [38;2;84;82;79m██[38;2;246;248;242m██[38;2;246;248;242m██[38;2;246;248;242m██[38;2;50;93;40m██[38;2;135;206;105m██[38;2;135;206;105m██[38;2;135;206;105m██[38;2;135;206;105m██[38;2;135;206;105m██[38;2;84;82;79m██[38;2;202;203;194m██[38;2;246;248;242m██[38;2;246;248;242m██[38;2;246;248;242m██[38;2;246;248;242m██[38;2;202;203;194m██[38;2;7;7;7m██                        [38;2;50;93;40m██[38;2;135;206;105m██[38;2;135;206;105m██[38;2;135;206;105m██[38;2;135;206;105m██[38;2;135;206;105m██[38;2;84;142;67m██[38;2;50;93;40m██
                [38;2;84;82;79m██[38;2;246;248;242m██[38;2;246;248;242m██[38;2;246;248;242m██[38;2;50;93;40m██[38;2;135;206;105m██[38;2;135;206;105m██[38;2;135;206;105m██[38;2;135;206;105m██[38;2;135;206;105m██[38;2;84;82;79m██[38;2;202;203;194m██[38;2;246;248;242m██[38;2;246;248;242m██[38;2;246;248;242m██[38;2;246;248;242m██[38;2;246;248;242m██[38;2;7;7;7m██                      [38;2;50;93;40m██[38;2;135;206;105m██[38;2;135;206;105m██[38;2;135;206;105m██[38;2;135;206;105m██[38;2;84;142;67m██[38;2;84;142;67m██[38;2;84;142;67m██[38;2;50;93;40m██
                [38;2;84;82;79m██[38;2;246;248;242m██[38;2;246;248;242m██[38;2;202;203;194m██[38;2;50;93;40m██[38;2;135;206;105m██[38;2;135;206;105m██[38;2;84;142;67m██[38;2;84;142;67m██[38;2;84;142;67m██[38;2;84;82;79m██[38;2;202;203;194m██[38;2;246;248;242m██[38;2;246;248;242m██[38;2;246;248;242m██[38;2;246;248;242m██[38;2;246;248;242m██[38;2;7;7;7m██                    [38;2;50;93;40m██[38;2;135;206;105m██[38;2;135;206;105m██[38;2;135;206;105m██[38;2;135;206;105m██[38;2;84;142;67m██[38;2;84;142;67m██[38;2;84;142;67m██[38;2;84;142;67m██[38;2;50;93;40m██
              [38;2;84;82;79m██[38;2;246;248;242m██[38;2;246;248;242m██[38;2;246;248;242m██[38;2;50;93;40m██[38;2;135;206;105m██[38;2;135;206;105m██[38;2;84;142;67m██[38;2;246;248;242m██[38;2;246;248;242m██[38;2;202;203;194m██[38;2;84;82;79m██[38;2;151;148;140m██[38;2;246;248;242m██[38;2;246;248;242m██[38;2;246;248;242m██[38;2;246;248;242m██[38;2;246;248;242m██[38;2;202;203;194m██[38;2;7;7;7m██                [38;2;50;93;40m██[38;2;135;206;105m██[38;2;135;206;105m██[38;2;135;206;105m██[38;2;135;206;105m██[38;2;84;142;67m██[38;2;84;142;67m██[38;2;84;142;67m██[38;2;7;7;7m██[38;2;7;7;7m██  
              [38;2;84;82;79m██[38;2;246;248;242m██[38;2;246;248;242m██[38;2;202;203;194m██[38;2;50;93;40m██[38;2;135;206;105m██[38;2;135;206;105m██[38;2;202;203;194m██[38;2;246;248;242m██[38;2;246;248;242m██[38;2;246;248;242m██[38;2;84;82;79m██[38;2;151;148;140m██[38;2;246;248;242m██[38;2;246;248;242m██[38;2;246;248;242m██[38;2;246;248;242m██[38;2;246;248;242m██[38;2;246;248;242m██[38;2;7;7;7m██            [38;2;50;93;40m██[38;2;50;93;40m██[38;2;135;206;105m██[38;2;135;206;105m██[38;2;135;206;105m██[38;2;135;206;105m██[38;2;84;142;67m██[38;2;84;142;67m██[38;2;84;142;67m██[38;2;7;7;7m██      
              [38;2;84;82;79m██[38;2;246;248;242m██[38;2;246;248;242m██[38;2;50;93;40m██[38;2;135;206;105m██[38;2;135;206;105m██[38;2;84;142;67m██[38;2;246;248;242m██[38;2;246;248;242m██[38;2;246;248;242m██[38;2;246;248;242m██[38;2;202;203;194m██[38;2;151;148;140m██[38;2;246;248;242m██[38;2;246;248;242m██[38;2;246;248;242m██[38;2;246;248;242m██[38;2;246;248;242m██[38;2;246;248;242m██[38;2;7;7;7m██          [38;2;50;93;40m██[38;2;135;206;105m██[38;2;135;206;105m██[38;2;135;206;105m██[38;2;135;206;105m██[38;2;135;206;105m██[38;2;84;142;67m██[38;2;84;142;67m██[38;2;84;142;67m██[38;2;7;7;7m██        
            [38;2;84;82;79m██[38;2;246;248;242m██[38;2;246;248;242m██[38;2;202;203;194m██[38;2;50;93;40m██[38;2;135;206;105m██[38;2;135;206;105m██[38;2;84;142;67m██[38;2;246;248;242m██[38;2;246;248;242m██[38;2;246;248;242m██[38;2;246;248;242m██[38;2;202;203;194m██[38;2;151;148;140m██[38;2;246;248;242m██[38;2;246;248;242m██[38;2;246;248;242m██[38;2;246;248;242m██[38;2;246;248;242m██[38;2;246;248;242m██[38;2;202;203;194m██[38;2;7;7;7m██      [38;2;7;7;7m██[38;2;50;93;40m██[38;2;50;93;40m██[38;2;84;142;67m██[38;2;135;206;105m██[38;2;135;206;105m██[38;2;84;142;67m██[38;2;84;142;67m██[38;2;84;142;67m██[38;2;7;7;7m██          
            [38;2;84;82;79m██[38;2;246;248;242m██[38;2;246;248;242m██[38;2;50;93;40m██[38;2;135;206;105m██[38;2;135;206;105m██[38;2;135;206;105m██[38;2;202;203;194m██[38;2;246;248;242m██[38;2;246;248;242m██[38;2;246;248;242m██[38;2;246;248;242m██[38;2;246;248;242m██[38;2;151;148;140m██[38;2;246;248;242m██[38;2;246;248;242m██[38;2;246;248;242m██[38;2;246;248;242m██[38;2;246;248;242m██[38;2;246;248;242m██[38;2;246;248;242m██[38;2;7;7;7m██      [38;2;7;7;7m██[38;2;84;142;67m██[38;2;84;142;67m██[38;2;84;142;67m██[38;2;50;93;40m██[38;2;135;206;105m██[38;2;84;142;67m██[38;2;84;142;67m██[38;2;84;142;67m██[38;2;7;7;7m██          
            [38;2;84;82;79m██[38;2;246;248;242m██[38;2;202;203;194m██[38;2;50;93;40m██[38;2;135;206;105m██[38;2;135;206;105m██[38;2;84;142;67m██[38;2;246;248;242m██[38;2;246;248;242m██[38;2;246;248;242m██[38;2;246;248;242m██[38;2;246;248;242m██[38;2;246;248;242m██[38;2;84;82;79m██[38;2;246;248;242m██[38;2;246;248;242m██[38;2;246;248;242m██[38;2;246;248;242m██[38;2;246;248;242m██[38;2;246;248;242m██[38;2;246;248;242m██[38;2;7;7;7m██      [38;2;7;7;7m██[38;2;84;142;67m██[38;2;84;142;67m██[38;2;84;142;67m██[38;2;84;142;67m██[38;2;50;93;40m██[38;2;84;142;67m██[38;2;84;142;67m██[38;2;84;142;67m██[38;2;7;7;7m██          
          [38;2;84;82;79m██[38;2;246;248;242m██[38;2;246;248;242m██[38;2;50;93;40m██[38;2;135;206;105m██[38;2;135;206;105m██[38;2;135;206;105m██[38;2;84;142;67m██[38;2;246;248;242m██[38;2;246;248;242m██[38;2;246;248;242m██[38;2;246;248;242m██[38;2;246;248;242m██[38;2;246;248;242m██[38;2;84;82;79m██[38;2;246;248;242m██[38;2;246;248;242m██[38;2;246;248;242m██[38;2;246;248;242m██[38;2;246;248;242m██[38;2;246;248;242m██[38;2;246;248;242m██[38;2;202;203;194m██[38;2;7;7;7m██[38;2;84;82;79m██[38;2;84;82;79m██[38;2;84;82;79m██[38;2;84;142;67m██[38;2;84;142;67m██[38;2;84;142;67m██[38;2;84;142;67m██[38;2;84;142;67m██[38;2;50;93;40m██[38;2;84;142;67m██[38;2;7;7;7m██            
          [38;2;84;82;79m██[38;2;246;248;242m██[38;2;246;248;242m██[38;2;50;93;40m██[38;2;135;206;105m██[38;2;135;206;105m██[38;2;135;206;105m██[38;2;84;142;67m██[38;2;246;248;242m██[38;2;246;248;242m██[38;2;246;248;242m██[38;2;246;248;242m██[38;2;246;248;242m██[38;2;246;248;242m██[38;2;84;82;79m██[38;2;246;248;242m██[38;2;246;248;242m██[38;2;246;248;242m██[38;2;246;248;242m██[38;2;246;248;242m██[38;2;246;248;242m██[38;2;246;248;242m██[38;2;246;248;242m██[38;2;7;7;7m██[38;2;202;203;194m██[38;2;246;248;242m██[38;2;246;248;242m██[38;2;151;148;140m██[38;2;84;82;79m██[38;2;84;142;67m██[38;2;84;142;67m██[38;2;84;142;67m██[38;2;50;93;40m██[38;2;84;142;67m██[38;2;7;7;7m██            
        [38;2;84;82;79m██[38;2;246;248;242m██[38;2;246;248;242m██[38;2;202;203;194m██[38;2;50;93;40m██[38;2;135;206;105m██[38;2;135;206;105m██[38;2;135;206;105m██[38;2;84;142;67m██[38;2;246;248;242m██[38;2;246;248;242m██[38;2;246;248;242m██[38;2;246;248;242m██[38;2;246;248;242m██[38;2;246;248;242m██[38;2;84;82;79m██[38;2;246;248;242m██[38;2;246;248;242m██[38;2;246;248;242m██[38;2;246;248;242m██[38;2;246;248;242m██[38;2;246;248;242m██[38;2;202;203;194m██[38;2;135;206;105m██[38;2;135;206;105m██[38;2;7;7;7m██[38;2;246;248;242m██[38;2;246;248;242m██[38;2;246;248;242m██[38;2;246;248;242m██[38;2;84;82;79m██[38;2;84;142;67m██[38;2;84;142;67m██[38;2;84;142;67m██[38;2;7;7;7m██              
        [38;2;84;82;79m██[38;2;246;248;242m██[38;2;246;248;242m██[38;2;50;93;40m██[38;2;135;206;105m██[38;2;135;206;105m██[38;2;135;206;105m██[38;2;135;206;105m██[38;2;84;142;67m██[38;2;246;248;242m██[38;2;246;248;242m██[38;2;246;248;242m██[38;2;246;248;242m██[38;2;246;248;242m██[38;2;246;248;242m██[38;2;84;82;79m██[38;2;246;248;242m██[38;2;246;248;242m██[38;2;246;248;242m██[38;2;202;203;194m██[38;2;135;206;105m██[38;2;135;206;105m██[38;2;135;206;105m██[38;2;135;206;105m██[38;2;135;206;105m██[38;2;7;7;7m██[38;2;246;248;242m██[38;2;246;248;242m██[38;2;246;248;242m██[38;2;246;248;242m██[38;2;202;203;194m██[38;2;84;82;79m██[38;2;7;7;7m██[38;2;7;7;7m██[38;2;7;7;7m██              
      [38;2;50;93;40m██[38;2;135;206;105m██[38;2;202;203;194m██[38;2;202;203;194m██[38;2;50;93;40m██[38;2;135;206;105m██[38;2;135;206;105m██[38;2;135;206;105m██[38;2;135;206;105m██[38;2;84;142;67m██[38;2;246;248;242m██[38;2;246;248;242m██[38;2;246;248;242m██[38;2;246;248;242m██[38;2;246;248;242m██[38;2;246;248;242m██[38;2;50;93;40m██[38;2;135;206;105m██[38;2;135;206;105m██[38;2;135;206;105m██[38;2;135;206;105m██[38;2;135;206;105m██[38;2;135;206;105m██[38;2;135;206;105m██[38;2;135;206;105m██[38;2;84;142;67m██[38;2;7;7;7m██[38;2;202;203;194m██[38;2;246;248;242m██[38;2;246;248;242m██[38;2;246;248;242m██[38;2;246;248;242m██[38;2;84;82;79m██[38;2;7;7;7m██                  
      [38;2;50;93;40m██[38;2;135;206;105m██[38;2;135;206;105m██[38;2;135;206;105m██[38;2;50;93;40m██[38;2;135;206;105m██[38;2;135;206;105m██[38;2;135;206;105m██[38;2;135;206;105m██[38;2;202;203;194m██[38;2;246;248;242m██[38;2;246;248;242m██[38;2;246;248;242m██[38;2;246;248;242m██[38;2;246;248;242m██[38;2;246;248;242m██[38;2;50;93;40m██[38;2;135;206;105m██[38;2;135;206;105m██[38;2;135;206;105m██[38;2;135;206;105m██[38;2;135;206;105m██[38;2;135;206;105m██[38;2;135;206;105m██[38;2;135;206;105m██[38;2;7;7;7m██[38;2;50;48;47m██[38;2;151;148;140m██[38;2;246;248;242m██[38;2;246;248;242m██[38;2;246;248;242m██[38;2;246;248;242m██[38;2;202;203;194m██[38;2;7;7;7m██                  
        [38;2;50;93;40m██[38;2;135;206;105m██[38;2;135;206;105m██[38;2;50;93;40m██[38;2;135;206;105m██[38;2;135;206;105m██[38;2;135;206;105m██[38;2;84;142;67m██[38;2;246;248;242m██[38;2;246;248;242m██[38;2;246;248;242m██[38;2;246;248;242m██[38;2;246;248;242m██[38;2;246;248;242m██[38;2;246;248;242m██[38;2;202;203;194m██[38;2;50;93;40m██[38;2;84;142;67m██[38;2;135;206;105m██[38;2;135;206;105m██[38;2;135;206;105m██[38;2;135;206;105m██[38;2;135;206;105m██[38;2;84;142;67m██[38;2;7;7;7m██[38;2;50;48;47m██[38;2;84;82;79m██[38;2;202;203;194m██[38;2;246;248;242m██[38;2;246;248;242m██[38;2;202;203;194m██[38;2;202;203;194m██[38;2;7;7;7m██                  
          [38;2;50;93;40m██[38;2;135;206;105m██[38;2;84;82;79m██[38;2;84;142;67m██[38;2;135;206;105m██[38;2;84;142;67m██[38;2;246;248;242m██[38;2;246;248;242m██[38;2;246;248;242m██[38;2;246;248;242m██[38;2;246;248;242m██[38;2;246;248;242m██[38;2;246;248;242m██[38;2;202;203;194m██[38;2;202;203;194m██[38;2;202;203;194m██[38;2;50;93;40m██[38;2;50;93;40m██[38;2;135;206;105m██[38;2;135;206;105m██[38;2;135;206;105m██[38;2;135;206;105m██[38;2;84;142;67m██[38;2;7;7;7m██[38;2;50;48;47m██[38;2;50;48;47m██[38;2;202;203;194m██[38;2;246;248;242m██[38;2;246;248;242m██[38;2;246;248;242m██[38;2;202;203;194m██[38;2;7;7;7m██                  
          [38;2;50;93;40m██[38;2;135;206;105m██[38;2;84;82;79m██[38;2;202;203;194m██[38;2;84;142;67m██[38;2;246;248;242m██[38;2;246;248;242m██[38;2;246;248;242m██[38;2;246;248;242m██[38;2;246;248;242m██[38;2;246;248;242m██[38;2;246;248;242m██[38;2;202;203;194m██[38;2;246;248;242m██[38;2;202;203;194m██[38;2;202;203;194m██[38;2;202;203;194m██[38;2;202;203;194m██[38;2;50;93;40m██[38;2;135;206;105m██[38;2;135;206;105m██[38;2;135;206;105m██[38;2;135;206;105m██[38;2;84;142;67m██[38;2;7;7;7m██[38;2;50;48;47m██[38;2;202;203;194m██[38;2;246;248;242m██[38;2;246;248;242m██[38;2;202;203;194m██[38;2;202;203;194m██[38;2;7;7;7m██                  
        [38;2;50;93;40m██[38;2;135;206;105m██[38;2;135;206;105m██[38;2;7;7;7m██[38;2;202;203;194m██[38;2;202;203;194m██[38;2;246;248;242m██[38;2;246;248;242m██[38;2;246;248;242m██[38;2;246;248;242m██[38;2;246;248;242m██[38;2;246;248;242m██[38;2;202;203;194m██[38;2;246;248;242m██[38;2;202;203;194m██[38;2;202;203;194m██[38;2;202;203;194m██[38;2;202;203;194m██[38;2;202;203;194m██[38;2;50;93;40m██[38;2;135;206;105m██[38;2;135;206;105m██[38;2;135;206;105m██[38;2;135;206;105m██[38;2;135;206;105m██[38;2;7;7;7m██[38;2;50;48;47m██[38;2;246;248;242m██[38;2;246;248;242m██[38;2;202;203;194m██[38;2;246;248;242m██[38;2;202;203;194m██[38;2;7;7;7m██                  
        [38;2;50;93;40m██[38;2;50;93;40m██[38;2;135;206;105m██[38;2;84;142;67m██[38;2;7;7;7m██[38;2;202;203;194m██[38;2;202;203;194m██[38;2;246;248;242m██[38;2;246;248;242m██[38;2;202;203;194m██[38;2;246;248;242m██[38;2;202;203;194m██[38;2;246;248;242m██[38;2;202;203;194m██[38;2;202;203;194m██[38;2;202;203;194m██[38;2;202;203;194m██[38;2;202;203;194m██[38;2;202;203;194m██[38;2;50;93;40m██[38;2;135;206;105m██[38;2;135;206;105m██[38;2;135;206;105m██[38;2;135;206;105m██[38;2;135;206;105m██[38;2;84;142;67m██[38;2;7;7;7m██[38;2;246;248;242m██[38;2;246;248;242m██[38;2;202;203;194m██[38;2;202;203;194m██[38;2;202;203;194m██[38;2;7;7;7m██                  
            [38;2;7;7;7m██[38;2;7;7;7m██[38;2;7;7;7m██[38;2;151;148;140m██[38;2;202;203;194m██[38;2;202;203;194m██[38;2;202;203;194m██[38;2;246;248;242m██[38;2;202;203;194m██[38;2;246;248;242m██[38;2;202;203;194m██[38;2;202;203;194m██[38;2;202;203;194m██[38;2;151;148;140m██[38;2;202;203;194m██[38;2;202;203;194m██[38;2;202;203;194m██[38;2;50;93;40m██[38;2;135;206;105m██[38;2;135;206;105m██[38;2;135;206;105m██[38;2;50;93;40m██[38;2;50;93;40m██[38;2;7;7;7m██[38;2;202;203;194m██[38;2;246;248;242m██[38;2;202;203;194m██[38;2;246;248;242m██[38;2;202;203;194m██[38;2;7;7;7m██                    
                [38;2;7;7;7m██[38;2;84;82;79m██[38;2;151;148;140m██[38;2;202;203;194m██[38;2;202;203;194m██[38;2;202;203;194m██[38;2;202;203;194m██[38;2;202;203;194m██[38;2;202;203;194m██[38;2;202;203;194m██[38;2;151;148;140m██[38;2;84;82;79m██[38;2;202;203;194m██[38;2;202;203;194m██[38;2;202;203;194m██[38;2;50;93;40m██[38;2;50;93;40m██[38;2;50;93;40m██[38;2;50;93;40m██[38;2;202;203;194m██[38;2;84;82;79m██[38;2;202;203;194m██[38;2;202;203;194m██[38;2;202;203;194m██[38;2;246;248;242m██[38;2;202;203;194m██[38;2;202;203;194m██[38;2;7;7;7m██                    
                [38;2;7;7;7m██[38;2;202;203;194m██[38;2;151;148;140m██[38;2;151;148;140m██[38;2;151;148;140m██[38;2;202;203;194m██[38;2;202;203;194m██[38;2;202;203;194m██[38;2;202;203;194m██[38;2;202;203;194m██[38;2;7;7;7m██[38;2;84;82;79m██[38;2;202;203;194m██[38;2;202;203;194m██[38;2;202;203;194m██[38;2;202;203;194m██[38;2;7;7;7m██[38;2;7;7;7m██[38;2;202;203;194m██[38;2;202;203;194m██[38;2;84;82;79m██[38;2;202;203;194m██[38;2;202;203;194m██[38;2;202;203;194m██[38;2;202;203;194m██[38;2;202;203;194m██[38;2;202;203;194m██[38;2;7;7;7m██                    
              [38;2;84;82;79m██[38;2;202;203;194m██[38;2;202;203;194m██[38;2;202;203;194m██[38;2;151;148;140m██[38;2;84;82;79m██[38;2;7;7;7m██[38;2;7;7;7m██[38;2;7;7;7m██[38;2;7;7;7m██[38;2;7;7;7m██  [38;2;84;82;79m██[38;2;202;203;194m██[38;2;202;203;194m██[38;2;202;203;194m██[38;2;202;203;194m██[38;2;7;7;7m██[38;2;7;7;7m██[38;2;202;203;194m██[38;2;202;203;194m██[38;2;84;82;79m██[38;2;202;203;194m██[38;2;202;203;194m██[38;2;202;203;194m██[38;2;202;203;194m██[38;2;202;203;194m██[38;2;202;203;194m██[38;2;151;148;140m██[38;2;7;7;7m██                  
          [38;2;84;82;79m██[38;2;84;82;79m██[38;2;246;248;242m██[38;2;246;248;242m██[38;2;202;203;194m██[38;2;202;203;194m██[38;2;84;82;79m██[38;2;7;7;7m██            [38;2;84;82;79m██[38;2;202;203;194m██[38;2;202;203;194m██[38;2;202;203;194m██[38;2;202;203;194m██[38;2;7;7;7m██[38;2;246;248;242m██[38;2;7;7;7m██[38;2;202;203;194m██[38;2;84;82;79m██[38;2;202;203;194m██[38;2;202;203;194m██[38;2;202;203;194m██[38;2;202;203;194m██[38;2;151;148;140m██[38;2;202;203;194m██[38;2;202;203;194m██[38;2;84;82;79m██[38;2;7;7;7m██                
        [38;2;50;93;40m██[38;2;246;248;242m██[38;2;246;248;242m██[38;2;246;248;242m██[38;2;246;248;242m██[38;2;246;248;242m██[38;2;202;203;194m██[38;2;7;7;7m██              [38;2;7;7;7m██[38;2;202;203;194m██[38;2;202;203;194m██[38;2;202;203;194m██[38;2;246;248;242m██[38;2;202;203;194m██[38;2;7;7;7m██[38;2;246;248;242m██[38;2;7;7;7m██[38;2;84;82;79m██[38;2;202;203;194m██[38;2;202;203;194m██[38;2;202;203;194m██[38;2;151;148;140m██[38;2;202;203;194m██[38;2;202;203;194m██[38;2;202;203;194m██[38;2;202;203;194m██[38;2;7;7;7m██[38;2;7;7;7m██              
        [38;2;50;93;40m██[38;2;246;248;242m██[38;2;246;248;242m██[38;2;246;248;242m██[38;2;246;248;242m██[38;2;202;203;194m██[38;2;202;203;194m██[38;2;202;203;194m██[38;2;7;7;7m██          [38;2;84;82;79m██[38;2;246;248;242m██[38;2;246;248;242m██[38;2;246;248;242m██[38;2;246;248;242m██[38;2;202;203;194m██[38;2;202;203;194m██[38;2;151;148;140m██[38;2;7;7;7m██    [38;2;84;82;79m██[38;2;202;203;194m██[38;2;84;82;79m██[38;2;202;203;194m██[38;2;246;248;242m██[38;2;246;248;242m██[38;2;202;203;194m██[38;2;84;142;67m██[38;2;7;7;7m██[38;2;84;142;67m██[38;2;7;7;7m██            
      [38;2;50;93;40m██[38;2;135;206;105m██[38;2;246;248;242m██[38;2;246;248;242m██[38;2;202;203;194m██[38;2;135;206;105m██[38;2;135;206;105m██[38;2;202;203;194m██[38;2;151;148;140m██[38;2;7;7;7m██          [38;2;84;82;79m██[38;2;246;248;242m██[38;2;246;248;242m██[38;2;246;248;242m██[38;2;135;206;105m██[38;2;135;206;105m██[38;2;84;142;67m██[38;2;84;142;67m██[38;2;7;7;7m██    [38;2;84;82;79m██[38;2;84;82;79m██[38;2;202;203;194m██[38;2;246;248;242m██[38;2;202;203;194m██[38;2;135;206;105m██[38;2;84;142;67m██[38;2;84;142;67m██[38;2;7;7;7m██[38;2;84;142;67m██[38;2;7;7;7m██            
      [38;2;50;93;40m██[38;2;202;203;194m██[38;2;246;248;242m██[38;2;202;203;194m██[38;2;135;206;105m██[38;2;135;206;105m██[38;2;84;142;67m██[38;2;84;142;67m██[38;2;7;7;7m██            [38;2;84;82;79m██[38;2;246;248;242m██[38;2;246;248;242m██[38;2;202;203;194m██[38;2;135;206;105m██[38;2;135;206;105m██[38;2;84;142;67m██[38;2;84;142;67m██[38;2;7;7;7m██      [38;2;50;93;40m██[38;2;246;248;242m██[38;2;246;248;242m██[38;2;135;206;105m██[38;2;135;206;105m██[38;2;84;142;67m██[38;2;84;142;67m██[38;2;7;7;7m██[38;2;84;142;67m██[38;2;84;142;67m██[38;2;7;7;7m██          
    [38;2;50;93;40m██[38;2;135;206;105m██[38;2;202;203;194m██[38;2;202;203;194m██[38;2;135;206;105m██[38;2;135;206;105m██[38;2;135;206;105m██[38;2;84;142;67m██[38;2;84;142;67m██[38;2;7;7;7m██            [38;2;50;93;40m██[38;2;202;203;194m██[38;2;246;248;242m██[38;2;202;203;194m██[38;2;135;206;105m██[38;2;135;206;105m██[38;2;84;142;67m██[38;2;84;142;67m██[38;2;7;7;7m██    [38;2;50;93;40m██[38;2;135;206;105m██[38;2;246;248;242m██[38;2;202;203;194m██[38;2;135;206;105m██[38;2;135;206;105m██[38;2;84;142;67m██[38;2;7;7;7m██[38;2;84;142;67m██[38;2;84;142;67m██[38;2;84;142;67m██[38;2;7;7;7m██          
    [38;2;50;93;40m██[38;2;135;206;105m██[38;2;202;203;194m██[38;2;135;206;105m██[38;2;135;206;105m██[38;2;135;206;105m██[38;2;84;142;67m██[38;2;84;142;67m██[38;2;7;7;7m██              [38;2;50;93;40m██[38;2;135;206;105m██[38;2;246;248;242m██[38;2;135;206;105m██[38;2;135;206;105m██[38;2;135;206;105m██[38;2;84;142;67m██[38;2;84;142;67m██[38;2;7;7;7m██    [38;2;50;93;40m██[38;2;202;203;194m██[38;2;202;203;194m██[38;2;135;206;105m██[38;2;135;206;105m██[38;2;135;206;105m██[38;2;84;142;67m██[38;2;7;7;7m██[38;2;84;142;67m██[38;2;84;142;67m██[38;2;84;142;67m██[38;2;7;7;7m██          
  [38;2;50;93;40m██[38;2;135;206;105m██[38;2;135;206;105m██[38;2;135;206;105m██[38;2;135;206;105m██[38;2;135;206;105m██[38;2;135;206;105m██[38;2;84;142;67m██[38;2;84;142;67m██[38;2;7;7;7m██              [38;2;50;93;40m██[38;2;135;206;105m██[38;2;202;203;194m██[38;2;135;206;105m██[38;2;135;206;105m██[38;2;135;206;105m██[38;2;84;142;67m██[38;2;84;142;67m██[38;2;7;7;7m██  [38;2;50;93;40m██[38;2;135;206;105m██[38;2;135;206;105m██[38;2;135;206;105m██[38;2;135;206;105m██[38;2;135;206;105m██[38;2;84;142;67m██[38;2;84;142;67m██[38;2;7;7;7m██[38;2;84;142;67m██[38;2;84;142;67m██[38;2;7;7;7m██            
  [38;2;50;48;47m██[38;2;50;48;47m██[38;2;50;48;47m██[38;2;84;142;67m██[38;2;135;206;105m██[38;2;135;206;105m██[38;2;84;142;67m██[38;2;84;142;67m██[38;2;7;7;7m██                [38;2;50;93;40m██[38;2;135;206;105m██[38;2;135;206;105m██[38;2;135;206;105m██[38;2;135;206;105m██[38;2;135;206;105m██[38;2;84;142;67m██[38;2;84;142;67m██[38;2;7;7;7m██  [38;2;50;93;40m██[38;2;135;206;105m██[38;2;135;206;105m██[38;2;135;206;105m██[38;2;135;206;105m██[38;2;135;206;105m██[38;2;84;142;67m██[38;2;7;7;7m██[38;2;7;7;7m██[38;2;7;7;7m██[38;2;7;7;7m██              
[38;2;50;48;47m██[38;2;88;86;85m██[38;2;88;86;85m██[38;2;88;86;85m██[38;2;50;48;47m██[38;2;84;142;67m██[38;2;135;206;105m██[38;2;84;142;67m██[38;2;84;142;67m██[38;2;7;7;7m██              [38;2;50;93;40m██[38;2;135;206;105m██[38;2;135;206;105m██[38;2;135;206;105m██[38;2;135;206;105m██[38;2;135;206;105m██[38;2;84;142;67m██[38;2;84;142;67m██[38;2;84;142;67m██[38;2;7;7;7m██  [38;2;50;48;47m██[38;2;50;48;47m██[38;2;7;7;7m██[38;2;135;206;105m██[38;2;135;206;105m██[38;2;84;142;67m██[38;2;84;142;67m██[38;2;7;7;7m██                    
[38;2;50;48;47m██[38;2;88;86;85m██[38;2;88;86;85m██[38;2;50;48;47m██[38;2;50;48;47m██[38;2;7;7;7m██[38;2;7;7;7m██[38;2;7;7;7m██[38;2;7;7;7m██                [38;2;50;93;40m██[38;2;50;48;47m██[38;2;50;48;47m██[38;2;50;48;47m██[38;2;7;7;7m██[38;2;84;142;67m██[38;2;84;142;67m██[38;2;84;142;67m██[38;2;84;142;67m██[38;2;7;7;7m██[38;2;50;48;47m██[38;2;88;86;85m██[38;2;88;86;85m██[38;2;50;48;47m██[38;2;7;7;7m██[38;2;84;142;67m██[38;2;84;142;67m██[38;2;84;142;67m██[38;2;7;7;7m██                    
[38;2;50;48;47m██[38;2;50;48;47m██[38;2;50;48;47m██[38;2;7;7;7m██[38;2;7;7;7m██                        [38;2;50;48;47m██[38;2;88;86;85m██[38;2;88;86;85m██[38;2;88;86;85m██[38;2;50;48;47m██[38;2;7;7;7m██[38;2;84;142;67m██[38;2;84;142;67m██[38;2;84;142;67m██[38;2;7;7;7m██[38;2;50;48;47m██[38;2;50;48;47m██[38;2;50;48;47m██[38;2;7;7;7m██[38;2;50;93;40m██[38;2;7;7;7m██[38;2;7;7;7m██[38;2;7;7;7m██                      
                                  [38;2;50;48;47m██[38;2;88;86;85m██[38;2;88;86;85m██[38;2;50;48;47m██[38;2;50;48;47m██[38;2;7;7;7m██[38;2;7;7;7m██[38;2;7;7;7m██[38;2;7;7;7m██                                        
                                  [38;2;50;48;47m██[38;2;50;48;47m██[38;2;50;48;47m██[38;2;7;7;7m██[38;2;7;7;7m██                                                
