                                                            [38;2;35;37;43m██[38;2;26;26;26m██                          
    [38;2;35;37;43m██[38;2;35;37;43m██                                                  [38;2;35;37;43m██[38;2;121;120;156m██[38;2;83;84;101m██[38;2;26;26;26m██                        
  [38;2;35;37;43m██[38;2;121;120;156m██[38;2;121;120;156m██[38;2;35;37;43m██                                              [38;2;35;37;43m██[38;2;121;120;156m██[38;2;121;120;156m██[38;2;121;120;156m██[38;2;26;26;26m██                        
  [38;2;35;37;43m██[38;2;121;120;156m██[38;2;121;120;156m██[38;2;83;84;101m██[38;2;35;37;43m██                                          [38;2;35;37;43m██[38;2;121;120;156m██[38;2;121;120;156m██[38;2;121;120;156m██[38;2;121;120;156m██[38;2;83;84;101m██[38;2;26;26;26m██                      
[38;2;35;37;43m██[38;2;121;120;156m██[38;2;121;120;156m██[38;2;121;120;156m██[38;2;121;120;156m██[38;2;35;37;43m██                                        [38;2;35;37;43m██[38;2;121;120;156m██[38;2;121;120;156m██[38;2;121;120;156m██[38;2;121;120;156m██[38;2;121;120;156m██[38;2;83;84;101m██[38;2;26;26;26m██                      
[38;2;35;37;43m██[38;2;121;120;156m██[38;2;121;120;156m██[38;2;121;120;156m██[38;2;121;120;156m██[38;2;83;84;101m██[38;2;35;37;43m██                                    [38;2;35;37;43m██[38;2;121;120;156m██[38;2;121;120;156m██[38;2;121;120;156m██[38;2;121;120;156m██[38;2;121;120;156m██[38;2;121;120;156m██[38;2;83;84;101m██[38;2;26;26;26m██                      
[38;2;35;37;43m██[38;2;121;120;156m██[38;2;121;120;156m██[38;2;121;120;156m██[38;2;121;120;156m██[38;2;121;120;156m██[38;2;35;37;43m██      [38;2;67;36;90m██[38;2;67;36;90m██                        [38;2;35;37;43m██[38;2;121;120;156m██[38;2;121;120;156m██[38;2;121;120;156m██[38;2;121;120;156m██[38;2;121;120;156m██[38;2;121;120;156m██[38;2;83;84;101m██[38;2;83;84;101m██[38;2;26;26;26m██                      
[38;2;35;37;43m██[38;2;121;120;156m██[38;2;121;120;156m██[38;2;121;120;156m██[38;2;121;120;156m██[38;2;121;120;156m██[38;2;121;120;156m██[38;2;35;37;43m██  [38;2;67;36;90m██[38;2;160;102;216m██[38;2;67;36;90m██                      [38;2;35;37;43m██[38;2;121;120;156m██[38;2;121;120;156m██[38;2;121;120;156m██[38;2;121;120;156m██[38;2;121;120;156m██[38;2;121;120;156m██[38;2;121;120;156m██[38;2;83;84;101m██[38;2;83;84;101m██[38;2;26;26;26m██                      
[38;2;35;37;43m██[38;2;121;120;156m██[38;2;121;120;156m██[38;2;121;120;156m██[38;2;121;120;156m██[38;2;121;120;156m██[38;2;121;120;156m██[38;2;83;84;101m██[38;2;67;36;90m██[38;2;160;102;216m██[38;2;160;102;216m██[38;2;67;36;90m██[38;2;67;36;90m██[38;2;67;36;90m██[38;2;67;36;90m██[38;2;67;36;90m██[38;2;67;36;90m██[38;2;67;36;90m██[38;2;67;36;90m██      [38;2;35;37;43m██[38;2;121;120;156m██[38;2;121;120;156m██[38;2;121;120;156m██[38;2;121;120;156m██[38;2;121;120;156m██[38;2;121;120;156m██[38;2;121;120;156m██[38;2;121;120;156m██[38;2;83;84;101m██[38;2;83;84;101m██[38;2;26;26;26m██                      
[38;2;35;37;43m██[38;2;121;120;156m██[38;2;121;120;156m██[38;2;121;120;156m██[38;2;121;120;156m██[38;2;121;120;156m██[38;2;121;120;156m██[38;2;121;120;156m██[38;2;67;36;90m██[38;2;160;102;216m██[38;2;119;55;179m██[38;2;67;36;90m██[38;2;160;102;216m██[38;2;160;102;216m██[38;2;160;102;216m██[38;2;160;102;216m██[38;2;160;102;216m██[38;2;160;102;216m██[38;2;119;55;179m██[38;2;67;36;90m██  [38;2;35;37;43m██[38;2;121;120;156m██[38;2;121;120;156m██[38;2;83;84;101m██[38;2;121;120;156m██[38;2;121;120;156m██[38;2;121;120;156m██[38;2;121;120;156m██[38;2;121;120;156m██[38;2;83;84;101m██[38;2;83;84;101m██[38;2;26;26;26m██                        
[38;2;35;37;43m██[38;2;83;84;101m██[38;2;121;120;156m██[38;2;121;120;156m██[38;2;121;120;156m██[38;2;121;120;156m██[38;2;121;120;156m██[38;2;121;120;156m██[38;2;67;36;90m██[38;2;160;102;216m██[38;2;119;55;179m██[38;2;160;102;216m██[38;2;160;102;216m██[38;2;160;102;216m██[38;2;160;102;216m██[38;2;160;102;216m██[38;2;160;102;216m██[38;2;160;102;216m██[38;2;119;55;179m██[38;2;119;55;179m██[38;2;67;36;90m██[38;2;121;120;156m██[38;2;121;120;156m██[38;2;56;56;64m██[38;2;121;120;156m██[38;2;121;120;156m██[38;2;121;120;156m██[38;2;121;120;156m██[38;2;121;120;156m██[38;2;121;120;156m██[38;2;83;84;101m██[38;2;83;84;101m██[38;2;26;26;26m██                        
[38;2;35;37;43m██[38;2;83;84;101m██[38;2;121;120;156m██[38;2;121;120;156m██[38;2;121;120;156m██[38;2;121;120;156m██[38;2;121;120;156m██[38;2;67;36;90m██[38;2;160;102;216m██[38;2;160;102;216m██[38;2;160;102;216m██[38;2;160;102;216m██[38;2;160;102;216m██[38;2;160;102;216m██[38;2;160;102;216m██[38;2;160;102;216m██[38;2;160;102;216m██[38;2;160;102;216m██[38;2;119;55;179m██[38;2;119;55;179m██[38;2;26;26;26m██[38;2;121;120;156m██[38;2;56;56;64m██[38;2;121;120;156m██[38;2;121;120;156m██[38;2;121;120;156m██[38;2;121;120;156m██[38;2;121;120;156m██[38;2;121;120;156m██[38;2;83;84;101m██[38;2;83;84;101m██[38;2;83;84;101m██[38;2;26;26;26m██                        
  [38;2;35;37;43m██[38;2;121;120;156m██[38;2;121;120;156m██[38;2;121;120;156m██[38;2;121;120;156m██[38;2;121;120;156m██[38;2;67;36;90m██[38;2;160;102;216m██[38;2;160;102;216m██[38;2;160;102;216m██[38;2;160;102;216m██[38;2;160;102;216m██[38;2;160;102;216m██[38;2;160;102;216m██[38;2;160;102;216m██[38;2;160;102;216m██[38;2;119;55;179m██[38;2;119;55;179m██[38;2;119;55;179m██[38;2;26;26;26m██[38;2;35;37;43m██[38;2;121;120;156m██[38;2;121;120;156m██[38;2;121;120;156m██[38;2;121;120;156m██[38;2;121;120;156m██[38;2;121;120;156m██[38;2;83;84;101m██[38;2;83;84;101m██[38;2;83;84;101m██[38;2;26;26;26m██                          
  [38;2;35;37;43m██[38;2;83;84;101m██[38;2;121;120;156m██[38;2;121;120;156m██[38;2;121;120;156m██[38;2;56;56;64m██[38;2;67;36;90m██[38;2;119;55;179m██[38;2;160;102;216m██[38;2;160;102;216m██[38;2;160;102;216m██[38;2;160;102;216m██[38;2;160;102;216m██[38;2;160;102;216m██[38;2;119;55;179m██[38;2;119;55;179m██[38;2;119;55;179m██[38;2;119;55;179m██[38;2;119;55;179m██[38;2;26;26;26m██[38;2;83;84;101m██[38;2;83;84;101m██[38;2;83;84;101m██[38;2;121;120;156m██[38;2;121;120;156m██[38;2;121;120;156m██[38;2;83;84;101m██[38;2;83;84;101m██[38;2;83;84;101m██[38;2;83;84;101m██[38;2;26;26;26m██                          
  [38;2;35;37;43m██[38;2;83;84;101m██[38;2;83;84;101m██[38;2;83;84;101m██[38;2;56;56;64m██[38;2;121;120;156m██[38;2;83;84;101m██[38;2;67;36;90m██[38;2;119;55;179m██[38;2;119;55;179m██[38;2;119;55;179m██[38;2;119;55;179m██[38;2;119;55;179m██[38;2;119;55;179m██[38;2;119;55;179m██[38;2;119;55;179m██[38;2;119;55;179m██[38;2;119;55;179m██[38;2;26;26;26m██[38;2;83;84;101m██[38;2;83;84;101m██[38;2;121;120;156m██[38;2;121;120;156m██[38;2;83;84;101m██[38;2;121;120;156m██[38;2;83;84;101m██[38;2;83;84;101m██[38;2;83;84;101m██[38;2;83;84;101m██[38;2;56;56;64m██[38;2;26;26;26m██                          
    [38;2;35;37;43m██[38;2;83;84;101m██[38;2;83;84;101m██[38;2;56;56;64m██[38;2;121;120;156m██[38;2;121;120;156m██[38;2;56;56;64m██[38;2;119;55;179m██[38;2;119;55;179m██[38;2;119;55;179m██[38;2;119;55;179m██[38;2;119;55;179m██[38;2;119;55;179m██[38;2;119;55;179m██[38;2;119;55;179m██[38;2;119;55;179m██[38;2;26;26;26m██[38;2;83;84;101m██[38;2;56;56;64m██[38;2;121;120;156m██[38;2;121;120;156m██[38;2;121;120;156m██[38;2;56;56;64m██[38;2;83;84;101m██[38;2;83;84;101m██[38;2;83;84;101m██[38;2;83;84;101m██[38;2;56;56;64m██[38;2;26;26;26m██                            
    [38;2;35;37;43m██[38;2;56;56;64m██[38;2;83;84;101m██[38;2;83;84;101m██[38;2;121;120;156m██[38;2;121;120;156m██[38;2;83;84;101m██[38;2;67;36;90m██[38;2;26;26;26m██[38;2;119;55;179m██[38;2;119;55;179m██[38;2;119;55;179m██[38;2;119;55;179m██[38;2;119;55;179m██[38;2;26;26;26m██[38;2;26;26;26m██[38;2;83;84;101m██[38;2;56;56;64m██[38;2;83;84;101m██[38;2;121;120;156m██[38;2;121;120;156m██[38;2;83;84;101m██[38;2;56;56;64m██[38;2;83;84;101m██[38;2;83;84;101m██[38;2;83;84;101m██[38;2;56;56;64m██[38;2;26;26;26m██                              
      [38;2;35;37;43m██[38;2;56;56;64m██[38;2;83;84;101m██[38;2;83;84;101m██[38;2;83;84;101m██[38;2;83;84;101m██[38;2;67;36;90m██[38;2;83;84;101m██[38;2;26;26;26m██[38;2;26;26;26m██[38;2;26;26;26m██[38;2;26;26;26m██[38;2;26;26;26m██[38;2;83;84;101m██[38;2;83;84;101m██[38;2;83;84;101m██[38;2;35;37;43m██[38;2;83;84;101m██[38;2;83;84;101m██[38;2;83;84;101m██[38;2;35;37;43m██[38;2;83;84;101m██[38;2;83;84;101m██[38;2;83;84;101m██[38;2;35;37;43m██[38;2;26;26;26m██                                
      [38;2;35;37;43m██[38;2;83;84;101m██[38;2;35;37;43m██[38;2;83;84;101m██[38;2;83;84;101m██[38;2;56;56;64m██[38;2;121;120;156m██[38;2;121;120;156m██[38;2;121;120;156m██[38;2;121;120;156m██[38;2;121;120;156m██[38;2;121;120;156m██[38;2;121;120;156m██[38;2;83;84;101m██[38;2;83;84;101m██[38;2;83;84;101m██[38;2;83;84;101m██[38;2;56;56;64m██[38;2;83;84;101m██[38;2;83;84;101m██[38;2;83;84;101m██[38;2;83;84;101m██[38;2;35;37;43m██[38;2;26;26;26m██[38;2;56;56;64m██[38;2;26;26;26m██                                
        [38;2;35;37;43m██[38;2;83;84;101m██[38;2;35;37;43m██[38;2;56;56;64m██[38;2;121;120;156m██[38;2;121;120;156m██[38;2;121;120;156m██[38;2;121;120;156m██[38;2;121;120;156m██[38;2;121;120;156m██[38;2;121;120;156m██[38;2;121;120;156m██[38;2;121;120;156m██[38;2;83;84;101m██[38;2;83;84;101m██[38;2;83;84;101m██[38;2;83;84;101m██[38;2;56;56;64m██[38;2;56;56;64m██[38;2;35;37;43m██[38;2;35;37;43m██[38;2;83;84;101m██[38;2;83;84;101m██[38;2;26;26;26m██                                  
          [38;2;35;37;43m██[38;2;83;84;101m██[38;2;121;120;156m██[38;2;121;120;156m██[38;2;121;120;156m██[38;2;121;120;156m██[38;2;121;120;156m██[38;2;121;120;156m██[38;2;121;120;156m██[38;2;121;120;156m██[38;2;121;120;156m██[38;2;121;120;156m██[38;2;121;120;156m██[38;2;83;84;101m██[38;2;83;84;101m██[38;2;83;84;101m██[38;2;83;84;101m██[38;2;83;84;101m██[38;2;83;84;101m██[38;2;83;84;101m██[38;2;83;84;101m██[38;2;26;26;26m██                                    
          [38;2;35;37;43m██[38;2;80;97;130m██[38;2;80;97;130m██[38;2;80;97;130m██[38;2;83;84;101m██[38;2;121;120;156m██[38;2;121;120;156m██[38;2;121;120;156m██[38;2;121;120;156m██[38;2;121;120;156m██[38;2;121;120;156m██[38;2;121;120;156m██[38;2;80;97;130m██[38;2;80;97;130m██[38;2;80;97;130m██[38;2;80;97;130m██[38;2;80;97;130m██[38;2;83;84;101m██[38;2;83;84;101m██[38;2;83;84;101m██[38;2;83;84;101m██[38;2;26;26;26m██                                    
          [38;2;35;37;43m██[38;2;60;70;96m██[38;2;235;246;251m██[38;2;56;88;226m██[38;2;60;70;96m██[38;2;80;97;130m██[38;2;121;120;156m██[38;2;121;120;156m██[38;2;121;120;156m██[38;2;121;120;156m██[38;2;121;120;156m██[38;2;56;88;226m██[38;2;122;165;250m██[38;2;56;88;226m██[38;2;219;233;237m██[38;2;122;165;250m██[38;2;60;70;96m██[38;2;83;84;101m██[38;2;83;84;101m██[38;2;83;84;101m██[38;2;26;26;26m██                                      
          [38;2;26;26;26m██[38;2;60;70;96m██[38;2;122;165;250m██[38;2;56;88;226m██[38;2;219;233;237m██[38;2;122;165;250m██[38;2;121;120;156m██[38;2;121;120;156m██[38;2;121;120;156m██[38;2;121;120;156m██[38;2;83;84;101m██[38;2;122;165;250m██[38;2;235;246;251m██[38;2;56;88;226m██[38;2;219;233;237m██[38;2;122;165;250m██[38;2;60;70;96m██[38;2;83;84;101m██[38;2;83;84;101m██[38;2;83;84;101m██[38;2;26;26;26m██                                      
            [38;2;26;26;26m██[38;2;60;70;96m██[38;2;122;165;250m██[38;2;56;88;226m██[38;2;121;120;156m██[38;2;121;120;156m██[38;2;121;120;156m██[38;2;121;120;156m██[38;2;83;84;101m██[38;2;83;84;101m██[38;2;83;84;101m██[38;2;122;165;250m██[38;2;235;246;251m██[38;2;56;88;226m██[38;2;60;70;96m██[38;2;83;84;101m██[38;2;83;84;101m██[38;2;83;84;101m██[38;2;26;26;26m██                                        
            [38;2;26;26;26m██[38;2;83;84;101m██[38;2;60;70;96m██[38;2;80;97;130m██[38;2;119;55;179m██[38;2;119;55;179m██[38;2;83;84;101m██[38;2;83;84;101m██[38;2;83;84;101m██[38;2;83;84;101m██[38;2;83;84;101m██[38;2;80;97;130m██[38;2;60;70;96m██[38;2;60;70;96m██[38;2;83;84;101m██[38;2;83;84;101m██[38;2;83;84;101m██[38;2;26;26;26m██                                          
              [38;2;26;26;26m██[38;2;83;84;101m██[38;2;119;55;179m██[38;2;160;102;216m██[38;2;160;102;216m██[38;2;119;55;179m██[38;2;56;56;64m██[38;2;56;56;64m██[38;2;83;84;101m██[38;2;83;84;101m██[38;2;83;84;101m██[38;2;83;84;101m██[38;2;83;84;101m██[38;2;26;26;26m██[38;2;26;26;26m██[38;2;26;26;26m██[38;2;26;26;26m██                                          
                [38;2;35;37;43m██[38;2;160;102;216m██[38;2;160;102;216m██[38;2;160;102;216m██[38;2;160;102;216m██[38;2;26;26;26m██[38;2;26;26;26m██[38;2;26;26;26m██[38;2;26;26;26m██[38;2;26;26;26m██[38;2;26;26;26m██[38;2;119;55;179m██[38;2;119;55;179m██[38;2;119;55;179m██[38;2;119;55;179m██[38;2;26;26;26m██                                          
                [38;2;35;37;43m██[38;2;160;102;216m██[38;2;119;55;179m██[38;2;160;102;216m██[38;2;160;102;216m██[38;2;160;102;216m██[38;2;119;55;179m██[38;2;119;55;179m██[38;2;119;55;179m██[38;2;119;55;179m██[38;2;119;55;179m██[38;2;119;55;179m██[38;2;26;26;26m██[38;2;26;26;26m██[38;2;119;55;179m██[38;2;119;55;179m██[38;2;26;26;26m██                    [38;2;35;37;43m██[38;2;35;37;43m██[38;2;35;37;43m██[38;2;35;37;43m██[38;2;35;37;43m██          
                [38;2;35;37;43m██[38;2;160;102;216m██[38;2;160;102;216m██[38;2;119;55;179m██[38;2;160;102;216m██[38;2;160;102;216m██[38;2;119;55;179m██[38;2;119;55;179m██[38;2;67;36;90m██[38;2;67;36;90m██[38;2;67;36;90m██[38;2;83;84;101m██[38;2;121;120;156m██[38;2;121;120;156m██[38;2;83;84;101m██[38;2;26;26;26m██[38;2;26;26;26m██[38;2;26;26;26m██[38;2;67;36;90m██          [38;2;35;37;43m██[38;2;35;37;43m██[38;2;35;37;43m██[38;2;121;120;156m██[38;2;121;120;156m██[38;2;121;120;156m██[38;2;121;120;156m██[38;2;83;84;101m██[38;2;26;26;26m██[38;2;26;26;26m██      
                  [38;2;35;37;43m██[38;2;160;102;216m██[38;2;160;102;216m██[38;2;119;55;179m██[38;2;119;55;179m██[38;2;119;55;179m██[38;2;67;36;90m██[38;2;83;84;101m██[38;2;121;120;156m██[38;2;121;120;156m██[38;2;121;120;156m██[38;2;121;120;156m██[38;2;121;120;156m██[38;2;121;120;156m██[38;2;83;84;101m██[38;2;83;84;101m██[38;2;83;84;101m██[38;2;83;84;101m██[38;2;26;26;26m██    [38;2;35;37;43m██[38;2;35;37;43m██[38;2;121;120;156m██[38;2;121;120;156m██[38;2;121;120;156m██[38;2;121;120;156m██[38;2;121;120;156m██[38;2;121;120;156m██[38;2;121;120;156m██[38;2;121;120;156m██[38;2;83;84;101m██[38;2;83;84;101m██[38;2;26;26;26m██    
                [38;2;35;37;43m██[38;2;83;84;101m██[38;2;35;48;67m██[38;2;119;55;179m██[38;2;119;55;179m██[38;2;67;36;90m██[38;2;67;36;90m██[38;2;121;120;156m██[38;2;121;120;156m██[38;2;121;120;156m██[38;2;121;120;156m██[38;2;121;120;156m██[38;2;121;120;156m██[38;2;83;84;101m██[38;2;83;84;101m██[38;2;83;84;101m██[38;2;26;26;26m██[38;2;26;26;26m██[38;2;26;26;26m██  [38;2;35;37;43m██[38;2;35;37;43m██[38;2;121;120;156m██[38;2;121;120;156m██[38;2;121;120;156m██[38;2;121;120;156m██[38;2;121;120;156m██[38;2;121;120;156m██[38;2;121;120;156m██[38;2;121;120;156m██[38;2;121;120;156m██[38;2;121;120;156m██[38;2;83;84;101m██[38;2;83;84;101m██[38;2;83;84;101m██[38;2;26;26;26m██  
            [38;2;35;37;43m██[38;2;35;37;43m██[38;2;121;120;156m██[38;2;121;120;156m██[38;2;83;84;101m██[38;2;67;36;90m██[38;2;67;36;90m██[38;2;121;120;156m██[38;2;121;120;156m██[38;2;121;120;156m██[38;2;121;120;156m██[38;2;121;120;156m██[38;2;121;120;156m██[38;2;83;84;101m██[38;2;26;26;26m██[38;2;26;26;26m██[38;2;26;26;26m██[38;2;26;26;26m██    [38;2;26;26;26m██[38;2;26;26;26m██[38;2;83;84;101m██[38;2;83;84;101m██[38;2;83;84;101m██[38;2;121;120;156m██[38;2;121;120;156m██[38;2;121;120;156m██[38;2;121;120;156m██[38;2;121;120;156m██[38;2;121;120;156m██[38;2;121;120;156m██[38;2;121;120;156m██[38;2;83;84;101m██[38;2;83;84;101m██[38;2;83;84;101m██[38;2;83;84;101m██[38;2;26;26;26m██  
        [38;2;35;37;43m██[38;2;35;37;43m██[38;2;121;120;156m██[38;2;121;120;156m██[38;2;121;120;156m██[38;2;121;120;156m██[38;2;35;37;43m██[38;2;121;120;156m██[38;2;121;120;156m██[38;2;121;120;156m██[38;2;121;120;156m██[38;2;121;120;156m██[38;2;121;120;156m██[38;2;121;120;156m██[38;2;83;84;101m██[38;2;26;26;26m██        [38;2;26;26;26m██[38;2;26;26;26m██[38;2;119;55;179m██[38;2;83;84;101m██[38;2;83;84;101m██[38;2;83;84;101m██[38;2;83;84;101m██[38;2;56;56;64m██[38;2;56;56;64m██[38;2;56;56;64m██[38;2;56;56;64m██[38;2;121;120;156m██[38;2;121;120;156m██[38;2;121;120;156m██[38;2;83;84;101m██[38;2;83;84;101m██[38;2;83;84;101m██[38;2;83;84;101m██[38;2;83;84;101m██[38;2;83;84;101m██[38;2;26;26;26m██
      [38;2;35;37;43m██[38;2;121;120;156m██[38;2;121;120;156m██[38;2;121;120;156m██[38;2;121;120;156m██[38;2;83;84;101m██[38;2;83;84;101m██[38;2;35;37;43m██[38;2;121;120;156m██[38;2;121;120;156m██[38;2;121;120;156m██[38;2;121;120;156m██[38;2;121;120;156m██[38;2;121;120;156m██[38;2;121;120;156m██[38;2;26;26;26m██      [38;2;26;26;26m██[38;2;26;26;26m██[38;2;119;55;179m██[38;2;119;55;179m██[38;2;119;55;179m██[38;2;119;55;179m██[38;2;119;55;179m██[38;2;56;56;64m██[38;2;56;56;64m██[38;2;121;120;156m██[38;2;121;120;156m██[38;2;121;120;156m██[38;2;121;120;156m██[38;2;56;56;64m██[38;2;56;56;64m██[38;2;83;84;101m██[38;2;83;84;101m██[38;2;83;84;101m██[38;2;83;84;101m██[38;2;83;84;101m██[38;2;83;84;101m██[38;2;83;84;101m██[38;2;26;26;26m██
        [38;2;35;37;43m██[38;2;35;37;43m██[38;2;35;37;43m██[38;2;35;37;43m██[38;2;35;37;43m██[38;2;26;26;26m██[38;2;121;120;156m██[38;2;121;120;156m██[38;2;121;120;156m██[38;2;121;120;156m██[38;2;121;120;156m██[38;2;121;120;156m██[38;2;121;120;156m██[38;2;83;84;101m██[38;2;26;26;26m██    [38;2;26;26;26m██[38;2;119;55;179m██[38;2;119;55;179m██[38;2;119;55;179m██[38;2;119;55;179m██[38;2;119;55;179m██[38;2;119;55;179m██[38;2;119;55;179m██[38;2;121;120;156m██[38;2;121;120;156m██[38;2;121;120;156m██[38;2;121;120;156m██[38;2;121;120;156m██[38;2;121;120;156m██[38;2;121;120;156m██[38;2;121;120;156m██[38;2;56;56;64m██[38;2;83;84;101m██[38;2;83;84;101m██[38;2;83;84;101m██[38;2;83;84;101m██[38;2;83;84;101m██[38;2;83;84;101m██[38;2;26;26;26m██
                [38;2;26;26;26m██[38;2;35;37;43m██[38;2;121;120;156m██[38;2;121;120;156m██[38;2;121;120;156m██[38;2;121;120;156m██[38;2;121;120;156m██[38;2;121;120;156m██[38;2;121;120;156m██[38;2;83;84;101m██[38;2;83;84;101m██[38;2;26;26;26m██[38;2;26;26;26m██[38;2;26;26;26m██[38;2;26;26;26m██[38;2;26;26;26m██[38;2;119;55;179m██[38;2;119;55;179m██[38;2;119;55;179m██[38;2;119;55;179m██[38;2;26;26;26m██[38;2;83;84;101m██[38;2;121;120;156m██[38;2;121;120;156m██[38;2;121;120;156m██[38;2;121;120;156m██[38;2;121;120;156m██[38;2;121;120;156m██[38;2;83;84;101m██[38;2;56;56;64m██[38;2;83;84;101m██[38;2;83;84;101m██[38;2;83;84;101m██[38;2;83;84;101m██[38;2;83;84;101m██[38;2;26;26;26m██  
                [38;2;56;56;64m██[38;2;121;120;156m██[38;2;121;120;156m██[38;2;121;120;156m██[38;2;121;120;156m██[38;2;121;120;156m██[38;2;121;120;156m██[38;2;121;120;156m██[38;2;83;84;101m██[38;2;83;84;101m██[38;2;83;84;101m██[38;2;83;84;101m██[38;2;26;26;26m██[38;2;119;55;179m██[38;2;119;55;179m██[38;2;119;55;179m██[38;2;26;26;26m██[38;2;26;26;26m██[38;2;26;26;26m██[38;2;26;26;26m██[38;2;26;26;26m██[38;2;26;26;26m██[38;2;83;84;101m██[38;2;121;120;156m██[38;2;83;84;101m██[38;2;83;84;101m██[38;2;83;84;101m██[38;2;83;84;101m██[38;2;83;84;101m██[38;2;83;84;101m██[38;2;83;84;101m██[38;2;83;84;101m██[38;2;83;84;101m██[38;2;83;84;101m██[38;2;83;84;101m██[38;2;26;26;26m██  
                [38;2;35;37;43m██[38;2;121;120;156m██[38;2;121;120;156m██[38;2;121;120;156m██[38;2;121;120;156m██[38;2;121;120;156m██[38;2;121;120;156m██[38;2;83;84;101m██[38;2;121;120;156m██[38;2;83;84;101m██[38;2;83;84;101m██[38;2;83;84;101m██[38;2;26;26;26m██[38;2;119;55;179m██[38;2;119;55;179m██[38;2;119;55;179m██[38;2;119;55;179m██[38;2;160;102;216m██[38;2;160;102;216m██[38;2;121;120;156m██[38;2;121;120;156m██[38;2;83;84;101m██[38;2;26;26;26m██[38;2;26;26;26m██[38;2;26;26;26m██[38;2;83;84;101m██[38;2;83;84;101m██[38;2;83;84;101m██[38;2;83;84;101m██[38;2;83;84;101m██[38;2;83;84;101m██[38;2;83;84;101m██[38;2;83;84;101m██[38;2;83;84;101m██[38;2;26;26;26m██    
              [38;2;35;37;43m██[38;2;121;120;156m██[38;2;121;120;156m██[38;2;121;120;156m██[38;2;121;120;156m██[38;2;121;120;156m██[38;2;121;120;156m██[38;2;83;84;101m██[38;2;121;120;156m██[38;2;83;84;101m██[38;2;83;84;101m██[38;2;83;84;101m██[38;2;83;84;101m██[38;2;83;84;101m██[38;2;26;26;26m██[38;2;119;55;179m██[38;2;119;55;179m██[38;2;119;55;179m██[38;2;160;102;216m██[38;2;160;102;216m██[38;2;160;102;216m██[38;2;121;120;156m██[38;2;121;120;156m██[38;2;121;120;156m██[38;2;121;120;156m██[38;2;83;84;101m██[38;2;26;26;26m██[38;2;26;26;26m██[38;2;83;84;101m██[38;2;83;84;101m██[38;2;83;84;101m██[38;2;83;84;101m██[38;2;83;84;101m██[38;2;83;84;101m██[38;2;83;84;101m██[38;2;26;26;26m██    
              [38;2;35;37;43m██[38;2;83;84;101m██[38;2;35;37;43m██[38;2;121;120;156m██[38;2;121;120;156m██[38;2;83;84;101m██[38;2;83;84;101m██[38;2;83;84;101m██[38;2;83;84;101m██[38;2;83;84;101m██[38;2;83;84;101m██[38;2;83;84;101m██[38;2;35;37;43m██[38;2;83;84;101m██[38;2;83;84;101m██[38;2;26;26;26m██[38;2;119;55;179m██[38;2;160;102;216m██[38;2;160;102;216m██[38;2;160;102;216m██[38;2;121;120;156m██[38;2;121;120;156m██[38;2;121;120;156m██[38;2;121;120;156m██[38;2;121;120;156m██[38;2;121;120;156m██[38;2;121;120;156m██[38;2;83;84;101m██[38;2;26;26;26m██[38;2;26;26;26m██[38;2;83;84;101m██[38;2;83;84;101m██[38;2;83;84;101m██[38;2;83;84;101m██[38;2;26;26;26m██      
            [38;2;35;37;43m██[38;2;121;120;156m██[38;2;35;37;43m██[38;2;121;120;156m██[38;2;121;120;156m██[38;2;121;120;156m██[38;2;26;26;26m██[38;2;26;26;26m██[38;2;26;26;26m██[38;2;26;26;26m██[38;2;26;26;26m██[38;2;35;37;43m██[38;2;83;84;101m██[38;2;83;84;101m██[38;2;26;26;26m██[38;2;83;84;101m██[38;2;26;26;26m██[38;2;119;55;179m██[38;2;160;102;216m██[38;2;160;102;216m██[38;2;160;102;216m██[38;2;160;102;216m██[38;2;121;120;156m██[38;2;121;120;156m██[38;2;121;120;156m██[38;2;121;120;156m██[38;2;121;120;156m██[38;2;121;120;156m██[38;2;121;120;156m██[38;2;121;120;156m██[38;2;83;84;101m██[38;2;26;26;26m██[38;2;26;26;26m██[38;2;83;84;101m██[38;2;26;26;26m██        
            [38;2;35;37;43m██[38;2;35;37;43m██[38;2;121;120;156m██[38;2;121;120;156m██[38;2;35;37;43m██[38;2;26;26;26m██[38;2;119;55;179m██[38;2;119;55;179m██[38;2;119;55;179m██[38;2;26;26;26m██[38;2;119;55;179m██[38;2;26;26;26m██[38;2;83;84;101m██[38;2;83;84;101m██[38;2;83;84;101m██[38;2;35;37;43m██[38;2;119;55;179m██[38;2;119;55;179m██[38;2;119;55;179m██[38;2;26;26;26m██[38;2;26;26;26m██[38;2;56;56;64m██[38;2;56;56;64m██[38;2;56;56;64m██[38;2;56;56;64m██[38;2;121;120;156m██[38;2;121;120;156m██[38;2;121;120;156m██[38;2;121;120;156m██[38;2;121;120;156m██[38;2;121;120;156m██[38;2;121;120;156m██[38;2;83;84;101m██[38;2;26;26;26m██          
              [38;2;35;37;43m██[38;2;35;37;43m██[38;2;35;37;43m██  [38;2;26;26;26m██[38;2;119;55;179m██[38;2;119;55;179m██[38;2;119;55;179m██[38;2;26;26;26m██[38;2;119;55;179m██[38;2;119;55;179m██[38;2;26;26;26m██[38;2;83;84;101m██[38;2;83;84;101m██[38;2;26;26;26m██[38;2;119;55;179m██[38;2;26;26;26m██[38;2;26;26;26m██[38;2;83;84;101m██[38;2;121;120;156m██[38;2;121;120;156m██[38;2;121;120;156m██[38;2;121;120;156m██[38;2;121;120;156m██[38;2;56;56;64m██[38;2;56;56;64m██[38;2;121;120;156m██[38;2;121;120;156m██[38;2;121;120;156m██[38;2;121;120;156m██[38;2;121;120;156m██[38;2;83;84;101m██[38;2;83;84;101m██[38;2;26;26;26m██        
                      [38;2;26;26;26m██[38;2;119;55;179m██[38;2;119;55;179m██[38;2;26;26;26m██[38;2;119;55;179m██[38;2;160;102;216m██[38;2;119;55;179m██[38;2;26;26;26m██[38;2;26;26;26m██[38;2;83;84;101m██[38;2;26;26;26m██[38;2;26;26;26m██[38;2;83;84;101m██[38;2;121;120;156m██[38;2;121;120;156m██[38;2;121;120;156m██[38;2;121;120;156m██[38;2;121;120;156m██[38;2;121;120;156m██[38;2;121;120;156m██[38;2;121;120;156m██[38;2;121;120;156m██[38;2;56;56;64m██[38;2;83;84;101m██[38;2;121;120;156m██[38;2;121;120;156m██[38;2;83;84;101m██[38;2;83;84;101m██[38;2;83;84;101m██[38;2;26;26;26m██        
                        [38;2;26;26;26m██[38;2;119;55;179m██[38;2;26;26;26m██[38;2;160;102;216m██[38;2;160;102;216m██[38;2;119;55;179m██[38;2;26;26;26m██  [38;2;26;26;26m██[38;2;26;26;26m██[38;2;83;84;101m██[38;2;83;84;101m██[38;2;83;84;101m██[38;2;121;120;156m██[38;2;121;120;156m██[38;2;121;120;156m██[38;2;121;120;156m██[38;2;121;120;156m██[38;2;121;120;156m██[38;2;121;120;156m██[38;2;121;120;156m██[38;2;121;120;156m██[38;2;56;56;64m██[38;2;83;84;101m██[38;2;83;84;101m██[38;2;83;84;101m██[38;2;83;84;101m██[38;2;83;84;101m██[38;2;83;84;101m██[38;2;26;26;26m██      
                        [38;2;26;26;26m██[38;2;119;55;179m██[38;2;26;26;26m██[38;2;160;102;216m██[38;2;160;102;216m██[38;2;26;26;26m██      [38;2;26;26;26m██[38;2;83;84;101m██[38;2;83;84;101m██[38;2;83;84;101m██[38;2;83;84;101m██[38;2;121;120;156m██[38;2;121;120;156m██[38;2;121;120;156m██[38;2;121;120;156m██[38;2;121;120;156m██[38;2;121;120;156m██[38;2;121;120;156m██[38;2;121;120;156m██[38;2;56;56;64m██[38;2;83;84;101m██[38;2;83;84;101m██[38;2;83;84;101m██[38;2;83;84;101m██[38;2;83;84;101m██[38;2;83;84;101m██[38;2;26;26;26m██      
                          [38;2;26;26;26m██[38;2;160;102;216m██[38;2;160;102;216m██[38;2;160;102;216m██[38;2;26;26;26m██      [38;2;26;26;26m██[38;2;83;84;101m██[38;2;83;84;101m██[38;2;83;84;101m██[38;2;83;84;101m██[38;2;83;84;101m██[38;2;121;120;156m██[38;2;121;120;156m██[38;2;121;120;156m██[38;2;121;120;156m██[38;2;121;120;156m██[38;2;83;84;101m██[38;2;56;56;64m██[38;2;83;84;101m██[38;2;83;84;101m██[38;2;83;84;101m██[38;2;83;84;101m██[38;2;83;84;101m██[38;2;83;84;101m██[38;2;83;84;101m██[38;2;26;26;26m██      
                          [38;2;119;55;179m██[38;2;160;102;216m██[38;2;160;102;216m██[38;2;26;26;26m██          [38;2;26;26;26m██[38;2;83;84;101m██[38;2;83;84;101m██[38;2;83;84;101m██[38;2;83;84;101m██[38;2;83;84;101m██[38;2;83;84;101m██[38;2;83;84;101m██[38;2;83;84;101m██[38;2;83;84;101m██[38;2;83;84;101m██[38;2;83;84;101m██[38;2;83;84;101m██[38;2;83;84;101m██[38;2;83;84;101m██[38;2;83;84;101m██[38;2;83;84;101m██[38;2;83;84;101m██[38;2;26;26;26m██        
                          [38;2;119;55;179m██[38;2;160;102;216m██[38;2;160;102;216m██[38;2;26;26;26m██          [38;2;26;26;26m██[38;2;83;84;101m██[38;2;83;84;101m██[38;2;83;84;101m██[38;2;83;84;101m██[38;2;83;84;101m██[38;2;83;84;101m██[38;2;83;84;101m██[38;2;83;84;101m██[38;2;83;84;101m██[38;2;83;84;101m██[38;2;83;84;101m██[38;2;83;84;101m██[38;2;83;84;101m██[38;2;83;84;101m██[38;2;83;84;101m██[38;2;83;84;101m██[38;2;83;84;101m██[38;2;26;26;26m██        
                          [38;2;119;55;179m██[38;2;160;102;216m██[38;2;26;26;26m██              [38;2;26;26;26m██[38;2;83;84;101m██[38;2;83;84;101m██[38;2;83;84;101m██[38;2;83;84;101m██[38;2;83;84;101m██[38;2;83;84;101m██[38;2;83;84;101m██[38;2;83;84;101m██[38;2;83;84;101m██[38;2;83;84;101m██[38;2;83;84;101m██[38;2;83;84;101m██[38;2;83;84;101m██[38;2;83;84;101m██[38;2;83;84;101m██[38;2;26;26;26m██          
                          [38;2;26;26;26m██[38;2;160;102;216m██[38;2;26;26;26m██                [38;2;26;26;26m██[38;2;26;26;26m██[38;2;83;84;101m██[38;2;83;84;101m██[38;2;83;84;101m██[38;2;83;84;101m██[38;2;83;84;101m██[38;2;83;84;101m██[38;2;83;84;101m██[38;2;83;84;101m██[38;2;83;84;101m██[38;2;83;84;101m██[38;2;83;84;101m██[38;2;83;84;101m██[38;2;26;26;26m██            
                          [38;2;26;26;26m██[38;2;26;26;26m██                      [38;2;26;26;26m██[38;2;26;26;26m██[38;2;83;84;101m██[38;2;83;84;101m██[38;2;83;84;101m██[38;2;83;84;101m██[38;2;83;84;101m██[38;2;83;84;101m██[38;2;83;84;101m██[38;2;83;84;101m██[38;2;26;26;26m██[38;2;26;26;26m██              
                                                        [38;2;26;26;26m██[38;2;26;26;26m██[38;2;26;26;26m██[38;2;26;26;26m██[38;2;26;26;26m██[38;2;26;26;26m██[38;2;26;26;26m██[38;2;26;26;26m██                  
