                                                          [38;2;255;255;255m██[38;2;131;138;167m██                    
    [38;2;131;138;167m██[38;2;255;255;255m██                                                [38;2;255;255;255m██[38;2;131;138;167m██[38;2;235;243;254m██[38;2;74;72;85m██                  
  [38;2;74;72;85m██[38;2;235;243;254m██[38;2;131;138;167m██[38;2;255;255;255m██                                              [38;2;131;138;167m██[38;2;235;243;254m██[38;2;235;243;254m██[38;2;131;138;167m██                  
  [38;2;131;138;167m██[38;2;235;243;254m██[38;2;235;243;254m██[38;2;131;138;167m██[38;2;255;255;255m██                                          [38;2;74;72;85m██[38;2;235;243;254m██[38;2;235;243;254m██[38;2;235;243;254m██[38;2;176;192;219m██[38;2;74;72;85m██                
[38;2;74;72;85m██[38;2;235;243;254m██[38;2;235;243;254m██[38;2;235;243;254m██[38;2;235;243;254m██[38;2;131;138;167m██                                        [38;2;74;72;85m██[38;2;235;243;254m██[38;2;235;243;254m██[38;2;235;243;254m██[38;2;235;243;254m██[38;2;176;192;219m██[38;2;74;72;85m██                
[38;2;74;72;85m██[38;2;235;243;254m██[38;2;235;243;254m██[38;2;235;243;254m██[38;2;235;243;254m██[38;2;235;243;254m██[38;2;74;72;85m██                          [38;2;31;57;77m██        [38;2;74;72;85m██[38;2;235;243;254m██[38;2;235;243;254m██[38;2;235;243;254m██[38;2;235;243;254m██[38;2;235;243;254m██[38;2;176;192;219m██[38;2;74;72;85m██                
[38;2;74;72;85m██[38;2;235;243;254m██[38;2;235;243;254m██[38;2;235;243;254m██[38;2;235;243;254m██[38;2;235;243;254m██[38;2;235;243;254m██[38;2;74;72;85m██              [38;2;31;57;77m██[38;2;31;57;77m██[38;2;31;57;77m██[38;2;31;57;77m██  [38;2;31;57;77m██[38;2;31;57;77m██    [38;2;74;72;85m██[38;2;176;192;219m██[38;2;235;243;254m██[38;2;235;243;254m██[38;2;235;243;254m██[38;2;235;243;254m██[38;2;235;243;254m██[38;2;176;192;219m██[38;2;176;192;219m██[38;2;74;72;85m██              
[38;2;74;72;85m██[38;2;235;243;254m██[38;2;235;243;254m██[38;2;235;243;254m██[38;2;235;243;254m██[38;2;235;243;254m██[38;2;235;243;254m██[38;2;235;243;254m██[38;2;74;72;85m██        [38;2;31;57;77m██[38;2;31;57;77m██[38;2;58;105;142m██[38;2;98;147;242m██[38;2;98;147;242m██[38;2;58;105;142m██[38;2;31;57;77m██[38;2;31;57;77m██[38;2;98;147;242m██[38;2;31;57;77m██  [38;2;74;72;85m██[38;2;235;243;254m██[38;2;235;243;254m██[38;2;235;243;254m██[38;2;235;243;254m██[38;2;235;243;254m██[38;2;235;243;254m██[38;2;176;192;219m██[38;2;176;192;219m██[38;2;74;72;85m██              
[38;2;74;72;85m██[38;2;176;192;219m██[38;2;235;243;254m██[38;2;235;243;254m██[38;2;235;243;254m██[38;2;235;243;254m██[38;2;235;243;254m██[38;2;235;243;254m██[38;2;235;243;254m██[38;2;74;72;85m██    [38;2;31;57;77m██[38;2;58;105;142m██[38;2;98;147;242m██[38;2;98;147;242m██[38;2;98;147;242m██[38;2;98;147;242m██[38;2;98;147;242m██[38;2;98;147;242m██[38;2;58;105;142m██[38;2;58;105;142m██[38;2;31;57;77m██[38;2;74;72;85m██[38;2;176;192;219m██[38;2;235;243;254m██[38;2;235;243;254m██[38;2;235;243;254m██[38;2;235;243;254m██[38;2;235;243;254m██[38;2;131;138;167m██[38;2;176;192;219m██[38;2;176;192;219m██[38;2;74;72;85m██              
[38;2;74;72;85m██[38;2;176;192;219m██[38;2;235;243;254m██[38;2;235;243;254m██[38;2;235;243;254m██[38;2;235;243;254m██[38;2;235;243;254m██[38;2;235;243;254m██[38;2;235;243;254m██[38;2;235;243;254m██[38;2;74;72;85m██[38;2;31;57;77m██[38;2;58;105;142m██[38;2;58;105;142m██[38;2;58;105;142m██[38;2;58;105;142m██[38;2;58;105;142m██[38;2;98;147;242m██[38;2;98;147;242m██[38;2;98;147;242m██[38;2;98;147;242m██[38;2;58;105;142m██[38;2;98;147;242m██[38;2;74;72;85m██[38;2;176;192;219m██[38;2;235;243;254m██[38;2;235;243;254m██[38;2;235;243;254m██[38;2;235;243;254m██[38;2;235;243;254m██[38;2;131;138;167m██[38;2;176;192;219m██[38;2;176;192;219m██[38;2;74;72;85m██              
[38;2;74;72;85m██[38;2;176;192;219m██[38;2;235;243;254m██[38;2;235;243;254m██[38;2;235;243;254m██[38;2;235;243;254m██[38;2;235;243;254m██[38;2;235;243;254m██[38;2;235;243;254m██[38;2;235;243;254m██[38;2;74;72;85m██[38;2;58;105;142m██[38;2;58;105;142m██[38;2;58;105;142m██[38;2;58;105;142m██[38;2;58;105;142m██[38;2;58;105;142m██[38;2;58;105;142m██[38;2;58;105;142m██[38;2;58;105;142m██[38;2;58;105;142m██[38;2;98;147;242m██[38;2;98;147;242m██[38;2;74;72;85m██[38;2;235;243;254m██[38;2;235;243;254m██[38;2;235;243;254m██[38;2;235;243;254m██[38;2;235;243;254m██[38;2;235;243;254m██[38;2;131;138;167m██[38;2;176;192;219m██[38;2;74;72;85m██                
  [38;2;74;72;85m██[38;2;176;192;219m██[38;2;235;243;254m██[38;2;235;243;254m██[38;2;235;243;254m██[38;2;235;243;254m██[38;2;235;243;254m██[38;2;235;243;254m██[38;2;235;243;254m██[38;2;235;243;254m██[38;2;74;72;85m██[38;2;58;105;142m██[38;2;58;105;142m██[38;2;74;72;85m██[38;2;74;72;85m██[38;2;74;72;85m██[38;2;74;72;85m██[38;2;74;72;85m██[38;2;74;72;85m██[38;2;58;105;142m██[38;2;58;105;142m██[38;2;74;72;85m██[38;2;176;192;219m██[38;2;235;243;254m██[38;2;235;243;254m██[38;2;235;243;254m██[38;2;235;243;254m██[38;2;235;243;254m██[38;2;131;138;167m██[38;2;131;138;167m██[38;2;176;192;219m██[38;2;74;72;85m██                
  [38;2;74;72;85m██[38;2;176;192;219m██[38;2;235;243;254m██[38;2;235;243;254m██[38;2;235;243;254m██[38;2;235;243;254m██[38;2;235;243;254m██[38;2;235;243;254m██[38;2;235;243;254m██[38;2;235;243;254m██[38;2;131;138;167m██[38;2;74;72;85m██[38;2;74;72;85m██[38;2;235;243;254m██[38;2;235;243;254m██[38;2;235;243;254m██[38;2;235;243;254m██[38;2;235;243;254m██[38;2;235;243;254m██[38;2;74;72;85m██[38;2;74;72;85m██[38;2;131;138;167m██[38;2;235;243;254m██[38;2;235;243;254m██[38;2;235;243;254m██[38;2;235;243;254m██[38;2;235;243;254m██[38;2;235;243;254m██[38;2;131;138;167m██[38;2;176;192;219m██[38;2;176;192;219m██[38;2;74;72;85m██                
    [38;2;74;72;85m██[38;2;176;192;219m██[38;2;235;243;254m██[38;2;235;243;254m██[38;2;235;243;254m██[38;2;235;243;254m██[38;2;235;243;254m██[38;2;235;243;254m██[38;2;235;243;254m██[38;2;131;138;167m██[38;2;235;243;254m██[38;2;235;243;254m██[38;2;235;243;254m██[38;2;235;243;254m██[38;2;235;243;254m██[38;2;235;243;254m██[38;2;235;243;254m██[38;2;235;243;254m██[38;2;235;243;254m██[38;2;235;243;254m██[38;2;131;138;167m██[38;2;235;243;254m██[38;2;235;243;254m██[38;2;235;243;254m██[38;2;235;243;254m██[38;2;235;243;254m██[38;2;131;138;167m██[38;2;131;138;167m██[38;2;176;192;219m██[38;2;74;72;85m██                  
    [38;2;33;33;33m██[38;2;176;192;219m██[38;2;176;192;219m██[38;2;235;243;254m██[38;2;235;243;254m██[38;2;235;243;254m██[38;2;235;243;254m██[38;2;235;243;254m██[38;2;235;243;254m██[38;2;235;243;254m██[38;2;235;243;254m██[38;2;235;243;254m██[38;2;235;243;254m██[38;2;235;243;254m██[38;2;235;243;254m██[38;2;235;243;254m██[38;2;235;243;254m██[38;2;235;243;254m██[38;2;235;243;254m██[38;2;235;243;254m██[38;2;235;243;254m██[38;2;235;243;254m██[38;2;235;243;254m██[38;2;235;243;254m██[38;2;235;243;254m██[38;2;235;243;254m██[38;2;74;72;85m██[38;2;176;192;219m██[38;2;131;138;167m██[38;2;74;72;85m██                  
      [38;2;33;33;33m██[38;2;176;192;219m██[38;2;176;192;219m██[38;2;235;243;254m██[38;2;235;243;254m██[38;2;235;243;254m██[38;2;235;243;254m██[38;2;235;243;254m██[38;2;235;243;254m██[38;2;235;243;254m██[38;2;235;243;254m██[38;2;235;243;254m██[38;2;235;243;254m██[38;2;235;243;254m██[38;2;235;243;254m██[38;2;235;243;254m██[38;2;235;243;254m██[38;2;235;243;254m██[38;2;235;243;254m██[38;2;235;243;254m██[38;2;235;243;254m██[38;2;235;243;254m██[38;2;235;243;254m██[38;2;235;243;254m██[38;2;74;72;85m██[38;2;131;138;167m██[38;2;176;192;219m██[38;2;74;72;85m██                    
        [38;2;33;33;33m██[38;2;176;192;219m██[38;2;176;192;219m██[38;2;176;192;219m██[38;2;235;243;254m██[38;2;176;192;219m██[38;2;235;243;254m██[38;2;235;243;254m██[38;2;235;243;254m██[38;2;235;243;254m██[38;2;235;243;254m██[38;2;235;243;254m██[38;2;235;243;254m██[38;2;235;243;254m██[38;2;235;243;254m██[38;2;235;243;254m██[38;2;235;243;254m██[38;2;235;243;254m██[38;2;235;243;254m██[38;2;235;243;254m██[38;2;235;243;254m██[38;2;235;243;254m██[38;2;176;192;219m██[38;2;74;72;85m██[38;2;131;138;167m██[38;2;74;72;85m██                      
          [38;2;33;33;33m██[38;2;176;192;219m██[38;2;176;192;219m██[38;2;176;192;219m██[38;2;235;243;254m██[38;2;235;243;254m██[38;2;235;243;254m██[38;2;235;243;254m██[38;2;235;243;254m██[38;2;235;243;254m██[38;2;235;243;254m██[38;2;235;243;254m██[38;2;235;243;254m██[38;2;235;243;254m██[38;2;235;243;254m██[38;2;235;243;254m██[38;2;235;243;254m██[38;2;235;243;254m██[38;2;235;243;254m██[38;2;235;243;254m██[38;2;176;192;219m██[38;2;74;72;85m██[38;2;131;138;167m██[38;2;74;72;85m██                        
            [38;2;33;33;33m██[38;2;74;72;85m██[38;2;176;192;219m██[38;2;235;243;254m██[38;2;235;243;254m██[38;2;235;243;254m██[38;2;235;243;254m██[38;2;235;243;254m██[38;2;235;243;254m██[38;2;235;243;254m██[38;2;235;243;254m██[38;2;235;243;254m██[38;2;235;243;254m██[38;2;235;243;254m██[38;2;235;243;254m██[38;2;235;243;254m██[38;2;235;243;254m██[38;2;176;192;219m██[38;2;176;192;219m██[38;2;131;138;167m██[38;2;74;72;85m██[38;2;74;72;85m██                          
              [38;2;33;33;33m██[38;2;176;192;219m██[38;2;176;192;219m██[38;2;235;243;254m██[38;2;235;243;254m██[38;2;235;243;254m██[38;2;235;243;254m██[38;2;235;243;254m██[38;2;235;243;254m██[38;2;235;243;254m██[38;2;235;243;254m██[38;2;235;243;254m██[38;2;235;243;254m██[38;2;235;243;254m██[38;2;235;243;254m██[38;2;235;243;254m██[38;2;176;192;219m██[38;2;176;192;219m██[38;2;176;192;219m██[38;2;74;72;85m██                            
                [38;2;33;33;33m██[38;2;176;192;219m██[38;2;176;192;219m██[38;2;235;243;254m██[38;2;235;243;254m██[38;2;235;243;254m██[38;2;235;243;254m██[38;2;235;243;254m██[38;2;235;243;254m██[38;2;235;243;254m██[38;2;235;243;254m██[38;2;235;243;254m██[38;2;235;243;254m██[38;2;235;243;254m██[38;2;176;192;219m██[38;2;176;192;219m██[38;2;176;192;219m██[38;2;176;192;219m██[38;2;74;72;85m██                            
                [38;2;33;33;33m██[38;2;176;192;219m██[38;2;176;192;219m██[38;2;176;192;219m██[38;2;176;192;219m██[38;2;235;243;254m██[38;2;235;243;254m██[38;2;235;243;254m██[38;2;235;243;254m██[38;2;235;243;254m██[38;2;235;243;254m██[38;2;235;243;254m██[38;2;176;192;219m██[38;2;176;192;219m██[38;2;176;192;219m██[38;2;176;192;219m██[38;2;176;192;219m██[38;2;176;192;219m██[38;2;74;72;85m██                            
                  [38;2;33;33;33m██[38;2;176;192;219m██[38;2;176;192;219m██[38;2;176;192;219m██[38;2;176;192;219m██[38;2;176;192;219m██[38;2;176;192;219m██[38;2;176;192;219m██[38;2;176;192;219m██[38;2;176;192;219m██[38;2;176;192;219m██[38;2;176;192;219m██[38;2;176;192;219m██[38;2;176;192;219m██[38;2;176;192;219m██[38;2;176;192;219m██[38;2;176;192;219m██[38;2;74;72;85m██                            
                  [38;2;33;33;33m██[38;2;176;192;219m██[38;2;176;192;219m██[38;2;176;192;219m██[38;2;176;192;219m██[38;2;176;192;219m██[38;2;176;192;219m██[38;2;176;192;219m██[38;2;176;192;219m██[38;2;176;192;219m██[38;2;176;192;219m██[38;2;176;192;219m██[38;2;176;192;219m██[38;2;176;192;219m██[38;2;176;192;219m██[38;2;176;192;219m██[38;2;74;72;85m██                              
                  [38;2;33;33;33m██[38;2;33;33;33m██[38;2;176;192;219m██[38;2;176;192;219m██[38;2;176;192;219m██[38;2;176;192;219m██[38;2;176;192;219m██[38;2;176;192;219m██[38;2;176;192;219m██[38;2;176;192;219m██[38;2;176;192;219m██[38;2;176;192;219m██[38;2;176;192;219m██[38;2;176;192;219m██[38;2;176;192;219m██[38;2;176;192;219m██[38;2;74;72;85m██                              
                [38;2;33;33;33m██[38;2;98;147;242m██[38;2;98;147;242m██[38;2;33;33;33m██[38;2;176;192;219m██[38;2;176;192;219m██[38;2;176;192;219m██[38;2;176;192;219m██[38;2;176;192;219m██[38;2;176;192;219m██[38;2;176;192;219m██[38;2;176;192;219m██[38;2;176;192;219m██[38;2;176;192;219m██[38;2;176;192;219m██[38;2;176;192;219m██[38;2;74;72;85m██                                
              [38;2;33;33;33m██[38;2;58;105;142m██[38;2;58;105;142m██[38;2;98;147;242m██[38;2;98;147;242m██[38;2;33;33;33m██[38;2;33;33;33m██[38;2;176;192;219m██[38;2;176;192;219m██[38;2;176;192;219m██[38;2;176;192;219m██[38;2;176;192;219m██[38;2;176;192;219m██[38;2;176;192;219m██[38;2;176;192;219m██[38;2;33;33;33m██[38;2;33;33;33m██              [38;2;74;72;85m██[38;2;74;72;85m██[38;2;74;72;85m██[38;2;74;72;85m██[38;2;74;72;85m██          
              [38;2;33;33;33m██[38;2;58;105;142m██[38;2;58;105;142m██[38;2;58;105;142m██[38;2;58;105;142m██[38;2;98;147;242m██[38;2;58;105;142m██[38;2;33;33;33m██[38;2;33;33;33m██[38;2;33;33;33m██[38;2;33;33;33m██[38;2;33;33;33m██[38;2;33;33;33m██[38;2;33;33;33m██[38;2;33;33;33m██[38;2;58;105;142m██[38;2;31;57;77m██        [38;2;74;72;85m██[38;2;74;72;85m██[38;2;74;72;85m██[38;2;235;243;254m██[38;2;235;243;254m██[38;2;235;243;254m██[38;2;235;243;254m██[38;2;235;243;254m██[38;2;74;72;85m██[38;2;74;72;85m██      
                [38;2;33;33;33m██[38;2;33;33;33m██[38;2;33;33;33m██[38;2;58;105;142m██[38;2;58;105;142m██[38;2;58;105;142m██[38;2;58;105;142m██[38;2;58;105;142m██[38;2;58;105;142m██[38;2;31;57;77m██[38;2;31;57;77m██[38;2;58;105;142m██[38;2;58;105;142m██[38;2;58;105;142m██[38;2;58;105;142m██[38;2;31;57;77m██[38;2;31;57;77m██  [38;2;36;39;70m██[38;2;74;72;85m██[38;2;235;243;254m██[38;2;235;243;254m██[38;2;235;243;254m██[38;2;235;243;254m██[38;2;235;243;254m██[38;2;235;243;254m██[38;2;235;243;254m██[38;2;235;243;254m██[38;2;235;243;254m██[38;2;176;192;219m██[38;2;74;72;85m██    
              [38;2;33;33;33m██[38;2;74;72;85m██[38;2;176;192;219m██[38;2;176;192;219m██[38;2;33;33;33m██[38;2;58;105;142m██[38;2;58;105;142m██[38;2;58;105;142m██[38;2;58;105;142m██[38;2;58;105;142m██[38;2;58;105;142m██[38;2;58;105;142m██[38;2;58;105;142m██[38;2;58;105;142m██[38;2;31;57;77m██[38;2;31;57;77m██[38;2;131;138;167m██[38;2;31;57;77m██[38;2;31;57;77m██[38;2;235;243;254m██[38;2;235;243;254m██[38;2;235;243;254m██[38;2;235;243;254m██[38;2;235;243;254m██[38;2;235;243;254m██[38;2;235;243;254m██[38;2;235;243;254m██[38;2;235;243;254m██[38;2;235;243;254m██[38;2;235;243;254m██[38;2;235;243;254m██[38;2;176;192;219m██[38;2;74;72;85m██  
            [38;2;33;33;33m██[38;2;235;243;254m██[38;2;235;243;254m██[38;2;176;192;219m██[38;2;176;192;219m██[38;2;176;192;219m██[38;2;33;33;33m██[38;2;33;33;33m██[38;2;58;105;142m██[38;2;58;105;142m██[38;2;58;105;142m██[38;2;58;105;142m██[38;2;58;105;142m██[38;2;31;57;77m██[38;2;31;57;77m██[38;2;131;138;167m██[38;2;36;39;70m██[38;2;36;39;70m██[38;2;58;105;142m██[38;2;98;147;242m██[38;2;98;147;242m██[38;2;235;243;254m██[38;2;235;243;254m██[38;2;235;243;254m██[38;2;235;243;254m██[38;2;235;243;254m██[38;2;235;243;254m██[38;2;235;243;254m██[38;2;235;243;254m██[38;2;235;243;254m██[38;2;235;243;254m██[38;2;235;243;254m██[38;2;176;192;219m██[38;2;74;72;85m██  
          [38;2;33;33;33m██[38;2;235;243;254m██[38;2;235;243;254m██[38;2;235;243;254m██[38;2;176;192;219m██[38;2;176;192;219m██[38;2;176;192;219m██[38;2;176;192;219m██[38;2;176;192;219m██[38;2;33;33;33m██[38;2;33;33;33m██[38;2;33;33;33m██[38;2;31;57;77m██[38;2;31;57;77m██[38;2;131;138;167m██[38;2;131;138;167m██[38;2;36;39;70m██[38;2;58;105;142m██[38;2;98;147;242m██[38;2;98;147;242m██[38;2;98;147;242m██[38;2;98;147;242m██[38;2;235;243;254m██[38;2;235;243;254m██[38;2;235;243;254m██[38;2;235;243;254m██[38;2;235;243;254m██[38;2;235;243;254m██[38;2;235;243;254m██[38;2;235;243;254m██[38;2;235;243;254m██[38;2;235;243;254m██[38;2;235;243;254m██[38;2;176;192;219m██[38;2;176;192;219m██[38;2;74;72;85m██
      [38;2;36;39;70m██[38;2;33;33;33m██[38;2;98;147;242m██[38;2;235;243;254m██[38;2;235;243;254m██[38;2;176;192;219m██[38;2;176;192;219m██[38;2;131;138;167m██[38;2;235;243;254m██[38;2;235;243;254m██[38;2;176;192;219m██[38;2;176;192;219m██[38;2;176;192;219m██[38;2;176;192;219m██[38;2;176;192;219m██[38;2;176;192;219m██[38;2;176;192;219m██[38;2;36;39;70m██[38;2;98;147;242m██[38;2;98;147;242m██[38;2;98;147;242m██[38;2;98;147;242m██[38;2;98;147;242m██[38;2;235;243;254m██[38;2;235;243;254m██[38;2;235;243;254m██[38;2;235;243;254m██[38;2;235;243;254m██[38;2;235;243;254m██[38;2;235;243;254m██[38;2;235;243;254m██[38;2;235;243;254m██[38;2;235;243;254m██[38;2;235;243;254m██[38;2;176;192;219m██[38;2;176;192;219m██[38;2;176;192;219m██[38;2;74;72;85m██
  [38;2;31;57;77m██[38;2;31;57;77m██[38;2;98;147;242m██[38;2;98;147;242m██[38;2;58;105;142m██[38;2;176;192;219m██[38;2;176;192;219m██[38;2;176;192;219m██[38;2;33;33;33m██[38;2;74;72;85m██[38;2;235;243;254m██[38;2;235;243;254m██[38;2;235;243;254m██[38;2;235;243;254m██[38;2;176;192;219m██[38;2;176;192;219m██[38;2;176;192;219m██[38;2;176;192;219m██[38;2;31;57;77m██[38;2;98;147;242m██[38;2;98;147;242m██[38;2;98;147;242m██[38;2;98;147;242m██[38;2;98;147;242m██[38;2;98;147;242m██[38;2;98;147;242m██[38;2;235;243;254m██[38;2;235;243;254m██[38;2;235;243;254m██[38;2;235;243;254m██[38;2;235;243;254m██[38;2;235;243;254m██[38;2;235;243;254m██[38;2;235;243;254m██[38;2;235;243;254m██[38;2;176;192;219m██[38;2;176;192;219m██[38;2;176;192;219m██[38;2;176;192;219m██[38;2;33;33;33m██
[38;2;31;57;77m██[38;2;58;105;142m██[38;2;58;105;142m██[38;2;58;105;142m██[38;2;58;105;142m██[38;2;58;105;142m██[38;2;33;33;33m██[38;2;33;33;33m██[38;2;33;33;33m██  [38;2;33;33;33m██[38;2;235;243;254m██[38;2;235;243;254m██[38;2;235;243;254m██[38;2;235;243;254m██[38;2;235;243;254m██[38;2;235;243;254m██[38;2;176;192;219m██[38;2;31;57;77m██[38;2;98;147;242m██[38;2;98;147;242m██[38;2;98;147;242m██[38;2;98;147;242m██[38;2;98;147;242m██[38;2;98;147;242m██[38;2;98;147;242m██[38;2;98;147;242m██[38;2;98;147;242m██[38;2;235;243;254m██[38;2;235;243;254m██[38;2;235;243;254m██[38;2;235;243;254m██[38;2;235;243;254m██[38;2;235;243;254m██[38;2;176;192;219m██[38;2;74;72;85m██[38;2;176;192;219m██[38;2;176;192;219m██[38;2;176;192;219m██[38;2;176;192;219m██[38;2;33;33;33m██
  [38;2;31;57;77m██[38;2;31;57;77m██[38;2;31;57;77m██[38;2;33;33;33m██[38;2;33;33;33m██        [38;2;33;33;33m██[38;2;235;243;254m██[38;2;235;243;254m██[38;2;235;243;254m██[38;2;235;243;254m██[38;2;235;243;254m██[38;2;235;243;254m██[38;2;31;57;77m██[38;2;98;147;242m██[38;2;98;147;242m██[38;2;98;147;242m██[38;2;98;147;242m██[38;2;98;147;242m██[38;2;98;147;242m██[38;2;98;147;242m██[38;2;98;147;242m██[38;2;98;147;242m██[38;2;98;147;242m██[38;2;235;243;254m██[38;2;235;243;254m██[38;2;235;243;254m██[38;2;235;243;254m██[38;2;176;192;219m██[38;2;176;192;219m██[38;2;74;72;85m██[38;2;176;192;219m██[38;2;176;192;219m██[38;2;176;192;219m██[38;2;176;192;219m██[38;2;176;192;219m██[38;2;33;33;33m██
                  [38;2;33;33;33m██[38;2;235;243;254m██[38;2;235;243;254m██[38;2;235;243;254m██[38;2;235;243;254m██[38;2;235;243;254m██[38;2;235;243;254m██[38;2;235;243;254m██[38;2;58;105;142m██[38;2;98;147;242m██[38;2;98;147;242m██[38;2;98;147;242m██[38;2;98;147;242m██[38;2;98;147;242m██[38;2;98;147;242m██[38;2;98;147;242m██[38;2;98;147;242m██[38;2;98;147;242m██[38;2;235;243;254m██[38;2;235;243;254m██[38;2;176;192;219m██[38;2;176;192;219m██[38;2;176;192;219m██[38;2;74;72;85m██[38;2;74;72;85m██[38;2;176;192;219m██[38;2;176;192;219m██[38;2;176;192;219m██[38;2;176;192;219m██[38;2;176;192;219m██[38;2;33;33;33m██  
                  [38;2;33;33;33m██[38;2;235;243;254m██[38;2;235;243;254m██[38;2;235;243;254m██[38;2;235;243;254m██[38;2;235;243;254m██[38;2;235;243;254m██[38;2;58;105;142m██[38;2;98;147;242m██[38;2;98;147;242m██[38;2;98;147;242m██[38;2;98;147;242m██[38;2;98;147;242m██[38;2;98;147;242m██[38;2;98;147;242m██[38;2;98;147;242m██[38;2;98;147;242m██[38;2;58;105;142m██[38;2;58;105;142m██[38;2;31;57;77m██[38;2;31;57;77m██[38;2;74;72;85m██[38;2;74;72;85m██[38;2;176;192;219m██[38;2;176;192;219m██[38;2;176;192;219m██[38;2;176;192;219m██[38;2;176;192;219m██[38;2;176;192;219m██[38;2;176;192;219m██[38;2;33;33;33m██  
                [38;2;33;33;33m██[38;2;235;243;254m██[38;2;235;243;254m██[38;2;235;243;254m██[38;2;235;243;254m██[38;2;235;243;254m██[38;2;235;243;254m██[38;2;235;243;254m██[38;2;98;147;242m██[38;2;98;147;242m██[38;2;98;147;242m██[38;2;98;147;242m██[38;2;98;147;242m██[38;2;98;147;242m██[38;2;58;105;142m██[38;2;31;57;77m██[38;2;31;57;77m██[38;2;31;57;77m██[38;2;31;57;77m██[38;2;31;57;77m██[38;2;131;138;167m██[38;2;33;33;33m██[38;2;176;192;219m██[38;2;176;192;219m██[38;2;176;192;219m██[38;2;176;192;219m██[38;2;176;192;219m██[38;2;176;192;219m██[38;2;176;192;219m██[38;2;176;192;219m██[38;2;33;33;33m██    
                [38;2;33;33;33m██[38;2;235;243;254m██[38;2;235;243;254m██[38;2;235;243;254m██[38;2;235;243;254m██[38;2;235;243;254m██[38;2;235;243;254m██[38;2;176;192;219m██[38;2;98;147;242m██[38;2;58;105;142m██[38;2;31;57;77m██[38;2;31;57;77m██[38;2;31;57;77m██[38;2;31;57;77m██[38;2;31;57;77m██[38;2;58;105;142m██[38;2;58;105;142m██[38;2;58;105;142m██[38;2;58;105;142m██[38;2;176;192;219m██[38;2;176;192;219m██[38;2;176;192;219m██[38;2;33;33;33m██[38;2;74;72;85m██[38;2;176;192;219m██[38;2;176;192;219m██[38;2;176;192;219m██[38;2;176;192;219m██[38;2;74;72;85m██[38;2;33;33;33m██      
              [38;2;33;33;33m██[38;2;235;243;254m██[38;2;235;243;254m██[38;2;131;138;167m██[38;2;235;243;254m██[38;2;235;243;254m██[38;2;235;243;254m██[38;2;176;192;219m██[38;2;176;192;219m██[38;2;176;192;219m██[38;2;115;128;240m██[38;2;58;105;142m██[38;2;58;105;142m██[38;2;58;105;142m██[38;2;58;105;142m██[38;2;58;105;142m██[38;2;58;105;142m██[38;2;58;105;142m██[38;2;58;105;142m██[38;2;58;105;142m██[38;2;58;105;142m██[38;2;176;192;219m██[38;2;176;192;219m██[38;2;176;192;219m██[38;2;131;138;167m██[38;2;33;33;33m██[38;2;33;33;33m██[38;2;33;33;33m██[38;2;33;33;33m██[38;2;131;138;167m██[38;2;33;33;33m██      
              [38;2;33;33;33m██[38;2;235;243;254m██[38;2;74;72;85m██[38;2;176;192;219m██[38;2;235;243;254m██[38;2;235;243;254m██[38;2;131;138;167m██[38;2;176;192;219m██[38;2;176;192;219m██[38;2;176;192;219m██[38;2;131;138;167m██[38;2;33;33;33m██[38;2;33;33;33m██[38;2;33;33;33m██[38;2;58;105;142m██[38;2;58;105;142m██[38;2;58;105;142m██[38;2;58;105;142m██[38;2;58;105;142m██[38;2;58;105;142m██[38;2;58;105;142m██[38;2;176;192;219m██[38;2;176;192;219m██[38;2;176;192;219m██[38;2;176;192;219m██[38;2;176;192;219m██[38;2;176;192;219m██[38;2;176;192;219m██[38;2;176;192;219m██[38;2;176;192;219m██[38;2;176;192;219m██[38;2;33;33;33m██    
              [38;2;33;33;33m██[38;2;33;33;33m██[38;2;131;138;167m██[38;2;235;243;254m██[38;2;235;243;254m██[38;2;74;72;85m██[38;2;176;192;219m██[38;2;176;192;219m██[38;2;176;192;219m██[38;2;33;33;33m██[38;2;176;192;219m██[38;2;131;138;167m██[38;2;131;138;167m██[38;2;131;138;167m██[38;2;33;33;33m██[38;2;33;33;33m██[38;2;33;33;33m██[38;2;33;33;33m██[38;2;58;105;142m██[38;2;58;105;142m██[38;2;176;192;219m██[38;2;176;192;219m██[38;2;176;192;219m██[38;2;176;192;219m██[38;2;176;192;219m██[38;2;176;192;219m██[38;2;176;192;219m██[38;2;176;192;219m██[38;2;176;192;219m██[38;2;176;192;219m██[38;2;176;192;219m██[38;2;33;33;33m██    
                  [38;2;33;33;33m██[38;2;235;243;254m██[38;2;33;33;33m██[38;2;31;57;77m██[38;2;74;72;85m██[38;2;176;192;219m██[38;2;74;72;85m██[38;2;33;33;33m██[38;2;33;33;33m██[38;2;74;72;85m██[38;2;176;192;219m██[38;2;33;33;33m██[38;2;131;138;167m██[38;2;131;138;167m██[38;2;131;138;167m██[38;2;74;72;85m██[38;2;33;33;33m██[38;2;33;33;33m██[38;2;31;57;77m██[38;2;31;57;77m██[38;2;176;192;219m██[38;2;176;192;219m██[38;2;176;192;219m██[38;2;176;192;219m██[38;2;176;192;219m██[38;2;176;192;219m██[38;2;176;192;219m██[38;2;176;192;219m██[38;2;176;192;219m██[38;2;33;33;33m██    
                  [38;2;33;33;33m██[38;2;33;33;33m██[38;2;31;57;77m██[38;2;31;57;77m██[38;2;31;57;77m██[38;2;74;72;85m██[38;2;31;57;77m██[38;2;33;33;33m██[38;2;33;33;33m██[38;2;31;57;77m██[38;2;33;33;33m██[38;2;31;57;77m██[38;2;33;33;33m██[38;2;131;138;167m██[38;2;33;33;33m██[38;2;33;33;33m██[38;2;33;33;33m██[38;2;176;192;219m██[38;2;176;192;219m██[38;2;176;192;219m██[38;2;74;72;85m██[38;2;74;72;85m██[38;2;74;72;85m██[38;2;74;72;85m██[38;2;74;72;85m██[38;2;74;72;85m██[38;2;176;192;219m██[38;2;176;192;219m██[38;2;33;33;33m██      
                    [38;2;33;33;33m██[38;2;31;57;77m██[38;2;31;57;77m██[38;2;58;105;142m██[38;2;58;105;142m██[38;2;31;57;77m██[38;2;33;33;33m██[38;2;31;57;77m██[38;2;31;57;77m██[38;2;58;105;142m██[38;2;58;105;142m██[38;2;33;33;33m██[38;2;33;33;33m██    [38;2;33;33;33m██[38;2;176;192;219m██[38;2;176;192;219m██[38;2;176;192;219m██[38;2;176;192;219m██[38;2;176;192;219m██[38;2;176;192;219m██[38;2;176;192;219m██[38;2;176;192;219m██[38;2;176;192;219m██[38;2;176;192;219m██[38;2;176;192;219m██[38;2;33;33;33m██      
                      [38;2;33;33;33m██[38;2;58;105;142m██[38;2;58;105;142m██[38;2;58;105;142m██[38;2;58;105;142m██[38;2;33;33;33m██[38;2;31;57;77m██[38;2;58;105;142m██[38;2;58;105;142m██[38;2;58;105;142m██[38;2;33;33;33m██        [38;2;33;33;33m██[38;2;176;192;219m██[38;2;176;192;219m██[38;2;176;192;219m██[38;2;176;192;219m██[38;2;176;192;219m██[38;2;176;192;219m██[38;2;176;192;219m██[38;2;176;192;219m██[38;2;176;192;219m██[38;2;33;33;33m██        
                      [38;2;33;33;33m██[38;2;58;105;142m██[38;2;58;105;142m██[38;2;58;105;142m██[38;2;58;105;142m██[38;2;33;33;33m██[38;2;31;57;77m██[38;2;58;105;142m██[38;2;58;105;142m██[38;2;58;105;142m██[38;2;33;33;33m██          [38;2;33;33;33m██[38;2;33;33;33m██[38;2;176;192;219m██[38;2;176;192;219m██[38;2;176;192;219m██[38;2;176;192;219m██[38;2;176;192;219m██[38;2;33;33;33m██[38;2;33;33;33m██          
                      [38;2;33;33;33m██[38;2;58;105;142m██[38;2;58;105;142m██[38;2;58;105;142m██[38;2;58;105;142m██[38;2;33;33;33m██[38;2;58;105;142m██[38;2;58;105;142m██[38;2;58;105;142m██[38;2;31;57;77m██                [38;2;33;33;33m██[38;2;33;33;33m██[38;2;33;33;33m██[38;2;33;33;33m██[38;2;33;33;33m██              
                        [38;2;33;33;33m██[38;2;58;105;142m██[38;2;58;105;142m██[38;2;58;105;142m██[38;2;33;33;33m██[38;2;58;105;142m██[38;2;58;105;142m██[38;2;58;105;142m██[38;2;31;57;77m██                                        
                        [38;2;31;57;77m██[38;2;58;105;142m██[38;2;58;105;142m██[38;2;58;105;142m██[38;2;31;57;77m██[38;2;58;105;142m██[38;2;58;105;142m██[38;2;58;105;142m██[38;2;31;57;77m██                                        
                        [38;2;31;57;77m██[38;2;58;105;142m██[38;2;58;105;142m██[38;2;58;105;142m██[38;2;31;57;77m██[38;2;31;57;77m██[38;2;58;105;142m██[38;2;58;105;142m██[38;2;31;57;77m██                                        
                          [38;2;31;57;77m██[38;2;58;105;142m██[38;2;31;57;77m██  [38;2;31;57;77m██[38;2;58;105;142m██[38;2;58;105;142m██[38;2;31;57;77m██                                        
                          [38;2;31;57;77m██[38;2;58;105;142m██[38;2;31;57;77m██    [38;2;31;57;77m██[38;2;58;105;142m██[38;2;31;57;77m██                                        
                            [38;2;31;57;77m██        [38;2;31;57;77m██                                          
