                                                                  [38;2;97;36;99m██[38;2;97;36;99m██[38;2;97;36;99m██[38;2;97;36;99m██      
                                                                    [38;2;97;36;99m██[38;2;242;135;158m██[38;2;242;135;158m██[38;2;97;36;99m██    
                                                  [38;2;97;36;99m██[38;2;97;36;99m██[38;2;97;36;99m██[38;2;97;36;99m██            [38;2;97;36;99m██[38;2;242;135;158m██[38;2;242;135;158m██[38;2;18;18;18m██  
                                              [38;2;97;36;99m██[38;2;97;36;99m██[38;2;242;135;158m██[38;2;242;135;158m██[38;2;242;135;158m██[38;2;242;135;158m██[38;2;97;36;99m██[38;2;97;36;99m██        [38;2;97;36;99m██[38;2;242;135;158m██[38;2;242;135;158m██[38;2;18;18;18m██  
                                            [38;2;97;36;99m██[38;2;242;135;158m██[38;2;242;135;158m██[38;2;255;168;165m██[38;2;242;135;158m██[38;2;242;135;158m██[38;2;242;135;158m██[38;2;242;135;158m██[38;2;242;135;158m██[38;2;18;18;18m██[38;2;18;18;18m██[38;2;18;18;18m██[38;2;18;18;18m██[38;2;242;135;158m██[38;2;242;135;158m██[38;2;242;135;158m██[38;2;242;135;158m██[38;2;18;18;18m██
                                          [38;2;18;18;18m██[38;2;242;135;158m██[38;2;242;135;158m██[38;2;242;135;158m██[38;2;255;168;165m██[38;2;242;135;158m██[38;2;255;168;165m██[38;2;242;135;158m██[38;2;242;135;158m██[38;2;242;135;158m██[38;2;242;135;158m██[38;2;242;135;158m██[38;2;242;135;158m██[38;2;242;135;158m██[38;2;242;135;158m██[38;2;242;135;158m██[38;2;242;135;158m██[38;2;242;135;158m██[38;2;18;18;18m██
                                          [38;2;18;18;18m██[38;2;242;135;158m██[38;2;242;135;158m██[38;2;242;135;158m██[38;2;242;135;158m██[38;2;242;135;158m██[38;2;242;135;158m██[38;2;242;135;158m██[38;2;242;135;158m██[38;2;242;135;158m██[38;2;242;135;158m██[38;2;242;135;158m██[38;2;242;135;158m██[38;2;242;135;158m██[38;2;242;135;158m██[38;2;242;135;158m██[38;2;242;135;158m██[38;2;196;88;145m██[38;2;97;36;99m██
                                  [38;2;97;36;99m██[38;2;97;36;99m██[38;2;97;36;99m██[38;2;97;36;99m██[38;2;242;135;158m██[38;2;242;135;158m██[38;2;242;135;158m██[38;2;242;135;158m██[38;2;242;135;158m██[38;2;242;135;158m██[38;2;242;135;158m██[38;2;242;135;158m██[38;2;242;135;158m██[38;2;242;135;158m██[38;2;242;135;158m██[38;2;242;135;158m██[38;2;242;135;158m██[38;2;242;135;158m██[38;2;242;135;158m██[38;2;242;135;158m██[38;2;242;135;158m██[38;2;18;18;18m██  
                              [38;2;97;36;99m██[38;2;97;36;99m██[38;2;242;135;158m██[38;2;242;135;158m██[38;2;242;135;158m██[38;2;97;36;99m██[38;2;242;135;158m██[38;2;242;135;158m██[38;2;242;135;158m██[38;2;242;135;158m██[38;2;242;135;158m██[38;2;242;135;158m██[38;2;242;135;158m██[38;2;242;135;158m██[38;2;242;135;158m██[38;2;242;135;158m██[38;2;242;135;158m██[38;2;242;135;158m██[38;2;242;135;158m██[38;2;242;135;158m██[38;2;242;135;158m██[38;2;242;135;158m██[38;2;242;135;158m██[38;2;18;18;18m██  
                          [38;2;97;36;99m██[38;2;97;36;99m██[38;2;242;135;158m██[38;2;242;135;158m██[38;2;242;135;158m██[38;2;242;135;158m██[38;2;242;135;158m██[38;2;196;88;145m██[38;2;242;135;158m██[38;2;242;135;158m██[38;2;242;135;158m██[38;2;242;135;158m██[38;2;242;135;158m██[38;2;242;135;158m██[38;2;242;135;158m██[38;2;242;135;158m██[38;2;242;135;158m██[38;2;242;135;158m██[38;2;242;135;158m██[38;2;242;135;158m██[38;2;242;135;158m██[38;2;242;135;158m██[38;2;242;135;158m██[38;2;196;88;145m██[38;2;18;18;18m██    
                      [38;2;78;82;137m██[38;2;78;82;137m██[38;2;78;82;137m██[38;2;78;82;137m██[38;2;78;82;137m██[38;2;78;82;137m██[38;2;78;82;137m██[38;2;242;135;158m██[38;2;242;135;158m██[38;2;196;88;145m██[38;2;242;135;158m██[38;2;242;135;158m██[38;2;242;135;158m██[38;2;242;135;158m██[38;2;242;135;158m██[38;2;242;135;158m██[38;2;242;135;158m██[38;2;242;135;158m██[38;2;196;88;145m██[38;2;242;135;158m██[38;2;242;135;158m██[38;2;242;135;158m██[38;2;242;135;158m██[38;2;242;135;158m██[38;2;18;18;18m██[38;2;18;18;18m██      
                [38;2;78;82;137m██[38;2;78;82;137m██[38;2;78;82;137m██[38;2;218;221;242m██[38;2;218;221;242m██[38;2;218;221;242m██[38;2;218;221;242m██[38;2;218;221;242m██[38;2;218;221;242m██[38;2;218;221;242m██[38;2;78;82;137m██[38;2;78;82;137m██[38;2;242;135;158m██[38;2;196;88;145m██[38;2;242;135;158m██[38;2;242;135;158m██[38;2;242;135;158m██[38;2;242;135;158m██[38;2;242;135;158m██[38;2;242;135;158m██[38;2;242;135;158m██[38;2;242;135;158m██[38;2;196;88;145m██[38;2;196;88;145m██[38;2;196;88;145m██[38;2;196;88;145m██[38;2;18;18;18m██          
            [38;2;78;82;137m██[38;2;78;82;137m██[38;2;232;234;247m██[38;2;232;234;247m██[38;2;232;234;247m██[38;2;218;221;242m██[38;2;218;221;242m██[38;2;218;221;242m██[38;2;218;221;242m██[38;2;218;221;242m██[38;2;218;221;242m██[38;2;218;221;242m██[38;2;218;221;242m██[38;2;158;163;193m██[38;2;18;18;18m██[38;2;242;135;158m██[38;2;242;135;158m██[38;2;242;135;158m██[38;2;242;135;158m██[38;2;242;135;158m██[38;2;242;135;158m██[38;2;242;135;158m██[38;2;242;135;158m██[38;2;242;135;158m██[38;2;242;135;158m██[38;2;242;135;158m██[38;2;242;135;158m██[38;2;242;135;158m██[38;2;18;18;18m██          
          [38;2;78;82;137m██[38;2;232;234;247m██[38;2;232;234;247m██[38;2;232;234;247m██[38;2;232;234;247m██[38;2;218;221;242m██[38;2;218;221;242m██[38;2;218;221;242m██[38;2;218;221;242m██[38;2;218;221;242m██[38;2;218;221;242m██[38;2;218;221;242m██[38;2;218;221;242m██[38;2;218;221;242m██[38;2;218;221;242m██[38;2;218;221;242m██[38;2;18;18;18m██[38;2;242;135;158m██[38;2;242;135;158m██[38;2;242;135;158m██[38;2;242;135;158m██[38;2;196;88;145m██[38;2;196;88;145m██[38;2;196;88;145m██[38;2;242;135;158m██[38;2;242;135;158m██[38;2;242;135;158m██[38;2;97;36;99m██[38;2;18;18;18m██            
        [38;2;78;82;137m██[38;2;232;234;247m██[38;2;232;234;247m██[38;2;232;234;247m██[38;2;232;234;247m██[38;2;232;234;247m██[38;2;218;221;242m██[38;2;218;221;242m██[38;2;218;221;242m██[38;2;218;221;242m██[38;2;218;221;242m██[38;2;218;221;242m██[38;2;218;221;242m██[38;2;218;221;242m██[38;2;218;221;242m██[38;2;218;221;242m██[38;2;218;221;242m██[38;2;158;163;193m██[38;2;78;82;137m██[38;2;242;135;158m██[38;2;242;135;158m██[38;2;242;135;158m██[38;2;242;135;158m██[38;2;242;135;158m██[38;2;242;135;158m██[38;2;196;88;145m██[38;2;196;88;145m██[38;2;196;88;145m██                
      [38;2;78;82;137m██[38;2;232;234;247m██[38;2;232;234;247m██[38;2;232;234;247m██[38;2;232;234;247m██[38;2;232;234;247m██[38;2;218;221;242m██[38;2;218;221;242m██[38;2;218;221;242m██[38;2;218;221;242m██[38;2;218;221;242m██[38;2;218;221;242m██[38;2;218;221;242m██[38;2;218;221;242m██[38;2;218;221;242m██[38;2;181;53;58m██[38;2;181;53;58m██[38;2;122;26;62m██[38;2;33;33;33m██[38;2;33;33;33m██[38;2;242;135;158m██[38;2;242;135;158m██[38;2;242;135;158m██[38;2;242;135;158m██[38;2;242;135;158m██[38;2;242;135;158m██[38;2;242;135;158m██[38;2;242;135;158m██[38;2;242;135;158m██[38;2;97;36;99m██              
    [38;2;78;82;137m██[38;2;232;234;247m██[38;2;232;234;247m██[38;2;232;234;247m██[38;2;232;234;247m██[38;2;232;234;247m██[38;2;218;221;242m██[38;2;218;221;242m██[38;2;218;221;242m██[38;2;218;221;242m██[38;2;218;221;242m██[38;2;218;221;242m██[38;2;218;221;242m██[38;2;218;221;242m██[38;2;218;221;242m██[38;2;181;53;58m██[38;2;240;240;240m██[38;2;229;85;52m██[38;2;229;85;52m██[38;2;122;26;62m██[38;2;96;96;96m██[38;2;33;33;33m██[38;2;242;135;158m██[38;2;242;135;158m██[38;2;242;135;158m██[38;2;242;135;158m██[38;2;33;33;33m██[38;2;33;33;33m██[38;2;33;33;33m██[38;2;242;135;158m██[38;2;242;135;158m██[38;2;97;36;99m██[38;2;97;36;99m██[38;2;97;36;99m██[38;2;97;36;99m██[38;2;97;36;99m██    
    [38;2;78;82;137m██[38;2;232;234;247m██[38;2;232;234;247m██[38;2;232;234;247m██[38;2;218;221;242m██[38;2;218;221;242m██[38;2;218;221;242m██[38;2;218;221;242m██[38;2;218;221;242m██[38;2;218;221;242m██[38;2;218;221;242m██[38;2;218;221;242m██[38;2;218;221;242m██[38;2;218;221;242m██[38;2;181;53;58m██[38;2;240;240;240m██[38;2;240;240;240m██[38;2;240;240;240m██[38;2;229;85;52m██[38;2;122;26;62m██[38;2;96;96;96m██[38;2;96;96;96m██[38;2;33;33;33m██[38;2;33;33;33m██[38;2;33;33;33m██[38;2;33;33;33m██[38;2;96;96;96m██[38;2;96;96;96m██[38;2;33;33;33m██[38;2;242;135;158m██[38;2;242;135;158m██[38;2;255;168;165m██[38;2;242;135;158m██[38;2;242;135;158m██[38;2;242;135;158m██[38;2;97;36;99m██    
  [38;2;78;82;137m██[38;2;218;221;242m██[38;2;218;221;242m██[38;2;218;221;242m██[38;2;218;221;242m██[38;2;218;221;242m██[38;2;218;221;242m██[38;2;218;221;242m██[38;2;218;221;242m██[38;2;218;221;242m██[38;2;218;221;242m██[38;2;218;221;242m██[38;2;218;221;242m██[38;2;218;221;242m██[38;2;218;221;242m██[38;2;181;53;58m██[38;2;240;240;240m██[38;2;240;240;240m██[38;2;240;240;240m██[38;2;229;85;52m██[38;2;229;85;52m██[38;2;122;26;62m██[38;2;96;96;96m██[38;2;96;96;96m██[38;2;96;96;96m██[38;2;96;96;96m██[38;2;96;96;96m██[38;2;96;96;96m██[38;2;96;96;96m██[38;2;18;18;18m██[38;2;242;135;158m██[38;2;242;135;158m██[38;2;255;168;165m██[38;2;242;135;158m██[38;2;255;168;165m██[38;2;242;135;158m██[38;2;18;18;18m██    
  [38;2;78;82;137m██[38;2;218;221;242m██[38;2;218;221;242m██[38;2;218;221;242m██[38;2;218;221;242m██[38;2;218;221;242m██[38;2;218;221;242m██[38;2;218;221;242m██[38;2;218;221;242m██[38;2;218;221;242m██[38;2;218;221;242m██[38;2;218;221;242m██[38;2;218;221;242m██[38;2;218;221;242m██[38;2;181;53;58m██[38;2;229;85;52m██[38;2;18;18;18m██[38;2;240;240;240m██[38;2;18;18;18m██[38;2;229;85;52m██[38;2;229;85;52m██[38;2;122;26;62m██[38;2;96;96;96m██[38;2;96;96;96m██[38;2;96;96;96m██[38;2;96;96;96m██[38;2;96;96;96m██[38;2;96;96;96m██[38;2;61;61;61m██[38;2;18;18;18m██[38;2;242;135;158m██[38;2;242;135;158m██[38;2;242;135;158m██[38;2;242;135;158m██[38;2;242;135;158m██[38;2;242;135;158m██[38;2;18;18;18m██    
  [38;2;18;18;18m██[38;2;218;221;242m██[38;2;218;221;242m██[38;2;218;221;242m██[38;2;218;221;242m██[38;2;218;221;242m██[38;2;218;221;242m██[38;2;218;221;242m██[38;2;218;221;242m██[38;2;218;221;242m██[38;2;218;221;242m██[38;2;218;221;242m██[38;2;218;221;242m██[38;2;218;221;242m██[38;2;181;53;58m██[38;2;229;85;52m██[38;2;18;18;18m██[38;2;18;18;18m██[38;2;18;18;18m██[38;2;229;85;52m██[38;2;229;85;52m██[38;2;122;26;62m██[38;2;96;96;96m██[38;2;96;96;96m██[38;2;96;96;96m██[38;2;96;96;96m██[38;2;96;96;96m██[38;2;96;96;96m██[38;2;18;18;18m██[38;2;242;135;158m██[38;2;242;135;158m██[38;2;242;135;158m██[38;2;242;135;158m██[38;2;242;135;158m██[38;2;196;88;145m██[38;2;18;18;18m██      
  [38;2;18;18;18m██[38;2;158;163;193m██[38;2;218;221;242m██[38;2;218;221;242m██[38;2;218;221;242m██[38;2;218;221;242m██[38;2;218;221;242m██[38;2;218;221;242m██[38;2;218;221;242m██[38;2;218;221;242m██[38;2;218;221;242m██[38;2;218;221;242m██[38;2;218;221;242m██[38;2;218;221;242m██[38;2;181;53;58m██[38;2;229;85;52m██[38;2;18;18;18m██[38;2;18;18;18m██[38;2;18;18;18m██[38;2;229;85;52m██[38;2;229;85;52m██[38;2;122;26;62m██[38;2;96;96;96m██[38;2;96;96;96m██[38;2;96;96;96m██[38;2;96;96;96m██[38;2;96;96;96m██[38;2;18;18;18m██[38;2;242;135;158m██[38;2;242;135;158m██[38;2;242;135;158m██[38;2;242;135;158m██[38;2;242;135;158m██[38;2;97;36;99m██[38;2;18;18;18m██        
  [38;2;18;18;18m██[38;2;18;18;18m██[38;2;18;18;18m██[38;2;78;82;137m██[38;2;78;82;137m██[38;2;218;221;242m██[38;2;218;221;242m██[38;2;218;221;242m██[38;2;218;221;242m██[38;2;218;221;242m██[38;2;218;221;242m██[38;2;218;221;242m██[38;2;218;221;242m██[38;2;218;221;242m██[38;2;181;53;58m██[38;2;229;85;52m██[38;2;78;82;137m██[38;2;78;82;137m██[38;2;18;18;18m██[38;2;229;85;52m██[38;2;229;85;52m██[38;2;122;26;62m██[38;2;96;96;96m██[38;2;96;96;96m██[38;2;61;61;61m██[38;2;61;61;61m██[38;2;33;33;33m██[38;2;242;135;158m██[38;2;242;135;158m██[38;2;242;135;158m██[38;2;97;36;99m██[38;2;97;36;99m██[38;2;97;36;99m██[38;2;18;18;18m██          
      [38;2;97;36;99m██[38;2;242;135;158m██[38;2;18;18;18m██[38;2;78;82;137m██[38;2;78;82;137m██[38;2;218;221;242m██[38;2;218;221;242m██[38;2;218;221;242m██[38;2;218;221;242m██[38;2;218;221;242m██[38;2;218;221;242m██[38;2;218;221;242m██[38;2;181;53;58m██[38;2;229;85;52m██[38;2;229;85;52m██[38;2;78;82;137m██[38;2;247;116;64m██[38;2;247;116;64m██[38;2;122;26;62m██[38;2;96;96;96m██[38;2;96;96;96m██[38;2;96;96;96m██[38;2;96;96;96m██[38;2;96;96;96m██[38;2;33;33;33m██[38;2;242;135;158m██[38;2;242;135;158m██[38;2;242;135;158m██[38;2;196;88;145m██[38;2;196;88;145m██[38;2;196;88;145m██[38;2;18;18;18m██      [38;2;97;36;99m██[38;2;97;36;99m██
[38;2;97;36;99m██[38;2;97;36;99m██[38;2;97;36;99m██[38;2;97;36;99m██[38;2;242;135;158m██[38;2;18;18;18m██[38;2;158;163;193m██[38;2;158;163;193m██[38;2;78;82;137m██[38;2;78;82;137m██[38;2;158;163;193m██[38;2;218;221;242m██[38;2;218;221;242m██[38;2;218;221;242m██[38;2;218;221;242m██[38;2;218;221;242m██[38;2;181;53;58m██[38;2;229;85;52m██[38;2;247;116;64m██[38;2;247;116;64m██[38;2;247;116;64m██[38;2;122;26;62m██[38;2;96;96;96m██[38;2;96;96;96m██[38;2;96;96;96m██[38;2;96;96;96m██[38;2;61;61;61m██[38;2;18;18;18m██[38;2;242;135;158m██[38;2;242;135;158m██[38;2;242;135;158m██[38;2;196;88;145m██[38;2;196;88;145m██[38;2;196;88;145m██[38;2;97;36;99m██  [38;2;97;36;99m██[38;2;97;36;99m██[38;2;242;135;158m██[38;2;97;36;99m██
[38;2;97;36;99m██[38;2;196;88;145m██[38;2;196;88;145m██[38;2;97;36;99m██[38;2;242;135;158m██[38;2;242;135;158m██[38;2;78;82;137m██[38;2;158;163;193m██[38;2;158;163;193m██[38;2;158;163;193m██[38;2;158;163;193m██[38;2;158;163;193m██[38;2;218;221;242m██[38;2;218;221;242m██[38;2;218;221;242m██[38;2;158;163;193m██[38;2;181;53;58m██[38;2;229;85;52m██[38;2;247;116;64m██[38;2;247;116;64m██[38;2;122;26;62m██[38;2;96;96;96m██[38;2;96;96;96m██[38;2;96;96;96m██[38;2;96;96;96m██[38;2;96;96;96m██[38;2;18;18;18m██[38;2;242;135;158m██[38;2;242;135;158m██[38;2;242;135;158m██[38;2;196;88;145m██[38;2;196;88;145m██[38;2;196;88;145m██[38;2;18;18;18m██[38;2;97;36;99m██[38;2;97;36;99m██[38;2;242;135;158m██[38;2;242;135;158m██[38;2;242;135;158m██[38;2;97;36;99m██
[38;2;97;36;99m██[38;2;196;88;145m██[38;2;196;88;145m██[38;2;97;36;99m██[38;2;242;135;158m██[38;2;242;135;158m██[38;2;78;82;137m██[38;2;158;163;193m██[38;2;158;163;193m██[38;2;158;163;193m██[38;2;158;163;193m██[38;2;158;163;193m██[38;2;158;163;193m██[38;2;158;163;193m██[38;2;158;163;193m██[38;2;158;163;193m██[38;2;158;163;193m██[38;2;181;53;58m██[38;2;122;26;62m██[38;2;122;26;62m██[38;2;96;96;96m██[38;2;61;61;61m██[38;2;33;33;33m██[38;2;33;33;33m██[38;2;18;18;18m██[38;2;18;18;18m██[38;2;242;135;158m██[38;2;242;135;158m██[38;2;242;135;158m██[38;2;242;135;158m██[38;2;196;88;145m██[38;2;97;36;99m██[38;2;97;36;99m██[38;2;97;36;99m██[38;2;242;135;158m██[38;2;242;135;158m██[38;2;242;135;158m██[38;2;242;135;158m██[38;2;242;135;158m██[38;2;18;18;18m██
[38;2;97;36;99m██[38;2;196;88;145m██[38;2;196;88;145m██[38;2;97;36;99m██[38;2;242;135;158m██[38;2;242;135;158m██[38;2;242;135;158m██[38;2;78;82;137m██[38;2;158;163;193m██[38;2;158;163;193m██[38;2;158;163;193m██[38;2;158;163;193m██[38;2;158;163;193m██[38;2;158;163;193m██[38;2;158;163;193m██[38;2;158;163;193m██[38;2;158;163;193m██[38;2;158;163;193m██[38;2;158;163;193m██[38;2;158;163;193m██[38;2;33;33;33m██[38;2;33;33;33m██[38;2;242;135;158m██[38;2;242;135;158m██[38;2;242;135;158m██[38;2;242;135;158m██[38;2;242;135;158m██[38;2;196;88;145m██[38;2;196;88;145m██[38;2;196;88;145m██[38;2;196;88;145m██[38;2;242;135;158m██[38;2;242;135;158m██[38;2;242;135;158m██[38;2;242;135;158m██[38;2;255;168;165m██[38;2;242;135;158m██[38;2;242;135;158m██[38;2;242;135;158m██[38;2;18;18;18m██
[38;2;97;36;99m██[38;2;196;88;145m██[38;2;196;88;145m██[38;2;196;88;145m██[38;2;97;36;99m██[38;2;242;135;158m██[38;2;242;135;158m██[38;2;242;135;158m██[38;2;18;18;18m██[38;2;18;18;18m██[38;2;158;163;193m██[38;2;158;163;193m██[38;2;158;163;193m██[38;2;158;163;193m██[38;2;158;163;193m██[38;2;158;163;193m██[38;2;158;163;193m██[38;2;158;163;193m██[38;2;158;163;193m██[38;2;18;18;18m██[38;2;18;18;18m██[38;2;242;135;158m██[38;2;242;135;158m██[38;2;242;135;158m██[38;2;242;135;158m██[38;2;242;135;158m██[38;2;242;135;158m██[38;2;242;135;158m██[38;2;242;135;158m██[38;2;242;135;158m██[38;2;242;135;158m██[38;2;242;135;158m██[38;2;255;168;165m██[38;2;255;168;165m██[38;2;242;135;158m██[38;2;242;135;158m██[38;2;242;135;158m██[38;2;242;135;158m██[38;2;196;88;145m██[38;2;18;18;18m██
  [38;2;97;36;99m██[38;2;196;88;145m██[38;2;196;88;145m██[38;2;97;36;99m██[38;2;242;135;158m██[38;2;242;135;158m██[38;2;242;135;158m██[38;2;242;135;158m██[38;2;242;135;158m██[38;2;18;18;18m██[38;2;18;18;18m██[38;2;18;18;18m██[38;2;18;18;18m██[38;2;18;18;18m██[38;2;18;18;18m██[38;2;18;18;18m██[38;2;18;18;18m██[38;2;18;18;18m██[38;2;242;135;158m██[38;2;242;135;158m██[38;2;242;135;158m██[38;2;242;135;158m██[38;2;242;135;158m██[38;2;242;135;158m██[38;2;242;135;158m██[38;2;242;135;158m██[38;2;242;135;158m██[38;2;242;135;158m██[38;2;242;135;158m██[38;2;242;135;158m██[38;2;242;135;158m██[38;2;242;135;158m██[38;2;242;135;158m██[38;2;242;135;158m██[38;2;242;135;158m██[38;2;242;135;158m██[38;2;196;88;145m██[38;2;196;88;145m██[38;2;18;18;18m██
  [38;2;97;36;99m██[38;2;196;88;145m██[38;2;196;88;145m██[38;2;196;88;145m██[38;2;97;36;99m██[38;2;196;88;145m██[38;2;242;135;158m██[38;2;242;135;158m██[38;2;242;135;158m██[38;2;242;135;158m██[38;2;242;135;158m██[38;2;242;135;158m██[38;2;242;135;158m██[38;2;242;135;158m██[38;2;242;135;158m██[38;2;242;135;158m██[38;2;242;135;158m██[38;2;242;135;158m██[38;2;242;135;158m██[38;2;242;135;158m██[38;2;242;135;158m██[38;2;242;135;158m██[38;2;242;135;158m██[38;2;242;135;158m██[38;2;242;135;158m██[38;2;242;135;158m██[38;2;242;135;158m██[38;2;242;135;158m██[38;2;242;135;158m██[38;2;242;135;158m██[38;2;242;135;158m██[38;2;242;135;158m██[38;2;242;135;158m██[38;2;242;135;158m██[38;2;196;88;145m██[38;2;196;88;145m██[38;2;196;88;145m██[38;2;18;18;18m██  
    [38;2;18;18;18m██[38;2;196;88;145m██[38;2;196;88;145m██[38;2;196;88;145m██[38;2;97;36;99m██[38;2;196;88;145m██[38;2;196;88;145m██[38;2;242;135;158m██[38;2;242;135;158m██[38;2;242;135;158m██[38;2;242;135;158m██[38;2;242;135;158m██[38;2;242;135;158m██[38;2;242;135;158m██[38;2;242;135;158m██[38;2;242;135;158m██[38;2;242;135;158m██[38;2;242;135;158m██[38;2;242;135;158m██[38;2;242;135;158m██[38;2;242;135;158m██[38;2;242;135;158m██[38;2;242;135;158m██[38;2;242;135;158m██[38;2;242;135;158m██[38;2;242;135;158m██[38;2;242;135;158m██[38;2;242;135;158m██[38;2;242;135;158m██[38;2;242;135;158m██[38;2;196;88;145m██[38;2;196;88;145m██[38;2;196;88;145m██[38;2;196;88;145m██[38;2;196;88;145m██[38;2;196;88;145m██[38;2;97;36;99m██  
      [38;2;18;18;18m██[38;2;18;18;18m██[38;2;196;88;145m██[38;2;196;88;145m██[38;2;97;36;99m██[38;2;196;88;145m██[38;2;196;88;145m██[38;2;196;88;145m██[38;2;196;88;145m██[38;2;242;135;158m██[38;2;242;135;158m██[38;2;242;135;158m██[38;2;242;135;158m██[38;2;242;135;158m██[38;2;242;135;158m██[38;2;242;135;158m██[38;2;242;135;158m██[38;2;242;135;158m██[38;2;242;135;158m██[38;2;242;135;158m██[38;2;242;135;158m██[38;2;242;135;158m██[38;2;242;135;158m██[38;2;196;88;145m██[38;2;196;88;145m██[38;2;196;88;145m██[38;2;196;88;145m██[38;2;196;88;145m██[38;2;196;88;145m██[38;2;196;88;145m██[38;2;196;88;145m██[38;2;196;88;145m██[38;2;196;88;145m██[38;2;196;88;145m██[38;2;18;18;18m██    
          [38;2;18;18;18m██[38;2;18;18;18m██[38;2;18;18;18m██[38;2;97;36;99m██[38;2;196;88;145m██[38;2;196;88;145m██[38;2;196;88;145m██[38;2;196;88;145m██[38;2;196;88;145m██[38;2;196;88;145m██[38;2;196;88;145m██[38;2;196;88;145m██[38;2;196;88;145m██[38;2;196;88;145m██[38;2;196;88;145m██[38;2;196;88;145m██[38;2;196;88;145m██[38;2;196;88;145m██[38;2;196;88;145m██[38;2;196;88;145m██[38;2;196;88;145m██[38;2;196;88;145m██[38;2;196;88;145m██[38;2;196;88;145m██[38;2;196;88;145m██[38;2;196;88;145m██[38;2;196;88;145m██[38;2;196;88;145m██[38;2;196;88;145m██[38;2;196;88;145m██[38;2;97;36;99m██[38;2;18;18;18m██      
        [38;2;97;36;99m██[38;2;196;88;145m██[38;2;196;88;145m██[38;2;196;88;145m██[38;2;196;88;145m██[38;2;97;36;99m██[38;2;196;88;145m██[38;2;196;88;145m██[38;2;196;88;145m██[38;2;196;88;145m██[38;2;196;88;145m██[38;2;196;88;145m██[38;2;196;88;145m██[38;2;196;88;145m██[38;2;196;88;145m██[38;2;196;88;145m██[38;2;196;88;145m██[38;2;196;88;145m██[38;2;196;88;145m██[38;2;196;88;145m██[38;2;196;88;145m██[38;2;196;88;145m██[38;2;196;88;145m██[38;2;196;88;145m██[38;2;196;88;145m██[38;2;196;88;145m██[38;2;196;88;145m██[38;2;196;88;145m██[38;2;196;88;145m██[38;2;18;18;18m██[38;2;18;18;18m██          
        [38;2;97;36;99m██[38;2;97;36;99m██[38;2;18;18;18m██[38;2;18;18;18m██[38;2;18;18;18m██[38;2;18;18;18m██[38;2;97;36;99m██[38;2;97;36;99m██[38;2;196;88;145m██[38;2;196;88;145m██[38;2;196;88;145m██[38;2;196;88;145m██[38;2;196;88;145m██[38;2;196;88;145m██[38;2;196;88;145m██[38;2;196;88;145m██[38;2;196;88;145m██[38;2;196;88;145m██[38;2;196;88;145m██[38;2;196;88;145m██[38;2;97;36;99m██[38;2;97;36;99m██[38;2;196;88;145m██[38;2;196;88;145m██[38;2;196;88;145m██[38;2;196;88;145m██[38;2;196;88;145m██[38;2;97;36;99m██[38;2;97;36;99m██[38;2;97;36;99m██[38;2;97;36;99m██[38;2;97;36;99m██        
                        [38;2;97;36;99m██[38;2;97;36;99m██[38;2;97;36;99m██[38;2;196;88;145m██[38;2;196;88;145m██[38;2;196;88;145m██[38;2;196;88;145m██[38;2;196;88;145m██[38;2;196;88;145m██[38;2;196;88;145m██[38;2;196;88;145m██[38;2;97;36;99m██    [38;2;18;18;18m██[38;2;196;88;145m██[38;2;196;88;145m██[38;2;196;88;145m██[38;2;196;88;145m██[38;2;196;88;145m██[38;2;196;88;145m██[38;2;196;88;145m██[38;2;196;88;145m██[38;2;18;18;18m██        
                      [38;2;97;36;99m██[38;2;196;88;145m██[38;2;196;88;145m██[38;2;196;88;145m██[38;2;196;88;145m██[38;2;196;88;145m██[38;2;196;88;145m██[38;2;196;88;145m██[38;2;196;88;145m██[38;2;196;88;145m██[38;2;97;36;99m██[38;2;97;36;99m██        [38;2;18;18;18m██[38;2;18;18;18m██[38;2;196;88;145m██[38;2;196;88;145m██[38;2;196;88;145m██[38;2;196;88;145m██[38;2;18;18;18m██[38;2;18;18;18m██          
                      [38;2;97;36;99m██[38;2;196;88;145m██[38;2;196;88;145m██[38;2;196;88;145m██[38;2;97;36;99m██[38;2;196;88;145m██[38;2;196;88;145m██[38;2;196;88;145m██[38;2;97;36;99m██[38;2;196;88;145m██[38;2;196;88;145m██[38;2;196;88;145m██[38;2;18;18;18m██          [38;2;18;18;18m██[38;2;18;18;18m██[38;2;18;18;18m██[38;2;18;18;18m██              
                        [38;2;18;18;18m██[38;2;18;18;18m██[38;2;18;18;18m██[38;2;97;36;99m██[38;2;196;88;145m██[38;2;196;88;145m██[38;2;18;18;18m██[38;2;125;43;145m██[38;2;97;36;99m██[38;2;196;88;145m██[38;2;196;88;145m██[38;2;196;88;145m██[38;2;18;18;18m██                              
                              [38;2;18;18;18m██[38;2;196;88;145m██[38;2;18;18;18m██[38;2;97;36;99m██[38;2;125;43;145m██[38;2;125;43;145m██[38;2;97;36;99m██[38;2;196;88;145m██[38;2;196;88;145m██[38;2;97;36;99m██                              
                              [38;2;18;18;18m██[38;2;18;18;18m██[38;2;125;43;145m██[38;2;97;36;99m██[38;2;125;43;145m██[38;2;125;43;145m██[38;2;18;18;18m██[38;2;18;18;18m██[38;2;18;18;18m██                                
                                [38;2;97;36;99m██[38;2;125;43;145m██[38;2;97;36;99m██[38;2;173;86;161m██[38;2;173;86;161m██[38;2;18;18;18m██                                    
                                [38;2;97;36;99m██[38;2;173;86;161m██[38;2;97;36;99m██[38;2;173;86;161m██[38;2;173;86;161m██[38;2;97;36;99m██                                    
                                  [38;2;97;36;99m██[38;2;18;18;18m██[38;2;173;86;161m██[38;2;125;43;145m██[38;2;97;36;99m██                                    
                                      [38;2;18;18;18m██[38;2;18;18;18m██                                      
