      [38;2;36;84;100m██[38;2;36;84;100m██[38;2;36;84;100m██[38;2;36;84;100m██                                                                    
    [38;2;36;84;100m██[38;2;136;195;242m██[38;2;136;195;242m██[38;2;36;84;100m██                                                                      
  [38;2;36;84;100m██[38;2;136;195;242m██[38;2;136;195;242m██[38;2;18;18;18m██            [38;2;36;84;100m██[38;2;36;84;100m██[38;2;36;84;100m██[38;2;36;84;100m██                                                    
  [38;2;36;84;100m██[38;2;136;195;242m██[38;2;136;195;242m██[38;2;18;18;18m██        [38;2;36;84;100m██[38;2;36;84;100m██[38;2;136;195;242m██[38;2;136;195;242m██[38;2;136;195;242m██[38;2;136;195;242m██[38;2;36;84;100m██[38;2;36;84;100m██                                                
[38;2;36;84;100m██[38;2;136;195;242m██[38;2;136;195;242m██[38;2;136;195;242m██[38;2;88;139;196m██[38;2;18;18;18m██[38;2;18;18;18m██[38;2;18;18;18m██[38;2;36;84;100m██[38;2;136;195;242m██[38;2;136;195;242m██[38;2;165;215;255m██[38;2;136;195;242m██[38;2;136;195;242m██[38;2;136;195;242m██[38;2;136;195;242m██[38;2;88;139;196m██[38;2;18;18;18m██                                              
[38;2;36;84;100m██[38;2;136;195;242m██[38;2;136;195;242m██[38;2;136;195;242m██[38;2;136;195;242m██[38;2;136;195;242m██[38;2;136;195;242m██[38;2;136;195;242m██[38;2;136;195;242m██[38;2;136;195;242m██[38;2;136;195;242m██[38;2;165;215;255m██[38;2;136;195;242m██[38;2;165;215;255m██[38;2;136;195;242m██[38;2;136;195;242m██[38;2;136;195;242m██[38;2;136;195;242m██[38;2;18;18;18m██                                            
[38;2;36;84;100m██[38;2;136;195;242m██[38;2;136;195;242m██[38;2;136;195;242m██[38;2;136;195;242m██[38;2;136;195;242m██[38;2;136;195;242m██[38;2;136;195;242m██[38;2;136;195;242m██[38;2;136;195;242m██[38;2;136;195;242m██[38;2;136;195;242m██[38;2;136;195;242m██[38;2;136;195;242m██[38;2;136;195;242m██[38;2;136;195;242m██[38;2;136;195;242m██[38;2;136;195;242m██[38;2;18;18;18m██                                            
  [38;2;36;84;100m██[38;2;136;195;242m██[38;2;136;195;242m██[38;2;136;195;242m██[38;2;136;195;242m██[38;2;136;195;242m██[38;2;136;195;242m██[38;2;136;195;242m██[38;2;136;195;242m██[38;2;136;195;242m██[38;2;136;195;242m██[38;2;136;195;242m██[38;2;136;195;242m██[38;2;136;195;242m██[38;2;136;195;242m██[38;2;136;195;242m██[38;2;136;195;242m██[38;2;136;195;242m██[38;2;18;18;18m██[38;2;36;84;100m██[38;2;36;84;100m██[38;2;36;84;100m██[38;2;36;84;100m██[38;2;36;84;100m██                                
  [38;2;36;84;100m██[38;2;136;195;242m██[38;2;136;195;242m██[38;2;136;195;242m██[38;2;136;195;242m██[38;2;136;195;242m██[38;2;136;195;242m██[38;2;136;195;242m██[38;2;136;195;242m██[38;2;136;195;242m██[38;2;136;195;242m██[38;2;136;195;242m██[38;2;136;195;242m██[38;2;136;195;242m██[38;2;136;195;242m██[38;2;136;195;242m██[38;2;136;195;242m██[38;2;136;195;242m██[38;2;88;139;196m██[38;2;136;195;242m██[38;2;136;195;242m██[38;2;136;195;242m██[38;2;136;195;242m██[38;2;136;195;242m██[38;2;36;84;100m██[38;2;36;84;100m██                            
    [38;2;18;18;18m██[38;2;88;139;196m██[38;2;136;195;242m██[38;2;136;195;242m██[38;2;136;195;242m██[38;2;136;195;242m██[38;2;136;195;242m██[38;2;136;195;242m██[38;2;136;195;242m██[38;2;136;195;242m██[38;2;136;195;242m██[38;2;136;195;242m██[38;2;136;195;242m██[38;2;136;195;242m██[38;2;136;195;242m██[38;2;136;195;242m██[38;2;136;195;242m██[38;2;88;139;196m██[38;2;136;195;242m██[38;2;136;195;242m██[38;2;136;195;242m██[38;2;136;195;242m██[38;2;136;195;242m██[38;2;136;195;242m██[38;2;136;195;242m██[38;2;36;84;100m██[38;2;36;84;100m██                        
      [38;2;18;18;18m██[38;2;18;18;18m██[38;2;136;195;242m██[38;2;136;195;242m██[38;2;136;195;242m██[38;2;136;195;242m██[38;2;136;195;242m██[38;2;88;139;196m██[38;2;136;195;242m██[38;2;136;195;242m██[38;2;136;195;242m██[38;2;136;195;242m██[38;2;136;195;242m██[38;2;136;195;242m██[38;2;136;195;242m██[38;2;136;195;242m██[38;2;88;139;196m██[38;2;136;195;242m██[38;2;136;195;242m██[38;2;136;195;242m██[38;2;136;195;242m██[38;2;136;195;242m██[38;2;136;195;242m██[38;2;136;195;242m██[38;2;136;195;242m██[38;2;136;195;242m██[38;2;18;18;18m██                      
          [38;2;18;18;18m██[38;2;88;139;196m██[38;2;88;139;196m██[38;2;88;139;196m██[38;2;88;139;196m██[38;2;136;195;242m██[38;2;136;195;242m██[38;2;136;195;242m██[38;2;136;195;242m██[38;2;136;195;242m██[38;2;136;195;242m██[38;2;136;195;242m██[38;2;136;195;242m██[38;2;88;139;196m██[38;2;136;195;242m██[38;2;136;195;242m██[38;2;136;195;242m██[38;2;136;195;242m██[38;2;136;195;242m██[38;2;136;195;242m██[38;2;136;195;242m██[38;2;136;195;242m██[38;2;136;195;242m██[38;2;136;195;242m██[38;2;136;195;242m██[38;2;18;18;18m██[38;2;33;33;33m██                  
          [38;2;36;84;100m██[38;2;136;195;242m██[38;2;136;195;242m██[38;2;136;195;242m██[38;2;136;195;242m██[38;2;136;195;242m██[38;2;136;195;242m██[38;2;136;195;242m██[38;2;136;195;242m██[38;2;136;195;242m██[38;2;136;195;242m██[38;2;136;195;242m██[38;2;136;195;242m██[38;2;136;195;242m██[38;2;136;195;242m██[38;2;136;195;242m██[38;2;136;195;242m██[38;2;136;195;242m██[38;2;136;195;242m██[38;2;136;195;242m██[38;2;136;195;242m██[38;2;136;195;242m██[38;2;136;195;242m██[38;2;136;195;242m██[38;2;136;195;242m██[38;2;136;195;242m██[38;2;18;18;18m██[38;2;33;33;33m██[38;2;33;33;33m██              
            [38;2;18;18;18m██[38;2;18;18;18m██[38;2;136;195;242m██[38;2;136;195;242m██[38;2;136;195;242m██[38;2;136;195;242m██[38;2;136;195;242m██[38;2;136;195;242m██[38;2;136;195;242m██[38;2;136;195;242m██[38;2;136;195;242m██[38;2;136;195;242m██[38;2;136;195;242m██[38;2;136;195;242m██[38;2;136;195;242m██[38;2;136;195;242m██[38;2;136;195;242m██[38;2;136;195;242m██[38;2;136;195;242m██[38;2;136;195;242m██[38;2;136;195;242m██[38;2;136;195;242m██[38;2;136;195;242m██[38;2;136;195;242m██[38;2;136;195;242m██[38;2;136;195;242m██[38;2;18;18;18m██[38;2;96;96;96m██[38;2;33;33;33m██        [38;2;33;33;33m██[38;2;33;33;33m██
                [38;2;18;18;18m██[38;2;136;195;242m██[38;2;88;139;196m██[38;2;88;139;196m██[38;2;88;139;196m██[38;2;136;195;242m██[38;2;136;195;242m██[38;2;136;195;242m██[38;2;136;195;242m██[38;2;136;195;242m██[38;2;136;195;242m██[38;2;136;195;242m██[38;2;136;195;242m██[38;2;88;139;196m██[38;2;88;139;196m██[38;2;136;195;242m██[38;2;136;195;242m██[38;2;136;195;242m██[38;2;136;195;242m██[38;2;136;195;242m██[38;2;136;195;242m██[38;2;136;195;242m██[38;2;136;195;242m██[38;2;136;195;242m██[38;2;88;139;196m██[38;2;18;18;18m██[38;2;96;96;96m██[38;2;33;33;33m██[38;2;33;33;33m██[38;2;33;33;33m██[38;2;33;33;33m██[38;2;96;96;96m██[38;2;33;33;33m██
              [38;2;18;18;18m██[38;2;88;139;196m██[38;2;88;139;196m██[38;2;136;195;242m██[38;2;136;195;242m██[38;2;136;195;242m██[38;2;136;195;242m██[38;2;136;195;242m██[38;2;136;195;242m██[38;2;136;195;242m██[38;2;136;195;242m██[38;2;136;195;242m██[38;2;136;195;242m██[38;2;136;195;242m██[38;2;136;195;242m██[38;2;136;195;242m██[38;2;88;139;196m██[38;2;88;139;196m██[38;2;136;195;242m██[38;2;136;195;242m██[38;2;136;195;242m██[38;2;136;195;242m██[38;2;136;195;242m██[38;2;136;195;242m██[38;2;136;195;242m██[38;2;136;195;242m██[38;2;18;18;18m██[38;2;96;96;96m██[38;2;96;96;96m██[38;2;96;96;96m██[38;2;96;96;96m██[38;2;96;96;96m██[38;2;96;96;96m██[38;2;18;18;18m██
    [38;2;36;84;100m██[38;2;36;84;100m██[38;2;36;84;100m██[38;2;36;84;100m██[38;2;36;84;100m██[38;2;136;195;242m██[38;2;136;195;242m██[38;2;136;195;242m██[38;2;136;195;242m██[38;2;136;195;242m██[38;2;136;195;242m██[38;2;136;195;242m██[38;2;136;195;242m██[38;2;136;195;242m██[38;2;136;195;242m██[38;2;136;195;242m██[38;2;136;195;242m██[38;2;136;195;242m██[38;2;136;195;242m██[38;2;136;195;242m██[38;2;136;195;242m██[38;2;136;195;242m██[38;2;136;195;242m██[38;2;36;84;100m██[38;2;36;84;100m██[38;2;36;84;100m██[38;2;36;84;100m██[38;2;36;84;100m██[38;2;136;195;242m██[38;2;136;195;242m██[38;2;136;195;242m██[38;2;136;195;242m██[38;2;18;18;18m██[38;2;96;96;96m██[38;2;96;96;96m██[38;2;96;96;96m██[38;2;96;96;96m██[38;2;96;96;96m██[38;2;18;18;18m██
    [38;2;36;84;100m██[38;2;136;195;242m██[38;2;165;215;255m██[38;2;136;195;242m██[38;2;136;195;242m██[38;2;136;195;242m██[38;2;136;195;242m██[38;2;136;195;242m██[38;2;136;195;242m██[38;2;136;195;242m██[38;2;136;195;242m██[38;2;136;195;242m██[38;2;136;195;242m██[38;2;136;195;242m██[38;2;136;195;242m██[38;2;136;195;242m██[38;2;136;195;242m██[38;2;136;195;242m██[38;2;136;195;242m██[38;2;136;195;242m██[38;2;136;195;242m██[38;2;136;195;242m██[38;2;165;215;255m██[38;2;136;195;242m██[38;2;136;195;242m██[38;2;136;195;242m██[38;2;136;195;242m██[38;2;36;84;100m██[38;2;136;195;242m██[38;2;136;195;242m██[38;2;136;195;242m██[38;2;136;195;242m██[38;2;36;84;100m██[38;2;96;96;96m██[38;2;96;96;96m██[38;2;96;96;96m██[38;2;96;96;96m██[38;2;61;61;61m██[38;2;18;18;18m██
    [38;2;18;18;18m██[38;2;136;195;242m██[38;2;165;215;255m██[38;2;136;195;242m██[38;2;165;215;255m██[38;2;136;195;242m██[38;2;136;195;242m██[38;2;136;195;242m██[38;2;136;195;242m██[38;2;136;195;242m██[38;2;136;195;242m██[38;2;136;195;242m██[38;2;136;195;242m██[38;2;136;195;242m██[38;2;136;195;242m██[38;2;136;195;242m██[38;2;136;195;242m██[38;2;136;195;242m██[38;2;136;195;242m██[38;2;136;195;242m██[38;2;136;195;242m██[38;2;136;195;242m██[38;2;165;215;255m██[38;2;136;195;242m██[38;2;165;215;255m██[38;2;136;195;242m██[38;2;136;195;242m██[38;2;18;18;18m██[38;2;136;195;242m██[38;2;136;195;242m██[38;2;136;195;242m██[38;2;136;195;242m██[38;2;88;139;196m██[38;2;18;18;18m██[38;2;96;96;96m██[38;2;96;96;96m██[38;2;18;18;18m██[38;2;18;18;18m██  
    [38;2;18;18;18m██[38;2;88;139;196m██[38;2;136;195;242m██[38;2;136;195;242m██[38;2;136;195;242m██[38;2;136;195;242m██[38;2;136;195;242m██[38;2;136;195;242m██[38;2;136;195;242m██[38;2;136;195;242m██[38;2;136;195;242m██[38;2;136;195;242m██[38;2;136;195;242m██[38;2;136;195;242m██[38;2;136;195;242m██[38;2;136;195;242m██[38;2;136;195;242m██[38;2;136;195;242m██[38;2;136;195;242m██[38;2;136;195;242m██[38;2;136;195;242m██[38;2;136;195;242m██[38;2;136;195;242m██[38;2;136;195;242m██[38;2;136;195;242m██[38;2;136;195;242m██[38;2;88;139;196m██[38;2;18;18;18m██[38;2;136;195;242m██[38;2;136;195;242m██[38;2;136;195;242m██[38;2;136;195;242m██[38;2;136;195;242m██[38;2;18;18;18m██[38;2;61;61;61m██[38;2;61;61;61m██[38;2;33;33;33m██    
      [38;2;18;18;18m██[38;2;136;195;242m██[38;2;136;195;242m██[38;2;136;195;242m██[38;2;136;195;242m██[38;2;136;195;242m██[38;2;136;195;242m██[38;2;136;195;242m██[38;2;136;195;242m██[38;2;136;195;242m██[38;2;136;195;242m██[38;2;136;195;242m██[38;2;136;195;242m██[38;2;136;195;242m██[38;2;136;195;242m██[38;2;136;195;242m██[38;2;136;195;242m██[38;2;136;195;242m██[38;2;136;195;242m██[38;2;136;195;242m██[38;2;136;195;242m██[38;2;136;195;242m██[38;2;136;195;242m██[38;2;136;195;242m██[38;2;136;195;242m██[38;2;18;18;18m██[38;2;136;195;242m██[38;2;136;195;242m██[38;2;136;195;242m██[38;2;136;195;242m██[38;2;136;195;242m██[38;2;136;195;242m██[38;2;18;18;18m██[38;2;96;96;96m██[38;2;96;96;96m██[38;2;96;96;96m██[38;2;33;33;33m██  
        [38;2;18;18;18m██[38;2;88;139;196m██[38;2;136;195;242m██[38;2;136;195;242m██[38;2;136;195;242m██[38;2;136;195;242m██[38;2;136;195;242m██[38;2;136;195;242m██[38;2;136;195;242m██[38;2;136;195;242m██[38;2;136;195;242m██[38;2;136;195;242m██[38;2;136;195;242m██[38;2;136;195;242m██[38;2;136;195;242m██[38;2;136;195;242m██[38;2;136;195;242m██[38;2;136;195;242m██[38;2;136;195;242m██[38;2;136;195;242m██[38;2;136;195;242m██[38;2;136;195;242m██[38;2;18;18;18m██[38;2;18;18;18m██[38;2;136;195;242m██[38;2;136;195;242m██[38;2;136;195;242m██[38;2;136;195;242m██[38;2;136;195;242m██[38;2;136;195;242m██[38;2;136;195;242m██[38;2;36;84;100m██[38;2;96;96;96m██[38;2;61;61;61m██[38;2;18;18;18m██[38;2;33;33;33m██  
          [38;2;36;84;100m██[38;2;88;139;196m██[38;2;88;139;196m██[38;2;88;139;196m██[38;2;136;195;242m██[38;2;136;195;242m██[38;2;136;195;242m██[38;2;136;195;242m██[38;2;136;195;242m██[38;2;136;195;242m██[38;2;136;195;242m██[38;2;136;195;242m██[38;2;136;195;242m██[38;2;136;195;242m██[38;2;136;195;242m██[38;2;136;195;242m██[38;2;136;195;242m██[38;2;136;195;242m██[38;2;88;139;196m██[38;2;88;139;196m██[38;2;88;139;196m██[38;2;136;195;242m██[38;2;136;195;242m██[38;2;136;195;242m██[38;2;136;195;242m██[38;2;136;195;242m██[38;2;136;195;242m██[38;2;136;195;242m██[38;2;136;195;242m██[38;2;136;195;242m██[38;2;88;139;196m██[38;2;18;18;18m██[38;2;18;18;18m██      
[38;2;36;84;100m██[38;2;36;84;100m██      [38;2;36;84;100m██[38;2;136;195;242m██[38;2;136;195;242m██[38;2;136;195;242m██[38;2;136;195;242m██[38;2;136;195;242m██[38;2;136;195;242m██[38;2;136;195;242m██[38;2;136;195;242m██[38;2;136;195;242m██[38;2;136;195;242m██[38;2;136;195;242m██[38;2;136;195;242m██[38;2;136;195;242m██[38;2;136;195;242m██[38;2;136;195;242m██[38;2;136;195;242m██[38;2;136;195;242m██[38;2;136;195;242m██[38;2;136;195;242m██[38;2;136;195;242m██[38;2;136;195;242m██[38;2;136;195;242m██[38;2;136;195;242m██[38;2;136;195;242m██[38;2;136;195;242m██[38;2;136;195;242m██[38;2;136;195;242m██[38;2;136;195;242m██[38;2;136;195;242m██[38;2;136;195;242m██[38;2;18;18;18m██        
[38;2;36;84;100m██[38;2;88;139;196m██[38;2;36;84;100m██[38;2;36;84;100m██  [38;2;36;84;100m██[38;2;136;195;242m██[38;2;136;195;242m██[38;2;136;195;242m██[38;2;136;195;242m██[38;2;136;195;242m██[38;2;136;195;242m██[38;2;136;195;242m██[38;2;136;195;242m██[38;2;136;195;242m██[38;2;136;195;242m██[38;2;136;195;242m██[38;2;136;195;242m██[38;2;136;195;242m██[38;2;136;195;242m██[38;2;136;195;242m██[38;2;136;195;242m██[38;2;136;195;242m██[38;2;136;195;242m██[38;2;136;195;242m██[38;2;136;195;242m██[38;2;136;195;242m██[38;2;136;195;242m██[38;2;136;195;242m██[38;2;136;195;242m██[38;2;136;195;242m██[38;2;136;195;242m██[38;2;136;195;242m██[38;2;136;195;242m██[38;2;136;195;242m██[38;2;136;195;242m██[38;2;36;84;100m██[38;2;36;84;100m██[38;2;36;84;100m██[38;2;36;84;100m██  
[38;2;36;84;100m██[38;2;88;139;196m██[38;2;88;139;196m██[38;2;88;139;196m██[38;2;36;84;100m██[38;2;36;84;100m██[38;2;136;195;242m██[38;2;136;195;242m██[38;2;136;195;242m██[38;2;136;195;242m██[38;2;136;195;242m██[38;2;136;195;242m██[38;2;136;195;242m██[38;2;136;195;242m██[38;2;136;195;242m██[38;2;136;195;242m██[38;2;136;195;242m██[38;2;136;195;242m██[38;2;136;195;242m██[38;2;136;195;242m██[38;2;136;195;242m██[38;2;136;195;242m██[38;2;136;195;242m██[38;2;136;195;242m██[38;2;136;195;242m██[38;2;136;195;242m██[38;2;136;195;242m██[38;2;136;195;242m██[38;2;136;195;242m██[38;2;136;195;242m██[38;2;136;195;242m██[38;2;136;195;242m██[38;2;136;195;242m██[38;2;136;195;242m██[38;2;36;84;100m██[38;2;36;84;100m██[38;2;36;84;100m██[38;2;136;195;242m██[38;2;136;195;242m██[38;2;36;84;100m██  
[38;2;36;84;100m██[38;2;88;139;196m██[38;2;88;139;196m██[38;2;88;139;196m██[38;2;88;139;196m██[38;2;36;84;100m██[38;2;136;195;242m██[38;2;136;195;242m██[38;2;136;195;242m██[38;2;136;195;242m██[38;2;136;195;242m██[38;2;136;195;242m██[38;2;136;195;242m██[38;2;136;195;242m██[38;2;136;195;242m██[38;2;136;195;242m██[38;2;136;195;242m██[38;2;136;195;242m██[38;2;136;195;242m██[38;2;136;195;242m██[38;2;136;195;242m██[38;2;136;195;242m██[38;2;136;195;242m██[38;2;136;195;242m██[38;2;136;195;242m██[38;2;136;195;242m██[38;2;136;195;242m██[38;2;136;195;242m██[38;2;88;139;196m██[38;2;88;139;196m██[38;2;88;139;196m██[38;2;88;139;196m██[38;2;36;84;100m██[38;2;36;84;100m██[38;2;136;195;242m██[38;2;136;195;242m██[38;2;136;195;242m██[38;2;165;215;255m██[38;2;136;195;242m██[38;2;18;18;18m██  
[38;2;36;84;100m██[38;2;88;139;196m██[38;2;88;139;196m██[38;2;88;139;196m██[38;2;88;139;196m██[38;2;36;84;100m██[38;2;88;139;196m██[38;2;136;195;242m██[38;2;136;195;242m██[38;2;136;195;242m██[38;2;136;195;242m██[38;2;136;195;242m██[38;2;136;195;242m██[38;2;136;195;242m██[38;2;136;195;242m██[38;2;136;195;242m██[38;2;136;195;242m██[38;2;136;195;242m██[38;2;136;195;242m██[38;2;136;195;242m██[38;2;136;195;242m██[38;2;136;195;242m██[38;2;136;195;242m██[38;2;136;195;242m██[38;2;136;195;242m██[38;2;136;195;242m██[38;2;136;195;242m██[38;2;88;139;196m██[38;2;88;139;196m██[38;2;88;139;196m██[38;2;88;139;196m██[38;2;136;195;242m██[38;2;136;195;242m██[38;2;136;195;242m██[38;2;165;215;255m██[38;2;165;215;255m██[38;2;136;195;242m██[38;2;136;195;242m██[38;2;136;195;242m██[38;2;18;18;18m██  
[38;2;36;84;100m██[38;2;88;139;196m██[38;2;88;139;196m██[38;2;88;139;196m██[38;2;88;139;196m██[38;2;88;139;196m██[38;2;36;84;100m██[38;2;88;139;196m██[38;2;88;139;196m██[38;2;136;195;242m██[38;2;136;195;242m██[38;2;136;195;242m██[38;2;136;195;242m██[38;2;136;195;242m██[38;2;136;195;242m██[38;2;136;195;242m██[38;2;136;195;242m██[38;2;136;195;242m██[38;2;136;195;242m██[38;2;136;195;242m██[38;2;136;195;242m██[38;2;136;195;242m██[38;2;136;195;242m██[38;2;136;195;242m██[38;2;136;195;242m██[38;2;88;139;196m██[38;2;88;139;196m██[38;2;88;139;196m██[38;2;88;139;196m██[38;2;88;139;196m██[38;2;88;139;196m██[38;2;136;195;242m██[38;2;136;195;242m██[38;2;136;195;242m██[38;2;136;195;242m██[38;2;136;195;242m██[38;2;136;195;242m██[38;2;136;195;242m██[38;2;88;139;196m██[38;2;18;18;18m██  
[38;2;36;84;100m██[38;2;88;139;196m██[38;2;88;139;196m██[38;2;88;139;196m██[38;2;88;139;196m██[38;2;88;139;196m██[38;2;36;84;100m██[38;2;88;139;196m██[38;2;88;139;196m██[38;2;88;139;196m██[38;2;88;139;196m██[38;2;88;139;196m██[38;2;136;195;242m██[38;2;136;195;242m██[38;2;136;195;242m██[38;2;136;195;242m██[38;2;136;195;242m██[38;2;136;195;242m██[38;2;136;195;242m██[38;2;136;195;242m██[38;2;136;195;242m██[38;2;136;195;242m██[38;2;88;139;196m██[38;2;88;139;196m██[38;2;88;139;196m██[38;2;88;139;196m██[38;2;88;139;196m██[38;2;88;139;196m██[38;2;88;139;196m██[38;2;88;139;196m██[38;2;88;139;196m██[38;2;136;195;242m██[38;2;136;195;242m██[38;2;136;195;242m██[38;2;136;195;242m██[38;2;136;195;242m██[38;2;136;195;242m██[38;2;136;195;242m██[38;2;18;18;18m██    
  [38;2;36;84;100m██[38;2;88;139;196m██[38;2;88;139;196m██[38;2;88;139;196m██[38;2;88;139;196m██[38;2;88;139;196m██[38;2;36;84;100m██[38;2;88;139;196m██[38;2;88;139;196m██[38;2;88;139;196m██[38;2;88;139;196m██[38;2;88;139;196m██[38;2;88;139;196m██[38;2;88;139;196m██[38;2;88;139;196m██[38;2;88;139;196m██[38;2;88;139;196m██[38;2;88;139;196m██[38;2;88;139;196m██[38;2;88;139;196m██[38;2;88;139;196m██[38;2;88;139;196m██[38;2;88;139;196m██[38;2;88;139;196m██[38;2;88;139;196m██[38;2;88;139;196m██[38;2;88;139;196m██[38;2;88;139;196m██[38;2;88;139;196m██[38;2;88;139;196m██[38;2;88;139;196m██[38;2;136;195;242m██[38;2;136;195;242m██[38;2;136;195;242m██[38;2;136;195;242m██[38;2;136;195;242m██[38;2;136;195;242m██[38;2;36;84;100m██    
  [38;2;36;84;100m██[38;2;88;139;196m██[38;2;88;139;196m██[38;2;88;139;196m██[38;2;88;139;196m██[38;2;88;139;196m██[38;2;36;84;100m██[38;2;88;139;196m██[38;2;88;139;196m██[38;2;88;139;196m██[38;2;88;139;196m██[38;2;88;139;196m██[38;2;88;139;196m██[38;2;88;139;196m██[38;2;88;139;196m██[38;2;88;139;196m██[38;2;88;139;196m██[38;2;88;139;196m██[38;2;88;139;196m██[38;2;88;139;196m██[38;2;88;139;196m██[38;2;88;139;196m██[38;2;88;139;196m██[38;2;88;139;196m██[38;2;88;139;196m██[38;2;88;139;196m██[38;2;88;139;196m██[38;2;88;139;196m██[38;2;88;139;196m██[38;2;88;139;196m██[38;2;88;139;196m██[38;2;136;195;242m██[38;2;136;195;242m██[38;2;136;195;242m██[38;2;136;195;242m██[38;2;88;139;196m██[38;2;18;18;18m██      
    [38;2;18;18;18m██[38;2;88;139;196m██[38;2;88;139;196m██[38;2;88;139;196m██[38;2;88;139;196m██[38;2;88;139;196m██[38;2;36;84;100m██[38;2;88;139;196m██[38;2;88;139;196m██[38;2;88;139;196m██[38;2;88;139;196m██[38;2;88;139;196m██[38;2;88;139;196m██[38;2;88;139;196m██[38;2;88;139;196m██[38;2;88;139;196m██[38;2;88;139;196m██[38;2;88;139;196m██[38;2;88;139;196m██[38;2;88;139;196m██[38;2;88;139;196m██[38;2;88;139;196m██[38;2;88;139;196m██[38;2;88;139;196m██[38;2;88;139;196m██[38;2;88;139;196m██[38;2;88;139;196m██[38;2;36;84;100m██[38;2;36;84;100m██[38;2;36;84;100m██[38;2;36;84;100m██[38;2;36;84;100m██[38;2;136;195;242m██[38;2;36;84;100m██[38;2;18;18;18m██        
      [38;2;18;18;18m██[38;2;18;18;18m██[38;2;88;139;196m██[38;2;88;139;196m██[38;2;88;139;196m██[38;2;88;139;196m██[38;2;36;84;100m██[38;2;88;139;196m██[38;2;88;139;196m██[38;2;88;139;196m██[38;2;88;139;196m██[38;2;88;139;196m██[38;2;88;139;196m██[38;2;88;139;196m██[38;2;88;139;196m██[38;2;88;139;196m██[38;2;88;139;196m██[38;2;88;139;196m██[38;2;88;139;196m██[38;2;88;139;196m██[38;2;88;139;196m██[38;2;88;139;196m██[38;2;88;139;196m██[38;2;88;139;196m██[38;2;88;139;196m██[38;2;88;139;196m██[38;2;88;139;196m██[38;2;88;139;196m██[38;2;88;139;196m██[38;2;88;139;196m██[38;2;88;139;196m██[38;2;18;18;18m██            
          [38;2;18;18;18m██[38;2;18;18;18m██[38;2;88;139;196m██[38;2;88;139;196m██[38;2;88;139;196m██[38;2;36;84;100m██[38;2;88;139;196m██[38;2;88;139;196m██[38;2;88;139;196m██[38;2;88;139;196m██[38;2;88;139;196m██[38;2;88;139;196m██[38;2;88;139;196m██[38;2;88;139;196m██[38;2;88;139;196m██[38;2;88;139;196m██[38;2;88;139;196m██[38;2;88;139;196m██[38;2;88;139;196m██[38;2;88;139;196m██[38;2;88;139;196m██[38;2;88;139;196m██[38;2;88;139;196m██[38;2;88;139;196m██[38;2;88;139;196m██[38;2;88;139;196m██[38;2;88;139;196m██[38;2;88;139;196m██[38;2;88;139;196m██[38;2;88;139;196m██[38;2;18;18;18m██          
        [38;2;36;84;100m██[38;2;36;84;100m██[38;2;36;84;100m██[38;2;36;84;100m██[38;2;36;84;100m██[38;2;88;139;196m██[38;2;88;139;196m██[38;2;18;18;18m██[38;2;18;18;18m██[38;2;88;139;196m██[38;2;88;139;196m██[38;2;88;139;196m██[38;2;88;139;196m██[38;2;88;139;196m██[38;2;88;139;196m██[38;2;88;139;196m██[38;2;88;139;196m██[38;2;88;139;196m██[38;2;88;139;196m██[38;2;88;139;196m██[38;2;88;139;196m██[38;2;88;139;196m██[38;2;88;139;196m██[38;2;88;139;196m██[38;2;18;18;18m██[38;2;18;18;18m██[38;2;18;18;18m██[38;2;18;18;18m██[38;2;18;18;18m██[38;2;18;18;18m██[38;2;18;18;18m██[38;2;18;18;18m██          
        [38;2;36;84;100m██[38;2;88;139;196m██[38;2;88;139;196m██[38;2;88;139;196m██[38;2;88;139;196m██[38;2;88;139;196m██[38;2;88;139;196m██[38;2;88;139;196m██[38;2;88;139;196m██[38;2;18;18;18m██[38;2;18;18;18m██[38;2;88;139;196m██[38;2;88;139;196m██[38;2;88;139;196m██[38;2;88;139;196m██[38;2;88;139;196m██[38;2;88;139;196m██[38;2;88;139;196m██[38;2;88;139;196m██[38;2;88;139;196m██[38;2;88;139;196m██[38;2;36;84;100m██[38;2;36;84;100m██[38;2;18;18;18m██                          
          [38;2;36;84;100m██[38;2;36;84;100m██[38;2;88;139;196m██[38;2;88;139;196m██[38;2;88;139;196m██[38;2;88;139;196m██[38;2;18;18;18m██[38;2;36;84;100m██    [38;2;18;18;18m██[38;2;36;84;100m██[38;2;36;84;100m██[38;2;36;84;100m██[38;2;88;139;196m██[38;2;88;139;196m██[38;2;88;139;196m██[38;2;88;139;196m██[38;2;88;139;196m██[38;2;88;139;196m██[38;2;88;139;196m██[38;2;88;139;196m██[38;2;88;139;196m██[38;2;18;18;18m██                        
              [38;2;18;18;18m██[38;2;18;18;18m██[38;2;18;18;18m██[38;2;18;18;18m██          [38;2;18;18;18m██[38;2;88;139;196m██[38;2;88;139;196m██[38;2;88;139;196m██[38;2;18;18;18m██[38;2;88;139;196m██[38;2;88;139;196m██[38;2;88;139;196m██[38;2;36;84;100m██[38;2;88;139;196m██[38;2;88;139;196m██[38;2;88;139;196m██[38;2;18;18;18m██                        
                              [38;2;18;18;18m██[38;2;88;139;196m██[38;2;88;139;196m██[38;2;88;139;196m██[38;2;18;18;18m██[38;2;36;84;100m██[38;2;18;18;18m██[38;2;88;139;196m██[38;2;88;139;196m██[38;2;36;84;100m██[38;2;18;18;18m██[38;2;18;18;18m██[38;2;18;18;18m██                          
                              [38;2;18;18;18m██[38;2;88;139;196m██[38;2;88;139;196m██[38;2;18;18;18m██[38;2;51;43;145m██[38;2;36;84;100m██[38;2;51;43;145m██[38;2;18;18;18m██[38;2;88;139;196m██[38;2;18;18;18m██                                
                                [38;2;18;18;18m██[38;2;18;18;18m██[38;2;36;84;100m██[38;2;51;43;145m██[38;2;36;84;100m██[38;2;51;43;145m██[38;2;51;43;145m██[38;2;18;18;18m██[38;2;18;18;18m██                                
                                    [38;2;36;84;100m██[38;2;111;86;172m██[38;2;36;84;100m██[38;2;51;43;145m██[38;2;51;43;145m██[38;2;18;18;18m██                                  
                                    [38;2;18;18;18m██[38;2;111;86;172m██[38;2;36;84;100m██[38;2;111;86;172m██[38;2;111;86;172m██[38;2;36;84;100m██                                  
                                      [38;2;18;18;18m██[38;2;36;84;100m██[38;2;111;86;172m██[38;2;111;86;172m██[38;2;36;84;100m██                                  
                                          [38;2;18;18;18m██[38;2;18;18;18m██                                    
