                                        [38;2;255;255;255m██[38;2;178;149;98m██[38;2;178;149;98m██[38;2;178;149;98m██[38;2;255;255;255m██                    
                              [38;2;178;149;98m██[38;2;178;149;98m██[38;2;178;149;98m██[38;2;178;149;98m██  [38;2;178;149;98m██[38;2;250;230;194m██[38;2;250;230;194m██[38;2;250;230;194m██[38;2;178;149;98m██[38;2;178;149;98m██                  
                  [38;2;123;96;63m██[38;2;123;96;63m██[38;2;123;96;63m██[38;2;123;96;63m██  [38;2;123;96;63m██[38;2;250;230;194m██[38;2;250;230;194m██[38;2;250;230;194m██[38;2;250;230;194m██[38;2;178;149;98m██[38;2;178;149;98m██[38;2;178;149;98m██[38;2;250;230;194m██[38;2;250;230;194m██[38;2;250;230;194m██[38;2;250;230;194m██[38;2;123;96;63m██                
                [38;2;123;96;63m██[38;2;234;216;174m██[38;2;234;216;174m██[38;2;234;216;174m██[38;2;123;96;63m██[38;2;123;96;63m██[38;2;250;230;194m██[38;2;250;230;194m██[38;2;250;230;194m██[38;2;250;230;194m██[38;2;250;230;194m██[38;2;250;230;194m██[38;2;250;230;194m██[38;2;250;230;194m██[38;2;123;96;63m██[38;2;250;230;194m██[38;2;250;230;194m██[38;2;250;230;194m██[38;2;213;183;147m██[38;2;123;96;63m██              
              [38;2;123;96;63m██[38;2;234;216;174m██[38;2;234;216;174m██[38;2;234;216;174m██[38;2;123;96;63m██[38;2;250;230;194m██[38;2;250;230;194m██[38;2;250;230;194m██[38;2;250;230;194m██[38;2;250;230;194m██[38;2;250;230;194m██[38;2;250;230;194m██[38;2;250;230;194m██[38;2;250;230;194m██[38;2;250;230;194m██[38;2;250;230;194m██[38;2;123;96;63m██[38;2;213;183;147m██[38;2;213;183;147m██[38;2;213;183;147m██[38;2;123;96;63m██              
            [38;2;123;96;63m██[38;2;234;216;174m██[38;2;234;216;174m██[38;2;234;216;174m██[38;2;234;216;174m██[38;2;123;96;63m██[38;2;250;230;194m██[38;2;250;230;194m██[38;2;250;230;194m██[38;2;250;230;194m██[38;2;250;230;194m██[38;2;250;230;194m██[38;2;250;230;194m██[38;2;250;230;194m██[38;2;250;230;194m██[38;2;250;230;194m██[38;2;250;230;194m██[38;2;123;96;63m██[38;2;123;96;63m██[38;2;123;96;63m██[38;2;123;96;63m██[38;2;213;183;147m██[38;2;123;96;63m██            
            [38;2;123;96;63m██[38;2;234;216;174m██[38;2;234;216;174m██[38;2;123;96;63m██[38;2;123;96;63m██[38;2;178;149;98m██[38;2;250;230;194m██[38;2;250;230;194m██[38;2;250;230;194m██[38;2;250;230;194m██[38;2;250;230;194m██[38;2;250;230;194m██[38;2;250;230;194m██[38;2;250;230;194m██[38;2;250;230;194m██[38;2;250;230;194m██[38;2;178;149;98m██[38;2;250;230;194m██[38;2;250;230;194m██[38;2;250;230;194m██[38;2;250;230;194m██[38;2;123;96;63m██[38;2;123;96;63m██[38;2;123;96;63m██[38;2;123;96;63m██        
            [38;2;123;96;63m██[38;2;123;96;63m██[38;2;123;96;63m██[38;2;250;230;194m██[38;2;250;230;194m██[38;2;250;230;194m██[38;2;250;230;194m██[38;2;250;230;194m██[38;2;250;230;194m██[38;2;250;230;194m██[38;2;250;230;194m██[38;2;250;230;194m██[38;2;250;230;194m██[38;2;250;230;194m██[38;2;250;230;194m██[38;2;250;230;194m██[38;2;250;230;194m██[38;2;250;230;194m██[38;2;250;230;194m██[38;2;250;230;194m██[38;2;250;230;194m██[38;2;250;230;194m██[38;2;250;230;194m██[38;2;123;96;63m██[38;2;234;216;174m██[38;2;123;96;63m██      
            [38;2;123;96;63m██[38;2;250;230;194m██[38;2;250;230;194m██[38;2;250;230;194m██[38;2;250;230;194m██[38;2;250;230;194m██[38;2;250;230;194m██[38;2;250;230;194m██[38;2;250;230;194m██[38;2;250;230;194m██[38;2;250;230;194m██[38;2;250;230;194m██[38;2;250;230;194m██[38;2;250;230;194m██[38;2;250;230;194m██[38;2;250;230;194m██[38;2;250;230;194m██[38;2;250;230;194m██[38;2;250;230;194m██[38;2;250;230;194m██[38;2;250;230;194m██[38;2;250;230;194m██[38;2;250;230;194m██[38;2;250;230;194m██[38;2;123;96;63m██[38;2;234;216;174m██[38;2;123;96;63m██    
          [38;2;123;96;63m██[38;2;250;230;194m██[38;2;250;230;194m██[38;2;250;230;194m██[38;2;250;230;194m██[38;2;250;230;194m██[38;2;250;230;194m██[38;2;250;230;194m██[38;2;250;230;194m██[38;2;250;230;194m██[38;2;250;230;194m██[38;2;250;230;194m██[38;2;250;230;194m██[38;2;250;230;194m██[38;2;250;230;194m██[38;2;250;230;194m██[38;2;250;230;194m██[38;2;250;230;194m██[38;2;250;230;194m██[38;2;250;230;194m██[38;2;250;230;194m██[38;2;250;230;194m██[38;2;250;230;194m██[38;2;250;230;194m██[38;2;250;230;194m██[38;2;123;96;63m██[38;2;234;216;174m██[38;2;123;96;63m██    
        [38;2;123;96;63m██[38;2;250;230;194m██[38;2;250;230;194m██[38;2;250;230;194m██[38;2;250;230;194m██[38;2;250;230;194m██[38;2;250;230;194m██[38;2;250;230;194m██[38;2;250;230;194m██[38;2;250;230;194m██[38;2;250;230;194m██[38;2;250;230;194m██[38;2;250;230;194m██[38;2;250;230;194m██[38;2;250;230;194m██[38;2;250;230;194m██[38;2;250;230;194m██[38;2;250;230;194m██[38;2;250;230;194m██[38;2;250;230;194m██[38;2;250;230;194m██[38;2;250;230;194m██[38;2;250;230;194m██[38;2;250;230;194m██[38;2;250;230;194m██[38;2;250;230;194m██[38;2;123;96;63m██[38;2;234;216;174m██[38;2;123;96;63m██    
      [38;2;123;96;63m██[38;2;250;230;194m██[38;2;250;230;194m██[38;2;250;230;194m██[38;2;250;230;194m██[38;2;250;230;194m██[38;2;250;230;194m██[38;2;250;230;194m██[38;2;250;230;194m██[38;2;250;230;194m██[38;2;250;230;194m██[38;2;250;230;194m██[38;2;250;230;194m██[38;2;250;230;194m██[38;2;250;230;194m██[38;2;250;230;194m██[38;2;250;230;194m██[38;2;250;230;194m██[38;2;250;230;194m██[38;2;250;230;194m██[38;2;250;230;194m██[38;2;250;230;194m██[38;2;250;230;194m██[38;2;250;230;194m██[38;2;250;230;194m██[38;2;250;230;194m██[38;2;250;230;194m██[38;2;250;230;194m██[38;2;123;96;63m██[38;2;123;96;63m██    
    [38;2;123;96;63m██[38;2;250;230;194m██[38;2;250;230;194m██[38;2;250;230;194m██[38;2;250;230;194m██[38;2;250;230;194m██[38;2;250;230;194m██[38;2;250;230;194m██[38;2;250;230;194m██[38;2;250;230;194m██[38;2;250;230;194m██[38;2;250;230;194m██[38;2;250;230;194m██[38;2;250;230;194m██[38;2;250;230;194m██[38;2;250;230;194m██[38;2;250;230;194m██[38;2;250;230;194m██[38;2;250;230;194m██[38;2;250;230;194m██[38;2;250;230;194m██[38;2;250;230;194m██[38;2;250;230;194m██[38;2;250;230;194m██[38;2;250;230;194m██[38;2;250;230;194m██[38;2;250;230;194m██[38;2;250;230;194m██[38;2;250;230;194m██[38;2;178;149;98m██[38;2;250;230;194m██[38;2;123;96;63m██  
    [38;2;123;96;63m██[38;2;250;230;194m██[38;2;250;230;194m██[38;2;250;230;194m██[38;2;250;230;194m██[38;2;250;230;194m██[38;2;250;230;194m██[38;2;250;230;194m██[38;2;250;230;194m██[38;2;250;230;194m██[38;2;250;230;194m██[38;2;250;230;194m██[38;2;250;230;194m██[38;2;250;230;194m██[38;2;250;230;194m██[38;2;250;230;194m██[38;2;250;230;194m██[38;2;250;230;194m██[38;2;250;230;194m██[38;2;250;230;194m██[38;2;250;230;194m██[38;2;250;230;194m██[38;2;250;230;194m██[38;2;250;230;194m██[38;2;250;230;194m██[38;2;250;230;194m██[38;2;250;230;194m██[38;2;250;230;194m██[38;2;250;230;194m██[38;2;250;230;194m██[38;2;250;230;194m██[38;2;123;96;63m██  
    [38;2;123;96;63m██[38;2;250;230;194m██[38;2;250;230;194m██[38;2;250;230;194m██[38;2;250;230;194m██[38;2;250;230;194m██[38;2;250;230;194m██[38;2;250;230;194m██[38;2;250;230;194m██[38;2;250;230;194m██[38;2;250;230;194m██[38;2;250;230;194m██[38;2;250;230;194m██[38;2;250;230;194m██[38;2;250;230;194m██[38;2;250;230;194m██[38;2;250;230;194m██[38;2;250;230;194m██[38;2;250;230;194m██[38;2;250;230;194m██[38;2;250;230;194m██[38;2;250;230;194m██[38;2;250;230;194m██[38;2;250;230;194m██[38;2;250;230;194m██[38;2;250;230;194m██[38;2;250;230;194m██[38;2;250;230;194m██[38;2;250;230;194m██[38;2;250;230;194m██[38;2;250;230;194m██[38;2;123;96;63m██  
      [38;2;36;36;36m██[38;2;250;230;194m██[38;2;250;230;194m██[38;2;250;230;194m██[38;2;250;230;194m██[38;2;250;230;194m██[38;2;250;230;194m██[38;2;250;230;194m██[38;2;250;230;194m██[38;2;250;230;194m██[38;2;250;230;194m██[38;2;250;230;194m██[38;2;250;230;194m██[38;2;250;230;194m██[38;2;250;230;194m██[38;2;250;230;194m██[38;2;250;230;194m██[38;2;250;230;194m██[38;2;250;230;194m██[38;2;250;230;194m██[38;2;250;230;194m██[38;2;250;230;194m██[38;2;250;230;194m██[38;2;250;230;194m██[38;2;250;230;194m██[38;2;250;230;194m██[38;2;250;230;194m██[38;2;250;230;194m██[38;2;250;230;194m██[38;2;178;149;98m██    
      [38;2;36;36;36m██[38;2;178;149;98m██[38;2;250;230;194m██[38;2;250;230;194m██[38;2;250;230;194m██[38;2;250;230;194m██[38;2;250;230;194m██[38;2;250;230;194m██[38;2;250;230;194m██[38;2;250;230;194m██[38;2;250;230;194m██[38;2;250;230;194m██[38;2;250;230;194m██[38;2;250;230;194m██[38;2;250;230;194m██[38;2;250;230;194m██[38;2;250;230;194m██[38;2;250;230;194m██[38;2;250;230;194m██[38;2;250;230;194m██[38;2;250;230;194m██[38;2;250;230;194m██[38;2;250;230;194m██[38;2;250;230;194m██[38;2;250;230;194m██[38;2;250;230;194m██[38;2;250;230;194m██[38;2;250;230;194m██[38;2;250;230;194m██[38;2;250;230;194m██[38;2;123;96;63m██  
    [38;2;36;36;36m██[38;2;250;230;194m██[38;2;250;230;194m██[38;2;250;230;194m██[38;2;250;230;194m██[38;2;250;230;194m██[38;2;250;230;194m██[38;2;250;230;194m██[38;2;250;230;194m██[38;2;250;230;194m██[38;2;250;230;194m██[38;2;250;230;194m██[38;2;250;230;194m██[38;2;250;230;194m██[38;2;250;230;194m██[38;2;250;230;194m██[38;2;250;230;194m██[38;2;250;230;194m██[38;2;250;230;194m██[38;2;250;230;194m██[38;2;250;230;194m██[38;2;250;230;194m██[38;2;250;230;194m██[38;2;250;230;194m██[38;2;250;230;194m██[38;2;250;230;194m██[38;2;250;230;194m██[38;2;250;230;194m██[38;2;250;230;194m██[38;2;250;230;194m██[38;2;178;149;98m██[38;2;123;96;63m██  
  [38;2;36;36;36m██[38;2;213;183;147m██[38;2;250;230;194m██[38;2;250;230;194m██[38;2;213;183;147m██[38;2;250;230;194m██[38;2;250;230;194m██[38;2;250;230;194m██[38;2;250;230;194m██[38;2;250;230;194m██[38;2;250;230;194m██[38;2;250;230;194m██[38;2;250;230;194m██[38;2;250;230;194m██[38;2;250;230;194m██[38;2;250;230;194m██[38;2;250;230;194m██[38;2;250;230;194m██[38;2;250;230;194m██[38;2;250;230;194m██[38;2;250;230;194m██[38;2;250;230;194m██[38;2;250;230;194m██[38;2;250;230;194m██[38;2;250;230;194m██[38;2;250;230;194m██[38;2;250;230;194m██[38;2;213;183;147m██[38;2;213;183;147m██[38;2;213;183;147m██[38;2;213;183;147m██[38;2;213;183;147m██[38;2;123;96;63m██  
  [38;2;36;36;36m██[38;2;213;183;147m██[38;2;213;183;147m██[38;2;250;230;194m██[38;2;213;183;147m██[38;2;250;230;194m██[38;2;250;230;194m██[38;2;250;230;194m██[38;2;250;230;194m██[38;2;250;230;194m██[38;2;250;230;194m██[38;2;250;230;194m██[38;2;123;96;63m██[38;2;123;96;63m██[38;2;123;96;63m██[38;2;250;230;194m██[38;2;250;230;194m██[38;2;250;230;194m██[38;2;250;230;194m██[38;2;250;230;194m██[38;2;250;230;194m██[38;2;250;230;194m██[38;2;250;230;194m██[38;2;250;230;194m██[38;2;250;230;194m██[38;2;250;230;194m██[38;2;250;230;194m██[38;2;250;230;194m██[38;2;250;230;194m██[38;2;213;183;147m██[38;2;213;183;147m██[38;2;213;183;147m██[38;2;213;183;147m██[38;2;123;96;63m██
[38;2;36;36;36m██[38;2;213;183;147m██[38;2;213;183;147m██[38;2;213;183;147m██[38;2;213;183;147m██[38;2;213;183;147m██[38;2;213;183;147m██[38;2;250;230;194m██[38;2;250;230;194m██[38;2;250;230;194m██[38;2;250;230;194m██[38;2;250;230;194m██[38;2;123;96;63m██[38;2;234;216;174m██[38;2;234;216;174m██[38;2;234;216;174m██[38;2;123;96;63m██[38;2;250;230;194m██[38;2;250;230;194m██[38;2;250;230;194m██[38;2;250;230;194m██[38;2;250;230;194m██[38;2;250;230;194m██[38;2;250;230;194m██[38;2;250;230;194m██[38;2;250;230;194m██[38;2;250;230;194m██[38;2;250;230;194m██[38;2;213;183;147m██[38;2;213;183;147m██[38;2;213;183;147m██[38;2;213;183;147m██[38;2;213;183;147m██[38;2;213;183;147m██[38;2;123;96;63m██
[38;2;36;36;36m██[38;2;213;183;147m██[38;2;213;183;147m██[38;2;213;183;147m██[38;2;213;183;147m██[38;2;213;183;147m██[38;2;213;183;147m██[38;2;250;230;194m██[38;2;250;230;194m██[38;2;250;230;194m██[38;2;250;230;194m██[38;2;250;230;194m██[38;2;123;96;63m██[38;2;234;216;174m██[38;2;234;216;174m██[38;2;234;216;174m██[38;2;234;216;174m██[38;2;36;36;36m██[38;2;250;230;194m██[38;2;250;230;194m██[38;2;250;230;194m██[38;2;250;230;194m██[38;2;213;183;147m██[38;2;213;183;147m██[38;2;250;230;194m██[38;2;250;230;194m██[38;2;213;183;147m██[38;2;213;183;147m██[38;2;213;183;147m██[38;2;213;183;147m██[38;2;213;183;147m██[38;2;213;183;147m██[38;2;213;183;147m██[38;2;213;183;147m██[38;2;123;96;63m██
[38;2;36;36;36m██[38;2;213;183;147m██[38;2;213;183;147m██[38;2;213;183;147m██[38;2;213;183;147m██[38;2;213;183;147m██[38;2;213;183;147m██[38;2;213;183;147m██[38;2;250;230;194m██[38;2;250;230;194m██[38;2;250;230;194m██[38;2;213;183;147m██[38;2;250;230;194m██[38;2;123;96;63m██[38;2;234;216;174m██[38;2;234;216;174m██[38;2;234;216;174m██[38;2;36;36;36m██[38;2;213;183;147m██[38;2;250;230;194m██[38;2;250;230;194m██[38;2;250;230;194m██[38;2;250;230;194m██[38;2;213;183;147m██[38;2;213;183;147m██[38;2;213;183;147m██[38;2;213;183;147m██[38;2;213;183;147m██[38;2;213;183;147m██[38;2;213;183;147m██[38;2;213;183;147m██[38;2;213;183;147m██[38;2;213;183;147m██[38;2;213;183;147m██[38;2;36;36;36m██
  [38;2;36;36;36m██[38;2;213;183;147m██[38;2;213;183;147m██[38;2;213;183;147m██[38;2;213;183;147m██[38;2;213;183;147m██[38;2;213;183;147m██[38;2;213;183;147m██[38;2;213;183;147m██[38;2;250;230;194m██[38;2;213;183;147m██[38;2;213;183;147m██[38;2;123;96;63m██[38;2;234;216;174m██[38;2;234;216;174m██[38;2;234;216;174m██[38;2;192;172;124m██[38;2;36;36;36m██[38;2;250;230;194m██[38;2;213;183;147m██[38;2;213;183;147m██[38;2;213;183;147m██[38;2;213;183;147m██[38;2;213;183;147m██[38;2;213;183;147m██[38;2;213;183;147m██[38;2;213;183;147m██[38;2;213;183;147m██[38;2;213;183;147m██[38;2;213;183;147m██[38;2;213;183;147m██[38;2;213;183;147m██[38;2;123;96;63m██  
  [38;2;36;36;36m██[38;2;213;183;147m██[38;2;123;96;63m██[38;2;213;183;147m██[38;2;213;183;147m██[38;2;213;183;147m██[38;2;213;183;147m██[38;2;213;183;147m██[38;2;213;183;147m██[38;2;213;183;147m██[38;2;213;183;147m██[38;2;213;183;147m██[38;2;213;183;147m██[38;2;36;36;36m██[38;2;192;172;124m██[38;2;192;172;124m██[38;2;192;172;124m██[38;2;36;36;36m██[38;2;213;183;147m██[38;2;213;183;147m██[38;2;213;183;147m██[38;2;213;183;147m██[38;2;213;183;147m██[38;2;213;183;147m██[38;2;213;183;147m██[38;2;213;183;147m██[38;2;213;183;147m██[38;2;213;183;147m██[38;2;213;183;147m██[38;2;213;183;147m██[38;2;213;183;147m██[38;2;213;183;147m██[38;2;36;36;36m██  
    [38;2;36;36;36m██[38;2;213;183;147m██[38;2;213;183;147m██[38;2;213;183;147m██[38;2;213;183;147m██[38;2;213;183;147m██[38;2;213;183;147m██[38;2;213;183;147m██[38;2;213;183;147m██[38;2;213;183;147m██[38;2;213;183;147m██[38;2;213;183;147m██[38;2;36;36;36m██[38;2;192;172;124m██[38;2;192;172;124m██[38;2;192;172;124m██[38;2;36;36;36m██[38;2;213;183;147m██[38;2;213;183;147m██[38;2;213;183;147m██[38;2;213;183;147m██[38;2;213;183;147m██[38;2;213;183;147m██[38;2;213;183;147m██[38;2;213;183;147m██[38;2;213;183;147m██[38;2;213;183;147m██[38;2;213;183;147m██[38;2;213;183;147m██[38;2;213;183;147m██[38;2;36;36;36m██    
    [38;2;36;36;36m██[38;2;213;183;147m██[38;2;213;183;147m██[38;2;213;183;147m██[38;2;213;183;147m██[38;2;213;183;147m██[38;2;213;183;147m██[38;2;213;183;147m██[38;2;213;183;147m██[38;2;213;183;147m██[38;2;213;183;147m██[38;2;213;183;147m██[38;2;123;96;63m██[38;2;123;96;63m██[38;2;123;96;63m██[38;2;192;172;124m██[38;2;192;172;124m██[38;2;36;36;36m██[38;2;213;183;147m██[38;2;213;183;147m██[38;2;213;183;147m██[38;2;213;183;147m██[38;2;213;183;147m██[38;2;213;183;147m██[38;2;213;183;147m██[38;2;213;183;147m██[38;2;213;183;147m██[38;2;213;183;147m██[38;2;213;183;147m██[38;2;36;36;36m██      
    [38;2;36;36;36m██[38;2;213;183;147m██[38;2;213;183;147m██[38;2;213;183;147m██[38;2;213;183;147m██[38;2;213;183;147m██[38;2;213;183;147m██[38;2;213;183;147m██[38;2;213;183;147m██[38;2;213;183;147m██[38;2;213;183;147m██[38;2;123;96;63m██[38;2;250;230;194m██[38;2;250;230;194m██[38;2;250;230;194m██[38;2;36;36;36m██[38;2;192;172;124m██[38;2;36;36;36m██[38;2;213;183;147m██[38;2;213;183;147m██[38;2;213;183;147m██[38;2;213;183;147m██[38;2;213;183;147m██[38;2;213;183;147m██[38;2;213;183;147m██[38;2;213;183;147m██[38;2;213;183;147m██[38;2;213;183;147m██[38;2;213;183;147m██[38;2;213;183;147m██[38;2;36;36;36m██    
    [38;2;36;36;36m██[38;2;213;183;147m██[38;2;213;183;147m██[38;2;213;183;147m██[38;2;213;183;147m██[38;2;213;183;147m██[38;2;213;183;147m██[38;2;213;183;147m██[38;2;213;183;147m██[38;2;213;183;147m██[38;2;123;96;63m██[38;2;250;230;194m██[38;2;250;230;194m██[38;2;250;230;194m██[38;2;250;230;194m██[38;2;250;230;194m██[38;2;36;36;36m██[38;2;36;36;36m██[38;2;213;183;147m██[38;2;213;183;147m██[38;2;213;183;147m██[38;2;213;183;147m██[38;2;213;183;147m██[38;2;213;183;147m██[38;2;213;183;147m██[38;2;213;183;147m██[38;2;213;183;147m██[38;2;213;183;147m██[38;2;213;183;147m██[38;2;213;183;147m██[38;2;36;36;36m██    
      [38;2;36;36;36m██[38;2;213;183;147m██[38;2;213;183;147m██[38;2;213;183;147m██[38;2;213;183;147m██[38;2;213;183;147m██[38;2;213;183;147m██[38;2;213;183;147m██[38;2;213;183;147m██[38;2;123;96;63m██[38;2;123;96;63m██[38;2;123;96;63m██[38;2;250;230;194m██[38;2;250;230;194m██[38;2;250;230;194m██[38;2;250;230;194m██[38;2;36;36;36m██[38;2;213;183;147m██[38;2;213;183;147m██[38;2;213;183;147m██[38;2;213;183;147m██[38;2;213;183;147m██[38;2;213;183;147m██[38;2;213;183;147m██[38;2;213;183;147m██[38;2;213;183;147m██[38;2;213;183;147m██[38;2;213;183;147m██[38;2;213;183;147m██[38;2;36;36;36m██    
      [38;2;36;36;36m██[38;2;213;183;147m██[38;2;213;183;147m██[38;2;213;183;147m██[38;2;213;183;147m██[38;2;213;183;147m██[38;2;213;183;147m██[38;2;213;183;147m██[38;2;213;183;147m██[38;2;213;183;147m██[38;2;213;183;147m██[38;2;213;183;147m██[38;2;123;96;63m██[38;2;250;230;194m██[38;2;213;183;147m██[38;2;250;230;194m██[38;2;36;36;36m██[38;2;213;183;147m██[38;2;213;183;147m██[38;2;213;183;147m██[38;2;213;183;147m██[38;2;213;183;147m██[38;2;213;183;147m██[38;2;213;183;147m██[38;2;213;183;147m██[38;2;213;183;147m██[38;2;213;183;147m██[38;2;213;183;147m██[38;2;36;36;36m██      
        [38;2;36;36;36m██[38;2;213;183;147m██[38;2;213;183;147m██[38;2;213;183;147m██[38;2;213;183;147m██[38;2;178;149;98m██[38;2;213;183;147m██[38;2;213;183;147m██[38;2;213;183;147m██[38;2;213;183;147m██[38;2;213;183;147m██[38;2;213;183;147m██[38;2;123;96;63m██[38;2;213;183;147m██[38;2;250;230;194m██[38;2;213;183;147m██[38;2;123;96;63m██[38;2;213;183;147m██[38;2;213;183;147m██[38;2;213;183;147m██[38;2;213;183;147m██[38;2;213;183;147m██[38;2;213;183;147m██[38;2;213;183;147m██[38;2;213;183;147m██[38;2;213;183;147m██[38;2;213;183;147m██[38;2;36;36;36m██      
          [38;2;36;36;36m██[38;2;36;36;36m██[38;2;36;36;36m██[38;2;36;36;36m██[38;2;123;96;63m██[38;2;213;183;147m██[38;2;213;183;147m██[38;2;213;183;147m██[38;2;213;183;147m██[38;2;213;183;147m██[38;2;213;183;147m██[38;2;123;96;63m██[38;2;213;183;147m██[38;2;213;183;147m██[38;2;213;183;147m██[38;2;178;149;98m██[38;2;213;183;147m██[38;2;213;183;147m██[38;2;213;183;147m██[38;2;213;183;147m██[38;2;213;183;147m██[38;2;123;96;63m██[38;2;213;183;147m██[38;2;213;183;147m██[38;2;36;36;36m██[38;2;36;36;36m██        
          [38;2;36;36;36m██[38;2;192;172;124m██[38;2;192;172;124m██[38;2;192;172;124m██[38;2;36;36;36m██[38;2;213;183;147m██[38;2;213;183;147m██[38;2;213;183;147m██[38;2;213;183;147m██[38;2;213;183;147m██[38;2;213;183;147m██[38;2;213;183;147m██[38;2;123;96;63m██[38;2;213;183;147m██[38;2;213;183;147m██[38;2;213;183;147m██[38;2;213;183;147m██[38;2;213;183;147m██[38;2;213;183;147m██[38;2;213;183;147m██[38;2;213;183;147m██[38;2;213;183;147m██[38;2;36;36;36m██[38;2;36;36;36m██[38;2;192;172;124m██[38;2;36;36;36m██        
          [38;2;36;36;36m██[38;2;234;216;174m██[38;2;234;216;174m██[38;2;192;172;124m██[38;2;192;172;124m██[38;2;36;36;36m██[38;2;36;36;36m██[38;2;213;183;147m██[38;2;213;183;147m██[38;2;213;183;147m██[38;2;213;183;147m██[38;2;213;183;147m██[38;2;178;149;98m██[38;2;213;183;147m██[38;2;213;183;147m██[38;2;213;183;147m██[38;2;213;183;147m██[38;2;213;183;147m██[38;2;213;183;147m██[38;2;213;183;147m██[38;2;213;183;147m██[38;2;36;36;36m██[38;2;192;172;124m██[38;2;123;96;63m██[38;2;123;96;63m██[38;2;234;216;174m██[38;2;36;36;36m██      
            [38;2;123;96;63m██[38;2;234;216;174m██[38;2;234;216;174m██[38;2;192;172;124m██[38;2;192;172;124m██[38;2;192;172;124m██[38;2;36;36;36m██[38;2;36;36;36m██[38;2;36;36;36m██[38;2;36;36;36m██[38;2;36;36;36m██[38;2;213;183;147m██[38;2;213;183;147m██[38;2;213;183;147m██[38;2;213;183;147m██[38;2;213;183;147m██[38;2;213;183;147m██[38;2;213;183;147m██[38;2;36;36;36m██[38;2;36;36;36m██[38;2;192;172;124m██[38;2;192;172;124m██[38;2;234;216;174m██[38;2;234;216;174m██[38;2;123;96;63m██[38;2;234;216;174m██[38;2;123;96;63m██    
              [38;2;123;96;63m██[38;2;123;96;63m██[38;2;234;216;174m██[38;2;234;216;174m██[38;2;192;172;124m██[38;2;192;172;124m██[38;2;192;172;124m██[38;2;192;172;124m██[38;2;192;172;124m██[38;2;192;172;124m██[38;2;36;36;36m██[38;2;36;36;36m██[38;2;36;36;36m██[38;2;36;36;36m██[38;2;36;36;36m██[38;2;36;36;36m██[38;2;36;36;36m██[38;2;192;172;124m██[38;2;192;172;124m██[38;2;192;172;124m██[38;2;234;216;174m██[38;2;234;216;174m██[38;2;234;216;174m██[38;2;234;216;174m██[38;2;123;96;63m██[38;2;123;96;63m██    
                  [38;2;123;96;63m██[38;2;123;96;63m██[38;2;234;216;174m██[38;2;234;216;174m██[38;2;234;216;174m██[38;2;234;216;174m██[38;2;234;216;174m██[38;2;36;36;36m██[38;2;36;36;36m██        [38;2;36;36;36m██[38;2;192;172;124m██[38;2;192;172;124m██[38;2;234;216;174m██[38;2;234;216;174m██[38;2;234;216;174m██[38;2;234;216;174m██[38;2;234;216;174m██[38;2;234;216;174m██[38;2;123;96;63m██[38;2;123;96;63m██    
                      [38;2;123;96;63m██[38;2;123;96;63m██[38;2;123;96;63m██[38;2;123;96;63m██[38;2;36;36;36m██              [38;2;123;96;63m██[38;2;123;96;63m██[38;2;234;216;174m██[38;2;234;216;174m██[38;2;234;216;174m██[38;2;234;216;174m██[38;2;234;216;174m██[38;2;123;96;63m██[38;2;123;96;63m██      
                                                  [38;2;123;96;63m██[38;2;123;96;63m██[38;2;123;96;63m██[38;2;123;96;63m██[38;2;123;96;63m██          
