                                                                                                                [38;2;32;32;32m██[38;2;32;32;32m██[38;2;32;32;32m██                      
                                                                                                              [38;2;32;32;32m██[38;2;99;101;117m██[38;2;161;151;167m██[38;2;32;32;32m██                      
                                                                      [38;2;32;32;32m██[38;2;32;32;32m██[38;2;32;32;32m██[38;2;32;32;32m██                    [38;2;45;47;51m██[38;2;32;32;32m██      [38;2;32;32;32m██[38;2;99;101;117m██[38;2;99;101;117m██[38;2;32;32;32m██                        
                                                                        [38;2;32;32;32m██[38;2;99;101;117m██[38;2;99;101;117m██[38;2;32;32;32m██                [38;2;45;47;51m██[38;2;99;101;117m██[38;2;32;32;32m██      [38;2;32;32;32m██[38;2;99;101;117m██[38;2;161;151;167m██[38;2;32;32;32m██                        
                                                                          [38;2;32;32;32m██[38;2;99;101;117m██[38;2;99;101;117m██[38;2;32;32;32m██              [38;2;45;47;51m██[38;2;161;151;167m██[38;2;32;32;32m██      [38;2;32;32;32m██[38;2;99;101;117m██[38;2;161;151;167m██[38;2;32;32;32m██                        
                                                                          [38;2;32;32;32m██[38;2;99;101;117m██[38;2;99;101;117m██[38;2;32;32;32m██            [38;2;45;47;51m██[38;2;99;101;117m██[38;2;161;151;167m██[38;2;32;32;32m██    [38;2;32;32;32m██[38;2;99;101;117m██[38;2;99;101;117m██[38;2;32;32;32m██                          
                                                  [38;2;45;47;51m██[38;2;45;47;51m██[38;2;45;47;51m██[38;2;45;47;51m██[38;2;45;47;51m██[38;2;45;47;51m██            [38;2;32;32;32m██[38;2;99;101;117m██[38;2;99;101;117m██[38;2;99;101;117m██[38;2;32;32;32m██          [38;2;45;47;51m██[38;2;161;151;167m██[38;2;161;151;167m██[38;2;32;32;32m██    [38;2;32;32;32m██[38;2;99;101;117m██[38;2;99;101;117m██[38;2;32;32;32m██                          
                                                    [38;2;45;47;51m██[38;2;161;151;167m██[38;2;161;151;167m██[38;2;99;101;117m██[38;2;99;101;117m██[38;2;45;47;51m██[38;2;45;47;51m██      [38;2;32;32;32m██[38;2;99;101;117m██[38;2;99;101;117m██[38;2;99;101;117m██[38;2;99;101;117m██[38;2;32;32;32m██          [38;2;45;47;51m██[38;2;161;151;167m██[38;2;161;151;167m██[38;2;32;32;32m██  [38;2;32;32;32m██[38;2;99;101;117m██[38;2;99;101;117m██[38;2;161;151;167m██[38;2;32;32;32m██                          
                                                      [38;2;45;47;51m██[38;2;45;47;51m██[38;2;161;151;167m██[38;2;161;151;167m██[38;2;99;101;117m██[38;2;99;101;117m██[38;2;32;32;32m██  [38;2;32;32;32m██[38;2;99;101;117m██[38;2;99;101;117m██[38;2;99;101;117m██[38;2;99;101;117m██[38;2;99;101;117m██[38;2;32;32;32m██          [38;2;45;47;51m██[38;2;161;151;167m██[38;2;161;151;167m██[38;2;99;101;117m██[38;2;32;32;32m██[38;2;32;32;32m██[38;2;99;101;117m██[38;2;99;101;117m██[38;2;161;151;167m██[38;2;32;32;32m██                          
                                                          [38;2;45;47;51m██[38;2;161;151;167m██[38;2;161;151;167m██[38;2;99;101;117m██[38;2;99;101;117m██[38;2;32;32;32m██[38;2;99;101;117m██[38;2;99;101;117m██[38;2;99;101;117m██[38;2;99;101;117m██[38;2;99;101;117m██[38;2;161;151;167m██[38;2;32;32;32m██        [38;2;45;47;51m██[38;2;161;151;167m██[38;2;161;151;167m██[38;2;99;101;117m██[38;2;99;101;117m██[38;2;32;32;32m██[38;2;99;101;117m██[38;2;99;101;117m██[38;2;99;101;117m██[38;2;161;151;167m██[38;2;32;32;32m██                          
                                                            [38;2;45;47;51m██[38;2;161;151;167m██[38;2;161;151;167m██[38;2;32;32;32m██[38;2;99;101;117m██[38;2;99;101;117m██[38;2;99;101;117m██[38;2;99;101;117m██[38;2;99;101;117m██[38;2;99;101;117m██[38;2;161;151;167m██[38;2;32;32;32m██        [38;2;45;47;51m██[38;2;161;151;167m██[38;2;32;32;32m██[38;2;32;32;32m██[38;2;32;32;32m██[38;2;99;101;117m██[38;2;99;101;117m██[38;2;99;101;117m██[38;2;99;101;117m██[38;2;161;151;167m██[38;2;32;32;32m██                          
                                                              [38;2;45;47;51m██[38;2;32;32;32m██[38;2;99;101;117m██[38;2;99;101;117m██[38;2;99;101;117m██[38;2;99;101;117m██[38;2;99;101;117m██[38;2;99;101;117m██[38;2;99;101;117m██[38;2;32;32;32m██        [38;2;32;32;32m██[38;2;32;32;32m██[38;2;32;32;32m██[38;2;99;101;117m██[38;2;99;101;117m██[38;2;99;101;117m██[38;2;99;101;117m██[38;2;99;101;117m██[38;2;99;101;117m██[38;2;99;101;117m██[38;2;161;151;167m██[38;2;32;32;32m██                          
                                                              [38;2;45;47;51m██[38;2;99;101;117m██[38;2;99;101;117m██[38;2;99;101;117m██[38;2;99;101;117m██[38;2;99;101;117m██[38;2;99;101;117m██[38;2;99;101;117m██[38;2;99;101;117m██[38;2;45;47;51m██[38;2;45;47;51m██[38;2;45;47;51m██[38;2;45;47;51m██[38;2;45;47;51m██[38;2;99;101;117m██[38;2;124;124;140m██[38;2;124;124;140m██[38;2;99;101;117m██[38;2;99;101;117m██[38;2;99;101;117m██[38;2;99;101;117m██[38;2;99;101;117m██[38;2;99;101;117m██[38;2;161;151;167m██[38;2;32;32;32m██                            
                                                            [38;2;45;47;51m██[38;2;99;101;117m██[38;2;99;101;117m██[38;2;99;101;117m██[38;2;99;101;117m██[38;2;99;101;117m██[38;2;99;101;117m██[38;2;99;101;117m██[38;2;45;47;51m██[38;2;45;47;51m██[38;2;124;124;140m██[38;2;124;124;140m██[38;2;124;124;140m██[38;2;124;124;140m██[38;2;124;124;140m██[38;2;124;124;140m██[38;2;124;124;140m██[38;2;124;124;140m██[38;2;124;124;140m██[38;2;99;101;117m██[38;2;99;101;117m██[38;2;99;101;117m██[38;2;99;101;117m██[38;2;99;101;117m██[38;2;161;151;167m██[38;2;32;32;32m██            [38;2;45;47;51m██[38;2;45;47;51m██            
                                                          [38;2;45;47;51m██[38;2;99;101;117m██[38;2;124;124;140m██[38;2;124;124;140m██[38;2;99;101;117m██[38;2;99;101;117m██[38;2;99;101;117m██[38;2;45;47;51m██[38;2;45;47;51m██[38;2;124;124;140m██[38;2;124;124;140m██[38;2;124;124;140m██[38;2;124;124;140m██[38;2;124;124;140m██[38;2;124;124;140m██[38;2;124;124;140m██[38;2;124;124;140m██[38;2;124;124;140m██[38;2;124;124;140m██[38;2;99;101;117m██[38;2;99;101;117m██[38;2;99;101;117m██[38;2;99;101;117m██[38;2;99;101;117m██[38;2;161;151;167m██[38;2;32;32;32m██            [38;2;45;47;51m██[38;2;161;151;167m██[38;2;32;32;32m██            
                                              [38;2;45;47;51m██          [38;2;45;47;51m██[38;2;124;124;140m██[38;2;124;124;140m██[38;2;124;124;140m██[38;2;99;101;117m██[38;2;99;101;117m██[38;2;45;47;51m██[38;2;124;124;140m██[38;2;124;124;140m██[38;2;124;124;140m██[38;2;124;124;140m██[38;2;124;124;140m██[38;2;124;124;140m██[38;2;124;124;140m██[38;2;124;124;140m██[38;2;124;124;140m██[38;2;124;124;140m██[38;2;124;124;140m██[38;2;99;101;117m██[38;2;99;101;117m██[38;2;99;101;117m██[38;2;99;101;117m██[38;2;99;101;117m██[38;2;67;68;83m██[38;2;45;47;51m██      [38;2;45;47;51m██[38;2;45;47;51m██[38;2;45;47;51m██[38;2;45;47;51m██[38;2;161;151;167m██[38;2;99;101;117m██[38;2;32;32;32m██            
                                            [38;2;45;47;51m██[38;2;45;47;51m██        [38;2;45;47;51m██[38;2;124;124;140m██[38;2;124;124;140m██[38;2;124;124;140m██[38;2;124;124;140m██[38;2;99;101;117m██[38;2;45;47;51m██[38;2;124;124;140m██[38;2;124;124;140m██[38;2;124;124;140m██[38;2;124;124;140m██[38;2;124;124;140m██[38;2;124;124;140m██[38;2;124;124;140m██[38;2;124;124;140m██[38;2;124;124;140m██[38;2;124;124;140m██[38;2;124;124;140m██[38;2;124;124;140m██[38;2;99;101;117m██[38;2;99;101;117m██[38;2;99;101;117m██[38;2;99;101;117m██[38;2;67;68;83m██[38;2;67;68;83m██[38;2;45;47;51m██[38;2;32;32;32m██[38;2;45;47;51m██[38;2;45;47;51m██[38;2;99;101;117m██[38;2;161;151;167m██[38;2;161;151;167m██[38;2;161;151;167m██[38;2;161;151;167m██[38;2;32;32;32m██              
                                          [38;2;45;47;51m██[38;2;99;101;117m██[38;2;45;47;51m██        [38;2;45;47;51m██[38;2;124;124;140m██[38;2;124;124;140m██[38;2;124;124;140m██[38;2;124;124;140m██[38;2;99;101;117m██[38;2;45;47;51m██[38;2;124;124;140m██[38;2;124;124;140m██[38;2;124;124;140m██[38;2;124;124;140m██[38;2;124;124;140m██[38;2;124;124;140m██[38;2;124;124;140m██[38;2;124;124;140m██[38;2;124;124;140m██[38;2;124;124;140m██[38;2;124;124;140m██[38;2;45;47;51m██[38;2;45;47;51m██[38;2;45;47;51m██[38;2;45;47;51m██[38;2;45;47;51m██[38;2;45;47;51m██[38;2;45;47;51m██[38;2;45;47;51m██[38;2;161;151;167m██[38;2;161;151;167m██[38;2;161;151;167m██[38;2;161;151;167m██[38;2;161;151;167m██[38;2;99;101;117m██[38;2;99;101;117m██[38;2;99;101;117m██[38;2;32;32;32m██          [38;2;45;47;51m██[38;2;45;47;51m██
                                          [38;2;45;47;51m██[38;2;99;101;117m██[38;2;99;101;117m██[38;2;45;47;51m██    [38;2;45;47;51m██[38;2;124;124;140m██[38;2;124;124;140m██[38;2;124;124;140m██[38;2;124;124;140m██[38;2;124;124;140m██[38;2;45;47;51m██[38;2;124;124;140m██[38;2;124;124;140m██[38;2;124;124;140m██[38;2;124;124;140m██[38;2;124;124;140m██[38;2;124;124;140m██[38;2;124;124;140m██[38;2;124;124;140m██[38;2;124;124;140m██[38;2;124;124;140m██[38;2;45;47;51m██[38;2;45;47;51m██[38;2;124;124;140m██[38;2;124;124;140m██[38;2;124;124;140m██[38;2;124;124;140m██[38;2;124;124;140m██[38;2;124;124;140m██[38;2;124;124;140m██[38;2;124;124;140m██[38;2;45;47;51m██[38;2;45;47;51m██[38;2;99;101;117m██[38;2;99;101;117m██[38;2;99;101;117m██[38;2;99;101;117m██[38;2;99;101;117m██[38;2;32;32;32m██          [38;2;45;47;51m██[38;2;161;151;167m██[38;2;32;32;32m██
                                          [38;2;45;47;51m██[38;2;99;101;117m██[38;2;99;101;117m██[38;2;45;47;51m██    [38;2;45;47;51m██[38;2;124;124;140m██[38;2;124;124;140m██[38;2;124;124;140m██[38;2;124;124;140m██[38;2;124;124;140m██[38;2;45;47;51m██[38;2;124;124;140m██[38;2;124;124;140m██[38;2;124;124;140m██[38;2;124;124;140m██[38;2;124;124;140m██[38;2;124;124;140m██[38;2;124;124;140m██[38;2;124;124;140m██[38;2;45;47;51m██[38;2;45;47;51m██[38;2;124;124;140m██[38;2;124;124;140m██[38;2;124;124;140m██[38;2;124;124;140m██[38;2;124;124;140m██[38;2;124;124;140m██[38;2;124;124;140m██[38;2;124;124;140m██[38;2;124;124;140m██[38;2;124;124;140m██[38;2;124;124;140m██[38;2;124;124;140m██[38;2;45;47;51m██[38;2;45;47;51m██[38;2;45;47;51m██[38;2;99;101;117m██[38;2;32;32;32m██[38;2;32;32;32m██        [38;2;45;47;51m██[38;2;238;236;238m██[38;2;161;151;167m██[38;2;32;32;32m██
                                        [38;2;45;47;51m██[38;2;99;101;117m██[38;2;99;101;117m██[38;2;99;101;117m██[38;2;161;151;167m██[38;2;45;47;51m██  [38;2;45;47;51m██[38;2;124;124;140m██[38;2;124;124;140m██[38;2;124;124;140m██[38;2;124;124;140m██[38;2;124;124;140m██[38;2;45;47;51m██[38;2;124;124;140m██[38;2;124;124;140m██[38;2;124;124;140m██[38;2;124;124;140m██[38;2;124;124;140m██[38;2;124;124;140m██[38;2;124;124;140m██[38;2;45;47;51m██[38;2;124;124;140m██[38;2;124;124;140m██[38;2;124;124;140m██[38;2;124;124;140m██[38;2;124;124;140m██[38;2;124;124;140m██[38;2;124;124;140m██[38;2;124;124;140m██[38;2;124;124;140m██[38;2;124;124;140m██[38;2;124;124;140m██[38;2;124;124;140m██[38;2;124;124;140m██[38;2;124;124;140m██[38;2;124;124;140m██[38;2;124;124;140m██[38;2;124;124;140m██[38;2;32;32;32m██[38;2;32;32;32m██[38;2;99;101;117m██[38;2;45;47;51m██[38;2;45;47;51m██[38;2;45;47;51m██[38;2;45;47;51m██[38;2;238;236;238m██[38;2;238;236;238m██[38;2;161;151;167m██[38;2;32;32;32m██
                                        [38;2;45;47;51m██[38;2;99;101;117m██[38;2;99;101;117m██[38;2;99;101;117m██[38;2;161;151;167m██[38;2;238;236;238m██[38;2;45;47;51m██[38;2;45;47;51m██[38;2;124;124;140m██[38;2;124;124;140m██[38;2;124;124;140m██[38;2;124;124;140m██[38;2;124;124;140m██[38;2;45;47;51m██[38;2;124;124;140m██[38;2;124;124;140m██[38;2;124;124;140m██[38;2;124;124;140m██[38;2;124;124;140m██[38;2;124;124;140m██[38;2;45;47;51m██[38;2;124;124;140m██[38;2;124;124;140m██[38;2;124;124;140m██[38;2;124;124;140m██[38;2;124;124;140m██[38;2;124;124;140m██[38;2;124;124;140m██[38;2;124;124;140m██[38;2;124;124;140m██[38;2;124;124;140m██[38;2;124;124;140m██[38;2;124;124;140m██[38;2;124;124;140m██[38;2;124;124;140m██[38;2;124;124;140m██[38;2;124;124;140m██[38;2;124;124;140m██[38;2;124;124;140m██[38;2;99;101;117m██[38;2;161;151;167m██[38;2;161;151;167m██[38;2;238;236;238m██[38;2;238;236;238m██[38;2;238;236;238m██[38;2;238;236;238m██[38;2;238;236;238m██[38;2;161;151;167m██[38;2;99;101;117m██[38;2;32;32;32m██
                                        [38;2;45;47;51m██[38;2;99;101;117m██[38;2;99;101;117m██[38;2;99;101;117m██[38;2;161;151;167m██[38;2;238;236;238m██[38;2;238;236;238m██[38;2;45;47;51m██[38;2;124;124;140m██[38;2;124;124;140m██[38;2;124;124;140m██[38;2;124;124;140m██[38;2;124;124;140m██[38;2;45;47;51m██[38;2;99;101;117m██[38;2;124;124;140m██[38;2;124;124;140m██[38;2;124;124;140m██[38;2;124;124;140m██[38;2;124;124;140m██[38;2;45;47;51m██[38;2;124;124;140m██[38;2;124;124;140m██[38;2;124;124;140m██[38;2;124;124;140m██[38;2;124;124;140m██[38;2;124;124;140m██[38;2;124;124;140m██[38;2;124;124;140m██[38;2;124;124;140m██[38;2;124;124;140m██[38;2;124;124;140m██[38;2;124;124;140m██[38;2;124;124;140m██[38;2;124;124;140m██[38;2;124;124;140m██[38;2;124;124;140m██[38;2;124;124;140m██[38;2;99;101;117m██[38;2;99;101;117m██[38;2;99;101;117m██[38;2;99;101;117m██[38;2;161;151;167m██[38;2;161;151;167m██[38;2;161;151;167m██[38;2;161;151;167m██[38;2;99;101;117m██[38;2;99;101;117m██[38;2;99;101;117m██[38;2;32;32;32m██
                                        [38;2;45;47;51m██[38;2;99;101;117m██[38;2;99;101;117m██[38;2;99;101;117m██[38;2;99;101;117m██[38;2;161;151;167m██[38;2;238;236;238m██[38;2;238;236;238m██[38;2;45;47;51m██[38;2;124;124;140m██[38;2;124;124;140m██[38;2;124;124;140m██[38;2;124;124;140m██[38;2;124;124;140m██[38;2;45;47;51m██[38;2;124;124;140m██[38;2;124;124;140m██[38;2;124;124;140m██[38;2;99;101;117m██[38;2;45;47;51m██[38;2;124;124;140m██[38;2;124;124;140m██[38;2;124;124;140m██[38;2;124;124;140m██[38;2;124;124;140m██[38;2;124;124;140m██[38;2;124;124;140m██[38;2;124;124;140m██[38;2;124;124;140m██[38;2;124;124;140m██[38;2;124;124;140m██[38;2;124;124;140m██[38;2;124;124;140m██[38;2;124;124;140m██[38;2;124;124;140m██[38;2;124;124;140m██[38;2;99;101;117m██[38;2;99;101;117m██[38;2;99;101;117m██[38;2;99;101;117m██[38;2;99;101;117m██[38;2;99;101;117m██[38;2;99;101;117m██[38;2;99;101;117m██[38;2;99;101;117m██[38;2;99;101;117m██[38;2;99;101;117m██[38;2;99;101;117m██[38;2;32;32;32m██  
                                          [38;2;45;47;51m██[38;2;99;101;117m██[38;2;124;124;140m██[38;2;124;124;140m██[38;2;124;124;140m██[38;2;161;151;167m██[38;2;161;151;167m██[38;2;45;47;51m██[38;2;124;124;140m██[38;2;124;124;140m██[38;2;124;124;140m██[38;2;124;124;140m██[38;2;99;101;117m██[38;2;45;47;51m██[38;2;99;101;117m██[38;2;124;124;140m██[38;2;124;124;140m██[38;2;99;101;117m██[38;2;45;47;51m██[38;2;124;124;140m██[38;2;124;124;140m██[38;2;124;124;140m██[38;2;124;124;140m██[38;2;124;124;140m██[38;2;124;124;140m██[38;2;124;124;140m██[38;2;124;124;140m██[38;2;124;124;140m██[38;2;124;124;140m██[38;2;124;124;140m██[38;2;124;124;140m██[38;2;124;124;140m██[38;2;124;124;140m██[38;2;99;101;117m██[38;2;99;101;117m██[38;2;99;101;117m██[38;2;99;101;117m██[38;2;99;101;117m██[38;2;99;101;117m██[38;2;99;101;117m██[38;2;99;101;117m██[38;2;99;101;117m██[38;2;99;101;117m██[38;2;99;101;117m██[38;2;99;101;117m██[38;2;99;101;117m██[38;2;99;101;117m██[38;2;32;32;32m██  
                                          [38;2;45;47;51m██[38;2;99;101;117m██[38;2;124;124;140m██[38;2;124;124;140m██[38;2;124;124;140m██[38;2;124;124;140m██[38;2;124;124;140m██[38;2;99;101;117m██[38;2;45;47;51m██[38;2;124;124;140m██[38;2;124;124;140m██[38;2;99;101;117m██[38;2;99;101;117m██[38;2;99;101;117m██[38;2;99;101;117m██[38;2;99;101;117m██[38;2;99;101;117m██[38;2;99;101;117m██[38;2;99;101;117m██[38;2;124;124;140m██[38;2;124;124;140m██[38;2;124;124;140m██[38;2;124;124;140m██[38;2;124;124;140m██[38;2;124;124;140m██[38;2;124;124;140m██[38;2;124;124;140m██[38;2;124;124;140m██[38;2;124;124;140m██[38;2;124;124;140m██[38;2;124;124;140m██[38;2;124;124;140m██[38;2;99;101;117m██[38;2;99;101;117m██[38;2;99;101;117m██[38;2;99;101;117m██[38;2;99;101;117m██[38;2;99;101;117m██[38;2;99;101;117m██[38;2;99;101;117m██[38;2;99;101;117m██[38;2;99;101;117m██[38;2;99;101;117m██[38;2;99;101;117m██[38;2;99;101;117m██[38;2;99;101;117m██[38;2;32;32;32m██    
                                            [38;2;45;47;51m██[38;2;124;124;140m██[38;2;124;124;140m██[38;2;124;124;140m██[38;2;124;124;140m██[38;2;124;124;140m██[38;2;99;101;117m██[38;2;99;101;117m██[38;2;45;47;51m██[38;2;99;101;117m██[38;2;99;101;117m██[38;2;99;101;117m██[38;2;99;101;117m██[38;2;99;101;117m██[38;2;99;101;117m██[38;2;99;101;117m██[38;2;99;101;117m██[38;2;99;101;117m██[38;2;99;101;117m██[38;2;124;124;140m██[38;2;124;124;140m██[38;2;124;124;140m██[38;2;124;124;140m██[38;2;124;124;140m██[38;2;124;124;140m██[38;2;124;124;140m██[38;2;124;124;140m██[38;2;124;124;140m██[38;2;99;101;117m██[38;2;99;101;117m██[38;2;99;101;117m██[38;2;99;101;117m██[38;2;99;101;117m██[38;2;99;101;117m██[38;2;99;101;117m██[38;2;99;101;117m██[38;2;99;101;117m██[38;2;99;101;117m██[38;2;99;101;117m██[38;2;99;101;117m██[38;2;99;101;117m██[38;2;99;101;117m██[38;2;32;32;32m██[38;2;32;32;32m██[38;2;32;32;32m██      
                                            [38;2;45;47;51m██[38;2;124;124;140m██[38;2;124;124;140m██[38;2;124;124;140m██[38;2;124;124;140m██[38;2;124;124;140m██[38;2;99;101;117m██[38;2;99;101;117m██[38;2;99;101;117m██[38;2;99;101;117m██[38;2;99;101;117m██[38;2;99;101;117m██[38;2;99;101;117m██[38;2;99;101;117m██[38;2;99;101;117m██[38;2;99;101;117m██[38;2;99;101;117m██[38;2;67;68;83m██[38;2;67;68;83m██[38;2;99;101;117m██[38;2;99;101;117m██[38;2;99;101;117m██[38;2;99;101;117m██[38;2;99;101;117m██[38;2;99;101;117m██[38;2;99;101;117m██[38;2;99;101;117m██[38;2;99;101;117m██[38;2;99;101;117m██[38;2;99;101;117m██[38;2;99;101;117m██[38;2;99;101;117m██[38;2;32;32;32m██[38;2;32;32;32m██[38;2;32;32;32m██[38;2;32;32;32m██[38;2;32;32;32m██[38;2;32;32;32m██[38;2;32;32;32m██[38;2;32;32;32m██[38;2;32;32;32m██[38;2;32;32;32m██            
                                              [38;2;45;47;51m██[38;2;99;101;117m██[38;2;124;124;140m██[38;2;124;124;140m██[38;2;99;101;117m██[38;2;99;101;117m██[38;2;45;47;51m██[38;2;128;116;130m██[38;2;45;47;51m██[38;2;99;101;117m██[38;2;99;101;117m██[38;2;99;101;117m██[38;2;99;101;117m██[38;2;45;47;51m██[38;2;163;164;173m██[38;2;163;164;173m██[38;2;45;47;51m██[38;2;67;68;83m██[38;2;67;68;83m██[38;2;99;101;117m██[38;2;99;101;117m██[38;2;99;101;117m██[38;2;99;101;117m██[38;2;99;101;117m██[38;2;99;101;117m██[38;2;99;101;117m██[38;2;99;101;117m██[38;2;99;101;117m██[38;2;32;32;32m██[38;2;32;32;32m██[38;2;32;32;32m██                                
                                                [38;2;45;47;51m██[38;2;99;101;117m██[38;2;99;101;117m██[38;2;99;101;117m██[38;2;45;47;51m██[38;2;163;164;173m██[38;2;163;164;173m██[38;2;128;116;130m██[38;2;45;47;51m██[38;2;67;68;83m██[38;2;67;68;83m██[38;2;45;47;51m██[38;2;163;164;173m██[38;2;163;164;173m██[38;2;163;164;173m██[38;2;163;164;173m██[38;2;45;47;51m██[38;2;67;68;83m██[38;2;67;68;83m██[38;2;67;68;83m██[38;2;67;68;83m██[38;2;67;68;83m██[38;2;67;68;83m██[38;2;32;32;32m██[38;2;32;32;32m██[38;2;32;32;32m██[38;2;32;32;32m██[38;2;127;53;53m██[38;2;127;53;53m██[38;2;127;53;53m██[38;2;127;53;53m██[38;2;127;53;53m██[38;2;127;53;53m██                          
                                            [38;2;127;53;53m██[38;2;127;53;53m██[38;2;127;53;53m██[38;2;45;47;51m██[38;2;45;47;51m██[38;2;32;32;32m██[38;2;45;47;51m██[38;2;163;164;173m██[38;2;163;164;173m██[38;2;163;164;173m██[38;2;127;53;53m██[38;2;174;94;94m██[38;2;174;94;94m██[38;2;45;47;51m██[38;2;163;164;173m██[38;2;163;164;173m██[38;2;163;164;173m██[38;2;32;32;32m██[38;2;32;32;32m██[38;2;67;68;83m██[38;2;67;68;83m██[38;2;67;68;83m██[38;2;67;68;83m██[38;2;32;32;32m██[38;2;32;32;32m██[38;2;174;94;94m██[38;2;174;94;94m██[38;2;174;94;94m██[38;2;174;94;94m██[38;2;220;144;144m██[38;2;220;144;144m██[38;2;220;144;144m██[38;2;220;144;144m██[38;2;220;144;144m██[38;2;220;144;144m██[38;2;127;53;53m██[38;2;127;53;53m██                      
                                        [38;2;127;53;53m██[38;2;127;53;53m██[38;2;220;144;144m██[38;2;220;144;144m██[38;2;174;94;94m██[38;2;174;94;94m██[38;2;174;94;94m██[38;2;174;94;94m██[38;2;32;32;32m██[38;2;45;47;51m██[38;2;157;143;153m██[38;2;45;47;51m██[38;2;174;94;94m██[38;2;220;144;144m██[38;2;220;144;144m██[38;2;174;94;94m██[38;2;32;32;32m██[38;2;157;143;153m██[38;2;32;32;32m██[38;2;247;245;247m██[38;2;45;47;51m██[38;2;67;68;83m██[38;2;67;68;83m██[38;2;32;32;32m██[38;2;32;32;32m██[38;2;174;94;94m██[38;2;174;94;94m██[38;2;174;94;94m██[38;2;174;94;94m██[38;2;174;94;94m██[38;2;174;94;94m██[38;2;174;94;94m██[38;2;220;144;144m██[38;2;220;144;144m██[38;2;220;144;144m██[38;2;220;144;144m██[38;2;220;144;144m██[38;2;220;144;144m██[38;2;220;144;144m██[38;2;127;53;53m██                    
                                      [38;2;127;53;53m██[38;2;220;144;144m██[38;2;220;144;144m██[38;2;220;144;144m██[38;2;220;144;144m██[38;2;174;94;94m██[38;2;174;94;94m██[38;2;174;94;94m██[38;2;174;94;94m██[38;2;45;47;51m██[38;2;32;32;32m██[38;2;247;245;247m██[38;2;0;0;0m██[38;2;220;144;144m██[38;2;220;144;144m██[38;2;220;144;144m██[38;2;174;94;94m██[38;2;32;32;32m██[38;2;247;245;247m██[38;2;32;32;32m██[38;2;157;143;153m██[38;2;32;32;32m██[38;2;67;68;83m██[38;2;32;32;32m██[38;2;174;94;94m██[38;2;174;94;94m██[38;2;174;94;94m██[38;2;174;94;94m██[38;2;174;94;94m██[38;2;174;94;94m██[38;2;174;94;94m██[38;2;174;94;94m██[38;2;174;94;94m██[38;2;174;94;94m██[38;2;220;144;144m██[38;2;220;144;144m██[38;2;220;144;144m██[38;2;220;144;144m██[38;2;220;144;144m██[38;2;220;144;144m██[38;2;220;144;144m██[38;2;127;53;53m██                  
                                    [38;2;127;53;53m██[38;2;220;144;144m██[38;2;220;144;144m██[38;2;220;144;144m██[38;2;220;144;144m██[38;2;174;94;94m██[38;2;174;94;94m██[38;2;174;94;94m██[38;2;174;94;94m██[38;2;174;94;94m██[38;2;45;47;51m██[38;2;163;164;173m██[38;2;67;54;71m██[38;2;127;53;53m██[38;2;220;144;144m██[38;2;220;144;144m██[38;2;174;94;94m██[38;2;174;94;94m██[38;2;128;116;130m██[38;2;163;164;173m██[38;2;163;164;173m██[38;2;128;116;130m██[38;2;128;116;130m██[38;2;32;32;32m██[38;2;174;94;94m██[38;2;174;94;94m██[38;2;174;94;94m██[38;2;174;94;94m██[38;2;127;53;53m██[38;2;127;53;53m██[38;2;127;53;53m██[38;2;127;53;53m██[38;2;127;53;53m██[38;2;127;53;53m██[38;2;174;94;94m██[38;2;174;94;94m██[38;2;220;144;144m██[38;2;220;144;144m██[38;2;220;144;144m██[38;2;220;144;144m██[38;2;220;144;144m██[38;2;220;144;144m██[38;2;220;144;144m██[38;2;127;53;53m██                
                                    [38;2;127;53;53m██[38;2;220;144;144m██[38;2;220;144;144m██[38;2;220;144;144m██[38;2;174;94;94m██[38;2;127;53;53m██[38;2;127;53;53m██[38;2;127;53;53m██[38;2;174;94;94m██[38;2;174;94;94m██[38;2;174;94;94m██[38;2;128;116;130m██[38;2;163;164;173m██[38;2;127;53;53m██[38;2;174;94;94m██[38;2;174;94;94m██[38;2;127;53;53m██[38;2;127;53;53m██[38;2;45;47;51m██[38;2;128;116;130m██[38;2;128;116;130m██[38;2;45;47;51m██[38;2;32;32;32m██[38;2;174;94;94m██[38;2;174;94;94m██[38;2;127;53;53m██[38;2;127;53;53m██[38;2;124;124;140m██[38;2;124;124;140m██[38;2;45;47;51m██  [38;2;45;47;51m██[38;2;124;124;140m██[38;2;124;124;140m██[38;2;124;124;140m██[38;2;127;53;53m██[38;2;174;94;94m██[38;2;220;144;144m██[38;2;220;144;144m██[38;2;220;144;144m██[38;2;220;144;144m██[38;2;220;144;144m██[38;2;220;144;144m██[38;2;127;53;53m██                
                                  [38;2;127;53;53m██[38;2;220;144;144m██[38;2;220;144;144m██[38;2;174;94;94m██[38;2;127;53;53m██[38;2;124;124;140m██[38;2;124;124;140m██[38;2;124;124;140m██[38;2;124;124;140m██[38;2;127;53;53m██[38;2;127;53;53m██[38;2;127;53;53m██[38;2;32;32;32m██[38;2;128;116;130m██[38;2;127;53;53m██[38;2;127;53;53m██[38;2;127;53;53m██[38;2;174;94;94m██[38;2;32;32;32m██[38;2;67;68;83m██[38;2;45;47;51m██[38;2;45;47;51m██[38;2;32;32;32m██[38;2;174;94;94m██[38;2;45;47;51m██[38;2;127;53;53m██[38;2;45;47;51m██[38;2;45;47;51m██[38;2;124;124;140m██[38;2;32;32;32m██      [38;2;45;47;51m██[38;2;124;124;140m██[38;2;124;124;140m██[38;2;124;124;140m██[38;2;127;53;53m██[38;2;174;94;94m██[38;2;220;144;144m██[38;2;220;144;144m██[38;2;220;144;144m██[38;2;220;144;144m██[38;2;220;144;144m██[38;2;220;144;144m██[38;2;127;53;53m██              
                                  [38;2;127;53;53m██[38;2;220;144;144m██[38;2;174;94;94m██[38;2;127;53;53m██[38;2;163;164;173m██[38;2;124;124;140m██[38;2;124;124;140m██[38;2;124;124;140m██[38;2;32;32;32m██      [38;2;127;53;53m██[38;2;67;68;83m██[38;2;67;68;83m██[38;2;127;53;53m██[38;2;174;94;94m██[38;2;127;53;53m██[38;2;67;68;83m██[38;2;67;68;83m██[38;2;67;68;83m██[38;2;32;32;32m██[38;2;45;47;51m██[38;2;45;47;51m██[38;2;45;47;51m██[38;2;45;47;51m██[38;2;45;47;51m██[38;2;45;47;51m██[38;2;124;124;140m██[38;2;32;32;32m██        [38;2;45;47;51m██[38;2;124;124;140m██[38;2;124;124;140m██[38;2;124;124;140m██[38;2;127;53;53m██[38;2;174;94;94m██[38;2;220;144;144m██[38;2;220;144;144m██[38;2;220;144;144m██[38;2;220;144;144m██[38;2;220;144;144m██[38;2;127;53;53m██              
                                  [38;2;127;53;53m██[38;2;174;94;94m██[38;2;174;94;94m██[38;2;124;124;140m██[38;2;163;164;173m██[38;2;124;124;140m██[38;2;124;124;140m██[38;2;124;124;140m██[38;2;32;32;32m██        [38;2;32;32;32m██[38;2;32;32;32m██[38;2;67;68;83m██[38;2;127;53;53m██[38;2;67;68;83m██[38;2;67;68;83m██[38;2;67;68;83m██[38;2;32;32;32m██[38;2;45;47;51m██[38;2;45;47;51m██[38;2;45;47;51m██[38;2;45;47;51m██[38;2;45;47;51m██[38;2;45;47;51m██[38;2;124;124;140m██[38;2;124;124;140m██[38;2;32;32;32m██        [38;2;45;47;51m██[38;2;124;124;140m██[38;2;124;124;140m██[38;2;124;124;140m██[38;2;124;124;140m██[38;2;127;53;53m██[38;2;220;144;144m██[38;2;220;144;144m██[38;2;220;144;144m██[38;2;220;144;144m██[38;2;220;144;144m██[38;2;127;53;53m██              
                                  [38;2;127;53;53m██[38;2;174;94;94m██[38;2;127;53;53m██[38;2;163;164;173m██[38;2;163;164;173m██[38;2;124;124;140m██[38;2;124;124;140m██[38;2;32;32;32m██          [38;2;45;47;51m██[38;2;163;164;173m██[38;2;32;32;32m██[38;2;67;68;83m██[38;2;67;68;83m██[38;2;67;68;83m██[38;2;32;32;32m██[38;2;45;47;51m██[38;2;45;47;51m██[38;2;45;47;51m██[38;2;45;47;51m██[38;2;45;47;51m██[38;2;45;47;51m██[38;2;45;47;51m██[38;2;124;124;140m██[38;2;124;124;140m██[38;2;32;32;32m██          [38;2;45;47;51m██[38;2;124;124;140m██[38;2;124;124;140m██[38;2;124;124;140m██[38;2;127;53;53m██[38;2;174;94;94m██[38;2;220;144;144m██[38;2;220;144;144m██[38;2;220;144;144m██[38;2;220;144;144m██[38;2;127;53;53m██              
                                  [38;2;127;53;53m██[38;2;174;94;94m██[38;2;124;124;140m██[38;2;163;164;173m██[38;2;124;124;140m██[38;2;124;124;140m██[38;2;124;124;140m██[38;2;32;32;32m██          [38;2;45;47;51m██[38;2;163;164;173m██[38;2;124;124;140m██[38;2;32;32;32m██[38;2;67;68;83m██[38;2;67;68;83m██[38;2;32;32;32m██[38;2;45;47;51m██[38;2;45;47;51m██[38;2;45;47;51m██[38;2;45;47;51m██[38;2;45;47;51m██[38;2;45;47;51m██[38;2;45;47;51m██[38;2;124;124;140m██[38;2;124;124;140m██[38;2;124;124;140m██[38;2;32;32;32m██        [38;2;45;47;51m██[38;2;124;124;140m██[38;2;124;124;140m██[38;2;124;124;140m██[38;2;163;164;173m██[38;2;127;53;53m██[38;2;174;94;94m██[38;2;220;144;144m██[38;2;220;144;144m██[38;2;174;94;94m██[38;2;32;32;32m██              
                                    [38;2;45;47;51m██[38;2;124;124;140m██[38;2;163;164;173m██[38;2;124;124;140m██[38;2;124;124;140m██[38;2;124;124;140m██[38;2;32;32;32m██        [38;2;45;47;51m██[38;2;163;164;173m██[38;2;163;164;173m██[38;2;89;83;91m██[38;2;89;83;91m██[38;2;32;32;32m██[38;2;32;32;32m██[38;2;45;47;51m██[38;2;45;47;51m██[38;2;45;47;51m██[38;2;45;47;51m██[38;2;45;47;51m██[38;2;45;47;51m██[38;2;45;47;51m██[38;2;89;83;91m██[38;2;157;143;153m██[38;2;124;124;140m██[38;2;124;124;140m██[38;2;32;32;32m██        [38;2;45;47;51m██[38;2;124;124;140m██[38;2;124;124;140m██[38;2;124;124;140m██[38;2;163;164;173m██[38;2;127;53;53m██[38;2;174;94;94m██[38;2;174;94;94m██[38;2;174;94;94m██[38;2;127;53;53m██                
                                    [38;2;45;47;51m██[38;2;163;164;173m██[38;2;163;164;173m██[38;2;124;124;140m██[38;2;124;124;140m██[38;2;124;124;140m██[38;2;124;124;140m██[38;2;32;32;32m██      [38;2;45;47;51m██[38;2;163;164;173m██[38;2;124;124;140m██[38;2;89;83;91m██[38;2;128;116;130m██[38;2;89;83;91m██[38;2;32;32;32m██[38;2;89;83;91m██[38;2;45;47;51m██[38;2;45;47;51m██[38;2;45;47;51m██[38;2;45;47;51m██[38;2;45;47;51m██[38;2;89;83;91m██[38;2;157;143;153m██[38;2;247;245;247m██[38;2;124;124;140m██[38;2;124;124;140m██[38;2;124;124;140m██[38;2;32;32;32m██      [38;2;45;47;51m██[38;2;124;124;140m██[38;2;124;124;140m██[38;2;163;164;173m██[38;2;163;164;173m██[38;2;163;164;173m██[38;2;127;53;53m██[38;2;174;94;94m██[38;2;124;124;140m██[38;2;127;53;53m██                
                                    [38;2;45;47;51m██[38;2;163;164;173m██[38;2;163;164;173m██[38;2;163;164;173m██[38;2;124;124;140m██[38;2;124;124;140m██[38;2;124;124;140m██[38;2;32;32;32m██    [38;2;45;47;51m██[38;2;163;164;173m██[38;2;163;164;173m██[38;2;89;83;91m██[38;2;247;245;247m██[38;2;128;116;130m██[38;2;128;116;130m██[38;2;89;83;91m██[38;2;89;83;91m██[38;2;89;83;91m██[38;2;89;83;91m██[38;2;89;83;91m██[38;2;157;143;153m██[38;2;157;143;153m██[38;2;247;245;247m██[38;2;247;245;247m██[38;2;247;245;247m██[38;2;247;245;247m██[38;2;124;124;140m██[38;2;124;124;140m██[38;2;32;32;32m██        [38;2;45;47;51m██[38;2;124;124;140m██[38;2;163;164;173m██[38;2;163;164;173m██[38;2;163;164;173m██[38;2;127;53;53m██[38;2;124;124;140m██[38;2;124;124;140m██[38;2;32;32;32m██                
                                      [38;2;45;47;51m██[38;2;163;164;173m██[38;2;163;164;173m██[38;2;124;124;140m██[38;2;124;124;140m██[38;2;124;124;140m██[38;2;124;124;140m██[38;2;32;32;32m██  [38;2;45;47;51m██[38;2;163;164;173m██[38;2;163;164;173m██[38;2;247;245;247m██[38;2;247;245;247m██[38;2;247;245;247m██[38;2;128;116;130m██[38;2;89;83;91m██[38;2;89;83;91m██[38;2;157;143;153m██[38;2;157;143;153m██[38;2;247;245;247m██[38;2;247;245;247m██[38;2;247;245;247m██[38;2;247;245;247m██[38;2;247;245;247m██[38;2;247;245;247m██[38;2;247;245;247m██[38;2;124;124;140m██[38;2;124;124;140m██[38;2;32;32;32m██        [38;2;45;47;51m██[38;2;124;124;140m██[38;2;163;164;173m██[38;2;163;164;173m██[38;2;163;164;173m██[38;2;127;53;53m██[38;2;163;164;173m██[38;2;32;32;32m██                  
                                      [38;2;45;47;51m██[38;2;163;164;173m██[38;2;163;164;173m██[38;2;124;124;140m██[38;2;124;124;140m██[38;2;124;124;140m██[38;2;124;124;140m██[38;2;124;124;140m██[38;2;45;47;51m██[38;2;163;164;173m██[38;2;163;164;173m██[38;2;124;124;140m██[38;2;247;245;247m██[38;2;247;245;247m██[38;2;247;245;247m██[38;2;89;83;91m██[38;2;89;83;91m██[38;2;157;143;153m██[38;2;247;245;247m██[38;2;247;245;247m██[38;2;247;245;247m██[38;2;247;245;247m██[38;2;247;245;247m██[38;2;247;245;247m██[38;2;247;245;247m██[38;2;157;143;153m██[38;2;89;83;91m██[38;2;89;83;91m██[38;2;124;124;140m██[38;2;163;164;173m██[38;2;32;32;32m██      [38;2;45;47;51m██[38;2;163;164;173m██[38;2;163;164;173m██[38;2;163;164;173m██[38;2;163;164;173m██[38;2;163;164;173m██[38;2;163;164;173m██[38;2;32;32;32m██                  
                                        [38;2;45;47;51m██[38;2;163;164;173m██[38;2;163;164;173m██[38;2;124;124;140m██[38;2;124;124;140m██[38;2;124;124;140m██[38;2;124;124;140m██[38;2;45;47;51m██[38;2;163;164;173m██[38;2;163;164;173m██[38;2;89;83;91m██[38;2;128;116;130m██[38;2;247;245;247m██[38;2;247;245;247m██[38;2;89;83;91m██[38;2;89;83;91m██[38;2;247;245;247m██[38;2;247;245;247m██[38;2;247;245;247m██[38;2;247;245;247m██[38;2;247;245;247m██[38;2;157;143;153m██[38;2;157;143;153m██[38;2;89;83;91m██[38;2;89;83;91m██[38;2;89;83;91m██[38;2;89;83;91m██[38;2;163;164;173m██[38;2;163;164;173m██[38;2;32;32;32m██      [38;2;45;47;51m██[38;2;163;164;173m██[38;2;163;164;173m██[38;2;163;164;173m██[38;2;163;164;173m██[38;2;163;164;173m██[38;2;32;32;32m██                    
                                          [38;2;45;47;51m██[38;2;163;164;173m██[38;2;124;124;140m██[38;2;124;124;140m██[38;2;124;124;140m██[38;2;45;47;51m██[38;2;163;164;173m██[38;2;163;164;173m██[38;2;124;124;140m██[38;2;128;116;130m██[38;2;128;116;130m██[38;2;128;116;130m██[38;2;128;116;130m██[38;2;89;83;91m██[38;2;89;83;91m██[38;2;89;83;91m██[38;2;89;83;91m██[38;2;89;83;91m██[38;2;89;83;91m██[38;2;89;83;91m██[38;2;89;83;91m██[38;2;89;83;91m██[38;2;89;83;91m██[38;2;89;83;91m██[38;2;89;83;91m██[38;2;89;83;91m██[38;2;163;164;173m██[38;2;163;164;173m██[38;2;32;32;32m██      [38;2;45;47;51m██[38;2;163;164;173m██[38;2;163;164;173m██[38;2;163;164;173m██[38;2;163;164;173m██[38;2;163;164;173m██[38;2;32;32;32m██                    
                                          [38;2;45;47;51m██[38;2;124;124;140m██[38;2;124;124;140m██[38;2;124;124;140m██[38;2;124;124;140m██[38;2;45;47;51m██[38;2;163;164;173m██[38;2;163;164;173m██[38;2;89;83;91m██[38;2;128;116;130m██[38;2;128;116;130m██[38;2;128;116;130m██[38;2;89;83;91m██[38;2;89;83;91m██[38;2;89;83;91m██[38;2;89;83;91m██[38;2;89;83;91m██[38;2;89;83;91m██[38;2;89;83;91m██[38;2;89;83;91m██[38;2;89;83;91m██[38;2;89;83;91m██[38;2;89;83;91m██[38;2;89;83;91m██[38;2;89;83;91m██[38;2;89;83;91m██[38;2;163;164;173m██[38;2;163;164;173m██[38;2;32;32;32m██    [38;2;45;47;51m██[38;2;163;164;173m██[38;2;163;164;173m██[38;2;163;164;173m██[38;2;163;164;173m██[38;2;163;164;173m██[38;2;32;32;32m██                      
                                            [38;2;45;47;51m██[38;2;124;124;140m██[38;2;124;124;140m██[38;2;124;124;140m██[38;2;45;47;51m██[38;2;163;164;173m██[38;2;124;124;140m██[38;2;128;116;130m██[38;2;128;116;130m██[38;2;128;116;130m██[38;2;128;116;130m██[38;2;89;83;91m██[38;2;89;83;91m██[38;2;89;83;91m██[38;2;89;83;91m██[38;2;89;83;91m██[38;2;89;83;91m██[38;2;89;83;91m██[38;2;89;83;91m██[38;2;89;83;91m██[38;2;89;83;91m██[38;2;89;83;91m██[38;2;89;83;91m██[38;2;89;83;91m██[38;2;89;83;91m██[38;2;163;164;173m██[38;2;163;164;173m██[38;2;32;32;32m██    [38;2;45;47;51m██[38;2;163;164;173m██[38;2;163;164;173m██[38;2;163;164;173m██[38;2;163;164;173m██[38;2;163;164;173m██[38;2;32;32;32m██                      
                                            [38;2;45;47;51m██[38;2;124;124;140m██[38;2;124;124;140m██[38;2;45;47;51m██[38;2;163;164;173m██[38;2;163;164;173m██[38;2;124;124;140m██[38;2;128;116;130m██[38;2;128;116;130m██[38;2;247;245;247m██[38;2;128;116;130m██[38;2;89;83;91m██[38;2;89;83;91m██[38;2;89;83;91m██[38;2;89;83;91m██[38;2;157;143;153m██[38;2;89;83;91m██[38;2;89;83;91m██[38;2;89;83;91m██[38;2;89;83;91m██[38;2;89;83;91m██[38;2;89;83;91m██[38;2;89;83;91m██[38;2;89;83;91m██[38;2;89;83;91m██[38;2;163;164;173m██[38;2;163;164;173m██[38;2;32;32;32m██    [38;2;45;47;51m██[38;2;163;164;173m██[38;2;163;164;173m██[38;2;163;164;173m██[38;2;163;164;173m██[38;2;32;32;32m██                        
                                            [38;2;45;47;51m██[38;2;124;124;140m██[38;2;124;124;140m██[38;2;45;47;51m██[38;2;163;164;173m██[38;2;163;164;173m██[38;2;89;83;91m██[38;2;128;116;130m██[38;2;247;245;247m██[38;2;247;245;247m██[38;2;157;143;153m██[38;2;89;83;91m██[38;2;89;83;91m██[38;2;89;83;91m██[38;2;157;143;153m██[38;2;247;245;247m██[38;2;157;143;153m██[38;2;89;83;91m██[38;2;89;83;91m██[38;2;89;83;91m██[38;2;89;83;91m██[38;2;89;83;91m██[38;2;89;83;91m██[38;2;89;83;91m██[38;2;89;83;91m██[38;2;163;164;173m██[38;2;163;164;173m██[38;2;32;32;32m██  [38;2;45;47;51m██[38;2;163;164;173m██[38;2;163;164;173m██[38;2;163;164;173m██[38;2;163;164;173m██[38;2;163;164;173m██[38;2;32;32;32m██                        
                                              [38;2;45;47;51m██[38;2;124;124;140m██[38;2;45;47;51m██[38;2;163;164;173m██[38;2;163;164;173m██[38;2;128;116;130m██[38;2;128;116;130m██[38;2;247;245;247m██[38;2;247;245;247m██[38;2;247;245;247m██[38;2;89;83;91m██[38;2;89;83;91m██[38;2;89;83;91m██[38;2;247;245;247m██[38;2;247;245;247m██[38;2;247;245;247m██[38;2;89;83;91m██[38;2;89;83;91m██[38;2;89;83;91m██[38;2;89;83;91m██[38;2;89;83;91m██[38;2;89;83;91m██[38;2;89;83;91m██[38;2;89;83;91m██[38;2;163;164;173m██[38;2;32;32;32m██    [38;2;45;47;51m██[38;2;163;164;173m██[38;2;163;164;173m██[38;2;163;164;173m██[38;2;163;164;173m██[38;2;32;32;32m██                          
                                              [38;2;45;47;51m██[38;2;124;124;140m██[38;2;45;47;51m██[38;2;163;164;173m██[38;2;163;164;173m██[38;2;128;116;130m██[38;2;128;116;130m██[38;2;247;245;247m██[38;2;247;245;247m██[38;2;247;245;247m██[38;2;89;83;91m██[38;2;89;83;91m██[38;2;89;83;91m██[38;2;247;245;247m██[38;2;247;245;247m██[38;2;247;245;247m██[38;2;89;83;91m██[38;2;89;83;91m██[38;2;89;83;91m██[38;2;89;83;91m██[38;2;89;83;91m██[38;2;89;83;91m██[38;2;89;83;91m██[38;2;124;124;140m██[38;2;163;164;173m██[38;2;32;32;32m██    [38;2;45;47;51m██[38;2;163;164;173m██[38;2;163;164;173m██[38;2;163;164;173m██[38;2;163;164;173m██[38;2;32;32;32m██                          
                                              [38;2;45;47;51m██[38;2;124;124;140m██[38;2;45;47;51m██[38;2;163;164;173m██[38;2;163;164;173m██[38;2;128;116;130m██[38;2;128;116;130m██[38;2;247;245;247m██[38;2;247;245;247m██[38;2;157;143;153m██[38;2;89;83;91m██[38;2;89;83;91m██[38;2;89;83;91m██[38;2;247;245;247m██[38;2;247;245;247m██[38;2;157;143;153m██[38;2;89;83;91m██[38;2;89;83;91m██[38;2;89;83;91m██[38;2;89;83;91m██[38;2;89;83;91m██[38;2;89;83;91m██[38;2;89;83;91m██[38;2;163;164;173m██[38;2;163;164;173m██[38;2;32;32;32m██  [38;2;45;47;51m██[38;2;163;164;173m██[38;2;163;164;173m██[38;2;163;164;173m██[38;2;163;164;173m██[38;2;32;32;32m██                            
                                            [38;2;45;47;51m██[38;2;124;124;140m██[38;2;124;124;140m██[38;2;45;47;51m██[38;2;163;164;173m██[38;2;163;164;173m██[38;2;128;116;130m██[38;2;128;116;130m██[38;2;128;116;130m██[38;2;247;245;247m██[38;2;128;116;130m██[38;2;89;83;91m██[38;2;89;83;91m██[38;2;89;83;91m██[38;2;89;83;91m██[38;2;157;143;153m██[38;2;89;83;91m██[38;2;89;83;91m██[38;2;89;83;91m██[38;2;89;83;91m██[38;2;89;83;91m██[38;2;89;83;91m██[38;2;89;83;91m██[38;2;89;83;91m██[38;2;163;164;173m██[38;2;32;32;32m██    [38;2;45;47;51m██[38;2;163;164;173m██[38;2;163;164;173m██[38;2;163;164;173m██[38;2;163;164;173m██[38;2;32;32;32m██                            
                                          [38;2;45;47;51m██[38;2;163;164;173m██[38;2;124;124;140m██[38;2;124;124;140m██[38;2;45;47;51m██[38;2;163;164;173m██[38;2;163;164;173m██[38;2;128;116;130m██[38;2;128;116;130m██[38;2;128;116;130m██[38;2;128;116;130m██[38;2;128;116;130m██[38;2;89;83;91m██[38;2;89;83;91m██[38;2;89;83;91m██[38;2;89;83;91m██[38;2;89;83;91m██[38;2;89;83;91m██[38;2;89;83;91m██[38;2;89;83;91m██[38;2;89;83;91m██[38;2;89;83;91m██[38;2;89;83;91m██[38;2;89;83;91m██[38;2;124;124;140m██[38;2;163;164;173m██[38;2;32;32;32m██    [38;2;45;47;51m██[38;2;163;164;173m██[38;2;163;164;173m██[38;2;163;164;173m██[38;2;163;164;173m██[38;2;32;32;32m██                            
                                        [38;2;45;47;51m██[38;2;163;164;173m██[38;2;163;164;173m██[38;2;124;124;140m██[38;2;124;124;140m██[38;2;45;47;51m██[38;2;163;164;173m██[38;2;163;164;173m██[38;2;89;83;91m██[38;2;128;116;130m██[38;2;128;116;130m██[38;2;128;116;130m██[38;2;128;116;130m██[38;2;89;83;91m██[38;2;89;83;91m██[38;2;89;83;91m██[38;2;89;83;91m██[38;2;89;83;91m██[38;2;89;83;91m██[38;2;89;83;91m██[38;2;89;83;91m██[38;2;89;83;91m██[38;2;89;83;91m██[38;2;89;83;91m██[38;2;89;83;91m██[38;2;163;164;173m██[38;2;163;164;173m██[38;2;32;32;32m██    [38;2;45;47;51m██[38;2;163;164;173m██[38;2;163;164;173m██[38;2;163;164;173m██[38;2;32;32;32m██                              
                                    [38;2;45;47;51m██[38;2;45;47;51m██[38;2;163;164;173m██[38;2;163;164;173m██[38;2;124;124;140m██[38;2;124;124;140m██[38;2;124;124;140m██[38;2;45;47;51m██[38;2;163;164;173m██[38;2;163;164;173m██[38;2;124;124;140m██[38;2;128;116;130m██[38;2;128;116;130m██[38;2;247;245;247m██[38;2;128;116;130m██[38;2;89;83;91m██[38;2;89;83;91m██[38;2;89;83;91m██[38;2;89;83;91m██[38;2;157;143;153m██[38;2;89;83;91m██[38;2;89;83;91m██[38;2;89;83;91m██[38;2;89;83;91m██[38;2;45;47;51m██[38;2;45;47;51m██[38;2;124;124;140m██[38;2;163;164;173m██[38;2;32;32;32m██    [38;2;45;47;51m██[38;2;163;164;173m██[38;2;163;164;173m██[38;2;163;164;173m██[38;2;163;164;173m██[38;2;32;32;32m██                              
                                [38;2;45;47;51m██[38;2;45;47;51m██[38;2;163;164;173m██[38;2;163;164;173m██[38;2;163;164;173m██[38;2;124;124;140m██[38;2;124;124;140m██[38;2;124;124;140m██[38;2;32;32;32m██  [38;2;45;47;51m██[38;2;163;164;173m██[38;2;163;164;173m██[38;2;128;116;130m██[38;2;128;116;130m██[38;2;247;245;247m██[38;2;247;245;247m██[38;2;89;83;91m██[38;2;89;83;91m██[38;2;89;83;91m██[38;2;157;143;153m██[38;2;247;245;247m██[38;2;157;143;153m██[38;2;89;83;91m██[38;2;89;83;91m██[38;2;45;47;51m██[38;2;163;164;173m██[38;2;45;47;51m██[38;2;163;164;173m██[38;2;163;164;173m██[38;2;32;32;32m██    [38;2;45;47;51m██[38;2;163;164;173m██[38;2;163;164;173m██[38;2;163;164;173m██[38;2;163;164;173m██[38;2;32;32;32m██                              
                            [38;2;45;47;51m██[38;2;45;47;51m██[38;2;163;164;173m██[38;2;163;164;173m██[38;2;163;164;173m██[38;2;124;124;140m██[38;2;124;124;140m██[38;2;32;32;32m██[38;2;32;32;32m██[38;2;32;32;32m██    [38;2;45;47;51m██[38;2;163;164;173m██[38;2;163;164;173m██[38;2;89;83;91m██[38;2;128;116;130m██[38;2;247;245;247m██[38;2;247;245;247m██[38;2;128;116;130m██[38;2;89;83;91m██[38;2;89;83;91m██[38;2;247;245;247m██[38;2;247;245;247m██[38;2;247;245;247m██[38;2;89;83;91m██[38;2;89;83;91m██[38;2;45;47;51m██[38;2;204;204;210m██[38;2;163;164;173m██[38;2;128;116;130m██[38;2;32;32;32m██      [38;2;45;47;51m██[38;2;163;164;173m██[38;2;163;164;173m██[38;2;163;164;173m██[38;2;32;32;32m██                                
                        [38;2;45;47;51m██[38;2;45;47;51m██[38;2;163;164;173m██[38;2;163;164;173m██[38;2;163;164;173m██[38;2;124;124;140m██[38;2;32;32;32m██[38;2;32;32;32m██[38;2;32;32;32m██          [38;2;45;47;51m██[38;2;163;164;173m██[38;2;163;164;173m██[38;2;124;124;140m██[38;2;128;116;130m██[38;2;247;245;247m██[38;2;247;245;247m██[38;2;128;116;130m██[38;2;89;83;91m██[38;2;89;83;91m██[38;2;247;245;247m██[38;2;247;245;247m██[38;2;157;143;153m██[38;2;89;83;91m██[38;2;45;47;51m██[38;2;204;204;210m██[38;2;204;204;210m██[38;2;204;204;210m██[38;2;45;47;51m██[38;2;32;32;32m██      [38;2;45;47;51m██[38;2;163;164;173m██[38;2;163;164;173m██[38;2;163;164;173m██[38;2;32;32;32m██                                
                    [38;2;45;47;51m██[38;2;45;47;51m██[38;2;163;164;173m██[38;2;163;164;173m██[38;2;163;164;173m██[38;2;163;164;173m██[38;2;45;47;51m██[38;2;32;32;32m██                  [38;2;45;47;51m██[38;2;163;164;173m██[38;2;163;164;173m██[38;2;128;116;130m██[38;2;247;245;247m██[38;2;157;143;153m██[38;2;128;116;130m██[38;2;89;83;91m██[38;2;89;83;91m██[38;2;89;83;91m██[38;2;157;143;153m██[38;2;89;83;91m██[38;2;89;83;91m██[38;2;45;47;51m██[38;2;204;204;210m██[38;2;204;204;210m██[38;2;204;204;210m██[38;2;204;204;210m██[38;2;45;47;51m██      [38;2;45;47;51m██[38;2;163;164;173m██[38;2;163;164;173m██[38;2;163;164;173m██[38;2;32;32;32m██                                
                [38;2;45;47;51m██[38;2;45;47;51m██[38;2;163;164;173m██[38;2;163;164;173m██[38;2;163;164;173m██[38;2;163;164;173m██[38;2;45;47;51m██[38;2;45;47;51m██                      [38;2;45;47;51m██[38;2;163;164;173m██[38;2;163;164;173m██[38;2;89;83;91m██[38;2;128;116;130m██[38;2;128;116;130m██[38;2;128;116;130m██[38;2;128;116;130m██[38;2;89;83;91m██[38;2;89;83;91m██[38;2;89;83;91m██[38;2;89;83;91m██[38;2;89;83;91m██[38;2;45;47;51m██[38;2;204;204;210m██[38;2;204;204;210m██[38;2;204;204;210m██[38;2;204;204;210m██[38;2;204;204;210m██[38;2;45;47;51m██    [38;2;45;47;51m██[38;2;163;164;173m██[38;2;163;164;173m██[38;2;32;32;32m██                                  
              [38;2;45;47;51m██[38;2;163;164;173m██[38;2;163;164;173m██[38;2;163;164;173m██[38;2;163;164;173m██[38;2;45;47;51m██[38;2;45;47;51m██                      [38;2;45;47;51m██[38;2;45;47;51m██[38;2;204;204;210m██[38;2;45;47;51m██[38;2;163;164;173m██[38;2;124;124;140m██[38;2;128;116;130m██[38;2;128;116;130m██[38;2;157;143;153m██[38;2;128;116;130m██[38;2;89;83;91m██[38;2;89;83;91m██[38;2;157;143;153m██[38;2;89;83;91m██[38;2;89;83;91m██[38;2;45;47;51m██[38;2;204;204;210m██[38;2;204;204;210m██[38;2;204;204;210m██[38;2;204;204;210m██[38;2;204;204;210m██[38;2;204;204;210m██[38;2;45;47;51m██  [38;2;45;47;51m██[38;2;163;164;173m██[38;2;163;164;173m██[38;2;32;32;32m██                                  
            [38;2;45;47;51m██[38;2;163;164;173m██[38;2;163;164;173m██[38;2;163;164;173m██[38;2;45;47;51m██[38;2;45;47;51m██                          [38;2;45;47;51m██[38;2;204;204;210m██[38;2;204;204;210m██[38;2;45;47;51m██[38;2;163;164;173m██[38;2;163;164;173m██[38;2;89;83;91m██[38;2;128;116;130m██[38;2;247;245;247m██[38;2;128;116;130m██[38;2;128;116;130m██[38;2;89;83;91m██[38;2;157;143;153m██[38;2;157;143;153m██[38;2;45;47;51m██[38;2;163;164;173m██[38;2;204;204;210m██[38;2;204;204;210m██[38;2;204;204;210m██[38;2;204;204;210m██[38;2;204;204;210m██[38;2;204;204;210m██[38;2;204;204;210m██[38;2;45;47;51m██[38;2;45;47;51m██[38;2;163;164;173m██[38;2;163;164;173m██[38;2;45;47;51m██                                  
          [38;2;45;47;51m██[38;2;163;164;173m██[38;2;163;164;173m██[38;2;163;164;173m██[38;2;45;47;51m██[38;2;163;164;173m██[38;2;45;47;51m██                          [38;2;45;47;51m██[38;2;204;204;210m██[38;2;204;204;210m██[38;2;204;204;210m██[38;2;45;47;51m██[38;2;163;164;173m██[38;2;124;124;140m██[38;2;128;116;130m██[38;2;247;245;247m██[38;2;247;245;247m██[38;2;128;116;130m██[38;2;89;83;91m██[38;2;157;143;153m██[38;2;157;143;153m██[38;2;45;47;51m██[38;2;204;204;210m██[38;2;204;204;210m██[38;2;204;204;210m██[38;2;204;204;210m██[38;2;204;204;210m██[38;2;204;204;210m██[38;2;204;204;210m██[38;2;204;204;210m██[38;2;204;204;210m██[38;2;45;47;51m██[38;2;163;164;173m██[38;2;163;164;173m██[38;2;45;47;51m██[38;2;32;32;32m██                                
        [38;2;45;47;51m██[38;2;163;164;173m██[38;2;163;164;173m██[38;2;163;164;173m██[38;2;45;47;51m██[38;2;163;164;173m██[38;2;163;164;173m██[38;2;45;47;51m██                          [38;2;45;47;51m██[38;2;204;204;210m██[38;2;204;204;210m██[38;2;204;204;210m██[38;2;45;47;51m██[38;2;163;164;173m██[38;2;163;164;173m██[38;2;89;83;91m██[38;2;128;116;130m██[38;2;247;245;247m██[38;2;128;116;130m██[38;2;89;83;91m██[38;2;157;143;153m██[38;2;157;143;153m██[38;2;45;47;51m██[38;2;204;204;210m██[38;2;204;204;210m██[38;2;204;204;210m██[38;2;204;204;210m██[38;2;204;204;210m██[38;2;204;204;210m██[38;2;204;204;210m██[38;2;204;204;210m██[38;2;204;204;210m██[38;2;45;47;51m██[38;2;163;164;173m██[38;2;163;164;173m██[38;2;45;47;51m██[38;2;163;164;173m██[38;2;32;32;32m██[38;2;32;32;32m██                            
      [38;2;45;47;51m██[38;2;163;164;173m██[38;2;163;164;173m██[38;2;163;164;173m██[38;2;45;47;51m██[38;2;163;164;173m██[38;2;163;164;173m██[38;2;163;164;173m██[38;2;45;47;51m██                            [38;2;45;47;51m██[38;2;204;204;210m██[38;2;204;204;210m██[38;2;204;204;210m██[38;2;45;47;51m██[38;2;163;164;173m██[38;2;123;145;193m██[38;2;128;116;130m██[38;2;128;116;130m██[38;2;128;116;130m██[38;2;128;116;130m██[38;2;157;143;153m██[38;2;89;83;91m██[38;2;45;47;51m██[38;2;204;204;210m██[38;2;204;204;210m██[38;2;204;204;210m██[38;2;204;204;210m██[38;2;204;204;210m██[38;2;204;204;210m██[38;2;204;204;210m██[38;2;204;204;210m██[38;2;204;204;210m██[38;2;45;47;51m██[38;2;163;164;173m██[38;2;163;164;173m██[38;2;45;47;51m██[38;2;163;164;173m██[38;2;163;164;173m██[38;2;163;164;173m██[38;2;32;32;32m██[38;2;32;32;32m██                        
    [38;2;45;47;51m██[38;2;163;164;173m██[38;2;163;164;173m██[38;2;163;164;173m██[38;2;45;47;51m██[38;2;163;164;173m██[38;2;163;164;173m██[38;2;163;164;173m██[38;2;163;164;173m██[38;2;32;32;32m██                            [38;2;45;47;51m██[38;2;204;204;210m██[38;2;204;204;210m██[38;2;204;204;210m██[38;2;45;47;51m██[38;2;163;164;173m██[38;2;163;164;173m██[38;2;89;83;91m██[38;2;128;116;130m██[38;2;128;116;130m██[38;2;128;116;130m██[38;2;89;83;91m██[38;2;89;83;91m██[38;2;45;47;51m██[38;2;204;204;210m██[38;2;204;204;210m██[38;2;204;204;210m██[38;2;204;204;210m██[38;2;204;204;210m██[38;2;204;204;210m██[38;2;204;204;210m██[38;2;204;204;210m██[38;2;45;47;51m██  [38;2;45;47;51m██[38;2;163;164;173m██[38;2;45;47;51m██[38;2;163;164;173m██[38;2;163;164;173m██[38;2;163;164;173m██[38;2;163;164;173m██[38;2;163;164;173m██[38;2;32;32;32m██                      
    [38;2;45;47;51m██[38;2;163;164;173m██[38;2;163;164;173m██[38;2;45;47;51m██[38;2;163;164;173m██[38;2;163;164;173m██[38;2;163;164;173m██[38;2;163;164;173m██[38;2;163;164;173m██[38;2;163;164;173m██[38;2;32;32;32m██                            [38;2;45;47;51m██[38;2;204;204;210m██[38;2;163;164;173m██[38;2;163;164;173m██[38;2;45;47;51m██[38;2;163;164;173m██[38;2;163;164;173m██[38;2;89;83;91m██[38;2;128;116;130m██[38;2;128;116;130m██[38;2;128;116;130m██[38;2;89;83;91m██[38;2;45;47;51m██[38;2;204;204;210m██[38;2;204;204;210m██[38;2;204;204;210m██[38;2;204;204;210m██[38;2;204;204;210m██[38;2;204;204;210m██[38;2;204;204;210m██[38;2;45;47;51m██    [38;2;45;47;51m██[38;2;163;164;173m██[38;2;163;164;173m██[38;2;45;47;51m██[38;2;204;204;210m██[38;2;204;204;210m██[38;2;204;204;210m██[38;2;163;164;173m██[38;2;32;32;32m██                      
  [38;2;45;47;51m██[38;2;163;164;173m██[38;2;163;164;173m██[38;2;45;47;51m██[38;2;204;204;210m██[38;2;204;204;210m██[38;2;204;204;210m██[38;2;163;164;173m██[38;2;163;164;173m██[38;2;163;164;173m██[38;2;163;164;173m██[38;2;32;32;32m██                              [38;2;45;47;51m██[38;2;163;164;173m██[38;2;163;164;173m██[38;2;163;164;173m██[38;2;45;47;51m██[38;2;163;164;173m██[38;2;163;164;173m██[38;2;89;83;91m██[38;2;128;116;130m██[38;2;128;116;130m██[38;2;89;83;91m██[38;2;45;47;51m██[38;2;204;204;210m██[38;2;204;204;210m██[38;2;204;204;210m██[38;2;204;204;210m██[38;2;204;204;210m██[38;2;204;204;210m██[38;2;45;47;51m██      [38;2;45;47;51m██[38;2;163;164;173m██[38;2;163;164;173m██[38;2;45;47;51m██[38;2;204;204;210m██[38;2;204;204;210m██[38;2;204;204;210m██[38;2;204;204;210m██[38;2;32;32;32m██                      
  [38;2;45;47;51m██[38;2;163;164;173m██[38;2;124;124;140m██[38;2;124;124;140m██[38;2;204;204;210m██[38;2;204;204;210m██[38;2;204;204;210m██[38;2;204;204;210m██[38;2;163;164;173m██[38;2;32;32;32m██[38;2;32;32;32m██                                  [38;2;45;47;51m██[38;2;163;164;173m██[38;2;163;164;173m██[38;2;163;164;173m██[38;2;45;47;51m██[38;2;163;164;173m██[38;2;163;164;173m██[38;2;89;83;91m██[38;2;128;116;130m██[38;2;89;83;91m██[38;2;45;47;51m██[38;2;204;204;210m██[38;2;204;204;210m██[38;2;204;204;210m██[38;2;204;204;210m██[38;2;204;204;210m██[38;2;204;204;210m██[38;2;45;47;51m██        [38;2;45;47;51m██[38;2;163;164;173m██[38;2;163;164;173m██[38;2;45;47;51m██[38;2;204;204;210m██[38;2;204;204;210m██[38;2;204;204;210m██[38;2;32;32;32m██                      
[38;2;45;47;51m██[38;2;163;164;173m██[38;2;163;164;173m██[38;2;45;47;51m██[38;2;204;204;210m██[38;2;204;204;210m██[38;2;204;204;210m██[38;2;204;204;210m██[38;2;32;32;32m██[38;2;32;32;32m██                                        [38;2;45;47;51m██[38;2;163;164;173m██[38;2;163;164;173m██[38;2;163;164;173m██[38;2;45;47;51m██[38;2;163;164;173m██[38;2;163;164;173m██[38;2;89;83;91m██[38;2;89;83;91m██[38;2;45;47;51m██[38;2;204;204;210m██[38;2;204;204;210m██[38;2;204;204;210m██[38;2;204;204;210m██[38;2;204;204;210m██[38;2;45;47;51m██          [38;2;45;47;51m██[38;2;163;164;173m██[38;2;163;164;173m██[38;2;45;47;51m██[38;2;204;204;210m██[38;2;204;204;210m██[38;2;204;204;210m██[38;2;32;32;32m██                      
[38;2;45;47;51m██[38;2;163;164;173m██[38;2;124;124;140m██[38;2;204;204;210m██[38;2;204;204;210m██[38;2;204;204;210m██[38;2;32;32;32m██[38;2;32;32;32m██                                              [38;2;45;47;51m██[38;2;163;164;173m██[38;2;163;164;173m██[38;2;163;164;173m██[38;2;45;47;51m██[38;2;163;164;173m██[38;2;163;164;173m██[38;2;89;83;91m██[38;2;45;47;51m██[38;2;163;164;173m██[38;2;163;164;173m██[38;2;204;204;210m██[38;2;204;204;210m██[38;2;204;204;210m██[38;2;45;47;51m██          [38;2;45;47;51m██[38;2;163;164;173m██[38;2;163;164;173m██[38;2;163;164;173m██[38;2;45;47;51m██[38;2;204;204;210m██[38;2;204;204;210m██[38;2;163;164;173m██[38;2;32;32;32m██                    
[38;2;45;47;51m██[38;2;163;164;173m██[38;2;124;124;140m██[38;2;204;204;210m██[38;2;163;164;173m██[38;2;32;32;32m██                                                    [38;2;45;47;51m██[38;2;163;164;173m██[38;2;163;164;173m██[38;2;163;164;173m██[38;2;45;47;51m██[38;2;163;164;173m██[38;2;163;164;173m██[38;2;45;47;51m██[38;2;163;164;173m██[38;2;163;164;173m██[38;2;163;164;173m██[38;2;204;204;210m██[38;2;45;47;51m██              [38;2;45;47;51m██[38;2;163;164;173m██[38;2;163;164;173m██[38;2;45;47;51m██[38;2;204;204;210m██[38;2;204;204;210m██[38;2;204;204;210m██[38;2;32;32;32m██                    
[38;2;45;47;51m██[38;2;124;124;140m██[38;2;163;164;173m██[38;2;163;164;173m██[38;2;32;32;32m██                                                        [38;2;45;47;51m██[38;2;163;164;173m██[38;2;163;164;173m██[38;2;163;164;173m██[38;2;45;47;51m██[38;2;163;164;173m██[38;2;45;47;51m██[38;2;163;164;173m██[38;2;163;164;173m██[38;2;163;164;173m██[38;2;204;204;210m██[38;2;45;47;51m██              [38;2;45;47;51m██[38;2;163;164;173m██[38;2;163;164;173m██[38;2;163;164;173m██[38;2;45;47;51m██[38;2;204;204;210m██[38;2;204;204;210m██[38;2;32;32;32m██                    
[38;2;45;47;51m██[38;2;124;124;140m██[38;2;163;164;173m██[38;2;32;32;32m██                                                            [38;2;45;47;51m██[38;2;163;164;173m██[38;2;163;164;173m██[38;2;163;164;173m██[38;2;45;47;51m██[38;2;45;47;51m██[38;2;163;164;173m██[38;2;163;164;173m██[38;2;163;164;173m██[38;2;45;47;51m██                  [38;2;45;47;51m██[38;2;163;164;173m██[38;2;163;164;173m██[38;2;45;47;51m██[38;2;204;204;210m██[38;2;204;204;210m██[38;2;204;204;210m██[38;2;32;32;32m██                  
[38;2;45;47;51m██[38;2;163;164;173m██[38;2;32;32;32m██                                                                [38;2;45;47;51m██[38;2;163;164;173m██[38;2;163;164;173m██[38;2;163;164;173m██[38;2;45;47;51m██[38;2;163;164;173m██[38;2;163;164;173m██[38;2;163;164;173m██[38;2;32;32;32m██                    [38;2;45;47;51m██[38;2;163;164;173m██[38;2;163;164;173m██[38;2;45;47;51m██[38;2;204;204;210m██[38;2;204;204;210m██[38;2;32;32;32m██                  
[38;2;45;47;51m██[38;2;45;47;51m██                                                                  [38;2;45;47;51m██[38;2;163;164;173m██[38;2;163;164;173m██[38;2;163;164;173m██[38;2;163;164;173m██[38;2;32;32;32m██[38;2;163;164;173m██[38;2;163;164;173m██[38;2;163;164;173m██[38;2;45;47;51m██  [38;2;45;47;51m██[38;2;45;47;51m██[38;2;45;47;51m██[38;2;45;47;51m██[38;2;45;47;51m██[38;2;45;47;51m██[38;2;45;47;51m██    [38;2;45;47;51m██[38;2;163;164;173m██[38;2;163;164;173m██[38;2;45;47;51m██[38;2;204;204;210m██[38;2;204;204;210m██[38;2;32;32;32m██                
[38;2;45;47;51m██                                                            [38;2;45;47;51m██[38;2;45;47;51m██[38;2;45;47;51m██[38;2;45;47;51m██[38;2;163;164;173m██[38;2;163;164;173m██[38;2;163;164;173m██[38;2;163;164;173m██[38;2;163;164;173m██[38;2;32;32;32m██[38;2;163;164;173m██[38;2;163;164;173m██[38;2;163;164;173m██[38;2;163;164;173m██[38;2;45;47;51m██[38;2;204;204;210m██[38;2;204;204;210m██[38;2;204;204;210m██[38;2;204;204;210m██[38;2;204;204;210m██[38;2;204;204;210m██[38;2;163;164;173m██[38;2;45;47;51m██[38;2;45;47;51m██  [38;2;45;47;51m██[38;2;124;124;140m██[38;2;163;164;173m██[38;2;32;32;32m██[38;2;204;204;210m██[38;2;32;32;32m██                
                                                          [38;2;45;47;51m██[38;2;124;124;140m██[38;2;163;164;173m██[38;2;163;164;173m██[38;2;163;164;173m██[38;2;163;164;173m██[38;2;163;164;173m██[38;2;32;32;32m██[38;2;32;32;32m██[38;2;32;32;32m██[38;2;32;32;32m██  [38;2;32;32;32m██[38;2;163;164;173m██[38;2;163;164;173m██[38;2;163;164;173m██[38;2;163;164;173m██[38;2;163;164;173m██[38;2;204;204;210m██[38;2;204;204;210m██[38;2;204;204;210m██[38;2;204;204;210m██[38;2;32;32;32m██[38;2;32;32;32m██[38;2;163;164;173m██[38;2;163;164;173m██[38;2;45;47;51m██  [38;2;45;47;51m██[38;2;45;47;51m██[38;2;163;164;173m██[38;2;124;124;140m██[38;2;32;32;32m██                
                                                        [38;2;32;32;32m██[38;2;32;32;32m██[38;2;32;32;32m██[38;2;32;32;32m██[38;2;32;32;32m██[38;2;32;32;32m██[38;2;32;32;32m██[38;2;32;32;32m██            [38;2;32;32;32m██[38;2;163;164;173m██[38;2;163;164;173m██[38;2;163;164;173m██[38;2;163;164;173m██[38;2;163;164;173m██[38;2;163;164;173m██[38;2;32;32;32m██[38;2;32;32;32m██    [38;2;32;32;32m██[38;2;32;32;32m██[38;2;32;32;32m██      [38;2;32;32;32m██[38;2;32;32;32m██[38;2;32;32;32m██[38;2;32;32;32m██              
                                                                                      [38;2;32;32;32m██[38;2;32;32;32m██[38;2;32;32;32m██[38;2;32;32;32m██[38;2;32;32;32m██[38;2;32;32;32m██                                          
