                                                                                                                              [38;2;101;48;17m██                                                  
                                                                                                                              [38;2;101;48;17m██[38;2;101;48;17m██                                                
                                                                                                                              [38;2;101;48;17m██[38;2;249;187;72m██[38;2;101;48;17m██                                              
                                                                                                                                [38;2;101;48;17m██[38;2;249;187;72m██[38;2;101;48;17m██                                            
                                                                                                                                [38;2;101;48;17m██[38;2;225;146;49m██[38;2;249;187;72m██[38;2;101;48;17m██                                          
                                                                                                                                  [38;2;101;48;17m██[38;2;225;146;49m██[38;2;249;187;72m██[38;2;101;48;17m██                                        
[38;2;101;48;17m██                                                                                                                                  [38;2;101;48;17m██[38;2;225;146;49m██[38;2;249;187;72m██[38;2;101;48;17m██                                      
[38;2;101;48;17m██                                                                                                                                    [38;2;101;48;17m██[38;2;225;146;49m██[38;2;249;187;72m██[38;2;101;48;17m██                                    
[38;2;101;48;17m██[38;2;101;48;17m██                                                                                                                                  [38;2;101;48;17m██[38;2;173;107;25m██[38;2;249;187;72m██[38;2;173;107;25m██[38;2;101;48;17m██                                  
  [38;2;101;48;17m██[38;2;101;48;17m██                                                                                                                                  [38;2;101;48;17m██[38;2;225;146;49m██[38;2;249;187;72m██[38;2;101;48;17m██                                  
  [38;2;101;48;17m██[38;2;225;146;49m██[38;2;101;48;17m██                                                                                                                                  [38;2;101;48;17m██[38;2;225;146;49m██[38;2;249;187;72m██[38;2;101;48;17m██                                
    [38;2;101;48;17m██[38;2;225;146;49m██[38;2;101;48;17m██                                                                                                                                [38;2;101;48;17m██[38;2;173;107;25m██[38;2;249;187;72m██[38;2;225;146;49m██[38;2;101;48;17m██                              
      [38;2;101;48;17m██[38;2;225;146;49m██[38;2;101;48;17m██[38;2;101;48;17m██                                                                                                                              [38;2;101;48;17m██[38;2;225;146;49m██[38;2;249;187;72m██[38;2;101;48;17m██                              
        [38;2;101;48;17m██[38;2;225;146;49m██[38;2;249;187;72m██[38;2;101;48;17m██[38;2;101;48;17m██                                                                                          [38;2;31;33;47m██[38;2;31;33;47m██                              [38;2;101;48;17m██[38;2;249;187;72m██[38;2;249;187;72m██[38;2;101;48;17m██                            
          [38;2;101;48;17m██[38;2;225;146;49m██[38;2;249;187;72m██[38;2;249;187;72m██[38;2;101;48;17m██[38;2;101;48;17m██                                                                                    [38;2;31;33;47m██[38;2;115;115;131m██[38;2;115;115;131m██[38;2;31;33;47m██                            [38;2;101;48;17m██[38;2;225;146;49m██[38;2;249;187;72m██[38;2;249;187;72m██[38;2;101;48;17m██                          
            [38;2;101;48;17m██[38;2;225;146;49m██[38;2;249;187;72m██[38;2;249;187;72m██[38;2;249;187;72m██[38;2;101;48;17m██[38;2;101;48;17m██                                                                              [38;2;24;24;24m██[38;2;115;115;131m██[38;2;115;115;131m██[38;2;115;115;131m██[38;2;115;115;131m██[38;2;31;33;47m██[38;2;24;24;24m██                          [38;2;101;48;17m██[38;2;225;146;49m██[38;2;249;187;72m██[38;2;225;146;49m██[38;2;101;48;17m██                        
              [38;2;101;48;17m██[38;2;172;107;26m██[38;2;225;146;49m██[38;2;249;187;72m██[38;2;249;187;72m██[38;2;249;187;72m██[38;2;101;48;17m██[38;2;101;48;17m██                                                                        [38;2;24;24;24m██[38;2;66;66;73m██[38;2;66;66;73m██[38;2;66;66;73m██[38;2;31;33;47m██[38;2;115;115;131m██[38;2;115;115;131m██[38;2;115;115;131m██[38;2;24;24;24m██                        [38;2;101;48;17m██[38;2;173;107;25m██[38;2;249;187;72m██[38;2;249;187;72m██[38;2;101;48;17m██                        
                  [38;2;101;48;17m██[38;2;101;48;17m██[38;2;225;146;49m██[38;2;249;187;72m██[38;2;249;187;72m██[38;2;249;187;72m██[38;2;101;48;17m██[38;2;101;48;17m██                                                                    [38;2;31;33;47m██[38;2;66;66;73m██[38;2;66;66;73m██[38;2;66;66;73m██[38;2;66;66;73m██[38;2;66;66;73m██[38;2;31;33;47m██[38;2;115;115;131m██[38;2;115;115;131m██[38;2;31;33;47m██                        [38;2;101;48;17m██[38;2;225;146;49m██[38;2;249;187;72m██[38;2;249;187;72m██[38;2;101;48;17m██                      
                      [38;2;101;48;17m██[38;2;225;146;49m██[38;2;225;146;49m██[38;2;249;187;72m██[38;2;249;187;72m██[38;2;249;187;72m██[38;2;101;48;17m██[38;2;101;48;17m██                                                      [38;2;31;33;47m██[38;2;31;33;47m██[38;2;31;33;47m██  [38;2;24;24;24m██[38;2;66;66;73m██[38;2;66;66;73m██[38;2;66;66;73m██[38;2;66;66;73m██[38;2;66;66;73m██[38;2;66;66;73m██[38;2;66;66;73m██[38;2;31;33;47m██[38;2;115;115;131m██[38;2;115;115;131m██[38;2;31;33;47m██  [38;2;31;33;47m██[38;2;31;33;47m██                  [38;2;101;48;17m██[38;2;225;146;49m██[38;2;249;187;72m██[38;2;101;48;17m██                      
                        [38;2;101;48;17m██[38;2;101;48;17m██[38;2;225;146;49m██[38;2;225;146;49m██[38;2;249;187;72m██[38;2;249;187;72m██[38;2;249;187;72m██[38;2;101;48;17m██[38;2;101;48;17m██                                                [38;2;31;33;47m██[38;2;115;115;131m██[38;2;115;115;131m██[38;2;115;115;131m██[38;2;31;33;47m██[38;2;31;33;47m██[38;2;31;33;47m██[38;2;66;66;73m██[38;2;66;66;73m██[38;2;66;66;73m██[38;2;66;66;73m██[38;2;66;66;73m██[38;2;66;66;73m██[38;2;66;66;73m██[38;2;24;24;24m██[38;2;115;115;131m██[38;2;115;115;131m██[38;2;31;33;47m██[38;2;115;115;131m██[38;2;115;115;131m██[38;2;31;33;47m██                [38;2;24;24;24m██[38;2;225;146;49m██[38;2;249;187;72m██[38;2;249;187;72m██[38;2;101;48;17m██                    
                            [38;2;101;48;17m██[38;2;101;48;17m██[38;2;225;146;49m██[38;2;249;187;72m██[38;2;248;229;108m██[38;2;248;229;108m██[38;2;249;187;72m██[38;2;101;48;17m██[38;2;101;48;17m██                                          [38;2;24;24;24m██[38;2;66;66;73m██[38;2;115;115;131m██[38;2;115;115;131m██[38;2;115;115;131m██[38;2;115;115;131m██[38;2;115;115;131m██[38;2;31;33;47m██[38;2;31;33;47m██[38;2;31;33;47m██[38;2;66;66;73m██[38;2;66;66;73m██[38;2;66;66;73m██[38;2;66;66;73m██[38;2;66;66;73m██[38;2;66;66;73m██[38;2;24;24;24m██[38;2;115;115;131m██[38;2;115;115;131m██[38;2;31;33;47m██[38;2;115;115;131m██[38;2;115;115;131m██[38;2;31;33;47m██                [38;2;24;24;24m██[38;2;225;146;49m██[38;2;249;187;72m██[38;2;101;48;17m██                    
                                [38;2;101;48;17m██[38;2;101;48;17m██[38;2;249;187;72m██[38;2;249;187;72m██[38;2;248;229;108m██[38;2;248;229;108m██[38;2;249;187;72m██[38;2;101;48;17m██[38;2;101;48;17m██                                      [38;2;31;33;47m██[38;2;66;66;73m██[38;2;66;66;73m██[38;2;66;66;73m██[38;2;24;24;24m██[38;2;24;24;24m██[38;2;115;115;131m██[38;2;115;115;131m██[38;2;115;115;131m██[38;2;162;206;251m██[38;2;31;33;47m██[38;2;31;33;47m██[38;2;66;66;73m██[38;2;66;66;73m██[38;2;66;66;73m██[38;2;66;66;73m██[38;2;66;66;73m██[38;2;24;24;24m██[38;2;115;115;131m██[38;2;115;115;131m██[38;2;24;24;24m██[38;2;115;115;131m██[38;2;115;115;131m██[38;2;31;33;47m██              [38;2;24;24;24m██[38;2;173;107;25m██[38;2;225;146;49m██[38;2;249;187;72m██[38;2;101;48;17m██                  
                                    [38;2;101;48;17m██[38;2;101;48;17m██[38;2;249;187;72m██[38;2;248;229;108m██[38;2;248;229;108m██[38;2;248;229;108m██[38;2;249;187;72m██[38;2;101;48;17m██[38;2;101;48;17m██                                [38;2;24;24;24m██[38;2;66;66;73m██[38;2;66;66;73m██[38;2;66;66;73m██[38;2;66;66;73m██[38;2;66;66;73m██[38;2;66;66;73m██[38;2;24;24;24m██[38;2;115;115;131m██[38;2;115;115;131m██[38;2;115;115;131m██[38;2;162;206;251m██[38;2;162;206;251m██[38;2;31;33;47m██[38;2;24;24;24m██[38;2;66;66;73m██[38;2;66;66;73m██[38;2;66;66;73m██[38;2;66;66;73m██[38;2;115;115;131m██[38;2;115;115;131m██[38;2;115;115;131m██[38;2;24;24;24m██[38;2;115;115;131m██[38;2;115;115;131m██[38;2;31;33;47m██              [38;2;24;24;24m██[38;2;225;146;49m██[38;2;249;187;72m██[38;2;101;48;17m██                  
                                        [38;2;101;48;17m██[38;2;101;48;17m██[38;2;249;187;72m██[38;2;248;229;108m██[38;2;248;229;108m██[38;2;248;229;108m██[38;2;249;187;72m██[38;2;101;48;17m██[38;2;101;48;17m██                            [38;2;24;24;24m██[38;2;66;66;73m██[38;2;66;66;73m██[38;2;66;66;73m██[38;2;66;66;73m██[38;2;66;66;73m██[38;2;66;66;73m██[38;2;66;66;73m██[38;2;24;24;24m██[38;2;115;115;131m██[38;2;115;115;131m██[38;2;115;115;131m██[38;2;162;206;251m██[38;2;162;206;251m██[38;2;31;33;47m██[38;2;31;33;47m██[38;2;24;24;24m██[38;2;66;66;73m██[38;2;66;66;73m██[38;2;24;24;24m██[38;2;115;115;131m██[38;2;115;115;131m██[38;2;162;206;251m██[38;2;24;24;24m██[38;2;115;115;131m██[38;2;115;115;131m██[38;2;31;33;47m██            [38;2;24;24;24m██[38;2;225;146;49m██[38;2;249;187;72m██[38;2;249;187;72m██[38;2;101;48;17m██                
                                            [38;2;101;48;17m██[38;2;101;48;17m██[38;2;249;187;72m██[38;2;248;229;108m██[38;2;248;229;108m██[38;2;248;229;108m██[38;2;249;187;72m██[38;2;101;48;17m██[38;2;101;48;17m██                      [38;2;24;24;24m██[38;2;66;66;73m██[38;2;66;66;73m██[38;2;66;66;73m██[38;2;66;66;73m██[38;2;66;66;73m██[38;2;66;66;73m██[38;2;66;66;73m██[38;2;66;66;73m██[38;2;66;66;73m██[38;2;24;24;24m██[38;2;115;115;131m██[38;2;115;115;131m██[38;2;115;115;131m██[38;2;162;206;251m██[38;2;162;206;251m██[38;2;120;173;233m██[38;2;31;33;47m██[38;2;24;24;24m██[38;2;66;66;73m██[38;2;66;66;73m██[38;2;24;24;24m██[38;2;115;115;131m██[38;2;115;115;131m██[38;2;162;206;251m██[38;2;24;24;24m██[38;2;115;115;131m██[38;2;115;115;131m██[38;2;31;33;47m██            [38;2;24;24;24m██[38;2;225;146;49m██[38;2;249;187;72m██[38;2;101;48;17m██                
                                                [38;2;101;48;17m██[38;2;101;48;17m██[38;2;225;146;49m██[38;2;249;187;72m██[38;2;248;229;108m██[38;2;249;187;72m██[38;2;225;146;49m██[38;2;101;48;17m██                    [38;2;24;24;24m██[38;2;66;66;73m██[38;2;66;66;73m██[38;2;66;66;73m██[38;2;66;66;73m██[38;2;66;66;73m██[38;2;66;66;73m██[38;2;66;66;73m██[38;2;66;66;73m██[38;2;66;66;73m██[38;2;66;66;73m██[38;2;24;24;24m██[38;2;115;115;131m██[38;2;115;115;131m██[38;2;115;115;131m██[38;2;120;173;233m██[38;2;162;206;251m██[38;2;120;173;233m██[38;2;120;173;233m██[38;2;24;24;24m██[38;2;24;24;24m██[38;2;66;66;73m██[38;2;24;24;24m██[38;2;115;115;131m██[38;2;115;115;131m██[38;2;162;206;251m██[38;2;24;24;24m██[38;2;115;115;131m██[38;2;115;115;131m██[38;2;24;24;24m██          [38;2;24;24;24m██[38;2;225;146;49m██[38;2;249;187;72m██[38;2;249;187;72m██[38;2;101;48;17m██              
                                                    [38;2;101;48;17m██[38;2;225;146;49m██[38;2;249;187;72m██[38;2;248;229;108m██[38;2;248;229;108m██[38;2;249;187;72m██[38;2;172;107;26m██[38;2;101;48;17m██              [38;2;24;24;24m██[38;2;66;66;73m██[38;2;66;66;73m██[38;2;66;66;73m██[38;2;66;66;73m██[38;2;66;66;73m██[38;2;66;66;73m██[38;2;66;66;73m██[38;2;66;66;73m██[38;2;66;66;73m██[38;2;66;66;73m██[38;2;66;66;73m██[38;2;66;66;73m██[38;2;24;24;24m██[38;2;115;115;131m██[38;2;115;115;131m██[38;2;120;173;233m██[38;2;120;173;233m██[38;2;162;206;251m██[38;2;120;173;233m██[38;2;120;173;233m██[38;2;120;173;233m██[38;2;24;24;24m██[38;2;24;24;24m██[38;2;115;115;131m██[38;2;115;115;131m██[38;2;162;206;251m██[38;2;162;206;251m██[38;2;24;24;24m██[38;2;115;115;131m██[38;2;115;115;131m██[38;2;24;24;24m██        [38;2;24;24;24m██[38;2;225;146;49m██[38;2;225;146;49m██[38;2;249;187;72m██[38;2;101;48;17m██              
                                                      [38;2;101;48;17m██[38;2;101;48;17m██[38;2;225;146;49m██[38;2;249;187;72m██[38;2;248;229;108m██[38;2;248;229;108m██[38;2;249;187;72m██[38;2;101;48;17m██            [38;2;24;24;24m██[38;2;66;66;73m██[38;2;66;66;73m██[38;2;66;66;73m██[38;2;66;66;73m██[38;2;66;66;73m██[38;2;66;66;73m██[38;2;66;66;73m██[38;2;66;66;73m██[38;2;66;66;73m██[38;2;66;66;73m██[38;2;66;66;73m██[38;2;66;66;73m██[38;2;66;66;73m██[38;2;24;24;24m██[38;2;115;115;131m██[38;2;115;115;131m██[38;2;120;173;233m██[38;2;120;173;233m██[38;2;120;173;233m██[38;2;120;173;233m██[38;2;120;173;233m██[38;2;71;125;199m██[38;2;24;24;24m██[38;2;24;24;24m██[38;2;115;115;131m██[38;2;115;115;131m██[38;2;162;206;251m██[38;2;71;125;199m██[38;2;24;24;24m██[38;2;115;115;131m██[38;2;31;33;47m██          [38;2;24;24;24m██[38;2;225;146;49m██[38;2;249;187;72m██[38;2;101;48;17m██              
                                                          [38;2;101;48;17m██[38;2;225;146;49m██[38;2;249;187;72m██[38;2;249;187;72m██[38;2;248;229;108m██[38;2;249;187;72m██[38;2;101;48;17m██          [38;2;24;24;24m██[38;2;66;66;73m██[38;2;66;66;73m██[38;2;66;66;73m██[38;2;66;66;73m██[38;2;66;66;73m██[38;2;66;66;73m██[38;2;66;66;73m██[38;2;66;66;73m██[38;2;66;66;73m██[38;2;66;66;73m██[38;2;66;66;73m██[38;2;66;66;73m██[38;2;66;66;73m██[38;2;66;66;73m██[38;2;115;115;131m██[38;2;115;115;131m██[38;2;115;115;131m██[38;2;120;173;233m██[38;2;120;173;233m██[38;2;120;173;233m██[38;2;120;173;233m██[38;2;120;173;233m██[38;2;71;125;199m██[38;2;24;24;24m██[38;2;115;115;131m██[38;2;115;115;131m██[38;2;120;173;233m██[38;2;162;206;251m██[38;2;31;33;47m██[38;2;31;33;47m██[38;2;115;115;131m██[38;2;24;24;24m██        [38;2;24;24;24m██[38;2;225;146;49m██[38;2;225;146;49m██[38;2;249;187;72m██[38;2;101;48;17m██            
                                                            [38;2;101;48;17m██[38;2;172;107;26m██[38;2;225;146;49m██[38;2;249;187;72m██[38;2;248;229;108m██[38;2;225;146;49m██[38;2;101;48;17m██      [38;2;24;24;24m██[38;2;66;66;73m██[38;2;66;66;73m██[38;2;66;66;73m██[38;2;66;66;73m██[38;2;66;66;73m██[38;2;66;66;73m██[38;2;66;66;73m██[38;2;66;66;73m██[38;2;66;66;73m██[38;2;66;66;73m██[38;2;66;66;73m██[38;2;66;66;73m██[38;2;66;66;73m██[38;2;66;66;73m██[38;2;66;66;73m██[38;2;24;24;24m██[38;2;115;115;131m██[38;2;115;115;131m██[38;2;115;115;131m██[38;2;120;173;233m██[38;2;120;173;233m██[38;2;120;173;233m██[38;2;120;173;233m██[38;2;71;125;199m██[38;2;71;125;199m██[38;2;24;24;24m██[38;2;115;115;131m██[38;2;115;115;131m██[38;2;120;173;233m██[38;2;71;125;199m██[38;2;24;24;24m██[38;2;115;115;131m██[38;2;115;115;131m██[38;2;31;33;47m██        [38;2;24;24;24m██[38;2;225;146;49m██[38;2;249;187;72m██[38;2;101;48;17m██            
                                                              [38;2;101;48;17m██[38;2;172;107;26m██[38;2;225;146;49m██[38;2;249;187;72m██[38;2;249;187;72m██[38;2;225;146;49m██[38;2;101;48;17m██    [38;2;24;24;24m██[38;2;66;66;73m██[38;2;66;66;73m██[38;2;66;66;73m██[38;2;66;66;73m██[38;2;66;66;73m██[38;2;66;66;73m██[38;2;66;66;73m██[38;2;66;66;73m██[38;2;66;66;73m██[38;2;66;66;73m██[38;2;66;66;73m██[38;2;66;66;73m██[38;2;66;66;73m██[38;2;66;66;73m██[38;2;66;66;73m██[38;2;66;66;73m██[38;2;24;24;24m██[38;2;115;115;131m██[38;2;115;115;131m██[38;2;95;150;224m██[38;2;120;173;233m██[38;2;120;173;233m██[38;2;120;173;233m██[38;2;120;173;233m██[38;2;71;125;199m██[38;2;24;24;24m██[38;2;115;115;131m██[38;2;115;115;131m██[38;2;120;173;233m██[38;2;120;173;233m██[38;2;71;125;199m██[38;2;24;24;24m██[38;2;115;115;131m██[38;2;115;115;131m██[38;2;24;24;24m██      [38;2;24;24;24m██[38;2;225;146;49m██[38;2;249;187;72m██[38;2;101;48;17m██            
                                                                [38;2;101;48;17m██[38;2;172;107;26m██[38;2;225;146;49m██[38;2;249;187;72m██[38;2;225;146;49m██[38;2;101;48;17m██    [38;2;24;24;24m██[38;2;66;66;73m██[38;2;66;66;73m██[38;2;66;66;73m██[38;2;66;66;73m██[38;2;41;51;111m██[38;2;41;51;111m██[38;2;31;33;47m██[38;2;31;33;47m██[38;2;41;51;111m██[38;2;66;66;73m██[38;2;66;66;73m██[38;2;66;66;73m██[38;2;66;66;73m██[38;2;66;66;73m██[38;2;66;66;73m██[38;2;66;66;73m██[38;2;66;66;73m██[38;2;115;115;131m██[38;2;115;115;131m██[38;2;115;115;131m██[38;2;95;150;224m██[38;2;120;173;233m██[38;2;120;173;233m██[38;2;120;173;233m██[38;2;71;125;199m██[38;2;71;125;199m██[38;2;24;24;24m██[38;2;115;115;131m██[38;2;115;115;131m██[38;2;120;173;233m██[38;2;120;173;233m██[38;2;71;125;199m██[38;2;24;24;24m██[38;2;115;115;131m██[38;2;31;33;47m██      [38;2;24;24;24m██[38;2;225;146;49m██[38;2;225;146;49m██[38;2;249;187;72m██[38;2;101;48;17m██          
                                                                  [38;2;101;48;17m██[38;2;172;107;26m██[38;2;225;146;49m██[38;2;249;187;72m██[38;2;225;146;49m██[38;2;101;48;17m██  [38;2;24;24;24m██[38;2;66;66;73m██[38;2;66;66;73m██[38;2;41;51;111m██[38;2;41;51;111m██[38;2;120;173;233m██[38;2;120;173;233m██[38;2;120;173;233m██[38;2;95;150;224m██[38;2;95;150;224m██[38;2;31;33;47m██[38;2;31;33;47m██[38;2;41;51;111m██[38;2;66;66;73m██[38;2;66;66;73m██[38;2;66;66;73m██[38;2;66;66;73m██[38;2;66;66;73m██[38;2;24;24;24m██[38;2;115;115;131m██[38;2;115;115;131m██[38;2;115;115;131m██[38;2;95;150;224m██[38;2;120;173;233m██[38;2;120;173;233m██[38;2;120;173;233m██[38;2;71;125;199m██[38;2;24;24;24m██[38;2;115;115;131m██[38;2;115;115;131m██[38;2;95;150;224m██[38;2;120;173;233m██[38;2;71;125;199m██[38;2;24;24;24m██[38;2;115;115;131m██[38;2;115;115;131m██[38;2;31;33;47m██      [38;2;24;24;24m██[38;2;225;146;49m██[38;2;249;187;72m██[38;2;101;48;17m██          
                                                                    [38;2;101;48;17m██[38;2;172;107;26m██[38;2;249;187;72m██[38;2;249;187;72m██[38;2;225;146;49m██[38;2;24;24;24m██[38;2;66;66;73m██[38;2;66;66;73m██[38;2;41;51;111m██[38;2;95;150;224m██[38;2;95;150;224m██[38;2;95;150;224m██[38;2;120;173;233m██[38;2;120;173;233m██[38;2;120;173;233m██[38;2;120;173;233m██[38;2;95;150;224m██[38;2;95;150;224m██[38;2;95;150;224m██[38;2;31;33;47m██[38;2;41;51;111m██[38;2;66;66;73m██[38;2;66;66;73m██[38;2;66;66;73m██[38;2;66;66;73m██[38;2;24;24;24m██[38;2;115;115;131m██[38;2;115;115;131m██[38;2;120;173;233m██[38;2;95;150;224m██[38;2;120;173;233m██[38;2;120;173;233m██[38;2;71;125;199m██[38;2;71;125;199m██[38;2;24;24;24m██[38;2;115;115;131m██[38;2;115;115;131m██[38;2;120;173;233m██[38;2;95;150;224m██[38;2;71;125;199m██[38;2;24;24;24m██[38;2;115;115;131m██[38;2;31;33;47m██      [38;2;24;24;24m██[38;2;225;146;49m██[38;2;249;187;72m██[38;2;101;48;17m██          
                                                                      [38;2;101;48;17m██[38;2;172;107;26m██[38;2;225;146;49m██[38;2;225;146;49m██[38;2;24;24;24m██[38;2;66;66;73m██[38;2;66;66;73m██[38;2;41;51;111m██[38;2;95;150;224m██[38;2;95;150;224m██[38;2;41;51;111m██[38;2;41;51;111m██[38;2;95;150;224m██[38;2;95;150;224m██[38;2;120;173;233m██[38;2;120;173;233m██[38;2;95;150;224m██[38;2;95;150;224m██[38;2;95;150;224m██[38;2;71;125;199m██[38;2;31;33;47m██[38;2;41;51;111m██[38;2;66;66;73m██[38;2;66;66;73m██[38;2;66;66;73m██[38;2;115;115;131m██[38;2;115;115;131m██[38;2;115;115;131m██[38;2;120;173;233m██[38;2;120;173;233m██[38;2;120;173;233m██[38;2;95;150;224m██[38;2;71;125;199m██[38;2;24;24;24m██[38;2;115;115;131m██[38;2;115;115;131m██[38;2;95;150;224m██[38;2;120;173;233m██[38;2;71;125;199m██[38;2;24;24;24m██[38;2;66;66;73m██[38;2;115;115;131m██[38;2;31;33;47m██    [38;2;24;24;24m██[38;2;225;146;49m██[38;2;249;187;72m██[38;2;101;48;17m██          
                                                                        [38;2;101;48;17m██[38;2;172;107;26m██[38;2;249;187;72m██[38;2;24;24;24m██[38;2;66;66;73m██[38;2;41;51;111m██[38;2;95;150;224m██[38;2;95;150;224m██[38;2;95;150;224m██[38;2;71;125;199m██[38;2;71;125;199m██[38;2;41;51;111m██[38;2;95;150;224m██[38;2;95;150;224m██[38;2;95;150;224m██[38;2;95;150;224m██[38;2;95;150;224m██[38;2;95;150;224m██[38;2;95;150;224m██[38;2;71;125;199m██[38;2;41;51;111m██[38;2;31;33;47m██[38;2;66;66;73m██[38;2;66;66;73m██[38;2;24;24;24m██[38;2;115;115;131m██[38;2;115;115;131m██[38;2;95;150;224m██[38;2;120;173;233m██[38;2;120;173;233m██[38;2;95;150;224m██[38;2;71;125;199m██[38;2;24;24;24m██[38;2;115;115;131m██[38;2;115;115;131m██[38;2;115;115;131m██[38;2;95;150;224m██[38;2;95;150;224m██[38;2;71;125;199m██[38;2;24;24;24m██[38;2;115;115;131m██[38;2;31;33;47m██      [38;2;24;24;24m██[38;2;225;146;49m██[38;2;249;187;72m██[38;2;101;48;17m██        
                                                                          [38;2;101;48;17m██[38;2;172;107;26m██[38;2;24;24;24m██[38;2;66;66;73m██[38;2;41;51;111m██[38;2;95;150;224m██[38;2;95;150;224m██[38;2;71;125;199m██[38;2;71;125;199m██[38;2;71;125;199m██[38;2;71;125;199m██[38;2;41;51;111m██[38;2;41;51;111m██[38;2;95;150;224m██[38;2;95;150;224m██[38;2;95;150;224m██[38;2;95;150;224m██[38;2;95;150;224m██[38;2;71;125;199m██[38;2;71;125;199m██[38;2;71;125;199m██[38;2;31;33;47m██[38;2;66;66;73m██[38;2;24;24;24m██[38;2;115;115;131m██[38;2;115;115;131m██[38;2;115;115;131m██[38;2;95;150;224m██[38;2;120;173;233m██[38;2;95;150;224m██[38;2;71;125;199m██[38;2;71;125;199m██[38;2;24;24;24m██[38;2;115;115;131m██[38;2;115;115;131m██[38;2;95;150;224m██[38;2;95;150;224m██[38;2;71;125;199m██[38;2;24;24;24m██[38;2;66;66;73m██[38;2;115;115;131m██[38;2;31;33;47m██    [38;2;24;24;24m██[38;2;225;146;49m██[38;2;249;187;72m██[38;2;101;48;17m██        
                                                                          [38;2;101;48;17m██[38;2;172;107;26m██[38;2;24;24;24m██[38;2;66;66;73m██[38;2;41;51;111m██[38;2;95;150;224m██[38;2;95;150;224m██[38;2;71;125;199m██[38;2;71;125;199m██[38;2;71;125;199m██[38;2;71;125;199m██[38;2;71;125;199m██[38;2;71;125;199m██[38;2;41;51;111m██[38;2;95;150;224m██[38;2;95;150;224m██[38;2;95;150;224m██[38;2;95;150;224m██[38;2;95;150;224m██[38;2;71;125;199m██[38;2;71;125;199m██[38;2;31;33;47m██[38;2;66;66;73m██[38;2;66;66;73m██[38;2;24;24;24m██[38;2;115;115;131m██[38;2;115;115;131m██[38;2;95;150;224m██[38;2;95;150;224m██[38;2;120;173;233m██[38;2;95;150;224m██[38;2;71;125;199m██[38;2;24;24;24m██[38;2;115;115;131m██[38;2;115;115;131m██[38;2;95;150;224m██[38;2;95;150;224m██[38;2;95;150;224m██[38;2;71;125;199m██[38;2;24;24;24m██[38;2;115;115;131m██[38;2;31;33;47m██    [38;2;24;24;24m██[38;2;225;146;49m██[38;2;249;187;72m██[38;2;101;48;17m██        
                                                                            [38;2;101;48;17m██[38;2;24;24;24m██[38;2;66;66;73m██[38;2;31;33;47m██[38;2;95;150;224m██[38;2;95;150;224m██[38;2;71;125;199m██[38;2;71;125;199m██[38;2;71;125;199m██[38;2;71;125;199m██[38;2;71;125;199m██[38;2;71;125;199m██[38;2;71;125;199m██[38;2;41;51;111m██[38;2;95;150;224m██[38;2;95;150;224m██[38;2;95;150;224m██[38;2;95;150;224m██[38;2;95;150;224m██[38;2;71;125;199m██[38;2;71;125;199m██[38;2;31;33;47m██[38;2;66;66;73m██[38;2;24;24;24m██[38;2;115;115;131m██[38;2;115;115;131m██[38;2;115;115;131m██[38;2;120;173;233m██[38;2;95;150;224m██[38;2;95;150;224m██[38;2;71;125;199m██[38;2;24;24;24m██[38;2;66;66;73m██[38;2;115;115;131m██[38;2;115;115;131m██[38;2;95;150;224m██[38;2;95;150;224m██[38;2;71;125;199m██[38;2;24;24;24m██[38;2;115;115;131m██[38;2;115;115;131m██[38;2;31;33;47m██  [38;2;24;24;24m██[38;2;225;146;49m██[38;2;249;187;72m██[38;2;101;48;17m██        
                                                                            [38;2;101;48;17m██[38;2;24;24;24m██[38;2;66;66;73m██[38;2;31;33;47m██[38;2;95;150;224m██[38;2;95;150;224m██[38;2;71;125;199m██[38;2;71;125;199m██[38;2;71;125;199m██[38;2;71;125;199m██[38;2;71;125;199m██[38;2;71;125;199m██[38;2;71;125;199m██[38;2;71;125;199m██[38;2;41;51;111m██[38;2;95;150;224m██[38;2;95;150;224m██[38;2;95;150;224m██[38;2;95;150;224m██[38;2;71;125;199m██[38;2;71;125;199m██[38;2;31;33;47m██[38;2;66;66;73m██[38;2;66;66;73m██[38;2;24;24;24m██[38;2;115;115;131m██[38;2;115;115;131m██[38;2;95;150;224m██[38;2;120;173;233m██[38;2;95;150;224m██[38;2;71;125;199m██[38;2;71;125;199m██[38;2;24;24;24m██[38;2;115;115;131m██[38;2;115;115;131m██[38;2;95;150;224m██[38;2;95;150;224m██[38;2;71;125;199m██[38;2;66;66;73m██[38;2;66;66;73m██[38;2;115;115;131m██[38;2;31;33;47m██  [38;2;24;24;24m██[38;2;225;146;49m██[38;2;225;146;49m██[38;2;101;48;17m██        
                                                                              [38;2;24;24;24m██[38;2;66;66;73m██[38;2;31;33;47m██[38;2;95;150;224m██[38;2;95;150;224m██[38;2;71;125;199m██[38;2;71;125;199m██[38;2;71;125;199m██[38;2;71;125;199m██[38;2;71;125;199m██[38;2;71;125;199m██[38;2;71;125;199m██[38;2;71;125;199m██[38;2;71;125;199m██[38;2;41;51;111m██[38;2;95;150;224m██[38;2;95;150;224m██[38;2;95;150;224m██[38;2;95;150;224m██[38;2;71;125;199m██[38;2;71;125;199m██[38;2;24;24;24m██[38;2;66;66;73m██[38;2;24;24;24m██[38;2;115;115;131m██[38;2;115;115;131m██[38;2;115;115;131m██[38;2;95;150;224m██[38;2;95;150;224m██[38;2;95;150;224m██[38;2;71;125;199m██[38;2;24;24;24m██[38;2;66;66;73m██[38;2;115;115;131m██[38;2;95;150;224m██[38;2;95;150;224m██[38;2;95;150;224m██[38;2;71;125;199m██[38;2;24;24;24m██[38;2;115;115;131m██[38;2;95;150;224m██[38;2;31;33;47m██[38;2;225;225;225m██[38;2;24;24;24m██[38;2;225;146;49m██[38;2;225;146;49m██[38;2;101;48;17m██      
                                                                              [38;2;24;24;24m██[38;2;66;66;73m██[38;2;31;33;47m██[38;2;95;150;224m██[38;2;95;150;224m██[38;2;71;125;199m██[38;2;71;125;199m██[38;2;71;125;199m██[38;2;71;125;199m██[38;2;71;125;199m██[38;2;71;125;199m██[38;2;71;125;199m██[38;2;71;125;199m██[38;2;24;24;24m██[38;2;225;146;49m██[38;2;41;51;111m██[38;2;95;150;224m██[38;2;95;150;224m██[38;2;71;125;199m██[38;2;71;125;199m██[38;2;71;125;199m██[38;2;24;24;24m██[38;2;66;66;73m██[38;2;66;66;73m██[38;2;24;24;24m██[38;2;115;115;131m██[38;2;115;115;131m██[38;2;95;150;224m██[38;2;95;150;224m██[38;2;95;150;224m██[38;2;71;125;199m██[38;2;24;24;24m██[38;2;66;66;73m██[38;2;66;66;73m██[38;2;95;150;224m██[38;2;95;150;224m██[38;2;95;150;224m██[38;2;71;125;199m██[38;2;24;24;24m██[38;2;115;115;131m██[38;2;115;115;131m██[38;2;31;33;47m██[38;2;224;224;224m██[38;2;24;24;24m██[38;2;225;146;49m██[38;2;225;146;49m██[38;2;101;48;17m██      
                                                                              [38;2;24;24;24m██[38;2;66;66;73m██[38;2;41;51;111m██[38;2;95;150;224m██[38;2;95;150;224m██[38;2;71;125;199m██[38;2;71;125;199m██[38;2;71;125;199m██[38;2;71;125;199m██[38;2;71;125;199m██[38;2;71;125;199m██[38;2;71;125;199m██[38;2;24;24;24m██[38;2;225;146;49m██[38;2;225;146;49m██[38;2;225;146;49m██[38;2;41;51;111m██[38;2;95;150;224m██[38;2;95;150;224m██[38;2;71;125;199m██[38;2;71;125;199m██[38;2;71;125;199m██[38;2;24;24;24m██[38;2;66;66;73m██[38;2;24;24;24m██[38;2;115;115;131m██[38;2;115;115;131m██[38;2;115;115;131m██[38;2;95;150;224m██[38;2;95;150;224m██[38;2;71;125;199m██[38;2;71;125;199m██[38;2;24;24;24m██[38;2;66;66;73m██[38;2;66;66;73m██[38;2;95;150;224m██[38;2;95;150;224m██[38;2;71;125;199m██[38;2;24;24;24m██[38;2;66;66;73m██[38;2;115;115;131m██[38;2;31;33;47m██[38;2;226;226;226m██[38;2;24;24;24m██[38;2;173;107;25m██[38;2;225;146;49m██[38;2;101;48;17m██      
                                                                              [38;2;24;24;24m██[38;2;66;66;73m██[38;2;41;51;111m██[38;2;95;150;224m██[38;2;95;150;224m██[38;2;95;150;224m██[38;2;71;125;199m██[38;2;71;125;199m██[38;2;71;125;199m██[38;2;71;125;199m██[38;2;71;125;199m██[38;2;71;125;199m██[38;2;101;48;17m██[38;2;225;146;49m██[38;2;225;146;49m██[38;2;225;146;49m██[38;2;24;24;24m██[38;2;41;51;111m██[38;2;71;125;199m██[38;2;95;150;224m██[38;2;71;125;199m██[38;2;71;125;199m██[38;2;24;24;24m██[38;2;66;66;73m██[38;2;24;24;24m██[38;2;66;66;73m██[38;2;115;115;131m██[38;2;66;66;73m██[38;2;95;150;224m██[38;2;95;150;224m██[38;2;71;125;199m██[38;2;71;125;199m██[38;2;24;24;24m██[38;2;66;66;73m██[38;2;66;66;73m██[38;2;95;150;224m██[38;2;95;150;224m██[38;2;71;125;199m██[38;2;66;66;73m██[38;2;66;66;73m██[38;2;115;115;131m██[38;2;95;150;224m██[38;2;31;33;47m██[38;2;24;24;24m██[38;2;173;107;25m██[38;2;225;146;49m██[38;2;101;48;17m██      
                                                                              [38;2;24;24;24m██[38;2;66;66;73m██[38;2;66;66;73m██[38;2;31;33;47m██[38;2;95;150;224m██[38;2;95;150;224m██[38;2;71;125;199m██[38;2;71;125;199m██[38;2;71;125;199m██[38;2;71;125;199m██[38;2;71;125;199m██[38;2;101;48;17m██[38;2;225;146;49m██[38;2;249;187;72m██[38;2;249;187;72m██[38;2;225;146;49m██[38;2;225;146;49m██[38;2;24;24;24m██[38;2;95;150;224m██[38;2;71;125;199m██[38;2;71;125;199m██[38;2;71;125;199m██[38;2;71;125;199m██[38;2;24;24;24m██[38;2;66;66;73m██[38;2;24;24;24m██[38;2;66;66;73m██[38;2;66;66;73m██[38;2;95;150;224m██[38;2;95;150;224m██[38;2;95;150;224m██[38;2;71;125;199m██[38;2;24;24;24m██[38;2;66;66;73m██[38;2;66;66;73m██[38;2;95;150;224m██[38;2;95;150;224m██[38;2;71;125;199m██[38;2;71;125;199m██[38;2;24;24;24m██[38;2;115;115;131m██[38;2;95;150;224m██[38;2;31;33;47m██[38;2;24;24;24m██[38;2;173;107;25m██[38;2;225;146;49m██[38;2;101;48;17m██      
                                                [38;2;24;24;24m██[38;2;24;24;24m██[38;2;24;24;24m██[38;2;24;24;24m██[38;2;24;24;24m██[38;2;24;24;24m██[38;2;24;24;24m██                  [38;2;24;24;24m██[38;2;66;66;73m██[38;2;31;33;47m██[38;2;95;150;224m██[38;2;95;150;224m██[38;2;71;125;199m██[38;2;71;125;199m██[38;2;71;125;199m██[38;2;71;125;199m██[38;2;71;125;199m██[38;2;101;48;17m██[38;2;249;187;72m██[38;2;249;187;72m██[38;2;249;187;72m██[38;2;249;187;72m██[38;2;225;146;49m██[38;2;225;146;49m██[38;2;41;51;111m██[38;2;95;150;224m██[38;2;71;125;199m██[38;2;71;125;199m██[38;2;71;125;199m██[38;2;24;24;24m██[38;2;66;66;73m██[38;2;24;24;24m██[38;2;66;66;73m██[38;2;66;66;73m██[38;2;66;66;73m██[38;2;95;150;224m██[38;2;95;150;224m██[38;2;71;125;199m██[38;2;24;24;24m██[38;2;66;66;73m██[38;2;66;66;73m██[38;2;66;66;73m██[38;2;95;150;224m██[38;2;95;150;224m██[38;2;71;125;199m██[38;2;24;24;24m██[38;2;66;66;73m██[38;2;115;115;131m██[38;2;31;33;47m██[38;2;24;24;24m██[38;2;173;107;25m██[38;2;173;107;25m██[38;2;101;48;17m██      
                                                    [38;2;24;24;24m██[38;2;24;24;24m██[38;2;66;66;73m██[38;2;66;66;73m██[38;2;66;66;73m██[38;2;24;24;24m██[38;2;24;24;24m██[38;2;24;24;24m██[38;2;24;24;24m██[38;2;24;24;24m██[38;2;24;24;24m██      [38;2;24;24;24m██[38;2;66;66;73m██[38;2;41;51;111m██[38;2;95;150;224m██[38;2;95;150;224m██[38;2;71;125;199m██[38;2;71;125;199m██[38;2;71;125;199m██[38;2;24;24;24m██[38;2;24;24;24m██[38;2;24;24;24m██[38;2;24;24;24m██[38;2;24;24;24m██[38;2;24;24;24m██[38;2;249;187;72m██[38;2;249;187;72m██[38;2;225;146;49m██[38;2;41;51;111m██[38;2;71;125;199m██[38;2;95;150;224m██[38;2;71;125;199m██[38;2;71;125;199m██[38;2;71;125;199m██[38;2;24;24;24m██[38;2;24;24;24m██[38;2;66;66;73m██[38;2;66;66;73m██[38;2;66;66;73m██[38;2;95;150;224m██[38;2;95;150;224m██[38;2;71;125;199m██[38;2;71;125;199m██[38;2;24;24;24m██[38;2;66;66;73m██[38;2;66;66;73m██[38;2;95;150;224m██[38;2;71;125;199m██[38;2;71;125;199m██[38;2;24;24;24m██[38;2;66;66;73m██[38;2;115;115;131m██[38;2;41;51;111m██[38;2;24;24;24m██[38;2;173;107;25m██[38;2;173;107;25m██[38;2;101;48;17m██      
                                                        [38;2;24;24;24m██[38;2;24;24;24m██[38;2;66;66;73m██[38;2;66;66;73m██[38;2;66;66;73m██[38;2;66;66;73m██[38;2;66;66;73m██[38;2;66;66;73m██[38;2;66;66;73m██[38;2;24;24;24m██[38;2;24;24;24m██[38;2;24;24;24m██[38;2;24;24;24m██[38;2;24;24;24m██[38;2;24;24;24m██[38;2;24;24;24m██[38;2;95;150;224m██[38;2;95;150;224m██[38;2;71;125;199m██[38;2;71;125;199m██[38;2;71;125;199m██[38;2;24;24;24m██[38;2;115;115;131m██[38;2;115;115;131m██[38;2;115;115;131m██[38;2;115;115;131m██[38;2;24;24;24m██[38;2;24;24;24m██[38;2;24;24;24m██[38;2;24;24;24m██[38;2;24;24;24m██[38;2;24;24;24m██[38;2;71;125;199m██[38;2;71;125;199m██[38;2;71;125;199m██[38;2;24;24;24m██[38;2;66;66;73m██[38;2;24;24;24m██[38;2;66;66;73m██[38;2;66;66;73m██[38;2;95;150;224m██[38;2;95;150;224m██[38;2;71;125;199m██[38;2;71;125;199m██[38;2;24;24;24m██[38;2;66;66;73m██[38;2;66;66;73m██[38;2;95;150;224m██[38;2;95;150;224m██[38;2;71;125;199m██[38;2;24;24;24m██[38;2;66;66;73m██[38;2;115;115;131m██[38;2;95;150;224m██[38;2;24;24;24m██[38;2;173;107;25m██[38;2;173;107;25m██[38;2;101;48;17m██      
                                                            [38;2;24;24;24m██[38;2;24;24;24m██[38;2;66;66;73m██[38;2;66;66;73m██[38;2;66;66;73m██[38;2;66;66;73m██[38;2;66;66;73m██[38;2;66;66;73m██[38;2;66;66;73m██[38;2;66;66;73m██[38;2;66;66;73m██[38;2;66;66;73m██[38;2;66;66;73m██[38;2;41;51;111m██[38;2;95;150;224m██[38;2;95;150;224m██[38;2;71;125;199m██[38;2;71;125;199m██[38;2;71;125;199m██[38;2;101;48;17m██[38;2;24;24;24m██[38;2;24;24;24m██[38;2;66;66;73m██[38;2;115;115;131m██[38;2;115;115;131m██[38;2;115;115;131m██[38;2;115;115;131m██[38;2;115;115;131m██[38;2;66;66;73m██[38;2;66;66;73m██[38;2;24;24;24m██[38;2;24;24;24m██[38;2;24;24;24m██[38;2;24;24;24m██[38;2;24;24;24m██[38;2;24;24;24m██[38;2;66;66;73m██[38;2;66;66;73m██[38;2;66;66;73m██[38;2;95;150;224m██[38;2;95;150;224m██[38;2;71;125;199m██[38;2;24;24;24m██[38;2;66;66;73m██[38;2;66;66;73m██[38;2;95;150;224m██[38;2;71;125;199m██[38;2;71;125;199m██[38;2;24;24;24m██[38;2;66;66;73m██[38;2;115;115;131m██[38;2;95;150;224m██[38;2;24;24;24m██[38;2;173;107;25m██[38;2;173;107;25m██[38;2;101;48;17m██      
                                                                [38;2;24;24;24m██[38;2;24;24;24m██[38;2;66;66;73m██[38;2;66;66;73m██[38;2;66;66;73m██[38;2;66;66;73m██[38;2;66;66;73m██[38;2;66;66;73m██[38;2;66;66;73m██[38;2;66;66;73m██[38;2;66;66;73m██[38;2;66;66;73m██[38;2;41;51;111m██[38;2;95;150;224m██[38;2;71;125;199m██[38;2;71;125;199m██[38;2;71;125;199m██[38;2;101;48;17m██[38;2;249;187;72m██[38;2;24;24;24m██[38;2;24;24;24m██[38;2;66;66;73m██[38;2;66;66;73m██[38;2;66;66;73m██[38;2;115;115;131m██[38;2;115;115;131m██[38;2;115;115;131m██[38;2;115;115;131m██[38;2;115;115;131m██[38;2;115;115;131m██[38;2;115;115;131m██[38;2;115;115;131m██[38;2;66;66;73m██[38;2;24;24;24m██[38;2;66;66;73m██[38;2;66;66;73m██[38;2;66;66;73m██[38;2;95;150;224m██[38;2;71;125;199m██[38;2;71;125;199m██[38;2;24;24;24m██[38;2;66;66;73m██[38;2;66;66;73m██[38;2;71;125;199m██[38;2;95;150;224m██[38;2;71;125;199m██[38;2;24;24;24m██[38;2;66;66;73m██[38;2;115;115;131m██[38;2;95;150;224m██[38;2;95;150;224m██[38;2;101;48;17m██[38;2;173;107;25m██[38;2;101;48;17m██      
                                                                    [38;2;24;24;24m██[38;2;24;24;24m██[38;2;66;66;73m██[38;2;66;66;73m██[38;2;66;66;73m██[38;2;66;66;73m██[38;2;66;66;73m██[38;2;66;66;73m██[38;2;66;66;73m██[38;2;66;66;73m██[38;2;24;24;24m██[38;2;41;51;111m██[38;2;95;150;224m██[38;2;71;125;199m██[38;2;71;125;199m██[38;2;101;48;17m██[38;2;249;187;72m██[38;2;249;187;72m██[38;2;249;187;72m██[38;2;24;24;24m██[38;2;66;66;73m██[38;2;66;66;73m██[38;2;66;66;73m██[38;2;66;66;73m██[38;2;115;115;131m██[38;2;115;115;131m██[38;2;115;115;131m██[38;2;115;115;131m██[38;2;66;66;73m██[38;2;66;66;73m██[38;2;66;66;73m██[38;2;66;66;73m██[38;2;24;24;24m██[38;2;66;66;73m██[38;2;66;66;73m██[38;2;71;125;199m██[38;2;95;150;224m██[38;2;71;125;199m██[38;2;24;24;24m██[38;2;66;66;73m██[38;2;66;66;73m██[38;2;95;150;224m██[38;2;71;125;199m██[38;2;71;125;199m██[38;2;24;24;24m██[38;2;66;66;73m██[38;2;66;66;73m██[38;2;95;150;224m██[38;2;95;150;224m██[38;2;101;48;17m██[38;2;173;107;25m██[38;2;101;48;17m██      
                                                                      [38;2;24;24;24m██[38;2;24;24;24m██[38;2;24;24;24m██[38;2;66;66;73m██[38;2;66;66;73m██[38;2;66;66;73m██[38;2;66;66;73m██[38;2;66;66;73m██[38;2;66;66;73m██[38;2;66;66;73m██[38;2;24;24;24m██[38;2;95;150;224m██[38;2;71;125;199m██[38;2;71;125;199m██[38;2;24;24;24m██[38;2;249;187;72m██[38;2;249;187;72m██[38;2;249;187;72m██[38;2;249;187;72m██[38;2;24;24;24m██[38;2;24;24;24m██[38;2;66;66;73m██[38;2;66;66;73m██[38;2;66;66;73m██[38;2;115;115;131m██[38;2;115;115;131m██[38;2;66;66;73m██[38;2;66;66;73m██[38;2;66;66;73m██[38;2;66;66;73m██[38;2;66;66;73m██[38;2;24;24;24m██[38;2;66;66;73m██[38;2;66;66;73m██[38;2;66;66;73m██[38;2;71;125;199m██[38;2;71;125;199m██[38;2;24;24;24m██[38;2;66;66;73m██[38;2;66;66;73m██[38;2;71;125;199m██[38;2;71;125;199m██[38;2;71;125;199m██[38;2;24;24;24m██[38;2;66;66;73m██[38;2;66;66;73m██[38;2;95;150;224m██[38;2;95;150;224m██[38;2;101;48;17m██[38;2;173;107;25m██[38;2;101;48;17m██[38;2;41;51;111m██    
                                                                    [38;2;24;24;24m██[38;2;66;66;73m██[38;2;24;24;24m██[38;2;24;24;24m██[38;2;24;24;24m██[38;2;24;24;24m██[38;2;66;66;73m██[38;2;66;66;73m██[38;2;66;66;73m██[38;2;66;66;73m██[38;2;66;66;73m██[38;2;66;66;73m██[38;2;24;24;24m██[38;2;95;150;224m██[38;2;71;125;199m██[38;2;24;24;24m██[38;2;225;146;49m██[38;2;101;48;17m██[38;2;101;48;17m██[38;2;101;48;17m██[38;2;101;48;17m██[38;2;101;48;17m██[38;2;24;24;24m██[38;2;66;66;73m██[38;2;66;66;73m██[38;2;66;66;73m██[38;2;66;66;73m██[38;2;66;66;73m██[38;2;66;66;73m██[38;2;66;66;73m██[38;2;66;66;73m██[38;2;66;66;73m██[38;2;24;24;24m██[38;2;66;66;73m██[38;2;66;66;73m██[38;2;66;66;73m██[38;2;95;150;224m██[38;2;71;125;199m██[38;2;24;24;24m██[38;2;66;66;73m██[38;2;66;66;73m██[38;2;71;125;199m██[38;2;71;125;199m██[38;2;71;125;199m██[38;2;24;24;24m██[38;2;66;66;73m██[38;2;66;66;73m██[38;2;71;125;199m██[38;2;95;150;224m██[38;2;101;48;17m██[38;2;173;107;25m██[38;2;101;48;17m██[38;2;71;125;199m██    
                                                                    [38;2;66;66;73m██[38;2;0;124;168m██[38;2;135;206;227m██[38;2;135;206;227m██[38;2;135;206;227m██[38;2;65;165;201m██[38;2;24;24;24m██[38;2;24;24;24m██[38;2;66;66;73m██[38;2;66;66;73m██[38;2;24;24;24m██[38;2;24;24;24m██[38;2;66;66;73m██[38;2;41;51;111m██[38;2;95;150;224m██[38;2;71;125;199m██[38;2;101;48;17m██[38;2;225;146;49m██[38;2;249;187;72m██[38;2;249;187;72m██[38;2;249;187;72m██[38;2;249;187;72m██[38;2;225;146;49m██[38;2;24;24;24m██[38;2;24;24;24m██[38;2;66;66;73m██[38;2;66;66;73m██[38;2;66;66;73m██[38;2;66;66;73m██[38;2;66;66;73m██[38;2;66;66;73m██[38;2;66;66;73m██[38;2;66;66;73m██[38;2;24;24;24m██[38;2;66;66;73m██[38;2;66;66;73m██[38;2;71;125;199m██[38;2;71;125;199m██[38;2;24;24;24m██[38;2;66;66;73m██[38;2;66;66;73m██[38;2;71;125;199m██[38;2;71;125;199m██[38;2;71;125;199m██[38;2;24;24;24m██[38;2;66;66;73m██[38;2;66;66;73m██[38;2;71;125;199m██[38;2;95;150;224m██[38;2;95;150;224m██[38;2;101;48;17m██[38;2;101;48;17m██[38;2;120;173;233m██[38;2;71;125;199m██  
                                                                  [38;2;24;24;24m██[38;2;0;124;168m██[38;2;135;206;227m██[38;2;135;206;227m██[38;2;135;206;227m██[38;2;135;206;227m██[38;2;135;206;227m██[38;2;135;206;227m██[38;2;65;165;201m██[38;2;24;24;24m██[38;2;24;24;24m██[38;2;66;66;73m██[38;2;66;66;73m██[38;2;66;66;73m██[38;2;24;24;24m██[38;2;41;51;111m██[38;2;71;125;199m██[38;2;24;24;24m██[38;2;249;187;72m██[38;2;249;187;72m██[38;2;249;187;72m██[38;2;249;187;72m██[38;2;249;187;72m██[38;2;225;146;49m██[38;2;225;146;49m██[38;2;225;146;49m██[38;2;24;24;24m██[38;2;24;24;24m██[38;2;66;66;73m██[38;2;66;66;73m██[38;2;66;66;73m██[38;2;66;66;73m██[38;2;66;66;73m██[38;2;66;66;73m██[38;2;24;24;24m██[38;2;66;66;73m██[38;2;66;66;73m██[38;2;71;125;199m██[38;2;71;125;199m██[38;2;24;24;24m██[38;2;66;66;73m██[38;2;66;66;73m██[38;2;71;125;199m██[38;2;71;125;199m██[38;2;71;125;199m██[38;2;24;24;24m██[38;2;66;66;73m██[38;2;66;66;73m██[38;2;71;125;199m██[38;2;95;150;224m██[38;2;95;150;224m██[38;2;101;48;17m██[38;2;120;173;233m██[38;2;120;173;233m██[38;2;71;125;199m██  
                                                                  [38;2;0;124;168m██[38;2;135;206;227m██[38;2;135;206;227m██[38;2;135;206;227m██[38;2;135;206;227m██[38;2;135;206;227m██[38;2;135;206;227m██[38;2;24;24;24m██[38;2;24;24;24m██[38;2;66;66;73m██[38;2;66;66;73m██[38;2;66;66;73m██[38;2;66;66;73m██[38;2;66;66;73m██[38;2;66;66;73m██[38;2;24;24;24m██[38;2;71;125;199m██[38;2;71;125;199m██[38;2;101;48;17m██[38;2;249;187;72m██[38;2;249;187;72m██[38;2;249;187;72m██[38;2;225;146;49m██[38;2;225;146;49m██[38;2;225;146;49m██[38;2;225;146;49m██[38;2;225;146;49m██[38;2;24;24;24m██[38;2;24;24;24m██[38;2;66;66;73m██[38;2;66;66;73m██[38;2;66;66;73m██[38;2;66;66;73m██[38;2;66;66;73m██[38;2;24;24;24m██[38;2;66;66;73m██[38;2;66;66;73m██[38;2;71;125;199m██[38;2;71;125;199m██[38;2;24;24;24m██[38;2;66;66;73m██[38;2;66;66;73m██[38;2;71;125;199m██[38;2;71;125;199m██[38;2;71;125;199m██[38;2;24;24;24m██[38;2;66;66;73m██[38;2;66;66;73m██[38;2;71;125;199m██[38;2;95;150;224m██[38;2;95;150;224m██[38;2;120;173;233m██[38;2;120;173;233m██[38;2;120;173;233m██[38;2;71;125;199m██  
                                                                [38;2;24;24;24m██[38;2;135;206;227m██[38;2;135;206;227m██[38;2;135;206;227m██[38;2;65;165;201m██[38;2;65;165;201m██[38;2;24;24;24m██[38;2;24;24;24m██[38;2;66;66;73m██[38;2;66;66;73m██[38;2;66;66;73m██[38;2;66;66;73m██[38;2;66;66;73m██[38;2;66;66;73m██[38;2;66;66;73m██[38;2;66;66;73m██[38;2;66;66;73m██[38;2;24;24;24m██[38;2;71;125;199m██[38;2;24;24;24m██[38;2;225;146;49m██[38;2;101;48;17m██[38;2;101;48;17m██[38;2;101;48;17m██[38;2;101;48;17m██[38;2;101;48;17m██[38;2;225;146;49m██[38;2;24;24;24m██[38;2;24;24;24m██[38;2;66;66;73m██[38;2;24;24;24m██[38;2;24;24;24m██[38;2;66;66;73m██[38;2;66;66;73m██[38;2;66;66;73m██[38;2;24;24;24m██[38;2;66;66;73m██[38;2;66;66;73m██[38;2;71;125;199m██[38;2;71;125;199m██[38;2;24;24;24m██[38;2;66;66;73m██[38;2;66;66;73m██[38;2;71;125;199m██[38;2;71;125;199m██[38;2;71;125;199m██[38;2;24;24;24m██[38;2;66;66;73m██[38;2;66;66;73m██[38;2;71;125;199m██[38;2;95;150;224m██[38;2;95;150;224m██[38;2;120;173;233m██[38;2;120;173;233m██[38;2;41;51;111m██    
                                                                [38;2;24;24;24m██[38;2;65;165;201m██[38;2;65;165;201m██[38;2;65;165;201m██[38;2;65;165;201m██[38;2;24;24;24m██[38;2;24;24;24m██[38;2;66;66;73m██[38;2;66;66;73m██[38;2;66;66;73m██[38;2;66;66;73m██[38;2;66;66;73m██[38;2;66;66;73m██[38;2;66;66;73m██[38;2;66;66;73m██[38;2;66;66;73m██[38;2;66;66;73m██[38;2;66;66;73m██[38;2;24;24;24m██[38;2;71;125;199m██[38;2;24;24;24m██[38;2;225;146;49m██[38;2;225;146;49m██[38;2;225;146;49m██[38;2;225;146;49m██[38;2;24;24;24m██[38;2;24;24;24m██[38;2;66;66;73m██[38;2;66;66;73m██[38;2;66;66;73m██[38;2;66;66;73m██[38;2;66;66;73m██[38;2;24;24;24m██[38;2;24;24;24m██[38;2;66;66;73m██[38;2;24;24;24m██[38;2;66;66;73m██[38;2;66;66;73m██[38;2;71;125;199m██[38;2;71;125;199m██[38;2;24;24;24m██[38;2;66;66;73m██[38;2;66;66;73m██[38;2;71;125;199m██[38;2;71;125;199m██[38;2;71;125;199m██[38;2;24;24;24m██[38;2;66;66;73m██[38;2;66;66;73m██[38;2;95;150;224m██[38;2;95;150;224m██[38;2;71;125;199m██[38;2;95;150;224m██[38;2;120;173;233m██[38;2;41;51;111m██    
                                                              [38;2;24;24;24m██[38;2;65;165;201m██[38;2;66;66;73m██[38;2;66;66;73m██[38;2;24;24;24m██[38;2;24;24;24m██[38;2;66;66;73m██[38;2;66;66;73m██[38;2;66;66;73m██[38;2;66;66;73m██[38;2;66;66;73m██[38;2;66;66;73m██[38;2;66;66;73m██[38;2;66;66;73m██[38;2;66;66;73m██[38;2;66;66;73m██[38;2;66;66;73m██[38;2;66;66;73m██[38;2;66;66;73m██[38;2;66;66;73m██[38;2;24;24;24m██[38;2;71;125;199m██[38;2;24;24;24m██[38;2;225;146;49m██[38;2;24;24;24m██[38;2;24;24;24m██[38;2;66;66;73m██[38;2;66;66;73m██[38;2;66;66;73m██[38;2;66;66;73m██[38;2;66;66;73m██[38;2;66;66;73m██[38;2;66;66;73m██[38;2;66;66;73m██[38;2;66;66;73m██[38;2;24;24;24m██[38;2;24;24;24m██[38;2;66;66;73m██[38;2;66;66;73m██[38;2;31;33;47m██[38;2;71;125;199m██[38;2;24;24;24m██[38;2;66;66;73m██[38;2;66;66;73m██[38;2;71;125;199m██[38;2;71;125;199m██[38;2;71;125;199m██[38;2;24;24;24m██[38;2;66;66;73m██[38;2;66;66;73m██[38;2;95;150;224m██[38;2;95;150;224m██[38;2;95;150;224m██[38;2;71;125;199m██[38;2;71;125;199m██      
                                                              [38;2;24;24;24m██[38;2;66;66;73m██[38;2;24;24;24m██[38;2;24;24;24m██[38;2;66;66;73m██[38;2;66;66;73m██[38;2;66;66;73m██[38;2;66;66;73m██[38;2;66;66;73m██[38;2;66;66;73m██[38;2;66;66;73m██[38;2;66;66;73m██[38;2;66;66;73m██[38;2;66;66;73m██[38;2;24;24;24m██[38;2;24;24;24m██[38;2;24;24;24m██[38;2;24;24;24m██[38;2;24;24;24m██[38;2;24;24;24m██[38;2;24;24;24m██[38;2;24;24;24m██[38;2;24;24;24m██[38;2;24;24;24m██[38;2;66;66;73m██[38;2;66;66;73m██[38;2;66;66;73m██[38;2;66;66;73m██[38;2;66;66;73m██[38;2;66;66;73m██[38;2;66;66;73m██[38;2;66;66;73m██[38;2;66;66;73m██[38;2;66;66;73m██[38;2;66;66;73m██[38;2;66;66;73m██[38;2;24;24;24m██[38;2;66;66;73m██[38;2;66;66;73m██[38;2;31;33;47m██[38;2;24;24;24m██[38;2;66;66;73m██[38;2;66;66;73m██[38;2;66;66;73m██[38;2;71;125;199m██[38;2;71;125;199m██[38;2;24;24;24m██[38;2;66;66;73m██[38;2;66;66;73m██[38;2;66;66;73m██[38;2;95;150;224m██[38;2;95;150;224m██[38;2;95;150;224m██[38;2;71;125;199m██[38;2;41;51;111m██      
                                                            [38;2;24;24;24m██[38;2;66;66;73m██[38;2;24;24;24m██[38;2;24;24;24m██[38;2;24;24;24m██[38;2;24;24;24m██[38;2;24;24;24m██[38;2;24;24;24m██[38;2;24;24;24m██[38;2;24;24;24m██[38;2;24;24;24m██[38;2;24;24;24m██[38;2;24;24;24m██[38;2;24;24;24m██[38;2;24;24;24m██[38;2;0;124;168m██[38;2;24;24;24m██[38;2;24;24;24m██[38;2;66;66;73m██[38;2;66;66;73m██[38;2;66;66;73m██[38;2;24;24;24m██[38;2;24;24;24m██[38;2;66;66;73m██[38;2;66;66;73m██[38;2;66;66;73m██[38;2;66;66;73m██[38;2;66;66;73m██[38;2;66;66;73m██[38;2;66;66;73m██[38;2;66;66;73m██[38;2;66;66;73m██[38;2;24;24;24m██[38;2;24;24;24m██[38;2;24;24;24m██[38;2;24;24;24m██[38;2;24;24;24m██[38;2;24;24;24m██[38;2;66;66;73m██[38;2;66;66;73m██[38;2;31;33;47m██[38;2;24;24;24m██[38;2;66;66;73m██[38;2;66;66;73m██[38;2;71;125;199m██[38;2;71;125;199m██[38;2;71;125;199m██[38;2;24;24;24m██[38;2;66;66;73m██[38;2;66;66;73m██[38;2;71;125;199m██[38;2;95;150;224m██[38;2;95;150;224m██[38;2;95;150;224m██[38;2;95;150;224m██[38;2;41;51;111m██      
                                                            [38;2;24;24;24m██[38;2;66;66;73m██[38;2;24;24;24m██[38;2;65;165;201m██[38;2;65;165;201m██[38;2;65;165;201m██[38;2;65;165;201m██[38;2;0;124;168m██[38;2;0;124;168m██[38;2;0;124;168m██[38;2;24;24;24m██[38;2;24;24;24m██[38;2;66;66;73m██[38;2;66;66;73m██[38;2;66;66;73m██[38;2;0;124;168m██[38;2;24;24;24m██[38;2;0;124;168m██[38;2;24;24;24m██[38;2;66;66;73m██[38;2;24;24;24m██[38;2;66;66;73m██[38;2;66;66;73m██[38;2;66;66;73m██[38;2;66;66;73m██[38;2;66;66;73m██[38;2;24;24;24m██[38;2;24;24;24m██[38;2;24;24;24m██[38;2;24;24;24m██[38;2;24;24;24m██[38;2;24;24;24m██[38;2;66;66;73m██[38;2;66;66;73m██[38;2;66;66;73m██[38;2;66;66;73m██[38;2;66;66;73m██[38;2;24;24;24m██[38;2;66;66;73m██[38;2;31;33;47m██[38;2;31;33;47m██[38;2;24;24;24m██[38;2;66;66;73m██[38;2;66;66;73m██[38;2;71;125;199m██[38;2;71;125;199m██[38;2;71;125;199m██[38;2;24;24;24m██[38;2;66;66;73m██[38;2;66;66;73m██[38;2;71;125;199m██[38;2;95;150;224m██[38;2;95;150;224m██[38;2;95;150;224m██[38;2;120;173;233m██[38;2;120;173;233m██[38;2;41;51;111m██    
                                                          [38;2;24;24;24m██[38;2;24;24;24m██[38;2;66;66;73m██[38;2;24;24;24m██[38;2;65;165;201m██[38;2;65;165;201m██[38;2;65;165;201m██[38;2;65;165;201m██[38;2;65;165;201m██[38;2;65;165;201m██[38;2;0;124;168m██[38;2;0;124;168m██[38;2;24;24;24m██[38;2;24;24;24m██[38;2;66;66;73m██[38;2;66;66;73m██[38;2;24;24;24m██[38;2;0;124;168m██[38;2;24;24;24m██[38;2;24;24;24m██[38;2;24;24;24m██[38;2;24;24;24m██[38;2;24;24;24m██[38;2;24;24;24m██[38;2;24;24;24m██[38;2;24;24;24m██[38;2;24;24;24m██[38;2;66;66;73m██[38;2;66;66;73m██[38;2;66;66;73m██[38;2;66;66;73m██[38;2;66;66;73m██[38;2;66;66;73m██[38;2;66;66;73m██[38;2;66;66;73m██[38;2;66;66;73m██[38;2;66;66;73m██[38;2;24;24;24m██[38;2;66;66;73m██[38;2;66;66;73m██[38;2;31;33;47m██[38;2;66;66;73m██[38;2;24;24;24m██[38;2;66;66;73m██[38;2;66;66;73m██[38;2;71;125;199m██[38;2;71;125;199m██[38;2;71;125;199m██[38;2;24;24;24m██[38;2;66;66;73m██[38;2;66;66;73m██[38;2;95;150;224m██[38;2;71;125;199m██[38;2;95;150;224m██[38;2;95;150;224m██[38;2;120;173;233m██[38;2;120;173;233m██[38;2;41;51;111m██    
                                                        [38;2;24;24;24m██[38;2;115;115;131m██[38;2;115;115;131m██[38;2;24;24;24m██[38;2;24;24;24m██[38;2;65;165;201m██[38;2;65;165;201m██[38;2;65;165;201m██[38;2;65;165;201m██[38;2;65;165;201m██[38;2;65;165;201m██[38;2;65;165;201m██[38;2;65;165;201m██[38;2;0;124;168m██[38;2;0;124;168m██[38;2;24;24;24m██[38;2;66;66;73m██[38;2;24;24;24m██[38;2;65;165;201m██[38;2;65;165;201m██[38;2;65;165;201m██[38;2;24;24;24m██[38;2;66;66;73m██[38;2;66;66;73m██[38;2;24;24;24m██[38;2;66;66;73m██[38;2;66;66;73m██[38;2;66;66;73m██[38;2;66;66;73m██[38;2;66;66;73m██[38;2;66;66;73m██[38;2;66;66;73m██[38;2;66;66;73m██[38;2;66;66;73m██[38;2;66;66;73m██[38;2;66;66;73m██[38;2;66;66;73m██[38;2;24;24;24m██[38;2;66;66;73m██[38;2;66;66;73m██[38;2;31;33;47m██[38;2;66;66;73m██[38;2;24;24;24m██[38;2;66;66;73m██[38;2;66;66;73m██[38;2;71;125;199m██[38;2;71;125;199m██[38;2;71;125;199m██[38;2;24;24;24m██[38;2;66;66;73m██[38;2;66;66;73m██[38;2;71;125;199m██[38;2;71;125;199m██[38;2;95;150;224m██[38;2;95;150;224m██[38;2;95;150;224m██[38;2;95;150;224m██[38;2;120;173;233m██[38;2;120;173;233m██[38;2;41;51;111m██  
                                                        [38;2;24;24;24m██[38;2;115;115;131m██[38;2;66;66;73m██[38;2;66;66;73m██[38;2;24;24;24m██[38;2;65;165;201m██[38;2;65;165;201m██[38;2;65;165;201m██[38;2;65;165;201m██[38;2;65;165;201m██[38;2;65;165;201m██[38;2;65;165;201m██[38;2;65;165;201m██[38;2;65;165;201m██[38;2;0;124;168m██[38;2;0;124;168m██[38;2;24;24;24m██[38;2;24;24;24m██[38;2;65;165;201m██[38;2;65;165;201m██[38;2;65;165;201m██[38;2;65;165;201m██[38;2;24;24;24m██[38;2;66;66;73m██[38;2;66;66;73m██[38;2;24;24;24m██[38;2;24;24;24m██[38;2;66;66;73m██[38;2;66;66;73m██[38;2;66;66;73m██[38;2;66;66;73m██[38;2;66;66;73m██[38;2;66;66;73m██[38;2;66;66;73m██[38;2;66;66;73m██[38;2;24;24;24m██[38;2;24;24;24m██[38;2;66;66;73m██[38;2;66;66;73m██[38;2;24;24;24m██[38;2;66;66;73m██[38;2;66;66;73m██[38;2;24;24;24m██[38;2;66;66;73m██[38;2;66;66;73m██[38;2;71;125;199m██[38;2;71;125;199m██[38;2;71;125;199m██[38;2;24;24;24m██[38;2;66;66;73m██[38;2;66;66;73m██[38;2;71;125;199m██[38;2;95;150;224m██[38;2;71;125;199m██[38;2;95;150;224m██[38;2;95;150;224m██[38;2;95;150;224m██[38;2;120;173;233m██[38;2;120;173;233m██[38;2;41;51;111m██  
                                                          [38;2;24;24;24m██[38;2;66;66;73m██[38;2;66;66;73m██[38;2;24;24;24m██[38;2;65;165;201m██[38;2;65;165;201m██[38;2;65;165;201m██[38;2;65;165;201m██[38;2;65;165;201m██[38;2;65;165;201m██[38;2;65;165;201m██[38;2;65;165;201m██[38;2;65;165;201m██[38;2;65;165;201m██[38;2;24;24;24m██[38;2;24;24;24m██[38;2;65;165;201m██[38;2;65;165;201m██[38;2;65;165;201m██[38;2;65;165;201m██[38;2;65;165;201m██[38;2;65;165;201m██[38;2;24;24;24m██[38;2;66;66;73m██[38;2;66;66;73m██[38;2;66;66;73m██[38;2;24;24;24m██[38;2;24;24;24m██[38;2;24;24;24m██[38;2;24;24;24m██[38;2;24;24;24m██[38;2;24;24;24m██[38;2;24;24;24m██[38;2;24;24;24m██[38;2;66;66;73m██[38;2;66;66;73m██[38;2;24;24;24m██[38;2;24;24;24m██[38;2;66;66;73m██[38;2;66;66;73m██[38;2;24;24;24m██[38;2;66;66;73m██[38;2;66;66;73m██[38;2;66;66;73m██[38;2;71;125;199m██[38;2;71;125;199m██[38;2;24;24;24m██[38;2;66;66;73m██[38;2;66;66;73m██[38;2;71;125;199m██[38;2;71;125;199m██[38;2;71;125;199m██[38;2;71;125;199m██[38;2;95;150;224m██[38;2;95;150;224m██[38;2;95;150;224m██[38;2;95;150;224m██[38;2;120;173;233m██[38;2;120;173;233m██[38;2;41;51;111m██
                                                          [38;2;24;24;24m██[38;2;66;66;73m██[38;2;66;66;73m██[38;2;24;24;24m██[38;2;65;165;201m██[38;2;65;165;201m██[38;2;65;165;201m██[38;2;65;165;201m██[38;2;65;165;201m██[38;2;65;165;201m██[38;2;65;165;201m██[38;2;65;165;201m██[38;2;65;165;201m██[38;2;65;165;201m██[38;2;24;24;24m██  [38;2;24;24;24m██[38;2;65;165;201m██[38;2;65;165;201m██[38;2;65;165;201m██[38;2;0;124;168m██[38;2;65;165;201m██[38;2;65;165;201m██[38;2;24;24;24m██[38;2;66;66;73m██[38;2;66;66;73m██[38;2;66;66;73m██[38;2;66;66;73m██[38;2;66;66;73m██[38;2;66;66;73m██[38;2;66;66;73m██[38;2;66;66;73m██[38;2;66;66;73m██[38;2;66;66;73m██[38;2;24;24;24m██[38;2;24;24;24m██[38;2;66;66;73m██[38;2;66;66;73m██[38;2;66;66;73m██[38;2;66;66;73m██[38;2;24;24;24m██[38;2;66;66;73m██[38;2;66;66;73m██[38;2;71;125;199m██[38;2;71;125;199m██[38;2;71;125;199m██[38;2;24;24;24m██[38;2;66;66;73m██[38;2;66;66;73m██[38;2;71;125;199m██[38;2;71;125;199m██[38;2;71;125;199m██[38;2;95;150;224m██[38;2;95;150;224m██[38;2;95;150;224m██[38;2;95;150;224m██[38;2;95;150;224m██[38;2;95;150;224m██[38;2;120;173;233m██[38;2;41;51;111m██
                                                            [38;2;24;24;24m██[38;2;66;66;73m██[38;2;24;24;24m██[38;2;65;165;201m██[38;2;65;165;201m██[38;2;65;165;201m██[38;2;65;165;201m██[38;2;65;165;201m██[38;2;65;165;201m██[38;2;65;165;201m██[38;2;65;165;201m██[38;2;65;165;201m██[38;2;65;165;201m██[38;2;24;24;24m██    [38;2;24;24;24m██[38;2;65;165;201m██[38;2;0;124;168m██[38;2;65;165;201m██[38;2;65;165;201m██[38;2;0;124;168m██[38;2;24;24;24m██[38;2;24;24;24m██[38;2;66;66;73m██[38;2;66;66;73m██[38;2;66;66;73m██[38;2;66;66;73m██[38;2;66;66;73m██[38;2;66;66;73m██[38;2;66;66;73m██[38;2;66;66;73m██[38;2;66;66;73m██[38;2;66;66;73m██[38;2;66;66;73m██[38;2;66;66;73m██[38;2;66;66;73m██[38;2;24;24;24m██[38;2;24;24;24m██[38;2;66;66;73m██[38;2;66;66;73m██[38;2;66;66;73m██[38;2;71;125;199m██[38;2;71;125;199m██[38;2;24;24;24m██[38;2;66;66;73m██[38;2;66;66;73m██[38;2;71;125;199m██[38;2;71;125;199m██[38;2;71;125;199m██[38;2;71;125;199m██[38;2;71;125;199m██[38;2;95;150;224m██[38;2;95;150;224m██[38;2;95;150;224m██[38;2;95;150;224m██[38;2;95;150;224m██[38;2;120;173;233m██[38;2;41;51;111m██
                                                            [38;2;24;24;24m██[38;2;66;66;73m██[38;2;24;24;24m██[38;2;65;165;201m██[38;2;135;206;227m██[38;2;65;165;201m██[38;2;65;165;201m██[38;2;65;165;201m██[38;2;65;165;201m██[38;2;65;165;201m██[38;2;65;165;201m██[38;2;65;165;201m██[38;2;65;165;201m██[38;2;24;24;24m██    [38;2;24;24;24m██[38;2;0;124;168m██[38;2;65;165;201m██[38;2;24;24;24m██[38;2;65;165;201m██[38;2;24;24;24m██[38;2;65;165;201m██[38;2;24;24;24m██[38;2;24;24;24m██[38;2;24;24;24m██[38;2;24;24;24m██[38;2;66;66;73m██[38;2;66;66;73m██[38;2;66;66;73m██[38;2;66;66;73m██[38;2;66;66;73m██[38;2;66;66;73m██[38;2;66;66;73m██[38;2;24;24;24m██[38;2;24;24;24m██[38;2;24;24;24m██[38;2;66;66;73m██[38;2;66;66;73m██[38;2;66;66;73m██[38;2;66;66;73m██[38;2;71;125;199m██[38;2;71;125;199m██[38;2;24;24;24m██[38;2;66;66;73m██[38;2;66;66;73m██[38;2;71;125;199m██[38;2;71;125;199m██[38;2;71;125;199m██[38;2;71;125;199m██[38;2;71;125;199m██[38;2;71;125;199m██[38;2;71;125;199m██[38;2;95;150;224m██[38;2;95;150;224m██[38;2;71;125;199m██[38;2;95;150;224m██[38;2;95;150;224m██[38;2;41;51;111m██
                                                              [38;2;24;24;24m██[38;2;66;66;73m██[38;2;24;24;24m██[38;2;135;206;227m██[38;2;65;165;201m██[38;2;65;165;201m██[38;2;65;165;201m██[38;2;65;165;201m██[38;2;65;165;201m██[38;2;65;165;201m██[38;2;65;165;201m██[38;2;65;165;201m██[38;2;24;24;24m██      [38;2;24;24;24m██[38;2;65;165;201m██[38;2;24;24;24m██[38;2;65;165;201m██[38;2;24;24;24m██[38;2;0;124;168m██[38;2;24;24;24m██[38;2;0;124;168m██[38;2;24;24;24m██[38;2;66;66;73m██[38;2;24;24;24m██[38;2;24;24;24m██[38;2;24;24;24m██[38;2;24;24;24m██[38;2;24;24;24m██[38;2;24;24;24m██[38;2;24;24;24m██[38;2;66;66;73m██[38;2;66;66;73m██[38;2;66;66;73m██[38;2;66;66;73m██[38;2;66;66;73m██[38;2;66;66;73m██[38;2;71;125;199m██[38;2;24;24;24m██[38;2;24;24;24m██[38;2;66;66;73m██[38;2;66;66;73m██[38;2;71;125;199m██[38;2;71;125;199m██[38;2;71;125;199m██[38;2;71;125;199m██[38;2;71;125;199m██[38;2;71;125;199m██[38;2;71;125;199m██[38;2;71;125;199m██[38;2;95;150;224m██[38;2;41;51;111m██[38;2;71;125;199m██[38;2;95;150;224m██[38;2;95;150;224m██[38;2;41;51;111m██
                                                              [38;2;24;24;24m██[38;2;66;66;73m██[38;2;24;24;24m██[38;2;135;206;227m██[38;2;135;206;227m██[38;2;65;165;201m██[38;2;65;165;201m██[38;2;65;165;201m██[38;2;65;165;201m██[38;2;65;165;201m██[38;2;65;165;201m██[38;2;65;165;201m██[38;2;65;165;201m██[38;2;24;24;24m██    [38;2;24;24;24m██[38;2;0;124;168m██  [38;2;24;24;24m██[38;2;0;124;168m██  [38;2;24;24;24m██    [38;2;24;24;24m██[38;2;66;66;73m██[38;2;66;66;73m██[38;2;66;66;73m██[38;2;66;66;73m██[38;2;66;66;73m██[38;2;66;66;73m██[38;2;66;66;73m██[38;2;66;66;73m██[38;2;66;66;73m██[38;2;66;66;73m██[38;2;66;66;73m██[38;2;71;125;199m██[38;2;24;24;24m██[38;2;24;24;24m██[38;2;66;66;73m██[38;2;66;66;73m██[38;2;66;66;73m██[38;2;71;125;199m██[38;2;71;125;199m██[38;2;71;125;199m██[38;2;71;125;199m██[38;2;71;125;199m██[38;2;71;125;199m██[38;2;31;33;47m██[38;2;31;33;47m██[38;2;95;150;224m██[38;2;95;150;224m██[38;2;31;33;47m██[38;2;71;125;199m██[38;2;95;150;224m██[38;2;41;51;111m██[38;2;24;24;24m██
                                                                [38;2;24;24;24m██[38;2;24;24;24m██[38;2;135;206;227m██[38;2;135;206;227m██[38;2;65;165;201m██[38;2;65;165;201m██[38;2;65;165;201m██[38;2;65;165;201m██[38;2;65;165;201m██[38;2;65;165;201m██[38;2;65;165;201m██[38;2;66;66;73m██[38;2;24;24;24m██    [38;2;0;124;168m██    [38;2;24;24;24m██            [38;2;24;24;24m██[38;2;66;66;73m██[38;2;66;66;73m██[38;2;66;66;73m██[38;2;66;66;73m██[38;2;66;66;73m██[38;2;66;66;73m██[38;2;66;66;73m██[38;2;66;66;73m██[38;2;66;66;73m██[38;2;24;24;24m██[38;2;24;24;24m██[38;2;66;66;73m██[38;2;66;66;73m██[38;2;66;66;73m██[38;2;66;66;73m██[38;2;71;125;199m██[38;2;71;125;199m██[38;2;71;125;199m██[38;2;71;125;199m██[38;2;71;125;199m██[38;2;31;33;47m██[38;2;31;33;47m██  [38;2;24;24;24m██[38;2;95;150;224m██[38;2;31;33;47m██[38;2;71;125;199m██[38;2;24;24;24m██[38;2;95;150;224m██[38;2;31;33;47m██[38;2;24;24;24m██
                                                                  [38;2;24;24;24m██[38;2;65;165;201m██[38;2;135;206;227m██[38;2;65;165;201m██[38;2;65;165;201m██[38;2;65;165;201m██[38;2;65;165;201m██[38;2;65;165;201m██[38;2;65;165;201m██[38;2;66;66;73m██[38;2;66;66;73m██[38;2;24;24;24m██                          [38;2;24;24;24m██[38;2;24;24;24m██[38;2;24;24;24m██[38;2;24;24;24m██[38;2;24;24;24m██[38;2;24;24;24m██[38;2;24;24;24m██[38;2;24;24;24m██[38;2;24;24;24m██[38;2;66;66;73m██[38;2;66;66;73m██[38;2;66;66;73m██[38;2;66;66;73m██[38;2;66;66;73m██[38;2;71;125;199m██[38;2;71;125;199m██[38;2;71;125;199m██[38;2;71;125;199m██[38;2;24;24;24m██[38;2;24;24;24m██        [38;2;31;33;47m██[38;2;24;24;24m██[38;2;71;125;199m██[38;2;24;24;24m██[38;2;31;33;47m██[38;2;71;125;199m██[38;2;24;24;24m██
                                                                    [38;2;24;24;24m██[38;2;65;165;201m██[38;2;135;206;227m██[38;2;65;165;201m██[38;2;65;165;201m██[38;2;65;165;201m██[38;2;65;165;201m██[38;2;66;66;73m██[38;2;66;66;73m██[38;2;24;24;24m██                              [38;2;24;24;24m██[38;2;24;24;24m██[38;2;66;66;73m██[38;2;66;66;73m██[38;2;66;66;73m██[38;2;66;66;73m██[38;2;66;66;73m██[38;2;66;66;73m██[38;2;66;66;73m██[38;2;66;66;73m██[38;2;66;66;73m██[38;2;71;125;199m██[38;2;71;125;199m██[38;2;71;125;199m██[38;2;71;125;199m██[38;2;24;24;24m██[38;2;24;24;24m██[38;2;249;187;72m██[38;2;101;48;17m██            [38;2;24;24;24m██[38;2;24;24;24m██  [38;2;24;24;24m██  
                                                                    [38;2;24;24;24m██[38;2;65;165;201m██[38;2;65;165;201m██[38;2;65;165;201m██[38;2;65;165;201m██[38;2;66;66;73m██[38;2;66;66;73m██[38;2;66;66;73m██[38;2;24;24;24m██[38;2;65;165;201m██[38;2;24;24;24m██                                [38;2;24;24;24m██[38;2;24;24;24m██[38;2;66;66;73m██[38;2;66;66;73m██[38;2;66;66;73m██[38;2;66;66;73m██[38;2;71;125;199m██[38;2;71;125;199m██[38;2;71;125;199m██[38;2;71;125;199m██[38;2;71;125;199m██[38;2;24;24;24m██[38;2;24;24;24m██[38;2;225;146;49m██[38;2;225;146;49m██[38;2;249;187;72m██[38;2;249;187;72m██[38;2;101;48;17m██                    
                                                                      [38;2;66;66;73m██[38;2;66;66;73m██[38;2;66;66;73m██[38;2;66;66;73m██[38;2;66;66;73m██[38;2;66;66;73m██[38;2;24;24;24m██[38;2;65;165;201m██[38;2;65;165;201m██[38;2;66;66;73m██[38;2;24;24;24m██  [38;2;24;24;24m██[38;2;66;66;73m██[38;2;24;24;24m██                          [38;2;24;24;24m██[38;2;24;24;24m██[38;2;24;24;24m██[38;2;71;125;199m██[38;2;71;125;199m██[38;2;71;125;199m██[38;2;71;125;199m██[38;2;24;24;24m██[38;2;24;24;24m██[38;2;225;146;49m██[38;2;225;146;49m██[38;2;225;146;49m██[38;2;225;146;49m██[38;2;225;146;49m██[38;2;249;187;72m██[38;2;249;187;72m██[38;2;101;48;17m██                  
                                                                      [38;2;24;24;24m██[38;2;66;66;73m██[38;2;66;66;73m██[38;2;66;66;73m██[38;2;24;24;24m██[38;2;24;24;24m██[38;2;65;165;201m██[38;2;65;165;201m██[38;2;65;165;201m██[38;2;66;66;73m██[38;2;24;24;24m██[38;2;24;24;24m██[38;2;66;66;73m██[38;2;115;115;131m██[38;2;115;115;131m██[38;2;66;66;73m██[38;2;24;24;24m██[38;2;24;24;24m██                          [38;2;24;24;24m██[38;2;24;24;24m██[38;2;24;24;24m██[38;2;24;24;24m██[38;2;225;146;49m██[38;2;225;146;49m██[38;2;225;146;49m██[38;2;225;146;49m██[38;2;225;146;49m██[38;2;225;146;49m██[38;2;225;146;49m██[38;2;225;146;49m██[38;2;249;187;72m██[38;2;101;48;17m██                  
                                                                        [38;2;24;24;24m██[38;2;24;24;24m██[38;2;24;24;24m██[38;2;0;124;168m██[38;2;0;124;168m██[38;2;65;165;201m██[38;2;65;165;201m██[38;2;66;66;73m██[38;2;66;66;73m██[38;2;24;24;24m██[38;2;65;165;201m██[38;2;24;24;24m██[38;2;66;66;73m██[38;2;24;24;24m██[38;2;24;24;24m██                                  [38;2;24;24;24m██[38;2;101;48;17m██[38;2;225;146;49m██[38;2;225;146;49m██[38;2;225;146;49m██[38;2;225;146;49m██[38;2;225;146;49m██[38;2;225;146;49m██[38;2;225;146;49m██[38;2;225;146;49m██[38;2;249;187;72m██[38;2;101;48;17m██                  
                                                                          [38;2;24;24;24m██[38;2;0;124;168m██[38;2;0;124;168m██[38;2;65;165;201m██[38;2;65;165;201m██[38;2;65;165;201m██[38;2;66;66;73m██[38;2;24;24;24m██[38;2;65;165;201m██[38;2;65;165;201m██[38;2;24;24;24m██[38;2;24;24;24m██                                        [38;2;24;24;24m██[38;2;101;48;17m██[38;2;225;146;49m██[38;2;225;146;49m██[38;2;225;146;49m██[38;2;225;146;49m██[38;2;225;146;49m██[38;2;225;146;49m██[38;2;225;146;49m██[38;2;225;146;49m██[38;2;225;146;49m██[38;2;101;48;17m██                
                                                                            [38;2;24;24;24m██[38;2;65;165;201m██[38;2;65;165;201m██[38;2;65;165;201m██[38;2;66;66;73m██[38;2;66;66;73m██[38;2;24;24;24m██[38;2;65;165;201m██[38;2;24;24;24m██[38;2;65;165;201m██[38;2;135;206;227m██[38;2;24;24;24m██                                          [38;2;24;24;24m██[38;2;225;146;49m██[38;2;225;146;49m██[38;2;225;146;49m██[38;2;225;146;49m██[38;2;225;146;49m██[38;2;225;146;49m██[38;2;225;146;49m██[38;2;225;146;49m██[38;2;101;48;17m██                
                                                                              [38;2;24;24;24m██[38;2;24;24;24m██[38;2;66;66;73m██[38;2;66;66;73m██[38;2;24;24;24m██[38;2;24;24;24m██[38;2;24;24;24m██[38;2;24;24;24m██[38;2;24;24;24m██[38;2;24;24;24m██                                              [38;2;24;24;24m██[38;2;24;24;24m██[38;2;225;146;49m██[38;2;225;146;49m██[38;2;225;146;49m██[38;2;225;146;49m██[38;2;225;146;49m██[38;2;225;146;49m██[38;2;225;146;49m██[38;2;24;24;24m██              
                                                                                  [38;2;24;24;24m██[38;2;24;24;24m██                                                              [38;2;24;24;24m██[38;2;24;24;24m██[38;2;225;146;49m██[38;2;225;146;49m██[38;2;225;146;49m██[38;2;225;146;49m██[38;2;225;146;49m██[38;2;24;24;24m██              
                                                                                                                                                        [38;2;24;24;24m██[38;2;24;24;24m██[38;2;24;24;24m██[38;2;24;24;24m██[38;2;24;24;24m██                
