              [38;2;122;73;82m██[38;2;122;73;82m██                                                                      
            [38;2;122;73;82m██[38;2;240;154;173m██[38;2;240;154;173m██[38;2;122;73;82m██                                                                    
            [38;2;122;73;82m██[38;2;240;154;173m██[38;2;240;154;173m██[38;2;122;73;82m██      [38;2;65;80;114m██[38;2;65;80;114m██[38;2;33;33;33m██                                                        
          [38;2;122;73;82m██[38;2;240;154;173m██[38;2;240;154;173m██[38;2;240;154;173m██[38;2;122;73;82m██  [38;2;65;80;114m██[38;2;65;80;114m██[38;2;132;208;244m██[38;2;132;208;244m██[38;2;33;33;33m██                                                        
          [38;2;122;73;82m██[38;2;240;154;173m██[38;2;240;154;173m██[38;2;240;154;173m██[38;2;65;80;114m██[38;2;65;80;114m██[38;2;132;208;244m██[38;2;132;208;244m██[38;2;132;208;244m██[38;2;33;33;33m██                                                          
        [38;2;122;73;82m██[38;2;240;154;173m██[38;2;240;154;173m██[38;2;240;154;173m██[38;2;65;80;114m██[38;2;132;208;244m██[38;2;132;208;244m██[38;2;132;208;244m██[38;2;132;208;244m██[38;2;107;168;196m██[38;2;65;80;114m██[38;2;65;80;114m██[38;2;65;80;114m██[38;2;65;80;114m██[38;2;65;80;114m██                                                  
        [38;2;122;73;82m██[38;2;240;154;173m██[38;2;240;154;173m██[38;2;65;80;114m██[38;2;100;123;177m██[38;2;132;208;244m██[38;2;132;208;244m██[38;2;132;208;244m██[38;2;107;168;196m██[38;2;107;168;196m██[38;2;132;208;244m██[38;2;132;208;244m██[38;2;132;208;244m██[38;2;132;208;244m██[38;2;33;33;33m██                                                  
      [38;2;122;73;82m██[38;2;122;73;82m██[38;2;240;154;173m██[38;2;65;80;114m██[38;2;100;123;177m██[38;2;100;123;177m██[38;2;100;123;177m██[38;2;132;208;244m██[38;2;132;208;244m██[38;2;132;208;244m██[38;2;132;208;244m██[38;2;132;208;244m██[38;2;132;208;244m██[38;2;33;33;33m██[38;2;33;33;33m██                          [38;2;122;73;82m██[38;2;122;73;82m██[38;2;122;73;82m██[38;2;122;73;82m██                  
    [38;2;122;73;82m██[38;2;240;154;173m██[38;2;122;73;82m██[38;2;87;75;81m██[38;2;226;132;148m██[38;2;226;132;148m██[38;2;100;123;177m██[38;2;100;123;177m██[38;2;100;123;177m██[38;2;132;208;244m██[38;2;132;208;244m██[38;2;132;208;244m██[38;2;33;33;33m██[38;2;33;33;33m██                        [38;2;122;73;82m██[38;2;122;73;82m██[38;2;122;73;82m██[38;2;240;154;173m██[38;2;240;154;173m██[38;2;240;154;173m██[38;2;240;154;173m██[38;2;33;33;33m██                
    [38;2;122;73;82m██[38;2;226;132;148m██[38;2;87;75;81m██[38;2;247;239;241m██[38;2;247;239;241m██[38;2;226;132;148m██[38;2;226;132;148m██[38;2;100;123;177m██[38;2;100;123;177m██[38;2;132;208;244m██[38;2;33;33;33m██[38;2;33;33;33m██                        [38;2;122;73;82m██[38;2;122;73;82m██[38;2;240;154;173m██[38;2;240;154;173m██[38;2;240;154;173m██[38;2;240;154;173m██[38;2;240;154;173m██[38;2;240;154;173m██[38;2;226;132;148m██[38;2;33;33;33m██                
    [38;2;122;73;82m██[38;2;87;75;81m██[38;2;247;239;241m██[38;2;247;239;241m██[38;2;247;239;241m██[38;2;247;239;241m██[38;2;226;132;148m██[38;2;100;123;177m██[38;2;33;33;33m██[38;2;33;33;33m██                        [38;2;122;73;82m██[38;2;122;73;82m██[38;2;226;132;148m██[38;2;240;154;173m██[38;2;240;154;173m██[38;2;240;154;173m██[38;2;240;154;173m██[38;2;240;154;173m██[38;2;240;154;173m██[38;2;226;132;148m██[38;2;33;33;33m██                  
    [38;2;122;73;82m██[38;2;87;75;81m██[38;2;247;239;241m██[38;2;247;239;241m██[38;2;247;239;241m██[38;2;247;239;241m██[38;2;87;75;81m██[38;2;33;33;33m██[38;2;178;105;119m██[38;2;33;33;33m██                      [38;2;122;73;82m██[38;2;226;132;148m██[38;2;226;132;148m██[38;2;226;132;148m██[38;2;226;132;148m██[38;2;240;154;173m██[38;2;240;154;173m██[38;2;240;154;173m██[38;2;226;132;148m██[38;2;226;132;148m██[38;2;226;132;148m██[38;2;33;33;33m██                  
    [38;2;87;75;81m██[38;2;247;239;241m██[38;2;247;239;241m██[38;2;247;239;241m██[38;2;247;239;241m██[38;2;87;75;81m██[38;2;65;80;114m██[38;2;178;105;119m██[38;2;178;105;119m██[38;2;33;33;33m██                    [38;2;122;73;82m██[38;2;226;132;148m██[38;2;226;132;148m██[38;2;226;132;148m██[38;2;226;132;148m██[38;2;226;132;148m██[38;2;226;132;148m██[38;2;226;132;148m██[38;2;226;132;148m██[38;2;226;132;148m██[38;2;226;132;148m██[38;2;33;33;33m██                    
    [38;2;87;75;81m██[38;2;247;239;241m██[38;2;247;239;241m██[38;2;247;239;241m██[38;2;87;75;81m██[38;2;100;123;177m██[38;2;65;80;114m██[38;2;178;105;119m██[38;2;178;105;119m██[38;2;33;33;33m██        [38;2;122;73;82m██[38;2;122;73;82m██      [38;2;122;73;82m██[38;2;226;132;148m██[38;2;226;132;148m██[38;2;226;132;148m██[38;2;226;132;148m██[38;2;226;132;148m██[38;2;65;80;114m██[38;2;65;80;114m██[38;2;226;132;148m██[38;2;226;132;148m██[38;2;226;132;148m██[38;2;33;33;33m██                      
  [38;2;87;75;81m██[38;2;247;239;241m██[38;2;247;239;241m██[38;2;247;239;241m██[38;2;87;75;81m██[38;2;65;80;114m██[38;2;100;123;177m██[38;2;65;80;114m██[38;2;178;105;119m██[38;2;178;105;119m██[38;2;33;33;33m██      [38;2;122;73;82m██[38;2;247;239;241m██[38;2;247;239;241m██[38;2;122;73;82m██  [38;2;122;73;82m██[38;2;226;132;148m██[38;2;226;132;148m██[38;2;226;132;148m██[38;2;226;132;148m██[38;2;65;80;114m██[38;2;65;80;114m██[38;2;100;123;177m██[38;2;226;132;148m██[38;2;226;132;148m██[38;2;226;132;148m██[38;2;122;73;82m██[38;2;33;33;33m██                      
  [38;2;87;75;81m██[38;2;247;239;241m██[38;2;247;239;241m██[38;2;87;75;81m██[38;2;178;105;119m██[38;2;65;80;114m██[38;2;100;123;177m██[38;2;65;80;114m██[38;2;178;105;119m██[38;2;178;105;119m██[38;2;122;73;82m██    [38;2;122;73;82m██[38;2;247;239;241m██[38;2;247;239;241m██[38;2;247;239;241m██[38;2;202;174;189m██[38;2;122;73;82m██[38;2;226;132;148m██[38;2;226;132;148m██[38;2;226;132;148m██[38;2;65;80;114m██[38;2;65;80;114m██[38;2;100;123;177m██[38;2;100;123;177m██[38;2;226;132;148m██[38;2;226;132;148m██[38;2;226;132;148m██[38;2;178;105;119m██[38;2;226;132;148m██[38;2;33;33;33m██            [38;2;65;80;114m██[38;2;65;80;114m██[38;2;33;33;33m██    
  [38;2;87;75;81m██[38;2;247;239;241m██[38;2;87;75;81m██[38;2;122;73;82m██[38;2;178;105;119m██[38;2;65;80;114m██[38;2;100;123;177m██[38;2;65;80;114m██[38;2;178;105;119m██[38;2;122;73;82m██      [38;2;122;73;82m██[38;2;247;239;241m██[38;2;247;239;241m██[38;2;247;239;241m██[38;2;247;239;241m██[38;2;122;73;82m██[38;2;226;132;148m██[38;2;226;132;148m██[38;2;65;80;114m██[38;2;100;123;177m██[38;2;100;123;177m██[38;2;100;123;177m██[38;2;226;132;148m██[38;2;226;132;148m██[38;2;226;132;148m██[38;2;226;132;148m██[38;2;226;132;148m██[38;2;33;33;33m██          [38;2;65;80;114m██[38;2;65;80;114m██[38;2;132;208;244m██[38;2;132;208;244m██[38;2;33;33;33m██    
  [38;2;87;75;81m██[38;2;247;239;241m██[38;2;33;33;33m██[38;2;122;73;82m██[38;2;178;105;119m██[38;2;122;73;82m██[38;2;65;80;114m██[38;2;122;73;82m██[38;2;178;105;119m██[38;2;33;33;33m██[38;2;87;75;81m██[38;2;87;75;81m██[38;2;122;73;82m██[38;2;247;239;241m██[38;2;247;239;241m██[38;2;247;239;241m██[38;2;247;239;241m██[38;2;240;154;173m██[38;2;122;73;82m██[38;2;226;132;148m██[38;2;65;80;114m██[38;2;100;123;177m██[38;2;100;123;177m██[38;2;100;123;177m██[38;2;226;132;148m██[38;2;226;132;148m██[38;2;226;132;148m██[38;2;226;132;148m██[38;2;226;132;148m██[38;2;33;33;33m██        [38;2;65;80;114m██[38;2;65;80;114m██[38;2;132;208;244m██[38;2;132;208;244m██[38;2;132;208;244m██[38;2;33;33;33m██      
    [38;2;122;73;82m██[38;2;122;73;82m██[38;2;33;33;33m██[38;2;178;105;119m██[38;2;178;105;119m██[38;2;65;80;114m██[38;2;178;105;119m██[38;2;178;105;119m██[38;2;33;33;33m██[38;2;202;174;189m██[38;2;202;174;189m██[38;2;122;73;82m██[38;2;247;239;241m██[38;2;247;239;241m██[38;2;247;239;241m██[38;2;240;154;173m██[38;2;240;154;173m██[38;2;122;73;82m██[38;2;65;80;114m██[38;2;100;123;177m██[38;2;122;73;82m██[38;2;122;73;82m██[38;2;122;73;82m██[38;2;122;73;82m██[38;2;226;132;148m██[38;2;226;132;148m██[38;2;33;33;33m██[38;2;33;33;33m██        [38;2;65;80;114m██[38;2;132;208;244m██[38;2;132;208;244m██[38;2;132;208;244m██[38;2;132;208;244m██[38;2;107;168;196m██[38;2;65;80;114m██[38;2;65;80;114m██[38;2;65;80;114m██[38;2;65;80;114m██
    [38;2;33;33;33m██[38;2;226;132;148m██[38;2;226;132;148m██[38;2;122;73;82m██[38;2;122;73;82m██[38;2;178;105;119m██[38;2;178;105;119m██[38;2;33;33;33m██[38;2;122;73;82m██[38;2;122;73;82m██[38;2;122;73;82m██[38;2;122;73;82m██[38;2;247;239;241m██[38;2;247;239;241m██[38;2;226;132;148m██[38;2;240;154;173m██[38;2;240;154;173m██[38;2;122;73;82m██[38;2;122;73;82m██[38;2;122;73;82m██[38;2;240;154;173m██[38;2;247;239;241m██[38;2;247;239;241m██[38;2;247;239;241m██[38;2;122;73;82m██[38;2;33;33;33m██          [38;2;65;80;114m██[38;2;100;123;177m██[38;2;100;123;177m██[38;2;132;208;244m██[38;2;132;208;244m██[38;2;132;208;244m██[38;2;132;208;244m██[38;2;132;208;244m██[38;2;132;208;244m██[38;2;132;208;244m██[38;2;33;33;33m██
      [38;2;33;33;33m██[38;2;226;132;148m██[38;2;226;132;148m██[38;2;226;132;148m██[38;2;178;105;119m██[38;2;178;105;119m██[38;2;240;154;173m██[38;2;240;154;173m██[38;2;240;154;173m██[38;2;226;132;148m██[38;2;122;73;82m██[38;2;247;239;241m██[38;2;247;239;241m██[38;2;226;132;148m██[38;2;226;132;148m██[38;2;240;154;173m██[38;2;240;154;173m██[38;2;240;154;173m██[38;2;240;154;173m██[38;2;240;154;173m██[38;2;247;239;241m██[38;2;247;239;241m██[38;2;247;239;241m██[38;2;33;33;33m██          [38;2;87;75;81m██[38;2;226;132;148m██[38;2;100;123;177m██[38;2;100;123;177m██[38;2;100;123;177m██[38;2;132;208;244m██[38;2;132;208;244m██[38;2;132;208;244m██[38;2;33;33;33m██[38;2;33;33;33m██[38;2;33;33;33m██  
        [38;2;33;33;33m██[38;2;226;132;148m██[38;2;226;132;148m██[38;2;226;132;148m██[38;2;240;154;173m██[38;2;240;154;173m██[38;2;240;154;173m██[38;2;240;154;173m██[38;2;240;154;173m██[38;2;122;73;82m██[38;2;247;239;241m██[38;2;247;239;241m██[38;2;202;174;189m██[38;2;226;132;148m██[38;2;226;132;148m██[38;2;226;132;148m██[38;2;226;132;148m██[38;2;226;132;148m██[38;2;202;174;189m██[38;2;247;239;241m██[38;2;247;239;241m██[38;2;247;239;241m██[38;2;33;33;33m██        [38;2;87;75;81m██[38;2;202;174;189m██[38;2;226;132;148m██[38;2;226;132;148m██[38;2;100;123;177m██[38;2;100;123;177m██[38;2;132;208;244m██[38;2;33;33;33m██[38;2;33;33;33m██        
      [38;2;122;73;82m██[38;2;122;73;82m██[38;2;178;105;119m██[38;2;226;132;148m██[38;2;240;154;173m██[38;2;240;154;173m██[38;2;240;154;173m██[38;2;240;154;173m██[38;2;240;154;173m██[38;2;226;132;148m██[38;2;122;73;82m██[38;2;247;239;241m██[38;2;247;239;241m██[38;2;247;239;241m██[38;2;122;73;82m██[38;2;122;73;82m██[38;2;226;132;148m██[38;2;226;132;148m██[38;2;202;174;189m██[38;2;247;239;241m██[38;2;247;239;241m██[38;2;247;239;241m██[38;2;33;33;33m██      [38;2;87;75;81m██[38;2;87;75;81m██[38;2;247;239;241m██[38;2;247;239;241m██[38;2;202;174;189m██[38;2;226;132;148m██[38;2;100;123;177m██[38;2;33;33;33m██[38;2;33;33;33m██            
    [38;2;122;73;82m██[38;2;226;132;148m██[38;2;226;132;148m██[38;2;226;132;148m██[38;2;226;132;148m██[38;2;226;132;148m██[38;2;240;154;173m██[38;2;240;154;173m██[38;2;226;132;148m██[38;2;226;132;148m██[38;2;226;132;148m██[38;2;226;132;148m██[38;2;122;73;82m██[38;2;122;73;82m██[38;2;122;73;82m██[38;2;226;132;148m██[38;2;33;33;33m██[38;2;247;239;241m██[38;2;247;239;241m██[38;2;247;239;241m██[38;2;247;239;241m██[38;2;247;239;241m██[38;2;33;33;33m██    [38;2;87;75;81m██[38;2;87;75;81m██[38;2;247;239;241m██[38;2;247;239;241m██[38;2;247;239;241m██[38;2;247;239;241m██[38;2;202;174;189m██[38;2;226;132;148m██[38;2;33;33;33m██                
      [38;2;33;33;33m██[38;2;33;33;33m██[38;2;122;73;82m██[38;2;247;239;241m██[38;2;202;174;189m██[38;2;226;132;148m██[38;2;226;132;148m██[38;2;226;132;148m██[38;2;226;132;148m██[38;2;226;132;148m██[38;2;226;132;148m██[38;2;226;132;148m██[38;2;226;132;148m██[38;2;226;132;148m██[38;2;226;132;148m██[38;2;33;33;33m██[38;2;247;239;241m██[38;2;247;239;241m██[38;2;247;239;241m██[38;2;145;126;136m██[38;2;33;33;33m██[38;2;33;33;33m██[38;2;33;33;33m██[38;2;87;75;81m██[38;2;247;239;241m██[38;2;247;239;241m██[38;2;247;239;241m██[38;2;247;239;241m██[38;2;247;239;241m██[38;2;247;239;241m██[38;2;202;174;189m██[38;2;33;33;33m██                  
        [38;2;33;33;33m██[38;2;247;239;241m██[38;2;247;239;241m██[38;2;247;239;241m██[38;2;202;174;189m██[38;2;226;132;148m██[38;2;226;132;148m██[38;2;226;132;148m██[38;2;226;132;148m██[38;2;226;132;148m██[38;2;202;174;189m██[38;2;247;239;241m██[38;2;247;239;241m██[38;2;247;239;241m██[38;2;202;174;189m██[38;2;33;33;33m██[38;2;33;33;33m██[38;2;33;33;33m██[38;2;202;174;189m██[38;2;202;174;189m██[38;2;202;174;189m██[38;2;247;239;241m██[38;2;247;239;241m██[38;2;247;239;241m██[38;2;247;239;241m██[38;2;247;239;241m██[38;2;247;239;241m██[38;2;247;239;241m██[38;2;87;75;81m██[38;2;33;33;33m██[38;2;226;132;148m██[38;2;122;73;82m██                
        [38;2;33;33;33m██[38;2;202;174;189m██[38;2;89;128;145m██[38;2;247;239;241m██[38;2;247;239;241m██[38;2;202;174;189m██[38;2;226;132;148m██[38;2;226;132;148m██[38;2;202;174;189m██[38;2;247;239;241m██[38;2;247;239;241m██[38;2;247;239;241m██[38;2;247;239;241m██[38;2;247;239;241m██[38;2;247;239;241m██[38;2;178;105;119m██[38;2;33;33;33m██  [38;2;33;33;33m██[38;2;87;75;81m██[38;2;247;239;241m██[38;2;247;239;241m██[38;2;247;239;241m██[38;2;247;239;241m██[38;2;247;239;241m██[38;2;247;239;241m██[38;2;87;75;81m██[38;2;87;75;81m██  [38;2;122;73;82m██[38;2;226;132;148m██[38;2;122;73;82m██                
      [38;2;87;75;81m██[38;2;247;239;241m██[38;2;74;192;250m██[38;2;253;253;253m██[38;2;89;128;145m██[38;2;247;239;241m██[38;2;247;239;241m██[38;2;226;132;148m██[38;2;202;174;189m██[38;2;247;239;241m██[38;2;247;239;241m██[38;2;202;174;189m██[38;2;89;128;145m██[38;2;247;239;241m██[38;2;247;239;241m██[38;2;247;239;241m██[38;2;202;174;189m██[38;2;33;33;33m██      [38;2;87;75;81m██[38;2;87;75;81m██[38;2;87;75;81m██[38;2;87;75;81m██[38;2;87;75;81m██[38;2;87;75;81m██      [38;2;122;73;82m██[38;2;226;132;148m██[38;2;226;132;148m██[38;2;122;73;82m██              
      [38;2;87;75;81m██[38;2;247;239;241m██[38;2;74;192;250m██[38;2;150;219;252m██[38;2;89;128;145m██[38;2;247;239;241m██[38;2;247;239;241m██[38;2;202;174;189m██[38;2;247;239;241m██[38;2;247;239;241m██[38;2;247;239;241m██[38;2;253;253;253m██[38;2;74;192;250m██[38;2;89;128;145m██[38;2;247;239;241m██[38;2;247;239;241m██[38;2;247;239;241m██[38;2;33;33;33m██                      [38;2;122;73;82m██[38;2;226;132;148m██[38;2;226;132;148m██[38;2;226;132;148m██[38;2;122;73;82m██              
      [38;2;87;75;81m██[38;2;247;239;241m██[38;2;74;192;250m██[38;2;74;192;250m██[38;2;89;128;145m██[38;2;247;239;241m██[38;2;247;239;241m██[38;2;247;239;241m██[38;2;247;239;241m██[38;2;247;239;241m██[38;2;89;128;145m██[38;2;150;219;252m██[38;2;74;192;250m██[38;2;89;128;145m██[38;2;247;239;241m██[38;2;247;239;241m██[38;2;247;239;241m██[38;2;33;33;33m██                      [38;2;122;73;82m██[38;2;226;132;148m██[38;2;226;132;148m██[38;2;226;132;148m██[38;2;122;73;82m██              
      [38;2;87;75;81m██[38;2;247;239;241m██[38;2;247;239;241m██[38;2;89;128;145m██[38;2;247;239;241m██[38;2;247;239;241m██[38;2;247;239;241m██[38;2;247;239;241m██[38;2;247;239;241m██[38;2;247;239;241m██[38;2;89;128;145m██[38;2;74;192;250m██[38;2;74;192;250m██[38;2;89;128;145m██[38;2;247;239;241m██[38;2;247;239;241m██[38;2;247;239;241m██[38;2;33;33;33m██                      [38;2;122;73;82m██[38;2;226;132;148m██[38;2;226;132;148m██[38;2;226;132;148m██[38;2;122;73;82m██              
        [38;2;87;75;81m██[38;2;247;239;241m██[38;2;247;239;241m██[38;2;247;239;241m██[38;2;202;174;189m██[38;2;145;126;136m██[38;2;247;239;241m██[38;2;247;239;241m██[38;2;247;239;241m██[38;2;202;174;189m██[38;2;74;192;250m██[38;2;89;128;145m██[38;2;247;239;241m██[38;2;247;239;241m██[38;2;247;239;241m██[38;2;202;174;189m██[38;2;33;33;33m██                    [38;2;122;73;82m██[38;2;226;132;148m██[38;2;226;132;148m██[38;2;226;132;148m██[38;2;226;132;148m██[38;2;122;73;82m██              
          [38;2;87;75;81m██[38;2;87;75;81m██[38;2;247;239;241m██[38;2;202;174;189m██[38;2;247;239;241m██[38;2;247;239;241m██[38;2;202;174;189m██[38;2;247;239;241m██[38;2;247;239;241m██[38;2;247;239;241m██[38;2;247;239;241m██[38;2;247;239;241m██[38;2;202;174;189m██[38;2;202;174;189m██[38;2;33;33;33m██          [38;2;87;75;81m██[38;2;87;75;81m██[38;2;87;75;81m██[38;2;87;75;81m██[38;2;87;75;81m██[38;2;87;75;81m██[38;2;122;73;82m██[38;2;226;132;148m██[38;2;226;132;148m██[38;2;226;132;148m██[38;2;122;73;82m██                
        [38;2;33;33;33m██[38;2;247;239;241m██[38;2;247;239;241m██[38;2;87;75;81m██[38;2;247;239;241m██[38;2;202;174;189m██[38;2;202;174;189m██[38;2;247;239;241m██[38;2;247;239;241m██[38;2;87;75;81m██[38;2;87;75;81m██[38;2;202;174;189m██[38;2;202;174;189m██[38;2;33;33;33m██[38;2;33;33;33m██        [38;2;87;75;81m██[38;2;87;75;81m██[38;2;247;239;241m██[38;2;247;239;241m██[38;2;247;239;241m██[38;2;33;33;33m██[38;2;33;33;33m██[38;2;122;73;82m██[38;2;226;132;148m██[38;2;226;132;148m██[38;2;226;132;148m██[38;2;226;132;148m██[38;2;33;33;33m██                
        [38;2;33;33;33m██[38;2;247;239;241m██[38;2;247;239;241m██[38;2;247;239;241m██[38;2;145;126;136m██[38;2;247;239;241m██[38;2;247;239;241m██[38;2;145;126;136m██[38;2;87;75;81m██[38;2;247;239;241m██[38;2;247;239;241m██[38;2;33;33;33m██[38;2;33;33;33m██        [38;2;87;75;81m██[38;2;87;75;81m██[38;2;247;239;241m██[38;2;247;239;241m██[38;2;247;239;241m██[38;2;33;33;33m██[38;2;33;33;33m██    [38;2;122;73;82m██[38;2;226;132;148m██[38;2;226;132;148m██[38;2;226;132;148m██[38;2;122;73;82m██[38;2;33;33;33m██[38;2;33;33;33m██              
        [38;2;33;33;33m██[38;2;247;239;241m██[38;2;247;239;241m██[38;2;240;154;173m██[38;2;240;154;173m██[38;2;178;105;119m██[38;2;178;105;119m██[38;2;240;154;173m██[38;2;247;239;241m██[38;2;247;239;241m██[38;2;247;239;241m██[38;2;33;33;33m██      [38;2;87;75;81m██[38;2;87;75;81m██[38;2;247;239;241m██[38;2;247;239;241m██[38;2;247;239;241m██[38;2;87;75;81m██[38;2;33;33;33m██      [38;2;122;73;82m██[38;2;226;132;148m██[38;2;226;132;148m██[38;2;226;132;148m██[38;2;178;105;119m██[38;2;226;132;148m██[38;2;226;132;148m██[38;2;33;33;33m██[38;2;87;75;81m██            
        [38;2;33;33;33m██[38;2;247;239;241m██[38;2;247;239;241m██[38;2;226;132;148m██[38;2;240;154;173m██[38;2;178;105;119m██[38;2;240;154;173m██[38;2;226;132;148m██[38;2;247;239;241m██[38;2;247;239;241m██[38;2;247;239;241m██[38;2;33;33;33m██[38;2;87;75;81m██[38;2;87;75;81m██[38;2;87;75;81m██[38;2;247;239;241m██[38;2;247;239;241m██[38;2;247;239;241m██[38;2;247;239;241m██[38;2;33;33;33m██[38;2;145;126;136m██      [38;2;122;73;82m██[38;2;226;132;148m██[38;2;226;132;148m██[38;2;226;132;148m██[38;2;226;132;148m██[38;2;226;132;148m██[38;2;178;105;119m██[38;2;33;33;33m██[38;2;202;174;189m██[38;2;202;174;189m██[38;2;87;75;81m██          
          [38;2;87;75;81m██[38;2;247;239;241m██[38;2;202;174;189m██[38;2;226;132;148m██[38;2;226;132;148m██[38;2;226;132;148m██[38;2;226;132;148m██[38;2;247;239;241m██[38;2;247;239;241m██[38;2;87;75;81m██[38;2;202;174;189m██[38;2;202;174;189m██[38;2;247;239;241m██[38;2;247;239;241m██[38;2;247;239;241m██[38;2;247;239;241m██[38;2;247;239;241m██[38;2;33;33;33m██[38;2;247;239;241m██[38;2;247;239;241m██[38;2;145;126;136m██[38;2;145;126;136m██[38;2;122;73;82m██[38;2;178;105;119m██[38;2;178;105;119m██[38;2;178;105;119m██[38;2;178;105;119m██[38;2;178;105;119m██[38;2;178;105;119m██[38;2;33;33;33m██[38;2;202;174;189m██[38;2;202;174;189m██[38;2;202;174;189m██[38;2;226;132;148m██[38;2;65;80;114m██        
        [38;2;87;75;81m██[38;2;33;33;33m██[38;2;247;239;241m██[38;2;247;239;241m██[38;2;33;33;33m██[38;2;33;33;33m██[38;2;226;132;148m██[38;2;202;174;189m██[38;2;247;239;241m██[38;2;247;239;241m██[38;2;33;33;33m██[38;2;145;126;136m██[38;2;247;239;241m██[38;2;247;239;241m██[38;2;247;239;241m██[38;2;247;239;241m██[38;2;145;126;136m██[38;2;145;126;136m██[38;2;247;239;241m██[38;2;247;239;241m██[38;2;247;239;241m██[38;2;247;239;241m██[38;2;247;239;241m██[38;2;33;33;33m██[38;2;178;105;119m██[38;2;178;105;119m██[38;2;178;105;119m██[38;2;178;105;119m██[38;2;33;33;33m██[38;2;33;33;33m██  [38;2;33;33;33m██[38;2;226;132;148m██[38;2;226;132;148m██[38;2;226;132;148m██[38;2;100;123;177m██[38;2;65;80;114m██      
      [38;2;87;75;81m██[38;2;247;239;241m██[38;2;247;239;241m██[38;2;33;33;33m██[38;2;33;33;33m██[38;2;247;239;241m██[38;2;247;239;241m██[38;2;33;33;33m██[38;2;247;239;241m██[38;2;247;239;241m██[38;2;33;33;33m██[38;2;247;239;241m██[38;2;247;239;241m██[38;2;145;126;136m██[38;2;145;126;136m██[38;2;145;126;136m██[38;2;145;126;136m██[38;2;247;239;241m██[38;2;247;239;241m██[38;2;247;239;241m██[38;2;247;239;241m██[38;2;247;239;241m██[38;2;247;239;241m██[38;2;247;239;241m██[38;2;247;239;241m██[38;2;33;33;33m██[38;2;33;33;33m██[38;2;33;33;33m██[38;2;33;33;33m██        [38;2;33;33;33m██[38;2;226;132;148m██[38;2;100;123;177m██[38;2;100;123;177m██[38;2;65;80;114m██      
    [38;2;87;75;81m██[38;2;247;239;241m██[38;2;247;239;241m██[38;2;87;75;81m██[38;2;87;75;81m██[38;2;247;239;241m██[38;2;247;239;241m██[38;2;247;239;241m██[38;2;247;239;241m██[38;2;33;33;33m██[38;2;33;33;33m██[38;2;247;239;241m██[38;2;247;239;241m██[38;2;247;239;241m██[38;2;247;239;241m██[38;2;247;239;241m██[38;2;247;239;241m██[38;2;247;239;241m██[38;2;247;239;241m██[38;2;247;239;241m██[38;2;247;239;241m██[38;2;247;239;241m██[38;2;247;239;241m██[38;2;247;239;241m██[38;2;247;239;241m██[38;2;247;239;241m██[38;2;87;75;81m██              [38;2;33;33;33m██[38;2;100;123;177m██[38;2;100;123;177m██[38;2;100;123;177m██[38;2;107;168;196m██[38;2;65;80;114m██    
  [38;2;87;75;81m██[38;2;247;239;241m██[38;2;247;239;241m██[38;2;87;75;81m██  [38;2;87;75;81m██[38;2;247;239;241m██[38;2;247;239;241m██[38;2;247;239;241m██[38;2;247;239;241m██[38;2;247;239;241m██[38;2;247;239;241m██[38;2;247;239;241m██[38;2;247;239;241m██[38;2;247;239;241m██[38;2;247;239;241m██[38;2;247;239;241m██[38;2;247;239;241m██[38;2;247;239;241m██[38;2;247;239;241m██[38;2;247;239;241m██[38;2;247;239;241m██[38;2;247;239;241m██[38;2;247;239;241m██[38;2;247;239;241m██[38;2;247;239;241m██[38;2;247;239;241m██[38;2;247;239;241m██[38;2;87;75;81m██              [38;2;33;33;33m██[38;2;107;168;196m██[38;2;107;168;196m██[38;2;107;168;196m██[38;2;65;80;114m██    
  [38;2;87;75;81m██[38;2;247;239;241m██[38;2;247;239;241m██[38;2;33;33;33m██  [38;2;87;75;81m██[38;2;247;239;241m██[38;2;247;239;241m██[38;2;247;239;241m██[38;2;247;239;241m██[38;2;247;239;241m██[38;2;247;239;241m██[38;2;247;239;241m██[38;2;247;239;241m██[38;2;247;239;241m██[38;2;247;239;241m██[38;2;247;239;241m██[38;2;247;239;241m██[38;2;247;239;241m██[38;2;247;239;241m██[38;2;247;239;241m██[38;2;247;239;241m██[38;2;247;239;241m██[38;2;247;239;241m██[38;2;247;239;241m██[38;2;247;239;241m██[38;2;247;239;241m██[38;2;247;239;241m██[38;2;87;75;81m██              [38;2;33;33;33m██[38;2;107;168;196m██[38;2;107;168;196m██[38;2;107;168;196m██[38;2;107;168;196m██[38;2;65;80;114m██  
[38;2;87;75;81m██[38;2;247;239;241m██[38;2;247;239;241m██[38;2;87;75;81m██    [38;2;33;33;33m██[38;2;247;239;241m██[38;2;247;239;241m██[38;2;247;239;241m██[38;2;247;239;241m██[38;2;247;239;241m██[38;2;247;239;241m██[38;2;247;239;241m██[38;2;247;239;241m██[38;2;247;239;241m██[38;2;247;239;241m██[38;2;247;239;241m██[38;2;247;239;241m██[38;2;247;239;241m██[38;2;202;174;189m██[38;2;202;174;189m██[38;2;145;126;136m██[38;2;247;239;241m██[38;2;247;239;241m██[38;2;247;239;241m██[38;2;247;239;241m██[38;2;247;239;241m██[38;2;247;239;241m██[38;2;87;75;81m██              [38;2;33;33;33m██[38;2;107;168;196m██[38;2;65;80;114m██[38;2;107;168;196m██[38;2;107;168;196m██[38;2;65;80;114m██  
[38;2;87;75;81m██[38;2;247;239;241m██[38;2;247;239;241m██[38;2;33;33;33m██    [38;2;33;33;33m██[38;2;202;174;189m██[38;2;247;239;241m██[38;2;247;239;241m██[38;2;247;239;241m██[38;2;247;239;241m██[38;2;247;239;241m██[38;2;247;239;241m██[38;2;247;239;241m██[38;2;247;239;241m██[38;2;247;239;241m██[38;2;145;126;136m██[38;2;202;174;189m██[38;2;202;174;189m██[38;2;202;174;189m██[38;2;202;174;189m██[38;2;87;75;81m██[38;2;247;239;241m██[38;2;247;239;241m██[38;2;247;239;241m██[38;2;247;239;241m██[38;2;247;239;241m██[38;2;247;239;241m██[38;2;247;239;241m██[38;2;87;75;81m██            [38;2;33;33;33m██[38;2;33;33;33m██  [38;2;33;33;33m██[38;2;107;168;196m██[38;2;65;80;114m██  
[38;2;87;75;81m██[38;2;247;239;241m██[38;2;247;239;241m██[38;2;33;33;33m██    [38;2;33;33;33m██[38;2;202;174;189m██[38;2;145;126;136m██[38;2;247;239;241m██[38;2;247;239;241m██[38;2;247;239;241m██[38;2;202;174;189m██[38;2;247;239;241m██[38;2;247;239;241m██[38;2;247;239;241m██[38;2;247;239;241m██[38;2;87;75;81m██[38;2;202;174;189m██[38;2;145;126;136m██[38;2;87;75;81m██[38;2;33;33;33m██[38;2;87;75;81m██[38;2;247;239;241m██[38;2;247;239;241m██[38;2;247;239;241m██[38;2;247;239;241m██[38;2;247;239;241m██[38;2;247;239;241m██[38;2;247;239;241m██[38;2;87;75;81m██                  [38;2;33;33;33m██[38;2;107;168;196m██[38;2;65;80;114m██  
[38;2;87;75;81m██[38;2;247;239;241m██[38;2;247;239;241m██[38;2;202;174;189m██[38;2;87;75;81m██[38;2;87;75;81m██[38;2;87;75;81m██[38;2;87;75;81m██[38;2;202;174;189m██[38;2;145;126;136m██[38;2;202;174;189m██[38;2;247;239;241m██[38;2;145;126;136m██[38;2;247;239;241m██[38;2;247;239;241m██[38;2;247;239;241m██[38;2;247;239;241m██[38;2;87;75;81m██[38;2;33;33;33m██[38;2;33;33;33m██[38;2;202;174;189m██[38;2;202;174;189m██[38;2;202;174;189m██[38;2;87;75;81m██[38;2;247;239;241m██[38;2;247;239;241m██[38;2;247;239;241m██[38;2;247;239;241m██[38;2;247;239;241m██[38;2;247;239;241m██[38;2;87;75;81m██                  [38;2;33;33;33m██[38;2;33;33;33m██    
  [38;2;87;75;81m██[38;2;247;239;241m██[38;2;247;239;241m██[38;2;87;75;81m██[38;2;202;174;189m██[38;2;202;174;189m██[38;2;33;33;33m██[38;2;202;174;189m██[38;2;202;174;189m██[38;2;202;174;189m██[38;2;145;126;136m██[38;2;87;75;81m██[38;2;247;239;241m██[38;2;247;239;241m██[38;2;247;239;241m██[38;2;247;239;241m██[38;2;87;75;81m██[38;2;87;75;81m██[38;2;202;174;189m██[38;2;202;174;189m██[38;2;202;174;189m██[38;2;202;174;189m██[38;2;87;75;81m██[38;2;247;239;241m██[38;2;247;239;241m██[38;2;247;239;241m██[38;2;247;239;241m██[38;2;247;239;241m██[38;2;247;239;241m██[38;2;87;75;81m██                          
    [38;2;33;33;33m██[38;2;87;75;81m██[38;2;247;239;241m██[38;2;87;75;81m██[38;2;202;174;189m██[38;2;202;174;189m██[38;2;87;75;81m██[38;2;202;174;189m██[38;2;202;174;189m██[38;2;202;174;189m██[38;2;87;75;81m██[38;2;247;239;241m██[38;2;247;239;241m██[38;2;247;239;241m██[38;2;202;174;189m██[38;2;87;75;81m██  [38;2;87;75;81m██[38;2;202;174;189m██[38;2;202;174;189m██[38;2;202;174;189m██[38;2;202;174;189m██[38;2;87;75;81m██[38;2;247;239;241m██[38;2;247;239;241m██[38;2;247;239;241m██[38;2;247;239;241m██[38;2;247;239;241m██[38;2;202;174;189m██[38;2;33;33;33m██                        
        [38;2;33;33;33m██[38;2;33;33;33m██[38;2;33;33;33m██[38;2;33;33;33m██[38;2;33;33;33m██[38;2;202;174;189m██[38;2;202;174;189m██[38;2;202;174;189m██[38;2;87;75;81m██[38;2;247;239;241m██[38;2;247;239;241m██[38;2;247;239;241m██[38;2;87;75;81m██    [38;2;87;75;81m██[38;2;202;174;189m██[38;2;202;174;189m██[38;2;202;174;189m██[38;2;202;174;189m██[38;2;33;33;33m██[38;2;87;75;81m██[38;2;202;174;189m██[38;2;247;239;241m██[38;2;247;239;241m██[38;2;202;174;189m██[38;2;202;174;189m██[38;2;33;33;33m██                        
                [38;2;33;33;33m██[38;2;202;174;189m██[38;2;202;174;189m██[38;2;202;174;189m██[38;2;87;75;81m██[38;2;247;239;241m██[38;2;247;239;241m██[38;2;247;239;241m██[38;2;87;75;81m██      [38;2;87;75;81m██[38;2;202;174;189m██[38;2;202;174;189m██[38;2;202;174;189m██[38;2;33;33;33m██  [38;2;33;33;33m██[38;2;87;75;81m██[38;2;202;174;189m██[38;2;202;174;189m██[38;2;202;174;189m██[38;2;202;174;189m██[38;2;33;33;33m██                      
                  [38;2;33;33;33m██[38;2;202;174;189m██[38;2;202;174;189m██[38;2;87;75;81m██[38;2;247;239;241m██[38;2;247;239;241m██[38;2;202;174;189m██[38;2;87;75;81m██      [38;2;87;75;81m██[38;2;202;174;189m██[38;2;178;105;119m██[38;2;33;33;33m██        [38;2;33;33;33m██[38;2;202;174;189m██[38;2;202;174;189m██[38;2;202;174;189m██[38;2;33;33;33m██                      
                  [38;2;33;33;33m██[38;2;202;174;189m██[38;2;145;126;136m██[38;2;202;174;189m██[38;2;247;239;241m██[38;2;247;239;241m██[38;2;87;75;81m██        [38;2;33;33;33m██[38;2;178;105;119m██[38;2;178;105;119m██[38;2;33;33;33m██          [38;2;33;33;33m██[38;2;202;174;189m██[38;2;178;105;119m██[38;2;33;33;33m██                      
                  [38;2;33;33;33m██[38;2;202;174;189m██[38;2;33;33;33m██[38;2;247;239;241m██[38;2;247;239;241m██[38;2;247;239;241m██[38;2;87;75;81m██        [38;2;33;33;33m██[38;2;178;105;119m██[38;2;178;105;119m██[38;2;33;33;33m██          [38;2;33;33;33m██[38;2;178;105;119m██[38;2;178;105;119m██[38;2;33;33;33m██                      
                  [38;2;33;33;33m██[38;2;202;174;189m██[38;2;33;33;33m██[38;2;247;239;241m██[38;2;247;239;241m██[38;2;202;174;189m██[38;2;87;75;81m██      [38;2;33;33;33m██[38;2;178;105;119m██[38;2;178;105;119m██[38;2;33;33;33m██            [38;2;33;33;33m██[38;2;178;105;119m██[38;2;178;105;119m██[38;2;33;33;33m██                      
                  [38;2;33;33;33m██[38;2;178;105;119m██[38;2;87;75;81m██[38;2;247;239;241m██[38;2;226;132;148m██[38;2;33;33;33m██      [38;2;33;33;33m██[38;2;178;105;119m██[38;2;178;105;119m██[38;2;178;105;119m██[38;2;33;33;33m██            [38;2;33;33;33m██[38;2;178;105;119m██[38;2;178;105;119m██[38;2;33;33;33m██                      
                  [38;2;33;33;33m██[38;2;33;33;33m██[38;2;226;132;148m██[38;2;226;132;148m██[38;2;226;132;148m██[38;2;33;33;33m██      [38;2;33;33;33m██[38;2;178;105;119m██[38;2;178;105;119m██[38;2;33;33;33m██            [38;2;33;33;33m██[38;2;178;105;119m██[38;2;178;105;119m██[38;2;33;33;33m██                        
                  [38;2;33;33;33m██[38;2;33;33;33m██[38;2;226;132;148m██[38;2;226;132;148m██[38;2;33;33;33m██          [38;2;33;33;33m██[38;2;33;33;33m██              [38;2;33;33;33m██[38;2;178;105;119m██[38;2;178;105;119m██[38;2;33;33;33m██                        
                  [38;2;33;33;33m██[38;2;226;132;148m██[38;2;226;132;148m██[38;2;226;132;148m██[38;2;33;33;33m██                              [38;2;33;33;33m██[38;2;33;33;33m██                          
                  [38;2;33;33;33m██[38;2;226;132;148m██[38;2;226;132;148m██[38;2;33;33;33m██                                                              
                    [38;2;33;33;33m██[38;2;33;33;33m██                                                                
