                                  [38;2;72;79;86m██[38;2;72;79;86m██                                            
                                  [38;2;72;79;86m██[38;2;244;245;245m██[38;2;72;79;86m██                                          
                [38;2;72;79;86m██[38;2;72;79;86m██[38;2;72;79;86m██[38;2;72;79;86m██[38;2;72;79;86m██[38;2;72;79;86m██    [38;2;53;56;65m██[38;2;193;199;200m██[38;2;193;199;200m██[38;2;244;245;245m██[38;2;72;79;86m██            [38;2;72;79;86m██[38;2;72;79;86m██[38;2;72;79;86m██[38;2;72;79;86m██[38;2;72;79;86m██[38;2;72;79;86m██                
        [38;2;72;79;86m██[38;2;72;79;86m██[38;2;72;79;86m██[38;2;72;79;86m██[38;2;230;232;234m██[38;2;230;232;234m██[38;2;230;232;234m██[38;2;230;232;234m██[38;2;230;232;234m██[38;2;230;232;234m██[38;2;72;79;86m██[38;2;72;79;86m██[38;2;53;56;65m██[38;2;128;142;142m██[38;2;128;142;142m██[38;2;244;245;245m██[38;2;193;199;200m██[38;2;72;79;86m██      [38;2;72;79;86m██[38;2;72;79;86m██[38;2;230;232;234m██[38;2;230;232;234m██[38;2;230;232;234m██[38;2;230;232;234m██[38;2;230;232;234m██[38;2;230;232;234m██[38;2;72;79;86m██[38;2;72;79;86m██[38;2;72;79;86m██[38;2;72;79;86m██        
  [38;2;72;79;86m██[38;2;72;79;86m██[38;2;72;79;86m██[38;2;137;148;159m██[38;2;137;148;159m██[38;2;137;148;159m██[38;2;137;148;159m██[38;2;137;148;159m██[38;2;137;148;159m██[38;2;137;148;159m██[38;2;230;232;234m██[38;2;230;232;234m██[38;2;230;232;234m██[38;2;230;232;234m██[38;2;72;79;86m██[38;2;53;56;65m██[38;2;193;199;200m██[38;2;128;142;142m██[38;2;72;79;86m██[38;2;193;199;200m██[38;2;244;245;245m██[38;2;72;79;86m██[38;2;72;79;86m██[38;2;72;79;86m██[38;2;230;232;234m██[38;2;230;232;234m██[38;2;230;232;234m██[38;2;230;232;234m██[38;2;230;232;234m██[38;2;230;232;234m██[38;2;230;232;234m██[38;2;230;232;234m██[38;2;230;232;234m██[38;2;230;232;234m██[38;2;230;232;234m██[38;2;230;232;234m██[38;2;72;79;86m██[38;2;72;79;86m██[38;2;72;79;86m██  
[38;2;72;79;86m██[38;2;137;148;159m██[38;2;137;148;159m██[38;2;137;148;159m██[38;2;137;148;159m██[38;2;137;148;159m██[38;2;137;148;159m██[38;2;137;148;159m██[38;2;137;148;159m██[38;2;137;148;159m██[38;2;137;148;159m██[38;2;137;148;159m██[38;2;137;148;159m██[38;2;137;148;159m██[38;2;230;232;234m██[38;2;230;232;234m██[38;2;53;56;65m██[38;2;128;142;142m██[38;2;128;142;142m██[38;2;128;142;142m██[38;2;72;79;86m██[38;2;193;199;200m██[38;2;72;79;86m██[38;2;72;79;86m██[38;2;137;148;159m██[38;2;137;148;159m██[38;2;137;148;159m██[38;2;137;148;159m██[38;2;137;148;159m██[38;2;137;148;159m██[38;2;137;148;159m██[38;2;137;148;159m██[38;2;137;148;159m██[38;2;137;148;159m██[38;2;137;148;159m██[38;2;137;148;159m██[38;2;137;148;159m██[38;2;137;148;159m██[38;2;137;148;159m██[38;2;137;148;159m██[38;2;72;79;86m██
  [38;2;72;79;86m██[38;2;72;79;86m██[38;2;72;79;86m██[38;2;72;79;86m██[38;2;72;79;86m██[38;2;72;79;86m██[38;2;72;79;86m██[38;2;72;79;86m██[38;2;72;79;86m██[38;2;72;79;86m██[38;2;137;148;159m██[38;2;137;148;159m██[38;2;137;148;159m██[38;2;137;148;159m██[38;2;12;12;12m██[38;2;53;56;65m██[38;2;53;56;65m██[38;2;128;142;142m██[38;2;128;142;142m██[38;2;53;56;65m██[38;2;53;56;65m██[38;2;230;232;234m██[38;2;230;232;234m██[38;2;72;79;86m██[38;2;72;79;86m██[38;2;137;148;159m██[38;2;137;148;159m██[38;2;137;148;159m██[38;2;137;148;159m██[38;2;137;148;159m██[38;2;137;148;159m██[38;2;72;79;86m██[38;2;72;79;86m██[38;2;12;12;12m██[38;2;12;12;12m██[38;2;12;12;12m██[38;2;12;12;12m██[38;2;12;12;12m██[38;2;12;12;12m██  
                      [38;2;72;79;86m██[38;2;72;79;86m██[38;2;72;79;86m██[38;2;12;12;12m██[38;2;230;232;234m██[38;2;230;232;234m██[38;2;53;56;65m██[38;2;128;142;142m██[38;2;53;56;65m██[38;2;230;232;234m██[38;2;230;232;234m██[38;2;230;232;234m██[38;2;230;232;234m██[38;2;137;148;159m██[38;2;137;148;159m██[38;2;12;12;12m██[38;2;12;12;12m██[38;2;12;12;12m██[38;2;12;12;12m██[38;2;12;12;12m██[38;2;12;12;12m██[38;2;12;12;12m██[38;2;12;12;12m██              
                      [38;2;12;12;12m██[38;2;12;12;12m██[38;2;12;12;12m██[38;2;137;148;159m██[38;2;137;148;159m██[38;2;137;148;159m██[38;2;137;148;159m██[38;2;53;56;65m██[38;2;53;56;65m██[38;2;137;148;159m██[38;2;137;148;159m██[38;2;137;148;159m██[38;2;137;148;159m██[38;2;137;148;159m██[38;2;137;148;159m██[38;2;137;148;159m██[38;2;12;12;12m██                          
                    [38;2;72;79;86m██[38;2;176;176;176m██[38;2;95;95;95m██[38;2;72;79;86m██[38;2;137;148;159m██[38;2;137;148;159m██[38;2;137;148;159m██[38;2;72;79;86m██[38;2;72;79;86m██[38;2;72;79;86m██[38;2;72;79;86m██[38;2;35;51;67m██[38;2;137;148;159m██[38;2;137;148;159m██[38;2;137;148;159m██[38;2;137;148;159m██[38;2;137;148;159m██[38;2;12;12;12m██[38;2;12;12;12m██[38;2;12;12;12m██                      
                    [38;2;72;79;86m██[38;2;176;176;176m██[38;2;176;176;176m██[38;2;176;176;176m██[38;2;72;79;86m██[38;2;72;79;86m██[38;2;95;95;95m██[38;2;176;176;176m██[38;2;176;176;176m██[38;2;176;176;176m██[38;2;176;176;176m██[38;2;95;95;95m██[38;2;72;79;86m██[38;2;72;79;86m██[38;2;137;148;159m██[38;2;137;148;159m██[38;2;12;12;12m██[38;2;176;176;176m██[38;2;176;176;176m██[38;2;95;95;95m██[38;2;12;12;12m██                    
                  [38;2;72;79;86m██[38;2;176;176;176m██[38;2;176;176;176m██[38;2;176;176;176m██[38;2;176;176;176m██[38;2;176;176;176m██[38;2;176;176;176m██[38;2;176;176;176m██[38;2;176;176;176m██[38;2;176;176;176m██[38;2;176;176;176m██[38;2;176;176;176m██[38;2;176;176;176m██[38;2;176;176;176m██[38;2;176;176;176m██[38;2;72;79;86m██[38;2;72;79;86m██[38;2;176;176;176m██[38;2;245;245;245m██[38;2;245;245;245m██[38;2;245;245;245m██[38;2;12;12;12m██                    
                [38;2;72;79;86m██[38;2;176;176;176m██[38;2;176;176;176m██[38;2;176;176;176m██[38;2;176;176;176m██[38;2;176;176;176m██[38;2;176;176;176m██[38;2;176;176;176m██[38;2;176;176;176m██[38;2;176;176;176m██[38;2;176;176;176m██[38;2;176;176;176m██[38;2;176;176;176m██[38;2;176;176;176m██[38;2;176;176;176m██[38;2;176;176;176m██[38;2;176;176;176m██[38;2;245;245;245m██[38;2;245;245;245m██[38;2;245;245;245m██[38;2;245;245;245m██[38;2;245;245;245m██[38;2;245;245;245m██[38;2;12;12;12m██                  
              [38;2;72;79;86m██[38;2;176;176;176m██[38;2;176;176;176m██[38;2;176;176;176m██[38;2;176;176;176m██[38;2;176;176;176m██[38;2;176;176;176m██[38;2;176;176;176m██[38;2;176;176;176m██[38;2;176;176;176m██[38;2;176;176;176m██[38;2;176;176;176m██[38;2;176;176;176m██[38;2;176;176;176m██[38;2;176;176;176m██[38;2;176;176;176m██[38;2;176;176;176m██[38;2;176;176;176m██[38;2;176;176;176m██[38;2;245;245;245m██[38;2;245;245;245m██[38;2;245;245;245m██[38;2;245;245;245m██[38;2;245;245;245m██[38;2;245;245;245m██[38;2;12;12;12m██                
              [38;2;12;12;12m██[38;2;176;176;176m██[38;2;176;176;176m██[38;2;176;176;176m██[38;2;176;176;176m██[38;2;176;176;176m██[38;2;176;176;176m██[38;2;176;176;176m██[38;2;176;176;176m██[38;2;176;176;176m██[38;2;176;176;176m██[38;2;176;176;176m██[38;2;176;176;176m██[38;2;176;176;176m██[38;2;176;176;176m██[38;2;176;176;176m██[38;2;176;176;176m██[38;2;176;176;176m██[38;2;176;176;176m██[38;2;176;176;176m██[38;2;245;245;245m██[38;2;245;245;245m██[38;2;245;245;245m██[38;2;245;245;245m██[38;2;245;245;245m██[38;2;176;176;176m██[38;2;72;79;86m██              
              [38;2;12;12;12m██[38;2;12;12;12m██[38;2;176;176;176m██[38;2;176;176;176m██[38;2;176;176;176m██[38;2;176;176;176m██[38;2;12;12;12m██[38;2;12;12;12m██[38;2;53;56;65m██[38;2;72;79;86m██[38;2;72;79;86m██[38;2;72;79;86m██[38;2;176;176;176m██[38;2;176;176;176m██[38;2;176;176;176m██[38;2;176;176;176m██[38;2;176;176;176m██[38;2;176;176;176m██[38;2;176;176;176m██[38;2;72;79;86m██[38;2;72;79;86m██[38;2;72;79;86m██[38;2;72;79;86m██[38;2;72;79;86m██[38;2;72;79;86m██[38;2;72;79;86m██[38;2;53;56;65m██              
            [38;2;53;56;65m██[38;2;53;56;65m██[38;2;99;110;121m██[38;2;12;12;12m██[38;2;12;12;12m██[38;2;12;12;12m██[38;2;12;12;12m██[38;2;137;148;159m██[38;2;137;148;159m██[38;2;137;148;159m██[38;2;137;148;159m██[38;2;137;148;159m██[38;2;137;148;159m██[38;2;72;79;86m██[38;2;72;79;86m██[38;2;72;79;86m██[38;2;72;79;86m██[38;2;72;79;86m██[38;2;72;79;86m██[38;2;72;79;86m██[38;2;230;232;234m██[38;2;230;232;234m██[38;2;230;232;234m██[38;2;230;232;234m██[38;2;230;232;234m██[38;2;230;232;234m██[38;2;230;232;234m██[38;2;230;232;234m██[38;2;53;56;65m██            
          [38;2;53;56;65m██[38;2;72;79;86m██[38;2;72;79;86m██[38;2;72;79;86m██[38;2;99;110;121m██[38;2;99;110;121m██[38;2;99;110;121m██[38;2;99;110;121m██[38;2;99;110;121m██[38;2;99;110;121m██[38;2;99;110;121m██[38;2;99;110;121m██[38;2;137;148;159m██[38;2;137;148;159m██[38;2;137;148;159m██[38;2;137;148;159m██[38;2;137;148;159m██[38;2;171;179;186m██[38;2;171;179;186m██[38;2;230;232;234m██[38;2;230;232;234m██[38;2;230;232;234m██[38;2;230;232;234m██[38;2;230;232;234m██[38;2;230;232;234m██[38;2;230;232;234m██[38;2;171;179;186m██[38;2;171;179;186m██[38;2;137;148;159m██[38;2;137;148;159m██[38;2;53;56;65m██          
        [38;2;53;56;65m██[38;2;137;148;159m██[38;2;99;110;121m██[38;2;99;110;121m██[38;2;99;110;121m██[38;2;72;79;86m██[38;2;72;79;86m██[38;2;72;79;86m██[38;2;72;79;86m██[38;2;72;79;86m██[38;2;72;79;86m██[38;2;99;110;121m██[38;2;99;110;121m██[38;2;99;110;121m██[38;2;193;199;200m██[38;2;244;245;245m██[38;2;137;148;159m██[38;2;72;79;86m██[38;2;171;179;186m██[38;2;99;110;121m██[38;2;99;110;121m██[38;2;99;110;121m██[38;2;99;110;121m██[38;2;137;148;159m██[38;2;137;148;159m██[38;2;171;179;186m██[38;2;171;179;186m██[38;2;230;232;234m██[38;2;230;232;234m██[38;2;230;232;234m██[38;2;230;232;234m██[38;2;53;56;65m██          
      [38;2;53;56;65m██[38;2;137;148;159m██[38;2;99;110;121m██[38;2;99;110;121m██[38;2;99;110;121m██[38;2;99;110;121m██[38;2;99;110;121m██[38;2;99;110;121m██[38;2;99;110;121m██[38;2;99;110;121m██[38;2;99;110;121m██[38;2;99;110;121m██[38;2;99;110;121m██[38;2;72;79;86m██[38;2;193;199;200m██[38;2;193;199;200m██[38;2;193;199;200m██[38;2;193;199;200m██[38;2;137;148;159m██[38;2;171;179;186m██[38;2;171;179;186m██[38;2;171;179;186m██[38;2;171;179;186m██[38;2;171;179;186m██[38;2;230;232;234m██[38;2;230;232;234m██[38;2;230;232;234m██[38;2;230;232;234m██[38;2;230;232;234m██[38;2;230;232;234m██[38;2;230;232;234m██[38;2;230;232;234m██[38;2;230;232;234m██[38;2;53;56;65m██        
      [38;2;53;56;65m██[38;2;137;148;159m██[38;2;99;110;121m██[38;2;99;110;121m██[38;2;99;110;121m██[38;2;99;110;121m██[38;2;99;110;121m██[38;2;99;110;121m██[38;2;99;110;121m██[38;2;99;110;121m██[38;2;99;110;121m██[38;2;99;110;121m██[38;2;99;110;121m██[38;2;72;79;86m██[38;2;128;142;142m██[38;2;128;142;142m██[38;2;193;199;200m██[38;2;72;79;86m██[38;2;137;148;159m██[38;2;171;179;186m██[38;2;171;179;186m██[38;2;171;179;186m██[38;2;171;179;186m██[38;2;171;179;186m██[38;2;230;232;234m██[38;2;230;232;234m██[38;2;230;232;234m██[38;2;230;232;234m██[38;2;230;232;234m██[38;2;230;232;234m██[38;2;230;232;234m██[38;2;230;232;234m██[38;2;230;232;234m██[38;2;53;56;65m██        
      [38;2;53;56;65m██[38;2;137;148;159m██[38;2;99;110;121m██[38;2;99;110;121m██[38;2;99;110;121m██[38;2;99;110;121m██[38;2;99;110;121m██[38;2;99;110;121m██[38;2;99;110;121m██[38;2;99;110;121m██[38;2;99;110;121m██[38;2;99;110;121m██[38;2;99;110;121m██[38;2;99;110;121m██[38;2;72;79;86m██[38;2;128;142;142m██[38;2;72;79;86m██[38;2;137;148;159m██[38;2;137;148;159m██[38;2;137;148;159m██[38;2;171;179;186m██[38;2;171;179;186m██[38;2;171;179;186m██[38;2;230;232;234m██[38;2;230;232;234m██[38;2;230;232;234m██[38;2;230;232;234m██[38;2;230;232;234m██[38;2;230;232;234m██[38;2;230;232;234m██[38;2;230;232;234m██[38;2;230;232;234m██[38;2;53;56;65m██          
        [38;2;53;56;65m██[38;2;137;148;159m██[38;2;99;110;121m██[38;2;99;110;121m██[38;2;99;110;121m██[38;2;99;110;121m██[38;2;99;110;121m██[38;2;99;110;121m██[38;2;99;110;121m██[38;2;99;110;121m██[38;2;99;110;121m██[38;2;99;110;121m██[38;2;99;110;121m██[38;2;99;110;121m██[38;2;53;56;65m██[38;2;137;148;159m██[38;2;137;148;159m██[38;2;137;148;159m██[38;2;137;148;159m██[38;2;137;148;159m██[38;2;171;179;186m██[38;2;171;179;186m██[38;2;230;232;234m██[38;2;230;232;234m██[38;2;230;232;234m██[38;2;230;232;234m██[38;2;230;232;234m██[38;2;230;232;234m██[38;2;230;232;234m██[38;2;230;232;234m██[38;2;230;232;234m██[38;2;53;56;65m██          
        [38;2;53;56;65m██[38;2;137;148;159m██[38;2;137;148;159m██[38;2;99;110;121m██[38;2;99;110;121m██[38;2;99;110;121m██[38;2;99;110;121m██[38;2;72;79;86m██[38;2;53;56;65m██[38;2;99;110;121m██[38;2;99;110;121m██[38;2;99;110;121m██[38;2;99;110;121m██[38;2;99;110;121m██[38;2;137;148;159m██[38;2;137;148;159m██[38;2;137;148;159m██[38;2;137;148;159m██[38;2;72;79;86m██[38;2;99;110;121m██[38;2;171;179;186m██[38;2;171;179;186m██[38;2;171;179;186m██[38;2;230;232;234m██[38;2;230;232;234m██[38;2;230;232;234m██[38;2;230;232;234m██[38;2;230;232;234m██[38;2;230;232;234m██[38;2;230;232;234m██[38;2;53;56;65m██            
          [38;2;53;56;65m██[38;2;137;148;159m██[38;2;137;148;159m██[38;2;99;110;121m██[38;2;99;110;121m██[38;2;99;110;121m██[38;2;72;79;86m██[38;2;99;110;121m██[38;2;53;56;65m██[38;2;99;110;121m██[38;2;99;110;121m██[38;2;99;110;121m██[38;2;99;110;121m██[38;2;137;148;159m██[38;2;137;148;159m██[38;2;137;148;159m██[38;2;137;148;159m██[38;2;137;148;159m██[38;2;137;148;159m██[38;2;99;110;121m██[38;2;99;110;121m██[38;2;171;179;186m██[38;2;230;232;234m██[38;2;230;232;234m██[38;2;230;232;234m██[38;2;230;232;234m██[38;2;230;232;234m██[38;2;230;232;234m██[38;2;230;232;234m██[38;2;53;56;65m██            
        [38;2;72;79;86m██[38;2;128;142;142m██[38;2;53;56;65m██[38;2;137;148;159m██[38;2;99;110;121m██[38;2;99;110;121m██[38;2;99;110;121m██[38;2;99;110;121m██[38;2;72;79;86m██[38;2;99;110;121m██[38;2;99;110;121m██[38;2;99;110;121m██[38;2;99;110;121m██[38;2;99;110;121m██[38;2;99;110;121m██[38;2;137;148;159m██[38;2;137;148;159m██[38;2;137;148;159m██[38;2;137;148;159m██[38;2;137;148;159m██[38;2;137;148;159m██[38;2;137;148;159m██[38;2;99;110;121m██[38;2;171;179;186m██[38;2;230;232;234m██[38;2;230;232;234m██[38;2;230;232;234m██[38;2;230;232;234m██[38;2;171;179;186m██[38;2;171;179;186m██[38;2;53;56;65m██            
        [38;2;72;79;86m██[38;2;128;142;142m██[38;2;128;142;142m██[38;2;53;56;65m██[38;2;137;148;159m██[38;2;99;110;121m██[38;2;99;110;121m██[38;2;99;110;121m██[38;2;99;110;121m██[38;2;99;110;121m██[38;2;99;110;121m██[38;2;99;110;121m██[38;2;99;110;121m██[38;2;99;110;121m██[38;2;99;110;121m██[38;2;137;148;159m██[38;2;137;148;159m██[38;2;137;148;159m██[38;2;137;148;159m██[38;2;137;148;159m██[38;2;137;148;159m██[38;2;137;148;159m██[38;2;137;148;159m██[38;2;171;179;186m██[38;2;230;232;234m██[38;2;171;179;186m██[38;2;171;179;186m██[38;2;171;179;186m██[38;2;171;179;186m██[38;2;53;56;65m██              
          [38;2;72;79;86m██[38;2;128;142;142m██[38;2;53;56;65m██[38;2;137;148;159m██[38;2;99;110;121m██[38;2;99;110;121m██[38;2;99;110;121m██[38;2;99;110;121m██[38;2;99;110;121m██[38;2;99;110;121m██[38;2;99;110;121m██[38;2;99;110;121m██[38;2;99;110;121m██[38;2;99;110;121m██[38;2;99;110;121m██[38;2;99;110;121m██[38;2;137;148;159m██[38;2;137;148;159m██[38;2;137;148;159m██[38;2;137;148;159m██[38;2;137;148;159m██[38;2;137;148;159m██[38;2;137;148;159m██[38;2;171;179;186m██[38;2;171;179;186m██[38;2;171;179;186m██[38;2;171;179;186m██[38;2;171;179;186m██[38;2;53;56;65m██              
            [38;2;72;79;86m██[38;2;72;79;86m██[38;2;53;56;65m██[38;2;137;148;159m██[38;2;99;110;121m██[38;2;99;110;121m██[38;2;99;110;121m██[38;2;99;110;121m██[38;2;99;110;121m██[38;2;99;110;121m██[38;2;99;110;121m██[38;2;99;110;121m██[38;2;99;110;121m██[38;2;99;110;121m██[38;2;99;110;121m██[38;2;137;148;159m██[38;2;99;110;121m██[38;2;99;110;121m██[38;2;99;110;121m██[38;2;137;148;159m██[38;2;137;148;159m██[38;2;137;148;159m██[38;2;137;148;159m██[38;2;171;179;186m██[38;2;171;179;186m██[38;2;171;179;186m██[38;2;72;79;86m██                
                [38;2;72;79;86m██[38;2;137;148;159m██[38;2;99;110;121m██[38;2;99;110;121m██[38;2;99;110;121m██[38;2;99;110;121m██[38;2;99;110;121m██[38;2;99;110;121m██[38;2;99;110;121m██[38;2;99;110;121m██[38;2;99;110;121m██[38;2;99;110;121m██[38;2;53;56;65m██[38;2;72;79;86m██[38;2;193;199;200m██[38;2;244;245;245m██[38;2;193;199;200m██[38;2;99;110;121m██[38;2;137;148;159m██[38;2;137;148;159m██[38;2;137;148;159m██[38;2;171;179;186m██[38;2;171;179;186m██[38;2;171;179;186m██[38;2;72;79;86m██                
                  [38;2;53;56;65m██[38;2;137;148;159m██[38;2;137;148;159m██[38;2;99;110;121m██[38;2;99;110;121m██[38;2;99;110;121m██[38;2;99;110;121m██[38;2;99;110;121m██[38;2;99;110;121m██[38;2;99;110;121m██[38;2;72;79;86m██[38;2;128;142;142m██[38;2;128;142;142m██[38;2;193;199;200m██[38;2;193;199;200m██[38;2;193;199;200m██[38;2;99;110;121m██[38;2;137;148;159m██[38;2;137;148;159m██[38;2;137;148;159m██[38;2;137;148;159m██[38;2;171;179;186m██[38;2;72;79;86m██                  
                  [38;2;12;12;12m██[38;2;137;148;159m██[38;2;137;148;159m██[38;2;99;110;121m██[38;2;99;110;121m██[38;2;99;110;121m██[38;2;99;110;121m██[38;2;99;110;121m██[38;2;99;110;121m██[38;2;99;110;121m██[38;2;72;79;86m██[38;2;128;142;142m██[38;2;128;142;142m██[38;2;128;142;142m██[38;2;128;142;142m██[38;2;128;142;142m██[38;2;72;79;86m██[38;2;137;148;159m██[38;2;137;148;159m██[38;2;137;148;159m██[38;2;137;148;159m██[38;2;72;79;86m██                    
                    [38;2;12;12;12m██[38;2;137;148;159m██[38;2;137;148;159m██[38;2;99;110;121m██[38;2;99;110;121m██[38;2;99;110;121m██[38;2;99;110;121m██[38;2;99;110;121m██[38;2;99;110;121m██[38;2;53;56;65m██[38;2;53;56;65m██[38;2;128;142;142m██[38;2;128;142;142m██[38;2;72;79;86m██[38;2;72;79;86m██[38;2;137;148;159m██[38;2;137;148;159m██[38;2;137;148;159m██[38;2;137;148;159m██[38;2;137;148;159m██[38;2;12;12;12m██                    
                      [38;2;12;12;12m██[38;2;137;148;159m██[38;2;99;110;121m██[38;2;99;110;121m██[38;2;99;110;121m██[38;2;99;110;121m██[38;2;99;110;121m██[38;2;99;110;121m██[38;2;99;110;121m██[38;2;99;110;121m██[38;2;53;56;65m██[38;2;72;79;86m██[38;2;137;148;159m██[38;2;137;148;159m██[38;2;137;148;159m██[38;2;137;148;159m██[38;2;137;148;159m██[38;2;137;148;159m██[38;2;12;12;12m██                      
                        [38;2;12;12;12m██[38;2;12;12;12m██[38;2;72;79;86m██[38;2;72;79;86m██[38;2;72;79;86m██[38;2;72;79;86m██[38;2;99;110;121m██[38;2;99;110;121m██[38;2;99;110;121m██[38;2;137;148;159m██[38;2;137;148;159m██[38;2;137;148;159m██[38;2;137;148;159m██[38;2;137;148;159m██[38;2;137;148;159m██[38;2;137;148;159m██[38;2;137;148;159m██[38;2;12;12;12m██                      
                            [38;2;12;12;12m██[38;2;128;142;142m██[38;2;128;142;142m██[38;2;128;142;142m██[38;2;12;12;12m██[38;2;72;79;86m██[38;2;72;79;86m██[38;2;72;79;86m██[38;2;72;79;86m██[38;2;72;79;86m██[38;2;72;79;86m██[38;2;72;79;86m██[38;2;137;148;159m██[38;2;12;12;12m██[38;2;12;12;12m██                        
                              [38;2;12;12;12m██[38;2;12;12;12m██[38;2;128;142;142m██[38;2;193;199;200m██[38;2;193;199;200m██[38;2;193;199;200m██[38;2;193;199;200m██[38;2;130;141;172m██[38;2;193;199;200m██[38;2;193;199;200m██[38;2;128;142;142m██[38;2;53;56;65m██                            
                                  [38;2;12;12;12m██[38;2;193;199;200m██[38;2;193;199;200m██[38;2;193;199;200m██[38;2;130;141;172m██[38;2;193;199;200m██[38;2;128;142;142m██[38;2;137;148;159m██[38;2;53;56;65m██                              
                                  [38;2;12;12;12m██[38;2;128;142;142m██[38;2;128;142;142m██[38;2;72;79;86m██[38;2;128;142;142m██[38;2;128;142;142m██[38;2;12;12;12m██[38;2;12;12;12m██                                
                                    [38;2;12;12;12m██[38;2;72;79;86m██[38;2;128;142;142m██[38;2;12;12;12m██[38;2;137;148;159m██                                    
                                      [38;2;12;12;12m██[38;2;12;12;12m██                                        
