                    [38;2;178;77;121m██[38;2;178;77;121m██[38;2;25;25;25m██[38;2;25;25;25m██                                          
                  [38;2;178;77;121m██[38;2;251;203;230m██[38;2;251;203;230m██[38;2;247;145;222m██[38;2;247;145;222m██[38;2;25;25;25m██                [38;2;178;77;121m██[38;2;178;77;121m██[38;2;25;25;25m██                  
                [38;2;178;77;121m██[38;2;251;203;230m██[38;2;251;203;230m██[38;2;251;203;230m██[38;2;251;203;230m██[38;2;247;145;222m██[38;2;25;25;25m██              [38;2;178;77;121m██[38;2;247;145;222m██[38;2;247;145;222m██[38;2;247;145;222m██[38;2;25;25;25m██                
              [38;2;178;77;121m██[38;2;251;203;230m██[38;2;251;203;230m██[38;2;251;203;230m██[38;2;247;145;222m██[38;2;247;145;222m██[38;2;25;25;25m██              [38;2;178;77;121m██[38;2;251;203;230m██[38;2;251;203;230m██[38;2;247;145;222m██[38;2;247;145;222m██[38;2;25;25;25m██                
              [38;2;178;77;121m██[38;2;251;203;230m██[38;2;251;203;230m██[38;2;247;145;222m██[38;2;247;145;222m██[38;2;247;145;222m██[38;2;25;25;25m██            [38;2;178;77;121m██[38;2;251;203;230m██[38;2;251;203;230m██[38;2;251;203;230m██[38;2;247;145;222m██[38;2;247;145;222m██[38;2;25;25;25m██                
            [38;2;178;77;121m██[38;2;251;203;230m██[38;2;251;203;230m██[38;2;247;145;222m██[38;2;247;145;222m██[38;2;247;145;222m██[38;2;25;25;25m██            [38;2;178;77;121m██[38;2;251;203;230m██[38;2;251;203;230m██[38;2;251;203;230m██[38;2;251;203;230m██[38;2;247;145;222m██[38;2;247;145;222m██[38;2;25;25;25m██                
            [38;2;178;77;121m██[38;2;251;203;230m██[38;2;251;203;230m██[38;2;247;145;222m██[38;2;247;145;222m██[38;2;247;145;222m██[38;2;25;25;25m██            [38;2;178;77;121m██[38;2;251;203;230m██[38;2;251;203;230m██[38;2;251;203;230m██[38;2;247;145;222m██[38;2;247;145;222m██[38;2;25;25;25m██                  
          [38;2;178;77;121m██[38;2;251;203;230m██[38;2;251;203;230m██[38;2;247;145;222m██[38;2;247;145;222m██[38;2;247;145;222m██[38;2;25;25;25m██            [38;2;178;77;121m██[38;2;251;203;230m██[38;2;251;203;230m██[38;2;251;203;230m██[38;2;251;203;230m██[38;2;247;145;222m██[38;2;247;145;222m██[38;2;25;25;25m██                  
          [38;2;178;77;121m██[38;2;251;203;230m██[38;2;251;203;230m██[38;2;247;145;222m██[38;2;247;145;222m██[38;2;247;145;222m██[38;2;25;25;25m██            [38;2;178;77;121m██[38;2;251;203;230m██[38;2;251;203;230m██[38;2;251;203;230m██[38;2;247;145;222m██[38;2;247;145;222m██[38;2;25;25;25m██                    
      [38;2;178;77;121m██[38;2;178;77;121m██[38;2;226;116;186m██[38;2;251;203;230m██[38;2;247;145;222m██[38;2;247;145;222m██[38;2;247;145;222m██[38;2;25;25;25m██            [38;2;178;77;121m██[38;2;251;203;230m██[38;2;251;203;230m██[38;2;247;145;222m██[38;2;247;145;222m██[38;2;247;145;222m██[38;2;247;145;222m██[38;2;25;25;25m██                    
    [38;2;178;77;121m██[38;2;251;203;230m██[38;2;251;203;230m██[38;2;178;77;121m██[38;2;251;203;230m██[38;2;247;145;222m██[38;2;247;145;222m██[38;2;247;145;222m██[38;2;25;25;25m██            [38;2;178;77;121m██[38;2;178;77;121m██[38;2;178;77;121m██[38;2;247;145;222m██[38;2;247;145;222m██[38;2;247;145;222m██[38;2;25;25;25m██                      
    [38;2;178;77;121m██[38;2;251;203;230m██[38;2;251;203;230m██[38;2;178;77;121m██[38;2;247;145;222m██[38;2;247;145;222m██[38;2;247;145;222m██[38;2;25;25;25m██            [38;2;178;77;121m██[38;2;251;203;230m██[38;2;251;203;230m██[38;2;251;203;230m██[38;2;178;77;121m██[38;2;247;145;222m██[38;2;247;145;222m██[38;2;25;25;25m██                      
    [38;2;178;77;121m██[38;2;251;203;230m██[38;2;251;203;230m██[38;2;243;160;213m██[38;2;178;77;121m██[38;2;247;145;222m██[38;2;247;145;222m██[38;2;25;25;25m██            [38;2;178;77;121m██[38;2;251;203;230m██[38;2;251;203;230m██[38;2;251;203;230m██[38;2;178;77;121m██[38;2;247;145;222m██[38;2;25;25;25m██                        
    [38;2;178;77;121m██[38;2;251;203;230m██[38;2;251;203;230m██[38;2;251;203;230m██[38;2;178;77;121m██[38;2;247;145;222m██[38;2;226;116;186m██[38;2;25;25;25m██            [38;2;178;77;121m██[38;2;251;203;230m██[38;2;251;203;230m██[38;2;251;203;230m██[38;2;178;77;121m██[38;2;247;145;222m██[38;2;25;25;25m██                        
    [38;2;178;77;121m██[38;2;251;203;230m██[38;2;251;203;230m██[38;2;251;203;230m██[38;2;247;145;222m██[38;2;178;77;121m██[38;2;226;116;186m██[38;2;25;25;25m██  [38;2;178;77;121m██[38;2;178;77;121m██[38;2;178;77;121m██[38;2;178;77;121m██[38;2;178;77;121m██[38;2;178;77;121m██[38;2;251;203;230m██[38;2;251;203;230m██[38;2;247;145;222m██[38;2;178;77;121m██[38;2;226;116;186m██[38;2;25;25;25m██                        
      [38;2;178;77;121m██[38;2;251;203;230m██[38;2;251;203;230m██[38;2;251;203;230m██[38;2;178;77;121m██[38;2;226;116;186m██[38;2;25;25;25m██[38;2;178;77;121m██[38;2;247;145;222m██[38;2;251;203;230m██[38;2;251;203;230m██[38;2;251;203;230m██[38;2;247;145;222m██[38;2;178;77;121m██[38;2;251;203;230m██[38;2;251;203;230m██[38;2;226;116;186m██[38;2;178;77;121m██[38;2;226;116;186m██[38;2;25;25;25m██                        
      [38;2;178;77;121m██[38;2;251;203;230m██[38;2;251;203;230m██[38;2;251;203;230m██[38;2;247;145;222m██[38;2;178;77;121m██[38;2;247;145;222m██[38;2;251;203;230m██[38;2;251;203;230m██[38;2;251;203;230m██[38;2;251;203;230m██[38;2;251;203;230m██[38;2;251;203;230m██[38;2;226;116;186m██[38;2;251;203;230m██[38;2;251;203;230m██[38;2;178;77;121m██[38;2;226;116;186m██[38;2;226;116;186m██[38;2;25;25;25m██[38;2;25;25;25m██                      
      [38;2;178;77;121m██[38;2;251;203;230m██[38;2;251;203;230m██[38;2;251;203;230m██[38;2;251;203;230m██[38;2;178;77;121m██[38;2;247;145;222m██[38;2;251;203;230m██[38;2;251;203;230m██[38;2;251;203;230m██[38;2;251;203;230m██[38;2;251;203;230m██[38;2;251;203;230m██[38;2;226;116;186m██[38;2;251;203;230m██[38;2;247;145;222m██[38;2;178;77;121m██[38;2;226;116;186m██[38;2;226;116;186m██[38;2;226;116;186m██[38;2;226;116;186m██[38;2;25;25;25m██[38;2;25;25;25m██                  
        [38;2;178;77;121m██[38;2;251;203;230m██[38;2;251;203;230m██[38;2;251;203;230m██[38;2;247;145;222m██[38;2;226;116;186m██[38;2;251;203;230m██[38;2;251;203;230m██[38;2;251;203;230m██[38;2;251;203;230m██[38;2;251;203;230m██[38;2;251;203;230m██[38;2;226;116;186m██[38;2;247;145;222m██[38;2;247;145;222m██[38;2;178;77;121m██[38;2;226;116;186m██[38;2;247;145;222m██[38;2;247;145;222m██[38;2;247;145;222m██[38;2;247;145;222m██[38;2;247;145;222m██[38;2;25;25;25m██                
      [38;2;178;77;121m██[38;2;178;77;121m██[38;2;247;145;222m██[38;2;247;145;222m██[38;2;251;203;230m██[38;2;251;203;230m██[38;2;251;203;230m██[38;2;251;203;230m██[38;2;251;203;230m██[38;2;251;203;230m██[38;2;251;203;230m██[38;2;251;203;230m██[38;2;251;203;230m██[38;2;226;116;186m██[38;2;247;145;222m██[38;2;247;145;222m██[38;2;226;116;186m██[38;2;247;145;222m██[38;2;247;145;222m██[38;2;247;145;222m██[38;2;247;145;222m██[38;2;247;145;222m██[38;2;247;145;222m██[38;2;247;145;222m██[38;2;25;25;25m██              
    [38;2;178;77;121m██[38;2;247;145;222m██[38;2;247;145;222m██[38;2;178;77;121m██[38;2;247;145;222m██[38;2;247;145;222m██[38;2;251;203;230m██[38;2;251;203;230m██[38;2;251;203;230m██[38;2;251;203;230m██[38;2;251;203;230m██[38;2;251;203;230m██[38;2;251;203;230m██[38;2;251;203;230m██[38;2;251;203;230m██[38;2;247;145;222m██[38;2;247;145;222m██[38;2;226;116;186m██[38;2;247;145;222m██[38;2;247;145;222m██[38;2;247;145;222m██[38;2;247;145;222m██[38;2;247;145;222m██[38;2;247;145;222m██[38;2;247;145;222m██[38;2;247;145;222m██[38;2;25;25;25m██            
    [38;2;178;77;121m██[38;2;251;203;230m██[38;2;247;145;222m██[38;2;247;145;222m██[38;2;251;203;230m██[38;2;251;203;230m██[38;2;251;203;230m██[38;2;251;203;230m██[38;2;251;203;230m██[38;2;251;203;230m██[38;2;251;203;230m██[38;2;251;203;230m██[38;2;251;203;230m██[38;2;251;203;230m██[38;2;251;203;230m██[38;2;251;203;230m██[38;2;251;203;230m██[38;2;247;145;222m██[38;2;247;145;222m██[38;2;247;145;222m██[38;2;247;145;222m██[38;2;247;145;222m██[38;2;247;145;222m██[38;2;247;145;222m██[38;2;247;145;222m██[38;2;247;145;222m██[38;2;25;25;25m██            
  [38;2;178;77;121m██[38;2;251;203;230m██[38;2;251;203;230m██[38;2;251;203;230m██[38;2;251;203;230m██[38;2;251;203;230m██[38;2;251;203;230m██[38;2;251;203;230m██[38;2;251;203;230m██[38;2;251;203;230m██[38;2;251;203;230m██[38;2;251;203;230m██[38;2;251;203;230m██[38;2;251;203;230m██[38;2;251;203;230m██[38;2;251;203;230m██[38;2;251;203;230m██[38;2;251;203;230m██[38;2;251;203;230m██[38;2;247;145;222m██[38;2;247;145;222m██[38;2;247;145;222m██[38;2;247;145;222m██[38;2;247;145;222m██[38;2;247;145;222m██[38;2;247;145;222m██[38;2;247;145;222m██[38;2;247;145;222m██[38;2;25;25;25m██          
  [38;2;178;77;121m██[38;2;251;203;230m██[38;2;251;203;230m██[38;2;251;203;230m██[38;2;251;203;230m██[38;2;251;203;230m██[38;2;226;116;186m██[38;2;251;203;230m██[38;2;251;203;230m██[38;2;251;203;230m██[38;2;251;203;230m██[38;2;251;203;230m██[38;2;251;203;230m██[38;2;251;203;230m██[38;2;251;203;230m██[38;2;251;203;230m██[38;2;251;203;230m██[38;2;251;203;230m██[38;2;251;203;230m██[38;2;247;145;222m██[38;2;247;145;222m██[38;2;247;145;222m██[38;2;247;145;222m██[38;2;247;145;222m██[38;2;247;145;222m██[38;2;247;145;222m██[38;2;247;145;222m██[38;2;247;145;222m██[38;2;25;25;25m██          
  [38;2;178;77;121m██[38;2;251;203;230m██[38;2;251;203;230m██[38;2;251;203;230m██[38;2;251;203;230m██[38;2;251;203;230m██[38;2;25;25;25m██[38;2;251;203;230m██[38;2;251;203;230m██[38;2;251;203;230m██[38;2;251;203;230m██[38;2;251;203;230m██[38;2;251;203;230m██[38;2;226;116;186m██[38;2;251;203;230m██[38;2;251;203;230m██[38;2;251;203;230m██[38;2;251;203;230m██[38;2;251;203;230m██[38;2;251;203;230m██[38;2;247;145;222m██[38;2;247;145;222m██[38;2;99;146;145m██[38;2;99;146;145m██[38;2;99;146;145m██[38;2;99;146;145m██[38;2;247;145;222m██[38;2;247;145;222m██[38;2;247;145;222m██[38;2;25;25;25m██        
[38;2;99;146;145m██[38;2;130;222;221m██[38;2;99;146;145m██[38;2;251;203;230m██[38;2;251;203;230m██[38;2;251;203;230m██[38;2;251;203;230m██[38;2;25;25;25m██[38;2;251;203;230m██[38;2;251;203;230m██[38;2;251;203;230m██[38;2;251;203;230m██[38;2;251;203;230m██[38;2;251;203;230m██[38;2;25;25;25m██[38;2;251;203;230m██[38;2;251;203;230m██[38;2;251;203;230m██[38;2;251;203;230m██[38;2;251;203;230m██[38;2;251;203;230m██[38;2;247;145;222m██[38;2;99;146;145m██[38;2;130;222;221m██[38;2;130;222;221m██[38;2;130;222;221m██[38;2;130;222;221m██[38;2;99;146;145m██[38;2;247;145;222m██[38;2;247;145;222m██[38;2;25;25;25m██        
[38;2;99;146;145m██[38;2;130;222;221m██[38;2;99;146;145m██[38;2;251;203;230m██[38;2;251;203;230m██[38;2;251;203;230m██[38;2;251;203;230m██[38;2;226;116;186m██[38;2;251;203;230m██[38;2;251;203;230m██[38;2;251;203;230m██[38;2;251;203;230m██[38;2;251;203;230m██[38;2;251;203;230m██[38;2;25;25;25m██[38;2;251;203;230m██[38;2;251;203;230m██[38;2;251;203;230m██[38;2;251;203;230m██[38;2;251;203;230m██[38;2;251;203;230m██[38;2;247;145;222m██[38;2;130;222;221m██[38;2;130;222;221m██[38;2;130;222;221m██[38;2;130;222;221m██[38;2;130;222;221m██[38;2;130;222;221m██[38;2;247;145;222m██[38;2;247;145;222m██[38;2;25;25;25m██        
[38;2;99;146;145m██[38;2;130;222;221m██[38;2;99;146;145m██[38;2;251;203;230m██[38;2;251;203;230m██[38;2;251;203;230m██[38;2;251;203;230m██[38;2;251;203;230m██[38;2;251;203;230m██[38;2;251;203;230m██[38;2;251;203;230m██[38;2;251;203;230m██[38;2;251;203;230m██[38;2;251;203;230m██[38;2;226;116;186m██[38;2;251;203;230m██[38;2;251;203;230m██[38;2;251;203;230m██[38;2;251;203;230m██[38;2;251;203;230m██[38;2;247;145;222m██[38;2;99;146;145m██[38;2;130;222;221m██[38;2;130;222;221m██[38;2;130;222;221m██[38;2;130;222;221m██[38;2;130;222;221m██[38;2;130;222;221m██[38;2;99;146;145m██[38;2;247;145;222m██[38;2;247;145;222m██[38;2;25;25;25m██      
[38;2;99;146;145m██[38;2;130;222;221m██[38;2;99;146;145m██[38;2;251;203;230m██[38;2;251;203;230m██[38;2;251;203;230m██[38;2;251;203;230m██[38;2;251;203;230m██[38;2;251;203;230m██[38;2;251;203;230m██[38;2;251;203;230m██[38;2;251;203;230m██[38;2;251;203;230m██[38;2;251;203;230m██[38;2;247;145;222m██[38;2;251;203;230m██[38;2;251;203;230m██[38;2;251;203;230m██[38;2;251;203;230m██[38;2;251;203;230m██[38;2;247;145;222m██[38;2;99;146;145m██[38;2;130;222;221m██[38;2;130;222;221m██[38;2;130;222;221m██[38;2;130;222;221m██[38;2;130;222;221m██[38;2;130;222;221m██[38;2;99;146;145m██[38;2;247;145;222m██[38;2;226;116;186m██[38;2;25;25;25m██      
[38;2;99;146;145m██[38;2;130;222;221m██[38;2;99;146;145m██[38;2;247;145;222m██[38;2;251;203;230m██[38;2;251;203;230m██[38;2;251;203;230m██[38;2;251;203;230m██[38;2;251;203;230m██[38;2;251;203;230m██[38;2;251;203;230m██[38;2;251;203;230m██[38;2;251;203;230m██[38;2;251;203;230m██[38;2;251;203;230m██[38;2;251;203;230m██[38;2;251;203;230m██[38;2;251;203;230m██[38;2;251;203;230m██[38;2;247;145;222m██[38;2;247;145;222m██[38;2;99;146;145m██[38;2;130;222;221m██[38;2;130;222;221m██[38;2;130;222;221m██[38;2;130;222;221m██[38;2;130;222;221m██[38;2;130;222;221m██[38;2;99;146;145m██[38;2;178;77;121m██[38;2;226;116;186m██[38;2;25;25;25m██      
[38;2;99;146;145m██[38;2;99;146;145m██[38;2;247;145;222m██[38;2;247;145;222m██[38;2;247;145;222m██[38;2;247;145;222m██[38;2;178;77;121m██[38;2;178;77;121m██[38;2;247;145;222m██[38;2;251;203;230m██[38;2;251;203;230m██[38;2;251;203;230m██[38;2;251;203;230m██[38;2;251;203;230m██[38;2;251;203;230m██[38;2;251;203;230m██[38;2;251;203;230m██[38;2;251;203;230m██[38;2;247;145;222m██[38;2;247;145;222m██[38;2;247;145;222m██[38;2;99;146;145m██[38;2;130;222;221m██[38;2;130;222;221m██[38;2;130;222;221m██[38;2;130;222;221m██[38;2;130;222;221m██[38;2;130;222;221m██[38;2;99;146;145m██[38;2;226;116;186m██[38;2;178;77;121m██[38;2;25;25;25m██      
  [38;2;178;77;121m██[38;2;247;145;222m██[38;2;247;145;222m██[38;2;247;145;222m██[38;2;178;77;121m██[38;2;243;160;213m██[38;2;243;160;213m██[38;2;178;77;121m██[38;2;251;203;230m██[38;2;251;203;230m██[38;2;251;203;230m██[38;2;251;203;230m██[38;2;251;203;230m██[38;2;251;203;230m██[38;2;251;203;230m██[38;2;247;145;222m██[38;2;247;145;222m██[38;2;247;145;222m██[38;2;247;145;222m██[38;2;247;145;222m██[38;2;99;146;145m██[38;2;130;222;221m██[38;2;130;222;221m██[38;2;130;222;221m██[38;2;130;222;221m██[38;2;130;222;221m██[38;2;130;222;221m██[38;2;99;146;145m██[38;2;226;116;186m██[38;2;226;116;186m██[38;2;25;25;25m██      
  [38;2;178;77;121m██[38;2;178;77;121m██[38;2;178;77;121m██[38;2;178;77;121m██[38;2;243;160;213m██[38;2;243;160;213m██[38;2;243;160;213m██[38;2;178;77;121m██[38;2;247;145;222m██[38;2;247;145;222m██[38;2;247;145;222m██[38;2;247;145;222m██[38;2;247;145;222m██[38;2;247;145;222m██[38;2;247;145;222m██[38;2;247;145;222m██[38;2;247;145;222m██[38;2;247;145;222m██[38;2;247;145;222m██[38;2;178;77;121m██[38;2;226;116;186m██[38;2;130;222;221m██[38;2;130;222;221m██[38;2;130;222;221m██[38;2;130;222;221m██[38;2;130;222;221m██[38;2;130;222;221m██[38;2;226;116;186m██[38;2;226;116;186m██[38;2;226;116;186m██[38;2;25;25;25m██      
  [38;2;178;77;121m██[38;2;226;116;186m██[38;2;243;160;213m██[38;2;243;160;213m██[38;2;243;160;213m██[38;2;243;160;213m██[38;2;243;160;213m██[38;2;243;160;213m██[38;2;178;77;121m██[38;2;247;145;222m██[38;2;247;145;222m██[38;2;247;145;222m██[38;2;247;145;222m██[38;2;247;145;222m██[38;2;247;145;222m██[38;2;247;145;222m██[38;2;247;145;222m██[38;2;247;145;222m██[38;2;178;77;121m██[38;2;226;116;186m██[38;2;226;116;186m██[38;2;99;146;145m██[38;2;130;222;221m██[38;2;130;222;221m██[38;2;130;222;221m██[38;2;130;222;221m██[38;2;99;146;145m██[38;2;226;116;186m██[38;2;226;116;186m██[38;2;25;25;25m██        
  [38;2;178;77;121m██[38;2;226;116;186m██[38;2;226;116;186m██[38;2;243;160;213m██[38;2;243;160;213m██[38;2;243;160;213m██[38;2;243;160;213m██[38;2;243;160;213m██[38;2;243;160;213m██[38;2;178;77;121m██[38;2;247;145;222m██[38;2;247;145;222m██[38;2;247;145;222m██[38;2;247;145;222m██[38;2;247;145;222m██[38;2;247;145;222m██[38;2;247;145;222m██[38;2;178;77;121m██[38;2;226;116;186m██[38;2;226;116;186m██[38;2;226;116;186m██[38;2;226;116;186m██[38;2;99;146;145m██[38;2;99;146;145m██[38;2;99;146;145m██[38;2;99;146;145m██[38;2;226;116;186m██[38;2;226;116;186m██[38;2;226;116;186m██[38;2;25;25;25m██        
    [38;2;178;77;121m██[38;2;226;116;186m██[38;2;226;116;186m██[38;2;243;160;213m██[38;2;243;160;213m██[38;2;243;160;213m██[38;2;243;160;213m██[38;2;243;160;213m██[38;2;243;160;213m██[38;2;178;77;121m██[38;2;178;77;121m██[38;2;247;145;222m██[38;2;247;145;222m██[38;2;247;145;222m██[38;2;178;77;121m██[38;2;178;77;121m██[38;2;226;116;186m██[38;2;226;116;186m██[38;2;226;116;186m██[38;2;226;116;186m██[38;2;226;116;186m██[38;2;226;116;186m██[38;2;226;116;186m██[38;2;226;116;186m██[38;2;226;116;186m██[38;2;226;116;186m██[38;2;226;116;186m██[38;2;226;116;186m██[38;2;25;25;25m██        
    [38;2;178;77;121m██[38;2;226;116;186m██[38;2;226;116;186m██[38;2;226;116;186m██[38;2;243;160;213m██[38;2;243;160;213m██[38;2;243;160;213m██[38;2;243;160;213m██[38;2;243;160;213m██[38;2;243;160;213m██[38;2;243;160;213m██[38;2;178;77;121m██[38;2;178;77;121m██[38;2;178;77;121m██[38;2;243;160;213m██[38;2;226;116;186m██[38;2;226;116;186m██[38;2;226;116;186m██[38;2;226;116;186m██[38;2;226;116;186m██[38;2;226;116;186m██[38;2;226;116;186m██[38;2;226;116;186m██[38;2;226;116;186m██[38;2;226;116;186m██[38;2;226;116;186m██[38;2;226;116;186m██[38;2;226;116;186m██[38;2;25;25;25m██        
      [38;2;25;25;25m██[38;2;226;116;186m██[38;2;226;116;186m██[38;2;226;116;186m██[38;2;243;160;213m██[38;2;243;160;213m██[38;2;243;160;213m██[38;2;243;160;213m██[38;2;243;160;213m██[38;2;243;160;213m██[38;2;243;160;213m██[38;2;243;160;213m██[38;2;243;160;213m██[38;2;243;160;213m██[38;2;226;116;186m██[38;2;226;116;186m██[38;2;226;116;186m██[38;2;226;116;186m██[38;2;226;116;186m██[38;2;226;116;186m██[38;2;226;116;186m██[38;2;226;116;186m██[38;2;226;116;186m██[38;2;226;116;186m██[38;2;226;116;186m██[38;2;226;116;186m██[38;2;226;116;186m██[38;2;226;116;186m██[38;2;25;25;25m██      
      [38;2;25;25;25m██[38;2;226;116;186m██[38;2;226;116;186m██[38;2;226;116;186m██[38;2;226;116;186m██[38;2;226;116;186m██[38;2;243;160;213m██[38;2;243;160;213m██[38;2;243;160;213m██[38;2;243;160;213m██[38;2;243;160;213m██[38;2;243;160;213m██[38;2;243;160;213m██[38;2;243;160;213m██[38;2;226;116;186m██[38;2;226;116;186m██[38;2;226;116;186m██[38;2;226;116;186m██[38;2;226;116;186m██[38;2;226;116;186m██[38;2;226;116;186m██[38;2;226;116;186m██[38;2;226;116;186m██[38;2;226;116;186m██[38;2;226;116;186m██[38;2;178;77;121m██[38;2;226;116;186m██[38;2;226;116;186m██[38;2;25;25;25m██      
    [38;2;178;77;121m██[38;2;226;116;186m██[38;2;243;160;213m██[38;2;243;160;213m██[38;2;243;160;213m██[38;2;243;160;213m██[38;2;243;160;213m██[38;2;243;160;213m██[38;2;243;160;213m██[38;2;243;160;213m██[38;2;243;160;213m██[38;2;243;160;213m██[38;2;243;160;213m██[38;2;243;160;213m██[38;2;243;160;213m██[38;2;226;116;186m██[38;2;226;116;186m██[38;2;226;116;186m██[38;2;226;116;186m██[38;2;226;116;186m██[38;2;226;116;186m██[38;2;226;116;186m██[38;2;226;116;186m██[38;2;226;116;186m██[38;2;226;116;186m██[38;2;226;116;186m██[38;2;178;77;121m██[38;2;226;116;186m██[38;2;226;116;186m██[38;2;226;116;186m██[38;2;178;77;121m██    
  [38;2;178;77;121m██[38;2;243;160;213m██[38;2;243;160;213m██[38;2;243;160;213m██[38;2;243;160;213m██[38;2;243;160;213m██[38;2;243;160;213m██[38;2;243;160;213m██[38;2;243;160;213m██[38;2;243;160;213m██[38;2;243;160;213m██[38;2;243;160;213m██[38;2;243;160;213m██[38;2;243;160;213m██[38;2;243;160;213m██[38;2;226;116;186m██[38;2;226;116;186m██[38;2;226;116;186m██[38;2;226;116;186m██[38;2;226;116;186m██[38;2;226;116;186m██[38;2;226;116;186m██[38;2;226;116;186m██[38;2;226;116;186m██[38;2;226;116;186m██[38;2;226;116;186m██[38;2;226;116;186m██[38;2;226;116;186m██[38;2;178;77;121m██[38;2;226;116;186m██[38;2;226;116;186m██[38;2;226;116;186m██[38;2;25;25;25m██  
[38;2;178;77;121m██[38;2;243;160;213m██[38;2;243;160;213m██[38;2;243;160;213m██[38;2;243;160;213m██[38;2;243;160;213m██[38;2;226;116;186m██[38;2;243;160;213m██[38;2;243;160;213m██[38;2;243;160;213m██[38;2;243;160;213m██[38;2;243;160;213m██[38;2;243;160;213m██[38;2;243;160;213m██[38;2;243;160;213m██[38;2;226;116;186m██[38;2;226;116;186m██[38;2;226;116;186m██[38;2;226;116;186m██[38;2;226;116;186m██[38;2;226;116;186m██[38;2;226;116;186m██[38;2;226;116;186m██[38;2;226;116;186m██[38;2;226;116;186m██[38;2;226;116;186m██[38;2;226;116;186m██[38;2;226;116;186m██[38;2;226;116;186m██[38;2;226;116;186m██[38;2;178;77;121m██[38;2;226;116;186m██[38;2;226;116;186m██[38;2;226;116;186m██[38;2;25;25;25m██
[38;2;25;25;25m██[38;2;226;116;186m██[38;2;243;160;213m██[38;2;243;160;213m██[38;2;243;160;213m██[38;2;178;77;121m██[38;2;226;116;186m██[38;2;243;160;213m██[38;2;243;160;213m██[38;2;243;160;213m██[38;2;243;160;213m██[38;2;243;160;213m██[38;2;243;160;213m██[38;2;243;160;213m██[38;2;226;116;186m██[38;2;226;116;186m██[38;2;226;116;186m██[38;2;226;116;186m██[38;2;226;116;186m██[38;2;226;116;186m██[38;2;226;116;186m██[38;2;226;116;186m██[38;2;226;116;186m██[38;2;226;116;186m██[38;2;226;116;186m██[38;2;226;116;186m██[38;2;226;116;186m██[38;2;226;116;186m██[38;2;226;116;186m██[38;2;226;116;186m██[38;2;226;116;186m██[38;2;178;77;121m██[38;2;226;116;186m██[38;2;226;116;186m██[38;2;25;25;25m██
  [38;2;25;25;25m██[38;2;25;25;25m██[38;2;25;25;25m██[38;2;178;77;121m██[38;2;226;116;186m██[38;2;226;116;186m██[38;2;243;160;213m██[38;2;243;160;213m██[38;2;243;160;213m██[38;2;243;160;213m██[38;2;243;160;213m██[38;2;226;116;186m██[38;2;226;116;186m██[38;2;226;116;186m██[38;2;226;116;186m██[38;2;226;116;186m██[38;2;226;116;186m██[38;2;226;116;186m██[38;2;226;116;186m██[38;2;226;116;186m██[38;2;226;116;186m██[38;2;226;116;186m██[38;2;226;116;186m██[38;2;226;116;186m██[38;2;226;116;186m██[38;2;226;116;186m██[38;2;226;116;186m██[38;2;226;116;186m██[38;2;226;116;186m██[38;2;178;77;121m██[38;2;25;25;25m██[38;2;25;25;25m██[38;2;25;25;25m██  
        [38;2;25;25;25m██[38;2;25;25;25m██[38;2;25;25;25m██[38;2;25;25;25m██[38;2;25;25;25m██[38;2;226;116;186m██[38;2;226;116;186m██[38;2;226;116;186m██[38;2;226;116;186m██[38;2;226;116;186m██[38;2;226;116;186m██[38;2;226;116;186m██[38;2;226;116;186m██[38;2;25;25;25m██[38;2;25;25;25m██[38;2;25;25;25m██[38;2;25;25;25m██[38;2;25;25;25m██[38;2;25;25;25m██[38;2;25;25;25m██[38;2;25;25;25m██[38;2;25;25;25m██[38;2;25;25;25m██[38;2;25;25;25m██[38;2;25;25;25m██[38;2;25;25;25m██[38;2;25;25;25m██        
                  [38;2;25;25;25m██[38;2;25;25;25m██[38;2;25;25;25m██[38;2;25;25;25m██[38;2;25;25;25m██[38;2;25;25;25m██[38;2;25;25;25m██[38;2;25;25;25m██                                    
