                            [38;2;37;33;39m██[38;2;37;33;39m██[38;2;37;33;39m██[38;2;37;33;39m██[38;2;37;33;39m██[38;2;37;33;39m██                                              
                          [38;2;37;33;39m██[38;2;111;98;118m██[38;2;111;98;118m██[38;2;111;98;118m██[38;2;89;79;95m██[38;2;89;79;95m██[38;2;89;79;95m██[38;2;37;33;39m██                                            
                        [38;2;37;33;39m██[38;2;111;98;118m██[38;2;111;98;118m██[38;2;111;98;118m██[38;2;89;79;95m██[38;2;89;79;95m██[38;2;89;79;95m██[38;2;89;79;95m██[38;2;89;79;95m██[38;2;37;33;39m██                                          
                        [38;2;37;33;39m██[38;2;111;98;118m██[38;2;111;98;118m██[38;2;37;33;39m██[38;2;71;63;75m██[38;2;71;63;75m██[38;2;89;79;95m██[38;2;89;79;95m██[38;2;89;79;95m██[38;2;37;33;39m██                                          
                      [38;2;37;33;39m██[38;2;111;98;118m██[38;2;111;98;118m██[38;2;89;79;95m██[38;2;37;33;39m██[38;2;111;98;118m██[38;2;37;33;39m██[38;2;37;33;39m██[38;2;89;79;95m██[38;2;89;79;95m██[38;2;19;19;19m██                                          
                      [38;2;37;33;39m██[38;2;89;79;95m██[38;2;89;79;95m██[38;2;89;79;95m██[38;2;37;33;39m██[38;2;111;98;118m██[38;2;111;98;118m██[38;2;89;79;95m██[38;2;89;79;95m██[38;2;89;79;95m██[38;2;19;19;19m██                                          
                      [38;2;37;33;39m██[38;2;89;79;95m██[38;2;89;79;95m██[38;2;89;79;95m██[38;2;89;79;95m██[38;2;37;33;39m██[38;2;89;79;95m██[38;2;89;79;95m██[38;2;89;79;95m██[38;2;20;20;20m██                                            
                      [38;2;37;33;39m██[38;2;89;79;95m██[38;2;89;79;95m██[38;2;89;79;95m██[38;2;89;79;95m██[38;2;71;63;75m██[38;2;20;20;20m██[38;2;20;20;20m██[38;2;20;20;20m██                                              
                        [38;2;37;33;39m██[38;2;89;79;95m██[38;2;89;79;95m██[38;2;89;79;95m██[38;2;20;20;20m██                                                    
                        [38;2;19;19;19m██[38;2;89;79;95m██[38;2;89;79;95m██[38;2;67;59;71m██[38;2;19;19;19m██              [38;2;37;33;39m██[38;2;37;33;39m██                                  
                          [38;2;19;19;19m██[38;2;67;59;71m██[38;2;67;59;71m██[38;2;20;20;20m██              [38;2;37;33;39m██[38;2;89;79;95m██[38;2;37;33;39m██                                
                          [38;2;37;33;39m██[38;2;19;19;19m██[38;2;67;59;71m██[38;2;67;59;71m██[38;2;21;21;21m██            [38;2;37;33;39m██[38;2;89;79;95m██[38;2;89;79;95m██[38;2;37;33;39m██                              
                        [38;2;37;33;39m██[38;2;89;79;95m██[38;2;89;79;95m██[38;2;20;20;20m██[38;2;67;59;71m██[38;2;20;20;20m██        [38;2;37;33;39m██[38;2;37;33;39m██[38;2;89;79;95m██[38;2;89;79;95m██[38;2;89;79;95m██[38;2;37;33;39m██                              
                        [38;2;37;33;39m██[38;2;89;79;95m██[38;2;89;79;95m██[38;2;89;79;95m██[38;2;19;19;19m██[38;2;67;59;71m██[38;2;19;19;19m██[38;2;37;33;39m██[38;2;37;33;39m██[38;2;37;33;39m██[38;2;89;79;95m██[38;2;89;79;95m██[38;2;89;79;95m██[38;2;89;79;95m██[38;2;89;79;95m██[38;2;37;33;39m██                              
                        [38;2;37;33;39m██[38;2;89;79;95m██[38;2;89;79;95m██[38;2;89;79;95m██[38;2;89;79;95m██[38;2;37;33;39m██[38;2;67;59;71m██[38;2;67;59;71m██[38;2;89;79;95m██[38;2;89;79;95m██[38;2;89;79;95m██[38;2;89;79;95m██[38;2;89;79;95m██[38;2;89;79;95m██[38;2;19;19;19m██                                
                          [38;2;37;33;39m██[38;2;89;79;95m██[38;2;89;79;95m██[38;2;89;79;95m██[38;2;111;98;118m██[38;2;37;33;39m██[38;2;67;59;71m██[38;2;111;98;118m██[38;2;89;79;95m██[38;2;89;79;95m██[38;2;89;79;95m██[38;2;89;79;95m██[38;2;89;79;95m██[38;2;19;19;19m██                                
                          [38;2;19;19;19m██[38;2;89;79;95m██[38;2;89;79;95m██[38;2;71;63;75m██[38;2;111;98;118m██[38;2;111;98;118m██[38;2;111;98;118m██[38;2;111;98;118m██[38;2;89;79;95m██[38;2;71;63;75m██[38;2;89;79;95m██[38;2;89;79;95m██[38;2;89;79;95m██[38;2;67;59;71m██[38;2;21;21;21m██                        [38;2;37;33;39m██[38;2;37;33;39m██  
                          [38;2;21;21;21m██[38;2;89;79;95m██[38;2;71;63;75m██[38;2;227;230;235m██[38;2;71;63;75m██[38;2;111;98;118m██[38;2;111;98;118m██[38;2;89;79;95m██[38;2;71;63;75m██[38;2;227;230;235m██[38;2;71;63;75m██[38;2;89;79;95m██[38;2;89;79;95m██[38;2;89;79;95m██[38;2;20;20;20m██    [38;2;37;33;39m██[38;2;37;33;39m██[38;2;37;33;39m██[38;2;37;33;39m██[38;2;37;33;39m██[38;2;37;33;39m██        [38;2;37;33;39m██[38;2;89;79;95m██[38;2;20;20;20m██
    [38;2;37;33;39m██[38;2;37;33;39m██          [38;2;37;33;39m██[38;2;37;33;39m██[38;2;37;33;39m██[38;2;37;33;39m██[38;2;71;63;75m██[38;2;89;79;95m██[38;2;71;63;75m██[38;2;227;230;235m██[38;2;71;63;75m██[38;2;89;79;95m██[38;2;89;79;95m██[38;2;89;79;95m██[38;2;71;63;75m██[38;2;227;230;235m██[38;2;71;63;75m██[38;2;89;79;95m██[38;2;89;79;95m██[38;2;89;79;95m██[38;2;67;59;71m██[38;2;37;33;39m██[38;2;37;33;39m██[38;2;89;79;95m██[38;2;89;79;95m██[38;2;89;79;95m██[38;2;89;79;95m██[38;2;89;79;95m██[38;2;89;79;95m██[38;2;37;33;39m██[38;2;37;33;39m██[38;2;37;33;39m██[38;2;37;33;39m██[38;2;89;79;95m██[38;2;89;79;95m██[38;2;21;21;21m██
  [38;2;37;33;39m██[38;2;89;79;95m██[38;2;37;33;39m██      [38;2;37;33;39m██[38;2;37;33;39m██[38;2;89;79;95m██[38;2;89;79;95m██[38;2;89;79;95m██[38;2;89;79;95m██[38;2;89;79;95m██[38;2;89;79;95m██[38;2;71;63;75m██[38;2;189;198;201m██[38;2;89;79;95m██[38;2;89;79;95m██[38;2;67;59;71m██[38;2;89;79;95m██[38;2;89;79;95m██[38;2;189;198;201m██[38;2;71;63;75m██[38;2;89;79;95m██[38;2;89;79;95m██[38;2;89;79;95m██[38;2;89;79;95m██[38;2;89;79;95m██[38;2;89;79;95m██[38;2;89;79;95m██[38;2;89;79;95m██[38;2;89;79;95m██[38;2;89;79;95m██[38;2;89;79;95m██[38;2;89;79;95m██[38;2;89;79;95m██[38;2;89;79;95m██[38;2;89;79;95m██[38;2;89;79;95m██[38;2;89;79;95m██[38;2;89;79;95m██[38;2;20;20;20m██
  [38;2;37;33;39m██[38;2;89;79;95m██[38;2;89;79;95m██[38;2;37;33;39m██[38;2;37;33;39m██[38;2;37;33;39m██[38;2;89;79;95m██[38;2;89;79;95m██[38;2;89;79;95m██[38;2;89;79;95m██[38;2;89;79;95m██[38;2;89;79;95m██[38;2;89;79;95m██[38;2;89;79;95m██[38;2;89;79;95m██[38;2;89;79;95m██[38;2;89;79;95m██[38;2;67;59;71m██[38;2;67;59;71m██[38;2;67;59;71m██[38;2;89;79;95m██[38;2;89;79;95m██[38;2;89;79;95m██[38;2;89;79;95m██[38;2;89;79;95m██[38;2;89;79;95m██[38;2;89;79;95m██[38;2;89;79;95m██[38;2;89;79;95m██[38;2;89;79;95m██[38;2;89;79;95m██[38;2;89;79;95m██[38;2;89;79;95m██[38;2;89;79;95m██[38;2;89;79;95m██[38;2;89;79;95m██[38;2;89;79;95m██[38;2;89;79;95m██[38;2;89;79;95m██[38;2;89;79;95m██[38;2;67;59;71m██[38;2;20;20;20m██
  [38;2;20;20;20m██[38;2;67;59;71m██[38;2;89;79;95m██[38;2;89;79;95m██[38;2;89;79;95m██[38;2;89;79;95m██[38;2;89;79;95m██[38;2;89;79;95m██[38;2;89;79;95m██[38;2;89;79;95m██[38;2;89;79;95m██[38;2;89;79;95m██[38;2;89;79;95m██[38;2;89;79;95m██[38;2;89;79;95m██[38;2;89;79;95m██[38;2;67;59;71m██[38;2;234;234;234m██[38;2;89;79;95m██[38;2;234;234;234m██[38;2;67;59;71m██[38;2;89;79;95m██[38;2;89;79;95m██[38;2;89;79;95m██[38;2;89;79;95m██[38;2;89;79;95m██[38;2;89;79;95m██[38;2;89;79;95m██[38;2;89;79;95m██[38;2;89;79;95m██[38;2;67;59;71m██[38;2;89;79;95m██[38;2;89;79;95m██[38;2;89;79;95m██[38;2;89;79;95m██[38;2;89;79;95m██[38;2;89;79;95m██[38;2;89;79;95m██[38;2;89;79;95m██[38;2;67;59;71m██[38;2;21;21;21m██  
  [38;2;19;19;19m██[38;2;67;59;71m██[38;2;67;59;71m██[38;2;89;79;95m██[38;2;89;79;95m██[38;2;89;79;95m██[38;2;89;79;95m██[38;2;37;33;39m██[38;2;89;79;95m██[38;2;89;79;95m██[38;2;89;79;95m██[38;2;89;79;95m██[38;2;89;79;95m██[38;2;89;79;95m██[38;2;89;79;95m██[38;2;89;79;95m██[38;2;89;79;95m██[38;2;89;79;95m██[38;2;89;79;95m██[38;2;89;79;95m██[38;2;89;79;95m██[38;2;89;79;95m██[38;2;89;79;95m██[38;2;89;79;95m██[38;2;89;79;95m██[38;2;89;79;95m██[38;2;89;79;95m██[38;2;89;79;95m██[38;2;89;79;95m██[38;2;89;79;95m██[38;2;89;79;95m██[38;2;37;33;39m██[38;2;37;33;39m██[38;2;89;79;95m██[38;2;89;79;95m██[38;2;67;59;71m██[38;2;67;59;71m██[38;2;67;59;71m██[38;2;67;59;71m██[38;2;67;59;71m██[38;2;21;21;21m██  
    [38;2;20;20;20m██[38;2;67;59;71m██[38;2;37;33;39m██[38;2;37;33;39m██[38;2;37;33;39m██[38;2;37;33;39m██[38;2;89;79;95m██[38;2;89;79;95m██[38;2;89;79;95m██[38;2;89;79;95m██[38;2;89;79;95m██[38;2;89;79;95m██[38;2;89;79;95m██[38;2;89;79;95m██[38;2;89;79;95m██[38;2;89;79;95m██[38;2;89;79;95m██[38;2;89;79;95m██[38;2;89;79;95m██[38;2;89;79;95m██[38;2;89;79;95m██[38;2;89;79;95m██[38;2;89;79;95m██[38;2;89;79;95m██[38;2;89;79;95m██[38;2;89;79;95m██[38;2;89;79;95m██[38;2;89;79;95m██[38;2;89;79;95m██[38;2;89;79;95m██[38;2;89;79;95m██[38;2;89;79;95m██[38;2;37;33;39m██[38;2;37;33;39m██[38;2;37;33;39m██[38;2;37;33;39m██[38;2;37;33;39m██[38;2;67;59;71m██[38;2;21;21;21m██    
[38;2;37;33;39m██[38;2;37;33;39m██[38;2;37;33;39m██[38;2;37;33;39m██[38;2;89;79;95m██[38;2;89;79;95m██[38;2;89;79;95m██[38;2;89;79;95m██[38;2;89;79;95m██[38;2;89;79;95m██[38;2;89;79;95m██[38;2;89;79;95m██[38;2;89;79;95m██[38;2;89;79;95m██[38;2;89;79;95m██[38;2;89;79;95m██[38;2;89;79;95m██[38;2;89;79;95m██[38;2;89;79;95m██[38;2;89;79;95m██[38;2;89;79;95m██[38;2;89;79;95m██[38;2;89;79;95m██[38;2;89;79;95m██[38;2;89;79;95m██[38;2;89;79;95m██[38;2;89;79;95m██[38;2;89;79;95m██[38;2;89;79;95m██[38;2;89;79;95m██[38;2;89;79;95m██[38;2;89;79;95m██[38;2;89;79;95m██[38;2;89;79;95m██[38;2;89;79;95m██[38;2;89;79;95m██[38;2;89;79;95m██[38;2;89;79;95m██[38;2;20;20;20m██[38;2;21;21;21m██      
[38;2;20;20;20m██[38;2;89;79;95m██[38;2;89;79;95m██[38;2;89;79;95m██[38;2;89;79;95m██[38;2;89;79;95m██[38;2;89;79;95m██[38;2;89;79;95m██[38;2;89;79;95m██[38;2;89;79;95m██[38;2;89;79;95m██[38;2;89;79;95m██[38;2;89;79;95m██[38;2;89;79;95m██[38;2;89;79;95m██[38;2;89;79;95m██[38;2;89;79;95m██[38;2;89;79;95m██[38;2;89;79;95m██[38;2;89;79;95m██[38;2;89;79;95m██[38;2;89;79;95m██[38;2;89;79;95m██[38;2;89;79;95m██[38;2;89;79;95m██[38;2;89;79;95m██[38;2;89;79;95m██[38;2;89;79;95m██[38;2;89;79;95m██[38;2;89;79;95m██[38;2;89;79;95m██[38;2;89;79;95m██[38;2;89;79;95m██[38;2;89;79;95m██[38;2;89;79;95m██[38;2;89;79;95m██[38;2;89;79;95m██[38;2;21;21;21m██          
  [38;2;20;20;20m██[38;2;67;59;71m██[38;2;89;79;95m██[38;2;89;79;95m██[38;2;89;79;95m██[38;2;89;79;95m██[38;2;89;79;95m██[38;2;89;79;95m██[38;2;37;33;39m██[38;2;89;79;95m██[38;2;89;79;95m██[38;2;89;79;95m██[38;2;89;79;95m██[38;2;89;79;95m██[38;2;89;79;95m██[38;2;89;79;95m██[38;2;89;79;95m██[38;2;89;79;95m██[38;2;89;79;95m██[38;2;89;79;95m██[38;2;89;79;95m██[38;2;89;79;95m██[38;2;89;79;95m██[38;2;89;79;95m██[38;2;89;79;95m██[38;2;89;79;95m██[38;2;89;79;95m██[38;2;89;79;95m██[38;2;89;79;95m██[38;2;89;79;95m██[38;2;89;79;95m██[38;2;89;79;95m██[38;2;89;79;95m██[38;2;89;79;95m██[38;2;89;79;95m██[38;2;20;20;20m██            
    [38;2;20;20;20m██[38;2;21;21;21m██[38;2;67;59;71m██[38;2;67;59;71m██[38;2;67;59;71m██[38;2;37;33;39m██[38;2;37;33;39m██[38;2;89;79;95m██[38;2;89;79;95m██[38;2;89;79;95m██[38;2;89;79;95m██[38;2;89;79;95m██[38;2;89;79;95m██[38;2;89;79;95m██[38;2;89;79;95m██[38;2;89;79;95m██[38;2;89;79;95m██[38;2;89;79;95m██[38;2;89;79;95m██[38;2;89;79;95m██[38;2;89;79;95m██[38;2;89;79;95m██[38;2;89;79;95m██[38;2;89;79;95m██[38;2;89;79;95m██[38;2;89;79;95m██[38;2;37;33;39m██[38;2;67;59;71m██[38;2;89;79;95m██[38;2;89;79;95m██[38;2;89;79;95m██[38;2;89;79;95m██[38;2;67;59;71m██[38;2;22;22;22m██              
        [38;2;37;33;39m██[38;2;37;33;39m██[38;2;37;33;39m██[38;2;89;79;95m██[38;2;89;79;95m██[38;2;89;79;95m██[38;2;89;79;95m██[38;2;89;79;95m██[38;2;89;79;95m██[38;2;67;59;71m██[38;2;89;79;95m██[38;2;89;79;95m██[38;2;89;79;95m██[38;2;89;79;95m██[38;2;89;79;95m██[38;2;89;79;95m██[38;2;89;79;95m██[38;2;89;79;95m██[38;2;67;59;71m██[38;2;89;79;95m██[38;2;89;79;95m██[38;2;89;79;95m██[38;2;89;79;95m██[38;2;89;79;95m██[38;2;89;79;95m██[38;2;37;33;39m██[38;2;20;20;20m██[38;2;20;20;20m██[38;2;19;19;19m██[38;2;19;19;19m██[38;2;22;22;22m██                
        [38;2;20;20;20m██[38;2;89;79;95m██[38;2;89;79;95m██[38;2;89;79;95m██[38;2;89;79;95m██[38;2;89;79;95m██[38;2;89;79;95m██[38;2;89;79;95m██[38;2;67;59;71m██[38;2;37;33;39m██[38;2;89;79;95m██[38;2;89;79;95m██[38;2;89;79;95m██[38;2;89;79;95m██[38;2;89;79;95m██[38;2;89;79;95m██[38;2;89;79;95m██[38;2;89;79;95m██[38;2;37;33;39m██[38;2;67;59;71m██[38;2;89;79;95m██[38;2;89;79;95m██[38;2;89;79;95m██[38;2;89;79;95m██[38;2;89;79;95m██[38;2;89;79;95m██[38;2;37;33;39m██[38;2;149;91;173m██[38;2;149;91;173m██[38;2;20;20;20m██                  
          [38;2;20;20;20m██[38;2;89;79;95m██[38;2;89;79;95m██[38;2;89;79;95m██[38;2;89;79;95m██[38;2;67;59;71m██[38;2;19;19;19m██[38;2;19;19;19m██[38;2;37;33;39m██[38;2;89;79;95m██[38;2;89;79;95m██[38;2;89;79;95m██[38;2;89;79;95m██[38;2;89;79;95m██[38;2;89;79;95m██[38;2;89;79;95m██[38;2;89;79;95m██[38;2;20;20;20m██[38;2;37;33;39m██[38;2;89;79;95m██[38;2;89;79;95m██[38;2;89;79;95m██[38;2;89;79;95m██[38;2;89;79;95m██[38;2;89;79;95m██[38;2;89;79;95m██[38;2;37;33;39m██[38;2;37;33;39m██[38;2;149;91;173m██[38;2;19;19;19m██                
            [38;2;19;19;19m██[38;2;19;19;19m██[38;2;20;20;20m██[38;2;21;21;21m██[38;2;19;19;19m██[38;2;100;57;123m██[38;2;149;91;173m██[38;2;37;33;39m██[38;2;89;79;95m██[38;2;89;79;95m██[38;2;89;79;95m██[38;2;89;79;95m██[38;2;89;79;95m██[38;2;89;79;95m██[38;2;89;79;95m██[38;2;89;79;95m██[38;2;19;19;19m██[38;2;149;91;173m██[38;2;22;22;22m██[38;2;89;79;95m██[38;2;89;79;95m██[38;2;89;79;95m██[38;2;89;79;95m██[38;2;89;79;95m██[38;2;89;79;95m██[38;2;89;79;95m██[38;2;37;33;39m██[38;2;149;91;173m██[38;2;20;20;20m██                
                [38;2;19;19;19m██[38;2;149;91;173m██[38;2;149;91;173m██[38;2;100;57;123m██[38;2;174;122;202m██[38;2;174;122;202m██[38;2;37;33;39m██[38;2;89;79;95m██[38;2;89;79;95m██[38;2;89;79;95m██[38;2;89;79;95m██[38;2;89;79;95m██[38;2;89;79;95m██[38;2;37;33;39m██[38;2;174;122;202m██[38;2;174;122;202m██[38;2;149;91;173m██[38;2;20;20;20m██[38;2;19;19;19m██[38;2;89;79;95m██[38;2;89;79;95m██[38;2;89;79;95m██[38;2;89;79;95m██[38;2;22;22;22m██[38;2;149;91;173m██[38;2;149;91;173m██[38;2;20;20;20m██                
                [38;2;20;20;20m██[38;2;149;91;173m██[38;2;174;122;202m██[38;2;100;57;123m██[38;2;149;91;173m██[38;2;174;122;202m██[38;2;37;33;39m██[38;2;89;79;95m██[38;2;89;79;95m██[38;2;89;79;95m██[38;2;89;79;95m██[38;2;89;79;95m██[38;2;67;59;71m██[38;2;21;21;21m██[38;2;174;122;202m██[38;2;174;122;202m██[38;2;149;91;173m██[38;2;100;57;123m██[38;2;149;91;173m██[38;2;22;22;22m██[38;2;22;22;22m██[38;2;21;21;21m██[38;2;19;19;19m██[38;2;100;57;123m██[38;2;149;91;173m██[38;2;149;91;173m██[38;2;22;22;22m██                
                [38;2;19;19;19m██[38;2;149;91;173m██[38;2;149;91;173m██[38;2;128;135;142m██[38;2;189;198;201m██[38;2;174;122;202m██[38;2;20;20;20m██[38;2;67;59;71m██[38;2;89;79;95m██[38;2;89;79;95m██[38;2;89;79;95m██[38;2;67;59;71m██[38;2;20;20;20m██[38;2;174;122;202m██[38;2;174;122;202m██[38;2;149;91;173m██[38;2;128;135;142m██[38;2;189;198;201m██[38;2;128;135;142m██[38;2;149;91;173m██[38;2;174;122;202m██[38;2;174;122;202m██[38;2;174;122;202m██[38;2;100;57;123m██[38;2;149;91;173m██[38;2;149;91;173m██[38;2;20;20;20m██                
                [38;2;20;20;20m██[38;2;149;91;173m██[38;2;128;135;142m██[38;2;189;198;201m██[38;2;227;230;235m██[38;2;128;135;142m██[38;2;174;122;202m██[38;2;19;19;19m██[38;2;67;59;71m██[38;2;67;59;71m██[38;2;67;59;71m██[38;2;67;59;71m██[38;2;22;22;22m██[38;2;174;122;202m██[38;2;149;91;173m██[38;2;128;135;142m██[38;2;227;230;235m██[38;2;227;230;235m██[38;2;227;230;235m██[38;2;128;135;142m██[38;2;174;122;202m██[38;2;174;122;202m██[38;2;149;91;173m██[38;2;100;57;123m██[38;2;149;91;173m██[38;2;149;91;173m██[38;2;21;21;21m██                
                [38;2;19;19;19m██[38;2;149;91;173m██[38;2;189;198;201m██[38;2;227;230;235m██[38;2;227;230;235m██[38;2;227;230;235m██[38;2;174;122;202m██[38;2;20;20;20m██[38;2;67;59;71m██[38;2;67;59;71m██[38;2;67;59;71m██[38;2;19;19;19m██[38;2;174;122;202m██[38;2;174;122;202m██[38;2;149;91;173m██[38;2;189;198;201m██[38;2;227;230;235m██[38;2;227;230;235m██[38;2;227;230;235m██[38;2;189;198;201m██[38;2;149;91;173m██[38;2;149;91;173m██[38;2;149;91;173m██[38;2;100;57;123m██[38;2;149;91;173m██[38;2;21;21;21m██                  
                  [38;2;19;19;19m██[38;2;128;135;142m██[38;2;189;198;201m██[38;2;227;230;235m██[38;2;189;198;201m██[38;2;149;91;173m██[38;2;149;91;173m██[38;2;19;19;19m██[38;2;67;59;71m██[38;2;19;19;19m██[38;2;149;91;173m██[38;2;149;91;173m██[38;2;149;91;173m██[38;2;149;91;173m██[38;2;189;198;201m██[38;2;227;230;235m██[38;2;227;230;235m██[38;2;227;230;235m██[38;2;189;198;201m██[38;2;149;91;173m██[38;2;149;91;173m██[38;2;100;57;123m██[38;2;149;91;173m██[38;2;149;91;173m██[38;2;20;20;20m██                  
                  [38;2;20;20;20m██[38;2;149;91;173m██[38;2;128;135;142m██[38;2;128;135;142m██[38;2;149;91;173m██[38;2;149;91;173m██[38;2;149;91;173m██[38;2;149;91;173m██[38;2;20;20;20m██[38;2;100;57;123m██[38;2;149;91;173m██[38;2;149;91;173m██[38;2;149;91;173m██[38;2;149;91;173m██[38;2;149;91;173m██[38;2;128;135;142m██[38;2;189;198;201m██[38;2;128;135;142m██[38;2;149;91;173m██[38;2;149;91;173m██[38;2;149;91;173m██[38;2;100;57;123m██[38;2;149;91;173m██[38;2;22;22;22m██                    
                    [38;2;20;20;20m██[38;2;149;91;173m██[38;2;149;91;173m██[38;2;100;57;123m██[38;2;100;57;123m██[38;2;149;91;173m██[38;2;149;91;173m██[38;2;149;91;173m██[38;2;100;57;123m██[38;2;149;91;173m██[38;2;149;91;173m██[38;2;149;91;173m██[38;2;149;91;173m██[38;2;149;91;173m██[38;2;100;57;123m██[38;2;149;91;173m██[38;2;149;91;173m██[38;2;149;91;173m██[38;2;149;91;173m██[38;2;100;57;123m██[38;2;149;91;173m██[38;2;21;21;21m██                      
                      [38;2;20;20;20m██[38;2;149;91;173m██[38;2;149;91;173m██[38;2;21;21;21m██[38;2;20;20;20m██[38;2;19;19;19m██[38;2;149;91;173m██[38;2;149;91;173m██[38;2;100;57;123m██[38;2;149;91;173m██[38;2;149;91;173m██[38;2;149;91;173m██[38;2;100;57;123m██[38;2;19;19;19m██[38;2;19;19;19m██[38;2;149;91;173m██[38;2;149;91;173m██[38;2;149;91;173m██[38;2;100;57;123m██[38;2;20;20;20m██                        
                        [38;2;20;20;20m██[38;2;149;91;173m██[38;2;149;91;173m██[38;2;19;19;19m██  [38;2;19;19;19m██[38;2;19;19;19m██[38;2;19;19;19m██[38;2;20;20;20m██[38;2;20;20;20m██[38;2;20;20;20m██[38;2;20;20;20m██    [38;2;19;19;19m██[38;2;149;91;173m██[38;2;100;57;123m██[38;2;20;20;20m██                          
                          [38;2;21;21;21m██[38;2;21;21;21m██                        [38;2;20;20;20m██[38;2;19;19;19m██                            
