                                                    [38;2;168;97;127m██                                  
                      [38;2;168;97;127m██                          [38;2;168;97;127m██[38;2;249;187;231m██[38;2;168;97;127m██                                
                    [38;2;168;97;127m██[38;2;249;187;231m██[38;2;168;97;127m██                        [38;2;168;97;127m██[38;2;246;246;246m██[38;2;168;97;127m██                                
                    [38;2;168;97;127m██[38;2;249;187;231m██[38;2;246;246;246m██[38;2;168;97;127m██                    [38;2;168;97;127m██[38;2;249;187;231m██[38;2;246;246;246m██[38;2;168;97;127m██                                
                    [38;2;168;97;127m██[38;2;249;187;231m██[38;2;246;246;246m██[38;2;246;246;246m██[38;2;168;97;127m██                  [38;2;168;97;127m██[38;2;246;246;246m██[38;2;249;187;231m██[38;2;249;187;231m██[38;2;168;97;127m██                              
                    [38;2;168;97;127m██[38;2;249;187;231m██[38;2;249;187;231m██[38;2;246;246;246m██[38;2;246;246;246m██[38;2;168;97;127m██              [38;2;168;97;127m██[38;2;249;187;231m██[38;2;246;246;246m██[38;2;221;139;173m██[38;2;249;187;231m██[38;2;168;97;127m██                              
                    [38;2;168;97;127m██[38;2;249;187;231m██[38;2;221;139;173m██[38;2;249;187;231m██[38;2;246;246;246m██[38;2;246;246;246m██[38;2;168;97;127m██            [38;2;168;97;127m██[38;2;246;246;246m██[38;2;249;187;231m██[38;2;221;139;173m██[38;2;249;187;231m██[38;2;168;97;127m██                              
                    [38;2;82;50;63m██[38;2;249;187;231m██[38;2;221;139;173m██[38;2;221;139;173m██[38;2;249;187;231m██[38;2;246;246;246m██[38;2;249;187;231m██[38;2;168;97;127m██          [38;2;168;97;127m██[38;2;249;187;231m██[38;2;221;139;173m██[38;2;221;139;173m██[38;2;249;187;231m██[38;2;249;187;231m██[38;2;168;97;127m██        [38;2;168;97;127m██[38;2;168;97;127m██[38;2;168;97;127m██              
                    [38;2;82;50;63m██[38;2;249;187;231m██[38;2;221;139;173m██[38;2;168;97;127m██[38;2;249;187;231m██[38;2;249;187;231m██[38;2;246;246;246m██[38;2;221;139;173m██[38;2;2;2;2m██      [38;2;168;97;127m██[38;2;249;187;231m██[38;2;221;139;173m██[38;2;221;139;173m██[38;2;221;139;173m██[38;2;221;139;173m██[38;2;249;187;231m██[38;2;168;97;127m██    [38;2;168;97;127m██[38;2;168;97;127m██[38;2;249;187;231m██[38;2;249;187;231m██[38;2;82;50;63m██              
        [38;2;168;97;127m██[38;2;168;97;127m██[38;2;168;97;127m██[38;2;168;97;127m██[38;2;168;97;127m██  [38;2;82;50;63m██[38;2;249;187;231m██[38;2;221;139;173m██[38;2;221;139;173m██[38;2;221;139;173m██[38;2;249;187;231m██[38;2;249;187;231m██[38;2;249;187;231m██[38;2;221;139;173m██[38;2;2;2;2m██[38;2;82;50;63m██[38;2;82;50;63m██[38;2;168;97;127m██[38;2;249;187;231m██[38;2;221;139;173m██[38;2;168;97;127m██[38;2;221;139;173m██[38;2;221;139;173m██[38;2;249;187;231m██[38;2;168;97;127m██[38;2;82;50;63m██[38;2;168;97;127m██[38;2;221;139;173m██[38;2;249;187;231m██[38;2;249;187;231m██[38;2;249;187;231m██[38;2;82;50;63m██              
        [38;2;82;50;63m██[38;2;249;187;231m██[38;2;249;187;231m██[38;2;221;139;173m██[38;2;221;139;173m██[38;2;168;97;127m██[38;2;2;2;2m██[38;2;249;187;231m██[38;2;221;139;173m██[38;2;221;139;173m██[38;2;168;97;127m██[38;2;221;139;173m██[38;2;249;187;231m██[38;2;249;187;231m██[38;2;221;139;173m██[38;2;221;139;173m██[38;2;2;2;2m██[38;2;168;97;127m██[38;2;82;50;63m██[38;2;221;139;173m██[38;2;221;139;173m██[38;2;221;139;173m██[38;2;221;139;173m██[38;2;221;139;173m██[38;2;221;139;173m██[38;2;168;97;127m██[38;2;168;97;127m██[38;2;221;139;173m██[38;2;249;187;231m██[38;2;249;187;231m██[38;2;221;139;173m██[38;2;249;187;231m██[38;2;82;50;63m██              
        [38;2;82;50;63m██[38;2;221;139;173m██[38;2;249;187;231m██[38;2;249;187;231m██[38;2;249;187;231m██[38;2;221;139;173m██[38;2;2;2;2m██[38;2;249;187;231m██[38;2;221;139;173m██[38;2;221;139;173m██[38;2;168;97;127m██[38;2;221;139;173m██[38;2;221;139;173m██[38;2;249;187;231m██[38;2;221;139;173m██[38;2;168;97;127m██[38;2;82;50;63m██[38;2;2;2;2m██[38;2;221;139;173m██[38;2;221;139;173m██[38;2;221;139;173m██[38;2;168;97;127m██[38;2;221;139;173m██[38;2;221;139;173m██[38;2;221;139;173m██[38;2;221;139;173m██[38;2;82;50;63m██[38;2;221;139;173m██[38;2;249;187;231m██[38;2;221;139;173m██[38;2;221;139;173m██[38;2;249;187;231m██[38;2;82;50;63m██              
          [38;2;82;50;63m██[38;2;221;139;173m██[38;2;249;187;231m██[38;2;249;187;231m██[38;2;249;187;231m██[38;2;82;50;63m██[38;2;221;139;173m██[38;2;221;139;173m██[38;2;221;139;173m██[38;2;221;139;173m██[38;2;168;97;127m██[38;2;221;139;173m██[38;2;221;139;173m██[38;2;221;139;173m██[38;2;168;97;127m██[38;2;82;50;63m██[38;2;2;2;2m██[38;2;168;97;127m██[38;2;221;139;173m██[38;2;221;139;173m██[38;2;168;97;127m██[38;2;221;139;173m██[38;2;221;139;173m██[38;2;221;139;173m██[38;2;221;139;173m██[38;2;82;50;63m██[38;2;221;139;173m██[38;2;221;139;173m██[38;2;221;139;173m██[38;2;221;139;173m██[38;2;221;139;173m██[38;2;82;50;63m██              
          [38;2;82;50;63m██[38;2;221;139;173m██[38;2;221;139;173m██[38;2;249;187;231m██[38;2;221;139;173m██[38;2;168;97;127m██[38;2;168;97;127m██[38;2;221;139;173m██[38;2;221;139;173m██[38;2;221;139;173m██[38;2;168;97;127m██[38;2;221;139;173m██[38;2;221;139;173m██[38;2;168;97;127m██[38;2;168;97;127m██[38;2;82;50;63m██[38;2;2;2;2m██[38;2;168;97;127m██[38;2;168;97;127m██[38;2;221;139;173m██[38;2;168;97;127m██[38;2;221;139;173m██[38;2;221;139;173m██[38;2;221;139;173m██[38;2;168;97;127m██[38;2;82;50;63m██[38;2;221;139;173m██[38;2;168;97;127m██[38;2;221;139;173m██[38;2;168;97;127m██[38;2;168;97;127m██[38;2;2;2;2m██              
          [38;2;82;50;63m██[38;2;168;97;127m██[38;2;168;97;127m██[38;2;168;97;127m██[38;2;221;139;173m██[38;2;221;139;173m██[38;2;2;2;2m██[38;2;221;139;173m██[38;2;221;139;173m██[38;2;221;139;173m██[38;2;221;139;173m██[38;2;168;97;127m██[38;2;221;139;173m██[38;2;168;97;127m██[38;2;168;97;127m██[38;2;82;50;63m██[38;2;82;50;63m██[38;2;168;97;127m██[38;2;168;97;127m██[38;2;168;97;127m██[38;2;168;97;127m██[38;2;221;139;173m██[38;2;168;97;127m██[38;2;168;97;127m██[38;2;168;97;127m██[38;2;82;50;63m██[38;2;168;97;127m██[38;2;221;139;173m██[38;2;168;97;127m██[38;2;168;97;127m██[38;2;2;2;2m██                
            [38;2;82;50;63m██[38;2;168;97;127m██[38;2;168;97;127m██[38;2;168;97;127m██[38;2;168;97;127m██[38;2;168;97;127m██[38;2;2;2;2m██[38;2;168;97;127m██[38;2;168;97;127m██[38;2;82;50;63m██[38;2;168;97;127m██[38;2;168;97;127m██[38;2;168;97;127m██[38;2;82;50;63m██[38;2;221;139;173m██[38;2;168;97;127m██[38;2;2;2;2m██[38;2;168;97;127m██[38;2;168;97;127m██[38;2;168;97;127m██[38;2;168;97;127m██[38;2;168;97;127m██[38;2;168;97;127m██[38;2;82;50;63m██[38;2;168;97;127m██[38;2;2;2;2m██[38;2;168;97;127m██[38;2;168;97;127m██[38;2;2;2;2m██                  
            [38;2;82;50;63m██[38;2;168;97;127m██[38;2;168;97;127m██[38;2;168;97;127m██[38;2;168;97;127m██[38;2;2;2;2m██[38;2;82;50;63m██[38;2;2;2;2m██[38;2;168;97;127m██[38;2;168;97;127m██[38;2;168;97;127m██[38;2;82;50;63m██[38;2;168;97;127m██[38;2;168;97;127m██[38;2;221;139;173m██[38;2;168;97;127m██[38;2;82;50;63m██[38;2;82;50;63m██[38;2;168;97;127m██[38;2;168;97;127m██[38;2;82;50;63m██[38;2;168;97;127m██[38;2;2;2;2m██[38;2;82;50;63m██[38;2;168;97;127m██[38;2;168;97;127m██[38;2;2;2;2m██[38;2;2;2;2m██                    
              [38;2;82;50;63m██[38;2;82;50;63m██[38;2;82;50;63m██[38;2;2;2;2m██[38;2;168;97;127m██[38;2;82;50;63m██[38;2;2;2;2m██[38;2;2;2;2m██[38;2;168;97;127m██[38;2;168;97;127m██[38;2;168;97;127m██[38;2;82;50;63m██[38;2;221;139;173m██[38;2;249;187;231m██[38;2;221;139;173m██[38;2;168;97;127m██[38;2;2;2;2m██[38;2;168;97;127m██[38;2;82;50;63m██[38;2;168;97;127m██[38;2;2;2;2m██[38;2;2;2;2m██[38;2;168;97;127m██[38;2;168;97;127m██[38;2;168;97;127m██[38;2;168;97;127m██[38;2;2;2;2m██                    
                  [38;2;82;50;63m██[38;2;168;97;127m██[38;2;168;97;127m██[38;2;168;97;127m██[38;2;2;2;2m██[38;2;79;77;99m██[38;2;2;2;2m██[38;2;168;97;127m██[38;2;82;50;63m██[38;2;168;97;127m██[38;2;221;139;173m██[38;2;249;187;231m██[38;2;221;139;173m██[38;2;221;139;173m██[38;2;82;50;63m██[38;2;82;50;63m██[38;2;168;97;127m██[38;2;2;2;2m██[38;2;79;77;99m██[38;2;79;77;99m██[38;2;2;2;2m██[38;2;168;97;127m██[38;2;168;97;127m██[38;2;221;139;173m██[38;2;221;139;173m██[38;2;2;2;2m██                  
                [38;2;82;50;63m██[38;2;168;97;127m██[38;2;221;139;173m██[38;2;168;97;127m██[38;2;168;97;127m██[38;2;2;2;2m██[38;2;79;77;99m██[38;2;79;77;99m██[38;2;2;2;2m██[38;2;82;50;63m██[38;2;221;139;173m██[38;2;221;139;173m██[38;2;249;187;231m██[38;2;221;139;173m██[38;2;221;139;173m██[38;2;168;97;127m██[38;2;2;2;2m██[38;2;2;2;2m██[38;2;79;77;99m██[38;2;79;77;99m██[38;2;79;77;99m██[38;2;2;2;2m██[38;2;168;97;127m██[38;2;168;97;127m██[38;2;221;139;173m██[38;2;221;139;173m██[38;2;221;139;173m██[38;2;2;2;2m██                
              [38;2;82;50;63m██[38;2;168;97;127m██[38;2;221;139;173m██[38;2;221;139;173m██[38;2;168;97;127m██[38;2;2;2;2m██[38;2;2;2;2m██[38;2;79;77;99m██[38;2;79;77;99m██[38;2;79;77;99m██[38;2;79;77;99m██[38;2;82;50;63m██[38;2;221;139;173m██[38;2;221;139;173m██[38;2;168;97;127m██[38;2;168;97;127m██[38;2;82;50;63m██[38;2;79;77;99m██[38;2;79;77;99m██[38;2;79;77;99m██[38;2;79;77;99m██[38;2;79;77;99m██[38;2;82;50;63m██[38;2;168;97;127m██[38;2;168;97;127m██[38;2;221;139;173m██[38;2;221;139;173m██[38;2;221;139;173m██[38;2;221;139;173m██[38;2;2;2;2m██              
            [38;2;82;50;63m██[38;2;221;139;173m██[38;2;221;139;173m██[38;2;221;139;173m██[38;2;221;139;173m██[38;2;168;97;127m██[38;2;2;2;2m██[38;2;2;2;2m██[38;2;79;77;99m██[38;2;79;77;99m██[38;2;79;77;99m██[38;2;79;77;99m██[38;2;2;2;2m██[38;2;168;97;127m██[38;2;221;139;173m██[38;2;168;97;127m██[38;2;168;97;127m██[38;2;2;2;2m██[38;2;79;77;99m██[38;2;79;77;99m██[38;2;79;77;99m██[38;2;79;77;99m██[38;2;79;77;99m██[38;2;82;50;63m██[38;2;168;97;127m██[38;2;168;97;127m██[38;2;221;139;173m██[38;2;221;139;173m██[38;2;249;187;231m██[38;2;249;187;231m██[38;2;221;139;173m██[38;2;2;2;2m██            
          [38;2;82;50;63m██[38;2;221;139;173m██[38;2;249;187;231m██[38;2;249;187;231m██[38;2;221;139;173m██[38;2;168;97;127m██[38;2;168;97;127m██[38;2;2;2;2m██[38;2;2;2;2m██[38;2;79;77;99m██[38;2;79;77;99m██[38;2;79;77;99m██[38;2;79;77;99m██[38;2;79;77;99m██[38;2;2;2;2m██[38;2;168;97;127m██[38;2;168;97;127m██[38;2;82;50;63m██[38;2;79;77;99m██[38;2;79;77;99m██[38;2;79;77;99m██[38;2;79;77;99m██[38;2;79;77;99m██[38;2;79;77;99m██[38;2;123;121;142m██[38;2;82;50;63m██[38;2;221;139;173m██[38;2;168;97;127m██[38;2;249;187;231m██[38;2;249;187;231m██[38;2;249;187;231m██[38;2;249;187;231m██[38;2;221;139;173m██[38;2;2;2;2m██          
        [38;2;82;50;63m██[38;2;249;187;231m██[38;2;249;187;231m██[38;2;249;187;231m██[38;2;249;187;231m██[38;2;221;139;173m██[38;2;168;97;127m██[38;2;168;97;127m██[38;2;2;2;2m██  [38;2;2;2;2m██[38;2;79;77;99m██[38;2;79;77;99m██[38;2;79;77;99m██[38;2;79;77;99m██[38;2;79;77;99m██[38;2;2;2;2m██[38;2;168;97;127m██[38;2;2;2;2m██[38;2;79;77;99m██[38;2;79;77;99m██[38;2;79;77;99m██[38;2;79;77;99m██[38;2;79;77;99m██[38;2;79;77;99m██[38;2;123;121;142m██[38;2;82;50;63m██[38;2;221;139;173m██[38;2;168;97;127m██[38;2;249;187;231m██[38;2;249;187;231m██[38;2;249;187;231m██[38;2;249;187;231m██[38;2;249;187;231m██[38;2;221;139;173m██[38;2;82;50;63m██        
      [38;2;82;50;63m██[38;2;249;187;231m██[38;2;249;187;231m██[38;2;249;187;231m██[38;2;249;187;231m██[38;2;249;187;231m██[38;2;168;97;127m██[38;2;221;139;173m██[38;2;168;97;127m██[38;2;2;2;2m██  [38;2;2;2;2m██[38;2;79;77;99m██[38;2;79;77;99m██[38;2;79;77;99m██[38;2;79;77;99m██[38;2;79;77;99m██[38;2;79;77;99m██[38;2;2;2;2m██[38;2;79;77;99m██[38;2;79;77;99m██[38;2;79;77;99m██[38;2;79;77;99m██[38;2;79;77;99m██[38;2;79;77;99m██[38;2;123;121;142m██[38;2;123;121;142m██[38;2;82;50;63m██[38;2;221;139;173m██[38;2;168;97;127m██[38;2;221;139;173m██[38;2;249;187;231m██[38;2;246;246;246m██[38;2;249;187;231m██[38;2;249;187;231m██[38;2;249;187;231m██[38;2;221;139;173m██[38;2;82;50;63m██      
    [38;2;82;50;63m██[38;2;246;246;246m██[38;2;249;187;231m██[38;2;249;187;231m██[38;2;249;187;231m██[38;2;249;187;231m██[38;2;221;139;173m██[38;2;168;97;127m██[38;2;221;139;173m██[38;2;2;2;2m██      [38;2;2;2;2m██[38;2;79;77;99m██[38;2;79;77;99m██[38;2;79;77;99m██[38;2;79;77;99m██[38;2;79;77;99m██[38;2;79;77;99m██[38;2;79;77;99m██[38;2;79;77;99m██[38;2;79;77;99m██[38;2;79;77;99m██[38;2;79;77;99m██[38;2;123;121;142m██[38;2;123;121;142m██[38;2;2;2;2m██[38;2;2;2;2m██[38;2;221;139;173m██[38;2;221;139;173m██[38;2;168;97;127m██[38;2;249;187;231m██[38;2;249;187;231m██[38;2;249;187;231m██[38;2;249;187;231m██[38;2;249;187;231m██[38;2;249;187;231m██[38;2;221;139;173m██[38;2;82;50;63m██    
  [38;2;82;50;63m██[38;2;246;246;246m██[38;2;249;187;231m██[38;2;249;187;231m██[38;2;249;187;231m██[38;2;249;187;231m██[38;2;249;187;231m██[38;2;168;97;127m██[38;2;221;139;173m██[38;2;221;139;173m██[38;2;2;2;2m██        [38;2;2;2;2m██[38;2;79;77;99m██[38;2;79;77;99m██[38;2;79;77;99m██[38;2;2;2;2m██[38;2;2;2;2m██[38;2;2;2;2m██[38;2;2;2;2m██[38;2;2;2;2m██[38;2;2;2;2m██[38;2;2;2;2m██[38;2;79;77;99m██[38;2;2;2;2m██  [38;2;2;2;2m██[38;2;168;97;127m██[38;2;221;139;173m██[38;2;168;97;127m██[38;2;249;187;231m██[38;2;249;187;231m██[38;2;246;246;246m██[38;2;246;246;246m██[38;2;246;246;246m██[38;2;249;187;231m██[38;2;249;187;231m██[38;2;82;50;63m██    
  [38;2;82;50;63m██[38;2;246;246;246m██[38;2;249;187;231m██[38;2;249;187;231m██[38;2;249;187;231m██[38;2;249;187;231m██[38;2;221;139;173m██[38;2;221;139;173m██[38;2;221;139;173m██[38;2;221;139;173m██[38;2;2;2;2m██        [38;2;2;2;2m██[38;2;2;2;2m██[38;2;119;103;55m██[38;2;119;103;55m██[38;2;196;170;100m██[38;2;196;170;100m██[38;2;196;170;100m██[38;2;196;170;100m██[38;2;196;170;100m██[38;2;196;170;100m██[38;2;196;170;100m██[38;2;119;103;55m██[38;2;2;2;2m██    [38;2;2;2;2m██[38;2;221;139;173m██[38;2;221;139;173m██[38;2;221;139;173m██[38;2;249;187;231m██[38;2;246;246;246m██[38;2;249;187;231m██[38;2;249;187;231m██[38;2;249;187;231m██[38;2;249;187;231m██[38;2;221;139;173m██[38;2;82;50;63m██  
[38;2;82;50;63m██[38;2;246;246;246m██[38;2;246;246;246m██[38;2;246;246;246m██[38;2;246;246;246m██[38;2;246;246;246m██[38;2;221;139;173m██[38;2;221;139;173m██[38;2;221;139;173m██[38;2;221;139;173m██[38;2;221;139;173m██[38;2;2;2;2m██        [38;2;119;103;55m██[38;2;196;170;100m██[38;2;255;235;140m██[38;2;255;235;140m██[38;2;255;235;140m██[38;2;255;235;140m██[38;2;255;235;140m██[38;2;255;235;140m██[38;2;255;235;140m██[38;2;255;235;140m██[38;2;255;235;140m██[38;2;196;170;100m██[38;2;119;103;55m██    [38;2;2;2;2m██[38;2;221;139;173m██[38;2;221;139;173m██[38;2;221;139;173m██[38;2;249;187;231m██[38;2;249;187;231m██[38;2;249;187;231m██[38;2;221;139;173m██[38;2;221;139;173m██[38;2;221;139;173m██[38;2;221;139;173m██[38;2;82;50;63m██  
[38;2;82;50;63m██[38;2;246;246;246m██[38;2;249;187;231m██[38;2;249;187;231m██[38;2;249;187;231m██[38;2;246;246;246m██[38;2;249;187;231m██[38;2;221;139;173m██[38;2;221;139;173m██[38;2;221;139;173m██[38;2;221;139;173m██[38;2;2;2;2m██      [38;2;119;103;55m██[38;2;196;170;100m██[38;2;255;235;140m██[38;2;196;170;100m██[38;2;196;170;100m██[38;2;196;170;100m██[38;2;196;170;100m██[38;2;196;170;100m██[38;2;196;170;100m██[38;2;196;170;100m██[38;2;196;170;100m██[38;2;196;170;100m██[38;2;255;235;140m██[38;2;196;170;100m██[38;2;119;103;55m██  [38;2;2;2;2m██[38;2;221;139;173m██[38;2;221;139;173m██[38;2;249;187;231m██[38;2;221;139;173m██[38;2;221;139;173m██[38;2;249;187;231m██[38;2;249;187;231m██[38;2;249;187;231m██[38;2;249;187;231m██[38;2;249;187;231m██[38;2;221;139;173m██[38;2;82;50;63m██
[38;2;82;50;63m██[38;2;246;246;246m██[38;2;249;187;231m██[38;2;249;187;231m██[38;2;249;187;231m██[38;2;249;187;231m██[38;2;221;139;173m██[38;2;249;187;231m██[38;2;221;139;173m██[38;2;221;139;173m██[38;2;82;50;63m██        [38;2;119;103;55m██[38;2;196;170;100m██[38;2;196;170;100m██[38;2;119;103;55m██[38;2;47;44;58m██[38;2;47;44;58m██[38;2;47;44;58m██[38;2;47;44;58m██[38;2;47;44;58m██[38;2;47;44;58m██[38;2;47;44;58m██[38;2;119;103;55m██[38;2;196;170;100m██[38;2;196;170;100m██[38;2;119;103;55m██  [38;2;2;2;2m██[38;2;168;97;127m██[38;2;249;187;231m██[38;2;221;139;173m██[38;2;221;139;173m██[38;2;249;187;231m██[38;2;249;187;231m██[38;2;249;187;231m██[38;2;249;187;231m██[38;2;249;187;231m██[38;2;249;187;231m██[38;2;221;139;173m██[38;2;82;50;63m██
[38;2;82;50;63m██[38;2;246;246;246m██[38;2;249;187;231m██[38;2;249;187;231m██[38;2;246;246;246m██[38;2;249;187;231m██[38;2;221;139;173m██[38;2;221;139;173m██[38;2;221;139;173m██[38;2;221;139;173m██[38;2;82;50;63m██        [38;2;119;103;55m██[38;2;47;44;58m██[38;2;47;44;58m██[38;2;123;121;142m██[38;2;123;121;142m██[38;2;189;189;213m██[38;2;189;189;213m██[38;2;189;189;213m██[38;2;189;189;213m██[38;2;189;189;213m██[38;2;123;121;142m██[38;2;123;121;142m██[38;2;47;44;58m██[38;2;47;44;58m██[38;2;119;103;55m██    [38;2;2;2;2m██[38;2;221;139;173m██[38;2;221;139;173m██[38;2;249;187;231m██[38;2;249;187;231m██[38;2;249;187;231m██[38;2;246;246;246m██[38;2;249;187;231m██[38;2;249;187;231m██[38;2;249;187;231m██[38;2;221;139;173m██[38;2;82;50;63m██
[38;2;82;50;63m██[38;2;246;246;246m██[38;2;249;187;231m██[38;2;246;246;246m██[38;2;249;187;231m██[38;2;221;139;173m██[38;2;221;139;173m██[38;2;221;139;173m██[38;2;221;139;173m██[38;2;221;139;173m██[38;2;2;2;2m██    [38;2;47;44;58m██[38;2;47;44;58m██[38;2;47;44;58m██[38;2;189;189;213m██[38;2;189;189;213m██[38;2;189;189;213m██[38;2;189;189;213m██[38;2;189;189;213m██[38;2;189;189;213m██[38;2;189;189;213m██[38;2;189;189;213m██[38;2;189;189;213m██[38;2;189;189;213m██[38;2;189;189;213m██[38;2;189;189;213m██[38;2;123;121;142m██[38;2;47;44;58m██[38;2;47;44;58m██[38;2;47;44;58m██[38;2;2;2;2m██[38;2;221;139;173m██[38;2;221;139;173m██[38;2;221;139;173m██[38;2;249;187;231m██[38;2;249;187;231m██[38;2;249;187;231m██[38;2;246;246;246m██[38;2;249;187;231m██[38;2;249;187;231m██[38;2;221;139;173m██[38;2;82;50;63m██
[38;2;82;50;63m██[38;2;246;246;246m██[38;2;246;246;246m██[38;2;246;246;246m██[38;2;249;187;231m██[38;2;221;139;173m██[38;2;221;139;173m██[38;2;221;139;173m██[38;2;221;139;173m██[38;2;221;139;173m██[38;2;2;2;2m██[38;2;47;44;58m██[38;2;47;44;58m██[38;2;189;189;213m██[38;2;246;246;246m██[38;2;246;246;246m██[38;2;189;189;213m██[38;2;189;189;213m██[38;2;189;189;213m██[38;2;189;189;213m██[38;2;189;189;213m██[38;2;189;189;213m██[38;2;189;189;213m██[38;2;189;189;213m██[38;2;189;189;213m██[38;2;189;189;213m██[38;2;189;189;213m██[38;2;189;189;213m██[38;2;189;189;213m██[38;2;189;189;213m██[38;2;189;189;213m██[38;2;2;2;2m██[38;2;2;2;2m██[38;2;221;139;173m██[38;2;221;139;173m██[38;2;221;139;173m██[38;2;221;139;173m██[38;2;249;187;231m██[38;2;249;187;231m██[38;2;246;246;246m██[38;2;249;187;231m██[38;2;249;187;231m██[38;2;221;139;173m██[38;2;82;50;63m██
[38;2;82;50;63m██[38;2;246;246;246m██[38;2;246;246;246m██[38;2;249;187;231m██[38;2;221;139;173m██[38;2;221;139;173m██[38;2;221;139;173m██[38;2;221;139;173m██[38;2;168;97;127m██[38;2;2;2;2m██[38;2;246;246;246m██[38;2;246;246;246m██[38;2;246;246;246m██[38;2;246;246;246m██[38;2;189;189;213m██[38;2;189;189;213m██[38;2;189;189;213m██[38;2;189;189;213m██[38;2;123;121;142m██[38;2;189;189;213m██[38;2;189;189;213m██[38;2;189;189;213m██[38;2;189;189;213m██[38;2;189;189;213m██[38;2;189;189;213m██[38;2;189;189;213m██[38;2;123;121;142m██[38;2;189;189;213m██[38;2;189;189;213m██[38;2;189;189;213m██[38;2;246;246;246m██[38;2;246;246;246m██[38;2;189;189;213m██[38;2;2;2;2m██[38;2;221;139;173m██[38;2;221;139;173m██[38;2;221;139;173m██[38;2;221;139;173m██[38;2;249;187;231m██[38;2;249;187;231m██[38;2;246;246;246m██[38;2;249;187;231m██[38;2;221;139;173m██[38;2;82;50;63m██
[38;2;82;50;63m██[38;2;246;246;246m██[38;2;246;246;246m██[38;2;249;187;231m██[38;2;221;139;173m██[38;2;221;139;173m██[38;2;221;139;173m██[38;2;2;2;2m██[38;2;2;2;2m██[38;2;189;189;213m██[38;2;189;189;213m██[38;2;189;189;213m██[38;2;189;189;213m██[38;2;189;189;213m██[38;2;189;189;213m██[38;2;189;189;213m██[38;2;123;121;142m██[38;2;2;2;2m██[38;2;47;44;58m██[38;2;189;189;213m██[38;2;189;189;213m██[38;2;189;189;213m██[38;2;189;189;213m██[38;2;189;189;213m██[38;2;189;189;213m██[38;2;189;189;213m██[38;2;47;44;58m██[38;2;2;2;2m██[38;2;123;121;142m██[38;2;189;189;213m██[38;2;189;189;213m██[38;2;189;189;213m██[38;2;246;246;246m██[38;2;246;246;246m██[38;2;2;2;2m██[38;2;2;2;2m██[38;2;221;139;173m██[38;2;221;139;173m██[38;2;221;139;173m██[38;2;249;187;231m██[38;2;246;246;246m██[38;2;249;187;231m██[38;2;221;139;173m██[38;2;82;50;63m██
[38;2;82;50;63m██[38;2;246;246;246m██[38;2;249;187;231m██[38;2;249;187;231m██[38;2;249;187;231m██[38;2;2;2;2m██[38;2;2;2;2m██[38;2;189;189;213m██[38;2;189;189;213m██[38;2;189;189;213m██[38;2;189;189;213m██[38;2;189;189;213m██[38;2;189;189;213m██[38;2;189;189;213m██[38;2;123;121;142m██[38;2;2;2;2m██[38;2;2;2;2m██  [38;2;47;44;58m██[38;2;189;189;213m██[38;2;189;189;213m██[38;2;189;189;213m██[38;2;189;189;213m██[38;2;189;189;213m██[38;2;189;189;213m██[38;2;189;189;213m██[38;2;47;44;58m██  [38;2;2;2;2m██[38;2;2;2;2m██[38;2;123;121;142m██[38;2;189;189;213m██[38;2;189;189;213m██[38;2;189;189;213m██[38;2;189;189;213m██[38;2;2;2;2m██[38;2;2;2;2m██[38;2;2;2;2m██[38;2;221;139;173m██[38;2;221;139;173m██[38;2;249;187;231m██[38;2;249;187;231m██[38;2;221;139;173m██[38;2;82;50;63m██
[38;2;82;50;63m██[38;2;82;50;63m██[38;2;82;50;63m██[38;2;2;2;2m██[38;2;2;2;2m██[38;2;79;77;99m██[38;2;2;2;2m██[38;2;2;2;2m██[38;2;189;189;213m██[38;2;189;189;213m██[38;2;123;121;142m██[38;2;2;2;2m██[38;2;2;2;2m██[38;2;2;2;2m██[38;2;2;2;2m██    [38;2;2;2;2m██[38;2;123;121;142m██[38;2;189;189;213m██[38;2;189;189;213m██[38;2;189;189;213m██[38;2;189;189;213m██[38;2;189;189;213m██[38;2;189;189;213m██[38;2;189;189;213m██[38;2;47;44;58m██      [38;2;2;2;2m██[38;2;2;2;2m██[38;2;2;2;2m██[38;2;2;2;2m██[38;2;2;2;2m██[38;2;79;77;99m██[38;2;123;121;142m██[38;2;79;77;99m██[38;2;2;2;2m██[38;2;2;2;2m██[38;2;2;2;2m██[38;2;2;2;2m██[38;2;82;50;63m██[38;2;82;50;63m██
        [38;2;2;2;2m██[38;2;123;121;142m██[38;2;123;121;142m██[38;2;79;77;99m██[38;2;2;2;2m██[38;2;2;2;2m██[38;2;2;2;2m██            [38;2;2;2;2m██[38;2;189;189;213m██[38;2;189;189;213m██[38;2;189;189;213m██[38;2;189;189;213m██[38;2;189;189;213m██[38;2;189;189;213m██[38;2;189;189;213m██[38;2;189;189;213m██[38;2;123;121;142m██[38;2;2;2;2m██              [38;2;2;2;2m██[38;2;2;2;2m██[38;2;123;121;142m██[38;2;123;121;142m██[38;2;2;2;2m██        
      [38;2;2;2;2m██[38;2;123;121;142m██[38;2;79;77;99m██[38;2;2;2;2m██[38;2;2;2;2m██                [38;2;2;2;2m██[38;2;189;189;213m██[38;2;189;189;213m██[38;2;189;189;213m██[38;2;189;189;213m██[38;2;189;189;213m██[38;2;189;189;213m██[38;2;189;189;213m██[38;2;189;189;213m██[38;2;189;189;213m██[38;2;189;189;213m██[38;2;2;2;2m██                  [38;2;2;2;2m██[38;2;2;2;2m██          
        [38;2;2;2;2m██[38;2;2;2;2m██                  [38;2;2;2;2m██[38;2;189;189;213m██[38;2;189;189;213m██[38;2;189;189;213m██[38;2;189;189;213m██[38;2;189;189;213m██[38;2;189;189;213m██[38;2;189;189;213m██[38;2;189;189;213m██[38;2;189;189;213m██[38;2;189;189;213m██[38;2;189;189;213m██[38;2;189;189;213m██[38;2;2;2;2m██                              
                            [38;2;2;2;2m██[38;2;189;189;213m██[38;2;189;189;213m██[38;2;189;189;213m██[38;2;189;189;213m██[38;2;189;189;213m██[38;2;189;189;213m██[38;2;189;189;213m██[38;2;189;189;213m██[38;2;189;189;213m██[38;2;189;189;213m██[38;2;189;189;213m██[38;2;189;189;213m██[38;2;189;189;213m██[38;2;189;189;213m██[38;2;2;2;2m██[38;2;2;2;2m██                          
                        [38;2;47;44;58m██[38;2;2;2;2m██[38;2;189;189;213m██[38;2;189;189;213m██[38;2;189;189;213m██[38;2;189;189;213m██[38;2;189;189;213m██[38;2;189;189;213m██[38;2;189;189;213m██[38;2;189;189;213m██[38;2;189;189;213m██[38;2;189;189;213m██[38;2;189;189;213m██[38;2;189;189;213m██[38;2;189;189;213m██[38;2;189;189;213m██[38;2;189;189;213m██[38;2;189;189;213m██[38;2;189;189;213m██[38;2;47;44;58m██[38;2;47;44;58m██                      
                    [38;2;47;44;58m██[38;2;47;44;58m██[38;2;189;189;213m██[38;2;189;189;213m██[38;2;189;189;213m██[38;2;123;121;142m██[38;2;189;189;213m██[38;2;189;189;213m██[38;2;189;189;213m██[38;2;189;189;213m██[38;2;189;189;213m██[38;2;189;189;213m██[38;2;189;189;213m██[38;2;189;189;213m██[38;2;189;189;213m██[38;2;123;121;142m██[38;2;189;189;213m██[38;2;189;189;213m██[38;2;189;189;213m██[38;2;189;189;213m██[38;2;189;189;213m██[38;2;189;189;213m██[38;2;189;189;213m██[38;2;47;44;58m██                    
                    [38;2;47;44;58m██[38;2;189;189;213m██[38;2;189;189;213m██[38;2;189;189;213m██[38;2;123;121;142m██[38;2;189;189;213m██[38;2;189;189;213m██[38;2;189;189;213m██[38;2;189;189;213m██[38;2;189;189;213m██[38;2;189;189;213m██[38;2;189;189;213m██[38;2;189;189;213m██[38;2;189;189;213m██[38;2;123;121;142m██[38;2;2;2;2m██[38;2;2;2;2m██[38;2;2;2;2m██[38;2;123;121;142m██[38;2;123;121;142m██[38;2;123;121;142m██[38;2;47;44;58m██[38;2;47;44;58m██                      
                      [38;2;47;44;58m██[38;2;47;44;58m██[38;2;47;44;58m██[38;2;123;121;142m██[38;2;189;189;213m██[38;2;189;189;213m██[38;2;189;189;213m██[38;2;189;189;213m██[38;2;189;189;213m██[38;2;189;189;213m██[38;2;189;189;213m██[38;2;189;189;213m██[38;2;123;121;142m██[38;2;2;2;2m██[38;2;47;44;58m██[38;2;47;44;58m██[38;2;47;44;58m██[38;2;47;44;58m██[38;2;47;44;58m██[38;2;47;44;58m██[38;2;123;121;142m██[38;2;2;2;2m██                      
                      [38;2;82;50;63m██[38;2;221;139;173m██[38;2;168;97;127m██[38;2;2;2;2m██[38;2;123;121;142m██[38;2;189;189;213m██[38;2;189;189;213m██[38;2;189;189;213m██[38;2;189;189;213m██[38;2;189;189;213m██[38;2;189;189;213m██[38;2;2;2;2m██[38;2;47;44;58m██[38;2;47;44;58m██[38;2;79;77;99m██[38;2;79;77;99m██[38;2;79;77;99m██[38;2;79;77;99m██[38;2;79;77;99m██[38;2;123;121;142m██[38;2;158;159;182m██[38;2;123;121;142m██[38;2;2;2;2m██                    
                      [38;2;168;97;127m██[38;2;221;139;173m██[38;2;82;50;63m██[38;2;82;50;63m██[38;2;2;2;2m██[38;2;123;121;142m██[38;2;189;189;213m██[38;2;189;189;213m██[38;2;189;189;213m██[38;2;123;121;142m██[38;2;2;2;2m██[38;2;47;44;58m██[38;2;2;2;2m██[38;2;79;77;99m██[38;2;47;44;58m██[38;2;79;77;99m██[38;2;79;77;99m██[38;2;79;77;99m██[38;2;79;77;99m██[38;2;79;77;99m██[38;2;123;121;142m██[38;2;158;159;182m██[38;2;2;2;2m██                    
                    [38;2;82;50;63m██[38;2;249;187;231m██[38;2;168;97;127m██[38;2;2;2;2m██[38;2;79;77;99m██[38;2;47;44;58m██[38;2;47;44;58m██[38;2;2;2;2m██[38;2;2;2;2m██[38;2;2;2;2m██[38;2;2;2;2m██[38;2;47;44;58m██[38;2;2;2;2m██[38;2;47;44;58m██[38;2;79;77;99m██[38;2;79;77;99m██[38;2;123;121;142m██[38;2;79;77;99m██[38;2;79;77;99m██[38;2;123;121;142m██[38;2;123;121;142m██[38;2;123;121;142m██[38;2;158;159;182m██[38;2;79;77;99m██                    
                    [38;2;168;97;127m██[38;2;221;139;173m██[38;2;82;50;63m██[38;2;2;2;2m██[38;2;47;44;58m██[38;2;79;77;99m██[38;2;79;77;99m██[38;2;79;77;99m██[38;2;79;77;99m██[38;2;79;77;99m██[38;2;79;77;99m██[38;2;79;77;99m██[38;2;79;77;99m██[38;2;79;77;99m██[38;2;79;77;99m██[38;2;123;121;142m██[38;2;123;121;142m██[38;2;123;121;142m██[38;2;123;121;142m██[38;2;123;121;142m██[38;2;123;121;142m██[38;2;79;77;99m██[38;2;158;159;182m██[38;2;123;121;142m██[38;2;79;77;99m██                  
                  [38;2;82;50;63m██[38;2;221;139;173m██[38;2;82;50;63m██[38;2;47;44;58m██[38;2;79;77;99m██[38;2;47;44;58m██[38;2;2;2;2m██[38;2;2;2;2m██[38;2;79;77;99m██[38;2;79;77;99m██[38;2;79;77;99m██[38;2;79;77;99m██[38;2;2;2;2m██[38;2;2;2;2m██[38;2;2;2;2m██[38;2;47;44;58m██[38;2;47;44;58m██[38;2;79;77;99m██[38;2;123;121;142m██[38;2;123;121;142m██[38;2;123;121;142m██[38;2;123;121;142m██[38;2;123;121;142m██[38;2;158;159;182m██[38;2;158;159;182m██[38;2;79;77;99m██                  
                  [38;2;82;50;63m██[38;2;168;97;127m██[38;2;2;2;2m██[38;2;79;77;99m██[38;2;79;77;99m██[38;2;79;77;99m██[38;2;47;44;58m██[38;2;47;44;58m██[38;2;2;2;2m██[38;2;2;2;2m██[38;2;2;2;2m██[38;2;2;2;2m██[38;2;79;77;99m██[38;2;79;77;99m██[38;2;79;77;99m██[38;2;47;44;58m██[38;2;47;44;58m██[38;2;79;77;99m██[38;2;79;77;99m██[38;2;123;121;142m██[38;2;123;121;142m██[38;2;123;121;142m██[38;2;123;121;142m██[38;2;123;121;142m██[38;2;158;159;182m██[38;2;79;77;99m██                  
                    [38;2;82;50;63m██[38;2;2;2;2m██[38;2;79;77;99m██[38;2;79;77;99m██[38;2;79;77;99m██[38;2;47;44;58m██[38;2;79;77;99m██[38;2;79;77;99m██[38;2;79;77;99m██[38;2;79;77;99m██[38;2;79;77;99m██[38;2;79;77;99m██[38;2;79;77;99m██[38;2;47;44;58m██[38;2;79;77;99m██[38;2;47;44;58m██[38;2;47;44;58m██[38;2;79;77;99m██[38;2;123;121;142m██[38;2;123;121;142m██[38;2;123;121;142m██[38;2;123;121;142m██[38;2;123;121;142m██[38;2;123;121;142m██[38;2;79;77;99m██                  
                      [38;2;2;2;2m██[38;2;79;77;99m██[38;2;79;77;99m██[38;2;2;2;2m██[38;2;79;77;99m██[38;2;79;77;99m██[38;2;79;77;99m██[38;2;79;77;99m██[38;2;79;77;99m██[38;2;79;77;99m██[38;2;79;77;99m██[38;2;79;77;99m██[38;2;47;44;58m██[38;2;79;77;99m██[38;2;47;44;58m██[38;2;79;77;99m██[38;2;47;44;58m██[38;2;123;121;142m██[38;2;123;121;142m██[38;2;123;121;142m██[38;2;123;121;142m██[38;2;123;121;142m██[38;2;79;77;99m██[38;2;2;2;2m██                  
                        [38;2;2;2;2m██[38;2;79;77;99m██[38;2;47;44;58m██[38;2;79;77;99m██[38;2;79;77;99m██[38;2;79;77;99m██[38;2;79;77;99m██[38;2;79;77;99m██[38;2;79;77;99m██[38;2;79;77;99m██[38;2;79;77;99m██[38;2;79;77;99m██[38;2;47;44;58m██[38;2;79;77;99m██[38;2;79;77;99m██[38;2;47;44;58m██[38;2;123;121;142m██[38;2;123;121;142m██[38;2;123;121;142m██[38;2;123;121;142m██[38;2;123;121;142m██[38;2;79;77;99m██                    
                        [38;2;2;2;2m██[38;2;123;121;142m██[38;2;47;44;58m██[38;2;79;77;99m██[38;2;79;77;99m██[38;2;79;77;99m██[38;2;79;77;99m██[38;2;79;77;99m██[38;2;79;77;99m██[38;2;79;77;99m██[38;2;79;77;99m██[38;2;79;77;99m██[38;2;79;77;99m██[38;2;79;77;99m██[38;2;47;44;58m██[38;2;123;121;142m██[38;2;123;121;142m██[38;2;123;121;142m██[38;2;123;121;142m██[38;2;123;121;142m██[38;2;79;77;99m██[38;2;2;2;2m██                    
                        [38;2;2;2;2m██[38;2;123;121;142m██[38;2;79;77;99m██[38;2;79;77;99m██[38;2;79;77;99m██[38;2;79;77;99m██[38;2;79;77;99m██[38;2;79;77;99m██[38;2;79;77;99m██[38;2;79;77;99m██[38;2;79;77;99m██[38;2;79;77;99m██[38;2;79;77;99m██[38;2;79;77;99m██[38;2;2;2;2m██[38;2;123;121;142m██[38;2;123;121;142m██[38;2;123;121;142m██[38;2;123;121;142m██[38;2;123;121;142m██[38;2;2;2;2m██                      
                        [38;2;2;2;2m██[38;2;123;121;142m██[38;2;123;121;142m██[38;2;79;77;99m██[38;2;79;77;99m██[38;2;79;77;99m██[38;2;79;77;99m██[38;2;79;77;99m██[38;2;79;77;99m██[38;2;79;77;99m██[38;2;79;77;99m██[38;2;79;77;99m██[38;2;79;77;99m██[38;2;2;2;2m██[38;2;123;121;142m██[38;2;123;121;142m██[38;2;123;121;142m██[38;2;123;121;142m██[38;2;123;121;142m██[38;2;123;121;142m██[38;2;2;2;2m██                      
                        [38;2;2;2;2m██[38;2;123;121;142m██[38;2;123;121;142m██[38;2;79;77;99m██[38;2;47;44;58m██[38;2;79;77;99m██[38;2;79;77;99m██[38;2;79;77;99m██[38;2;79;77;99m██[38;2;79;77;99m██[38;2;79;77;99m██[38;2;79;77;99m██[38;2;2;2;2m██[38;2;123;121;142m██[38;2;123;121;142m██[38;2;123;121;142m██[38;2;123;121;142m██[38;2;123;121;142m██[38;2;123;121;142m██[38;2;79;77;99m██[38;2;2;2;2m██                      
                        [38;2;2;2;2m██[38;2;79;77;99m██[38;2;123;121;142m██[38;2;123;121;142m██[38;2;47;44;58m██[38;2;79;77;99m██[38;2;79;77;99m██[38;2;79;77;99m██[38;2;79;77;99m██[38;2;79;77;99m██[38;2;79;77;99m██[38;2;2;2;2m██[38;2;123;121;142m██[38;2;123;121;142m██[38;2;123;121;142m██[38;2;123;121;142m██[38;2;123;121;142m██[38;2;123;121;142m██[38;2;79;77;99m██[38;2;2;2;2m██                        
                          [38;2;2;2;2m██[38;2;79;77;99m██[38;2;123;121;142m██[38;2;79;77;99m██[38;2;47;44;58m██[38;2;79;77;99m██[38;2;79;77;99m██[38;2;79;77;99m██[38;2;79;77;99m██[38;2;79;77;99m██[38;2;47;44;58m██[38;2;123;121;142m██[38;2;123;121;142m██[38;2;123;121;142m██[38;2;123;121;142m██[38;2;123;121;142m██[38;2;123;121;142m██[38;2;2;2;2m██                          
                            [38;2;2;2;2m██[38;2;79;77;99m██[38;2;123;121;142m██[38;2;79;77;99m██[38;2;2;2;2m██[38;2;79;77;99m██[38;2;79;77;99m██[38;2;79;77;99m██[38;2;79;77;99m██[38;2;47;44;58m██[38;2;123;121;142m██[38;2;123;121;142m██[38;2;123;121;142m██[38;2;123;121;142m██[38;2;123;121;142m██[38;2;123;121;142m██[38;2;2;2;2m██                          
                              [38;2;2;2;2m██[38;2;79;77;99m██[38;2;79;77;99m██[38;2;2;2;2m██[38;2;79;77;99m██[38;2;79;77;99m██[38;2;79;77;99m██[38;2;79;77;99m██[38;2;79;77;99m██[38;2;79;77;99m██[38;2;123;121;142m██[38;2;123;121;142m██[38;2;123;121;142m██[38;2;123;121;142m██[38;2;123;121;142m██[38;2;2;2;2m██                          
                                [38;2;2;2;2m██[38;2;79;77;99m██[38;2;47;44;58m██[38;2;47;44;58m██[38;2;79;77;99m██[38;2;79;77;99m██[38;2;79;77;99m██[38;2;79;77;99m██[38;2;2;2;2m██[38;2;79;77;99m██[38;2;123;121;142m██[38;2;123;121;142m██[38;2;123;121;142m██[38;2;123;121;142m██[38;2;2;2;2m██                          
                                  [38;2;2;2;2m██[38;2;79;77;99m██[38;2;47;44;58m██[38;2;79;77;99m██[38;2;79;77;99m██[38;2;79;77;99m██[38;2;79;77;99m██[38;2;47;44;58m██[38;2;2;2;2m██[38;2;79;77;99m██[38;2;79;77;99m██[38;2;79;77;99m██[38;2;123;121;142m██[38;2;2;2;2m██                          
                                  [38;2;2;2;2m██[38;2;79;77;99m██[38;2;47;44;58m██[38;2;79;77;99m██[38;2;79;77;99m██[38;2;79;77;99m██[38;2;47;44;58m██[38;2;47;44;58m██[38;2;47;44;58m██[38;2;2;2;2m██[38;2;2;2;2m██[38;2;2;2;2m██[38;2;79;77;99m██[38;2;2;2;2m██                          
                                    [38;2;2;2;2m██[38;2;79;77;99m██[38;2;79;77;99m██[38;2;79;77;99m██[38;2;79;77;99m██[38;2;2;2;2m██[38;2;47;44;58m██[38;2;47;44;58m██[38;2;47;44;58m██[38;2;47;44;58m██[38;2;47;44;58m██[38;2;2;2;2m██                            
                                    [38;2;2;2;2m██[38;2;79;77;99m██[38;2;79;77;99m██[38;2;79;77;99m██[38;2;47;44;58m██[38;2;47;44;58m██[38;2;47;44;58m██[38;2;47;44;58m██[38;2;47;44;58m██[38;2;47;44;58m██[38;2;2;2;2m██[38;2;2;2;2m██                            
                                      [38;2;2;2;2m██[38;2;79;77;99m██[38;2;79;77;99m██[38;2;2;2;2m██[38;2;47;44;58m██[38;2;47;44;58m██[38;2;47;44;58m██[38;2;47;44;58m██[38;2;47;44;58m██[38;2;2;2;2m██                              
                                        [38;2;2;2;2m██[38;2;2;2;2m██[38;2;47;44;58m██[38;2;47;44;58m██[38;2;47;44;58m██[38;2;47;44;58m██[38;2;47;44;58m██[38;2;2;2;2m██                                
                                          [38;2;2;2;2m██[38;2;47;44;58m██[38;2;47;44;58m██[38;2;47;44;58m██[38;2;47;44;58m██[38;2;2;2;2m██                                  
                                            [38;2;2;2;2m██[38;2;47;44;58m██[38;2;47;44;58m██[38;2;2;2;2m██                                    
                                              [38;2;2;2;2m██[38;2;2;2;2m██                                      
