                  [38;2;50;43;53m██[38;2;50;43;53m██[38;2;50;43;53m██[38;2;50;43;53m██[38;2;50;43;53m██[38;2;50;43;53m██                                                                                                
              [38;2;50;43;53m██[38;2;50;43;53m██[38;2;125;109;137m██[38;2;125;109;137m██[38;2;125;109;137m██[38;2;125;109;137m██[38;2;125;109;137m██[38;2;96;76;104m██[38;2;50;43;53m██[38;2;50;43;53m██                                                                                            
          [38;2;50;43;53m██[38;2;50;43;53m██[38;2;125;109;137m██[38;2;125;109;137m██[38;2;168;144;174m██[38;2;168;144;174m██[38;2;125;109;137m██[38;2;125;109;137m██[38;2;125;109;137m██[38;2;168;144;174m██[38;2;125;109;137m██[38;2;96;76;104m██[38;2;50;43;53m██[38;2;50;43;53m██                                                                                        
        [38;2;50;43;53m██[38;2;125;109;137m██[38;2;168;144;174m██[38;2;125;109;137m██[38;2;168;144;174m██[38;2;168;144;174m██[38;2;125;109;137m██[38;2;125;109;137m██[38;2;125;109;137m██[38;2;168;144;174m██[38;2;125;109;137m██[38;2;125;109;137m██[38;2;125;109;137m██[38;2;125;109;137m██[38;2;96;76;104m██[38;2;50;43;53m██                                                                                      
      [38;2;50;43;53m██[38;2;125;109;137m██[38;2;168;144;174m██[38;2;125;109;137m██[38;2;125;109;137m██[38;2;125;109;137m██[38;2;125;109;137m██[38;2;125;109;137m██[38;2;125;109;137m██[38;2;168;144;174m██[38;2;125;109;137m██[38;2;125;109;137m██[38;2;168;144;174m██[38;2;168;144;174m██[38;2;125;109;137m██[38;2;125;109;137m██[38;2;96;76;104m██[38;2;90;55;50m██                                                                                    
    [38;2;50;43;53m██[38;2;125;109;137m██[38;2;125;109;137m██[38;2;125;109;137m██[38;2;125;109;137m██[38;2;125;109;137m██[38;2;125;109;137m██[38;2;125;109;137m██[38;2;125;109;137m██[38;2;125;109;137m██[38;2;125;109;137m██[38;2;125;109;137m██[38;2;168;144;174m██[38;2;168;144;174m██[38;2;125;109;137m██[38;2;125;109;137m██[38;2;125;109;137m██[38;2;125;109;137m██[38;2;128;87;68m██[38;2;90;55;50m██                                                                                  
    [38;2;50;43;53m██[38;2;125;109;137m██[38;2;125;109;137m██[38;2;125;109;137m██[38;2;125;109;137m██[38;2;125;109;137m██[38;2;125;109;137m██[38;2;125;109;137m██[38;2;125;109;137m██[38;2;125;109;137m██[38;2;125;109;137m██[38;2;125;109;137m██[38;2;125;109;137m██[38;2;125;109;137m██[38;2;125;109;137m██[38;2;125;109;137m██[38;2;125;109;137m██[38;2;96;76;104m██[38;2;156;124;92m██[38;2;128;87;68m██[38;2;90;55;50m██                                                                                
  [38;2;50;43;53m██[38;2;125;109;137m██[38;2;125;109;137m██[38;2;125;109;137m██[38;2;125;109;137m██[38;2;125;109;137m██[38;2;125;109;137m██[38;2;125;109;137m██[38;2;125;109;137m██[38;2;125;109;137m██[38;2;125;109;137m██[38;2;125;109;137m██[38;2;125;109;137m██[38;2;125;109;137m██[38;2;125;109;137m██[38;2;125;109;137m██[38;2;125;109;137m██[38;2;96;76;104m██[38;2;156;124;92m██[38;2;156;124;92m██[38;2;156;124;92m██[38;2;90;55;50m██                                                                                
  [38;2;50;43;53m██[38;2;125;109;137m██[38;2;125;109;137m██[38;2;125;109;137m██[38;2;125;109;137m██[38;2;125;109;137m██[38;2;125;109;137m██[38;2;125;109;137m██[38;2;125;109;137m██[38;2;125;109;137m██[38;2;125;109;137m██[38;2;125;109;137m██[38;2;125;109;137m██[38;2;125;109;137m██[38;2;125;109;137m██[38;2;125;109;137m██[38;2;96;76;104m██[38;2;90;55;50m██[38;2;128;87;68m██[38;2;156;124;92m██[38;2;156;124;92m██[38;2;156;124;92m██[38;2;15;15;15m██                                                                              
  [38;2;50;43;53m██[38;2;125;109;137m██[38;2;125;109;137m██[38;2;96;76;104m██[38;2;125;109;137m██[38;2;125;109;137m██[38;2;125;109;137m██[38;2;125;109;137m██[38;2;125;109;137m██[38;2;125;109;137m██[38;2;125;109;137m██[38;2;125;109;137m██[38;2;125;109;137m██[38;2;125;109;137m██[38;2;125;109;137m██[38;2;96;76;104m██[38;2;156;124;92m██[38;2;156;124;92m██[38;2;128;87;68m██[38;2;90;55;50m██[38;2;156;124;92m██[38;2;156;124;92m██[38;2;90;55;50m██                                                                              
[38;2;50;43;53m██[38;2;96;76;104m██[38;2;125;109;137m██[38;2;125;109;137m██[38;2;96;76;104m██[38;2;125;109;137m██[38;2;125;109;137m██[38;2;125;109;137m██[38;2;96;76;104m██[38;2;125;109;137m██[38;2;125;109;137m██[38;2;125;109;137m██[38;2;125;109;137m██[38;2;125;109;137m██[38;2;96;76;104m██[38;2;128;87;68m██[38;2;156;124;92m██[38;2;128;87;68m██[38;2;40;39;38m██[38;2;156;124;92m██[38;2;156;124;92m██[38;2;90;55;50m██[38;2;156;124;92m██[38;2;128;87;68m██[38;2;15;15;15m██                                                                            
[38;2;50;43;53m██[38;2;96;76;104m██[38;2;125;109;137m██[38;2;96;76;104m██[38;2;96;76;104m██[38;2;125;109;137m██[38;2;125;109;137m██[38;2;50;43;53m██[38;2;125;109;137m██[38;2;125;109;137m██[38;2;125;109;137m██[38;2;96;76;104m██[38;2;96;76;104m██[38;2;50;43;53m██[38;2;128;87;68m██[38;2;156;124;92m██[38;2;156;124;92m██[38;2;128;87;68m██[38;2;72;68;64m██[38;2;40;39;38m██[38;2;90;55;50m██[38;2;128;87;68m██[38;2;156;124;92m██[38;2;156;124;92m██[38;2;90;55;50m██                                                                            
[38;2;50;43;53m██[38;2;96;76;104m██[38;2;96;76;104m██[38;2;50;43;53m██[38;2;96;76;104m██[38;2;96;76;104m██[38;2;50;43;53m██[38;2;96;76;104m██[38;2;96;76;104m██[38;2;96;76;104m██[38;2;50;43;53m██[38;2;15;15;15m██[38;2;15;15;15m██[38;2;156;124;92m██[38;2;156;124;92m██[38;2;156;124;92m██[38;2;156;124;92m██[38;2;128;87;68m██[38;2;72;68;64m██[38;2;72;68;64m██[38;2;156;124;92m██[38;2;15;15;15m██[38;2;156;124;92m██[38;2;156;124;92m██[38;2;128;87;68m██[38;2;15;15;15m██                                                                          
[38;2;50;43;53m██[38;2;50;43;53m██[38;2;96;76;104m██[38;2;50;43;53m██[38;2;96;76;104m██[38;2;50;43;53m██[38;2;96;76;104m██[38;2;50;43;53m██[38;2;15;15;15m██[38;2;15;15;15m██[38;2;187;189;193m██[38;2;187;189;193m██[38;2;187;189;193m██[38;2;156;124;92m██[38;2;156;124;92m██[38;2;156;124;92m██[38;2;156;124;92m██[38;2;156;124;92m██[38;2;72;68;64m██[38;2;128;87;68m██[38;2;156;124;92m██[38;2;15;15;15m██[38;2;156;124;92m██[38;2;156;124;92m██[38;2;156;124;92m██[38;2;15;15;15m██                                                                          
  [38;2;15;15;15m██[38;2;15;15;15m██[38;2;50;43;53m██[38;2;50;43;53m██[38;2;15;15;15m██[38;2;15;15;15m██[38;2;187;189;193m██[38;2;104;109;119m██[38;2;104;109;119m██[38;2;104;109;119m██[38;2;187;189;193m██[38;2;128;87;68m██[38;2;156;124;92m██[38;2;156;124;92m██[38;2;156;124;92m██[38;2;156;124;92m██[38;2;156;124;92m██[38;2;128;87;68m██[38;2;156;124;92m██[38;2;15;15;15m██[38;2;156;124;92m██[38;2;156;124;92m██[38;2;156;124;92m██[38;2;156;124;92m██[38;2;90;55;50m██                                                                          
      [38;2;15;15;15m██[38;2;181;70;89m██[38;2;181;70;89m██[38;2;181;70;89m██[38;2;128;87;68m██[38;2;245;245;245m██[38;2;245;245;245m██[38;2;245;245;245m██[38;2;156;124;92m██[38;2;156;124;92m██[38;2;156;124;92m██[38;2;156;124;92m██[38;2;156;124;92m██[38;2;156;124;92m██[38;2;156;124;92m██[38;2;90;55;50m██[38;2;15;15;15m██[38;2;156;124;92m██[38;2;156;124;92m██[38;2;156;124;92m██[38;2;156;124;92m██[38;2;156;124;92m██[38;2;128;87;68m██[38;2;15;15;15m██                                                                        
      [38;2;15;15;15m██[38;2;128;87;68m██[38;2;128;87;68m██[38;2;128;87;68m██[38;2;156;124;92m██[38;2;156;124;92m██[38;2;156;124;92m██[38;2;128;87;68m██[38;2;128;87;68m██[38;2;156;124;92m██[38;2;156;124;92m██[38;2;156;124;92m██[38;2;156;124;92m██[38;2;156;124;92m██[38;2;156;124;92m██[38;2;156;124;92m██[38;2;156;124;92m██[38;2;156;124;92m██[38;2;156;124;92m██[38;2;156;124;92m██[38;2;156;124;92m██[38;2;156;124;92m██[38;2;156;124;92m██[38;2;15;15;15m██                                                                        
        [38;2;15;15;15m██[38;2;245;245;245m██[38;2;104;109;119m██[38;2;245;245;245m██[38;2;104;109;119m██[38;2;245;245;245m██[38;2;187;189;193m██[38;2;104;109;119m██[38;2;128;87;68m██[38;2;156;124;92m██[38;2;156;124;92m██[38;2;156;124;92m██[38;2;156;124;92m██[38;2;156;124;92m██[38;2;156;124;92m██[38;2;156;124;92m██[38;2;156;124;92m██[38;2;156;124;92m██[38;2;156;124;92m██[38;2;156;124;92m██[38;2;156;124;92m██[38;2;156;124;92m██[38;2;15;15;15m██                                                                        
          [38;2;15;15;15m██[38;2;245;245;245m██[38;2;187;189;193m██[38;2;245;245;245m██[38;2;104;109;119m██[38;2;245;245;245m██[38;2;187;189;193m██[38;2;245;245;245m██[38;2;156;124;92m██[38;2;156;124;92m██[38;2;15;15;15m██[38;2;128;87;68m██[38;2;156;124;92m██[38;2;156;124;92m██[38;2;156;124;92m██[38;2;156;124;92m██[38;2;156;124;92m██[38;2;156;124;92m██[38;2;156;124;92m██[38;2;156;124;92m██[38;2;156;124;92m██[38;2;15;15;15m██                                                                        
            [38;2;128;77;55m██[38;2;96;76;104m██[38;2;96;76;104m██[38;2;96;76;104m██[38;2;96;76;104m██[38;2;96;76;104m██[38;2;128;87;68m██[38;2;15;15;15m██[38;2;15;15;15m██[38;2;96;76;104m██[38;2;156;124;92m██[38;2;156;124;92m██[38;2;156;124;92m██[38;2;156;124;92m██[38;2;156;124;92m██[38;2;156;124;92m██[38;2;156;124;92m██[38;2;156;124;92m██[38;2;156;124;92m██[38;2;156;124;92m██[38;2;15;15;15m██                                                                        
          [38;2;128;77;55m██[38;2;125;109;137m██[38;2;128;77;55m██[38;2;125;109;137m██[38;2;125;109;137m██[38;2;128;77;55m██[38;2;125;109;137m██[38;2;15;15;15m██[38;2;96;76;104m██[38;2;96;76;104m██[38;2;96;76;104m██[38;2;156;124;92m██[38;2;156;124;92m██[38;2;156;124;92m██[38;2;90;55;50m██[38;2;156;124;92m██[38;2;156;124;92m██[38;2;156;124;92m██[38;2;156;124;92m██[38;2;156;124;92m██[38;2;90;55;50m██[38;2;90;55;50m██                                                                        
          [38;2;15;15;15m██[38;2;15;15;15m██[38;2;15;15;15m██[38;2;125;109;137m██[38;2;15;15;15m██[38;2;96;76;104m██[38;2;15;15;15m██[38;2;15;15;15m██[38;2;96;76;104m██[38;2;96;76;104m██[38;2;96;76;104m██[38;2;156;124;92m██[38;2;156;124;92m██[38;2;90;55;50m██[38;2;156;124;92m██[38;2;15;15;15m██[38;2;156;124;92m██[38;2;156;124;92m██[38;2;156;124;92m██[38;2;156;124;92m██[38;2;156;124;92m██[38;2;156;124;92m██[38;2;90;55;50m██[38;2;90;55;50m██                                                                    
            [38;2;90;55;50m██[38;2;128;87;68m██[38;2;15;15;15m██[38;2;128;87;68m██[38;2;15;15;15m██[38;2;96;76;104m██[38;2;96;76;104m██[38;2;96;76;104m██[38;2;96;76;104m██[38;2;125;109;137m██[38;2;156;124;92m██[38;2;90;55;50m██[38;2;156;124;92m██[38;2;128;87;68m██[38;2;15;15;15m██[38;2;156;124;92m██[38;2;156;124;92m██[38;2;156;124;92m██[38;2;156;124;92m██[38;2;156;124;92m██[38;2;156;124;92m██[38;2;156;124;92m██[38;2;156;124;92m██[38;2;90;55;50m██                                                                  
        [38;2;15;15;15m██[38;2;90;55;50m██[38;2;128;87;68m██[38;2;128;87;68m██[38;2;128;87;68m██[38;2;128;87;68m██[38;2;15;15;15m██[38;2;125;109;137m██[38;2;125;109;137m██[38;2;125;109;137m██[38;2;125;109;137m██[38;2;125;109;137m██[38;2;156;124;92m██[38;2;156;124;92m██[38;2;156;124;92m██[38;2;90;55;50m██[38;2;90;55;50m██[38;2;90;55;50m██[38;2;156;124;92m██[38;2;156;124;92m██[38;2;156;124;92m██[38;2;156;124;92m██[38;2;156;124;92m██[38;2;156;124;92m██[38;2;156;124;92m██[38;2;156;124;92m██[38;2;90;55;50m██                                                                
          [38;2;15;15;15m██[38;2;15;15;15m██[38;2;128;87;68m██[38;2;128;87;68m██[38;2;128;87;68m██[38;2;15;15;15m██[38;2;125;109;137m██[38;2;125;109;137m██[38;2;125;109;137m██[38;2;125;109;137m██[38;2;125;109;137m██[38;2;156;124;92m██[38;2;156;124;92m██[38;2;156;124;92m██[38;2;156;124;92m██[38;2;128;87;68m██[38;2;15;15;15m██[38;2;156;124;92m██[38;2;156;124;92m██[38;2;156;124;92m██[38;2;156;124;92m██[38;2;156;124;92m██[38;2;156;124;92m██[38;2;156;124;92m██[38;2;156;124;92m██[38;2;156;124;92m██[38;2;15;15;15m██                                                              
              [38;2;15;15;15m██[38;2;128;87;68m██[38;2;128;87;68m██[38;2;15;15;15m██[38;2;125;109;137m██[38;2;125;109;137m██[38;2;125;109;137m██[38;2;125;109;137m██[38;2;125;109;137m██[38;2;156;124;92m██[38;2;156;124;92m██[38;2;156;124;92m██[38;2;156;124;92m██[38;2;90;55;50m██[38;2;156;124;92m██[38;2;156;124;92m██[38;2;156;124;92m██[38;2;156;124;92m██[38;2;156;124;92m██[38;2;156;124;92m██[38;2;156;124;92m██[38;2;156;124;92m██[38;2;156;124;92m██[38;2;156;124;92m██[38;2;90;55;50m██                                                              
                [38;2;15;15;15m██[38;2;128;87;68m██[38;2;15;15;15m██[38;2;125;109;137m██[38;2;125;109;137m██[38;2;125;109;137m██[38;2;125;109;137m██[38;2;125;109;137m██[38;2;156;124;92m██[38;2;156;124;92m██[38;2;156;124;92m██[38;2;128;87;68m██[38;2;90;55;50m██[38;2;156;124;92m██[38;2;156;124;92m██[38;2;156;124;92m██[38;2;156;124;92m██[38;2;156;124;92m██[38;2;156;124;92m██[38;2;128;87;68m██[38;2;156;124;92m██[38;2;156;124;92m██[38;2;156;124;92m██[38;2;128;87;68m██[38;2;15;15;15m██                                                            
                  [38;2;15;15;15m██[38;2;125;109;137m██[38;2;125;109;137m██[38;2;125;109;137m██[38;2;125;109;137m██[38;2;125;109;137m██[38;2;125;109;137m██[38;2;156;124;92m██[38;2;156;124;92m██[38;2;156;124;92m██[38;2;90;55;50m██[38;2;156;124;92m██[38;2;156;124;92m██[38;2;156;124;92m██[38;2;156;124;92m██[38;2;156;124;92m██[38;2;156;124;92m██[38;2;156;124;92m██[38;2;90;55;50m██[38;2;156;124;92m██[38;2;156;124;92m██[38;2;128;87;68m██[38;2;128;87;68m██[38;2;15;15;15m██                                                            
                  [38;2;15;15;15m██[38;2;125;109;137m██[38;2;125;109;137m██[38;2;125;109;137m██[38;2;125;109;137m██[38;2;125;109;137m██[38;2;125;109;137m██[38;2;156;124;92m██[38;2;156;124;92m██[38;2;128;87;68m██[38;2;90;55;50m██[38;2;156;124;92m██[38;2;156;124;92m██[38;2;156;124;92m██[38;2;156;124;92m██[38;2;156;124;92m██[38;2;156;124;92m██[38;2;156;124;92m██[38;2;90;55;50m██[38;2;128;87;68m██[38;2;128;87;68m██[38;2;128;87;68m██[38;2;128;87;68m██[38;2;15;15;15m██                                                            
                  [38;2;15;15;15m██[38;2;125;109;137m██[38;2;125;109;137m██[38;2;125;109;137m██[38;2;125;109;137m██[38;2;125;109;137m██[38;2;125;109;137m██[38;2;96;76;104m██[38;2;156;124;92m██[38;2;90;55;50m██[38;2;156;124;92m██[38;2;156;124;92m██[38;2;156;124;92m██[38;2;156;124;92m██[38;2;156;124;92m██[38;2;156;124;92m██[38;2;156;124;92m██[38;2;156;124;92m██[38;2;156;124;92m██[38;2;90;55;50m██[38;2;128;87;68m██[38;2;128;87;68m██[38;2;128;87;68m██[38;2;15;15;15m██                                                            
                [38;2;128;77;55m██[38;2;125;109;137m██[38;2;125;109;137m██[38;2;125;109;137m██[38;2;125;109;137m██[38;2;125;109;137m██[38;2;125;109;137m██[38;2;125;109;137m██[38;2;125;109;137m██[38;2;128;87;68m██[38;2;90;55;50m██[38;2;156;124;92m██[38;2;156;124;92m██[38;2;156;124;92m██[38;2;156;124;92m██[38;2;156;124;92m██[38;2;156;124;92m██[38;2;156;124;92m██[38;2;156;124;92m██[38;2;156;124;92m██[38;2;90;55;50m██[38;2;128;87;68m██[38;2;128;87;68m██[38;2;15;15;15m██                                                              
                [38;2;128;77;55m██[38;2;125;109;137m██[38;2;125;109;137m██[38;2;125;109;137m██[38;2;125;109;137m██[38;2;125;109;137m██[38;2;125;109;137m██[38;2;125;109;137m██[38;2;125;109;137m██[38;2;156;124;92m██[38;2;128;87;68m██[38;2;156;124;92m██[38;2;156;124;92m██[38;2;156;124;92m██[38;2;156;124;92m██[38;2;156;124;92m██[38;2;156;124;92m██[38;2;156;124;92m██[38;2;156;124;92m██[38;2;156;124;92m██[38;2;156;124;92m██[38;2;90;55;50m██[38;2;128;87;68m██[38;2;15;15;15m██                                                              
                [38;2;128;77;55m██[38;2;125;109;137m██[38;2;125;109;137m██[38;2;125;109;137m██[38;2;125;109;137m██[38;2;125;109;137m██[38;2;125;109;137m██[38;2;125;109;137m██[38;2;125;109;137m██[38;2;156;124;92m██[38;2;156;124;92m██[38;2;156;124;92m██[38;2;156;124;92m██[38;2;156;124;92m██[38;2;156;124;92m██[38;2;156;124;92m██[38;2;156;124;92m██[38;2;156;124;92m██[38;2;156;124;92m██[38;2;156;124;92m██[38;2;156;124;92m██[38;2;156;124;92m██[38;2;90;55;50m██                                                                
                [38;2;128;77;55m██[38;2;125;109;137m██[38;2;125;109;137m██[38;2;125;109;137m██[38;2;125;109;137m██[38;2;125;109;137m██[38;2;125;109;137m██[38;2;125;109;137m██[38;2;125;109;137m██[38;2;128;87;68m██[38;2;156;124;92m██[38;2;156;124;92m██[38;2;156;124;92m██[38;2;156;124;92m██[38;2;156;124;92m██[38;2;156;124;92m██[38;2;156;124;92m██[38;2;156;124;92m██[38;2;156;124;92m██[38;2;156;124;92m██[38;2;156;124;92m██[38;2;156;124;92m██[38;2;156;124;92m██[38;2;90;55;50m██                                                              
                [38;2;128;77;55m██[38;2;125;109;137m██[38;2;125;109;137m██[38;2;125;109;137m██[38;2;125;109;137m██[38;2;125;109;137m██[38;2;125;109;137m██[38;2;125;109;137m██[38;2;125;109;137m██[38;2;96;76;104m██[38;2;156;124;92m██[38;2;156;124;92m██[38;2;156;124;92m██[38;2;156;124;92m██[38;2;156;124;92m██[38;2;156;124;92m██[38;2;156;124;92m██[38;2;156;124;92m██[38;2;156;124;92m██[38;2;156;124;92m██[38;2;156;124;92m██[38;2;156;124;92m██[38;2;156;124;92m██[38;2;156;124;92m██[38;2;90;55;50m██[38;2;15;15;15m██                                                          
              [38;2;90;55;50m██[38;2;90;55;50m██[38;2;125;109;137m██[38;2;125;109;137m██[38;2;125;109;137m██[38;2;96;76;104m██[38;2;125;109;137m██[38;2;125;109;137m██[38;2;125;109;137m██[38;2;125;109;137m██[38;2;125;109;137m██[38;2;156;124;92m██[38;2;156;124;92m██[38;2;90;55;50m██[38;2;156;124;92m██[38;2;156;124;92m██[38;2;156;124;92m██[38;2;156;124;92m██[38;2;156;124;92m██[38;2;156;124;92m██[38;2;156;124;92m██[38;2;156;124;92m██[38;2;156;124;92m██[38;2;156;124;92m██[38;2;156;124;92m██[38;2;156;124;92m██[38;2;128;87;68m██[38;2;90;55;50m██[38;2;15;15;15m██                                                      
              [38;2;90;55;50m██[38;2;90;55;50m██[38;2;125;109;137m██[38;2;125;109;137m██[38;2;125;109;137m██[38;2;96;76;104m██[38;2;125;109;137m██[38;2;125;109;137m██[38;2;125;109;137m██[38;2;96;76;104m██[38;2;125;109;137m██[38;2;128;87;68m██[38;2;156;124;92m██[38;2;90;55;50m██[38;2;156;124;92m██[38;2;156;124;92m██[38;2;156;124;92m██[38;2;156;124;92m██[38;2;156;124;92m██[38;2;156;124;92m██[38;2;156;124;92m██[38;2;156;124;92m██[38;2;156;124;92m██[38;2;156;124;92m██[38;2;156;124;92m██[38;2;156;124;92m██[38;2;156;124;92m██[38;2;156;124;92m██[38;2;128;87;68m██[38;2;90;55;50m██[38;2;15;15;15m██[38;2;15;15;15m██                                                
            [38;2;90;55;50m██[38;2;156;124;92m██[38;2;90;55;50m██[38;2;96;76;104m██[38;2;96;76;104m██[38;2;125;109;137m██[38;2;96;76;104m██[38;2;125;109;137m██[38;2;125;109;137m██[38;2;125;109;137m██[38;2;96;76;104m██[38;2;125;109;137m██[38;2;128;87;68m██[38;2;128;87;68m██[38;2;156;124;92m██[38;2;90;55;50m██[38;2;156;124;92m██[38;2;156;124;92m██[38;2;156;124;92m██[38;2;156;124;92m██[38;2;156;124;92m██[38;2;156;124;92m██[38;2;156;124;92m██[38;2;156;124;92m██[38;2;156;124;92m██[38;2;156;124;92m██[38;2;156;124;92m██[38;2;156;124;92m██[38;2;156;124;92m██[38;2;156;124;92m██[38;2;156;124;92m██[38;2;156;124;92m██[38;2;156;124;92m██[38;2;15;15;15m██[38;2;15;15;15m██[38;2;15;15;15m██                                          
            [38;2;90;55;50m██[38;2;128;87;68m██[38;2;128;87;68m██[38;2;15;15;15m██[38;2;96;76;104m██[38;2;125;109;137m██[38;2;125;109;137m██[38;2;96;76;104m██[38;2;125;109;137m██[38;2;125;109;137m██[38;2;96;76;104m██[38;2;125;109;137m██[38;2;128;87;68m██[38;2;128;87;68m██[38;2;156;124;92m██[38;2;90;55;50m██[38;2;156;124;92m██[38;2;156;124;92m██[38;2;156;124;92m██[38;2;156;124;92m██[38;2;156;124;92m██[38;2;156;124;92m██[38;2;156;124;92m██[38;2;156;124;92m██[38;2;156;124;92m██[38;2;156;124;92m██[38;2;156;124;92m██[38;2;156;124;92m██[38;2;156;124;92m██[38;2;156;124;92m██[38;2;156;124;92m██[38;2;128;87;68m██[38;2;128;87;68m██[38;2;128;87;68m██[38;2;15;15;15m██                                            
          [38;2;90;55;50m██[38;2;156;124;92m██[38;2;128;87;68m██[38;2;15;15;15m██[38;2;15;15;15m██[38;2;125;109;137m██[38;2;125;109;137m██[38;2;125;109;137m██[38;2;96;76;104m██[38;2;125;109;137m██[38;2;125;109;137m██[38;2;125;109;137m██[38;2;125;109;137m██[38;2;96;76;104m██[38;2;128;87;68m██[38;2;128;87;68m██[38;2;156;124;92m██[38;2;15;15;15m██[38;2;156;124;92m██[38;2;156;124;92m██[38;2;156;124;92m██[38;2;156;124;92m██[38;2;156;124;92m██[38;2;156;124;92m██[38;2;156;124;92m██[38;2;156;124;92m██[38;2;156;124;92m██[38;2;156;124;92m██[38;2;156;124;92m██[38;2;156;124;92m██[38;2;156;124;92m██[38;2;156;124;92m██[38;2;156;124;92m██[38;2;15;15;15m██[38;2;15;15;15m██                                              
          [38;2;90;55;50m██[38;2;15;15;15m██[38;2;15;15;15m██  [38;2;50;43;53m██[38;2;50;43;53m██[38;2;125;109;137m██[38;2;125;109;137m██[38;2;125;109;137m██[38;2;125;109;137m██[38;2;125;109;137m██[38;2;125;109;137m██[38;2;125;109;137m██[38;2;96;76;104m██[38;2;90;55;50m██[38;2;128;87;68m██[38;2;128;87;68m██[38;2;156;124;92m██[38;2;15;15;15m██[38;2;156;124;92m██[38;2;156;124;92m██[38;2;156;124;92m██[38;2;156;124;92m██[38;2;156;124;92m██[38;2;156;124;92m██[38;2;156;124;92m██[38;2;156;124;92m██[38;2;156;124;92m██[38;2;128;87;68m██[38;2;156;124;92m██[38;2;156;124;92m██[38;2;156;124;92m██[38;2;156;124;92m██[38;2;156;124;92m██[38;2;128;87;68m██[38;2;15;15;15m██[38;2;15;15;15m██                                          
                    [38;2;15;15;15m██[38;2;96;76;104m██[38;2;125;109;137m██[38;2;125;109;137m██[38;2;125;109;137m██[38;2;125;109;137m██[38;2;96;76;104m██[38;2;96;76;104m██[38;2;96;76;104m██[38;2;96;76;104m██[38;2;15;15;15m██[38;2;15;15;15m██[38;2;128;87;68m██[38;2;128;87;68m██[38;2;15;15;15m██[38;2;128;87;68m██[38;2;156;124;92m██[38;2;156;124;92m██[38;2;156;124;92m██[38;2;156;124;92m██[38;2;156;124;92m██[38;2;156;124;92m██[38;2;156;124;92m██[38;2;90;55;50m██[38;2;128;87;68m██[38;2;156;124;92m██[38;2;156;124;92m██[38;2;156;124;92m██[38;2;156;124;92m██[38;2;156;124;92m██[38;2;156;124;92m██[38;2;128;87;68m██[38;2;15;15;15m██[38;2;15;15;15m██[38;2;15;15;15m██[38;2;15;15;15m██                                  
                      [38;2;15;15;15m██[38;2;96;76;104m██[38;2;96;76;104m██[38;2;96;76;104m██[38;2;96;76;104m██[38;2;96;76;104m██[38;2;96;76;104m██[38;2;96;76;104m██[38;2;96;76;104m██[38;2;96;76;104m██[38;2;128;87;68m██[38;2;15;15;15m██[38;2;15;15;15m██[38;2;128;87;68m██[38;2;156;124;92m██[38;2;156;124;92m██[38;2;156;124;92m██[38;2;156;124;92m██[38;2;156;124;92m██[38;2;156;124;92m██[38;2;156;124;92m██[38;2;156;124;92m██[38;2;90;55;50m██[38;2;128;87;68m██[38;2;128;87;68m██[38;2;128;87;68m██[38;2;156;124;92m██[38;2;156;124;92m██[38;2;156;124;92m██[38;2;156;124;92m██[38;2;156;124;92m██[38;2;156;124;92m██[38;2;128;87;68m██[38;2;128;87;68m██[38;2;15;15;15m██                                  
                        [38;2;15;15;15m██[38;2;96;76;104m██[38;2;96;76;104m██[38;2;96;76;104m██[38;2;96;76;104m██[38;2;96;76;104m██[38;2;96;76;104m██[38;2;96;76;104m██[38;2;96;76;104m██[38;2;96;76;104m██[38;2;128;87;68m██[38;2;128;87;68m██[38;2;90;55;50m██[38;2;156;124;92m██[38;2;156;124;92m██[38;2;156;124;92m██[38;2;156;124;92m██[38;2;156;124;92m██[38;2;156;124;92m██[38;2;156;124;92m██[38;2;156;124;92m██[38;2;156;124;92m██[38;2;90;55;50m██[38;2;128;87;68m██[38;2;128;87;68m██[38;2;15;15;15m██[38;2;15;15;15m██[38;2;128;87;68m██[38;2;128;87;68m██[38;2;128;87;68m██[38;2;128;87;68m██[38;2;15;15;15m██[38;2;15;15;15m██                    [38;2;50;43;53m██[38;2;15;15;15m██        [38;2;50;43;53m██[38;2;15;15;15m██
                        [38;2;90;55;50m██[38;2;15;15;15m██[38;2;96;76;104m██[38;2;96;76;104m██[38;2;96;76;104m██[38;2;96;76;104m██[38;2;96;76;104m██[38;2;96;76;104m██[38;2;96;76;104m██[38;2;96;76;104m██[38;2;96;76;104m██[38;2;128;87;68m██[38;2;90;55;50m██[38;2;156;124;92m██[38;2;156;124;92m██[38;2;156;124;92m██[38;2;156;124;92m██[38;2;156;124;92m██[38;2;156;124;92m██[38;2;156;124;92m██[38;2;156;124;92m██[38;2;156;124;92m██[38;2;15;15;15m██[38;2;128;87;68m██[38;2;128;87;68m██[38;2;128;87;68m██[38;2;128;87;68m██[38;2;15;15;15m██[38;2;15;15;15m██[38;2;15;15;15m██[38;2;15;15;15m██                    [38;2;15;15;15m██[38;2;50;43;53m██[38;2;96;76;104m██[38;2;15;15;15m██    [38;2;50;43;53m██[38;2;50;43;53m██[38;2;96;76;104m██[38;2;15;15;15m██
                        [38;2;90;55;50m██[38;2;90;55;50m██[38;2;15;15;15m██[38;2;50;43;53m██[38;2;96;76;104m██[38;2;96;76;104m██[38;2;96;76;104m██[38;2;96;76;104m██[38;2;96;76;104m██[38;2;96;76;104m██[38;2;96;76;104m██[38;2;96;76;104m██[38;2;96;76;104m██[38;2;90;55;50m██[38;2;156;124;92m██[38;2;156;124;92m██[38;2;156;124;92m██[38;2;156;124;92m██[38;2;156;124;92m██[38;2;156;124;92m██[38;2;156;124;92m██[38;2;156;124;92m██[38;2;15;15;15m██[38;2;128;87;68m██[38;2;156;124;92m██[38;2;156;124;92m██[38;2;156;124;92m██[38;2;128;87;68m██[38;2;128;87;68m██[38;2;96;76;104m██[38;2;96;76;104m██[38;2;15;15;15m██[38;2;15;15;15m██[38;2;15;15;15m██          [38;2;15;15;15m██[38;2;50;43;53m██[38;2;96;76;104m██[38;2;125;109;137m██[38;2;50;43;53m██[38;2;50;43;53m██[38;2;50;43;53m██[38;2;50;43;53m██[38;2;96;76;104m██[38;2;96;76;104m██[38;2;15;15;15m██  
                          [38;2;15;15;15m██[38;2;128;87;68m██[38;2;90;55;50m██[38;2;15;15;15m██[38;2;96;76;104m██[38;2;96;76;104m██[38;2;96;76;104m██[38;2;96;76;104m██[38;2;96;76;104m██[38;2;96;76;104m██[38;2;96;76;104m██[38;2;96;76;104m██[38;2;15;15;15m██[38;2;128;87;68m██[38;2;156;124;92m██[38;2;156;124;92m██[38;2;156;124;92m██[38;2;156;124;92m██[38;2;156;124;92m██[38;2;156;124;92m██[38;2;156;124;92m██[38;2;128;87;68m██[38;2;15;15;15m██[38;2;128;87;68m██[38;2;156;124;92m██[38;2;156;124;92m██[38;2;156;124;92m██[38;2;156;124;92m██[38;2;156;124;92m██[38;2;128;87;68m██[38;2;128;87;68m██[38;2;96;76;104m██[38;2;96;76;104m██[38;2;15;15;15m██[38;2;15;15;15m██[38;2;15;15;15m██[38;2;15;15;15m██[38;2;15;15;15m██[38;2;96;76;104m██[38;2;125;109;137m██[38;2;125;109;137m██[38;2;96;76;104m██[38;2;125;109;137m██[38;2;125;109;137m██[38;2;125;109;137m██[38;2;96;76;104m██[38;2;15;15;15m██[38;2;15;15;15m██[38;2;15;15;15m██[38;2;15;15;15m██
                          [38;2;15;15;15m██[38;2;128;87;68m██[38;2;128;87;68m██[38;2;128;87;68m██[38;2;15;15;15m██[38;2;15;15;15m██[38;2;96;76;104m██[38;2;96;76;104m██[38;2;96;76;104m██[38;2;96;76;104m██[38;2;96;76;104m██[38;2;96;76;104m██[38;2;96;76;104m██[38;2;15;15;15m██[38;2;128;87;68m██[38;2;156;124;92m██[38;2;156;124;92m██[38;2;156;124;92m██[38;2;156;124;92m██[38;2;128;87;68m██[38;2;128;87;68m██[38;2;128;87;68m██[38;2;15;15;15m██[38;2;128;87;68m██[38;2;128;87;68m██[38;2;128;87;68m██[38;2;128;87;68m██[38;2;156;124;92m██[38;2;156;124;92m██[38;2;156;124;92m██[38;2;156;124;92m██[38;2;156;124;92m██[38;2;128;87;68m██[38;2;128;87;68m██[38;2;96;76;104m██[38;2;96;76;104m██[38;2;125;109;137m██[38;2;125;109;137m██[38;2;125;109;137m██[38;2;125;109;137m██[38;2;125;109;137m██[38;2;125;109;137m██[38;2;96;76;104m██[38;2;15;15;15m██[38;2;15;15;15m██[38;2;128;77;55m██[38;2;156;124;92m██[38;2;156;124;92m██[38;2;90;55;50m██[38;2;15;15;15m██
                          [38;2;15;15;15m██[38;2;128;87;68m██[38;2;128;87;68m██[38;2;128;87;68m██[38;2;128;87;68m██[38;2;90;55;50m██[38;2;15;15;15m██[38;2;15;15;15m██[38;2;15;15;15m██[38;2;96;76;104m██[38;2;96;76;104m██[38;2;96;76;104m██[38;2;96;76;104m██[38;2;96;76;104m██[38;2;15;15;15m██[38;2;128;87;68m██[38;2;128;87;68m██[38;2;128;87;68m██[38;2;128;87;68m██[38;2;128;87;68m██[38;2;128;87;68m██[38;2;128;87;68m██[38;2;15;15;15m██[38;2;128;87;68m██[38;2;128;87;68m██[38;2;128;87;68m██[38;2;128;87;68m██[38;2;128;87;68m██[38;2;128;87;68m██[38;2;128;87;68m██[38;2;128;87;68m██[38;2;156;124;92m██[38;2;156;124;92m██[38;2;156;124;92m██[38;2;156;124;92m██[38;2;156;124;92m██[38;2;156;124;92m██[38;2;156;124;92m██[38;2;156;124;92m██[38;2;156;124;92m██[38;2;156;124;92m██[38;2;156;124;92m██[38;2;156;124;92m██[38;2;156;124;92m██[38;2;156;124;92m██[38;2;128;87;68m██[38;2;90;55;50m██[38;2;15;15;15m██[38;2;15;15;15m██  
                        [38;2;15;15;15m██[38;2;128;87;68m██[38;2;128;87;68m██[38;2;128;87;68m██[38;2;128;87;68m██[38;2;128;87;68m██[38;2;128;87;68m██[38;2;15;15;15m██    [38;2;15;15;15m██[38;2;15;15;15m██[38;2;15;15;15m██[38;2;96;76;104m██[38;2;96;76;104m██[38;2;96;76;104m██[38;2;15;15;15m██[38;2;90;55;50m██[38;2;128;87;68m██[38;2;128;87;68m██[38;2;128;87;68m██[38;2;128;87;68m██[38;2;90;55;50m██[38;2;15;15;15m██[38;2;90;55;50m██[38;2;128;87;68m██[38;2;128;87;68m██[38;2;128;87;68m██[38;2;128;87;68m██[38;2;128;87;68m██[38;2;128;87;68m██[38;2;128;87;68m██[38;2;128;87;68m██[38;2;128;87;68m██[38;2;128;87;68m██[38;2;128;87;68m██[38;2;128;87;68m██[38;2;128;87;68m██[38;2;128;87;68m██[38;2;128;87;68m██[38;2;128;87;68m██[38;2;128;87;68m██[38;2;128;87;68m██[38;2;128;87;68m██[38;2;90;55;50m██[38;2;15;15;15m██[38;2;15;15;15m██[38;2;15;15;15m██      
                      [38;2;40;39;38m██[38;2;72;68;64m██[38;2;128;87;68m██[38;2;128;87;68m██[38;2;128;87;68m██[38;2;128;87;68m██[38;2;128;87;68m██[38;2;15;15;15m██            [38;2;15;15;15m██[38;2;15;15;15m██[38;2;15;15;15m██[38;2;15;15;15m██[38;2;128;87;68m██[38;2;128;87;68m██[38;2;128;87;68m██[38;2;128;87;68m██[38;2;128;87;68m██[38;2;15;15;15m██[38;2;96;76;104m██[38;2;96;76;104m██[38;2;90;55;50m██[38;2;90;55;50m██[38;2;128;87;68m██[38;2;128;87;68m██[38;2;128;87;68m██[38;2;128;87;68m██[38;2;128;87;68m██[38;2;128;87;68m██[38;2;128;87;68m██[38;2;128;87;68m██[38;2;128;87;68m██[38;2;128;87;68m██[38;2;128;87;68m██[38;2;128;87;68m██[38;2;90;55;50m██[38;2;15;15;15m██[38;2;15;15;15m██[38;2;15;15;15m██[38;2;15;15;15m██[38;2;15;15;15m██            
                    [38;2;40;39;38m██[38;2;72;68;64m██[38;2;72;68;64m██[38;2;40;39;38m██[38;2;72;68;64m██[38;2;128;87;68m██[38;2;128;87;68m██[38;2;128;87;68m██[38;2;15;15;15m██                  [38;2;15;15;15m██[38;2;128;87;68m██[38;2;128;87;68m██[38;2;128;87;68m██[38;2;128;87;68m██[38;2;128;87;68m██[38;2;15;15;15m██[38;2;15;15;15m██[38;2;15;15;15m██[38;2;15;15;15m██[38;2;15;15;15m██[38;2;15;15;15m██[38;2;15;15;15m██[38;2;15;15;15m██[38;2;15;15;15m██[38;2;15;15;15m██[38;2;15;15;15m██[38;2;15;15;15m██[38;2;15;15;15m██[38;2;15;15;15m██[38;2;15;15;15m██[38;2;15;15;15m██[38;2;15;15;15m██[38;2;15;15;15m██                      
                    [38;2;15;15;15m██[38;2;15;15;15m██[38;2;40;39;38m██[38;2;72;68;64m██[38;2;72;68;64m██[38;2;128;87;68m██[38;2;128;87;68m██[38;2;15;15;15m██                    [38;2;15;15;15m██[38;2;128;87;68m██[38;2;128;87;68m██[38;2;128;87;68m██[38;2;128;87;68m██[38;2;128;87;68m██[38;2;15;15;15m██                                                        
                        [38;2;15;15;15m██[38;2;15;15;15m██[38;2;15;15;15m██[38;2;15;15;15m██[38;2;15;15;15m██                    [38;2;15;15;15m██[38;2;40;39;38m██[38;2;72;68;64m██[38;2;128;87;68m██[38;2;128;87;68m██[38;2;128;87;68m██[38;2;15;15;15m██                                                          
                                                    [38;2;15;15;15m██[38;2;72;68;64m██[38;2;72;68;64m██[38;2;72;68;64m██[38;2;40;39;38m██[38;2;72;68;64m██[38;2;128;87;68m██[38;2;15;15;15m██                                                          
                                                    [38;2;15;15;15m██[38;2;40;39;38m██[38;2;72;68;64m██[38;2;40;39;38m██[38;2;72;68;64m██[38;2;15;15;15m██[38;2;15;15;15m██                                                            
                                                      [38;2;15;15;15m██[38;2;15;15;15m██[38;2;15;15;15m██[38;2;15;15;15m██[38;2;15;15;15m██                                                              
