                                                            [38;2;38;50;70m██[38;2;38;50;70m██                                                                                                                    
                                                          [38;2;38;50;70m██[38;2;39;95;137m██[38;2;38;50;70m██                                                                                                                    
                                                        [38;2;38;50;70m██[38;2;60;145;178m██[38;2;39;95;137m██[38;2;38;50;70m██                                                                                                                    
                                                      [38;2;38;50;70m██[38;2;60;145;178m██[38;2;39;95;137m██[38;2;39;95;137m██[38;2;38;50;70m██                                                                                                                    
                                                    [38;2;38;50;70m██[38;2;39;95;137m██[38;2;60;145;178m██[38;2;39;95;137m██[38;2;39;95;137m██[38;2;38;50;70m██                                                                                                                    
                                                    [38;2;38;50;70m██[38;2;60;145;178m██[38;2;60;145;178m██[38;2;39;95;137m██[38;2;14;14;14m██                                                                                                                      
                                                  [38;2;38;50;70m██[38;2;60;145;178m██[38;2;60;145;178m██[38;2;39;95;137m██[38;2;39;95;137m██[38;2;14;14;14m██                                                                                                                      
                                                [38;2;38;50;70m██[38;2;60;145;178m██[38;2;60;145;178m██[38;2;60;145;178m██[38;2;39;95;137m██[38;2;39;95;137m██[38;2;14;14;14m██                                                                                          [38;2;38;50;70m██[38;2;38;50;70m██[38;2;38;50;70m██[38;2;38;50;70m██                    
                                              [38;2;38;50;70m██[38;2;39;95;137m██[38;2;60;145;178m██[38;2;60;145;178m██[38;2;60;145;178m██[38;2;39;95;137m██[38;2;39;95;137m██[38;2;14;14;14m██      [38;2;113;113;121m██[38;2;113;113;121m██[38;2;113;113;121m██[38;2;113;113;121m██[38;2;113;113;121m██[38;2;113;113;121m██[38;2;113;113;121m██[38;2;113;113;121m██[38;2;113;113;121m██[38;2;113;113;121m██[38;2;113;113;121m██[38;2;113;113;121m██[38;2;113;113;121m██[38;2;113;113;121m██[38;2;113;113;121m██[38;2;113;113;121m██[38;2;113;113;121m██[38;2;113;113;121m██                                        [38;2;38;50;70m██[38;2;38;50;70m██[38;2;38;50;70m██[38;2;38;50;70m██[38;2;39;95;137m██[38;2;39;95;137m██[38;2;39;95;137m██[38;2;38;50;70m██                    
                                              [38;2;38;50;70m██[38;2;60;145;178m██[38;2;60;145;178m██[38;2;60;145;178m██[38;2;39;95;137m██[38;2;39;95;137m██[38;2;39;95;137m██[38;2;14;14;14m██[38;2;113;113;121m██[38;2;113;113;121m██[38;2;113;113;121m██[38;2;249;249;249m██[38;2;249;249;249m██[38;2;249;249;249m██[38;2;249;249;249m██[38;2;249;249;249m██[38;2;249;249;249m██[38;2;249;249;249m██[38;2;165;173;197m██[38;2;249;249;249m██[38;2;249;249;249m██[38;2;249;249;249m██[38;2;249;249;249m██[38;2;165;173;197m██[38;2;249;249;249m██[38;2;249;249;249m██[38;2;249;249;249m██[38;2;249;249;249m██[38;2;165;173;197m██[38;2;113;113;121m██[38;2;113;113;121m██[38;2;113;113;121m██[38;2;113;113;121m██[38;2;113;113;121m██                      [38;2;38;50;70m██[38;2;38;50;70m██[38;2;38;50;70m██[38;2;38;50;70m██[38;2;39;95;137m██[38;2;60;145;178m██[38;2;60;145;178m██[38;2;39;95;137m██[38;2;39;95;137m██[38;2;39;95;137m██[38;2;14;14;14m██                      
                                          [38;2;113;113;121m██[38;2;38;50;70m██[38;2;39;95;137m██[38;2;60;145;178m██[38;2;60;145;178m██[38;2;60;145;178m██[38;2;39;95;137m██[38;2;39;95;137m██[38;2;39;95;137m██[38;2;14;14;14m██[38;2;249;249;249m██[38;2;249;249;249m██[38;2;165;173;197m██[38;2;249;249;249m██[38;2;249;249;249m██[38;2;249;249;249m██[38;2;249;249;249m██[38;2;249;249;249m██[38;2;249;249;249m██[38;2;249;249;249m██[38;2;165;173;197m██[38;2;249;249;249m██[38;2;249;249;249m██[38;2;249;249;249m██[38;2;249;249;249m██[38;2;165;173;197m██[38;2;249;249;249m██[38;2;249;249;249m██[38;2;249;249;249m██[38;2;165;173;197m██[38;2;249;249;249m██[38;2;249;249;249m██[38;2;249;249;249m██[38;2;249;249;249m██[38;2;249;249;249m██[38;2;249;249;249m██[38;2;113;113;121m██[38;2;113;113;121m██[38;2;113;113;121m██[38;2;113;113;121m██        [38;2;38;50;70m██[38;2;38;50;70m██[38;2;38;50;70m██[38;2;39;95;137m██[38;2;60;145;178m██[38;2;60;145;178m██[38;2;60;145;178m██[38;2;60;145;178m██[38;2;39;95;137m██[38;2;39;95;137m██[38;2;39;95;137m██[38;2;39;95;137m██[38;2;14;14;14m██                        
                                    [38;2;113;113;121m██[38;2;113;113;121m██[38;2;113;113;121m██[38;2;249;249;249m██[38;2;38;50;70m██[38;2;60;145;178m██[38;2;60;145;178m██[38;2;60;145;178m██[38;2;39;95;137m██[38;2;39;95;137m██[38;2;39;95;137m██[38;2;39;95;137m██[38;2;14;14;14m██[38;2;249;249;249m██[38;2;249;249;249m██[38;2;165;173;197m██[38;2;249;249;249m██[38;2;249;249;249m██[38;2;249;249;249m██[38;2;249;249;249m██[38;2;249;249;249m██[38;2;249;249;249m██[38;2;249;249;249m██[38;2;165;173;197m██[38;2;249;249;249m██[38;2;249;249;249m██[38;2;249;249;249m██[38;2;165;173;197m██[38;2;249;249;249m██[38;2;249;249;249m██[38;2;249;249;249m██[38;2;249;249;249m██[38;2;165;173;197m██[38;2;249;249;249m██[38;2;249;249;249m██[38;2;249;249;249m██[38;2;249;249;249m██[38;2;249;249;249m██[38;2;249;249;249m██[38;2;249;249;249m██[38;2;249;249;249m██[38;2;165;173;197m██[38;2;249;249;249m██[38;2;113;113;121m██[38;2;38;50;70m██[38;2;38;50;70m██[38;2;38;50;70m██[38;2;39;95;137m██[38;2;60;145;178m██[38;2;60;145;178m██[38;2;60;145;178m██[38;2;60;145;178m██[38;2;60;145;178m██[38;2;39;95;137m██[38;2;39;95;137m██[38;2;39;95;137m██[38;2;39;95;137m██[38;2;39;95;137m██[38;2;14;14;14m██                          
                                [38;2;113;113;121m██[38;2;113;113;121m██[38;2;249;249;249m██[38;2;249;249;249m██[38;2;249;249;249m██[38;2;38;50;70m██[38;2;60;145;178m██[38;2;60;145;178m██[38;2;60;145;178m██[38;2;60;145;178m██[38;2;39;95;137m██[38;2;39;95;137m██[38;2;39;95;137m██[38;2;14;14;14m██[38;2;249;249;249m██[38;2;249;249;249m██[38;2;249;249;249m██[38;2;249;249;249m██[38;2;165;173;197m██[38;2;249;249;249m██[38;2;249;249;249m██[38;2;249;249;249m██[38;2;249;249;249m██[38;2;249;249;249m██[38;2;249;249;249m██[38;2;165;173;197m██[38;2;249;249;249m██[38;2;249;249;249m██[38;2;249;249;249m██[38;2;165;173;197m██[38;2;249;249;249m██[38;2;249;249;249m██[38;2;249;249;249m██[38;2;165;173;197m██[38;2;249;249;249m██[38;2;249;249;249m██[38;2;249;249;249m██[38;2;249;249;249m██[38;2;249;249;249m██[38;2;249;249;249m██[38;2;249;249;249m██[38;2;249;249;249m██[38;2;165;173;197m██[38;2;249;249;249m██[38;2;38;50;70m██[38;2;38;50;70m██[38;2;39;95;137m██[38;2;60;145;178m██[38;2;60;145;178m██[38;2;60;145;178m██[38;2;60;145;178m██[38;2;60;145;178m██[38;2;60;145;178m██[38;2;39;95;137m██[38;2;39;95;137m██[38;2;39;95;137m██[38;2;39;95;137m██[38;2;39;95;137m██[38;2;39;95;137m██[38;2;14;14;14m██                            
                            [38;2;113;113;121m██[38;2;113;113;121m██[38;2;249;249;249m██[38;2;249;249;249m██[38;2;249;249;249m██[38;2;249;249;249m██[38;2;38;50;70m██[38;2;39;95;137m██[38;2;60;145;178m██[38;2;60;145;178m██[38;2;60;145;178m██[38;2;60;145;178m██[38;2;39;95;137m██[38;2;39;95;137m██[38;2;39;95;137m██[38;2;14;14;14m██[38;2;249;249;249m██[38;2;249;249;249m██[38;2;249;249;249m██[38;2;249;249;249m██[38;2;165;173;197m██[38;2;249;249;249m██[38;2;249;249;249m██[38;2;249;249;249m██[38;2;249;249;249m██[38;2;249;249;249m██[38;2;165;173;197m██[38;2;249;249;249m██[38;2;249;249;249m██[38;2;249;249;249m██[38;2;165;173;197m██[38;2;249;249;249m██[38;2;249;249;249m██[38;2;249;249;249m██[38;2;249;249;249m██[38;2;165;173;197m██[38;2;249;249;249m██[38;2;249;249;249m██[38;2;249;249;249m██[38;2;249;249;249m██[38;2;249;249;249m██[38;2;249;249;249m██[38;2;249;249;249m██[38;2;165;173;197m██[38;2;38;50;70m██[38;2;38;50;70m██[38;2;39;95;137m██[38;2;60;145;178m██[38;2;60;145;178m██[38;2;60;145;178m██[38;2;60;145;178m██[38;2;60;145;178m██[38;2;60;145;178m██[38;2;39;95;137m██[38;2;39;95;137m██[38;2;39;95;137m██[38;2;39;95;137m██[38;2;39;95;137m██[38;2;39;95;137m██[38;2;39;95;137m██[38;2;14;14;14m██                              
                        [38;2;113;113;121m██[38;2;113;113;121m██[38;2;249;249;249m██[38;2;249;249;249m██[38;2;165;173;197m██[38;2;165;173;197m██[38;2;249;249;249m██[38;2;249;249;249m██[38;2;38;50;70m██[38;2;60;145;178m██[38;2;60;145;178m██[38;2;60;145;178m██[38;2;60;145;178m██[38;2;39;95;137m██[38;2;39;95;137m██[38;2;39;95;137m██[38;2;39;95;137m██[38;2;14;14;14m██[38;2;249;249;249m██[38;2;249;249;249m██[38;2;249;249;249m██[38;2;249;249;249m██[38;2;249;249;249m██[38;2;165;173;197m██[38;2;165;173;197m██[38;2;249;249;249m██[38;2;165;173;197m██[38;2;165;173;197m██[38;2;249;249;249m██[38;2;249;249;249m██[38;2;249;249;249m██[38;2;249;249;249m██[38;2;165;173;197m██[38;2;249;249;249m██[38;2;249;249;249m██[38;2;249;249;249m██[38;2;249;249;249m██[38;2;165;173;197m██[38;2;249;249;249m██[38;2;249;249;249m██[38;2;249;249;249m██[38;2;249;249;249m██[38;2;249;249;249m██[38;2;249;249;249m██[38;2;38;50;70m██[38;2;38;50;70m██[38;2;39;95;137m██[38;2;60;145;178m██[38;2;60;145;178m██[38;2;60;145;178m██[38;2;60;145;178m██[38;2;60;145;178m██[38;2;60;145;178m██[38;2;60;145;178m██[38;2;39;95;137m██[38;2;39;95;137m██[38;2;39;95;137m██[38;2;39;95;137m██[38;2;39;95;137m██[38;2;39;95;137m██[38;2;39;95;137m██[38;2;14;14;14m██                                
                    [38;2;113;113;121m██[38;2;113;113;121m██[38;2;249;249;249m██[38;2;249;249;249m██[38;2;249;249;249m██[38;2;249;249;249m██[38;2;249;249;249m██[38;2;249;249;249m██[38;2;165;173;197m██[38;2;38;50;70m██[38;2;39;95;137m██[38;2;60;145;178m██[38;2;60;145;178m██[38;2;60;145;178m██[38;2;60;145;178m██[38;2;39;95;137m██[38;2;39;95;137m██[38;2;39;95;137m██[38;2;39;95;137m██[38;2;14;14;14m██[38;2;249;249;249m██[38;2;249;249;249m██[38;2;249;249;249m██[38;2;249;249;249m██[38;2;249;249;249m██[38;2;249;249;249m██[38;2;249;249;249m██[38;2;165;173;197m██[38;2;249;249;249m██[38;2;249;249;249m██[38;2;249;249;249m██[38;2;249;249;249m██[38;2;249;249;249m██[38;2;165;173;197m██[38;2;249;249;249m██[38;2;249;249;249m██[38;2;249;249;249m██[38;2;249;249;249m██[38;2;249;249;249m██[38;2;249;249;249m██[38;2;165;173;197m██[38;2;249;249;249m██[38;2;249;249;249m██[38;2;165;173;197m██[38;2;38;50;70m██[38;2;38;50;70m██[38;2;39;95;137m██[38;2;60;145;178m██[38;2;60;145;178m██[38;2;60;145;178m██[38;2;60;145;178m██[38;2;60;145;178m██[38;2;60;145;178m██[38;2;60;145;178m██[38;2;39;95;137m██[38;2;39;95;137m██[38;2;39;95;137m██[38;2;39;95;137m██[38;2;39;95;137m██[38;2;39;95;137m██[38;2;39;95;137m██[38;2;39;95;137m██[38;2;14;14;14m██                                  
                [38;2;113;113;121m██[38;2;113;113;121m██[38;2;249;249;249m██[38;2;249;249;249m██[38;2;249;249;249m██[38;2;249;249;249m██[38;2;249;249;249m██[38;2;249;249;249m██[38;2;249;249;249m██[38;2;249;249;249m██[38;2;249;249;249m██[38;2;38;50;70m██[38;2;60;145;178m██[38;2;60;145;178m██[38;2;60;145;178m██[38;2;60;145;178m██[38;2;60;145;178m██[38;2;39;95;137m██[38;2;39;95;137m██[38;2;39;95;137m██[38;2;39;95;137m██[38;2;14;14;14m██[38;2;165;173;197m██[38;2;249;249;249m██[38;2;249;249;249m██[38;2;249;249;249m██[38;2;249;249;249m██[38;2;249;249;249m██[38;2;249;249;249m██[38;2;165;173;197m██[38;2;249;249;249m██[38;2;249;249;249m██[38;2;249;249;249m██[38;2;249;249;249m██[38;2;249;249;249m██[38;2;38;50;70m██[38;2;38;50;70m██[38;2;38;50;70m██[38;2;38;50;70m██[38;2;38;50;70m██[38;2;249;249;249m██[38;2;249;249;249m██[38;2;165;173;197m██[38;2;165;173;197m██[38;2;165;173;197m██[38;2;38;50;70m██[38;2;38;50;70m██[38;2;60;145;178m██[38;2;60;145;178m██[38;2;60;145;178m██[38;2;60;145;178m██[38;2;60;145;178m██[38;2;60;145;178m██[38;2;60;145;178m██[38;2;60;145;178m██[38;2;39;95;137m██[38;2;39;95;137m██[38;2;39;95;137m██[38;2;39;95;137m██[38;2;39;95;137m██[38;2;39;95;137m██[38;2;39;95;137m██[38;2;39;95;137m██[38;2;14;14;14m██                                    
              [38;2;113;113;121m██[38;2;249;249;249m██[38;2;249;249;249m██[38;2;249;249;249m██[38;2;249;249;249m██[38;2;249;249;249m██[38;2;249;249;249m██[38;2;249;249;249m██[38;2;249;249;249m██[38;2;249;249;249m██[38;2;249;249;249m██[38;2;38;50;70m██[38;2;39;95;137m██[38;2;60;145;178m██[38;2;60;145;178m██[38;2;60;145;178m██[38;2;60;145;178m██[38;2;39;95;137m██[38;2;39;95;137m██[38;2;39;95;137m██[38;2;39;95;137m██[38;2;39;95;137m██[38;2;14;14;14m██[38;2;165;173;197m██[38;2;249;249;249m██[38;2;249;249;249m██[38;2;249;249;249m██[38;2;249;249;249m██[38;2;249;249;249m██[38;2;249;249;249m██[38;2;165;173;197m██[38;2;249;249;249m██[38;2;249;249;249m██[38;2;38;50;70m██[38;2;38;50;70m██[38;2;38;50;70m██[38;2;214;119;85m██[38;2;214;119;85m██[38;2;214;119;85m██[38;2;97;136;163m██[38;2;97;136;163m██[38;2;38;50;70m██[38;2;165;173;197m██[38;2;249;249;249m██[38;2;38;50;70m██[38;2;38;50;70m██[38;2;39;95;137m██[38;2;60;145;178m██[38;2;60;145;178m██[38;2;60;145;178m██[38;2;60;145;178m██[38;2;60;145;178m██[38;2;60;145;178m██[38;2;60;145;178m██[38;2;39;95;137m██[38;2;39;95;137m██[38;2;39;95;137m██[38;2;39;95;137m██[38;2;39;95;137m██[38;2;39;95;137m██[38;2;39;95;137m██[38;2;39;95;137m██[38;2;39;95;137m██[38;2;39;95;137m██[38;2;14;14;14m██[38;2;113;113;121m██[38;2;113;113;121m██                                
          [38;2;113;113;121m██[38;2;113;113;121m██[38;2;249;249;249m██[38;2;165;173;197m██[38;2;165;173;197m██[38;2;165;173;197m██[38;2;165;173;197m██[38;2;249;249;249m██[38;2;249;249;249m██[38;2;249;249;249m██[38;2;249;249;249m██[38;2;249;249;249m██[38;2;249;249;249m██[38;2;38;50;70m██[38;2;60;145;178m██[38;2;60;145;178m██[38;2;60;145;178m██[38;2;60;145;178m██[38;2;60;145;178m██[38;2;39;95;137m██[38;2;39;95;137m██[38;2;39;95;137m██[38;2;39;95;137m██[38;2;39;95;137m██[38;2;38;50;70m██[38;2;249;249;249m██[38;2;165;173;197m██[38;2;249;249;249m██[38;2;249;249;249m██[38;2;249;249;249m██[38;2;249;249;249m██[38;2;249;249;249m██[38;2;38;50;70m██[38;2;38;50;70m██[38;2;38;50;70m██[38;2;55;68;91m██[38;2;97;136;163m██[38;2;97;136;163m██[38;2;97;136;163m██[38;2;242;235;147m██[38;2;242;235;147m██[38;2;214;119;85m██[38;2;97;136;163m██[38;2;38;50;70m██[38;2;14;14;14m██[38;2;38;50;70m██[38;2;39;95;137m██[38;2;39;95;137m██[38;2;60;145;178m██[38;2;60;145;178m██[38;2;60;145;178m██[38;2;60;145;178m██[38;2;60;145;178m██[38;2;60;145;178m██[38;2;60;145;178m██[38;2;39;95;137m██[38;2;39;95;137m██[38;2;39;95;137m██[38;2;39;95;137m██[38;2;39;95;137m██[38;2;39;95;137m██[38;2;39;95;137m██[38;2;39;95;137m██[38;2;39;95;137m██[38;2;39;95;137m██[38;2;14;14;14m██[38;2;249;249;249m██[38;2;165;173;197m██[38;2;165;173;197m██[38;2;113;113;121m██                              
        [38;2;113;113;121m██[38;2;165;173;197m██[38;2;249;249;249m██[38;2;249;249;249m██[38;2;249;249;249m██[38;2;249;249;249m██[38;2;249;249;249m██[38;2;249;249;249m██[38;2;165;173;197m██[38;2;165;173;197m██[38;2;165;173;197m██[38;2;165;173;197m██[38;2;249;249;249m██[38;2;249;249;249m██[38;2;38;50;70m██[38;2;60;145;178m██[38;2;60;145;178m██[38;2;60;145;178m██[38;2;60;145;178m██[38;2;60;145;178m██[38;2;39;95;137m██[38;2;39;95;137m██[38;2;39;95;137m██[38;2;39;95;137m██[38;2;39;95;137m██[38;2;38;50;70m██[38;2;249;249;249m██[38;2;249;249;249m██[38;2;165;173;197m██[38;2;249;249;249m██[38;2;249;249;249m██[38;2;38;50;70m██[38;2;38;50;70m██[38;2;97;136;163m██[38;2;97;136;163m██[38;2;214;119;85m██[38;2;214;119;85m██[38;2;214;119;85m██[38;2;214;119;85m██[38;2;97;136;163m██[38;2;97;136;163m██[38;2;97;136;163m██[38;2;97;136;163m██[38;2;55;68;91m██[38;2;55;68;91m██[38;2;14;14;14m██[38;2;39;95;137m██[38;2;39;95;137m██[38;2;60;145;178m██[38;2;60;145;178m██[38;2;60;145;178m██[38;2;60;145;178m██[38;2;60;145;178m██[38;2;60;145;178m██[38;2;60;145;178m██[38;2;39;95;137m██[38;2;39;95;137m██[38;2;39;95;137m██[38;2;39;95;137m██[38;2;39;95;137m██[38;2;39;95;137m██[38;2;39;95;137m██[38;2;39;95;137m██[38;2;39;95;137m██[38;2;39;95;137m██[38;2;14;14;14m██[38;2;165;173;197m██[38;2;165;173;197m██[38;2;249;249;249m██[38;2;249;249;249m██[38;2;249;249;249m██[38;2;113;113;121m██                            
      [38;2;113;113;121m██[38;2;249;249;249m██[38;2;249;249;249m██[38;2;249;249;249m██[38;2;249;249;249m██[38;2;249;249;249m██[38;2;249;249;249m██[38;2;249;249;249m██[38;2;249;249;249m██[38;2;249;249;249m██[38;2;249;249;249m██[38;2;249;249;249m██[38;2;249;249;249m██[38;2;165;173;197m██[38;2;165;173;197m██[38;2;165;173;197m██[38;2;38;50;70m██[38;2;60;145;178m██[38;2;60;145;178m██[38;2;60;145;178m██[38;2;60;145;178m██[38;2;39;95;137m██[38;2;39;95;137m██[38;2;39;95;137m██[38;2;39;95;137m██[38;2;39;95;137m██[38;2;38;50;70m██[38;2;249;249;249m██[38;2;249;249;249m██[38;2;249;249;249m██[38;2;38;50;70m██[38;2;38;50;70m██[38;2;55;68;91m██[38;2;97;136;163m██[38;2;55;68;91m██[38;2;55;68;91m██[38;2;55;68;91m██[38;2;55;68;91m██[38;2;242;235;147m██[38;2;242;235;147m██[38;2;242;235;147m██[38;2;242;235;147m██[38;2;214;119;85m██[38;2;97;136;163m██[38;2;97;136;163m██[38;2;55;68;91m██[38;2;14;14;14m██[38;2;39;95;137m██[38;2;60;145;178m██[38;2;60;145;178m██[38;2;60;145;178m██[38;2;60;145;178m██[38;2;60;145;178m██[38;2;60;145;178m██[38;2;60;145;178m██[38;2;39;95;137m██[38;2;39;95;137m██[38;2;39;95;137m██[38;2;39;95;137m██[38;2;39;95;137m██[38;2;39;95;137m██[38;2;39;95;137m██[38;2;39;95;137m██[38;2;39;95;137m██[38;2;39;95;137m██[38;2;14;14;14m██[38;2;249;249;249m██[38;2;249;249;249m██[38;2;249;249;249m██[38;2;249;249;249m██[38;2;249;249;249m██[38;2;249;249;249m██[38;2;249;249;249m██[38;2;113;113;121m██                          
    [38;2;113;113;121m██[38;2;249;249;249m██[38;2;249;249;249m██[38;2;249;249;249m██[38;2;249;249;249m██[38;2;249;249;249m██[38;2;249;249;249m██[38;2;249;249;249m██[38;2;249;249;249m██[38;2;249;249;249m██[38;2;249;249;249m██[38;2;249;249;249m██[38;2;249;249;249m██[38;2;249;249;249m██[38;2;249;249;249m██[38;2;249;249;249m██[38;2;249;249;249m██[38;2;38;50;70m██[38;2;60;145;178m██[38;2;60;145;178m██[38;2;60;145;178m██[38;2;60;145;178m██[38;2;39;95;137m██[38;2;39;95;137m██[38;2;39;95;137m██[38;2;39;95;137m██[38;2;39;95;137m██[38;2;14;14;14m██[38;2;249;249;249m██[38;2;249;249;249m██[38;2;38;50;70m██[38;2;55;68;91m██[38;2;97;136;163m██[38;2;97;136;163m██[38;2;97;136;163m██[38;2;97;136;163m██[38;2;97;136;163m██[38;2;97;136;163m██[38;2;97;136;163m██[38;2;97;136;163m██[38;2;97;136;163m██[38;2;55;68;91m██[38;2;55;68;91m██[38;2;55;68;91m██[38;2;55;68;91m██[38;2;97;136;163m██[38;2;55;68;91m██[38;2;14;14;14m██[38;2;60;145;178m██[38;2;60;145;178m██[38;2;60;145;178m██[38;2;60;145;178m██[38;2;60;145;178m██[38;2;60;145;178m██[38;2;60;145;178m██[38;2;39;95;137m██[38;2;39;95;137m██[38;2;39;95;137m██[38;2;39;95;137m██[38;2;39;95;137m██[38;2;39;95;137m██[38;2;39;95;137m██[38;2;39;95;137m██[38;2;39;95;137m██[38;2;39;95;137m██[38;2;14;14;14m██[38;2;249;249;249m██[38;2;249;249;249m██[38;2;249;249;249m██[38;2;249;249;249m██[38;2;249;249;249m██[38;2;249;249;249m██[38;2;249;249;249m██[38;2;249;249;249m██[38;2;249;249;249m██[38;2;113;113;121m██                        
  [38;2;113;113;121m██[38;2;249;249;249m██[38;2;249;249;249m██[38;2;249;249;249m██[38;2;249;249;249m██[38;2;249;249;249m██[38;2;249;249;249m██[38;2;249;249;249m██[38;2;249;249;249m██[38;2;249;249;249m██[38;2;249;249;249m██[38;2;249;249;249m██[38;2;249;249;249m██[38;2;249;249;249m██[38;2;249;249;249m██[38;2;249;249;249m██[38;2;249;249;249m██[38;2;249;249;249m██[38;2;38;50;70m██[38;2;60;145;178m██[38;2;60;145;178m██[38;2;60;145;178m██[38;2;60;145;178m██[38;2;39;95;137m██[38;2;39;95;137m██[38;2;39;95;137m██[38;2;39;95;137m██[38;2;14;14;14m██[38;2;165;173;197m██[38;2;38;50;70m██[38;2;38;50;70m██[38;2;97;136;163m██[38;2;97;136;163m██[38;2;97;136;163m██[38;2;97;136;163m██[38;2;38;50;70m██[38;2;38;50;70m██[38;2;14;14;14m██[38;2;97;136;163m██[38;2;97;136;163m██[38;2;97;136;163m██[38;2;97;136;163m██[38;2;97;136;163m██[38;2;97;136;163m██[38;2;97;136;163m██[38;2;55;68;91m██[38;2;55;68;91m██[38;2;55;68;91m██[38;2;14;14;14m██[38;2;60;145;178m██[38;2;60;145;178m██[38;2;60;145;178m██[38;2;60;145;178m██[38;2;60;145;178m██[38;2;60;145;178m██[38;2;39;95;137m██[38;2;39;95;137m██[38;2;39;95;137m██[38;2;39;95;137m██[38;2;39;95;137m██[38;2;39;95;137m██[38;2;39;95;137m██[38;2;39;95;137m██[38;2;39;95;137m██[38;2;39;95;137m██[38;2;39;95;137m██[38;2;38;50;70m██[38;2;249;249;249m██[38;2;249;249;249m██[38;2;249;249;249m██[38;2;249;249;249m██[38;2;249;249;249m██[38;2;249;249;249m██[38;2;249;249;249m██[38;2;249;249;249m██[38;2;249;249;249m██[38;2;249;249;249m██[38;2;113;113;121m██                      
[38;2;113;113;121m██[38;2;249;249;249m██[38;2;249;249;249m██[38;2;249;249;249m██[38;2;249;249;249m██[38;2;249;249;249m██[38;2;249;249;249m██[38;2;249;249;249m██[38;2;249;249;249m██[38;2;249;249;249m██[38;2;249;249;249m██[38;2;249;249;249m██[38;2;249;249;249m██[38;2;249;249;249m██[38;2;249;249;249m██[38;2;249;249;249m██[38;2;249;249;249m██[38;2;249;249;249m██[38;2;249;249;249m██[38;2;249;249;249m██[38;2;14;14;14m██[38;2;60;145;178m██[38;2;60;145;178m██[38;2;60;145;178m██[38;2;39;95;137m██[38;2;39;95;137m██[38;2;39;95;137m██[38;2;39;95;137m██[38;2;14;14;14m██[38;2;38;50;70m██[38;2;55;68;91m██[38;2;97;136;163m██[38;2;97;136;163m██[38;2;38;50;70m██[38;2;38;50;70m██[38;2;38;50;70m██[38;2;39;95;137m██[38;2;39;95;137m██[38;2;39;95;137m██[38;2;14;14;14m██[38;2;14;14;14m██[38;2;97;136;163m██[38;2;97;136;163m██[38;2;97;136;163m██[38;2;97;136;163m██[38;2;97;136;163m██[38;2;97;136;163m██[38;2;97;136;163m██[38;2;14;14;14m██[38;2;60;145;178m██[38;2;60;145;178m██[38;2;60;145;178m██[38;2;60;145;178m██[38;2;60;145;178m██[38;2;60;145;178m██[38;2;39;95;137m██[38;2;39;95;137m██[38;2;39;95;137m██[38;2;39;95;137m██[38;2;39;95;137m██[38;2;39;95;137m██[38;2;39;95;137m██[38;2;39;95;137m██[38;2;39;95;137m██[38;2;39;95;137m██[38;2;39;95;137m██[38;2;38;50;70m██[38;2;249;249;249m██[38;2;249;249;249m██[38;2;249;249;249m██[38;2;249;249;249m██[38;2;249;249;249m██[38;2;249;249;249m██[38;2;249;249;249m██[38;2;249;249;249m██[38;2;249;249;249m██[38;2;249;249;249m██[38;2;249;249;249m██[38;2;249;249;249m██[38;2;113;113;121m██                    
[38;2;113;113;121m██[38;2;113;113;121m██[38;2;113;113;121m██[38;2;113;113;121m██[38;2;113;113;121m██[38;2;113;113;121m██[38;2;113;113;121m██[38;2;113;113;121m██[38;2;113;113;121m██[38;2;113;113;121m██[38;2;113;113;121m██[38;2;113;113;121m██[38;2;113;113;121m██[38;2;113;113;121m██[38;2;113;113;121m██[38;2;113;113;121m██[38;2;249;249;249m██[38;2;249;249;249m██[38;2;249;249;249m██[38;2;249;249;249m██[38;2;14;14;14m██[38;2;60;145;178m██[38;2;60;145;178m██[38;2;60;145;178m██[38;2;39;95;137m██[38;2;39;95;137m██[38;2;39;95;137m██[38;2;38;50;70m██[38;2;14;14;14m██[38;2;55;68;91m██[38;2;97;136;163m██[38;2;38;50;70m██[38;2;38;50;70m██[38;2;39;95;137m██[38;2;39;95;137m██[38;2;39;95;137m██[38;2;39;95;137m██[38;2;39;95;137m██[38;2;39;95;137m██[38;2;39;95;137m██[38;2;38;50;70m██[38;2;14;14;14m██[38;2;97;136;163m██[38;2;97;136;163m██[38;2;97;136;163m██[38;2;97;136;163m██[38;2;97;136;163m██[38;2;97;136;163m██[38;2;14;14;14m██[38;2;60;145;178m██[38;2;60;145;178m██[38;2;60;145;178m██[38;2;60;145;178m██[38;2;60;145;178m██[38;2;39;95;137m██[38;2;39;95;137m██[38;2;39;95;137m██[38;2;39;95;137m██[38;2;39;95;137m██[38;2;39;95;137m██[38;2;39;95;137m██[38;2;39;95;137m██[38;2;39;95;137m██[38;2;39;95;137m██[38;2;39;95;137m██[38;2;38;50;70m██[38;2;249;249;249m██[38;2;249;249;249m██[38;2;249;249;249m██[38;2;165;173;197m██[38;2;165;173;197m██[38;2;165;173;197m██[38;2;165;173;197m██[38;2;165;173;197m██[38;2;165;173;197m██[38;2;165;173;197m██[38;2;165;173;197m██[38;2;165;173;197m██[38;2;165;173;197m██[38;2;165;173;197m██[38;2;113;113;121m██                  
                                [38;2;113;113;121m██[38;2;113;113;121m██[38;2;113;113;121m██[38;2;113;113;121m██[38;2;113;113;121m██[38;2;14;14;14m██[38;2;60;145;178m██[38;2;60;145;178m██[38;2;39;95;137m██[38;2;39;95;137m██[38;2;39;95;137m██[38;2;14;14;14m██[38;2;55;68;91m██[38;2;14;14;14m██[38;2;38;50;70m██[38;2;60;145;178m██[38;2;39;95;137m██[38;2;38;50;70m██[38;2;39;95;137m██[38;2;39;95;137m██[38;2;39;95;137m██[38;2;39;95;137m██[38;2;39;95;137m██[38;2;39;95;137m██[38;2;60;145;178m██[38;2;39;95;137m██[38;2;14;14;14m██[38;2;14;14;14m██[38;2;97;136;163m██[38;2;97;136;163m██[38;2;97;136;163m██[38;2;55;68;91m██[38;2;14;14;14m██[38;2;60;145;178m██[38;2;60;145;178m██[38;2;60;145;178m██[38;2;60;145;178m██[38;2;39;95;137m██[38;2;39;95;137m██[38;2;39;95;137m██[38;2;39;95;137m██[38;2;39;95;137m██[38;2;39;95;137m██[38;2;39;95;137m██[38;2;39;95;137m██[38;2;39;95;137m██[38;2;39;95;137m██[38;2;39;95;137m██[38;2;38;50;70m██[38;2;249;249;249m██[38;2;249;249;249m██[38;2;249;249;249m██[38;2;165;173;197m██[38;2;249;249;249m██[38;2;249;249;249m██[38;2;249;249;249m██[38;2;249;249;249m██[38;2;249;249;249m██[38;2;249;249;249m██[38;2;249;249;249m██[38;2;249;249;249m██[38;2;249;249;249m██[38;2;249;249;249m██[38;2;249;249;249m██[38;2;249;249;249m██[38;2;113;113;121m██                
                                          [38;2;14;14;14m██[38;2;60;145;178m██[38;2;60;145;178m██[38;2;60;145;178m██[38;2;39;95;137m██[38;2;14;14;14m██[38;2;55;68;91m██[38;2;14;14;14m██[38;2;38;50;70m██[38;2;60;145;178m██[38;2;60;145;178m██[38;2;38;50;70m██[38;2;39;95;137m██[38;2;39;95;137m██[38;2;39;95;137m██[38;2;39;95;137m██[38;2;39;95;137m██[38;2;39;95;137m██[38;2;39;95;137m██[38;2;60;145;178m██[38;2;60;145;178m██[38;2;39;95;137m██[38;2;39;95;137m██[38;2;14;14;14m██[38;2;97;136;163m██[38;2;55;68;91m██[38;2;55;68;91m██[38;2;14;14;14m██[38;2;60;145;178m██[38;2;60;145;178m██[38;2;60;145;178m██[38;2;39;95;137m██[38;2;39;95;137m██[38;2;39;95;137m██[38;2;39;95;137m██[38;2;39;95;137m██[38;2;39;95;137m██[38;2;39;95;137m██[38;2;39;95;137m██[38;2;39;95;137m██[38;2;39;95;137m██[38;2;39;95;137m██[38;2;14;14;14m██[38;2;249;249;249m██[38;2;249;249;249m██[38;2;249;249;249m██[38;2;249;249;249m██[38;2;165;173;197m██[38;2;249;249;249m██[38;2;249;249;249m██[38;2;249;249;249m██[38;2;249;249;249m██[38;2;249;249;249m██[38;2;249;249;249m██[38;2;249;249;249m██[38;2;249;249;249m██[38;2;249;249;249m██[38;2;249;249;249m██[38;2;249;249;249m██[38;2;249;249;249m██[38;2;165;173;197m██[38;2;113;113;121m██              
                                            [38;2;14;14;14m██[38;2;60;145;178m██[38;2;60;145;178m██[38;2;39;95;137m██[38;2;14;14;14m██[38;2;14;14;14m██[38;2;39;95;137m██[38;2;60;145;178m██[38;2;60;145;178m██[38;2;39;95;137m██[38;2;39;95;137m██[38;2;39;95;137m██[38;2;39;95;137m██[38;2;39;95;137m██[38;2;39;95;137m██[38;2;39;95;137m██[38;2;39;95;137m██[38;2;39;95;137m██[38;2;60;145;178m██[38;2;60;145;178m██[38;2;60;145;178m██[38;2;39;95;137m██[38;2;39;95;137m██[38;2;14;14;14m██[38;2;55;68;91m██[38;2;55;68;91m██[38;2;14;14;14m██[38;2;60;145;178m██[38;2;60;145;178m██[38;2;39;95;137m██[38;2;39;95;137m██[38;2;39;95;137m██[38;2;39;95;137m██[38;2;39;95;137m██[38;2;39;95;137m██[38;2;39;95;137m██[38;2;39;95;137m██[38;2;39;95;137m██[38;2;39;95;137m██[38;2;39;95;137m██[38;2;14;14;14m██[38;2;165;173;197m██[38;2;165;173;197m██[38;2;249;249;249m██[38;2;249;249;249m██[38;2;165;173;197m██[38;2;249;249;249m██[38;2;249;249;249m██[38;2;249;249;249m██[38;2;249;249;249m██[38;2;249;249;249m██[38;2;249;249;249m██[38;2;249;249;249m██[38;2;249;249;249m██[38;2;249;249;249m██[38;2;249;249;249m██[38;2;249;249;249m██[38;2;249;249;249m██[38;2;249;249;249m██[38;2;249;249;249m██[38;2;113;113;121m██              
                                            [38;2;14;14;14m██[38;2;38;50;70m██[38;2;60;145;178m██[38;2;14;14;14m██[38;2;38;50;70m██[38;2;60;145;178m██[38;2;60;145;178m██[38;2;60;145;178m██[38;2;60;145;178m██[38;2;38;50;70m██[38;2;39;95;137m██[38;2;39;95;137m██[38;2;39;95;137m██[38;2;39;95;137m██[38;2;39;95;137m██[38;2;39;95;137m██[38;2;39;95;137m██[38;2;39;95;137m██[38;2;39;95;137m██[38;2;60;145;178m██[38;2;60;145;178m██[38;2;39;95;137m██[38;2;39;95;137m██[38;2;39;95;137m██[38;2;14;14;14m██[38;2;55;68;91m██[38;2;14;14;14m██[38;2;60;145;178m██[38;2;60;145;178m██[38;2;39;95;137m██[38;2;39;95;137m██[38;2;39;95;137m██[38;2;39;95;137m██[38;2;39;95;137m██[38;2;39;95;137m██[38;2;39;95;137m██[38;2;39;95;137m██[38;2;39;95;137m██[38;2;39;95;137m██[38;2;14;14;14m██[38;2;249;249;249m██[38;2;249;249;249m██[38;2;249;249;249m██[38;2;165;173;197m██[38;2;165;173;197m██[38;2;165;173;197m██[38;2;165;173;197m██[38;2;249;249;249m██[38;2;249;249;249m██[38;2;249;249;249m██[38;2;249;249;249m██[38;2;249;249;249m██[38;2;249;249;249m██[38;2;249;249;249m██[38;2;249;249;249m██[38;2;249;249;249m██[38;2;249;249;249m██[38;2;249;249;249m██[38;2;249;249;249m██[38;2;249;249;249m██[38;2;249;249;249m██[38;2;113;113;121m██            
                                              [38;2;14;14;14m██[38;2;60;145;178m██[38;2;38;50;70m██[38;2;60;145;178m██[38;2;60;145;178m██[38;2;60;145;178m██[38;2;60;145;178m██[38;2;60;145;178m██[38;2;38;50;70m██[38;2;39;95;137m██[38;2;39;95;137m██[38;2;39;95;137m██[38;2;39;95;137m██[38;2;39;95;137m██[38;2;39;95;137m██[38;2;39;95;137m██[38;2;39;95;137m██[38;2;39;95;137m██[38;2;60;145;178m██[38;2;60;145;178m██[38;2;39;95;137m██[38;2;39;95;137m██[38;2;39;95;137m██[38;2;39;95;137m██[38;2;14;14;14m██[38;2;14;14;14m██[38;2;60;145;178m██[38;2;39;95;137m██[38;2;39;95;137m██[38;2;39;95;137m██[38;2;39;95;137m██[38;2;39;95;137m██[38;2;39;95;137m██[38;2;39;95;137m██[38;2;14;14;14m██[38;2;14;14;14m██[38;2;14;14;14m██[38;2;14;14;14m██[38;2;249;249;249m██[38;2;249;249;249m██[38;2;249;249;249m██[38;2;249;249;249m██[38;2;249;249;249m██[38;2;249;249;249m██[38;2;249;249;249m██[38;2;249;249;249m██[38;2;165;173;197m██[38;2;165;173;197m██[38;2;165;173;197m██[38;2;165;173;197m██[38;2;165;173;197m██[38;2;249;249;249m██[38;2;249;249;249m██[38;2;249;249;249m██[38;2;249;249;249m██[38;2;249;249;249m██[38;2;249;249;249m██[38;2;249;249;249m██[38;2;249;249;249m██[38;2;249;249;249m██[38;2;249;249;249m██[38;2;113;113;121m██          
                                                [38;2;38;50;70m██[38;2;39;95;137m██[38;2;60;145;178m██[38;2;60;145;178m██[38;2;60;145;178m██[38;2;38;50;70m██[38;2;38;50;70m██[38;2;38;50;70m██[38;2;38;50;70m██[38;2;38;50;70m██[38;2;39;95;137m██[38;2;39;95;137m██[38;2;39;95;137m██[38;2;39;95;137m██[38;2;39;95;137m██[38;2;39;95;137m██[38;2;39;95;137m██[38;2;60;145;178m██[38;2;60;145;178m██[38;2;60;145;178m██[38;2;39;95;137m██[38;2;39;95;137m██[38;2;39;95;137m██[38;2;39;95;137m██[38;2;14;14;14m██[38;2;60;145;178m██[38;2;39;95;137m██[38;2;39;95;137m██[38;2;14;14;14m██[38;2;14;14;14m██[38;2;14;14;14m██[38;2;14;14;14m██[38;2;14;14;14m██[38;2;97;136;163m██[38;2;249;249;249m██[38;2;249;249;249m██[38;2;249;249;249m██[38;2;249;249;249m██[38;2;249;249;249m██[38;2;249;249;249m██[38;2;249;249;249m██[38;2;249;249;249m██[38;2;249;249;249m██[38;2;249;249;249m██[38;2;249;249;249m██[38;2;249;249;249m██[38;2;249;249;249m██[38;2;249;249;249m██[38;2;249;249;249m██[38;2;249;249;249m██[38;2;165;173;197m██[38;2;165;173;197m██[38;2;165;173;197m██[38;2;165;173;197m██[38;2;165;173;197m██[38;2;249;249;249m██[38;2;249;249;249m██[38;2;249;249;249m██[38;2;249;249;249m██[38;2;249;249;249m██[38;2;165;173;197m██[38;2;113;113;121m██        
                                                [38;2;38;50;70m██[38;2;60;145;178m██[38;2;60;145;178m██[38;2;39;95;137m██[38;2;38;50;70m██[38;2;60;145;178m██[38;2;39;95;137m██[38;2;39;95;137m██[38;2;39;95;137m██[38;2;39;95;137m██[38;2;38;50;70m██[38;2;38;50;70m██[38;2;39;95;137m██[38;2;39;95;137m██[38;2;39;95;137m██[38;2;39;95;137m██[38;2;39;95;137m██[38;2;60;145;178m██[38;2;60;145;178m██[38;2;60;145;178m██[38;2;39;95;137m██[38;2;39;95;137m██[38;2;39;95;137m██[38;2;39;95;137m██[38;2;39;95;137m██[38;2;14;14;14m██[38;2;14;14;14m██[38;2;14;14;14m██[38;2;37;41;47m██[38;2;14;14;14m██[38;2;214;119;85m██[38;2;214;119;85m██[38;2;14;14;14m██[38;2;97;136;163m██[38;2;97;136;163m██[38;2;97;136;163m██[38;2;249;249;249m██[38;2;249;249;249m██[38;2;249;249;249m██[38;2;249;249;249m██[38;2;249;249;249m██[38;2;249;249;249m██[38;2;249;249;249m██[38;2;249;249;249m██[38;2;249;249;249m██[38;2;249;249;249m██[38;2;249;249;249m██[38;2;249;249;249m██[38;2;249;249;249m██[38;2;249;249;249m██[38;2;249;249;249m██[38;2;249;249;249m██[38;2;249;249;249m██[38;2;249;249;249m██[38;2;249;249;249m██[38;2;165;173;197m██[38;2;165;173;197m██[38;2;165;173;197m██[38;2;165;173;197m██[38;2;165;173;197m██[38;2;249;249;249m██[38;2;113;113;121m██        
                                              [38;2;38;50;70m██[38;2;60;145;178m██[38;2;60;145;178m██[38;2;39;95;137m██[38;2;60;145;178m██[38;2;60;145;178m██[38;2;60;145;178m██[38;2;38;50;70m██[38;2;39;95;137m██[38;2;39;95;137m██[38;2;39;95;137m██[38;2;39;95;137m██[38;2;39;95;137m██[38;2;38;50;70m██[38;2;14;14;14m██[38;2;39;95;137m██[38;2;39;95;137m██[38;2;39;95;137m██[38;2;60;145;178m██[38;2;60;145;178m██[38;2;60;145;178m██[38;2;39;95;137m██[38;2;39;95;137m██[38;2;39;95;137m██[38;2;38;50;70m██[38;2;38;50;70m██[38;2;39;95;137m██[38;2;14;14;14m██[38;2;37;41;47m██[38;2;37;41;47m██[38;2;14;14;14m██[38;2;214;119;85m██[38;2;14;14;14m██  [38;2;14;14;14m██[38;2;14;14;14m██[38;2;14;14;14m██[38;2;113;113;121m██[38;2;249;249;249m██[38;2;249;249;249m██[38;2;249;249;249m██[38;2;249;249;249m██[38;2;249;249;249m██[38;2;249;249;249m██[38;2;249;249;249m██[38;2;249;249;249m██[38;2;249;249;249m██[38;2;249;249;249m██[38;2;249;249;249m██[38;2;249;249;249m██[38;2;249;249;249m██[38;2;249;249;249m██[38;2;249;249;249m██[38;2;249;249;249m██[38;2;249;249;249m██[38;2;249;249;249m██[38;2;249;249;249m██[38;2;249;249;249m██[38;2;249;249;249m██[38;2;249;249;249m██[38;2;249;249;249m██[38;2;165;173;197m██[38;2;165;173;197m██[38;2;113;113;121m██      
                                        [38;2;38;50;70m██[38;2;38;50;70m██[38;2;38;50;70m██[38;2;38;50;70m██[38;2;38;50;70m██[38;2;39;95;137m██[38;2;60;145;178m██[38;2;60;145;178m██[38;2;60;145;178m██[38;2;60;145;178m██[38;2;38;50;70m██[38;2;39;95;137m██[38;2;39;95;137m██[38;2;39;95;137m██[38;2;39;95;137m██[38;2;39;95;137m██[38;2;39;95;137m██[38;2;39;95;137m██[38;2;14;14;14m██[38;2;39;95;137m██[38;2;39;95;137m██[38;2;60;145;178m██[38;2;60;145;178m██[38;2;39;95;137m██[38;2;39;95;137m██[38;2;38;50;70m██[38;2;38;50;70m██[38;2;39;95;137m██[38;2;39;95;137m██[38;2;39;95;137m██[38;2;14;14;14m██[38;2;37;41;47m██[38;2;55;68;91m██[38;2;14;14;14m██[38;2;37;41;47m██[38;2;14;14;14m██    [38;2;14;14;14m██[38;2;37;41;47m██[38;2;37;41;47m██[38;2;113;113;121m██[38;2;113;113;121m██[38;2;113;113;121m██[38;2;113;113;121m██[38;2;113;113;121m██[38;2;249;249;249m██[38;2;249;249;249m██[38;2;249;249;249m██[38;2;249;249;249m██[38;2;249;249;249m██[38;2;249;249;249m██[38;2;249;249;249m██[38;2;249;249;249m██[38;2;249;249;249m██[38;2;249;249;249m██[38;2;249;249;249m██[38;2;249;249;249m██[38;2;249;249;249m██[38;2;249;249;249m██[38;2;249;249;249m██[38;2;249;249;249m██[38;2;249;249;249m██[38;2;249;249;249m██[38;2;249;249;249m██[38;2;249;249;249m██[38;2;165;173;197m██[38;2;113;113;121m██    
                            [38;2;38;50;70m██[38;2;38;50;70m██[38;2;38;50;70m██[38;2;38;50;70m██[38;2;38;50;70m██[38;2;38;50;70m██[38;2;39;95;137m██[38;2;60;145;178m██[38;2;60;145;178m██[38;2;60;145;178m██[38;2;39;95;137m██[38;2;60;145;178m██[38;2;60;145;178m██[38;2;60;145;178m██[38;2;60;145;178m██[38;2;39;95;137m██[38;2;39;95;137m██[38;2;39;95;137m██[38;2;39;95;137m██[38;2;39;95;137m██[38;2;39;95;137m██[38;2;39;95;137m██[38;2;39;95;137m██[38;2;39;95;137m██[38;2;39;95;137m██[38;2;14;14;14m██[38;2;39;95;137m██[38;2;60;145;178m██[38;2;39;95;137m██[38;2;38;50;70m██[38;2;38;50;70m██[38;2;39;95;137m██[38;2;39;95;137m██[38;2;39;95;137m██[38;2;39;95;137m██[38;2;39;95;137m██[38;2;14;14;14m██[38;2;55;68;91m██[38;2;55;68;91m██[38;2;14;14;14m██[38;2;37;41;47m██[38;2;14;14;14m██      [38;2;14;14;14m██[38;2;37;41;47m██[38;2;37;41;47m██[38;2;14;14;14m██      [38;2;113;113;121m██[38;2;113;113;121m██[38;2;113;113;121m██[38;2;113;113;121m██[38;2;249;249;249m██[38;2;249;249;249m██[38;2;249;249;249m██[38;2;249;249;249m██[38;2;249;249;249m██[38;2;249;249;249m██[38;2;249;249;249m██[38;2;249;249;249m██[38;2;249;249;249m██[38;2;249;249;249m██[38;2;249;249;249m██[38;2;249;249;249m██[38;2;249;249;249m██[38;2;249;249;249m██[38;2;249;249;249m██[38;2;249;249;249m██[38;2;249;249;249m██[38;2;113;113;121m██    
                            [38;2;147;73;36m██[38;2;242;235;147m██[38;2;242;235;147m██[38;2;60;145;178m██[38;2;60;145;178m██[38;2;60;145;178m██[38;2;60;145;178m██[38;2;60;145;178m██[38;2;60;145;178m██[38;2;39;95;137m██[38;2;38;50;70m██[38;2;60;145;178m██[38;2;60;145;178m██[38;2;60;145;178m██[38;2;60;145;178m██[38;2;38;50;70m██[38;2;39;95;137m██[38;2;39;95;137m██[38;2;39;95;137m██[38;2;39;95;137m██[38;2;39;95;137m██[38;2;39;95;137m██[38;2;39;95;137m██[38;2;39;95;137m██[38;2;39;95;137m██[38;2;39;95;137m██[38;2;14;14;14m██[38;2;39;95;137m██[38;2;38;50;70m██[38;2;39;95;137m██[38;2;39;95;137m██[38;2;39;95;137m██[38;2;39;95;137m██[38;2;39;95;137m██[38;2;39;95;137m██[38;2;14;14;14m██[38;2;37;41;47m██[38;2;55;68;91m██[38;2;37;41;47m██[38;2;14;14;14m██[38;2;14;14;14m██          [38;2;14;14;14m██[38;2;37;41;47m██[38;2;37;41;47m██[38;2;14;14;14m██            [38;2;113;113;121m██[38;2;113;113;121m██[38;2;113;113;121m██[38;2;113;113;121m██[38;2;249;249;249m██[38;2;249;249;249m██[38;2;249;249;249m██[38;2;249;249;249m██[38;2;249;249;249m██[38;2;249;249;249m██[38;2;249;249;249m██[38;2;249;249;249m██[38;2;249;249;249m██[38;2;249;249;249m██[38;2;249;249;249m██[38;2;249;249;249m██[38;2;249;249;249m██[38;2;249;249;249m██[38;2;113;113;121m██  
                              [38;2;147;73;36m██[38;2;147;73;36m██[38;2;242;235;147m██[38;2;242;235;147m██[38;2;214;119;85m██[38;2;60;145;178m██[38;2;60;145;178m██[38;2;60;145;178m██[38;2;39;95;137m██[38;2;14;14;14m██[38;2;38;50;70m██[38;2;60;145;178m██[38;2;60;145;178m██[38;2;60;145;178m██[38;2;38;50;70m██[38;2;39;95;137m██[38;2;39;95;137m██[38;2;39;95;137m██[38;2;39;95;137m██[38;2;39;95;137m██[38;2;39;95;137m██[38;2;39;95;137m██[38;2;39;95;137m██[38;2;39;95;137m██[38;2;38;50;70m██[38;2;39;95;137m██[38;2;14;14;14m██[38;2;14;14;14m██[38;2;14;14;14m██[38;2;39;95;137m██[38;2;39;95;137m██[38;2;39;95;137m██[38;2;39;95;137m██[38;2;39;95;137m██[38;2;14;14;14m██[38;2;55;68;91m██[38;2;55;68;91m██[38;2;14;14;14m██[38;2;14;14;14m██[38;2;14;14;14m██            [38;2;14;14;14m██[38;2;55;68;91m██[38;2;14;14;14m██                    [38;2;113;113;121m██[38;2;113;113;121m██[38;2;113;113;121m██[38;2;113;113;121m██[38;2;249;249;249m██[38;2;249;249;249m██[38;2;249;249;249m██[38;2;249;249;249m██[38;2;249;249;249m██[38;2;249;249;249m██[38;2;249;249;249m██[38;2;249;249;249m██[38;2;249;249;249m██[38;2;249;249;249m██[38;2;113;113;121m██  
                                  [38;2;147;73;36m██[38;2;147;73;36m██[38;2;242;235;147m██[38;2;242;235;147m██[38;2;214;119;85m██[38;2;60;145;178m██[38;2;39;95;137m██[38;2;14;14;14m██[38;2;214;119;85m██[38;2;60;145;178m██[38;2;60;145;178m██[38;2;60;145;178m██[38;2;38;50;70m██[38;2;39;95;137m██[38;2;39;95;137m██[38;2;39;95;137m██[38;2;39;95;137m██[38;2;39;95;137m██[38;2;39;95;137m██[38;2;39;95;137m██[38;2;14;14;14m██[38;2;14;14;14m██[38;2;242;235;147m██[38;2;14;14;14m██[38;2;39;95;137m██[38;2;60;145;178m██[38;2;39;95;137m██[38;2;14;14;14m██[38;2;14;14;14m██[38;2;14;14;14m██[38;2;14;14;14m██[38;2;39;95;137m██[38;2;14;14;14m██[38;2;55;68;91m██[38;2;37;41;47m██[38;2;14;14;14m██[38;2;37;41;47m██[38;2;14;14;14m██          [38;2;14;14;14m██[38;2;14;14;14m██[38;2;37;41;47m██[38;2;14;14;14m██                            [38;2;113;113;121m██[38;2;113;113;121m██[38;2;113;113;121m██[38;2;113;113;121m██[38;2;249;249;249m██[38;2;249;249;249m██[38;2;249;249;249m██[38;2;249;249;249m██[38;2;249;249;249m██[38;2;249;249;249m██[38;2;249;249;249m██[38;2;113;113;121m██
                                      [38;2;147;73;36m██[38;2;242;235;147m██[38;2;242;235;147m██[38;2;39;95;137m██[38;2;39;95;137m██[38;2;14;14;14m██[38;2;249;249;249m██[38;2;38;50;70m██[38;2;60;145;178m██[38;2;60;145;178m██[38;2;38;50;70m██[38;2;39;95;137m██[38;2;39;95;137m██[38;2;39;95;137m██[38;2;39;95;137m██[38;2;39;95;137m██[38;2;14;14;14m██[38;2;14;14;14m██[38;2;214;119;85m██[38;2;242;235;147m██[38;2;14;14;14m██[38;2;14;14;14m██[38;2;39;95;137m██[38;2;60;145;178m██[38;2;60;145;178m██[38;2;60;145;178m██[38;2;60;145;178m██[38;2;39;95;137m██[38;2;39;95;137m██[38;2;14;14;14m██[38;2;14;14;14m██[38;2;14;14;14m██[38;2;14;14;14m██[38;2;37;41;47m██[38;2;37;41;47m██[38;2;37;41;47m██[38;2;14;14;14m██        [38;2;14;14;14m██[38;2;55;68;91m██[38;2;37;41;47m██[38;2;14;14;14m██                                    [38;2;113;113;121m██[38;2;113;113;121m██[38;2;113;113;121m██[38;2;113;113;121m██[38;2;249;249;249m██[38;2;249;249;249m██[38;2;249;249;249m██[38;2;113;113;121m██
                                      [38;2;147;73;36m██[38;2;249;249;249m██[38;2;242;235;147m██[38;2;39;95;137m██[38;2;39;95;137m██[38;2;14;14;14m██[38;2;242;235;147m██[38;2;249;249;249m██[38;2;38;50;70m██[38;2;60;145;178m██[38;2;39;95;137m██[38;2;39;95;137m██[38;2;39;95;137m██[38;2;39;95;137m██[38;2;38;50;70m██[38;2;14;14;14m██[38;2;242;235;147m██[38;2;249;249;249m██[38;2;214;119;85m██[38;2;242;235;147m██[38;2;14;14;14m██[38;2;14;14;14m██[38;2;39;95;137m██[38;2;39;95;137m██[38;2;60;145;178m██[38;2;60;145;178m██[38;2;60;145;178m██[38;2;60;145;178m██[38;2;60;145;178m██[38;2;60;145;178m██[38;2;39;95;137m██[38;2;39;95;137m██[38;2;14;14;14m██[38;2;14;14;14m██[38;2;14;14;14m██[38;2;37;41;47m██[38;2;14;14;14m██        [38;2;14;14;14m██[38;2;55;68;91m██[38;2;14;14;14m██                                              [38;2;113;113;121m██[38;2;113;113;121m██[38;2;113;113;121m██[38;2;113;113;121m██
                                      [38;2;147;73;36m██[38;2;249;249;249m██[38;2;39;95;137m██[38;2;39;95;137m██[38;2;39;95;137m██[38;2;38;50;70m██[38;2;214;119;85m██[38;2;214;119;85m██[38;2;242;235;147m██[38;2;38;50;70m██[38;2;39;95;137m██[38;2;38;50;70m██[38;2;14;14;14m██[38;2;14;14;14m██[38;2;214;119;85m██[38;2;249;249;249m██[38;2;249;249;249m██[38;2;242;235;147m██[38;2;242;235;147m██[38;2;14;14;14m██[38;2;14;14;14m██[38;2;39;95;137m██[38;2;39;95;137m██[38;2;39;95;137m██[38;2;39;95;137m██[38;2;60;145;178m██[38;2;60;145;178m██[38;2;60;145;178m██[38;2;60;145;178m██[38;2;60;145;178m██[38;2;60;145;178m██[38;2;60;145;178m██[38;2;60;145;178m██[38;2;39;95;137m██[38;2;39;95;137m██[38;2;14;14;14m██[38;2;14;14;14m██[38;2;14;14;14m██    [38;2;14;14;14m██[38;2;55;68;91m██[38;2;55;68;91m██[38;2;14;14;14m██                                                      
                                    [38;2;147;73;36m██[38;2;249;249;249m██[38;2;242;235;147m██[38;2;39;95;137m██[38;2;39;95;137m██[38;2;39;95;137m██[38;2;39;95;137m██[38;2;14;14;14m██[38;2;242;235;147m██[38;2;14;14;14m██[38;2;211;130;103m██[38;2;38;50;70m██[38;2;211;130;103m██[38;2;14;14;14m██[38;2;242;235;147m██[38;2;242;235;147m██[38;2;242;235;147m██[38;2;214;119;85m██[38;2;214;119;85m██[38;2;242;235;147m██[38;2;14;14;14m██[38;2;39;95;137m██[38;2;39;95;137m██[38;2;39;95;137m██[38;2;211;130;103m██[38;2;211;130;103m██[38;2;242;235;147m██[38;2;242;235;147m██[38;2;242;235;147m██[38;2;242;235;147m██[38;2;249;249;249m██[38;2;249;249;249m██[38;2;249;249;249m██[38;2;249;249;249m██[38;2;249;249;249m██[38;2;249;249;249m██[38;2;249;249;249m██[38;2;242;235;147m██[38;2;242;235;147m██[38;2;14;14;14m██  [38;2;14;14;14m██[38;2;55;68;91m██[38;2;55;68;91m██[38;2;14;14;14m██                                                      
                                    [38;2;147;73;36m██[38;2;249;249;249m██[38;2;39;95;137m██[38;2;39;95;137m██[38;2;39;95;137m██[38;2;39;95;137m██[38;2;39;95;137m██[38;2;14;14;14m██[38;2;14;14;14m██[38;2;211;130;103m██[38;2;137;88;63m██[38;2;211;130;103m██[38;2;211;130;103m██[38;2;211;130;103m██[38;2;211;130;103m██[38;2;14;14;14m██[38;2;242;235;147m██[38;2;242;235;147m██[38;2;242;235;147m██[38;2;14;14;14m██[38;2;39;95;137m██[38;2;60;145;178m██[38;2;39;95;137m██[38;2;211;130;103m██[38;2;242;235;147m██[38;2;249;249;249m██[38;2;249;249;249m██[38;2;249;249;249m██[38;2;249;249;249m██[38;2;249;249;249m██[38;2;249;249;249m██[38;2;242;235;147m██[38;2;242;235;147m██[38;2;242;235;147m██[38;2;211;130;103m██[38;2;147;73;36m██[38;2;147;73;36m██[38;2;14;14;14m██[38;2;14;14;14m██[38;2;14;14;14m██  [38;2;14;14;14m██[38;2;55;68;91m██[38;2;37;41;47m██[38;2;14;14;14m██                                                      
                                    [38;2;147;73;36m██[38;2;249;249;249m██[38;2;39;95;137m██[38;2;39;95;137m██[38;2;39;95;137m██[38;2;60;145;178m██[38;2;39;95;137m██[38;2;39;95;137m██[38;2;14;14;14m██[38;2;211;130;103m██[38;2;211;130;103m██[38;2;137;88;63m██[38;2;137;88;63m██[38;2;211;130;103m██[38;2;211;130;103m██[38;2;211;130;103m██[38;2;137;88;63m██[38;2;14;14;14m██[38;2;14;14;14m██[38;2;60;145;178m██[38;2;60;145;178m██[38;2;60;145;178m██[38;2;211;130;103m██[38;2;242;235;147m██[38;2;242;235;147m██[38;2;249;249;249m██[38;2;242;235;147m██[38;2;242;235;147m██[38;2;211;130;103m██[38;2;147;73;36m██[38;2;147;73;36m██[38;2;147;73;36m██[38;2;147;73;36m██[38;2;14;14;14m██[38;2;14;14;14m██[38;2;37;41;47m██[38;2;37;41;47m██[38;2;37;41;47m██[38;2;14;14;14m██  [38;2;14;14;14m██[38;2;55;68;91m██[38;2;55;68;91m██[38;2;14;14;14m██                                                        
                                  [38;2;147;73;36m██[38;2;249;249;249m██[38;2;39;95;137m██[38;2;39;95;137m██[38;2;39;95;137m██[38;2;39;95;137m██[38;2;60;145;178m██[38;2;39;95;137m██[38;2;14;14;14m██[38;2;37;41;47m██[38;2;137;88;63m██[38;2;211;130;103m██[38;2;137;88;63m██[38;2;211;130;103m██[38;2;211;130;103m██[38;2;38;50;70m██[38;2;38;50;70m██[38;2;14;14;14m██[38;2;60;145;178m██[38;2;60;145;178m██[38;2;60;145;178m██[38;2;60;145;178m██[38;2;211;130;103m██[38;2;242;235;147m██[38;2;242;235;147m██[38;2;242;235;147m██[38;2;147;73;36m██[38;2;147;73;36m██[38;2;147;73;36m██[38;2;147;73;36m██        [38;2;14;14;14m██[38;2;55;68;91m██[38;2;55;68;91m██[38;2;55;68;91m██[38;2;14;14;14m██    [38;2;14;14;14m██[38;2;55;68;91m██[38;2;55;68;91m██[38;2;14;14;14m██                                                        
                                  [38;2;147;73;36m██[38;2;249;249;249m██[38;2;39;95;137m██[38;2;39;95;137m██[38;2;39;95;137m██[38;2;60;145;178m██[38;2;60;145;178m██[38;2;14;14;14m██[38;2;37;41;47m██[38;2;55;68;91m██[38;2;37;41;47m██[38;2;14;14;14m██[38;2;137;88;63m██[38;2;137;88;63m██[38;2;137;88;63m██[38;2;38;50;70m██[38;2;60;145;178m██[38;2;60;145;178m██[38;2;60;145;178m██[38;2;60;145;178m██[38;2;60;145;178m██[38;2;211;130;103m██[38;2;242;235;147m██[38;2;242;235;147m██[38;2;242;235;147m██[38;2;147;73;36m██              [38;2;14;14;14m██[38;2;55;68;91m██[38;2;55;68;91m██[38;2;55;68;91m██[38;2;14;14;14m██      [38;2;14;14;14m██[38;2;14;14;14m██[38;2;37;41;47m██[38;2;14;14;14m██                                                        
                                [38;2;147;73;36m██[38;2;249;249;249m██[38;2;242;235;147m██[38;2;39;95;137m██[38;2;39;95;137m██[38;2;39;95;137m██[38;2;60;145;178m██[38;2;60;145;178m██[38;2;14;14;14m██[38;2;55;68;91m██[38;2;55;68;91m██[38;2;14;14;14m██  [38;2;14;14;14m██[38;2;14;14;14m██[38;2;14;14;14m██[38;2;39;95;137m██[38;2;60;145;178m██[38;2;60;145;178m██[38;2;60;145;178m██[38;2;60;145;178m██[38;2;211;130;103m██[38;2;242;235;147m██[38;2;242;235;147m██[38;2;242;235;147m██[38;2;147;73;36m██                [38;2;14;14;14m██[38;2;55;68;91m██[38;2;55;68;91m██[38;2;14;14;14m██[38;2;14;14;14m██    [38;2;14;14;14m██[38;2;165;173;197m██[38;2;165;173;197m██[38;2;14;14;14m██                                                          
                                [38;2;147;73;36m██[38;2;249;249;249m██[38;2;39;95;137m██[38;2;39;95;137m██[38;2;39;95;137m██[38;2;60;145;178m██[38;2;38;50;70m██[38;2;14;14;14m██[38;2;14;14;14m██[38;2;55;68;91m██[38;2;55;68;91m██[38;2;14;14;14m██      [38;2;38;50;70m██[38;2;39;95;137m██[38;2;60;145;178m██[38;2;60;145;178m██[38;2;60;145;178m██[38;2;211;130;103m██[38;2;242;235;147m██[38;2;242;235;147m██[38;2;242;235;147m██[38;2;147;73;36m██                [38;2;14;14;14m██[38;2;55;68;91m██[38;2;55;68;91m██[38;2;37;41;47m██[38;2;14;14;14m██      [38;2;113;113;121m██[38;2;249;249;249m██[38;2;165;173;197m██[38;2;14;14;14m██                                                          
                                [38;2;147;73;36m██[38;2;249;249;249m██[38;2;39;95;137m██[38;2;39;95;137m██[38;2;60;145;178m██[38;2;39;95;137m██[38;2;14;14;14m██[38;2;249;249;249m██[38;2;249;249;249m██[38;2;113;113;121m██[38;2;37;41;47m██  [38;2;38;50;70m██[38;2;38;50;70m██[38;2;38;50;70m██[38;2;60;145;178m██[38;2;60;145;178m██[38;2;60;145;178m██[38;2;60;145;178m██[38;2;211;130;103m██[38;2;242;235;147m██[38;2;242;235;147m██[38;2;242;235;147m██[38;2;147;73;36m██            [38;2;113;113;121m██[38;2;113;113;121m██[38;2;14;14;14m██[38;2;55;68;91m██[38;2;55;68;91m██[38;2;55;68;91m██[38;2;14;14;14m██        [38;2;113;113;121m██[38;2;249;249;249m██[38;2;14;14;14m██                                                            
                              [38;2;147;73;36m██[38;2;249;249;249m██[38;2;39;95;137m██[38;2;39;95;137m██[38;2;39;95;137m██[38;2;60;145;178m██[38;2;39;95;137m██[38;2;14;14;14m██[38;2;249;249;249m██[38;2;249;249;249m██[38;2;14;14;14m██[38;2;37;41;47m██  [38;2;38;50;70m██[38;2;60;145;178m██[38;2;60;145;178m██[38;2;60;145;178m██[38;2;60;145;178m██[38;2;60;145;178m██[38;2;60;145;178m██[38;2;242;235;147m██[38;2;242;235;147m██[38;2;242;235;147m██[38;2;147;73;36m██            [38;2;113;113;121m██[38;2;165;173;197m██[38;2;165;173;197m██[38;2;14;14;14m██[38;2;55;68;91m██[38;2;55;68;91m██[38;2;14;14;14m██          [38;2;113;113;121m██[38;2;249;249;249m██[38;2;14;14;14m██                                                            
                              [38;2;147;73;36m██[38;2;249;249;249m██[38;2;39;95;137m██[38;2;39;95;137m██[38;2;60;145;178m██[38;2;60;145;178m██[38;2;14;14;14m██[38;2;113;113;121m██[38;2;249;249;249m██[38;2;249;249;249m██[38;2;14;14;14m██[38;2;14;14;14m██  [38;2;38;50;70m██[38;2;60;145;178m██[38;2;60;145;178m██[38;2;60;145;178m██[38;2;60;145;178m██[38;2;60;145;178m██[38;2;242;235;147m██[38;2;242;235;147m██[38;2;242;235;147m██[38;2;147;73;36m██            [38;2;113;113;121m██[38;2;249;249;249m██[38;2;249;249;249m██[38;2;165;173;197m██[38;2;14;14;14m██[38;2;55;68;91m██[38;2;14;14;14m██            [38;2;113;113;121m██[38;2;14;14;14m██                                                              
                            [38;2;147;73;36m██[38;2;249;249;249m██[38;2;242;235;147m██[38;2;39;95;137m██[38;2;39;95;137m██[38;2;60;145;178m██[38;2;60;145;178m██[38;2;14;14;14m██  [38;2;113;113;121m██[38;2;249;249;249m██[38;2;14;14;14m██    [38;2;38;50;70m██[38;2;60;145;178m██[38;2;60;145;178m██[38;2;60;145;178m██[38;2;60;145;178m██[38;2;242;235;147m██[38;2;242;235;147m██[38;2;242;235;147m██[38;2;147;73;36m██              [38;2;113;113;121m██[38;2;249;249;249m██[38;2;249;249;249m██[38;2;14;14;14m██[38;2;55;68;91m██[38;2;14;14;14m██[38;2;14;14;14m██                                                                              
                            [38;2;147;73;36m██[38;2;249;249;249m██[38;2;39;95;137m██[38;2;39;95;137m██[38;2;60;145;178m██[38;2;38;50;70m██[38;2;14;14;14m██[38;2;14;14;14m██  [38;2;113;113;121m██[38;2;249;249;249m██[38;2;14;14;14m██  [38;2;38;50;70m██[38;2;38;50;70m██[38;2;60;145;178m██[38;2;60;145;178m██[38;2;60;145;178m██[38;2;242;235;147m██[38;2;242;235;147m██[38;2;242;235;147m██[38;2;211;130;103m██[38;2;147;73;36m██            [38;2;113;113;121m██[38;2;249;249;249m██[38;2;249;249;249m██[38;2;14;14;14m██[38;2;14;14;14m██[38;2;165;173;197m██[38;2;14;14;14m██                                                                                
                            [38;2;147;73;36m██[38;2;249;249;249m██[38;2;39;95;137m██[38;2;60;145;178m██[38;2;39;95;137m██[38;2;14;14;14m██      [38;2;113;113;121m██[38;2;38;50;70m██[38;2;38;50;70m██[38;2;38;50;70m██[38;2;60;145;178m██[38;2;60;145;178m██[38;2;60;145;178m██[38;2;60;145;178m██[38;2;242;235;147m██[38;2;242;235;147m██[38;2;242;235;147m██[38;2;242;235;147m██[38;2;147;73;36m██              [38;2;113;113;121m██[38;2;249;249;249m██[38;2;14;14;14m██[38;2;14;14;14m██[38;2;113;113;121m██[38;2;249;249;249m██[38;2;14;14;14m██                                                                                
                          [38;2;147;73;36m██[38;2;249;249;249m██[38;2;39;95;137m██[38;2;39;95;137m██[38;2;60;145;178m██[38;2;39;95;137m██[38;2;14;14;14m██        [38;2;38;50;70m██[38;2;60;145;178m██[38;2;60;145;178m██[38;2;60;145;178m██[38;2;60;145;178m██[38;2;60;145;178m██[38;2;242;235;147m██[38;2;242;235;147m██[38;2;242;235;147m██[38;2;242;235;147m██[38;2;147;73;36m██                [38;2;113;113;121m██[38;2;14;14;14m██  [38;2;113;113;121m██[38;2;249;249;249m██[38;2;14;14;14m██                                                                                  
                          [38;2;147;73;36m██[38;2;249;249;249m██[38;2;39;95;137m██[38;2;60;145;178m██[38;2;39;95;137m██[38;2;14;14;14m██          [38;2;38;50;70m██[38;2;60;145;178m██[38;2;60;145;178m██[38;2;60;145;178m██[38;2;60;145;178m██[38;2;60;145;178m██[38;2;242;235;147m██[38;2;242;235;147m██[38;2;242;235;147m██[38;2;147;73;36m██                  [38;2;113;113;121m██    [38;2;113;113;121m██[38;2;14;14;14m██                                                                                    
                        [38;2;147;73;36m██[38;2;249;249;249m██[38;2;242;235;147m██[38;2;39;95;137m██[38;2;60;145;178m██[38;2;14;14;14m██            [38;2;38;50;70m██[38;2;60;145;178m██[38;2;60;145;178m██[38;2;60;145;178m██[38;2;60;145;178m██[38;2;242;235;147m██[38;2;242;235;147m██[38;2;242;235;147m██[38;2;147;73;36m██                                                                                                                  
                        [38;2;147;73;36m██[38;2;249;249;249m██[38;2;39;95;137m██[38;2;60;145;178m██[38;2;60;145;178m██[38;2;14;14;14m██          [38;2;38;50;70m██[38;2;38;50;70m██[38;2;60;145;178m██[38;2;60;145;178m██[38;2;60;145;178m██[38;2;242;235;147m██[38;2;242;235;147m██[38;2;242;235;147m██[38;2;147;73;36m██                                                                                                                    
                        [38;2;147;73;36m██[38;2;249;249;249m██[38;2;39;95;137m██[38;2;38;50;70m██[38;2;14;14;14m██[38;2;14;14;14m██    [38;2;38;50;70m██[38;2;38;50;70m██[38;2;38;50;70m██[38;2;60;145;178m██[38;2;60;145;178m██[38;2;60;145;178m██[38;2;60;145;178m██[38;2;242;235;147m██[38;2;242;235;147m██[38;2;242;235;147m██[38;2;147;73;36m██                                                                                                                      
                      [38;2;147;73;36m██[38;2;249;249;249m██[38;2;39;95;137m██[38;2;60;145;178m██[38;2;14;14;14m██        [38;2;38;50;70m██[38;2;60;145;178m██[38;2;60;145;178m██[38;2;60;145;178m██[38;2;60;145;178m██[38;2;60;145;178m██[38;2;242;235;147m██[38;2;242;235;147m██[38;2;242;235;147m██[38;2;147;73;36m██                                                                                                                        
                      [38;2;147;73;36m██[38;2;249;249;249m██[38;2;39;95;137m██[38;2;39;95;137m██[38;2;14;14;14m██        [38;2;38;50;70m██[38;2;60;145;178m██[38;2;60;145;178m██[38;2;60;145;178m██[38;2;60;145;178m██[38;2;242;235;147m██[38;2;242;235;147m██[38;2;242;235;147m██[38;2;147;73;36m██                                                                                                                          
                    [38;2;147;73;36m██[38;2;249;249;249m██[38;2;242;235;147m██[38;2;39;95;137m██[38;2;14;14;14m██          [38;2;38;50;70m██[38;2;60;145;178m██[38;2;60;145;178m██[38;2;60;145;178m██[38;2;60;145;178m██[38;2;242;235;147m██[38;2;242;235;147m██[38;2;211;130;103m██[38;2;147;73;36m██                                                                                                                          
                    [38;2;147;73;36m██[38;2;249;249;249m██[38;2;39;95;137m██[38;2;39;95;137m██[38;2;14;14;14m██        [38;2;38;50;70m██[38;2;39;95;137m██[38;2;60;145;178m██[38;2;60;145;178m██[38;2;60;145;178m██[38;2;242;235;147m██[38;2;242;235;147m██[38;2;242;235;147m██[38;2;147;73;36m██                                                                                                                            
                    [38;2;38;50;70m██[38;2;242;235;147m██[38;2;39;95;137m██[38;2;14;14;14m██          [38;2;38;50;70m██[38;2;60;145;178m██[38;2;60;145;178m██[38;2;60;145;178m██[38;2;242;235;147m██[38;2;242;235;147m██[38;2;242;235;147m██[38;2;147;73;36m██                                                                                                                              
                  [38;2;38;50;70m██[38;2;60;145;178m██[38;2;60;145;178m██[38;2;39;95;137m██[38;2;38;50;70m██        [38;2;38;50;70m██[38;2;60;145;178m██[38;2;60;145;178m██[38;2;60;145;178m██[38;2;242;235;147m██[38;2;242;235;147m██[38;2;242;235;147m██[38;2;147;73;36m██                                                                                                                                
                  [38;2;38;50;70m██[38;2;60;145;178m██[38;2;60;145;178m██[38;2;60;145;178m██[38;2;60;145;178m██[38;2;38;50;70m██[38;2;38;50;70m██[38;2;38;50;70m██[38;2;38;50;70m██[38;2;60;145;178m██[38;2;60;145;178m██[38;2;60;145;178m██[38;2;242;235;147m██[38;2;242;235;147m██[38;2;242;235;147m██[38;2;147;73;36m██                                                                                                                                  
                  [38;2;38;50;70m██[38;2;60;145;178m██[38;2;39;95;137m██[38;2;14;14;14m██[38;2;14;14;14m██[38;2;38;50;70m██[38;2;60;145;178m██[38;2;60;145;178m██[38;2;60;145;178m██[38;2;60;145;178m██[38;2;60;145;178m██[38;2;242;235;147m██[38;2;242;235;147m██[38;2;242;235;147m██[38;2;147;73;36m██                                                                                                                                    
                  [38;2;38;50;70m██[38;2;38;50;70m██[38;2;14;14;14m██      [38;2;38;50;70m██[38;2;60;145;178m██[38;2;60;145;178m██[38;2;60;145;178m██[38;2;39;95;137m██[38;2;39;95;137m██[38;2;242;235;147m██[38;2;147;73;36m██                                                                                                                                      
                                [38;2;14;14;14m██[38;2;39;95;137m██[38;2;39;95;137m██[38;2;39;95;137m██[38;2;39;95;137m██[38;2;14;14;14m██                                                                                                                                        
                                  [38;2;14;14;14m██[38;2;39;95;137m██[38;2;39;95;137m██[38;2;14;14;14m██                                                                                                                                          
                                    [38;2;14;14;14m██[38;2;14;14;14m██                                                                                                                                            
