                                                                                                              [38;2;86;33;33m██[38;2;86;33;33m██[38;2;86;33;33m██[38;2;86;33;33m██                                          
                                                                                                          [38;2;86;33;33m██[38;2;86;33;33m██[38;2;233;83;94m██[38;2;233;83;94m██[38;2;233;83;94m██[38;2;233;83;94m██[38;2;86;33;33m██                                        
                                                                                                      [38;2;86;33;33m██[38;2;86;33;33m██[38;2;233;83;94m██[38;2;233;83;94m██[38;2;233;83;94m██[38;2;233;83;94m██[38;2;233;83;94m██[38;2;233;83;94m██[38;2;16;16;16m██                                        
                                                                                                    [38;2;86;33;33m██[38;2;233;83;94m██[38;2;233;83;94m██[38;2;233;83;94m██[38;2;233;83;94m██[38;2;233;83;94m██[38;2;233;83;94m██[38;2;233;83;94m██[38;2;233;83;94m██[38;2;16;16;16m██                                        
                                                                                                  [38;2;86;33;33m██[38;2;233;83;94m██[38;2;233;83;94m██[38;2;233;83;94m██[38;2;233;83;94m██[38;2;233;83;94m██[38;2;233;83;94m██[38;2;233;83;94m██[38;2;233;83;94m██[38;2;233;83;94m██[38;2;16;16;16m██                                        
                                                                                                  [38;2;86;33;33m██[38;2;233;83;94m██[38;2;233;83;94m██[38;2;233;83;94m██[38;2;233;83;94m██[38;2;233;83;94m██[38;2;233;83;94m██[38;2;233;83;94m██[38;2;233;83;94m██[38;2;165;58;58m██[38;2;16;16;16m██                                        
                                                                                                  [38;2;86;33;33m██[38;2;233;83;94m██[38;2;233;83;94m██[38;2;233;83;94m██[38;2;233;83;94m██[38;2;233;83;94m██[38;2;233;83;94m██[38;2;233;83;94m██[38;2;165;58;58m██[38;2;165;58;58m██[38;2;16;16;16m██                                        
                                                                                                  [38;2;86;33;33m██[38;2;233;83;94m██[38;2;233;83;94m██[38;2;233;83;94m██[38;2;233;83;94m██[38;2;233;83;94m██[38;2;165;58;58m██[38;2;165;58;58m██[38;2;165;58;58m██[38;2;16;16;16m██                                          
                                                                                                  [38;2;86;33;33m██[38;2;233;83;94m██[38;2;233;83;94m██[38;2;233;83;94m██[38;2;165;58;58m██[38;2;165;58;58m██[38;2;165;58;58m██[38;2;165;58;58m██[38;2;165;58;58m██[38;2;16;16;16m██                                          
                                                                                        [38;2;86;33;33m██[38;2;86;33;33m██[38;2;86;33;33m██[38;2;86;33;33m██[38;2;86;33;33m██[38;2;86;33;33m██[38;2;165;58;58m██[38;2;165;58;58m██[38;2;165;58;58m██[38;2;165;58;58m██[38;2;165;58;58m██[38;2;165;58;58m██[38;2;165;58;58m██[38;2;16;16;16m██                                            
                                                                                    [38;2;86;33;33m██[38;2;86;33;33m██[38;2;233;83;94m██[38;2;233;83;94m██[38;2;233;83;94m██[38;2;233;83;94m██[38;2;165;58;58m██[38;2;86;33;33m██[38;2;165;58;58m██[38;2;165;58;58m██[38;2;165;58;58m██[38;2;165;58;58m██[38;2;165;58;58m██[38;2;165;58;58m██[38;2;165;58;58m██[38;2;16;16;16m██                                            
                                                                                  [38;2;86;33;33m██[38;2;233;83;94m██[38;2;233;83;94m██[38;2;233;83;94m██[38;2;165;58;58m██[38;2;165;58;58m██[38;2;165;58;58m██[38;2;165;58;58m██[38;2;86;33;33m██[38;2;165;58;58m██[38;2;165;58;58m██[38;2;165;58;58m██[38;2;165;58;58m██[38;2;165;58;58m██[38;2;165;58;58m██[38;2;16;16;16m██                                              
                                                                                [38;2;86;33;33m██[38;2;233;83;94m██[38;2;233;83;94m██[38;2;165;58;58m██[38;2;165;58;58m██[38;2;165;58;58m██[38;2;165;58;58m██[38;2;86;33;33m██[38;2;45;39;40m██[38;2;16;16;16m██[38;2;45;39;40m██[38;2;45;39;40m██[38;2;45;39;40m██[38;2;45;39;40m██[38;2;45;39;40m██[38;2;45;39;40m██[38;2;16;16;16m██                                              
                                                                              [38;2;86;33;33m██[38;2;233;83;94m██[38;2;233;83;94m██[38;2;165;58;58m██[38;2;165;58;58m██[38;2;165;58;58m██[38;2;86;33;33m██[38;2;45;39;40m██[38;2;45;39;40m██[38;2;16;16;16m██[38;2;45;39;40m██[38;2;45;39;40m██[38;2;45;39;40m██[38;2;45;39;40m██[38;2;45;39;40m██[38;2;45;39;40m██[38;2;45;39;40m██[38;2;16;16;16m██                                              
                                                                            [38;2;86;33;33m██[38;2;233;83;94m██[38;2;233;83;94m██[38;2;165;58;58m██[38;2;165;58;58m██[38;2;86;33;33m██[38;2;45;39;40m██[38;2;45;39;40m██[38;2;45;39;40m██[38;2;45;39;40m██[38;2;16;16;16m██[38;2;86;33;33m██[38;2;86;33;33m██[38;2;86;33;33m██[38;2;86;33;33m██[38;2;86;33;33m██[38;2;45;39;40m██[38;2;45;39;40m██[38;2;16;16;16m██                                              
                                                                            [38;2;86;33;33m██[38;2;233;83;94m██[38;2;165;58;58m██[38;2;165;58;58m██[38;2;45;39;40m██[38;2;45;39;40m██[38;2;45;39;40m██[38;2;45;39;40m██[38;2;86;33;33m██[38;2;86;33;33m██[38;2;86;33;33m██[38;2;165;58;58m██[38;2;165;58;58m██[38;2;165;58;58m██[38;2;165;58;58m██[38;2;165;58;58m██[38;2;86;33;33m██[38;2;16;16;16m██                                                
                                                                            [38;2;86;33;33m██[38;2;165;58;58m██[38;2;165;58;58m██[38;2;45;39;40m██[38;2;45;39;40m██[38;2;45;39;40m██[38;2;86;33;33m██[38;2;86;33;33m██[38;2;165;58;58m██[38;2;165;58;58m██[38;2;165;58;58m██[38;2;165;58;58m██[38;2;165;58;58m██[38;2;165;58;58m██[38;2;165;58;58m██[38;2;165;58;58m██[38;2;16;16;16m██                                                  
                                                                              [38;2;16;16;16m██[38;2;86;33;33m██[38;2;45;39;40m██[38;2;86;33;33m██[38;2;86;33;33m██[38;2;165;58;58m██[38;2;165;58;58m██[38;2;165;58;58m██[38;2;165;58;58m██[38;2;165;58;58m██[38;2;165;58;58m██[38;2;165;58;58m██[38;2;165;58;58m██[38;2;165;58;58m██[38;2;165;58;58m██[38;2;16;16;16m██                                                  
                                                                              [38;2;16;16;16m██[38;2;16;16;16m██[38;2;86;33;33m██[38;2;165;58;58m██[38;2;165;58;58m██[38;2;165;58;58m██[38;2;165;58;58m██[38;2;165;58;58m██[38;2;165;58;58m██[38;2;165;58;58m██[38;2;165;58;58m██[38;2;165;58;58m██[38;2;165;58;58m██[38;2;165;58;58m██[38;2;16;16;16m██                                                    
                                                                        [38;2;16;16;16m██[38;2;16;16;16m██[38;2;86;33;33m██[38;2;165;58;58m██[38;2;16;16;16m██[38;2;165;58;58m██[38;2;165;58;58m██[38;2;165;58;58m██[38;2;165;58;58m██[38;2;165;58;58m██[38;2;165;58;58m██[38;2;165;58;58m██[38;2;165;58;58m██[38;2;165;58;58m██[38;2;86;33;33m██[38;2;86;33;33m██[38;2;86;33;33m██[38;2;16;16;16m██                                                    
                                                                      [38;2;16;16;16m██[38;2;70;62;64m██[38;2;86;33;33m██[38;2;165;58;58m██[38;2;16;16;16m██[38;2;165;58;58m██[38;2;165;58;58m██[38;2;165;58;58m██[38;2;165;58;58m██[38;2;165;58;58m██[38;2;165;58;58m██[38;2;165;58;58m██[38;2;165;58;58m██[38;2;86;33;33m██[38;2;45;39;40m██[38;2;45;39;40m██[38;2;45;39;40m██[38;2;16;16;16m██                                                      
                                                                    [38;2;16;16;16m██[38;2;70;62;64m██[38;2;86;33;33m██[38;2;165;58;58m██[38;2;165;58;58m██[38;2;16;16;16m██[38;2;165;58;58m██[38;2;165;58;58m██[38;2;165;58;58m██[38;2;165;58;58m██[38;2;165;58;58m██[38;2;165;58;58m██[38;2;86;33;33m██[38;2;45;39;40m██[38;2;45;39;40m██[38;2;45;39;40m██[38;2;45;39;40m██[38;2;16;16;16m██                                                        
                                                                  [38;2;16;16;16m██[38;2;70;62;64m██[38;2;86;33;33m██[38;2;233;83;94m██[38;2;165;58;58m██[38;2;16;16;16m██[38;2;165;58;58m██[38;2;165;58;58m██[38;2;165;58;58m██[38;2;165;58;58m██[38;2;165;58;58m██[38;2;165;58;58m██[38;2;86;33;33m██[38;2;45;39;40m██[38;2;45;39;40m██[38;2;45;39;40m██[38;2;45;39;40m██[38;2;45;39;40m██[38;2;16;16;16m██                                                        
                                                                [38;2;16;16;16m██[38;2;70;62;64m██[38;2;86;33;33m██[38;2;233;83;94m██[38;2;233;83;94m██[38;2;233;83;94m██[38;2;16;16;16m██[38;2;165;58;58m██[38;2;165;58;58m██[38;2;165;58;58m██[38;2;86;33;33m██[38;2;86;33;33m██[38;2;45;39;40m██[38;2;45;39;40m██[38;2;45;39;40m██[38;2;45;39;40m██[38;2;86;33;33m██[38;2;86;33;33m██[38;2;16;16;16m██                                                          
                                                                [38;2;16;16;16m██[38;2;86;33;33m██[38;2;233;83;94m██[38;2;233;83;94m██[38;2;233;83;94m██[38;2;233;83;94m██[38;2;165;58;58m██[38;2;16;16;16m██[38;2;16;16;16m██[38;2;86;33;33m██[38;2;45;39;40m██[38;2;45;39;40m██[38;2;45;39;40m██[38;2;86;33;33m██[38;2;86;33;33m██[38;2;165;58;58m██[38;2;165;58;58m██[38;2;16;16;16m██                                                            
                                    [38;2;86;33;33m██[38;2;86;33;33m██[38;2;86;33;33m██[38;2;86;33;33m██[38;2;86;33;33m██                    [38;2;86;33;33m██[38;2;233;83;94m██[38;2;233;83;94m██[38;2;233;83;94m██[38;2;233;83;94m██[38;2;165;58;58m██[38;2;165;58;58m██[38;2;16;16;16m██[38;2;45;39;40m██[38;2;45;39;40m██[38;2;86;33;33m██[38;2;165;58;58m██[38;2;165;58;58m██[38;2;165;58;58m██[38;2;165;58;58m██[38;2;165;58;58m██[38;2;16;16;16m██                                                            
                                [38;2;86;33;33m██[38;2;86;33;33m██[38;2;233;83;94m██[38;2;233;83;94m██[38;2;233;83;94m██[38;2;233;83;94m██[38;2;165;58;58m██[38;2;86;33;33m██              [38;2;16;16;16m██[38;2;86;33;33m██[38;2;233;83;94m██[38;2;233;83;94m██[38;2;233;83;94m██[38;2;233;83;94m██[38;2;165;58;58m██[38;2;165;58;58m██[38;2;16;16;16m██[38;2;16;16;16m██[38;2;45;39;40m██[38;2;86;33;33m██[38;2;165;58;58m██[38;2;165;58;58m██[38;2;165;58;58m██[38;2;165;58;58m██[38;2;165;58;58m██[38;2;16;16;16m██                                                              
                            [38;2;86;33;33m██[38;2;86;33;33m██[38;2;233;83;94m██[38;2;233;83;94m██[38;2;233;83;94m██[38;2;233;83;94m██[38;2;233;83;94m██[38;2;165;58;58m██[38;2;16;16;16m██              [38;2;16;16;16m██[38;2;70;62;64m██[38;2;86;33;33m██[38;2;233;83;94m██[38;2;233;83;94m██[38;2;233;83;94m██[38;2;165;58;58m██[38;2;165;58;58m██[38;2;16;16;16m██[38;2;16;16;16m██[38;2;16;16;16m██[38;2;86;33;33m██[38;2;165;58;58m██[38;2;165;58;58m██[38;2;165;58;58m██[38;2;165;58;58m██[38;2;165;58;58m██[38;2;16;16;16m██                                                                
                          [38;2;86;33;33m██[38;2;233;83;94m██[38;2;233;83;94m██[38;2;233;83;94m██[38;2;233;83;94m██[38;2;233;83;94m██[38;2;233;83;94m██[38;2;165;58;58m██[38;2;16;16;16m██                [38;2;16;16;16m██[38;2;86;33;33m██[38;2;165;58;58m██[38;2;165;58;58m██[38;2;233;83;94m██[38;2;165;58;58m██[38;2;165;58;58m██[38;2;16;16;16m██[38;2;45;39;40m██[38;2;45;39;40m██[38;2;86;33;33m██[38;2;165;58;58m██[38;2;165;58;58m██[38;2;165;58;58m██[38;2;165;58;58m██[38;2;165;58;58m██[38;2;16;16;16m██                                                                  
                        [38;2;86;33;33m██[38;2;233;83;94m██[38;2;233;83;94m██[38;2;233;83;94m██[38;2;233;83;94m██[38;2;233;83;94m██[38;2;233;83;94m██[38;2;165;58;58m██[38;2;165;58;58m██[38;2;16;16;16m██              [38;2;16;16;16m██[38;2;70;62;64m██[38;2;86;33;33m██[38;2;165;58;58m██[38;2;165;58;58m██[38;2;165;58;58m██[38;2;16;16;16m██[38;2;16;16;16m██[38;2;45;39;40m██[38;2;45;39;40m██[38;2;86;33;33m██[38;2;165;58;58m██[38;2;165;58;58m██[38;2;165;58;58m██[38;2;165;58;58m██[38;2;165;58;58m██[38;2;16;16;16m██                                                                    
                        [38;2;86;33;33m██[38;2;233;83;94m██[38;2;233;83;94m██[38;2;233;83;94m██[38;2;233;83;94m██[38;2;233;83;94m██[38;2;165;58;58m██[38;2;165;58;58m██[38;2;16;16;16m██                [38;2;16;16;16m██[38;2;45;39;40m██[38;2;16;16;16m██[38;2;16;16;16m██[38;2;16;16;16m██[38;2;16;16;16m██[38;2;86;33;33m██[38;2;16;16;16m██[38;2;45;39;40m██[38;2;86;33;33m██[38;2;86;33;33m██[38;2;86;33;33m██[38;2;165;58;58m██[38;2;165;58;58m██[38;2;16;16;16m██[38;2;16;16;16m██                                                                      
                        [38;2;86;33;33m██[38;2;233;83;94m██[38;2;233;83;94m██[38;2;233;83;94m██[38;2;165;58;58m██[38;2;45;39;40m██[38;2;45;39;40m██[38;2;16;16;16m██[38;2;16;16;16m██                [38;2;16;16;16m██[38;2;16;16;16m██[38;2;86;33;33m██[38;2;86;33;33m██[38;2;86;33;33m██[38;2;86;33;33m██[38;2;16;16;16m██[38;2;16;16;16m██[38;2;86;33;33m██[38;2;86;33;33m██[38;2;86;33;33m██[38;2;86;33;33m██[38;2;86;33;33m██[38;2;16;16;16m██                                                                          
                        [38;2;86;33;33m██[38;2;233;83;94m██[38;2;165;58;58m██[38;2;45;39;40m██[38;2;45;39;40m██[38;2;45;39;40m██[38;2;45;39;40m██[38;2;45;39;40m██[38;2;16;16;16m██              [38;2;16;16;16m██[38;2;16;16;16m██[38;2;86;33;33m██[38;2;86;33;33m██[38;2;86;33;33m██[38;2;86;33;33m██[38;2;16;16;16m██[38;2;45;39;40m██[38;2;16;16;16m██[38;2;16;16;16m██[38;2;16;16;16m██[38;2;16;16;16m██[38;2;86;33;33m██[38;2;16;16;16m██                                                                            
                        [38;2;86;33;33m██[38;2;165;58;58m██[38;2;45;39;40m██[38;2;45;39;40m██[38;2;45;39;40m██[38;2;45;39;40m██[38;2;45;39;40m██[38;2;45;39;40m██[38;2;16;16;16m██            [38;2;16;16;16m██[38;2;45;39;40m██[38;2;16;16;16m██[38;2;86;33;33m██[38;2;86;33;33m██[38;2;86;33;33m██[38;2;16;16;16m██[38;2;45;39;40m██[38;2;16;16;16m██[38;2;70;62;64m██[38;2;106;106;106m██[38;2;106;106;106m██[38;2;70;62;64m██[38;2;16;16;16m██                                                                              
            [38;2;165;58;58m██[38;2;86;33;33m██[38;2;86;33;33m██[38;2;86;33;33m██[38;2;86;33;33m██    [38;2;16;16;16m██[38;2;45;39;40m██[38;2;45;39;40m██[38;2;45;39;40m██[38;2;86;33;33m██[38;2;86;33;33m██[38;2;86;33;33m██[38;2;16;16;16m██            [38;2;16;16;16m██[38;2;16;16;16m██[38;2;86;33;33m██[38;2;86;33;33m██[38;2;86;33;33m██[38;2;86;33;33m██[38;2;16;16;16m██[38;2;16;16;16m██[38;2;70;62;64m██[38;2;86;33;33m██[38;2;86;33;33m██[38;2;86;33;33m██[38;2;86;33;33m██[38;2;86;33;33m██[38;2;86;33;33m██                                                                            
          [38;2;86;33;33m██[38;2;165;58;58m██[38;2;233;83;94m██[38;2;233;83;94m██[38;2;233;83;94m██[38;2;165;58;58m██[38;2;45;39;40m██[38;2;45;39;40m██[38;2;16;16;16m██[38;2;45;39;40m██[38;2;86;33;33m██[38;2;86;33;33m██[38;2;233;83;94m██[38;2;233;83;94m██[38;2;233;83;94m██[38;2;16;16;16m██          [38;2;16;16;16m██[38;2;70;62;64m██[38;2;16;16;16m██[38;2;86;33;33m██[38;2;86;33;33m██[38;2;86;33;33m██[38;2;86;33;33m██[38;2;16;16;16m██[38;2;86;33;33m██[38;2;86;33;33m██[38;2;165;58;58m██[38;2;165;58;58m██[38;2;165;58;58m██[38;2;165;58;58m██[38;2;165;58;58m██[38;2;165;58;58m██[38;2;86;33;33m██[38;2;86;33;33m██                                                                        
        [38;2;86;33;33m██[38;2;233;83;94m██[38;2;233;83;94m██[38;2;233;83;94m██[38;2;233;83;94m██[38;2;165;58;58m██[38;2;45;39;40m██[38;2;70;62;64m██[38;2;70;62;64m██[38;2;86;33;33m██[38;2;86;33;33m██[38;2;233;83;94m██[38;2;233;83;94m██[38;2;233;83;94m██[38;2;233;83;94m██[38;2;233;83;94m██[38;2;16;16;16m██          [38;2;16;16;16m██[38;2;45;39;40m██[38;2;16;16;16m██[38;2;86;33;33m██[38;2;70;62;64m██[38;2;70;62;64m██[38;2;16;16;16m██[38;2;86;33;33m██[38;2;165;58;58m██[38;2;165;58;58m██[38;2;165;58;58m██[38;2;165;58;58m██[38;2;165;58;58m██[38;2;165;58;58m██[38;2;165;58;58m██[38;2;233;83;94m██[38;2;233;83;94m██[38;2;233;83;94m██[38;2;86;33;33m██                                                                      
      [38;2;86;33;33m██[38;2;233;83;94m██[38;2;233;83;94m██[38;2;233;83;94m██[38;2;233;83;94m██[38;2;165;58;58m██[38;2;45;39;40m██[38;2;70;62;64m██[38;2;70;62;64m██[38;2;86;33;33m██[38;2;233;83;94m██[38;2;233;83;94m██[38;2;233;83;94m██[38;2;233;83;94m██[38;2;233;83;94m██[38;2;45;39;40m██[38;2;45;39;40m██[38;2;70;62;64m██[38;2;16;16;16m██      [38;2;16;16;16m██[38;2;70;62;64m██[38;2;16;16;16m██[38;2;86;33;33m██[38;2;70;62;64m██[38;2;194;184;180m██[38;2;16;16;16m██[38;2;86;33;33m██[38;2;70;62;64m██[38;2;70;62;64m██[38;2;70;62;64m██[38;2;165;58;58m██[38;2;165;58;58m██[38;2;86;33;33m██[38;2;55;65;98m██[38;2;55;65;98m██[38;2;165;58;58m██[38;2;233;83;94m██[38;2;233;83;94m██[38;2;233;83;94m██[38;2;86;33;33m██                                                                    
    [38;2;86;33;33m██[38;2;233;83;94m██[38;2;233;83;94m██[38;2;233;83;94m██[38;2;165;58;58m██[38;2;165;58;58m██[38;2;45;39;40m██[38;2;70;62;64m██[38;2;70;62;64m██[38;2;86;33;33m██[38;2;233;83;94m██[38;2;233;83;94m██[38;2;233;83;94m██[38;2;233;83;94m██[38;2;233;83;94m██[38;2;45;39;40m██[38;2;70;62;64m██[38;2;70;62;64m██[38;2;86;33;33m██[38;2;16;16;16m██      [38;2;16;16;16m██[38;2;45;39;40m██[38;2;16;16;16m██[38;2;70;62;64m██[38;2;194;184;180m██[38;2;16;16;16m██[38;2;86;33;33m██[38;2;70;62;64m██[38;2;194;184;180m██[38;2;194;184;180m██[38;2;106;106;106m██[38;2;16;16;16m██[38;2;86;33;33m██[38;2;80;94;173m██[38;2;80;94;173m██[38;2;80;94;173m██[38;2;55;65;98m██[38;2;233;83;94m██[38;2;233;83;94m██[38;2;233;83;94m██[38;2;165;58;58m██[38;2;86;33;33m██                                                                  
  [38;2;86;33;33m██[38;2;233;83;94m██[38;2;233;83;94m██[38;2;165;58;58m██[38;2;165;58;58m██[38;2;165;58;58m██[38;2;45;39;40m██[38;2;70;62;64m██[38;2;70;62;64m██[38;2;86;33;33m██[38;2;233;83;94m██[38;2;233;83;94m██[38;2;233;83;94m██[38;2;233;83;94m██[38;2;45;39;40m██[38;2;45;39;40m██[38;2;45;39;40m██[38;2;86;33;33m██[38;2;86;33;33m██[38;2;165;58;58m██[38;2;16;16;16m██      [38;2;16;16;16m██[38;2;45;39;40m██[38;2;16;16;16m██[38;2;194;184;180m██[38;2;70;62;64m██[38;2;86;33;33m██[38;2;70;62;64m██[38;2;194;184;180m██[38;2;106;106;106m██[38;2;106;106;106m██[38;2;247;247;247m██[38;2;16;16;16m██[38;2;45;39;40m██[38;2;70;62;64m██[38;2;80;94;173m██[38;2;80;94;173m██[38;2;55;65;98m██[38;2;233;83;94m██[38;2;233;83;94m██[38;2;233;83;94m██[38;2;165;58;58m██[38;2;86;33;33m██                                                                  
  [38;2;86;33;33m██[38;2;165;58;58m██[38;2;165;58;58m██[38;2;165;58;58m██[38;2;165;58;58m██[38;2;165;58;58m██[38;2;45;39;40m██[38;2;70;62;64m██[38;2;86;33;33m██[38;2;233;83;94m██[38;2;233;83;94m██[38;2;233;83;94m██[38;2;233;83;94m██[38;2;45;39;40m██[38;2;70;62;64m██[38;2;70;62;64m██[38;2;86;33;33m██[38;2;233;83;94m██[38;2;233;83;94m██[38;2;233;83;94m██[38;2;233;83;94m██[38;2;16;16;16m██      [38;2;16;16;16m██[38;2;16;16;16m██[38;2;194;184;180m██[38;2;70;62;64m██[38;2;86;33;33m██[38;2;165;58;58m██[38;2;70;62;64m██[38;2;165;58;58m██[38;2;70;62;64m██[38;2;247;247;247m██[38;2;16;16;16m██[38;2;45;39;40m██[38;2;70;62;64m██[38;2;247;247;247m██[38;2;80;94;173m██[38;2;165;58;58m██[38;2;233;83;94m██[38;2;233;83;94m██[38;2;120;83;86m██[38;2;188;124;128m██[38;2;188;124;128m██[38;2;86;33;33m██                                                                
[38;2;86;33;33m██[38;2;165;58;58m██[38;2;165;58;58m██[38;2;165;58;58m██[38;2;165;58;58m██[38;2;86;33;33m██[38;2;86;33;33m██[38;2;45;39;40m██[38;2;70;62;64m██[38;2;86;33;33m██[38;2;233;83;94m██[38;2;233;83;94m██[38;2;233;83;94m██[38;2;233;83;94m██[38;2;45;39;40m██[38;2;70;62;64m██[38;2;86;33;33m██[38;2;233;83;94m██[38;2;233;83;94m██[38;2;233;83;94m██[38;2;233;83;94m██[38;2;233;83;94m██[38;2;16;16;16m██    [38;2;16;16;16m██[38;2;45;39;40m██[38;2;16;16;16m██[38;2;194;184;180m██[38;2;70;62;64m██[38;2;86;33;33m██[38;2;165;58;58m██[38;2;165;58;58m██[38;2;70;62;64m██[38;2;247;247;247m██[38;2;70;62;64m██[38;2;165;58;58m██[38;2;45;39;40m██[38;2;70;62;64m██[38;2;70;62;64m██[38;2;45;39;40m██[38;2;233;83;94m██[38;2;233;83;94m██[38;2;120;83;86m██[38;2;249;179;186m██[38;2;249;179;186m██[38;2;249;179;186m██[38;2;16;16;16m██                                                                
[38;2;86;33;33m██[38;2;165;58;58m██[38;2;165;58;58m██[38;2;16;16;16m██[38;2;86;33;33m██[38;2;86;33;33m██[38;2;45;39;40m██[38;2;70;62;64m██[38;2;86;33;33m██[38;2;233;83;94m██[38;2;233;83;94m██[38;2;233;83;94m██[38;2;233;83;94m██[38;2;45;39;40m██[38;2;70;62;64m██[38;2;86;33;33m██[38;2;165;58;58m██[38;2;233;83;94m██[38;2;233;83;94m██[38;2;233;83;94m██[38;2;233;83;94m██[38;2;233;83;94m██[38;2;233;83;94m██[38;2;86;33;33m██  [38;2;16;16;16m██[38;2;45;39;40m██[38;2;16;16;16m██[38;2;16;16;16m██[38;2;194;184;180m██[38;2;70;62;64m██[38;2;70;62;64m██[38;2;70;62;64m██[38;2;194;184;180m██[38;2;70;62;64m██[38;2;165;58;58m██[38;2;233;83;94m██[38;2;165;58;58m██[38;2;45;39;40m██[38;2;45;39;40m██[38;2;233;83;94m██[38;2;233;83;94m██[38;2;165;58;58m██[38;2;188;124;128m██[38;2;188;124;128m██[38;2;249;179;186m██[38;2;249;179;186m██[38;2;188;124;128m██                                                                
[38;2;86;33;33m██[38;2;165;58;58m██[38;2;16;16;16m██  [38;2;86;33;33m██[38;2;165;58;58m██[38;2;45;39;40m██[38;2;70;62;64m██[38;2;86;33;33m██[38;2;233;83;94m██[38;2;233;83;94m██[38;2;233;83;94m██[38;2;233;83;94m██[38;2;45;39;40m██[38;2;70;62;64m██[38;2;86;33;33m██[38;2;233;83;94m██[38;2;233;83;94m██[38;2;233;83;94m██[38;2;233;83;94m██[38;2;233;83;94m██[38;2;233;83;94m██[38;2;233;83;94m██[38;2;86;33;33m██  [38;2;16;16;16m██[38;2;45;39;40m██[38;2;16;16;16m██[38;2;86;33;33m██[38;2;16;16;16m██[38;2;194;184;180m██[38;2;194;184;180m██[38;2;194;184;180m██[38;2;70;62;64m██[38;2;165;58;58m██[38;2;233;83;94m██[38;2;233;83;94m██[38;2;233;83;94m██[38;2;233;83;94m██[38;2;233;83;94m██[38;2;233;83;94m██[38;2;233;83;94m██[38;2;165;58;58m██[38;2;120;83;86m██[38;2;188;124;128m██[38;2;249;179;186m██[38;2;249;179;186m██[38;2;188;124;128m██                                                                
[38;2;86;33;33m██[38;2;16;16;16m██  [38;2;86;33;33m██[38;2;165;58;58m██[38;2;45;39;40m██[38;2;70;62;64m██[38;2;70;62;64m██[38;2;86;33;33m██[38;2;233;83;94m██[38;2;233;83;94m██[38;2;233;83;94m██[38;2;233;83;94m██[38;2;165;58;58m██[38;2;45;39;40m██[38;2;86;33;33m██[38;2;233;83;94m██[38;2;233;83;94m██[38;2;233;83;94m██[38;2;233;83;94m██[38;2;233;83;94m██[38;2;233;83;94m██[38;2;233;83;94m██[38;2;233;83;94m██[38;2;86;33;33m██[38;2;16;16;16m██[38;2;45;39;40m██[38;2;16;16;16m██[38;2;86;33;33m██[38;2;86;33;33m██[38;2;16;16;16m██[38;2;16;16;16m██[38;2;16;16;16m██[38;2;165;58;58m██[38;2;233;83;94m██[38;2;233;83;94m██[38;2;233;83;94m██[38;2;233;83;94m██[38;2;233;83;94m██[38;2;233;83;94m██[38;2;233;83;94m██[38;2;233;83;94m██[38;2;233;83;94m██[38;2;165;58;58m██[38;2;120;83;86m██[38;2;249;179;186m██[38;2;249;179;186m██[38;2;188;124;128m██                                                                
      [38;2;86;33;33m██[38;2;165;58;58m██[38;2;45;39;40m██[38;2;70;62;64m██[38;2;70;62;64m██[38;2;86;33;33m██[38;2;233;83;94m██[38;2;233;83;94m██[38;2;233;83;94m██[38;2;233;83;94m██[38;2;45;39;40m██[38;2;70;62;64m██[38;2;86;33;33m██[38;2;233;83;94m██[38;2;233;83;94m██[38;2;233;83;94m██[38;2;233;83;94m██[38;2;233;83;94m██[38;2;233;83;94m██[38;2;233;83;94m██[38;2;233;83;94m██[38;2;233;83;94m██[38;2;86;33;33m██[38;2;86;33;33m██[38;2;16;16;16m██[38;2;86;33;33m██[38;2;165;58;58m██[38;2;165;58;58m██[38;2;165;58;58m██[38;2;165;58;58m██[38;2;165;58;58m██[38;2;233;83;94m██[38;2;233;83;94m██[38;2;233;83;94m██[38;2;233;83;94m██[38;2;233;83;94m██[38;2;233;83;94m██[38;2;233;83;94m██[38;2;233;83;94m██[38;2;233;83;94m██[38;2;233;83;94m██[38;2;120;83;86m██[38;2;249;179;186m██[38;2;188;124;128m██[38;2;16;16;16m██                                                                
    [38;2;86;33;33m██[38;2;165;58;58m██[38;2;165;58;58m██[38;2;45;39;40m██[38;2;70;62;64m██[38;2;70;62;64m██[38;2;86;33;33m██[38;2;233;83;94m██[38;2;233;83;94m██[38;2;233;83;94m██[38;2;233;83;94m██[38;2;45;39;40m██[38;2;70;62;64m██[38;2;86;33;33m██[38;2;165;58;58m██[38;2;233;83;94m██[38;2;233;83;94m██[38;2;233;83;94m██[38;2;233;83;94m██[38;2;233;83;94m██[38;2;233;83;94m██[38;2;233;83;94m██[38;2;233;83;94m██[38;2;233;83;94m██[38;2;233;83;94m██[38;2;86;33;33m██[38;2;86;33;33m██[38;2;165;58;58m██[38;2;165;58;58m██[38;2;165;58;58m██[38;2;165;58;58m██[38;2;165;58;58m██[38;2;233;83;94m██[38;2;233;83;94m██[38;2;233;83;94m██[38;2;233;83;94m██[38;2;233;83;94m██[38;2;233;83;94m██[38;2;233;83;94m██[38;2;233;83;94m██[38;2;233;83;94m██[38;2;233;83;94m██[38;2;16;16;16m██[38;2;188;124;128m██[38;2;16;16;16m██                                                                  
    [38;2;86;33;33m██[38;2;165;58;58m██[38;2;165;58;58m██[38;2;45;39;40m██[38;2;70;62;64m██[38;2;70;62;64m██[38;2;86;33;33m██[38;2;233;83;94m██[38;2;233;83;94m██[38;2;233;83;94m██[38;2;233;83;94m██[38;2;45;39;40m██[38;2;70;62;64m██[38;2;70;62;64m██[38;2;86;33;33m██[38;2;233;83;94m██[38;2;233;83;94m██[38;2;233;83;94m██[38;2;233;83;94m██[38;2;233;83;94m██[38;2;233;83;94m██[38;2;233;83;94m██[38;2;233;83;94m██[38;2;233;83;94m██[38;2;233;83;94m██[38;2;233;83;94m██[38;2;233;83;94m██[38;2;86;33;33m██[38;2;86;33;33m██[38;2;165;58;58m██[38;2;165;58;58m██[38;2;165;58;58m██[38;2;233;83;94m██[38;2;233;83;94m██[38;2;233;83;94m██[38;2;233;83;94m██[38;2;233;83;94m██[38;2;233;83;94m██[38;2;233;83;94m██[38;2;233;83;94m██[38;2;233;83;94m██[38;2;233;83;94m██[38;2;16;16;16m██[38;2;16;16;16m██                                                                    
    [38;2;86;33;33m██[38;2;165;58;58m██[38;2;165;58;58m██[38;2;45;39;40m██[38;2;70;62;64m██[38;2;45;39;40m██[38;2;86;33;33m██[38;2;165;58;58m██[38;2;233;83;94m██[38;2;233;83;94m██[38;2;233;83;94m██[38;2;233;83;94m██[38;2;45;39;40m██[38;2;70;62;64m██[38;2;70;62;64m██[38;2;86;33;33m██[38;2;165;58;58m██[38;2;233;83;94m██[38;2;233;83;94m██[38;2;233;83;94m██[38;2;233;83;94m██[38;2;233;83;94m██[38;2;233;83;94m██[38;2;233;83;94m██[38;2;233;83;94m██[38;2;233;83;94m██[38;2;233;83;94m██[38;2;233;83;94m██[38;2;233;83;94m██[38;2;86;33;33m██[38;2;86;33;33m██[38;2;86;33;33m██[38;2;165;58;58m██[38;2;233;83;94m██[38;2;233;83;94m██[38;2;233;83;94m██[38;2;233;83;94m██[38;2;233;83;94m██[38;2;233;83;94m██[38;2;233;83;94m██[38;2;233;83;94m██[38;2;165;58;58m██[38;2;16;16;16m██                                                                      
    [38;2;86;33;33m██[38;2;165;58;58m██[38;2;165;58;58m██[38;2;165;58;58m██[38;2;45;39;40m██[38;2;45;39;40m██[38;2;70;62;64m██[38;2;86;33;33m██[38;2;233;83;94m██[38;2;233;83;94m██[38;2;233;83;94m██[38;2;233;83;94m██[38;2;233;83;94m██[38;2;45;39;40m██[38;2;45;39;40m██[38;2;45;39;40m██[38;2;86;33;33m██[38;2;86;33;33m██[38;2;233;83;94m██[38;2;233;83;94m██[38;2;233;83;94m██[38;2;233;83;94m██[38;2;233;83;94m██[38;2;233;83;94m██[38;2;233;83;94m██[38;2;233;83;94m██[38;2;233;83;94m██[38;2;233;83;94m██[38;2;233;83;94m██[38;2;233;83;94m██[38;2;233;83;94m██[38;2;233;83;94m██[38;2;86;33;33m██[38;2;86;33;33m██[38;2;86;33;33m██[38;2;165;58;58m██[38;2;233;83;94m██[38;2;233;83;94m██[38;2;233;83;94m██[38;2;233;83;94m██[38;2;233;83;94m██[38;2;16;16;16m██                                                                        
      [38;2;86;33;33m██[38;2;165;58;58m██[38;2;16;16;16m██  [38;2;45;39;40m██[38;2;70;62;64m██[38;2;86;33;33m██[38;2;165;58;58m██[38;2;233;83;94m██[38;2;233;83;94m██[38;2;233;83;94m██[38;2;233;83;94m██[38;2;233;83;94m██[38;2;165;58;58m██[38;2;45;39;40m██[38;2;70;62;64m██[38;2;70;62;64m██[38;2;86;33;33m██[38;2;86;33;33m██[38;2;165;58;58m██[38;2;233;83;94m██[38;2;233;83;94m██[38;2;233;83;94m██[38;2;233;83;94m██[38;2;233;83;94m██[38;2;233;83;94m██[38;2;233;83;94m██[38;2;233;83;94m██[38;2;233;83;94m██[38;2;233;83;94m██[38;2;233;83;94m██[38;2;233;83;94m██[38;2;233;83;94m██[38;2;233;83;94m██[38;2;233;83;94m██[38;2;233;83;94m██[38;2;233;83;94m██[38;2;233;83;94m██[38;2;233;83;94m██[38;2;233;83;94m██[38;2;16;16;16m██                                                                        
      [38;2;86;33;33m██[38;2;165;58;58m██[38;2;16;16;16m██  [38;2;45;39;40m██[38;2;70;62;64m██[38;2;70;62;64m██[38;2;86;33;33m██[38;2;233;83;94m██[38;2;233;83;94m██[38;2;233;83;94m██[38;2;233;83;94m██[38;2;233;83;94m██[38;2;233;83;94m██[38;2;233;83;94m██[38;2;45;39;40m██[38;2;70;62;64m██[38;2;70;62;64m██[38;2;70;62;64m██[38;2;70;62;64m██[38;2;86;33;33m██[38;2;86;33;33m██[38;2;86;33;33m██[38;2;165;58;58m██[38;2;233;83;94m██[38;2;233;83;94m██[38;2;233;83;94m██[38;2;233;83;94m██[38;2;233;83;94m██[38;2;233;83;94m██[38;2;233;83;94m██[38;2;233;83;94m██[38;2;233;83;94m██[38;2;233;83;94m██[38;2;233;83;94m██[38;2;233;83;94m██[38;2;233;83;94m██[38;2;233;83;94m██[38;2;233;83;94m██[38;2;233;83;94m██[38;2;16;16;16m██                                                                        
        [38;2;86;33;33m██[38;2;165;58;58m██[38;2;16;16;16m██[38;2;45;39;40m██[38;2;70;62;64m██[38;2;70;62;64m██[38;2;70;62;64m██[38;2;86;33;33m██[38;2;233;83;94m██[38;2;233;83;94m██[38;2;233;83;94m██[38;2;233;83;94m██[38;2;233;83;94m██[38;2;233;83;94m██[38;2;233;83;94m██[38;2;45;39;40m██[38;2;45;39;40m██[38;2;45;39;40m██[38;2;45;39;40m██[38;2;45;39;40m██[38;2;70;62;64m██[38;2;70;62;64m██[38;2;70;62;64m██[38;2;86;33;33m██[38;2;86;33;33m██[38;2;86;33;33m██[38;2;86;33;33m██[38;2;86;33;33m██[38;2;86;33;33m██[38;2;86;33;33m██[38;2;86;33;33m██[38;2;86;33;33m██[38;2;86;33;33m██[38;2;233;83;94m██[38;2;233;83;94m██[38;2;233;83;94m██[38;2;233;83;94m██[38;2;233;83;94m██[38;2;233;83;94m██[38;2;16;16;16m██                                                                        
          [38;2;86;33;33m██[38;2;16;16;16m██  [38;2;45;39;40m██[38;2;70;62;64m██[38;2;70;62;64m██[38;2;70;62;64m██[38;2;86;33;33m██[38;2;165;58;58m██[38;2;233;83;94m██[38;2;233;83;94m██[38;2;233;83;94m██[38;2;233;83;94m██[38;2;233;83;94m██[38;2;233;83;94m██[38;2;233;83;94m██[38;2;233;83;94m██[38;2;233;83;94m██[38;2;165;58;58m██[38;2;45;39;40m██[38;2;45;39;40m██[38;2;70;62;64m██[38;2;70;62;64m██[38;2;70;62;64m██[38;2;70;62;64m██[38;2;45;39;40m██[38;2;70;62;64m██[38;2;70;62;64m██[38;2;70;62;64m██[38;2;70;62;64m██[38;2;70;62;64m██[38;2;45;39;40m██[38;2;233;83;94m██[38;2;233;83;94m██[38;2;233;83;94m██[38;2;233;83;94m██[38;2;233;83;94m██[38;2;233;83;94m██[38;2;16;16;16m██                                                                        
                [38;2;45;39;40m██[38;2;70;62;64m██[38;2;70;62;64m██[38;2;70;62;64m██[38;2;70;62;64m██[38;2;86;33;33m██[38;2;86;33;33m██[38;2;233;83;94m██[38;2;233;83;94m██[38;2;233;83;94m██[38;2;233;83;94m██[38;2;233;83;94m██[38;2;233;83;94m██[38;2;233;83;94m██[38;2;233;83;94m██[38;2;233;83;94m██[38;2;233;83;94m██[38;2;233;83;94m██[38;2;45;39;40m██[38;2;45;39;40m██[38;2;45;39;40m██[38;2;45;39;40m██[38;2;165;58;58m██[38;2;45;39;40m██[38;2;45;39;40m██[38;2;45;39;40m██[38;2;45;39;40m██[38;2;45;39;40m██[38;2;233;83;94m██[38;2;233;83;94m██[38;2;233;83;94m██[38;2;233;83;94m██[38;2;233;83;94m██[38;2;233;83;94m██[38;2;233;83;94m██[38;2;16;16;16m██                                                                        
                  [38;2;45;39;40m██[38;2;70;62;64m██[38;2;70;62;64m██[38;2;45;39;40m██[38;2;70;62;64m██[38;2;70;62;64m██[38;2;86;33;33m██[38;2;86;33;33m██[38;2;233;83;94m██[38;2;233;83;94m██[38;2;233;83;94m██[38;2;233;83;94m██[38;2;233;83;94m██[38;2;233;83;94m██[38;2;233;83;94m██[38;2;233;83;94m██[38;2;233;83;94m██[38;2;233;83;94m██[38;2;233;83;94m██[38;2;233;83;94m██[38;2;233;83;94m██[38;2;233;83;94m██[38;2;233;83;94m██[38;2;233;83;94m██[38;2;233;83;94m██[38;2;233;83;94m██[38;2;233;83;94m██[38;2;233;83;94m██[38;2;233;83;94m██[38;2;86;33;33m██[38;2;86;33;33m██[38;2;233;83;94m██[38;2;233;83;94m██[38;2;233;83;94m██[38;2;233;83;94m██[38;2;16;16;16m██                                                                      
                    [38;2;45;39;40m██[38;2;45;39;40m██[38;2;45;39;40m██[38;2;70;62;64m██[38;2;70;62;64m██[38;2;70;62;64m██[38;2;70;62;64m██[38;2;86;33;33m██[38;2;86;33;33m██[38;2;233;83;94m██[38;2;233;83;94m██[38;2;233;83;94m██[38;2;233;83;94m██[38;2;233;83;94m██[38;2;233;83;94m██[38;2;233;83;94m██[38;2;233;83;94m██[38;2;233;83;94m██[38;2;233;83;94m██[38;2;233;83;94m██[38;2;233;83;94m██[38;2;233;83;94m██[38;2;233;83;94m██[38;2;233;83;94m██[38;2;233;83;94m██[38;2;233;83;94m██[38;2;86;33;33m██[38;2;86;33;33m██[38;2;70;62;64m██[38;2;16;16;16m██[38;2;233;83;94m██[38;2;233;83;94m██[38;2;233;83;94m██[38;2;233;83;94m██[38;2;16;16;16m██                                                                      
                        [38;2;45;39;40m██[38;2;70;62;64m██[38;2;70;62;64m██[38;2;70;62;64m██[38;2;70;62;64m██[38;2;70;62;64m██[38;2;70;62;64m██[38;2;86;33;33m██[38;2;86;33;33m██[38;2;86;33;33m██[38;2;165;58;58m██[38;2;233;83;94m██[38;2;233;83;94m██[38;2;233;83;94m██[38;2;233;83;94m██[38;2;233;83;94m██[38;2;233;83;94m██[38;2;233;83;94m██[38;2;233;83;94m██[38;2;233;83;94m██[38;2;233;83;94m██[38;2;86;33;33m██[38;2;86;33;33m██[38;2;86;33;33m██[38;2;70;62;64m██[38;2;70;62;64m██[38;2;70;62;64m██[38;2;16;16;16m██[38;2;233;83;94m██[38;2;233;83;94m██[38;2;233;83;94m██[38;2;233;83;94m██[38;2;233;83;94m██[38;2;16;16;16m██                                                            [38;2;45;39;40m██[38;2;45;39;40m██    
                          [38;2;45;39;40m██[38;2;70;62;64m██[38;2;70;62;64m██[38;2;70;62;64m██[38;2;70;62;64m██[38;2;70;62;64m██[38;2;70;62;64m██[38;2;70;62;64m██[38;2;45;39;40m██[38;2;70;62;64m██[38;2;86;33;33m██[38;2;86;33;33m██[38;2;86;33;33m██[38;2;86;33;33m██[38;2;86;33;33m██[38;2;86;33;33m██[38;2;86;33;33m██[38;2;86;33;33m██[38;2;86;33;33m██[38;2;86;33;33m██[38;2;70;62;64m██[38;2;70;62;64m██[38;2;70;62;64m██[38;2;70;62;64m██[38;2;70;62;64m██[38;2;16;16;16m██[38;2;233;83;94m██[38;2;233;83;94m██[38;2;233;83;94m██[38;2;233;83;94m██[38;2;233;83;94m██[38;2;233;83;94m██[38;2;16;16;16m██                                                        [38;2;45;39;40m██[38;2;16;16;16m██[38;2;70;62;64m██[38;2;16;16;16m██    
                            [38;2;45;39;40m██[38;2;45;39;40m██[38;2;70;62;64m██[38;2;70;62;64m██[38;2;70;62;64m██[38;2;70;62;64m██[38;2;16;16;16m██[38;2;45;39;40m██[38;2;70;62;64m██[38;2;70;62;64m██[38;2;70;62;64m██[38;2;70;62;64m██[38;2;70;62;64m██[38;2;70;62;64m██[38;2;70;62;64m██[38;2;70;62;64m██[38;2;16;16;16m██[38;2;45;39;40m██[38;2;70;62;64m██[38;2;70;62;64m██[38;2;70;62;64m██[38;2;70;62;64m██[38;2;16;16;16m██[38;2;16;16;16m██[38;2;165;58;58m██[38;2;233;83;94m██[38;2;233;83;94m██[38;2;233;83;94m██[38;2;233;83;94m██[38;2;233;83;94m██[38;2;233;83;94m██[38;2;233;83;94m██[38;2;16;16;16m██                                    [38;2;45;39;40m██[38;2;45;39;40m██            [38;2;45;39;40m██[38;2;70;62;64m██[38;2;16;16;16m██[38;2;45;39;40m██[38;2;16;16;16m██[38;2;16;16;16m██  
                                [38;2;16;16;16m██[38;2;16;16;16m██[38;2;16;16;16m██[38;2;16;16;16m██    [38;2;45;39;40m██[38;2;70;62;64m██[38;2;70;62;64m██[38;2;70;62;64m██[38;2;70;62;64m██[38;2;70;62;64m██[38;2;70;62;64m██[38;2;16;16;16m██[38;2;16;16;16m██[38;2;165;58;58m██[38;2;45;39;40m██[38;2;45;39;40m██[38;2;45;39;40m██[38;2;45;39;40m██[38;2;165;58;58m██[38;2;165;58;58m██[38;2;165;58;58m██[38;2;233;83;94m██[38;2;233;83;94m██[38;2;233;83;94m██[38;2;233;83;94m██[38;2;233;83;94m██[38;2;233;83;94m██[38;2;233;83;94m██[38;2;233;83;94m██[38;2;16;16;16m██                                [38;2;45;39;40m██[38;2;70;62;64m██[38;2;70;62;64m██[38;2;16;16;16m██[38;2;45;39;40m██      [38;2;45;39;40m██[38;2;70;62;64m██[38;2;45;39;40m██[38;2;16;16;16m██[38;2;45;39;40m██[38;2;16;16;16m██[38;2;45;39;40m██[38;2;16;16;16m██
                                              [38;2;45;39;40m██[38;2;16;16;16m██[38;2;16;16;16m██[38;2;16;16;16m██[38;2;16;16;16m██[38;2;16;16;16m██    [38;2;16;16;16m██[38;2;165;58;58m██[38;2;165;58;58m██[38;2;165;58;58m██[38;2;165;58;58m██[38;2;165;58;58m██[38;2;165;58;58m██[38;2;165;58;58m██[38;2;165;58;58m██[38;2;233;83;94m██[38;2;233;83;94m██[38;2;233;83;94m██[38;2;233;83;94m██[38;2;233;83;94m██[38;2;233;83;94m██[38;2;233;83;94m██[38;2;233;83;94m██[38;2;86;33;33m██                            [38;2;45;39;40m██[38;2;70;62;64m██[38;2;45;39;40m██[38;2;45;39;40m██[38;2;16;16;16m██[38;2;70;62;64m██[38;2;16;16;16m██    [38;2;16;16;16m██[38;2;45;39;40m██[38;2;45;39;40m██[38;2;86;33;33m██[38;2;45;39;40m██[38;2;45;39;40m██[38;2;45;39;40m██[38;2;16;16;16m██
                                                                [38;2;16;16;16m██[38;2;165;58;58m██[38;2;165;58;58m██[38;2;165;58;58m██[38;2;165;58;58m██[38;2;165;58;58m██[38;2;165;58;58m██[38;2;165;58;58m██[38;2;233;83;94m██[38;2;233;83;94m██[38;2;233;83;94m██[38;2;233;83;94m██[38;2;233;83;94m██[38;2;233;83;94m██[38;2;233;83;94m██[38;2;233;83;94m██[38;2;233;83;94m██[38;2;86;33;33m██                      [38;2;45;39;40m██[38;2;45;39;40m██[38;2;16;16;16m██[38;2;45;39;40m██[38;2;45;39;40m██[38;2;45;39;40m██[38;2;16;16;16m██[38;2;45;39;40m██[38;2;86;33;33m██[38;2;86;33;33m██[38;2;16;16;16m██[38;2;70;62;64m██[38;2;45;39;40m██[38;2;86;33;33m██[38;2;165;58;58m██[38;2;16;16;16m██[38;2;45;39;40m██[38;2;16;16;16m██  
                                                                  [38;2;16;16;16m██[38;2;16;16;16m██[38;2;165;58;58m██[38;2;165;58;58m██[38;2;165;58;58m██[38;2;165;58;58m██[38;2;165;58;58m██[38;2;165;58;58m██[38;2;233;83;94m██[38;2;233;83;94m██[38;2;233;83;94m██[38;2;233;83;94m██[38;2;233;83;94m██[38;2;233;83;94m██[38;2;233;83;94m██[38;2;233;83;94m██[38;2;233;83;94m██[38;2;86;33;33m██[38;2;86;33;33m██                [38;2;45;39;40m██[38;2;70;62;64m██[38;2;70;62;64m██[38;2;16;16;16m██[38;2;45;39;40m██[38;2;45;39;40m██[38;2;86;33;33m██[38;2;86;33;33m██[38;2;86;33;33m██[38;2;233;83;94m██[38;2;233;83;94m██[38;2;16;16;16m██[38;2;45;39;40m██[38;2;86;33;33m██[38;2;165;58;58m██[38;2;165;58;58m██[38;2;16;16;16m██[38;2;16;16;16m██[38;2;16;16;16m██  
                                                                      [38;2;16;16;16m██[38;2;16;16;16m██[38;2;165;58;58m██[38;2;165;58;58m██[38;2;165;58;58m██[38;2;165;58;58m██[38;2;165;58;58m██[38;2;233;83;94m██[38;2;233;83;94m██[38;2;233;83;94m██[38;2;233;83;94m██[38;2;233;83;94m██[38;2;233;83;94m██[38;2;233;83;94m██[38;2;233;83;94m██[38;2;233;83;94m██[38;2;233;83;94m██[38;2;86;33;33m██[38;2;86;33;33m██[38;2;86;33;33m██        [38;2;45;39;40m██[38;2;70;62;64m██[38;2;70;62;64m██[38;2;45;39;40m██[38;2;16;16;16m██[38;2;86;33;33m██[38;2;86;33;33m██[38;2;165;58;58m██[38;2;233;83;94m██[38;2;233;83;94m██[38;2;45;39;40m██[38;2;16;16;16m██[38;2;45;39;40m██[38;2;86;33;33m██[38;2;165;58;58m██[38;2;165;58;58m██[38;2;16;16;16m██[38;2;45;39;40m██[38;2;45;39;40m██[38;2;16;16;16m██  
                                                                          [38;2;16;16;16m██[38;2;16;16;16m██[38;2;16;16;16m██[38;2;165;58;58m██[38;2;165;58;58m██[38;2;165;58;58m██[38;2;233;83;94m██[38;2;233;83;94m██[38;2;165;58;58m██[38;2;233;83;94m██[38;2;233;83;94m██[38;2;233;83;94m██[38;2;233;83;94m██[38;2;233;83;94m██[38;2;233;83;94m██[38;2;233;83;94m██[38;2;233;83;94m██[38;2;233;83;94m██[38;2;86;33;33m██[38;2;86;33;33m██[38;2;86;33;33m██[38;2;45;39;40m██[38;2;70;62;64m██[38;2;70;62;64m██[38;2;45;39;40m██[38;2;45;39;40m██[38;2;86;33;33m██[38;2;165;58;58m██[38;2;165;58;58m██[38;2;233;83;94m██[38;2;233;83;94m██[38;2;45;39;40m██[38;2;70;62;64m██[38;2;45;39;40m██[38;2;16;16;16m██[38;2;86;33;33m██[38;2;165;58;58m██[38;2;16;16;16m██[38;2;45;39;40m██[38;2;16;16;16m██[38;2;16;16;16m██    
                                                                                [38;2;86;33;33m██[38;2;165;58;58m██[38;2;165;58;58m██[38;2;165;58;58m██[38;2;165;58;58m██[38;2;165;58;58m██[38;2;165;58;58m██[38;2;233;83;94m██[38;2;233;83;94m██[38;2;233;83;94m██[38;2;233;83;94m██[38;2;233;83;94m██[38;2;233;83;94m██[38;2;233;83;94m██[38;2;233;83;94m██[38;2;233;83;94m██[38;2;233;83;94m██[38;2;165;58;58m██[38;2;45;39;40m██[38;2;70;62;64m██[38;2;45;39;40m██[38;2;45;39;40m██[38;2;86;33;33m██[38;2;165;58;58m██[38;2;165;58;58m██[38;2;233;83;94m██[38;2;233;83;94m██[38;2;45;39;40m██[38;2;70;62;64m██[38;2;45;39;40m██[38;2;45;39;40m██[38;2;16;16;16m██[38;2;16;16;16m██[38;2;16;16;16m██[38;2;16;16;16m██[38;2;16;16;16m██        
                                                                                [38;2;86;33;33m██[38;2;165;58;58m██[38;2;165;58;58m██[38;2;165;58;58m██[38;2;165;58;58m██[38;2;165;58;58m██[38;2;86;33;33m██[38;2;165;58;58m██[38;2;233;83;94m██[38;2;233;83;94m██[38;2;233;83;94m██[38;2;233;83;94m██[38;2;233;83;94m██[38;2;233;83;94m██[38;2;233;83;94m██[38;2;233;83;94m██[38;2;233;83;94m██[38;2;45;39;40m██[38;2;70;62;64m██[38;2;45;39;40m██[38;2;45;39;40m██[38;2;86;33;33m██[38;2;165;58;58m██[38;2;165;58;58m██[38;2;233;83;94m██[38;2;233;83;94m██[38;2;233;83;94m██[38;2;16;16;16m██[38;2;45;39;40m██[38;2;45;39;40m██[38;2;45;39;40m██[38;2;16;16;16m██                
                                                                                  [38;2;86;33;33m██[38;2;165;58;58m██[38;2;165;58;58m██[38;2;165;58;58m██[38;2;165;58;58m██[38;2;16;16;16m██[38;2;86;33;33m██[38;2;165;58;58m██[38;2;233;83;94m██[38;2;233;83;94m██[38;2;233;83;94m██[38;2;233;83;94m██[38;2;233;83;94m██[38;2;233;83;94m██[38;2;233;83;94m██[38;2;233;83;94m██[38;2;45;39;40m██[38;2;70;62;64m██[38;2;45;39;40m██[38;2;86;33;33m██[38;2;165;58;58m██[38;2;165;58;58m██[38;2;233;83;94m██[38;2;233;83;94m██[38;2;233;83;94m██[38;2;45;39;40m██[38;2;70;62;64m██[38;2;45;39;40m██[38;2;45;39;40m██[38;2;16;16;16m██                  
                                                                                    [38;2;86;33;33m██[38;2;165;58;58m██[38;2;165;58;58m██[38;2;165;58;58m██[38;2;16;16;16m██[38;2;165;58;58m██[38;2;86;33;33m██[38;2;233;83;94m██[38;2;233;83;94m██[38;2;233;83;94m██[38;2;233;83;94m██[38;2;233;83;94m██[38;2;233;83;94m██[38;2;233;83;94m██[38;2;233;83;94m██[38;2;45;39;40m██[38;2;45;39;40m██[38;2;45;39;40m██[38;2;86;33;33m██[38;2;165;58;58m██[38;2;233;83;94m██[38;2;233;83;94m██[38;2;233;83;94m██[38;2;233;83;94m██[38;2;16;16;16m██[38;2;45;39;40m██[38;2;45;39;40m██[38;2;45;39;40m██[38;2;16;16;16m██                  
                                                                                      [38;2;16;16;16m██[38;2;16;16;16m██[38;2;16;16;16m██[38;2;188;124;128m██[38;2;16;16;16m██  [38;2;16;16;16m██[38;2;165;58;58m██[38;2;233;83;94m██[38;2;233;83;94m██[38;2;233;83;94m██[38;2;233;83;94m██[38;2;233;83;94m██[38;2;233;83;94m██[38;2;16;16;16m██[38;2;45;39;40m██[38;2;86;33;33m██[38;2;165;58;58m██[38;2;233;83;94m██[38;2;233;83;94m██[38;2;233;83;94m██[38;2;233;83;94m██[38;2;45;39;40m██[38;2;70;62;64m██[38;2;45;39;40m██[38;2;45;39;40m██[38;2;16;16;16m██                    
                                                                                      [38;2;120;83;86m██[38;2;188;124;128m██[38;2;16;16;16m██[38;2;188;124;128m██[38;2;16;16;16m██    [38;2;16;16;16m██[38;2;16;16;16m██[38;2;165;58;58m██[38;2;233;83;94m██[38;2;233;83;94m██[38;2;233;83;94m██[38;2;165;58;58m██[38;2;16;16;16m██[38;2;45;39;40m██[38;2;86;33;33m██[38;2;165;58;58m██[38;2;233;83;94m██[38;2;233;83;94m██[38;2;233;83;94m██[38;2;233;83;94m██[38;2;16;16;16m██[38;2;45;39;40m██[38;2;45;39;40m██[38;2;16;16;16m██                      
                                                                                      [38;2;120;83;86m██[38;2;120;83;86m██[38;2;120;83;86m██[38;2;188;124;128m██[38;2;16;16;16m██        [38;2;16;16;16m██[38;2;16;16;16m██[38;2;165;58;58m██[38;2;165;58;58m██[38;2;165;58;58m██[38;2;16;16;16m██[38;2;86;33;33m██[38;2;165;58;58m██[38;2;233;83;94m██[38;2;233;83;94m██[38;2;233;83;94m██[38;2;233;83;94m██[38;2;233;83;94m██[38;2;16;16;16m██[38;2;45;39;40m██[38;2;16;16;16m██                        
                                                                                    [38;2;120;83;86m██[38;2;188;124;128m██[38;2;16;16;16m██  [38;2;120;83;86m██[38;2;16;16;16m██            [38;2;16;16;16m██[38;2;16;16;16m██[38;2;16;16;16m██[38;2;16;16;16m██[38;2;165;58;58m██[38;2;165;58;58m██[38;2;165;58;58m██[38;2;165;58;58m██[38;2;165;58;58m██[38;2;165;58;58m██[38;2;165;58;58m██[38;2;16;16;16m██[38;2;16;16;16m██                          
                                                                                    [38;2;120;83;86m██[38;2;120;83;86m██    [38;2;120;83;86m██[38;2;16;16;16m██                  [38;2;16;16;16m██[38;2;16;16;16m██[38;2;16;16;16m██[38;2;16;16;16m██[38;2;16;16;16m██[38;2;16;16;16m██[38;2;16;16;16m██[38;2;16;16;16m██                              
                                                                                  [38;2;120;83;86m██[38;2;249;179;186m██[38;2;16;16;16m██    [38;2;120;83;86m██[38;2;188;124;128m██[38;2;120;83;86m██                                                              
                                                                                  [38;2;120;83;86m██[38;2;120;83;86m██      [38;2;120;83;86m██[38;2;188;124;128m██[38;2;16;16;16m██                                                              
                                                                                [38;2;120;83;86m██[38;2;249;179;186m██[38;2;16;16;16m██    [38;2;120;83;86m██[38;2;188;124;128m██[38;2;188;124;128m██[38;2;16;16;16m██                                                              
                                                                                [38;2;120;83;86m██[38;2;188;124;128m██[38;2;16;16;16m██[38;2;120;83;86m██[38;2;120;83;86m██[38;2;120;83;86m██[38;2;188;124;128m██[38;2;188;124;128m██[38;2;120;83;86m██[38;2;16;16;16m██[38;2;16;16;16m██                                                          
                                                                              [38;2;120;83;86m██[38;2;249;179;186m██[38;2;16;16;16m██[38;2;120;83;86m██[38;2;120;83;86m██[38;2;188;124;128m██[38;2;188;124;128m██[38;2;188;124;128m██[38;2;188;124;128m██[38;2;188;124;128m██[38;2;188;124;128m██[38;2;188;124;128m██[38;2;16;16;16m██                                                        
                                                            [38;2;120;83;86m██[38;2;120;83;86m██[38;2;120;83;86m██[38;2;120;83;86m██[38;2;120;83;86m██[38;2;120;83;86m██[38;2;120;83;86m██[38;2;120;83;86m██[38;2;120;83;86m██[38;2;249;179;186m██[38;2;16;16;16m██[38;2;16;16;16m██[38;2;120;83;86m██[38;2;188;124;128m██[38;2;120;83;86m██[38;2;120;83;86m██[38;2;16;16;16m██[38;2;16;16;16m██[38;2;16;16;16m██[38;2;16;16;16m██[38;2;16;16;16m██                                                          
                                                          [38;2;120;83;86m██[38;2;249;179;186m██[38;2;188;124;128m██[38;2;120;83;86m██[38;2;188;124;128m██[38;2;188;124;128m██[38;2;249;179;186m██[38;2;249;179;186m██[38;2;249;179;186m██[38;2;249;179;186m██[38;2;249;179;186m██[38;2;249;179;186m██[38;2;249;179;186m██[38;2;16;16;16m██[38;2;16;16;16m██[38;2;16;16;16m██[38;2;16;16;16m██                                                                    
                                                          [38;2;120;83;86m██[38;2;120;83;86m██[38;2;249;179;186m██[38;2;249;179;186m██[38;2;120;83;86m██[38;2;120;83;86m██[38;2;120;83;86m██[38;2;188;124;128m██[38;2;249;179;186m██[38;2;16;16;16m██[38;2;16;16;16m██[38;2;16;16;16m██[38;2;16;16;16m██                                                                            
                                                            [38;2;120;83;86m██[38;2;16;16;16m██[38;2;120;83;86m██[38;2;249;179;186m██[38;2;249;179;186m██[38;2;16;16;16m██[38;2;16;16;16m██[38;2;16;16;16m██                                                                                    
                                                                [38;2;120;83;86m██[38;2;16;16;16m██[38;2;16;16;16m██                                                                                          
