                                                [38;2;85;92;117m██[38;2;85;92;117m██          
        [38;2;85;92;117m██[38;2;85;92;117m██[38;2;85;92;117m██                              [38;2;85;92;117m██[38;2;85;92;117m██[38;2;192;179;173m██[38;2;250;254;254m██[38;2;85;92;117m██        
      [38;2;85;92;117m██[38;2;250;254;254m██[38;2;250;254;254m██[38;2;192;179;173m██[38;2;85;92;117m██[38;2;85;92;117m██                        [38;2;85;92;117m██[38;2;192;179;173m██[38;2;250;254;254m██[38;2;250;254;254m██[38;2;250;254;254m██[38;2;85;92;117m██        
    [38;2;85;92;117m██[38;2;250;254;254m██[38;2;250;254;254m██[38;2;250;254;254m██[38;2;250;254;254m██[38;2;250;254;254m██[38;2;192;179;173m██[38;2;85;92;117m██[38;2;85;92;117m██                  [38;2;85;92;117m██[38;2;250;254;254m██[38;2;250;254;254m██[38;2;250;254;254m██[38;2;250;254;254m██[38;2;250;254;254m██[38;2;85;92;117m██        
  [38;2;85;92;117m██[38;2;250;254;254m██[38;2;250;254;254m██[38;2;250;254;254m██[38;2;250;254;254m██[38;2;250;254;254m██[38;2;250;254;254m██[38;2;250;254;254m██[38;2;250;254;254m██[38;2;192;179;173m██[38;2;85;92;117m██              [38;2;85;92;117m██[38;2;250;254;254m██[38;2;250;254;254m██[38;2;250;254;254m██[38;2;250;254;254m██[38;2;250;254;254m██[38;2;192;179;173m██[38;2;85;92;117m██        
  [38;2;85;92;117m██[38;2;250;254;254m██[38;2;250;254;254m██[38;2;250;254;254m██[38;2;250;254;254m██[38;2;250;254;254m██[38;2;250;254;254m██[38;2;250;254;254m██[38;2;250;254;254m██[38;2;250;254;254m██[38;2;192;179;173m██[38;2;85;92;117m██          [38;2;85;92;117m██[38;2;250;254;254m██[38;2;250;254;254m██[38;2;250;254;254m██[38;2;250;254;254m██[38;2;250;254;254m██[38;2;250;254;254m██[38;2;85;92;117m██          
[38;2;85;92;117m██[38;2;192;179;173m██[38;2;250;254;254m██[38;2;250;254;254m██[38;2;250;254;254m██[38;2;250;254;254m██[38;2;250;254;254m██[38;2;250;254;254m██[38;2;250;254;254m██[38;2;250;254;254m██[38;2;250;254;254m██[38;2;250;254;254m██[38;2;192;179;173m██[38;2;85;92;117m██      [38;2;85;92;117m██[38;2;250;254;254m██[38;2;250;254;254m██[38;2;250;254;254m██[38;2;250;254;254m██[38;2;250;254;254m██[38;2;250;254;254m██[38;2;192;179;173m██[38;2;29;30;37m██          
[38;2;85;92;117m██[38;2;250;254;254m██[38;2;250;254;254m██[38;2;250;254;254m██[38;2;250;254;254m██[38;2;250;254;254m██[38;2;250;254;254m██[38;2;250;254;254m██[38;2;250;254;254m██[38;2;250;254;254m██[38;2;250;254;254m██[38;2;250;254;254m██[38;2;250;254;254m██[38;2;250;254;254m██[38;2;85;92;117m██  [38;2;85;92;117m██[38;2;250;254;254m██[38;2;250;254;254m██[38;2;250;254;254m██[38;2;250;254;254m██[38;2;192;179;173m██[38;2;159;112;194m██[38;2;159;112;194m██[38;2;29;30;37m██            
[38;2;85;92;117m██[38;2;250;254;254m██[38;2;250;254;254m██[38;2;250;254;254m██[38;2;250;254;254m██[38;2;250;254;254m██[38;2;250;254;254m██[38;2;250;254;254m██[38;2;250;254;254m██[38;2;192;179;173m██[38;2;159;112;194m██[38;2;159;112;194m██[38;2;159;112;194m██[38;2;192;179;173m██[38;2;250;254;254m██[38;2;85;92;117m██[38;2;192;179;173m██[38;2;250;254;254m██[38;2;250;254;254m██[38;2;192;179;173m██[38;2;159;112;194m██[38;2;159;112;194m██[38;2;159;112;194m██[38;2;159;112;194m██[38;2;29;30;37m██            
[38;2;85;92;117m██[38;2;250;254;254m██[38;2;250;254;254m██[38;2;250;254;254m██[38;2;250;254;254m██[38;2;250;254;254m██[38;2;250;254;254m██[38;2;250;254;254m██[38;2;192;179;173m██[38;2;159;112;194m██[38;2;159;112;194m██[38;2;159;112;194m██[38;2;159;112;194m██[38;2;159;112;194m██[38;2;159;112;194m██[38;2;29;30;37m██[38;2;250;254;254m██[38;2;250;254;254m██[38;2;192;179;173m██[38;2;159;112;194m██[38;2;159;112;194m██[38;2;159;112;194m██[38;2;250;254;254m██[38;2;192;179;173m██[38;2;29;30;37m██            
[38;2;85;92;117m██[38;2;192;179;173m██[38;2;250;254;254m██[38;2;250;254;254m██[38;2;250;254;254m██[38;2;250;254;254m██[38;2;250;254;254m██[38;2;250;254;254m██[38;2;159;112;194m██[38;2;159;112;194m██[38;2;159;112;194m██[38;2;159;112;194m██[38;2;159;112;194m██[38;2;159;112;194m██[38;2;29;30;37m██[38;2;192;179;173m██[38;2;250;254;254m██[38;2;250;254;254m██[38;2;159;112;194m██[38;2;159;112;194m██[38;2;159;112;194m██[38;2;250;254;254m██[38;2;250;254;254m██[38;2;29;30;37m██              
  [38;2;85;92;117m██[38;2;192;179;173m██[38;2;250;254;254m██[38;2;250;254;254m██[38;2;250;254;254m██[38;2;250;254;254m██[38;2;250;254;254m██[38;2;159;112;194m██[38;2;159;112;194m██[38;2;159;112;194m██[38;2;159;112;194m██[38;2;250;254;254m██[38;2;192;179;173m██[38;2;29;30;37m██[38;2;250;254;254m██[38;2;250;254;254m██[38;2;250;254;254m██[38;2;159;112;194m██[38;2;159;112;194m██[38;2;250;254;254m██[38;2;250;254;254m██[38;2;192;179;173m██[38;2;29;30;37m██              
    [38;2;85;92;117m██[38;2;192;179;173m██[38;2;250;254;254m██[38;2;250;254;254m██[38;2;250;254;254m██[38;2;250;254;254m██[38;2;192;179;173m██[38;2;159;112;194m██[38;2;159;112;194m██[38;2;159;112;194m██[38;2;250;254;254m██[38;2;250;254;254m██[38;2;29;30;37m██[38;2;250;254;254m██[38;2;250;254;254m██[38;2;250;254;254m██[38;2;159;112;194m██[38;2;159;112;194m██[38;2;250;254;254m██[38;2;192;179;173m██[38;2;192;179;173m██[38;2;29;30;37m██[38;2;158;70;139m██            
      [38;2;85;92;117m██[38;2;85;92;117m██[38;2;192;179;173m██[38;2;250;254;254m██[38;2;250;254;254m██[38;2;250;254;254m██[38;2;159;112;194m██[38;2;159;112;194m██[38;2;159;112;194m██[38;2;192;179;173m██[38;2;250;254;254m██[38;2;29;30;37m██[38;2;192;179;173m██[38;2;250;254;254m██[38;2;250;254;254m██[38;2;159;112;194m██[38;2;159;112;194m██[38;2;192;179;173m██[38;2;192;179;173m██[38;2;29;30;37m██[38;2;238;170;224m██[38;2;217;131;198m██[38;2;158;70;139m██[38;2;158;70;139m██        
          [38;2;29;30;37m██[38;2;29;30;37m██[38;2;29;30;37m██[38;2;192;179;173m██[38;2;192;179;173m██[38;2;159;112;194m██[38;2;159;112;194m██[38;2;159;112;194m██[38;2;192;179;173m██[38;2;29;30;37m██[38;2;29;30;37m██[38;2;192;179;173m██[38;2;192;179;173m██[38;2;159;112;194m██[38;2;159;112;194m██[38;2;192;179;173m██[38;2;192;179;173m██[38;2;217;131;198m██[38;2;238;170;224m██[38;2;238;170;224m██[38;2;238;170;224m██[38;2;217;131;198m██[38;2;158;70;139m██      
                [38;2;29;30;37m██[38;2;29;30;37m██[38;2;29;30;37m██[38;2;29;30;37m██[38;2;29;30;37m██[38;2;29;30;37m██[38;2;29;30;37m██[38;2;192;179;173m██[38;2;29;30;37m██[38;2;192;179;173m██[38;2;192;179;173m██[38;2;159;112;194m██[38;2;192;179;173m██[38;2;217;131;198m██[38;2;238;170;224m██[38;2;238;170;224m██[38;2;238;170;224m██[38;2;238;170;224m██[38;2;238;170;224m██[38;2;217;131;198m██[38;2;158;70;139m██    
                              [38;2;29;30;37m██[38;2;217;131;198m██[38;2;29;30;37m██[38;2;29;30;37m██[38;2;217;131;198m██[38;2;217;131;198m██[38;2;217;131;198m██[38;2;238;170;224m██[38;2;238;170;224m██[38;2;238;170;224m██[38;2;238;170;224m██[38;2;238;170;224m██[38;2;238;170;224m██[38;2;158;70;139m██    
                            [38;2;85;92;117m██[38;2;217;131;198m██[38;2;238;170;224m██[38;2;238;170;224m██[38;2;238;170;224m██[38;2;238;170;224m██[38;2;238;170;224m██[38;2;238;170;224m██[38;2;238;170;224m██[38;2;238;170;224m██[38;2;238;170;224m██[38;2;238;170;224m██[38;2;238;170;224m██[38;2;238;170;224m██[38;2;158;70;139m██    
                      [38;2;85;92;117m██[38;2;85;92;117m██[38;2;85;92;117m██[38;2;192;179;173m██[38;2;250;254;254m██[38;2;250;254;254m██[38;2;250;254;254m██[38;2;250;254;254m██[38;2;238;170;224m██[38;2;238;170;224m██[38;2;238;170;224m██[38;2;238;170;224m██[38;2;238;170;224m██[38;2;238;170;224m██[38;2;238;170;224m██[38;2;238;170;224m██[38;2;238;170;224m██[38;2;217;131;198m██[38;2;29;30;37m██  
                      [38;2;85;92;117m██[38;2;250;254;254m██[38;2;250;254;254m██[38;2;250;254;254m██[38;2;250;254;254m██[38;2;250;254;254m██[38;2;250;254;254m██[38;2;250;254;254m██[38;2;250;254;254m██[38;2;250;254;254m██[38;2;238;170;224m██[38;2;238;170;224m██[38;2;238;170;224m██[38;2;238;170;224m██[38;2;238;170;224m██[38;2;238;170;224m██[38;2;238;170;224m██[38;2;238;170;224m██[38;2;29;30;37m██[38;2;158;70;139m██
                    [38;2;85;92;117m██[38;2;85;92;117m██[38;2;192;179;173m██[38;2;192;179;173m██[38;2;250;254;254m██[38;2;250;254;254m██[38;2;250;254;254m██[38;2;250;254;254m██[38;2;250;254;254m██[38;2;250;254;254m██[38;2;250;254;254m██[38;2;250;254;254m██[38;2;238;170;224m██[38;2;238;170;224m██[38;2;238;170;224m██[38;2;238;170;224m██[38;2;238;170;224m██[38;2;217;131;198m██[38;2;158;70;139m██[38;2;29;30;37m██[38;2;29;30;37m██
                    [38;2;85;92;117m██[38;2;250;254;254m██[38;2;250;254;254m██[38;2;250;254;254m██[38;2;250;254;254m██[38;2;250;254;254m██[38;2;250;254;254m██[38;2;250;254;254m██[38;2;250;254;254m██[38;2;250;254;254m██[38;2;250;254;254m██[38;2;250;254;254m██[38;2;250;254;254m██[38;2;238;170;224m██[38;2;238;170;224m██[38;2;238;170;224m██[38;2;217;131;198m██[38;2;217;131;198m██[38;2;29;30;37m██    
                      [38;2;85;92;117m██[38;2;250;254;254m██[38;2;250;254;254m██[38;2;250;254;254m██[38;2;250;254;254m██[38;2;250;254;254m██[38;2;250;254;254m██[38;2;250;254;254m██[38;2;250;254;254m██[38;2;250;254;254m██[38;2;250;254;254m██[38;2;250;254;254m██[38;2;238;170;224m██[38;2;238;170;224m██[38;2;217;131;198m██[38;2;217;131;198m██[38;2;29;30;37m██      
                        [38;2;85;92;117m██[38;2;192;179;173m██[38;2;250;254;254m██[38;2;250;254;254m██[38;2;250;254;254m██[38;2;250;254;254m██[38;2;250;254;254m██[38;2;250;254;254m██[38;2;250;254;254m██[38;2;192;179;173m██[38;2;192;179;173m██[38;2;192;179;173m██[38;2;217;131;198m██[38;2;217;131;198m██[38;2;29;30;37m██        
                        [38;2;85;92;117m██[38;2;250;254;254m██[38;2;250;254;254m██[38;2;250;254;254m██[38;2;250;254;254m██[38;2;192;179;173m██[38;2;192;179;173m██[38;2;192;179;173m██[38;2;192;179;173m██[38;2;192;179;173m██[38;2;192;179;173m██[38;2;192;179;173m██[38;2;217;131;198m██[38;2;217;131;198m██[38;2;29;30;37m██        
                      [38;2;85;92;117m██[38;2;192;179;173m██[38;2;250;254;254m██[38;2;250;254;254m██[38;2;192;179;173m██[38;2;192;179;173m██[38;2;192;179;173m██[38;2;192;179;173m██[38;2;192;179;173m██[38;2;192;179;173m██[38;2;192;179;173m██[38;2;192;179;173m██[38;2;192;179;173m██[38;2;217;131;198m██[38;2;158;70;139m██          
                      [38;2;85;92;117m██[38;2;29;30;37m██[38;2;29;30;37m██[38;2;192;179;173m██[38;2;192;179;173m██[38;2;192;179;173m██[38;2;192;179;173m██[38;2;192;179;173m██[38;2;192;179;173m██[38;2;192;179;173m██[38;2;192;179;173m██[38;2;192;179;173m██[38;2;192;179;173m██[38;2;29;30;37m██[38;2;29;30;37m██          
                            [38;2;29;30;37m██[38;2;29;30;37m██[38;2;192;179;173m██[38;2;192;179;173m██[38;2;29;30;37m██[38;2;192;179;173m██[38;2;192;179;173m██[38;2;29;30;37m██[38;2;192;179;173m██[38;2;29;30;37m██              
                            [38;2;29;30;37m██[38;2;29;30;37m██[38;2;29;30;37m██[38;2;29;30;37m██  [38;2;29;30;37m██[38;2;29;30;37m██[38;2;29;30;37m██[38;2;29;30;37m██[38;2;29;30;37m██              
                            [38;2;29;30;37m██    [38;2;29;30;37m██[38;2;29;30;37m██  [38;2;29;30;37m██                    
                          [38;2;29;30;37m██      [38;2;29;30;37m██  [38;2;29;30;37m██                      
                          [38;2;29;30;37m██    [38;2;29;30;37m██    [38;2;29;30;37m██                      
                        [38;2;29;30;37m██    [38;2;29;30;37m██[38;2;29;30;37m██  [38;2;29;30;37m██                        
                      [38;2;29;30;37m██      [38;2;29;30;37m██[38;2;29;30;37m██  [38;2;29;30;37m██                        
                  [38;2;29;30;37m██[38;2;29;30;37m██      [38;2;29;30;37m██[38;2;29;30;37m██[38;2;29;30;37m██[38;2;29;30;37m██                          
                [38;2;29;30;37m██[38;2;29;30;37m██[38;2;29;30;37m██    [38;2;29;30;37m██[38;2;29;30;37m██  [38;2;29;30;37m██[38;2;29;30;37m██[38;2;29;30;37m██                        
                [38;2;29;30;37m██[38;2;29;30;37m██      [38;2;29;30;37m██[38;2;29;30;37m██  [38;2;29;30;37m██[38;2;29;30;37m██                          
