                                                                        [38;2;48;43;44m██[38;2;48;43;44m██[38;2;48;43;44m██[38;2;48;43;44m██                                      
                                                                      [38;2;48;43;44m██[38;2;48;43;44m██[38;2;48;43;44m██[38;2;48;43;44m██[38;2;48;43;44m██[38;2;48;43;44m██                                    
                                                  [38;2;48;43;44m██[38;2;48;43;44m██[38;2;48;43;44m██[38;2;48;43;44m██[38;2;48;43;44m██[38;2;48;43;44m██[38;2;68;59;61m██    [38;2;48;43;44m██[38;2;48;43;44m██[38;2;48;43;44m██[38;2;48;43;44m██[38;2;48;43;44m██  [38;2;48;43;44m██                                    
                                      [38;2;48;43;44m██[38;2;48;43;44m██      [38;2;48;43;44m██[38;2;48;43;44m██[38;2;48;43;44m██[38;2;48;43;44m██[38;2;68;59;61m██[38;2;48;43;44m██[38;2;48;43;44m██[38;2;48;43;44m██[38;2;48;43;44m██  [38;2;48;43;44m██[38;2;48;43;44m██[38;2;68;59;61m██[38;2;48;43;44m██                                          
                                    [38;2;48;43;44m██[38;2;48;43;44m██        [38;2;48;43;44m██[38;2;48;43;44m██[38;2;48;43;44m██[38;2;68;59;61m██[38;2;48;43;44m██[38;2;68;59;61m██[38;2;68;59;61m██[38;2;68;59;61m██[38;2;48;43;44m██[38;2;48;43;44m██[38;2;48;43;44m██[38;2;68;59;61m██[38;2;68;59;61m██[38;2;68;59;61m██                                          
                                    [38;2;48;43;44m██        [38;2;48;43;44m██[38;2;48;43;44m██[38;2;48;43;44m██[38;2;48;43;44m██[38;2;48;43;44m██[38;2;68;59;61m██[38;2;48;43;44m██[38;2;68;59;61m██[38;2;68;59;61m██[38;2;68;59;61m██[38;2;68;59;61m██[38;2;48;43;44m██[38;2;68;59;61m██[38;2;68;59;61m██[38;2;68;59;61m██[38;2;48;43;44m██                                        
                                    [38;2;48;43;44m██[38;2;48;43;44m██    [38;2;48;43;44m██[38;2;48;43;44m██[38;2;48;43;44m██[38;2;48;43;44m██[38;2;48;43;44m██[38;2;48;43;44m██[38;2;48;43;44m██[38;2;68;59;61m██[38;2;68;59;61m██[38;2;68;59;61m██[38;2;68;59;61m██[38;2;68;59;61m██[38;2;68;59;61m██[38;2;68;59;61m██[38;2;97;88;88m██[38;2;68;59;61m██[38;2;68;59;61m██[38;2;48;43;44m██                                      
                                    [38;2;48;43;44m██[38;2;48;43;44m██[38;2;48;43;44m██[38;2;48;43;44m██[38;2;48;43;44m██[38;2;48;43;44m██[38;2;48;43;44m██[38;2;48;43;44m██[38;2;35;32;33m██    [38;2;48;43;44m██[38;2;68;59;61m██[38;2;68;59;61m██[38;2;68;59;61m██[38;2;68;59;61m██[38;2;68;59;61m██[38;2;97;88;88m██[38;2;68;59;61m██[38;2;97;88;88m██[38;2;97;88;88m██[38;2;68;59;61m██[38;2;48;43;44m██[38;2;116;164;84m██[38;2;33;32;35m██                                
                                      [38;2;48;43;44m██[38;2;48;43;44m██[38;2;48;43;44m██[38;2;48;43;44m██[38;2;48;43;44m██[38;2;48;43;44m██[38;2;35;32;33m██        [38;2;68;59;61m██[38;2;68;59;61m██[38;2;68;59;61m██[38;2;68;59;61m██[38;2;97;88;88m██[38;2;68;59;61m██[38;2;97;88;88m██[38;2;97;88;88m██[38;2;97;88;88m██[38;2;97;88;88m██[38;2;68;59;61m██[38;2;68;59;61m██[38;2;173;211;95m██[38;2;33;32;35m██                              
                                          [38;2;35;32;33m██[38;2;35;32;33m██[38;2;35;32;33m██[38;2;35;32;33m██          [38;2;48;43;44m██[38;2;68;59;61m██[38;2;68;59;61m██[38;2;68;59;61m██[38;2;68;59;61m██[38;2;97;88;88m██[38;2;68;59;61m██[38;2;97;88;88m██[38;2;97;88;88m██[38;2;97;88;88m██[38;2;97;88;88m██[38;2;68;59;61m██[38;2;48;43;44m██[38;2;224;236;110m██[38;2;33;32;35m██                            
                                        [38;2;35;32;33m██[38;2;48;43;44m██[38;2;48;43;44m██[38;2;48;43;44m██[38;2;48;43;44m██[38;2;48;43;44m██          [38;2;48;43;44m██[38;2;68;59;61m██[38;2;68;59;61m██[38;2;68;59;61m██[38;2;68;59;61m██[38;2;97;88;88m██[38;2;97;88;88m██[38;2;97;88;88m██[38;2;97;88;88m██[38;2;68;59;61m██[38;2;68;59;61m██[38;2;48;43;44m██[38;2;224;236;110m██[38;2;59;59;63m██[38;2;33;32;35m██                          
                                      [38;2;35;32;33m██[38;2;35;32;33m██    [38;2;35;32;33m██[38;2;48;43;44m██[38;2;48;43;44m██[38;2;48;43;44m██          [38;2;48;43;44m██[38;2;48;43;44m██[38;2;68;59;61m██[38;2;68;59;61m██[38;2;68;59;61m██[38;2;97;88;88m██[38;2;68;59;61m██[38;2;68;59;61m██[38;2;68;59;61m██[38;2;68;59;61m██[38;2;173;211;95m██[38;2;47;47;51m██[38;2;59;59;63m██[38;2;59;59;63m██[38;2;33;32;35m██                        
                                      [38;2;35;32;33m██        [38;2;48;43;44m██[38;2;48;43;44m██[38;2;48;43;44m██[38;2;48;43;44m██[38;2;48;43;44m██    [38;2;48;43;44m██[38;2;68;59;61m██[38;2;68;59;61m██[38;2;68;59;61m██[38;2;68;59;61m██[38;2;68;59;61m██[38;2;68;59;61m██[38;2;68;59;61m██[38;2;116;164;84m██[38;2;116;164;84m██[38;2;173;211;95m██[38;2;173;211;95m██[38;2;59;59;63m██[38;2;47;47;51m██[38;2;59;59;63m██[38;2;59;59;63m██[38;2;33;32;35m██                      
                        [38;2;35;32;33m██[38;2;48;43;44m██                    [38;2;48;43;44m██[38;2;48;43;44m██[38;2;48;43;44m██[38;2;68;59;61m██[38;2;68;59;61m██[38;2;48;43;44m██[38;2;48;43;44m██[38;2;68;59;61m██[38;2;97;88;88m██[38;2;68;59;61m██[38;2;97;88;88m██[38;2;97;88;88m██[38;2;97;88;88m██[38;2;97;88;88m██[38;2;97;88;88m██[38;2;68;59;61m██[38;2;68;59;61m██[38;2;116;164;84m██[38;2;173;211;95m██[38;2;59;59;63m██[38;2;59;59;63m██[38;2;47;47;51m██[38;2;59;59;63m██[38;2;59;59;63m██[38;2;33;32;35m██                    
                      [38;2;35;32;33m██[38;2;48;43;44m██[38;2;48;43;44m██[38;2;48;43;44m██                  [38;2;48;43;44m██[38;2;48;43;44m██[38;2;68;59;61m██[38;2;68;59;61m██[38;2;68;59;61m██[38;2;68;59;61m██[38;2;68;59;61m██[38;2;97;88;88m██[38;2;68;59;61m██[38;2;97;88;88m██[38;2;68;59;61m██[38;2;97;88;88m██[38;2;97;88;88m██[38;2;97;88;88m██[38;2;97;88;88m██[38;2;97;88;88m██[38;2;97;88;88m██[38;2;116;164;84m██[38;2;173;211;95m██[38;2;173;211;95m██[38;2;59;59;63m██[38;2;59;59;63m██[38;2;59;59;63m██[38;2;59;59;63m██[38;2;59;59;63m██[38;2;33;32;35m██                  
                    [38;2;35;32;33m██[38;2;48;43;44m██    [38;2;48;43;44m██[38;2;48;43;44m██                [38;2;35;32;33m██[38;2;48;43;44m██[38;2;68;59;61m██[38;2;68;59;61m██[38;2;68;59;61m██[38;2;68;59;61m██[38;2;68;59;61m██[38;2;68;59;61m██[38;2;97;88;88m██[38;2;68;59;61m██[38;2;97;88;88m██[38;2;97;88;88m██[38;2;97;88;88m██[38;2;97;88;88m██[38;2;97;88;88m██[38;2;97;88;88m██[38;2;97;88;88m██[38;2;68;59;61m██[38;2;116;164;84m██[38;2;173;211;95m██[38;2;59;59;63m██[38;2;59;59;63m██[38;2;59;59;63m██[38;2;59;59;63m██[38;2;59;59;63m██[38;2;59;59;63m██[38;2;33;32;35m██                
                    [38;2;35;32;33m██                            [38;2;48;43;44m██[38;2;48;43;44m██[38;2;68;59;61m██[38;2;68;59;61m██[38;2;48;43;44m██[38;2;48;43;44m██[38;2;68;59;61m██[38;2;68;59;61m██[38;2;97;88;88m██[38;2;68;59;61m██[38;2;97;88;88m██[38;2;97;88;88m██[38;2;97;88;88m██[38;2;97;88;88m██[38;2;97;88;88m██[38;2;68;59;61m██[38;2;68;59;61m██[38;2;116;164;84m██[38;2;173;211;95m██[38;2;59;59;63m██[38;2;59;59;63m██[38;2;59;59;63m██[38;2;59;59;63m██[38;2;59;59;63m██[38;2;59;59;63m██[38;2;59;59;63m██[38;2;33;32;35m██              
                                    [38;2;48;43;44m██[38;2;48;43;44m██            [38;2;48;43;44m██[38;2;48;43;44m██[38;2;48;43;44m██[38;2;48;43;44m██[38;2;68;59;61m██[38;2;68;59;61m██[38;2;97;88;88m██[38;2;68;59;61m██[38;2;97;88;88m██[38;2;68;59;61m██[38;2;97;88;88m██[38;2;97;88;88m██[38;2;97;88;88m██[38;2;97;88;88m██[38;2;116;164;84m██[38;2;116;164;84m██[38;2;48;43;44m██[38;2;116;164;84m██[38;2;59;59;63m██[38;2;59;59;63m██[38;2;59;59;63m██[38;2;59;59;63m██[38;2;59;59;63m██[38;2;59;59;63m██[38;2;59;59;63m██[38;2;59;59;63m██[38;2;33;32;35m██            
                                  [38;2;48;43;44m██[38;2;48;43;44m██              [38;2;48;43;44m██[38;2;48;43;44m██[38;2;48;43;44m██[38;2;68;59;61m██[38;2;68;59;61m██[38;2;68;59;61m██[38;2;68;59;61m██[38;2;68;59;61m██[38;2;68;59;61m██[38;2;68;59;61m██[38;2;68;59;61m██[38;2;68;59;61m██[38;2;68;59;61m██[38;2;68;59;61m██[38;2;116;164;84m██[38;2;224;236;110m██[38;2;116;164;84m██[38;2;116;164;84m██[38;2;47;47;51m██[38;2;59;59;63m██[38;2;59;59;63m██[38;2;59;59;63m██[38;2;59;59;63m██[38;2;59;59;63m██[38;2;59;59;63m██[38;2;59;59;63m██[38;2;59;59;63m██[38;2;33;32;35m██          
                                  [38;2;48;43;44m██[38;2;48;43;44m██            [38;2;48;43;44m██[38;2;48;43;44m██[38;2;48;43;44m██[38;2;68;59;61m██[38;2;68;59;61m██[38;2;68;59;61m██[38;2;68;59;61m██[38;2;48;43;44m██        [38;2;116;164;84m██[38;2;116;164;84m██[38;2;116;164;84m██[38;2;224;236;110m██[38;2;59;59;63m██[38;2;59;59;63m██[38;2;59;59;63m██[38;2;33;32;35m██[38;2;59;59;63m██[38;2;59;59;63m██[38;2;59;59;63m██[38;2;59;59;63m██[38;2;59;59;63m██[38;2;59;59;63m██[38;2;59;59;63m██[38;2;59;59;63m██[38;2;59;59;63m██[38;2;33;32;35m██        
                                  [38;2;48;43;44m██[38;2;48;43;44m██[38;2;48;43;44m██      [38;2;48;43;44m██[38;2;48;43;44m██[38;2;48;43;44m██[38;2;48;43;44m██[38;2;48;43;44m██[38;2;68;59;61m██[38;2;68;59;61m██[38;2;48;43;44m██[38;2;48;43;44m██      [38;2;68;59;61m██[38;2;68;59;61m██[38;2;116;164;84m██[38;2;173;211;95m██[38;2;173;211;95m██[38;2;224;236;110m██[38;2;59;59;63m██[38;2;59;59;63m██[38;2;59;59;63m██[38;2;59;59;63m██[38;2;59;59;63m██[38;2;59;59;63m██[38;2;59;59;63m██[38;2;59;59;63m██[38;2;59;59;63m██[38;2;59;59;63m██[38;2;59;59;63m██[38;2;59;59;63m██[38;2;59;59;63m██[38;2;59;59;63m██[38;2;109;92;83m██      
                                    [38;2;48;43;44m██[38;2;48;43;44m██[38;2;48;43;44m██[38;2;48;43;44m██[38;2;48;43;44m██[38;2;48;43;44m██[38;2;48;43;44m██[38;2;48;43;44m██[38;2;48;43;44m██[38;2;48;43;44m██[38;2;48;43;44m██[38;2;48;43;44m██[38;2;48;43;44m██      [38;2;68;59;61m██[38;2;68;59;61m██[38;2;68;59;61m██[38;2;68;59;61m██[38;2;173;211;95m██[38;2;173;211;95m██[38;2;173;211;95m██[38;2;59;59;63m██[38;2;59;59;63m██[38;2;59;59;63m██[38;2;59;59;63m██[38;2;59;59;63m██[38;2;59;59;63m██[38;2;59;59;63m██[38;2;59;59;63m██[38;2;59;59;63m██[38;2;59;59;63m██[38;2;59;59;63m██[38;2;59;59;63m██[38;2;59;59;63m██[38;2;59;59;63m██[38;2;109;92;83m██[38;2;109;92;83m██    
                                      [38;2;48;43;44m██[38;2;48;43;44m██[38;2;48;43;44m██[38;2;48;43;44m██[38;2;48;43;44m██[38;2;48;43;44m██[38;2;35;32;33m██[38;2;35;32;33m██[38;2;35;32;33m██[38;2;48;43;44m██[38;2;48;43;44m██[38;2;48;43;44m██[38;2;48;43;44m██[38;2;68;59;61m██[38;2;68;59;61m██[38;2;97;88;88m██[38;2;97;88;88m██[38;2;97;88;88m██[38;2;97;88;88m██[38;2;68;59;61m██[38;2;48;43;44m██[38;2;173;211;95m██[38;2;224;236;110m██[38;2;59;59;63m██[38;2;59;59;63m██[38;2;59;59;63m██[38;2;59;59;63m██[38;2;59;59;63m██[38;2;59;59;63m██[38;2;59;59;63m██[38;2;59;59;63m██[38;2;59;59;63m██[38;2;59;59;63m██[38;2;59;59;63m██[38;2;59;59;63m██[38;2;59;59;63m██[38;2;109;92;83m██[38;2;162;152;135m██[38;2;109;92;83m██  
                                            [38;2;35;32;33m██[38;2;35;32;33m██[38;2;35;32;33m██[38;2;35;32;33m██    [38;2;48;43;44m██[38;2;48;43;44m██[38;2;68;59;61m██[38;2;68;59;61m██[38;2;68;59;61m██[38;2;97;88;88m██[38;2;97;88;88m██[38;2;97;88;88m██[38;2;97;88;88m██[38;2;97;88;88m██[38;2;68;59;61m██[38;2;68;59;61m██[38;2;116;164;84m██[38;2;224;236;110m██[38;2;59;59;63m██[38;2;59;59;63m██[38;2;59;59;63m██[38;2;59;59;63m██[38;2;59;59;63m██[38;2;59;59;63m██[38;2;59;59;63m██[38;2;59;59;63m██[38;2;59;59;63m██[38;2;59;59;63m██[38;2;59;59;63m██[38;2;59;59;63m██[38;2;59;59;63m██[38;2;109;92;83m██[38;2;216;208;180m██[38;2;162;152;135m██[38;2;109;92;83m██
                                          [38;2;35;32;33m██[38;2;35;32;33m██[38;2;35;32;33m██        [38;2;48;43;44m██[38;2;68;59;61m██[38;2;68;59;61m██[38;2;68;59;61m██[38;2;97;88;88m██[38;2;68;59;61m██[38;2;97;88;88m██[38;2;97;88;88m██[38;2;97;88;88m██[38;2;97;88;88m██[38;2;97;88;88m██[38;2;68;59;61m██[38;2;116;164;84m██[38;2;173;211;95m██[38;2;59;59;63m██[38;2;59;59;63m██[38;2;59;59;63m██[38;2;59;59;63m██[38;2;59;59;63m██[38;2;59;59;63m██[38;2;59;59;63m██[38;2;59;59;63m██[38;2;59;59;63m██[38;2;59;59;63m██[38;2;59;59;63m██[38;2;59;59;63m██[38;2;59;59;63m██[38;2;109;92;83m██[38;2;216;208;180m██[38;2;162;152;135m██[38;2;109;92;83m██
                                          [38;2;35;32;33m██[38;2;35;32;33m██            [38;2;68;59;61m██[38;2;68;59;61m██[38;2;97;88;88m██[38;2;68;59;61m██[38;2;97;88;88m██[38;2;97;88;88m██[38;2;97;88;88m██[38;2;97;88;88m██[38;2;97;88;88m██[38;2;97;88;88m██[38;2;68;59;61m██[38;2;116;164;84m██[38;2;116;164;84m██[38;2;116;164;84m██[38;2;47;47;51m██[38;2;59;59;63m██[38;2;59;59;63m██[38;2;59;59;63m██[38;2;59;59;63m██[38;2;59;59;63m██[38;2;59;59;63m██[38;2;59;59;63m██[38;2;59;59;63m██[38;2;59;59;63m██[38;2;59;59;63m██[38;2;109;92;83m██[38;2;162;152;135m██[38;2;216;208;180m██[38;2;162;152;135m██[38;2;109;92;83m██
                                          [38;2;35;32;33m██[38;2;35;32;33m██            [38;2;48;43;44m██[38;2;68;59;61m██[38;2;68;59;61m██[38;2;97;88;88m██[38;2;68;59;61m██[38;2;97;88;88m██[38;2;97;88;88m██[38;2;97;88;88m██[38;2;97;88;88m██[38;2;97;88;88m██[38;2;68;59;61m██[38;2;116;164;84m██[38;2;173;211;95m██[38;2;59;59;63m██[38;2;59;59;63m██[38;2;59;59;63m██[38;2;59;59;63m██[38;2;59;59;63m██[38;2;59;59;63m██[38;2;59;59;63m██[38;2;59;59;63m██[38;2;59;59;63m██[38;2;59;59;63m██[38;2;59;59;63m██[38;2;109;92;83m██[38;2;162;152;135m██[38;2;216;208;180m██[38;2;216;208;180m██[38;2;162;152;135m██[38;2;109;92;83m██
                                            [38;2;35;32;33m██                [38;2;48;43;44m██[38;2;68;59;61m██[38;2;68;59;61m██[38;2;68;59;61m██[38;2;97;88;88m██[38;2;97;88;88m██[38;2;68;59;61m██[38;2;68;59;61m██[38;2;68;59;61m██[38;2;173;211;95m██[38;2;224;236;110m██[38;2;59;59;63m██[38;2;59;59;63m██[38;2;59;59;63m██[38;2;59;59;63m██[38;2;59;59;63m██[38;2;59;59;63m██[38;2;59;59;63m██[38;2;59;59;63m██[38;2;130;119;109m██[38;2;130;119;109m██[38;2;130;119;109m██[38;2;162;152;135m██[38;2;216;208;180m██[38;2;216;208;180m██[38;2;216;208;180m██[38;2;162;152;135m██[38;2;109;92;83m██
                                              [38;2;35;32;33m██                  [38;2;48;43;44m██[38;2;68;59;61m██[38;2;68;59;61m██[38;2;68;59;61m██    [38;2;116;164;84m██[38;2;173;211;95m██[38;2;224;236;110m██[38;2;59;59;63m██[38;2;59;59;63m██[38;2;59;59;63m██[38;2;59;59;63m██[38;2;59;59;63m██[38;2;59;59;63m██[38;2;59;59;63m██[38;2;130;119;109m██[38;2;162;152;135m██[38;2;216;208;180m██[38;2;130;119;109m██[38;2;109;92;83m██[38;2;109;92;83m██[38;2;162;152;135m██[38;2;216;208;180m██[38;2;162;152;135m██[38;2;109;92;83m██
                                                          [38;2;48;43;44m██[38;2;48;43;44m██[38;2;48;43;44m██[38;2;48;43;44m██[38;2;48;43;44m██[38;2;48;43;44m██[38;2;48;43;44m██        [38;2;116;164;84m██[38;2;116;164;84m██[38;2;47;47;51m██[38;2;59;59;63m██[38;2;59;59;63m██[38;2;59;59;63m██[38;2;59;59;63m██[38;2;130;119;109m██[38;2;130;119;109m██[38;2;162;152;135m██[38;2;216;208;180m██[38;2;216;208;180m██[38;2;130;119;109m██    [38;2;162;152;135m██[38;2;162;152;135m██[38;2;109;92;83m██  
                                                    [38;2;35;32;33m██[38;2;35;32;33m██[38;2;35;32;33m██[38;2;35;32;33m██[38;2;35;32;33m██[38;2;35;32;33m██                [38;2;130;119;109m██[38;2;130;119;109m██[38;2;12;12;12m██[38;2;12;12;12m██[38;2;12;12;12m██[38;2;12;12;12m██[38;2;12;12;12m██[38;2;130;119;109m██[38;2;162;152;135m██[38;2;162;152;135m██[38;2;216;208;180m██[38;2;130;119;109m██      [38;2;109;92;83m██[38;2;162;152;135m██[38;2;109;92;83m██  
                                                  [38;2;35;32;33m██                          [38;2;130;119;109m██[38;2;162;152;135m██[38;2;162;152;135m██[38;2;162;152;135m██[38;2;162;152;135m██[38;2;162;152;135m██[38;2;162;152;135m██[38;2;162;152;135m██[38;2;162;152;135m██[38;2;130;119;109m██[38;2;216;208;180m██[38;2;216;208;180m██[38;2;130;119;109m██        [38;2;109;92;83m██    
                                                                              [38;2;130;119;109m██[38;2;162;152;135m██[38;2;162;152;135m██[38;2;162;152;135m██[38;2;162;152;135m██[38;2;162;152;135m██[38;2;162;152;135m██[38;2;162;152;135m██[38;2;162;152;135m██[38;2;162;152;135m██[38;2;216;208;180m██[38;2;216;208;180m██[38;2;130;119;109m██              
                                                                            [38;2;130;119;109m██[38;2;216;208;180m██[38;2;162;152;135m██[38;2;162;152;135m██[38;2;162;152;135m██[38;2;162;152;135m██[38;2;162;152;135m██[38;2;162;152;135m██[38;2;162;152;135m██[38;2;162;152;135m██[38;2;216;208;180m██[38;2;216;208;180m██[38;2;216;208;180m██[38;2;216;208;180m██[38;2;130;119;109m██            
                                                                          [38;2;130;119;109m██[38;2;216;208;180m██[38;2;216;208;180m██[38;2;216;208;180m██[38;2;162;152;135m██[38;2;162;152;135m██[38;2;162;152;135m██[38;2;162;152;135m██[38;2;162;152;135m██[38;2;216;208;180m██[38;2;216;208;180m██[38;2;116;164;84m██[38;2;116;164;84m██[38;2;116;164;84m██[38;2;216;208;180m██[38;2;130;119;109m██            
                                                                          [38;2;130;119;109m██[38;2;216;208;180m██[38;2;216;208;180m██[38;2;216;208;180m██[38;2;216;208;180m██[38;2;216;208;180m██[38;2;216;208;180m██[38;2;216;208;180m██[38;2;216;208;180m██[38;2;216;208;180m██[38;2;116;164;84m██[38;2;224;236;110m██[38;2;224;236;110m██[38;2;173;211;95m██[38;2;116;164;84m██[38;2;216;208;180m██[38;2;130;119;109m██          
[38;2;33;32;35m██[38;2;33;32;35m██[38;2;33;32;35m██[38;2;33;32;35m██[38;2;116;164;84m██[38;2;116;164;84m██                                                            [38;2;130;119;109m██[38;2;216;208;180m██[38;2;216;208;180m██[38;2;216;208;180m██[38;2;216;208;180m██[38;2;216;208;180m██[38;2;216;208;180m██[38;2;216;208;180m██[38;2;216;208;180m██[38;2;216;208;180m██[38;2;116;164;84m██[38;2;224;236;110m██[38;2;64;57;57m██[38;2;97;88;88m██[38;2;97;88;88m██[38;2;173;211;95m██[38;2;116;164;84m██[38;2;130;119;109m██          
  [38;2;33;32;35m██[38;2;33;32;35m██[38;2;59;59;63m██[38;2;59;59;63m██[38;2;173;211;95m██[38;2;116;164;84m██[38;2;33;32;35m██                                                      [38;2;130;119;109m██[38;2;216;208;180m██[38;2;216;208;180m██[38;2;216;208;180m██[38;2;216;208;180m██[38;2;216;208;180m██[38;2;216;208;180m██[38;2;216;208;180m██[38;2;216;208;180m██[38;2;216;208;180m██[38;2;216;208;180m██[38;2;116;164;84m██[38;2;224;236;110m██[38;2;97;88;88m██[38;2;64;57;57m██[38;2;97;88;88m██[38;2;173;211;95m██[38;2;116;164;84m██[38;2;162;152;135m██[38;2;130;119;109m██        
      [38;2;33;32;35m██[38;2;33;32;35m██[38;2;59;59;63m██[38;2;59;59;63m██[38;2;59;59;63m██[38;2;33;32;35m██[38;2;33;32;35m██                                                  [38;2;130;119;109m██[38;2;216;208;180m██[38;2;216;208;180m██[38;2;216;208;180m██[38;2;216;208;180m██[38;2;216;208;180m██[38;2;216;208;180m██[38;2;216;208;180m██[38;2;216;208;180m██[38;2;216;208;180m██[38;2;216;208;180m██[38;2;116;164;84m██[38;2;224;236;110m██[38;2;97;88;88m██[38;2;97;88;88m██[38;2;64;57;57m██[38;2;173;211;95m██[38;2;116;164;84m██[38;2;55;75;36m██[38;2;130;119;109m██        
          [38;2;33;32;35m██[38;2;33;32;35m██[38;2;59;59;63m██[38;2;59;59;63m██[38;2;59;59;63m██[38;2;33;32;35m██[38;2;116;164;84m██                                            [38;2;130;119;109m██[38;2;216;208;180m██[38;2;216;208;180m██[38;2;162;152;135m██[38;2;216;208;180m██[38;2;216;208;180m██[38;2;216;208;180m██[38;2;216;208;180m██[38;2;216;208;180m██[38;2;216;208;180m██[38;2;216;208;180m██[38;2;216;208;180m██[38;2;216;208;180m██[38;2;116;164;84m██[38;2;224;236;110m██[38;2;173;211;95m██[38;2;173;211;95m██[38;2;116;164;84m██[38;2;162;152;135m██[38;2;55;75;36m██[38;2;97;88;88m██[38;2;130;119;109m██      
          [38;2;116;164;84m██[38;2;97;88;88m██[38;2;33;32;35m██[38;2;59;59;63m██[38;2;59;59;63m██[38;2;59;59;63m██[38;2;173;211;95m██[38;2;116;164;84m██                                        [38;2;130;119;109m██[38;2;55;75;36m██[38;2;216;208;180m██[38;2;216;208;180m██[38;2;31;48;25m██[38;2;89;102;43m██[38;2;216;208;180m██[38;2;216;208;180m██[38;2;216;208;180m██[38;2;216;208;180m██[38;2;216;208;180m██[38;2;162;152;135m██[38;2;216;208;180m██[38;2;216;208;180m██[38;2;216;208;180m██[38;2;116;164;84m██[38;2;116;164;84m██[38;2;116;164;84m██[38;2;162;152;135m██[38;2;162;152;135m██[38;2;162;152;135m██[38;2;89;102;43m██[38;2;130;119;109m██      
          [38;2;116;164;84m██[38;2;97;88;88m██[38;2;97;88;88m██[38;2;33;32;35m██[38;2;59;59;63m██[38;2;59;59;63m██[38;2;59;59;63m██[38;2;173;211;95m██[38;2;116;164;84m██                                      [38;2;130;119;109m██[38;2;216;208;180m██[38;2;55;75;36m██[38;2;31;48;25m██[38;2;89;102;43m██[38;2;216;208;180m██[38;2;89;102;43m██[38;2;216;208;180m██[38;2;89;102;43m██[38;2;216;208;180m██[38;2;216;208;180m██[38;2;162;152;135m██[38;2;216;208;180m██[38;2;216;208;180m██[38;2;216;208;180m██[38;2;216;208;180m██[38;2;162;152;135m██[38;2;79;65;60m██[38;2;130;119;109m██[38;2;130;119;109m██[38;2;162;152;135m██[38;2;162;152;135m██[38;2;162;152;135m██[38;2;130;119;109m██    
          [38;2;116;164;84m██[38;2;173;211;95m██[38;2;97;88;88m██[38;2;97;88;88m██[38;2;33;32;35m██[38;2;59;59;63m██[38;2;59;59;63m██[38;2;59;59;63m██[38;2;59;59;63m██[38;2;33;32;35m██                                  [38;2;31;48;25m██[38;2;216;208;180m██[38;2;55;75;36m██[38;2;216;208;180m██[38;2;31;48;25m██[38;2;89;102;43m██[38;2;89;102;43m██[38;2;89;102;43m██[38;2;89;102;43m██[38;2;216;208;180m██[38;2;89;102;43m██[38;2;31;48;25m██[38;2;216;208;180m██[38;2;216;208;180m██[38;2;216;208;180m██[38;2;216;208;180m██[38;2;216;208;180m██[38;2;162;152;135m██[38;2;79;65;60m██[38;2;47;47;51m██[38;2;47;47;51m██[38;2;130;119;109m██[38;2;162;152;135m██[38;2;162;152;135m██[38;2;130;119;109m██    
          [38;2;116;164;84m██[38;2;173;211;95m██[38;2;97;88;88m██[38;2;97;88;88m██[38;2;97;88;88m██[38;2;33;32;35m██[38;2;59;59;63m██[38;2;59;59;63m██[38;2;59;59;63m██[38;2;59;59;63m██[38;2;33;32;35m██                                [38;2;31;48;25m██[38;2;55;75;36m██[38;2;55;75;36m██[38;2;31;48;25m██[38;2;55;75;36m██[38;2;55;75;36m██[38;2;55;75;36m██[38;2;55;75;36m██[38;2;89;102;43m██[38;2;89;102;43m██[38;2;89;102;43m██[38;2;31;48;25m██[38;2;216;208;180m██[38;2;89;102;43m██[38;2;216;208;180m██[38;2;216;208;180m██[38;2;162;152;135m██[38;2;162;152;135m██[38;2;79;65;60m██[38;2;47;47;51m██[38;2;47;47;51m██[38;2;12;12;12m██[38;2;162;152;135m██[38;2;130;119;109m██      
          [38;2;116;164;84m██[38;2;224;236;110m██[38;2;173;211;95m██[38;2;97;88;88m██[38;2;97;88;88m██[38;2;97;88;88m██[38;2;33;32;35m██[38;2;59;59;63m██[38;2;59;59;63m██[38;2;59;59;63m██[38;2;59;59;63m██[38;2;116;164;84m██                            [38;2;31;48;25m██[38;2;55;75;36m██[38;2;31;48;25m██[38;2;31;48;25m██[38;2;31;48;25m██[38;2;31;48;25m██[38;2;31;48;25m██[38;2;31;48;25m██[38;2;31;48;25m██[38;2;55;75;36m██[38;2;55;75;36m██[38;2;31;48;25m██[38;2;55;75;36m██[38;2;89;102;43m██[38;2;216;208;180m██[38;2;89;102;43m██[38;2;216;208;180m██[38;2;162;152;135m██[38;2;162;152;135m██[38;2;79;65;60m██[38;2;12;12;12m██[38;2;12;12;12m██[38;2;12;12;12m██[38;2;162;152;135m██[38;2;130;119;109m██      
        [38;2;116;164;84m██[38;2;224;236;110m██[38;2;224;236;110m██[38;2;173;211;95m██[38;2;97;88;88m██[38;2;97;88;88m██[38;2;97;88;88m██[38;2;97;88;88m██[38;2;33;32;35m██[38;2;59;59;63m██[38;2;59;59;63m██[38;2;59;59;63m██[38;2;173;211;95m██[38;2;116;164;84m██                          [38;2;31;48;25m██[38;2;31;48;25m██[38;2;55;75;36m██[38;2;130;119;109m██[38;2;55;75;36m██[38;2;12;12;12m██[38;2;47;47;51m██[38;2;47;47;51m██[38;2;47;47;51m██[38;2;31;48;25m██[38;2;31;48;25m██[38;2;31;48;25m██[38;2;55;75;36m██[38;2;55;75;36m██[38;2;89;102;43m██[38;2;216;208;180m██[38;2;89;102;43m██[38;2;130;119;109m██[38;2;162;152;135m██[38;2;79;65;60m██    [38;2;12;12;12m██[38;2;12;12;12m██        
        [38;2;116;164;84m██[38;2;224;236;110m██[38;2;224;236;110m██[38;2;224;236;110m██[38;2;97;88;88m██[38;2;97;88;88m██[38;2;97;88;88m██[38;2;97;88;88m██[38;2;97;88;88m██[38;2;33;32;35m██[38;2;59;59;63m██[38;2;59;59;63m██[38;2;173;211;95m██[38;2;116;164;84m██                          [38;2;31;48;25m██[38;2;55;75;36m██[38;2;55;75;36m██[38;2;55;75;36m██[38;2;130;119;109m██[38;2;12;12;12m██[38;2;47;47;51m██[38;2;47;47;51m██[38;2;47;47;51m██[38;2;47;47;51m██[38;2;47;47;51m██[38;2;47;47;51m██[38;2;31;48;25m██[38;2;31;48;25m██[38;2;55;75;36m██[38;2;89;102;43m██[38;2;216;208;180m██[38;2;130;119;109m██[38;2;162;152;135m██[38;2;162;152;135m██[38;2;79;65;60m██              
      [38;2;116;164;84m██[38;2;224;236;110m██[38;2;224;236;110m██[38;2;224;236;110m██[38;2;224;236;110m██[38;2;173;211;95m██[38;2;97;88;88m██[38;2;97;88;88m██[38;2;97;88;88m██[38;2;97;88;88m██[38;2;33;32;35m██[38;2;59;59;63m██[38;2;59;59;63m██[38;2;59;59;63m██[38;2;173;211;95m██[38;2;116;164;84m██              [38;2;116;164;84m██[38;2;116;164;84m██[38;2;116;164;84m██    [38;2;31;48;25m██[38;2;55;75;36m██[38;2;55;75;36m██[38;2;130;119;109m██[38;2;12;12;12m██[38;2;47;47;51m██[38;2;47;47;51m██[38;2;47;47;51m██[38;2;47;47;51m██[38;2;47;47;51m██[38;2;47;47;51m██[38;2;47;47;51m██[38;2;47;47;51m██[38;2;47;47;51m██[38;2;31;48;25m██[38;2;55;75;36m██[38;2;89;102;43m██[38;2;31;48;25m██[38;2;162;152;135m██[38;2;162;152;135m██[38;2;79;65;60m██              
    [38;2;116;164;84m██[38;2;224;236;110m██[38;2;224;236;110m██[38;2;173;211;95m██[38;2;173;211;95m██[38;2;224;236;110m██[38;2;224;236;110m██[38;2;173;211;95m██[38;2;97;88;88m██[38;2;97;88;88m██[38;2;97;88;88m██[38;2;97;88;88m██[38;2;33;32;35m██[38;2;59;59;63m██[38;2;59;59;63m██[38;2;59;59;63m██[38;2;116;164;84m██                [38;2;116;164;84m██[38;2;173;211;95m██[38;2;116;164;84m██    [38;2;31;48;25m██[38;2;55;75;36m██[38;2;55;75;36m██[38;2;12;12;12m██[38;2;47;47;51m██[38;2;47;47;51m██[38;2;47;47;51m██[38;2;47;47;51m██[38;2;47;47;51m██[38;2;47;47;51m██[38;2;47;47;51m██[38;2;47;47;51m██[38;2;47;47;51m██[38;2;47;47;51m██[38;2;31;48;25m██[38;2;55;75;36m██[38;2;31;48;25m██[38;2;55;75;36m██[38;2;162;152;135m██[38;2;79;65;60m██              
    [38;2;116;164;84m██[38;2;224;236;110m██[38;2;173;211;95m██[38;2;97;88;88m██[38;2;97;88;88m██[38;2;97;88;88m██[38;2;173;211;95m██[38;2;173;211;95m██[38;2;97;88;88m██[38;2;97;88;88m██[38;2;97;88;88m██[38;2;97;88;88m██[38;2;33;32;35m██[38;2;59;59;63m██[38;2;59;59;63m██[38;2;59;59;63m██[38;2;59;59;63m██[38;2;33;32;35m██                [38;2;116;164;84m██[38;2;173;211;95m██[38;2;116;164;84m██    [38;2;12;12;12m██[38;2;12;12;12m██[38;2;47;47;51m██[38;2;55;75;36m██[38;2;47;47;51m██[38;2;47;47;51m██[38;2;47;47;51m██[38;2;47;47;51m██[38;2;47;47;51m██[38;2;47;47;51m██[38;2;47;47;51m██[38;2;47;47;51m██[38;2;47;47;51m██[38;2;47;47;51m██[38;2;31;48;25m██[38;2;31;48;25m██[38;2;162;152;135m██[38;2;55;75;36m██[38;2;79;65;60m██              
  [38;2;116;164;84m██[38;2;224;236;110m██[38;2;173;211;95m██[38;2;97;88;88m██[38;2;97;88;88m██[38;2;97;88;88m██[38;2;97;88;88m██[38;2;97;88;88m██[38;2;97;88;88m██[38;2;173;211;95m██[38;2;97;88;88m██[38;2;97;88;88m██[38;2;97;88;88m██[38;2;33;32;35m██[38;2;59;59;63m██[38;2;59;59;63m██[38;2;59;59;63m██[38;2;59;59;63m██[38;2;33;32;35m██[38;2;55;75;36m██[38;2;55;75;36m██[38;2;55;75;36m██      [38;2;116;164;84m██[38;2;116;164;84m██[38;2;116;164;84m██[38;2;224;236;110m██[38;2;173;211;95m██[38;2;116;164;84m██[38;2;12;12;12m██[38;2;12;12;12m██[38;2;47;47;51m██[38;2;55;75;36m██[38;2;47;47;51m██[38;2;55;75;36m██[38;2;33;32;35m██[38;2;47;47;51m██[38;2;47;47;51m██[38;2;47;47;51m██[38;2;47;47;51m██[38;2;47;47;51m██[38;2;47;47;51m██[38;2;47;47;51m██[38;2;47;47;51m██[38;2;47;47;51m██[38;2;31;48;25m██[38;2;55;75;36m██[38;2;162;152;135m██[38;2;55;75;36m██[38;2;79;65;60m██            
  [38;2;116;164;84m██[38;2;224;236;110m██[38;2;173;211;95m██[38;2;97;88;88m██[38;2;97;88;88m██[38;2;97;88;88m██[38;2;97;88;88m██[38;2;97;88;88m██[38;2;97;88;88m██[38;2;97;88;88m██[38;2;97;88;88m██[38;2;97;88;88m██[38;2;97;88;88m██[38;2;97;88;88m██[38;2;33;32;35m██[38;2;59;59;63m██[38;2;59;59;63m██[38;2;59;59;63m██[38;2;33;32;35m██[38;2;89;102;43m██[38;2;89;102;43m██[38;2;89;102;43m██[38;2;55;75;36m██[38;2;55;75;36m██[38;2;55;75;36m██[38;2;116;164;84m██[38;2;224;236;110m██[38;2;173;211;95m██[38;2;116;164;84m██[38;2;33;32;35m██[38;2;33;32;35m██[38;2;89;102;43m██[38;2;89;102;43m██[38;2;55;75;36m██[38;2;55;75;36m██[38;2;33;32;35m██[38;2;12;12;12m██[38;2;47;47;51m██[38;2;47;47;51m██[38;2;47;47;51m██[38;2;47;47;51m██[38;2;47;47;51m██[38;2;47;47;51m██[38;2;47;47;51m██[38;2;47;47;51m██[38;2;47;47;51m██[38;2;47;47;51m██[38;2;47;47;51m██[38;2;31;48;25m██[38;2;55;75;36m██[38;2;162;152;135m██[38;2;31;48;25m██            
  [38;2;116;164;84m██[38;2;224;236;110m██[38;2;173;211;95m██[38;2;97;88;88m██[38;2;97;88;88m██[38;2;97;88;88m██[38;2;97;88;88m██[38;2;97;88;88m██[38;2;97;88;88m██[38;2;97;88;88m██[38;2;97;88;88m██[38;2;97;88;88m██[38;2;97;88;88m██[38;2;97;88;88m██[38;2;33;32;35m██[38;2;59;59;63m██[38;2;59;59;63m██[38;2;33;32;35m██[38;2;89;102;43m██[38;2;89;102;43m██[38;2;89;102;43m██[38;2;89;102;43m██[38;2;89;102;43m██[38;2;89;102;43m██[38;2;89;102;43m██[38;2;89;102;43m██[38;2;116;164;84m██[38;2;173;211;95m██[38;2;224;236;110m██[38;2;224;236;110m██[38;2;173;211;95m██[38;2;33;32;35m██[38;2;33;32;35m██[38;2;33;32;35m██[38;2;12;12;12m██[38;2;47;47;51m██[38;2;55;75;36m██[38;2;47;47;51m██[38;2;55;75;36m██[38;2;47;47;51m██[38;2;47;47;51m██[38;2;33;32;35m██[38;2;47;47;51m██[38;2;47;47;51m██[38;2;47;47;51m██[38;2;47;47;51m██[38;2;47;47;51m██[38;2;47;47;51m██[38;2;31;48;25m██[38;2;55;75;36m██[38;2;55;75;36m██[38;2;31;48;25m██            
  [38;2;116;164;84m██[38;2;224;236;110m██[38;2;173;211;95m██[38;2;97;88;88m██[38;2;97;88;88m██[38;2;97;88;88m██[38;2;97;88;88m██[38;2;97;88;88m██[38;2;97;88;88m██[38;2;97;88;88m██[38;2;97;88;88m██[38;2;97;88;88m██[38;2;97;88;88m██[38;2;97;88;88m██[38;2;33;32;35m██[38;2;59;59;63m██[38;2;59;59;63m██[38;2;33;32;35m██[38;2;89;102;43m██[38;2;89;102;43m██[38;2;89;102;43m██[38;2;89;102;43m██[38;2;89;102;43m██[38;2;89;102;43m██[38;2;89;102;43m██[38;2;89;102;43m██[38;2;89;102;43m██[38;2;116;164;84m██[38;2;116;164;84m██[38;2;116;164;84m██[38;2;116;164;84m██[38;2;173;211;95m██[38;2;173;211;95m██[38;2;12;12;12m██[38;2;55;75;36m██[38;2;55;75;36m██[38;2;47;47;51m██[38;2;55;75;36m██[38;2;47;47;51m██[38;2;55;75;36m██[38;2;33;32;35m██[38;2;12;12;12m██[38;2;47;47;51m██[38;2;47;47;51m██[38;2;47;47;51m██[38;2;33;32;35m██[38;2;47;47;51m██[38;2;47;47;51m██[38;2;47;47;51m██[38;2;31;48;25m██[38;2;55;75;36m██[38;2;31;48;25m██            
    [38;2;116;164;84m██[38;2;224;236;110m██[38;2;173;211;95m██[38;2;97;88;88m██[38;2;97;88;88m██[38;2;97;88;88m██[38;2;97;88;88m██[38;2;97;88;88m██[38;2;173;211;95m██[38;2;97;88;88m██[38;2;97;88;88m██[38;2;97;88;88m██[38;2;97;88;88m██[38;2;33;32;35m██[38;2;59;59;63m██[38;2;59;59;63m██[38;2;33;32;35m██[38;2;89;102;43m██[38;2;89;102;43m██[38;2;89;102;43m██[38;2;89;102;43m██[38;2;89;102;43m██[38;2;89;102;43m██[38;2;89;102;43m██[38;2;89;102;43m██[38;2;89;102;43m██[38;2;116;164;84m██[38;2;173;211;95m██[38;2;224;236;110m██[38;2;224;236;110m██[38;2;224;236;110m██[38;2;116;164;84m██[38;2;116;164;84m██[38;2;12;12;12m██[38;2;12;12;12m██[38;2;55;75;36m██[38;2;55;75;36m██[38;2;55;75;36m██[38;2;12;12;12m██[38;2;173;211;95m██[38;2;12;12;12m██[38;2;47;47;51m██[38;2;47;47;51m██[38;2;47;47;51m██[38;2;33;32;35m██[38;2;47;47;51m██[38;2;47;47;51m██[38;2;47;47;51m██[38;2;31;48;25m██[38;2;55;75;36m██[38;2;31;48;25m██            
    [38;2;116;164;84m██[38;2;224;236;110m██[38;2;224;236;110m██[38;2;97;88;88m██[38;2;97;88;88m██[38;2;97;88;88m██[38;2;97;88;88m██[38;2;173;211;95m██[38;2;97;88;88m██[38;2;97;88;88m██[38;2;97;88;88m██[38;2;97;88;88m██[38;2;97;88;88m██[38;2;33;32;35m██[38;2;59;59;63m██[38;2;33;32;35m██[38;2;55;75;36m██[38;2;55;75;36m██[38;2;89;102;43m██[38;2;89;102;43m██[38;2;89;102;43m██[38;2;89;102;43m██[38;2;89;102;43m██[38;2;89;102;43m██[38;2;55;75;36m██[38;2;55;75;36m██[38;2;55;75;36m██[38;2;116;164;84m██[38;2;116;164;84m██[38;2;116;164;84m██[38;2;116;164;84m██[38;2;173;211;95m██[38;2;224;236;110m██[38;2;173;211;95m██[38;2;116;164;84m██[38;2;12;12;12m██[38;2;12;12;12m██[38;2;12;12;12m██[38;2;173;211;95m██[38;2;173;211;95m██[38;2;12;12;12m██[38;2;47;47;51m██[38;2;55;75;36m██[38;2;47;47;51m██[38;2;33;32;35m██[38;2;47;47;51m██[38;2;47;47;51m██[38;2;47;47;51m██[38;2;47;47;51m██[38;2;31;48;25m██[38;2;31;48;25m██            
      [38;2;116;164;84m██[38;2;224;236;110m██[38;2;173;211;95m██[38;2;173;211;95m██[38;2;173;211;95m██[38;2;173;211;95m██[38;2;173;211;95m██[38;2;97;88;88m██[38;2;97;88;88m██[38;2;97;88;88m██[38;2;97;88;88m██[38;2;33;32;35m██[38;2;59;59;63m██[38;2;59;59;63m██[38;2;12;12;12m██[38;2;55;75;36m██[38;2;55;75;36m██[38;2;55;75;36m██[38;2;55;75;36m██[38;2;55;75;36m██[38;2;55;75;36m██[38;2;55;75;36m██[38;2;55;75;36m██[38;2;55;75;36m██[38;2;55;75;36m██[38;2;55;75;36m██[38;2;55;75;36m██[38;2;55;75;36m██[38;2;116;164;84m██[38;2;173;211;95m██[38;2;224;236;110m██[38;2;116;164;84m██[38;2;116;164;84m██[38;2;173;211;95m██[38;2;173;211;95m██[38;2;173;211;95m██[38;2;116;164;84m██[38;2;173;211;95m██[38;2;12;12;12m██[38;2;47;47;51m██[38;2;55;75;36m██[38;2;47;47;51m██[38;2;55;75;36m██[38;2;33;32;35m██[38;2;47;47;51m██[38;2;47;47;51m██[38;2;33;32;35m██[38;2;47;47;51m██[38;2;12;12;12m██              
        [38;2;116;164;84m██[38;2;224;236;110m██[38;2;224;236;110m██[38;2;224;236;110m██[38;2;173;211;95m██[38;2;97;88;88m██[38;2;97;88;88m██[38;2;97;88;88m██[38;2;97;88;88m██[38;2;97;88;88m██[38;2;33;32;35m██[38;2;59;59;63m██[38;2;59;59;63m██[38;2;12;12;12m██[38;2;55;75;36m██[38;2;55;75;36m██[38;2;55;75;36m██[38;2;55;75;36m██[38;2;55;75;36m██[38;2;55;75;36m██[38;2;14;22;14m██[38;2;14;22;14m██[38;2;14;22;14m██[38;2;55;75;36m██[38;2;55;75;36m██[38;2;55;75;36m██[38;2;55;75;36m██[38;2;116;164;84m██[38;2;116;164;84m██[38;2;116;164;84m██[38;2;116;164;84m██[38;2;224;236;110m██[38;2;224;236;110m██[38;2;224;236;110m██[38;2;116;164;84m██[38;2;116;164;84m██[38;2;224;236;110m██[38;2;12;12;12m██[38;2;55;75;36m██[38;2;55;75;36m██[38;2;55;75;36m██[38;2;12;12;12m██[38;2;47;47;51m██[38;2;47;47;51m██[38;2;47;47;51m██[38;2;33;32;35m██[38;2;47;47;51m██[38;2;12;12;12m██              
          [38;2;116;164;84m██[38;2;224;236;110m██[38;2;224;236;110m██[38;2;173;211;95m██[38;2;97;88;88m██[38;2;97;88;88m██[38;2;97;88;88m██[38;2;97;88;88m██[38;2;97;88;88m██[38;2;33;32;35m██[38;2;59;59;63m██[38;2;33;32;35m██[38;2;55;75;36m██[38;2;55;75;36m██[38;2;55;75;36m██[38;2;55;75;36m██[38;2;55;75;36m██[38;2;55;75;36m██[38;2;12;12;12m██[38;2;43;51;30m██[38;2;43;51;30m██[38;2;43;51;30m██[38;2;43;51;30m██[38;2;14;22;14m██[38;2;55;75;36m██[38;2;55;75;36m██[38;2;55;75;36m██[38;2;55;75;36m██[38;2;55;75;36m██[38;2;116;164;84m██[38;2;173;211;95m██[38;2;116;164;84m██[38;2;116;164;84m██[38;2;173;211;95m██[38;2;116;164;84m██[38;2;224;236;110m██[38;2;12;12;12m██[38;2;12;12;12m██[38;2;55;75;36m██[38;2;55;75;36m██[38;2;12;12;12m██[38;2;47;47;51m██[38;2;47;47;51m██[38;2;47;47;51m██[38;2;33;32;35m██[38;2;47;47;51m██[38;2;47;47;51m██[38;2;12;12;12m██            
          [38;2;116;164;84m██[38;2;224;236;110m██[38;2;224;236;110m██[38;2;97;88;88m██[38;2;97;88;88m██[38;2;97;88;88m██[38;2;97;88;88m██[38;2;97;88;88m██[38;2;33;32;35m██[38;2;59;59;63m██[38;2;59;59;63m██[38;2;12;12;12m██[38;2;55;75;36m██[38;2;55;75;36m██[38;2;55;75;36m██[38;2;55;75;36m██[38;2;55;75;36m██[38;2;55;75;36m██[38;2;12;12;12m██[38;2;43;51;30m██[38;2;43;51;30m██[38;2;43;51;30m██[38;2;43;51;30m██[38;2;43;51;30m██[38;2;14;22;14m██[38;2;55;75;36m██[38;2;55;75;36m██[38;2;55;75;36m██[38;2;55;75;36m██[38;2;55;75;36m██[38;2;116;164;84m██[38;2;55;75;36m██[38;2;116;164;84m██[38;2;224;236;110m██[38;2;173;211;95m██[38;2;116;164;84m██[38;2;116;164;84m██[38;2;173;211;95m██[38;2;12;12;12m██[38;2;12;12;12m██[38;2;12;12;12m██[38;2;12;12;12m██[38;2;47;47;51m██[38;2;55;75;36m██[38;2;47;47;51m██[38;2;33;32;35m██[38;2;47;47;51m██[38;2;12;12;12m██            
            [38;2;116;164;84m██[38;2;224;236;110m██[38;2;97;88;88m██[38;2;97;88;88m██[38;2;97;88;88m██[38;2;97;88;88m██[38;2;97;88;88m██[38;2;33;32;35m██[38;2;59;59;63m██[38;2;33;32;35m██[38;2;55;75;36m██[38;2;55;75;36m██[38;2;55;75;36m██[38;2;55;75;36m██[38;2;55;75;36m██[38;2;55;75;36m██[38;2;55;75;36m██[38;2;55;75;36m██[38;2;12;12;12m██[38;2;43;51;30m██[38;2;43;51;30m██[38;2;43;51;30m██[38;2;43;51;30m██[38;2;12;12;12m██[38;2;55;75;36m██[38;2;55;75;36m██[38;2;55;75;36m██[38;2;55;75;36m██[38;2;55;75;36m██[38;2;55;75;36m██[38;2;55;75;36m██[38;2;116;164;84m██[38;2;173;211;95m██[38;2;116;164;84m██[38;2;173;211;95m██[38;2;116;164;84m██[38;2;116;164;84m██[38;2;173;211;95m██[38;2;116;164;84m██[38;2;173;211;95m██[38;2;12;12;12m██[38;2;55;75;36m██[38;2;47;47;51m██[38;2;55;75;36m██[38;2;33;32;35m██[38;2;47;47;51m██[38;2;12;12;12m██            
            [38;2;116;164;84m██[38;2;224;236;110m██[38;2;97;88;88m██[38;2;97;88;88m██[38;2;97;88;88m██[38;2;97;88;88m██[38;2;33;32;35m██[38;2;59;59;63m██[38;2;59;59;63m██[38;2;12;12;12m██[38;2;55;75;36m██[38;2;55;75;36m██[38;2;55;75;36m██[38;2;55;75;36m██[38;2;55;75;36m██[38;2;55;75;36m██[38;2;55;75;36m██[38;2;55;75;36m██[38;2;55;75;36m██[38;2;12;12;12m██[38;2;14;22;14m██[38;2;43;51;30m██[38;2;14;22;14m██[38;2;14;22;14m██[38;2;55;75;36m██[38;2;55;75;36m██[38;2;55;75;36m██[38;2;55;75;36m██[38;2;55;75;36m██[38;2;55;75;36m██[38;2;55;75;36m██[38;2;55;75;36m██[38;2;116;164;84m██[38;2;116;164;84m██[38;2;116;164;84m██[38;2;173;211;95m██[38;2;116;164;84m██[38;2;224;236;110m██[38;2;116;164;84m██[38;2;173;211;95m██[38;2;12;12;12m██[38;2;55;75;36m██[38;2;55;75;36m██[38;2;47;47;51m██[38;2;12;12;12m██[38;2;55;75;36m██[38;2;12;12;12m██            
            [38;2;116;164;84m██[38;2;173;211;95m██[38;2;97;88;88m██[38;2;97;88;88m██[38;2;97;88;88m██[38;2;33;32;35m██[38;2;59;59;63m██[38;2;59;59;63m██[38;2;12;12;12m██[38;2;55;75;36m██[38;2;55;75;36m██[38;2;55;75;36m██[38;2;55;75;36m██[38;2;55;75;36m██[38;2;55;75;36m██[38;2;55;75;36m██[38;2;55;75;36m██[38;2;55;75;36m██[38;2;12;12;12m██[38;2;43;51;30m██[38;2;43;51;30m██[38;2;43;51;30m██[38;2;43;51;30m██[38;2;43;51;30m██[38;2;14;22;14m██[38;2;55;75;36m██[38;2;55;75;36m██[38;2;55;75;36m██[38;2;55;75;36m██[38;2;55;75;36m██[38;2;55;75;36m██[38;2;55;75;36m██[38;2;55;75;36m██[38;2;116;164;84m██[38;2;173;211;95m██[38;2;224;236;110m██[38;2;116;164;84m██[38;2;224;236;110m██[38;2;116;164;84m██[38;2;224;236;110m██[38;2;173;211;95m██[38;2;12;12;12m██[38;2;55;75;36m██[38;2;55;75;36m██[38;2;12;12;12m██[38;2;47;47;51m██[38;2;55;75;36m██[38;2;12;12;12m██          
            [38;2;116;164;84m██[38;2;173;211;95m██[38;2;97;88;88m██[38;2;97;88;88m██[38;2;33;32;35m██[38;2;59;59;63m██[38;2;59;59;63m██[38;2;12;12;12m██[38;2;55;75;36m██[38;2;55;75;36m██[38;2;55;75;36m██[38;2;55;75;36m██[38;2;55;75;36m██[38;2;12;12;12m██[38;2;55;75;36m██[38;2;55;75;36m██[38;2;55;75;36m██[38;2;55;75;36m██[38;2;12;12;12m██[38;2;43;51;30m██[38;2;43;51;30m██[38;2;43;51;30m██[38;2;43;51;30m██[38;2;43;51;30m██[38;2;12;12;12m██[38;2;55;75;36m██[38;2;55;75;36m██[38;2;55;75;36m██[38;2;55;75;36m██[38;2;55;75;36m██[38;2;55;75;36m██[38;2;55;75;36m██[38;2;55;75;36m██[38;2;55;75;36m██[38;2;116;164;84m██[38;2;173;211;95m██[38;2;116;164;84m██[38;2;116;164;84m██[38;2;173;211;95m██[38;2;116;164;84m██[38;2;224;236;110m██[38;2;12;12;12m██[38;2;12;12;12m██[38;2;12;12;12m██[38;2;12;12;12m██[38;2;55;75;36m██[38;2;55;75;36m██[38;2;12;12;12m██          
          [38;2;116;164;84m██[38;2;173;211;95m██[38;2;97;88;88m██[38;2;33;32;35m██[38;2;33;32;35m██[38;2;59;59;63m██[38;2;59;59;63m██[38;2;12;12;12m██[38;2;55;75;36m██[38;2;55;75;36m██[38;2;55;75;36m██[38;2;55;75;36m██[38;2;55;75;36m██[38;2;55;75;36m██[38;2;12;12;12m██[38;2;55;75;36m██[38;2;55;75;36m██[38;2;55;75;36m██[38;2;55;75;36m██[38;2;55;75;36m██[38;2;12;12;12m██[38;2;43;51;30m██[38;2;43;51;30m██[38;2;43;51;30m██[38;2;43;51;30m██[38;2;12;12;12m██[38;2;55;75;36m██[38;2;55;75;36m██[38;2;55;75;36m██[38;2;55;75;36m██[38;2;55;75;36m██[38;2;55;75;36m██[38;2;55;75;36m██[38;2;55;75;36m██[38;2;55;75;36m██[38;2;55;75;36m██[38;2;116;164;84m██[38;2;55;75;36m██[38;2;116;164;84m██[38;2;224;236;110m██[38;2;173;211;95m██[38;2;116;164;84m██[38;2;173;211;95m██[38;2;173;211;95m██[38;2;116;164;84m██[38;2;173;211;95m██[38;2;12;12;12m██[38;2;55;75;36m██[38;2;12;12;12m██          
          [38;2;116;164;84m██[38;2;33;32;35m██[38;2;33;32;35m██[38;2;59;59;63m██[38;2;59;59;63m██[38;2;59;59;63m██[38;2;12;12;12m██[38;2;55;75;36m██[38;2;55;75;36m██[38;2;12;12;12m██[38;2;55;75;36m██[38;2;55;75;36m██[38;2;55;75;36m██[38;2;55;75;36m██[38;2;12;12;12m██[38;2;55;75;36m██[38;2;55;75;36m██[38;2;55;75;36m██[38;2;55;75;36m██[38;2;55;75;36m██[38;2;55;75;36m██[38;2;55;75;36m██[38;2;14;22;14m██[38;2;43;51;30m██[38;2;14;22;14m██[38;2;55;75;36m██[38;2;55;75;36m██[38;2;12;12;12m██[38;2;55;75;36m██[38;2;55;75;36m██[38;2;55;75;36m██[38;2;55;75;36m██[38;2;55;75;36m██[38;2;55;75;36m██[38;2;55;75;36m██[38;2;55;75;36m██[38;2;55;75;36m██[38;2;55;75;36m██[38;2;55;75;36m██[38;2;116;164;84m██[38;2;224;236;110m██[38;2;116;164;84m██[38;2;224;236;110m██[38;2;224;236;110m██[38;2;116;164;84m██[38;2;224;236;110m██[38;2;173;211;95m██[38;2;12;12;12m██[38;2;12;12;12m██          
        [38;2;33;32;35m██[38;2;33;32;35m██[38;2;59;59;63m██[38;2;59;59;63m██[38;2;59;59;63m██[38;2;12;12;12m██[38;2;12;12;12m██[38;2;55;75;36m██[38;2;55;75;36m██[38;2;55;75;36m██[38;2;55;75;36m██[38;2;12;12;12m██[38;2;12;12;12m██[38;2;55;75;36m██[38;2;55;75;36m██[38;2;12;12;12m██[38;2;55;75;36m██[38;2;55;75;36m██[38;2;55;75;36m██[38;2;55;75;36m██[38;2;55;75;36m██[38;2;12;12;12m██[38;2;43;51;30m██[38;2;43;51;30m██[38;2;43;51;30m██[38;2;43;51;30m██[38;2;14;22;14m██[38;2;55;75;36m██[38;2;12;12;12m██[38;2;55;75;36m██[38;2;55;75;36m██[38;2;55;75;36m██[38;2;55;75;36m██[38;2;55;75;36m██[38;2;55;75;36m██[38;2;55;75;36m██[38;2;55;75;36m██[38;2;55;75;36m██[38;2;55;75;36m██[38;2;55;75;36m██[38;2;55;75;36m██[38;2;116;164;84m██[38;2;116;164;84m██[38;2;224;236;110m██[38;2;173;211;95m██[38;2;116;164;84m██[38;2;224;236;110m██[38;2;224;236;110m██[38;2;116;164;84m██            
    [38;2;33;32;35m██[38;2;33;32;35m██[38;2;59;59;63m██[38;2;59;59;63m██[38;2;12;12;12m██[38;2;12;12;12m██[38;2;12;12;12m██[38;2;12;12;12m██[38;2;55;75;36m██[38;2;55;75;36m██[38;2;55;75;36m██[38;2;55;75;36m██[38;2;55;75;36m██[38;2;55;75;36m██[38;2;55;75;36m██[38;2;12;12;12m██[38;2;12;12;12m██[38;2;12;12;12m██[38;2;55;75;36m██[38;2;55;75;36m██[38;2;55;75;36m██[38;2;55;75;36m██[38;2;55;75;36m██[38;2;12;12;12m██[38;2;43;51;30m██[38;2;43;51;30m██[38;2;43;51;30m██[38;2;43;51;30m██[38;2;12;12;12m██[38;2;55;75;36m██[38;2;12;12;12m██[38;2;55;75;36m██[38;2;55;75;36m██[38;2;55;75;36m██[38;2;55;75;36m██[38;2;55;75;36m██[38;2;55;75;36m██[38;2;55;75;36m██[38;2;55;75;36m██[38;2;12;12;12m██[38;2;55;75;36m██[38;2;55;75;36m██[38;2;55;75;36m██[38;2;116;164;84m██[38;2;173;211;95m██[38;2;173;211;95m██[38;2;116;164;84m██[38;2;12;12;12m██[38;2;116;164;84m██[38;2;173;211;95m██[38;2;116;164;84m██            
[38;2;12;12;12m██[38;2;12;12;12m██[38;2;12;12;12m██[38;2;12;12;12m██[38;2;12;12;12m██[38;2;12;12;12m██    [38;2;12;12;12m██[38;2;55;75;36m██[38;2;55;75;36m██[38;2;55;75;36m██[38;2;55;75;36m██[38;2;55;75;36m██[38;2;55;75;36m██[38;2;55;75;36m██[38;2;55;75;36m██[38;2;55;75;36m██[38;2;55;75;36m██[38;2;12;12;12m██[38;2;12;12;12m██[38;2;55;75;36m██[38;2;55;75;36m██[38;2;55;75;36m██[38;2;55;75;36m██[38;2;55;75;36m██[38;2;12;12;12m██[38;2;43;51;30m██[38;2;43;51;30m██[38;2;43;51;30m██[38;2;12;12;12m██[38;2;55;75;36m██[38;2;12;12;12m██[38;2;12;12;12m██[38;2;12;12;12m██[38;2;55;75;36m██[38;2;55;75;36m██[38;2;55;75;36m██[38;2;55;75;36m██[38;2;55;75;36m██[38;2;55;75;36m██[38;2;12;12;12m██[38;2;55;75;36m██[38;2;55;75;36m██[38;2;116;164;84m██[38;2;116;164;84m██[38;2;116;164;84m██[38;2;116;164;84m██[38;2;55;75;36m██[38;2;12;12;12m██  [38;2;116;164;84m██[38;2;116;164;84m██[38;2;116;164;84m██          
              [38;2;12;12;12m██[38;2;55;75;36m██[38;2;55;75;36m██[38;2;55;75;36m██[38;2;55;75;36m██[38;2;55;75;36m██[38;2;55;75;36m██[38;2;55;75;36m██[38;2;55;75;36m██[38;2;55;75;36m██[38;2;55;75;36m██[38;2;55;75;36m██[38;2;12;12;12m██[38;2;12;12;12m██[38;2;55;75;36m██[38;2;55;75;36m██[38;2;55;75;36m██[38;2;55;75;36m██[38;2;55;75;36m██[38;2;55;75;36m██[38;2;12;12;12m██[38;2;12;12;12m██[38;2;12;12;12m██[38;2;55;75;36m██[38;2;12;12;12m██      [38;2;12;12;12m██[38;2;12;12;12m██[38;2;12;12;12m██[38;2;12;12;12m██[38;2;12;12;12m██[38;2;12;12;12m██[38;2;12;12;12m██[38;2;55;75;36m██[38;2;55;75;36m██[38;2;55;75;36m██[38;2;55;75;36m██[38;2;55;75;36m██[38;2;55;75;36m██[38;2;55;75;36m██[38;2;12;12;12m██                  
              [38;2;12;12;12m██[38;2;55;75;36m██[38;2;55;75;36m██[38;2;55;75;36m██[38;2;55;75;36m██[38;2;55;75;36m██[38;2;55;75;36m██[38;2;55;75;36m██[38;2;55;75;36m██[38;2;55;75;36m██[38;2;55;75;36m██[38;2;12;12;12m██    [38;2;12;12;12m██[38;2;55;75;36m██[38;2;55;75;36m██[38;2;55;75;36m██[38;2;55;75;36m██[38;2;55;75;36m██[38;2;55;75;36m██[38;2;55;75;36m██[38;2;55;75;36m██[38;2;55;75;36m██[38;2;12;12;12m██                [38;2;12;12;12m██[38;2;55;75;36m██[38;2;55;75;36m██[38;2;55;75;36m██[38;2;55;75;36m██[38;2;55;75;36m██[38;2;55;75;36m██[38;2;55;75;36m██[38;2;12;12;12m██                    
            [38;2;12;12;12m██[38;2;55;75;36m██[38;2;55;75;36m██[38;2;55;75;36m██[38;2;55;75;36m██[38;2;55;75;36m██[38;2;55;75;36m██[38;2;55;75;36m██[38;2;55;75;36m██[38;2;55;75;36m██[38;2;55;75;36m██[38;2;12;12;12m██      [38;2;12;12;12m██[38;2;55;75;36m██[38;2;55;75;36m██[38;2;55;75;36m██[38;2;55;75;36m██[38;2;55;75;36m██[38;2;55;75;36m██[38;2;55;75;36m██[38;2;55;75;36m██[38;2;55;75;36m██[38;2;12;12;12m██                [38;2;12;12;12m██[38;2;55;75;36m██[38;2;55;75;36m██[38;2;12;12;12m██[38;2;55;75;36m██[38;2;55;75;36m██[38;2;55;75;36m██[38;2;55;75;36m██[38;2;12;12;12m██                    
            [38;2;12;12;12m██[38;2;55;75;36m██[38;2;55;75;36m██[38;2;55;75;36m██[38;2;55;75;36m██[38;2;55;75;36m██[38;2;55;75;36m██[38;2;55;75;36m██[38;2;55;75;36m██[38;2;12;12;12m██[38;2;12;12;12m██        [38;2;12;12;12m██[38;2;55;75;36m██[38;2;55;75;36m██[38;2;55;75;36m██[38;2;55;75;36m██[38;2;55;75;36m██[38;2;55;75;36m██[38;2;55;75;36m██[38;2;55;75;36m██[38;2;12;12;12m██                [38;2;12;12;12m██[38;2;55;75;36m██[38;2;12;12;12m██[38;2;55;75;36m██[38;2;12;12;12m██[38;2;55;75;36m██[38;2;12;12;12m██[38;2;55;75;36m██[38;2;55;75;36m██[38;2;12;12;12m██                    
          [38;2;12;12;12m██[38;2;55;75;36m██[38;2;55;75;36m██[38;2;55;75;36m██[38;2;55;75;36m██[38;2;55;75;36m██[38;2;55;75;36m██[38;2;55;75;36m██[38;2;12;12;12m██[38;2;12;12;12m██          [38;2;12;12;12m██[38;2;55;75;36m██[38;2;55;75;36m██[38;2;55;75;36m██[38;2;55;75;36m██[38;2;55;75;36m██[38;2;55;75;36m██[38;2;55;75;36m██[38;2;55;75;36m██[38;2;55;75;36m██[38;2;12;12;12m██[38;2;25;33;18m██[38;2;25;33;18m██            [38;2;12;12;12m██[38;2;12;12;12m██[38;2;12;12;12m██[38;2;55;75;36m██[38;2;12;12;12m██[38;2;12;12;12m██[38;2;43;51;30m██[38;2;12;12;12m██[38;2;12;12;12m██[38;2;12;12;12m██                    
          [38;2;12;12;12m██[38;2;55;75;36m██[38;2;55;75;36m██[38;2;55;75;36m██[38;2;55;75;36m██[38;2;55;75;36m██[38;2;55;75;36m██[38;2;12;12;12m██            [38;2;12;12;12m██[38;2;55;75;36m██[38;2;55;75;36m██[38;2;55;75;36m██[38;2;55;75;36m██[38;2;55;75;36m██[38;2;55;75;36m██[38;2;55;75;36m██[38;2;55;75;36m██[38;2;55;75;36m██[38;2;12;12;12m██[38;2;43;51;30m██[38;2;43;51;30m██[38;2;12;12;12m██                [38;2;12;12;12m██[38;2;12;12;12m██[38;2;43;51;30m██[38;2;43;51;30m██[38;2;43;51;30m██[38;2;43;51;30m██[38;2;12;12;12m██                      
          [38;2;12;12;12m██[38;2;55;75;36m██[38;2;55;75;36m██[38;2;55;75;36m██[38;2;55;75;36m██[38;2;55;75;36m██[38;2;55;75;36m██[38;2;12;12;12m██            [38;2;12;12;12m██[38;2;55;75;36m██[38;2;55;75;36m██[38;2;55;75;36m██[38;2;55;75;36m██[38;2;55;75;36m██[38;2;55;75;36m██[38;2;55;75;36m██[38;2;55;75;36m██[38;2;12;12;12m██[38;2;43;51;30m██[38;2;12;12;12m██[38;2;12;12;12m██                    [38;2;12;12;12m██[38;2;43;51;30m██[38;2;43;51;30m██[38;2;43;51;30m██[38;2;43;51;30m██[38;2;12;12;12m██[38;2;25;33;18m██[38;2;25;33;18m██[38;2;25;33;18m██                
          [38;2;12;12;12m██[38;2;55;75;36m██[38;2;55;75;36m██[38;2;55;75;36m██[38;2;55;75;36m██[38;2;55;75;36m██[38;2;12;12;12m██            [38;2;12;12;12m██[38;2;55;75;36m██[38;2;55;75;36m██[38;2;55;75;36m██[38;2;55;75;36m██[38;2;55;75;36m██[38;2;55;75;36m██[38;2;55;75;36m██[38;2;12;12;12m██[38;2;12;12;12m██[38;2;43;51;30m██[38;2;43;51;30m██[38;2;12;12;12m██                      [38;2;12;12;12m██[38;2;25;33;18m██[38;2;43;51;30m██[38;2;43;51;30m██[38;2;43;51;30m██[38;2;43;51;30m██[38;2;43;51;30m██[38;2;43;51;30m██[38;2;12;12;12m██                
            [38;2;12;12;12m██[38;2;55;75;36m██[38;2;55;75;36m██[38;2;55;75;36m██[38;2;55;75;36m██[38;2;12;12;12m██            [38;2;12;12;12m██[38;2;55;75;36m██[38;2;55;75;36m██[38;2;55;75;36m██[38;2;55;75;36m██[38;2;55;75;36m██[38;2;55;75;36m██[38;2;12;12;12m██[38;2;12;12;12m██[38;2;43;51;30m██[38;2;43;51;30m██[38;2;43;51;30m██[38;2;12;12;12m██[38;2;25;33;18m██[38;2;25;33;18m██[38;2;25;33;18m██                  [38;2;12;12;12m██[38;2;43;51;30m██[38;2;43;51;30m██[38;2;43;51;30m██[38;2;43;51;30m██[38;2;12;12;12m██[38;2;12;12;12m██                  
            [38;2;12;12;12m██[38;2;55;75;36m██[38;2;55;75;36m██[38;2;55;75;36m██[38;2;55;75;36m██[38;2;12;12;12m██            [38;2;12;12;12m██[38;2;55;75;36m██[38;2;55;75;36m██[38;2;55;75;36m██[38;2;55;75;36m██[38;2;55;75;36m██[38;2;55;75;36m██[38;2;12;12;12m██[38;2;12;12;12m██[38;2;25;33;18m██[38;2;43;51;30m██[38;2;43;51;30m██[38;2;43;51;30m██[38;2;43;51;30m██[38;2;43;51;30m██[38;2;12;12;12m██                  [38;2;12;12;12m██[38;2;25;33;18m██[38;2;43;51;30m██[38;2;43;51;30m██[38;2;43;51;30m██[38;2;12;12;12m██                    
            [38;2;12;12;12m██[38;2;55;75;36m██[38;2;55;75;36m██[38;2;55;75;36m██[38;2;55;75;36m██[38;2;12;12;12m██[38;2;14;22;14m██            [38;2;12;12;12m██[38;2;55;75;36m██[38;2;55;75;36m██[38;2;55;75;36m██[38;2;55;75;36m██[38;2;55;75;36m██[38;2;12;12;12m██  [38;2;12;12;12m██[38;2;43;51;30m██[38;2;43;51;30m██[38;2;43;51;30m██[38;2;43;51;30m██[38;2;12;12;12m██    [38;2;12;12;12m██[38;2;25;33;18m██[38;2;25;33;18m██[38;2;25;33;18m██          [38;2;12;12;12m██[38;2;43;51;30m██[38;2;43;51;30m██[38;2;43;51;30m██[38;2;12;12;12m██[38;2;25;33;18m██[38;2;25;33;18m██[38;2;25;33;18m██              
              [38;2;12;12;12m██[38;2;55;75;36m██[38;2;55;75;36m██[38;2;55;75;36m██[38;2;55;75;36m██[38;2;43;51;30m██[38;2;14;22;14m██          [38;2;12;12;12m██[38;2;55;75;36m██[38;2;55;75;36m██[38;2;55;75;36m██[38;2;55;75;36m██[38;2;55;75;36m██[38;2;12;12;12m██  [38;2;12;12;12m██[38;2;25;33;18m██[38;2;25;33;18m██[38;2;43;51;30m██[38;2;14;22;14m██[38;2;14;22;14m██[38;2;25;33;18m██[38;2;25;33;18m██[38;2;43;51;30m██[38;2;43;51;30m██[38;2;43;51;30m██[38;2;43;51;30m██[38;2;25;33;18m██        [38;2;12;12;12m██[38;2;25;33;18m██[38;2;43;51;30m██[38;2;43;51;30m██[38;2;43;51;30m██[38;2;43;51;30m██[38;2;43;51;30m██[38;2;12;12;12m██              
              [38;2;12;12;12m██[38;2;55;75;36m██[38;2;55;75;36m██[38;2;55;75;36m██[38;2;55;75;36m██[38;2;55;75;36m██[38;2;12;12;12m██[38;2;12;12;12m██[38;2;12;12;12m██      [38;2;12;12;12m██[38;2;55;75;36m██[38;2;55;75;36m██[38;2;55;75;36m██[38;2;55;75;36m██[38;2;55;75;36m██[38;2;12;12;12m██  [38;2;12;12;12m██[38;2;43;51;30m██[38;2;43;51;30m██[38;2;25;33;18m██[38;2;43;51;30m██[38;2;43;51;30m██[38;2;14;22;14m██[38;2;43;51;30m██[38;2;43;51;30m██[38;2;43;51;30m██[38;2;43;51;30m██[38;2;43;51;30m██[38;2;43;51;30m██[38;2;25;33;18m██        [38;2;12;12;12m██[38;2;43;51;30m██[38;2;43;51;30m██[38;2;43;51;30m██[38;2;43;51;30m██[38;2;12;12;12m██    [38;2;12;12;12m██[38;2;25;33;18m██[38;2;25;33;18m██[38;2;25;33;18m██    
              [38;2;12;12;12m██[38;2;55;75;36m██[38;2;55;75;36m██[38;2;55;75;36m██[38;2;55;75;36m██[38;2;55;75;36m██[38;2;55;75;36m██[38;2;55;75;36m██[38;2;55;75;36m██[38;2;12;12;12m██      [38;2;12;12;12m██[38;2;55;75;36m██[38;2;55;75;36m██[38;2;55;75;36m██[38;2;55;75;36m██[38;2;12;12;12m██[38;2;14;22;14m██[38;2;14;22;14m██[38;2;43;51;30m██[38;2;43;51;30m██[38;2;14;22;14m██[38;2;43;51;30m██[38;2;43;51;30m██[38;2;43;51;30m██[38;2;14;22;14m██[38;2;12;12;12m██[38;2;12;12;12m██[38;2;12;12;12m██[38;2;12;12;12m██[38;2;43;51;30m██[38;2;25;33;18m██        [38;2;12;12;12m██[38;2;25;33;18m██[38;2;25;33;18m██[38;2;43;51;30m██[38;2;14;22;14m██[38;2;14;22;14m██[38;2;25;33;18m██[38;2;25;33;18m██[38;2;43;51;30m██[38;2;43;51;30m██[38;2;43;51;30m██[38;2;43;51;30m██[38;2;25;33;18m██  
              [38;2;12;12;12m██[38;2;55;75;36m██[38;2;55;75;36m██[38;2;55;75;36m██[38;2;55;75;36m██[38;2;55;75;36m██[38;2;55;75;36m██[38;2;55;75;36m██[38;2;55;75;36m██[38;2;12;12;12m██      [38;2;12;12;12m██[38;2;55;75;36m██[38;2;55;75;36m██[38;2;55;75;36m██[38;2;55;75;36m██[38;2;55;75;36m██[38;2;43;51;30m██[38;2;43;51;30m██[38;2;14;22;14m██[38;2;12;12;12m██[38;2;12;12;12m██[38;2;12;12;12m██[38;2;12;12;12m██[38;2;12;12;12m██[38;2;12;12;12m██        [38;2;12;12;12m██[38;2;12;12;12m██      [38;2;12;12;12m██[38;2;43;51;30m██[38;2;43;51;30m██[38;2;43;51;30m██[38;2;25;33;18m██[38;2;43;51;30m██[38;2;43;51;30m██[38;2;14;22;14m██[38;2;43;51;30m██[38;2;43;51;30m██[38;2;43;51;30m██[38;2;43;51;30m██[38;2;43;51;30m██[38;2;43;51;30m██[38;2;25;33;18m██
              [38;2;12;12;12m██[38;2;14;22;14m██[38;2;55;75;36m██[38;2;55;75;36m██[38;2;55;75;36m██[38;2;55;75;36m██[38;2;55;75;36m██[38;2;55;75;36m██[38;2;55;75;36m██[38;2;12;12;12m██      [38;2;12;12;12m██[38;2;55;75;36m██[38;2;55;75;36m██[38;2;55;75;36m██[38;2;55;75;36m██[38;2;55;75;36m██[38;2;55;75;36m██[38;2;55;75;36m██[38;2;55;75;36m██[38;2;12;12;12m██[38;2;12;12;12m██                        [38;2;12;12;12m██[38;2;43;51;30m██[38;2;43;51;30m██[38;2;43;51;30m██[38;2;43;51;30m██[38;2;14;22;14m██[38;2;43;51;30m██[38;2;43;51;30m██[38;2;43;51;30m██[38;2;14;22;14m██[38;2;12;12;12m██[38;2;12;12;12m██[38;2;12;12;12m██[38;2;12;12;12m██[38;2;43;51;30m██[38;2;25;33;18m██
            [38;2;12;12;12m██[38;2;43;51;30m██[38;2;25;33;18m██[38;2;14;22;14m██[38;2;55;75;36m██[38;2;55;75;36m██[38;2;12;12;12m██[38;2;12;12;12m██[38;2;12;12;12m██[38;2;12;12;12m██        [38;2;12;12;12m██[38;2;55;75;36m██[38;2;55;75;36m██[38;2;55;75;36m██[38;2;55;75;36m██[38;2;55;75;36m██[38;2;55;75;36m██[38;2;55;75;36m██[38;2;55;75;36m██[38;2;55;75;36m██[38;2;55;75;36m██[38;2;12;12;12m██                      [38;2;12;12;12m██[38;2;43;51;30m██[38;2;12;12;12m██[38;2;12;12;12m██[38;2;12;12;12m██[38;2;12;12;12m██[38;2;12;12;12m██[38;2;12;12;12m██[38;2;12;12;12m██[38;2;12;12;12m██        [38;2;12;12;12m██[38;2;12;12;12m██
            [38;2;12;12;12m██[38;2;12;12;12m██[38;2;12;12;12m██[38;2;12;12;12m██[38;2;12;12;12m██[38;2;12;12;12m██                [38;2;12;12;12m██[38;2;55;75;36m██[38;2;55;75;36m██[38;2;55;75;36m██[38;2;55;75;36m██[38;2;55;75;36m██[38;2;55;75;36m██[38;2;55;75;36m██[38;2;55;75;36m██[38;2;55;75;36m██[38;2;55;75;36m██[38;2;12;12;12m██                      [38;2;12;12;12m██[38;2;12;12;12m██                            
                                        [38;2;12;12;12m██[38;2;14;22;14m██[38;2;55;75;36m██[38;2;55;75;36m██[38;2;55;75;36m██[38;2;55;75;36m██[38;2;55;75;36m██[38;2;55;75;36m██[38;2;55;75;36m██[38;2;55;75;36m██[38;2;55;75;36m██[38;2;12;12;12m██                                                      
                                      [38;2;12;12;12m██[38;2;43;51;30m██[38;2;25;33;18m██[38;2;14;22;14m██[38;2;55;75;36m██[38;2;55;75;36m██[38;2;55;75;36m██[38;2;12;12;12m██[38;2;12;12;12m██[38;2;12;12;12m██[38;2;12;12;12m██[38;2;12;12;12m██                                                        
                                      [38;2;12;12;12m██[38;2;12;12;12m██[38;2;12;12;12m██[38;2;12;12;12m██[38;2;12;12;12m██[38;2;12;12;12m██[38;2;12;12;12m██                                                                  
