                                                        [38;2;30;28;71m██[38;2;30;28;71m██[38;2;30;28;71m██[38;2;30;28;71m██                                                                          
                                                      [38;2;30;28;71m██[38;2;76;60;111m██[38;2;76;60;111m██[38;2;76;60;111m██[38;2;76;60;111m██[38;2;30;28;71m██                                                                        
                                                    [38;2;30;28;71m██[38;2;76;60;111m██[38;2;207;61;102m██[38;2;242;90;120m██[38;2;76;60;111m██[38;2;76;60;111m██[38;2;76;60;111m██[38;2;30;28;71m██                                                                      
                                                    [38;2;30;28;71m██[38;2;119;91;146m██[38;2;242;90;120m██[38;2;119;91;146m██[38;2;76;60;111m██[38;2;76;60;111m██[38;2;76;60;111m██[38;2;30;28;71m██                                                                      
                                                  [38;2;30;28;71m██[38;2;119;91;146m██[38;2;119;91;146m██[38;2;119;91;146m██[38;2;119;91;146m██[38;2;119;91;146m██[38;2;242;90;120m██[38;2;76;60;111m██[38;2;30;28;71m██                                                                      
                                                  [38;2;30;28;71m██[38;2;164;109;181m██[38;2;119;91;146m██[38;2;119;91;146m██[38;2;119;91;146m██[38;2;242;90;120m██[38;2;207;61;102m██[38;2;30;28;71m██                                                                        
                                                  [38;2;30;28;71m██[38;2;164;109;181m██[38;2;164;109;181m██[38;2;119;91;146m██[38;2;119;91;146m██[38;2;119;91;146m██[38;2;30;28;71m██                    [38;2;76;60;111m██[38;2;76;60;111m██[38;2;76;60;111m██[38;2;119;91;146m██[38;2;119;91;146m██[38;2;119;91;146m██                                          
                                                  [38;2;30;28;71m██[38;2;119;91;146m██[38;2;164;109;181m██[38;2;164;109;181m██[38;2;164;109;181m██[38;2;119;91;146m██[38;2;30;28;71m██                [38;2;76;60;111m██[38;2;76;60;111m██[38;2;119;91;146m██[38;2;164;109;181m██[38;2;164;109;181m██[38;2;164;109;181m██[38;2;164;109;181m██[38;2;222;160;231m██[38;2;119;91;146m██[38;2;119;91;146m██[38;2;119;91;146m██                                    
                                                    [38;2;30;28;71m██[38;2;119;91;146m██[38;2;164;109;181m██[38;2;164;109;181m██[38;2;164;109;181m██[38;2;119;91;146m██[38;2;30;28;71m██            [38;2;76;60;111m██[38;2;119;91;146m██[38;2;164;109;181m██[38;2;164;109;181m██[38;2;164;109;181m██[38;2;222;160;231m██[38;2;164;109;181m██[38;2;222;160;231m██[38;2;222;160;231m██[38;2;222;160;231m██[38;2;222;160;231m██[38;2;164;109;181m██[38;2;100;33;84m██[38;2;100;33;84m██                                
                                                      [38;2;30;28;71m██[38;2;119;91;146m██[38;2;164;109;181m██[38;2;164;109;181m██[38;2;164;109;181m██[38;2;119;91;146m██[38;2;30;28;71m██        [38;2;76;60;111m██[38;2;119;91;146m██[38;2;164;109;181m██[38;2;164;109;181m██[38;2;164;109;181m██[38;2;222;160;231m██[38;2;164;109;181m██[38;2;222;160;231m██[38;2;222;160;231m██[38;2;222;160;231m██[38;2;222;160;231m██[38;2;222;160;231m██[38;2;222;160;231m██[38;2;164;109;181m██[38;2;143;49;96m██[38;2;100;33;84m██                              
                                                        [38;2;30;28;71m██[38;2;30;28;71m██[38;2;119;91;146m██[38;2;164;109;181m██[38;2;164;109;181m██[38;2;119;91;146m██[38;2;30;28;71m██    [38;2;76;60;111m██[38;2;119;91;146m██[38;2;164;109;181m██[38;2;164;109;181m██[38;2;164;109;181m██[38;2;164;109;181m██[38;2;207;61;102m██[38;2;207;61;102m██[38;2;222;160;231m██[38;2;222;160;231m██[38;2;222;160;231m██[38;2;222;160;231m██[38;2;222;160;231m██[38;2;222;160;231m██[38;2;222;160;231m██[38;2;164;109;181m██[38;2;242;90;120m██[38;2;100;33;84m██                            
                                                            [38;2;30;28;71m██[38;2;30;28;71m██[38;2;30;28;71m██[38;2;119;91;146m██[38;2;30;28;71m██  [38;2;76;60;111m██[38;2;119;91;146m██[38;2;164;109;181m██[38;2;164;109;181m██[38;2;164;109;181m██[38;2;207;61;102m██[38;2;164;109;181m██[38;2;242;90;120m██[38;2;242;90;120m██[38;2;207;61;102m██[38;2;222;160;231m██[38;2;222;160;231m██[38;2;222;160;231m██[38;2;222;160;231m██[38;2;222;160;231m██[38;2;222;160;231m██[38;2;164;109;181m██[38;2;242;90;120m██[38;2;207;61;102m██[38;2;100;33;84m██                          
                                                                  [38;2;30;28;71m██[38;2;30;28;71m██  [38;2;76;60;111m██[38;2;119;91;146m██[38;2;164;109;181m██[38;2;164;109;181m██[38;2;207;61;102m██[38;2;242;90;120m██[38;2;164;109;181m██[38;2;164;109;181m██[38;2;222;160;231m██[38;2;222;160;231m██[38;2;222;160;231m██[38;2;222;160;231m██[38;2;222;160;231m██[38;2;222;160;231m██[38;2;222;160;231m██[38;2;164;109;181m██[38;2;143;49;96m██[38;2;143;49;96m██[38;2;207;61;102m██[38;2;80;75;84m██[38;2;36;35;46m██                        
                                                                    [38;2;30;28;71m██  [38;2;76;60;111m██[38;2;119;91;146m██[38;2;119;91;146m██[38;2;164;109;181m██[38;2;207;61;102m██[38;2;242;90;120m██[38;2;164;109;181m██[38;2;222;160;231m██[38;2;164;109;181m██[38;2;222;160;231m██[38;2;164;109;181m██[38;2;164;109;181m██[38;2;164;109;181m██[38;2;100;33;84m██[38;2;100;33;84m██[38;2;143;49;96m██[38;2;143;49;96m██[38;2;242;90;120m██[38;2;143;49;96m██[38;2;80;75;84m██[38;2;80;75;84m██[38;2;36;35;46m██                      
                                                                          [38;2;76;60;111m██[38;2;164;109;181m██[38;2;164;109;181m██[38;2;164;109;181m██[38;2;164;109;181m██[38;2;164;109;181m██[38;2;164;109;181m██[38;2;164;109;181m██[38;2;164;109;181m██[38;2;222;160;231m██[38;2;222;160;231m██[38;2;222;160;231m██[38;2;222;160;231m██[38;2;164;109;181m██[38;2;100;33;84m██[38;2;143;49;96m██[38;2;242;90;120m██[38;2;207;61;102m██[38;2;143;49;96m██[38;2;80;75;84m██[38;2;80;75;84m██[38;2;36;35;46m██                    
                                                                      [38;2;30;28;71m██[38;2;30;28;71m██[38;2;119;91;146m██[38;2;119;91;146m██[38;2;164;109;181m██[38;2;164;109;181m██[38;2;164;109;181m██[38;2;164;109;181m██[38;2;222;160;231m██[38;2;222;160;231m██[38;2;222;160;231m██[38;2;222;160;231m██[38;2;222;160;231m██[38;2;222;160;231m██[38;2;222;160;231m██[38;2;222;160;231m██[38;2;100;33;84m██[38;2;143;49;96m██[38;2;143;49;96m██[38;2;207;61;102m██[38;2;80;75;84m██[38;2;80;75;84m██[38;2;80;75;84m██[38;2;80;75;84m██[38;2;36;35;46m██                  
                                                          [38;2;30;28;71m██[38;2;30;28;71m██[38;2;30;28;71m██[38;2;30;28;71m██[38;2;30;28;71m██[38;2;30;28;71m██[38;2;76;60;111m██[38;2;119;91;146m██[38;2;119;91;146m██[38;2;164;109;181m██[38;2;164;109;181m██[38;2;164;109;181m██[38;2;164;109;181m██[38;2;222;160;231m██[38;2;164;109;181m██[38;2;222;160;231m██[38;2;222;160;231m██[38;2;222;160;231m██[38;2;222;160;231m██[38;2;222;160;231m██[38;2;222;160;231m██[38;2;222;160;231m██[38;2;164;109;181m██[38;2;100;33;84m██[38;2;143;49;96m██[38;2;207;61;102m██[38;2;80;75;84m██[38;2;80;75;84m██[38;2;80;75;84m██[38;2;80;75;84m██[38;2;80;75;84m██[38;2;36;35;46m██                
                                                    [38;2;30;28;71m██[38;2;30;28;71m██[38;2;30;28;71m██[38;2;76;60;111m██[38;2;76;60;111m██[38;2;76;60;111m██[38;2;76;60;111m██[38;2;76;60;111m██[38;2;119;91;146m██[38;2;119;91;146m██[38;2;119;91;146m██[38;2;164;109;181m██[38;2;119;91;146m██[38;2;164;109;181m██[38;2;164;109;181m██[38;2;164;109;181m██[38;2;164;109;181m██[38;2;222;160;231m██[38;2;222;160;231m██[38;2;222;160;231m██[38;2;222;160;231m██[38;2;222;160;231m██[38;2;222;160;231m██[38;2;222;160;231m██[38;2;222;160;231m██[38;2;222;160;231m██[38;2;100;33;84m██[38;2;143;49;96m██[38;2;207;61;102m██[38;2;80;75;84m██[38;2;80;75;84m██[38;2;80;75;84m██[38;2;80;75;84m██[38;2;80;75;84m██[38;2;80;75;84m██[38;2;36;35;46m██              
                                                  [38;2;30;28;71m██[38;2;76;60;111m██[38;2;76;60;111m██[38;2;76;60;111m██[38;2;76;60;111m██[38;2;76;60;111m██[38;2;76;60;111m██[38;2;119;91;146m██[38;2;76;60;111m██[38;2;119;91;146m██[38;2;119;91;146m██[38;2;164;109;181m██[38;2;119;91;146m██[38;2;164;109;181m██[38;2;164;109;181m██[38;2;164;109;181m██[38;2;164;109;181m██[38;2;164;109;181m██[38;2;222;160;231m██[38;2;222;160;231m██[38;2;222;160;231m██[38;2;222;160;231m██[38;2;222;160;231m██[38;2;222;160;231m██[38;2;222;160;231m██[38;2;100;33;84m██[38;2;100;33;84m██[38;2;164;109;181m██[38;2;100;33;84m██[38;2;207;61;102m██[38;2;80;75;84m██[38;2;80;75;84m██[38;2;80;75;84m██[38;2;80;75;84m██[38;2;80;75;84m██[38;2;80;75;84m██[38;2;80;75;84m██[38;2;36;35;46m██            
                                                [38;2;30;28;71m██[38;2;76;60;111m██[38;2;76;60;111m██[38;2;76;60;111m██[38;2;76;60;111m██[38;2;76;60;111m██[38;2;76;60;111m██[38;2;119;91;146m██[38;2;76;60;111m██[38;2;119;91;146m██[38;2;119;91;146m██[38;2;119;91;146m██[38;2;119;91;146m██[38;2;164;109;181m██[38;2;164;109;181m██[38;2;164;109;181m██[38;2;164;109;181m██[38;2;164;109;181m██[38;2;164;109;181m██[38;2;164;109;181m██[38;2;222;160;231m██[38;2;222;160;231m██[38;2;222;160;231m██[38;2;164;109;181m██[38;2;164;109;181m██[38;2;164;109;181m██[38;2;100;33;84m██[38;2;242;90;120m██[38;2;100;33;84m██[38;2;100;33;84m██[38;2;143;49;96m██[38;2;80;75;84m██[38;2;80;75;84m██[38;2;80;75;84m██[38;2;80;75;84m██[38;2;80;75;84m██[38;2;80;75;84m██[38;2;80;75;84m██[38;2;80;75;84m██[38;2;36;35;46m██          
                                                [38;2;30;28;71m██[38;2;76;60;111m██[38;2;76;60;111m██[38;2;76;60;111m██[38;2;76;60;111m██[38;2;76;60;111m██[38;2;76;60;111m██[38;2;76;60;111m██[38;2;119;91;146m██[38;2;119;91;146m██[38;2;119;91;146m██[38;2;119;91;146m██[38;2;164;109;181m██[38;2;119;91;146m██[38;2;164;109;181m██[38;2;164;109;181m██[38;2;164;109;181m██[38;2;164;109;181m██[38;2;164;109;181m██[38;2;164;109;181m██[38;2;164;109;181m██[38;2;164;109;181m██[38;2;164;109;181m██[38;2;12;12;12m██[38;2;100;33;84m██[38;2;100;33;84m██[38;2;242;90;120m██[38;2;207;61;102m██[38;2;80;75;84m██[38;2;80;75;84m██[38;2;100;33;84m██[38;2;80;75;84m██[38;2;80;75;84m██[38;2;80;75;84m██[38;2;80;75;84m██[38;2;80;75;84m██[38;2;80;75;84m██[38;2;80;75;84m██[38;2;80;75;84m██[38;2;80;75;84m██[38;2;36;35;46m██        
                                                [38;2;30;28;71m██[38;2;76;60;111m██[38;2;76;60;111m██[38;2;76;60;111m██[38;2;76;60;111m██[38;2;76;60;111m██[38;2;76;60;111m██[38;2;119;91;146m██[38;2;76;60;111m██[38;2;119;91;146m██[38;2;119;91;146m██[38;2;119;91;146m██[38;2;119;91;146m██[38;2;164;109;181m██[38;2;164;109;181m██[38;2;164;109;181m██[38;2;164;109;181m██[38;2;164;109;181m██[38;2;164;109;181m██[38;2;164;109;181m██[38;2;164;109;181m██[38;2;164;109;181m██[38;2;164;109;181m██[38;2;12;12;12m██[38;2;143;49;96m██[38;2;143;49;96m██[38;2;242;90;120m██[38;2;207;61;102m██[38;2;80;75;84m██[38;2;80;75;84m██[38;2;80;75;84m██[38;2;80;75;84m██[38;2;80;75;84m██[38;2;80;75;84m██[38;2;80;75;84m██[38;2;80;75;84m██[38;2;80;75;84m██[38;2;80;75;84m██[38;2;80;75;84m██[38;2;80;75;84m██[38;2;80;75;84m██[38;2;36;35;46m██      
                                                [38;2;30;28;71m██[38;2;76;60;111m██[38;2;76;60;111m██[38;2;76;60;111m██[38;2;76;60;111m██[38;2;76;60;111m██[38;2;76;60;111m██[38;2;76;60;111m██[38;2;119;91;146m██[38;2;119;91;146m██[38;2;119;91;146m██[38;2;119;91;146m██[38;2;164;109;181m██[38;2;119;91;146m██[38;2;164;109;181m██[38;2;164;109;181m██[38;2;164;109;181m██[38;2;164;109;181m██[38;2;164;109;181m██[38;2;164;109;181m██[38;2;222;160;231m██[38;2;222;160;231m██[38;2;222;160;231m██[38;2;164;109;181m██[38;2;12;12;12m██[38;2;143;49;96m██[38;2;143;49;96m██[38;2;242;90;120m██[38;2;207;61;102m██[38;2;80;75;84m██[38;2;80;75;84m██[38;2;80;75;84m██[38;2;80;75;84m██[38;2;80;75;84m██[38;2;80;75;84m██[38;2;80;75;84m██[38;2;80;75;84m██[38;2;80;75;84m██[38;2;80;75;84m██[38;2;80;75;84m██[38;2;80;75;84m██[38;2;36;35;46m██[38;2;36;35;46m██    
                                                [38;2;30;28;71m██[38;2;76;60;111m██[38;2;76;60;111m██[38;2;76;60;111m██[38;2;76;60;111m██[38;2;76;60;111m██[38;2;76;60;111m██[38;2;119;91;146m██[38;2;76;60;111m██[38;2;119;91;146m██[38;2;119;91;146m██[38;2;119;91;146m██[38;2;119;91;146m██[38;2;164;109;181m██[38;2;164;109;181m██[38;2;164;109;181m██[38;2;164;109;181m██[38;2;164;109;181m██[38;2;164;109;181m██[38;2;222;160;231m██[38;2;222;160;231m██[38;2;222;160;231m██[38;2;222;160;231m██[38;2;222;160;231m██[38;2;164;109;181m██[38;2;12;12;12m██[38;2;143;49;96m██[38;2;242;90;120m██[38;2;207;61;102m██[38;2;80;75;84m██[38;2;80;75;84m██[38;2;80;75;84m██[38;2;80;75;84m██[38;2;80;75;84m██[38;2;80;75;84m██[38;2;80;75;84m██[38;2;80;75;84m██[38;2;80;75;84m██[38;2;80;75;84m██[38;2;80;75;84m██[38;2;80;75;84m██[38;2;36;35;46m██[38;2;55;52;61m██[38;2;36;35;46m██  
                                                [38;2;30;28;71m██[38;2;76;60;111m██[38;2;76;60;111m██[38;2;76;60;111m██[38;2;207;61;102m██[38;2;76;60;111m██[38;2;76;60;111m██[38;2;207;61;102m██[38;2;119;91;146m██[38;2;76;60;111m██[38;2;119;91;146m██[38;2;119;91;146m██[38;2;164;109;181m██[38;2;119;91;146m██[38;2;164;109;181m██[38;2;164;109;181m██[38;2;164;109;181m██[38;2;164;109;181m██[38;2;222;160;231m██[38;2;164;109;181m██[38;2;222;160;231m██[38;2;222;160;231m██[38;2;222;160;231m██[38;2;222;160;231m██[38;2;222;160;231m██[38;2;164;109;181m██[38;2;100;33;84m██[38;2;242;90;120m██[38;2;207;61;102m██[38;2;80;75;84m██[38;2;80;75;84m██[38;2;80;75;84m██[38;2;80;75;84m██[38;2;80;75;84m██[38;2;80;75;84m██[38;2;80;75;84m██[38;2;80;75;84m██[38;2;80;75;84m██[38;2;80;75;84m██[38;2;80;75;84m██[38;2;80;75;84m██[38;2;36;35;46m██[38;2;55;52;61m██[38;2;55;52;61m██[38;2;36;35;46m██
                                                [38;2;30;28;71m██[38;2;76;60;111m██[38;2;76;60;111m██[38;2;207;61;102m██[38;2;242;90;120m██[38;2;76;60;111m██[38;2;76;60;111m██[38;2;242;90;120m██[38;2;207;61;102m██[38;2;119;91;146m██[38;2;76;60;111m██[38;2;119;91;146m██[38;2;119;91;146m██[38;2;164;109;181m██[38;2;119;91;146m██[38;2;164;109;181m██[38;2;164;109;181m██[38;2;164;109;181m██[38;2;164;109;181m██[38;2;222;160;231m██[38;2;222;160;231m██[38;2;222;160;231m██[38;2;222;160;231m██[38;2;222;160;231m██[38;2;222;160;231m██[38;2;222;160;231m██[38;2;100;33;84m██[38;2;143;49;96m██[38;2;242;90;120m██[38;2;207;61;102m██[38;2;80;75;84m██[38;2;80;75;84m██[38;2;80;75;84m██[38;2;80;75;84m██[38;2;80;75;84m██[38;2;80;75;84m██[38;2;80;75;84m██[38;2;80;75;84m██[38;2;80;75;84m██[38;2;80;75;84m██[38;2;80;75;84m██[38;2;36;35;46m██[38;2;55;52;61m██[38;2;55;52;61m██[38;2;36;35;46m██
                                                [38;2;30;28;71m██[38;2;76;60;111m██[38;2;76;60;111m██[38;2;76;60;111m██[38;2;76;60;111m██[38;2;76;60;111m██[38;2;76;60;111m██[38;2;76;60;111m██[38;2;76;60;111m██[38;2;76;60;111m██[38;2;119;91;146m██[38;2;76;60;111m██[38;2;119;91;146m██[38;2;119;91;146m██[38;2;164;109;181m██[38;2;119;91;146m██[38;2;164;109;181m██[38;2;164;109;181m██[38;2;222;160;231m██[38;2;164;109;181m██[38;2;222;160;231m██[38;2;222;160;231m██[38;2;222;160;231m██[38;2;222;160;231m██[38;2;222;160;231m██[38;2;222;160;231m██[38;2;100;33;84m██[38;2;100;33;84m██[38;2;100;33;84m██[38;2;143;49;96m██[38;2;80;75;84m██[38;2;80;75;84m██[38;2;80;75;84m██[38;2;80;75;84m██[38;2;80;75;84m██[38;2;80;75;84m██[38;2;80;75;84m██[38;2;80;75;84m██[38;2;80;75;84m██[38;2;80;75;84m██[38;2;36;35;46m██[38;2;55;52;61m██[38;2;55;52;61m██[38;2;55;52;61m██[38;2;36;35;46m██
                                                  [38;2;30;28;71m██[38;2;30;28;71m██[38;2;76;60;111m██[38;2;76;60;111m██[38;2;76;60;111m██[38;2;76;60;111m██[38;2;76;60;111m██[38;2;76;60;111m██[38;2;76;60;111m██[38;2;76;60;111m██[38;2;30;28;71m██[38;2;30;28;71m██[38;2;30;28;71m██[38;2;119;91;146m██[38;2;164;109;181m██[38;2;164;109;181m██[38;2;164;109;181m██[38;2;164;109;181m██[38;2;222;160;231m██[38;2;164;109;181m██[38;2;222;160;231m██[38;2;222;160;231m██[38;2;222;160;231m██[38;2;222;160;231m██[38;2;222;160;231m██[38;2;100;33;84m██[38;2;143;49;96m██[38;2;242;90;120m██[38;2;207;61;102m██[38;2;80;75;84m██[38;2;80;75;84m██[38;2;80;75;84m██[38;2;80;75;84m██[38;2;80;75;84m██[38;2;80;75;84m██[38;2;80;75;84m██[38;2;80;75;84m██[38;2;80;75;84m██[38;2;36;35;46m██[38;2;55;52;61m██[38;2;55;52;61m██[38;2;55;52;61m██[38;2;55;52;61m██[38;2;36;35;46m██
                                                      [38;2;30;28;71m██[38;2;30;28;71m██[38;2;76;60;111m██[38;2;76;60;111m██[38;2;76;60;111m██[38;2;76;60;111m██[38;2;76;60;111m██[38;2;30;28;71m██      [38;2;30;28;71m██[38;2;119;91;146m██[38;2;164;109;181m██[38;2;164;109;181m██[38;2;164;109;181m██[38;2;164;109;181m██[38;2;222;160;231m██[38;2;164;109;181m██[38;2;222;160;231m██[38;2;222;160;231m██[38;2;222;160;231m██[38;2;164;109;181m██[38;2;143;49;96m██[38;2;143;49;96m██[38;2;242;90;120m██[38;2;207;61;102m██[38;2;80;75;84m██[38;2;80;75;84m██[38;2;80;75;84m██[38;2;80;75;84m██[38;2;80;75;84m██[38;2;80;75;84m██[38;2;36;35;46m██[38;2;36;35;46m██[38;2;36;35;46m██[38;2;55;52;61m██[38;2;55;52;61m██[38;2;55;52;61m██[38;2;55;52;61m██[38;2;55;52;61m██[38;2;36;35;46m██
                                                          [38;2;30;28;71m██[38;2;76;60;111m██[38;2;76;60;111m██[38;2;76;60;111m██[38;2;30;28;71m██          [38;2;30;28;71m██[38;2;164;109;181m██[38;2;164;109;181m██[38;2;164;109;181m██[38;2;164;109;181m██[38;2;164;109;181m██[38;2;119;91;146m██[38;2;30;28;71m██[38;2;119;91;146m██[38;2;119;91;146m██[38;2;100;33;84m██[38;2;143;49;96m██[38;2;143;49;96m██[38;2;242;90;120m██[38;2;207;61;102m██[38;2;80;75;84m██[38;2;80;75;84m██[38;2;80;75;84m██[38;2;80;75;84m██[38;2;80;75;84m██[38;2;36;35;46m██[38;2;55;52;61m██[38;2;80;75;84m██[38;2;36;35;46m██[38;2;12;12;12m██[38;2;12;12;12m██[38;2;55;52;61m██[38;2;55;52;61m██[38;2;55;52;61m██[38;2;36;35;46m██
                                                            [38;2;30;28;71m██[38;2;76;60;111m██[38;2;76;60;111m██[38;2;30;28;71m██          [38;2;30;28;71m██[38;2;119;91;146m██[38;2;164;109;181m██[38;2;164;109;181m██[38;2;164;109;181m██[38;2;119;91;146m██[38;2;30;28;71m██        [38;2;100;33;84m██[38;2;100;33;84m██[38;2;143;49;96m██[38;2;242;90;120m██[38;2;207;61;102m██[38;2;80;75;84m██[38;2;80;75;84m██[38;2;36;35;46m██[38;2;36;35;46m██[38;2;55;52;61m██[38;2;80;75;84m██[38;2;80;75;84m██[38;2;36;35;46m██    [38;2;12;12;12m██[38;2;55;52;61m██[38;2;36;35;46m██  
                                                            [38;2;30;28;71m██[38;2;76;60;111m██[38;2;76;60;111m██[38;2;76;60;111m██[38;2;30;28;71m██          [38;2;30;28;71m██[38;2;119;91;146m██[38;2;164;109;181m██[38;2;119;91;146m██[38;2;30;28;71m██          [38;2;36;35;46m██[38;2;36;35;46m██[38;2;100;33;84m██[38;2;100;33;84m██[38;2;100;33;84m██[38;2;100;33;84m██[38;2;12;12;12m██[38;2;36;35;46m██[38;2;55;52;61m██[38;2;55;52;61m██[38;2;80;75;84m██[38;2;36;35;46m██      [38;2;12;12;12m██[38;2;55;52;61m██[38;2;36;35;46m██  
                                                            [38;2;30;28;71m██[38;2;76;60;111m██[38;2;76;60;111m██[38;2;76;60;111m██[38;2;76;60;111m██[38;2;30;28;71m██          [38;2;30;28;71m██[38;2;30;28;71m██[38;2;30;28;71m██          [38;2;36;35;46m██[38;2;55;52;61m██[38;2;55;52;61m██[38;2;55;52;61m██[38;2;55;52;61m██[38;2;55;52;61m██[38;2;55;52;61m██[38;2;55;52;61m██[38;2;55;52;61m██[38;2;36;35;46m██[38;2;80;75;84m██[38;2;80;75;84m██[38;2;36;35;46m██        [38;2;36;35;46m██    
                                                            [38;2;30;28;71m██[38;2;76;60;111m██[38;2;76;60;111m██[38;2;76;60;111m██[38;2;76;60;111m██[38;2;76;60;111m██[38;2;30;28;71m██                        [38;2;36;35;46m██[38;2;55;52;61m██[38;2;55;52;61m██[38;2;55;52;61m██[38;2;55;52;61m██[38;2;55;52;61m██[38;2;55;52;61m██[38;2;55;52;61m██[38;2;55;52;61m██[38;2;55;52;61m██[38;2;80;75;84m██[38;2;80;75;84m██[38;2;36;35;46m██              
                                                              [38;2;30;28;71m██[38;2;30;28;71m██[38;2;30;28;71m██[38;2;30;28;71m██[38;2;76;60;111m██[38;2;30;28;71m██                      [38;2;36;35;46m██[38;2;80;75;84m██[38;2;55;52;61m██[38;2;55;52;61m██[38;2;55;52;61m██[38;2;55;52;61m██[38;2;55;52;61m██[38;2;55;52;61m██[38;2;55;52;61m██[38;2;55;52;61m██[38;2;80;75;84m██[38;2;80;75;84m██[38;2;80;75;84m██[38;2;80;75;84m██[38;2;36;35;46m██            
                                                                      [38;2;30;28;71m██[38;2;30;28;71m██                    [38;2;36;35;46m██[38;2;80;75;84m██[38;2;80;75;84m██[38;2;80;75;84m██[38;2;55;52;61m██[38;2;55;52;61m██[38;2;55;52;61m██[38;2;55;52;61m██[38;2;55;52;61m██[38;2;80;75;84m██[38;2;80;75;84m██[38;2;36;35;46m██[38;2;36;35;46m██[38;2;36;35;46m██[38;2;80;75;84m██[38;2;36;35;46m██            
                                                                        [38;2;30;28;71m██                    [38;2;36;35;46m██[38;2;80;75;84m██[38;2;80;75;84m██[38;2;80;75;84m██[38;2;80;75;84m██[38;2;80;75;84m██[38;2;80;75;84m██[38;2;80;75;84m██[38;2;80;75;84m██[38;2;80;75;84m██[38;2;36;35;46m██[38;2;55;52;61m██[38;2;55;52;61m██[38;2;55;52;61m██[38;2;12;12;12m██[38;2;80;75;84m██[38;2;36;35;46m██          
                    [38;2;143;49;96m██[38;2;143;49;96m██[38;2;143;49;96m██[38;2;143;49;96m██[38;2;143;49;96m██[38;2;143;49;96m██                                        [38;2;30;28;71m██                  [38;2;36;35;46m██[38;2;80;75;84m██[38;2;80;75;84m██[38;2;80;75;84m██[38;2;80;75;84m██[38;2;80;75;84m██[38;2;80;75;84m██[38;2;80;75;84m██[38;2;80;75;84m██[38;2;80;75;84m██[38;2;36;35;46m██[38;2;55;52;61m██[38;2;173;114;186m██[38;2;222;160;231m██[38;2;222;160;231m██[38;2;55;52;61m██[38;2;12;12;12m██[38;2;36;35;46m██          
                      [38;2;143;49;96m██[38;2;143;49;96m██[38;2;242;90;120m██[38;2;242;90;120m██[38;2;242;90;120m██[38;2;143;49;96m██[38;2;143;49;96m██                                                      [38;2;36;35;46m██[38;2;80;75;84m██[38;2;80;75;84m██[38;2;80;75;84m██[38;2;80;75;84m██[38;2;80;75;84m██[38;2;80;75;84m██[38;2;80;75;84m██[38;2;80;75;84m██[38;2;80;75;84m██[38;2;80;75;84m██[38;2;36;35;46m██[38;2;55;52;61m██[38;2;222;160;231m██[38;2;173;114;186m██[38;2;222;160;231m██[38;2;55;52;61m██[38;2;12;12;12m██[38;2;55;52;61m██[38;2;36;35;46m██        
                [38;2;30;28;71m██[38;2;30;28;71m██[38;2;30;28;71m██[38;2;30;28;71m██[38;2;30;28;71m██[38;2;143;49;96m██[38;2;143;49;96m██[38;2;242;90;120m██[38;2;242;90;120m██[38;2;242;90;120m██[38;2;143;49;96m██[38;2;143;49;96m██                                                  [38;2;36;35;46m██[38;2;80;75;84m██[38;2;80;75;84m██[38;2;80;75;84m██[38;2;80;75;84m██[38;2;80;75;84m██[38;2;80;75;84m██[38;2;80;75;84m██[38;2;80;75;84m██[38;2;80;75;84m██[38;2;80;75;84m██[38;2;36;35;46m██[38;2;55;52;61m██[38;2;222;160;231m██[38;2;222;160;231m██[38;2;173;114;186m██[38;2;55;52;61m██[38;2;12;12;12m██[38;2;100;33;84m██[38;2;36;35;46m██        
[38;2;30;28;71m██            [38;2;30;28;71m██[38;2;76;60;111m██[38;2;76;60;111m██[38;2;76;60;111m██[38;2;76;60;111m██[38;2;76;60;111m██[38;2;76;60;111m██[38;2;30;28;71m██[38;2;143;49;96m██[38;2;143;49;96m██[38;2;242;90;120m██[38;2;242;90;120m██[38;2;242;90;120m██[38;2;143;49;96m██[38;2;143;49;96m██                                            [38;2;36;35;46m██[38;2;76;60;111m██[38;2;76;60;111m██[38;2;36;35;46m██[38;2;76;60;111m██[38;2;76;60;111m██[38;2;80;75;84m██[38;2;80;75;84m██[38;2;80;75;84m██[38;2;80;75;84m██[38;2;80;75;84m██[38;2;80;75;84m██[38;2;80;75;84m██[38;2;12;12;12m██[38;2;55;52;61m██[38;2;55;52;61m██[38;2;55;52;61m██[38;2;12;12;12m██[38;2;55;52;61m██[38;2;100;33;84m██[38;2;222;160;231m██[38;2;36;35;46m██      
[38;2;30;28;71m██[38;2;30;28;71m██        [38;2;30;28;71m██[38;2;76;60;111m██[38;2;76;60;111m██[38;2;76;60;111m██[38;2;76;60;111m██[38;2;119;91;146m██[38;2;76;60;111m██[38;2;119;91;146m██[38;2;119;91;146m██[38;2;119;91;146m██[38;2;76;60;111m██[38;2;143;49;96m██[38;2;242;90;120m██[38;2;242;90;120m██[38;2;242;90;120m██[38;2;242;90;120m██[38;2;143;49;96m██                                        [38;2;36;35;46m██[38;2;119;91;146m██[38;2;119;91;146m██[38;2;119;91;146m██[38;2;76;60;111m██[38;2;119;91;146m██[38;2;119;91;146m██[38;2;76;60;111m██[38;2;76;60;111m██[38;2;76;60;111m██[38;2;76;60;111m██[38;2;55;52;61m██[38;2;80;75;84m██[38;2;80;75;84m██[38;2;80;75;84m██[38;2;12;12;12m██[38;2;12;12;12m██[38;2;12;12;12m██[38;2;55;52;61m██[38;2;55;52;61m██[38;2;55;52;61m██[38;2;103;88;84m██[38;2;36;35;46m██      
[38;2;30;28;71m██[38;2;76;60;111m██[38;2;30;28;71m██      [38;2;30;28;71m██[38;2;76;60;111m██[38;2;76;60;111m██[38;2;76;60;111m██[38;2;119;91;146m██[38;2;76;60;111m██[38;2;119;91;146m██[38;2;119;91;146m██[38;2;119;91;146m██[38;2;119;91;146m██[38;2;119;91;146m██[38;2;76;60;111m██[38;2;143;49;96m██[38;2;242;90;120m██[38;2;242;90;120m██[38;2;242;90;120m██[38;2;242;90;120m██[38;2;143;49;96m██                                      [38;2;36;35;46m██[38;2;164;109;181m██[38;2;164;109;181m██[38;2;76;60;111m██[38;2;164;109;181m██[38;2;164;109;181m██[38;2;164;109;181m██[38;2;119;91;146m██[38;2;119;91;146m██[38;2;119;91;146m██[38;2;119;91;146m██[38;2;55;52;61m██[38;2;80;75;84m██[38;2;80;75;84m██[38;2;80;75;84m██[38;2;80;75;84m██[38;2;55;52;61m██[38;2;12;12;12m██[38;2;36;35;46m██[38;2;36;35;46m██[38;2;55;52;61m██[38;2;55;52;61m██[38;2;55;52;61m██[38;2;36;35;46m██    
[38;2;30;28;71m██[38;2;76;60;111m██[38;2;76;60;111m██[38;2;30;28;71m██    [38;2;30;28;71m██[38;2;76;60;111m██[38;2;76;60;111m██[38;2;76;60;111m██[38;2;76;60;111m██[38;2;119;91;146m██[38;2;119;91;146m██[38;2;119;91;146m██[38;2;119;91;146m██[38;2;119;91;146m██[38;2;119;91;146m██[38;2;119;91;146m██[38;2;119;91;146m██[38;2;143;49;96m██[38;2;242;90;120m██[38;2;242;90;120m██[38;2;242;90;120m██[38;2;242;90;120m██[38;2;143;49;96m██                                  [38;2;12;12;12m██[38;2;242;90;120m██[38;2;222;160;231m██[38;2;222;160;231m██[38;2;76;60;111m██[38;2;222;160;231m██[38;2;222;160;231m██[38;2;242;90;120m██[38;2;164;109;181m██[38;2;164;109;181m██[38;2;164;109;181m██[38;2;76;60;111m██[38;2;119;91;146m██[38;2;76;60;111m██[38;2;80;75;84m██[38;2;80;75;84m██[38;2;80;75;84m██[38;2;55;52;61m██[38;2;12;12;12m██[38;2;55;52;61m██[38;2;55;52;61m██[38;2;36;35;46m██[38;2;55;52;61m██[38;2;55;52;61m██[38;2;36;35;46m██    
  [38;2;30;28;71m██[38;2;76;60;111m██[38;2;30;28;71m██[38;2;30;28;71m██  [38;2;30;28;71m██[38;2;76;60;111m██[38;2;76;60;111m██[38;2;76;60;111m██[38;2;119;91;146m██[38;2;76;60;111m██[38;2;119;91;146m██[38;2;119;91;146m██[38;2;119;91;146m██[38;2;119;91;146m██[38;2;119;91;146m██[38;2;119;91;146m██[38;2;164;109;181m██[38;2;119;91;146m██[38;2;143;49;96m██[38;2;242;90;120m██[38;2;242;90;120m██[38;2;242;90;120m██[38;2;242;90;120m██[38;2;143;49;96m██                                [38;2;12;12;12m██[38;2;164;109;181m██[38;2;164;109;181m██[38;2;76;60;111m██[38;2;164;109;181m██[38;2;164;109;181m██[38;2;164;109;181m██[38;2;164;109;181m██[38;2;222;160;231m██[38;2;222;160;231m██[38;2;222;160;231m██[38;2;76;60;111m██[38;2;164;109;181m██[38;2;119;91;146m██[38;2;76;60;111m██[38;2;80;75;84m██[38;2;55;52;61m██[38;2;55;52;61m██[38;2;12;12;12m██[38;2;55;52;61m██[38;2;55;52;61m██[38;2;12;12;12m██[38;2;55;52;61m██[38;2;36;35;46m██      
  [38;2;30;28;71m██[38;2;76;60;111m██[38;2;76;60;111m██[38;2;76;60;111m██[38;2;30;28;71m██[38;2;76;60;111m██[38;2;76;60;111m██[38;2;76;60;111m██[38;2;76;60;111m██[38;2;76;60;111m██[38;2;119;91;146m██[38;2;76;60;111m██[38;2;30;28;71m██[38;2;30;28;71m██[38;2;76;60;111m██[38;2;119;91;146m██[38;2;164;109;181m██[38;2;119;91;146m██[38;2;164;109;181m██[38;2;119;91;146m██[38;2;143;49;96m██[38;2;242;90;120m██[38;2;242;90;120m██[38;2;242;90;120m██[38;2;242;90;120m██[38;2;143;49;96m██                            [38;2;12;12;12m██[38;2;164;109;181m██[38;2;12;12;12m██[38;2;12;12;12m██[38;2;12;12;12m██[38;2;12;12;12m██[38;2;36;35;46m██[38;2;36;35;46m██[38;2;36;35;46m██[38;2;164;109;181m██[38;2;164;109;181m██[38;2;76;60;111m██[38;2;164;109;181m██[38;2;222;160;231m██[38;2;164;109;181m██[38;2;119;91;146m██[38;2;76;60;111m██[38;2;55;52;61m██[38;2;55;52;61m██[38;2;12;12;12m██[38;2;12;12;12m██[38;2;12;12;12m██[38;2;12;12;12m██[38;2;55;52;61m██[38;2;36;35;46m██      
  [38;2;30;28;71m██[38;2;76;60;111m██[38;2;76;60;111m██[38;2;76;60;111m██[38;2;76;60;111m██[38;2;76;60;111m██[38;2;76;60;111m██[38;2;76;60;111m██[38;2;76;60;111m██[38;2;76;60;111m██[38;2;30;28;71m██[38;2;30;28;71m██  [38;2;36;35;46m██[38;2;55;52;61m██[38;2;55;52;61m██[38;2;119;91;146m██[38;2;164;109;181m██[38;2;119;91;146m██[38;2;164;109;181m██[38;2;119;91;146m██[38;2;143;49;96m██[38;2;242;90;120m██[38;2;242;90;120m██[38;2;242;90;120m██[38;2;242;90;120m██[38;2;143;49;96m██                          [38;2;12;12;12m██[38;2;12;12;12m██[38;2;36;35;46m██[38;2;36;35;46m██[38;2;36;35;46m██[38;2;12;12;12m██[38;2;55;52;61m██[38;2;55;52;61m██[38;2;55;52;61m██[38;2;36;35;46m██[38;2;36;35;46m██[38;2;36;35;46m██[38;2;164;109;181m██[38;2;164;109;181m██[38;2;143;49;96m██[38;2;164;109;181m██[38;2;119;91;146m██[38;2;36;35;46m██[38;2;55;52;61m██[38;2;12;12;12m██    [38;2;12;12;12m██[38;2;12;12;12m██        
    [38;2;30;28;71m██[38;2;76;60;111m██[38;2;76;60;111m██[38;2;76;60;111m██[38;2;76;60;111m██[38;2;76;60;111m██[38;2;76;60;111m██[38;2;30;28;71m██[38;2;30;28;71m██      [38;2;36;35;46m██[38;2;80;75;84m██[38;2;80;75;84m██[38;2;55;52;61m██[38;2;119;91;146m██[38;2;164;109;181m██[38;2;164;109;181m██[38;2;164;109;181m██[38;2;119;91;146m██[38;2;143;49;96m██[38;2;242;90;120m██[38;2;242;90;120m██[38;2;242;90;120m██[38;2;143;49;96m██                          [38;2;12;12;12m██[38;2;36;35;46m██[38;2;36;35;46m██[38;2;36;35;46m██[38;2;36;35;46m██[38;2;12;12;12m██[38;2;55;52;61m██[38;2;55;52;61m██[38;2;55;52;61m██[38;2;55;52;61m██[38;2;55;52;61m██[38;2;55;52;61m██[38;2;12;12;12m██[38;2;12;12;12m██[38;2;164;109;181m██[38;2;222;160;231m██[38;2;164;109;181m██[38;2;36;35;46m██[38;2;55;52;61m██[38;2;55;52;61m██[38;2;12;12;12m██              
      [38;2;30;28;71m██[38;2;30;28;71m██[38;2;30;28;71m██[38;2;30;28;71m██[38;2;30;28;71m██[38;2;30;28;71m██        [38;2;36;35;46m██[38;2;80;75;84m██[38;2;80;75;84m██[38;2;80;75;84m██[38;2;80;75;84m██[38;2;55;52;61m██[38;2;119;91;146m██[38;2;164;109;181m██[38;2;164;109;181m██[38;2;164;109;181m██[38;2;143;49;96m██[38;2;242;90;120m██[38;2;242;90;120m██[38;2;242;90;120m██[38;2;242;90;120m██[38;2;143;49;96m██                        [38;2;12;12;12m██[38;2;36;35;46m██[38;2;36;35;46m██[38;2;36;35;46m██[38;2;12;12;12m██[38;2;55;52;61m██[38;2;55;52;61m██[38;2;55;52;61m██[38;2;55;52;61m██[38;2;55;52;61m██[38;2;55;52;61m██[38;2;55;52;61m██[38;2;55;52;61m██[38;2;55;52;61m██[38;2;12;12;12m██[38;2;164;109;181m██[38;2;222;160;231m██[38;2;12;12;12m██[38;2;76;60;111m██[38;2;55;52;61m██[38;2;12;12;12m██              
                        [38;2;36;35;46m██[38;2;80;75;84m██[38;2;80;75;84m██[38;2;55;52;61m██[38;2;55;52;61m██[38;2;80;75;84m██[38;2;80;75;84m██[38;2;55;52;61m██[38;2;164;109;181m██[38;2;164;109;181m██[38;2;164;109;181m██[38;2;119;91;146m██[38;2;143;49;96m██[38;2;242;90;120m██[38;2;242;90;120m██[38;2;242;90;120m██[38;2;143;49;96m██                          [38;2;12;12;12m██[38;2;36;35;46m██[38;2;36;35;46m██[38;2;12;12;12m██[38;2;55;52;61m██[38;2;55;52;61m██[38;2;55;52;61m██[38;2;55;52;61m██[38;2;55;52;61m██[38;2;55;52;61m██[38;2;55;52;61m██[38;2;55;52;61m██[38;2;55;52;61m██[38;2;55;52;61m██[38;2;12;12;12m██[38;2;164;109;181m██[38;2;12;12;12m██[38;2;119;91;146m██[38;2;76;60;111m██[38;2;12;12;12m██              
                        [38;2;36;35;46m██[38;2;80;75;84m██[38;2;55;52;61m██[38;2;164;109;181m██[38;2;222;160;231m██[38;2;164;109;181m██[38;2;55;52;61m██[38;2;55;52;61m██[38;2;119;91;146m██[38;2;164;109;181m██[38;2;164;109;181m██[38;2;164;109;181m██[38;2;143;49;96m██[38;2;242;90;120m██[38;2;242;90;120m██[38;2;242;90;120m██[38;2;242;90;120m██[38;2;143;49;96m██                          [38;2;12;12;12m██[38;2;12;12;12m██[38;2;76;60;111m██[38;2;55;52;61m██[38;2;55;52;61m██[38;2;55;52;61m██[38;2;55;52;61m██[38;2;55;52;61m██[38;2;55;52;61m██[38;2;55;52;61m██[38;2;55;52;61m██[38;2;55;52;61m██[38;2;55;52;61m██[38;2;55;52;61m██[38;2;12;12;12m██[38;2;12;12;12m██[38;2;164;109;181m██[38;2;119;91;146m██[38;2;12;12;12m██              
                      [38;2;36;35;46m██[38;2;80;75;84m██[38;2;55;52;61m██[38;2;164;109;181m██[38;2;222;160;231m██[38;2;222;160;231m██[38;2;222;160;231m██[38;2;222;160;231m██[38;2;164;109;181m██[38;2;55;52;61m██[38;2;164;109;181m██[38;2;164;109;181m██[38;2;164;109;181m██[38;2;143;49;96m██[38;2;242;90;120m██[38;2;242;90;120m██[38;2;242;90;120m██[38;2;242;90;120m██[38;2;143;49;96m██[38;2;163;158;200m██[38;2;163;158;200m██[38;2;163;158;200m██                  [38;2;12;12;12m██[38;2;12;12;12m██[38;2;119;91;146m██[38;2;76;60;111m██[38;2;76;60;111m██[38;2;76;60;111m██[38;2;36;35;46m██[38;2;55;52;61m██[38;2;55;52;61m██[38;2;55;52;61m██[38;2;55;52;61m██[38;2;55;52;61m██[38;2;55;52;61m██[38;2;55;52;61m██[38;2;55;52;61m██[38;2;55;52;61m██[38;2;12;12;12m██[38;2;164;109;181m██[38;2;143;49;96m██[38;2;119;91;146m██[38;2;12;12;12m██            
                      [38;2;36;35;46m██[38;2;80;75;84m██[38;2;55;52;61m██[38;2;222;160;231m██[38;2;207;61;102m██[38;2;222;160;231m██[38;2;222;160;231m██[38;2;207;61;102m██[38;2;222;160;231m██[38;2;164;109;181m██[38;2;164;109;181m██[38;2;164;109;181m██[38;2;164;109;181m██[38;2;119;91;146m██[38;2;143;49;96m██[38;2;242;90;120m██[38;2;242;90;120m██[38;2;242;90;120m██[38;2;143;49;96m██[38;2;235;233;250m██[38;2;235;233;250m██[38;2;235;233;250m██[38;2;163;158;200m██[38;2;163;158;200m██[38;2;163;158;200m██[38;2;163;158;200m██      [38;2;36;35;46m██[38;2;36;35;46m██[38;2;222;160;231m██[38;2;242;90;120m██[38;2;164;109;181m██[38;2;119;91;146m██[38;2;36;35;46m██[38;2;12;12;12m██[38;2;76;60;111m██[38;2;76;60;111m██[38;2;55;52;61m██[38;2;55;52;61m██[38;2;55;52;61m██[38;2;55;52;61m██[38;2;55;52;61m██[38;2;55;52;61m██[38;2;55;52;61m██[38;2;55;52;61m██[38;2;55;52;61m██[38;2;12;12;12m██[38;2;164;109;181m██[38;2;164;109;181m██[38;2;12;12;12m██            
                      [38;2;36;35;46m██[38;2;80;75;84m██[38;2;55;52;61m██[38;2;207;61;102m██[38;2;242;90;120m██[38;2;222;160;231m██[38;2;222;160;231m██[38;2;242;90;120m██[38;2;207;61;102m██[38;2;222;160;231m██[38;2;164;109;181m██[38;2;164;109;181m██[38;2;164;109;181m██[38;2;164;109;181m██[38;2;143;49;96m██[38;2;242;90;120m██[38;2;242;90;120m██[38;2;143;49;96m██[38;2;235;233;250m██[38;2;235;233;250m██[38;2;235;233;250m██[38;2;235;233;250m██[38;2;235;233;250m██[38;2;235;233;250m██[38;2;235;233;250m██[38;2;235;233;250m██[38;2;163;158;200m██[38;2;163;158;200m██[38;2;163;158;200m██[38;2;163;158;200m██[38;2;163;158;200m██[38;2;36;35;46m██[38;2;36;35;46m██[38;2;36;35;46m██[38;2;12;12;12m██[38;2;164;109;181m██[38;2;164;109;181m██[38;2;119;91;146m██[38;2;119;91;146m██[38;2;76;60;111m██[38;2;76;60;111m██[38;2;36;35;46m██[38;2;55;52;61m██[38;2;55;52;61m██[38;2;55;52;61m██[38;2;55;52;61m██[38;2;55;52;61m██[38;2;55;52;61m██[38;2;12;12;12m██[38;2;164;109;181m██[38;2;164;109;181m██[38;2;12;12;12m██            
                      [38;2;36;35;46m██[38;2;80;75;84m██[38;2;55;52;61m██[38;2;164;109;181m██[38;2;222;160;231m██[38;2;222;160;231m██[38;2;222;160;231m██[38;2;222;160;231m██[38;2;222;160;231m██[38;2;164;109;181m██[38;2;164;109;181m██[38;2;164;109;181m██[38;2;164;109;181m██[38;2;164;109;181m██[38;2;143;49;96m██[38;2;242;90;120m██[38;2;242;90;120m██[38;2;143;49;96m██[38;2;235;233;250m██[38;2;235;233;250m██[38;2;235;233;250m██[38;2;235;233;250m██[38;2;235;233;250m██[38;2;235;233;250m██[38;2;235;233;250m██[38;2;235;233;250m██[38;2;235;233;250m██[38;2;235;233;250m██[38;2;235;233;250m██[38;2;235;233;250m██[38;2;235;233;250m██[38;2;235;233;250m██[38;2;235;233;250m██[38;2;12;12;12m██[38;2;164;109;181m██[38;2;164;109;181m██[38;2;143;49;96m██[38;2;164;109;181m██[38;2;164;109;181m██[38;2;119;91;146m██[38;2;76;60;111m██[38;2;12;12;12m██[38;2;55;52;61m██[38;2;55;52;61m██[38;2;55;52;61m██[38;2;36;35;46m██[38;2;55;52;61m██[38;2;55;52;61m██[38;2;55;52;61m██[38;2;12;12;12m██[38;2;164;109;181m██[38;2;12;12;12m██            
                        [38;2;36;35;46m██[38;2;80;75;84m██[38;2;55;52;61m██[38;2;222;160;231m██[38;2;222;160;231m██[38;2;222;160;231m██[38;2;222;160;231m██[38;2;164;109;181m██[38;2;55;52;61m██[38;2;164;109;181m██[38;2;164;109;181m██[38;2;164;109;181m██[38;2;164;109;181m██[38;2;143;49;96m██[38;2;242;90;120m██[38;2;242;90;120m██[38;2;143;49;96m██[38;2;235;233;250m██[38;2;235;233;250m██[38;2;235;233;250m██[38;2;235;233;250m██[38;2;235;233;250m██[38;2;235;233;250m██[38;2;235;233;250m██[38;2;235;233;250m██[38;2;235;233;250m██[38;2;235;233;250m██[38;2;235;233;250m██[38;2;163;158;200m██[38;2;163;158;200m██[38;2;163;158;200m██[38;2;163;158;200m██[38;2;163;158;200m██[38;2;12;12;12m██[38;2;12;12;12m██[38;2;164;109;181m██[38;2;164;109;181m██[38;2;164;109;181m██[38;2;12;12;12m██[38;2;163;158;200m██[38;2;12;12;12m██[38;2;76;60;111m██[38;2;55;52;61m██[38;2;55;52;61m██[38;2;36;35;46m██[38;2;55;52;61m██[38;2;55;52;61m██[38;2;55;52;61m██[38;2;12;12;12m██[38;2;164;109;181m██[38;2;12;12;12m██            
                        [38;2;36;35;46m██[38;2;80;75;84m██[38;2;80;75;84m██[38;2;164;109;181m██[38;2;222;160;231m██[38;2;222;160;231m██[38;2;164;109;181m██[38;2;55;52;61m██[38;2;119;91;146m██[38;2;164;109;181m██[38;2;164;109;181m██[38;2;164;109;181m██[38;2;119;91;146m██[38;2;143;49;96m██[38;2;242;90;120m██[38;2;143;49;96m██[38;2;163;158;200m██[38;2;163;158;200m██[38;2;235;233;250m██[38;2;235;233;250m██[38;2;235;233;250m██[38;2;235;233;250m██[38;2;235;233;250m██[38;2;235;233;250m██[38;2;163;158;200m██[38;2;163;158;200m██[38;2;163;158;200m██[38;2;163;158;200m██[38;2;163;158;200m██[38;2;163;158;200m██[38;2;163;158;200m██[38;2;163;158;200m██[38;2;163;158;200m██[38;2;163;158;200m██[38;2;163;158;200m██[38;2;12;12;12m██[38;2;12;12;12m██[38;2;12;12;12m██[38;2;163;158;200m██[38;2;163;158;200m██[38;2;12;12;12m██[38;2;119;91;146m██[38;2;76;60;111m██[38;2;76;60;111m██[38;2;36;35;46m██[38;2;55;52;61m██[38;2;55;52;61m██[38;2;55;52;61m██[38;2;55;52;61m██[38;2;12;12;12m██[38;2;12;12;12m██            
                          [38;2;36;35;46m██[38;2;80;75;84m██[38;2;55;52;61m██[38;2;55;52;61m██[38;2;55;52;61m██[38;2;55;52;61m██[38;2;55;52;61m██[38;2;164;109;181m██[38;2;164;109;181m██[38;2;164;109;181m██[38;2;164;109;181m██[38;2;143;49;96m██[38;2;242;90;120m██[38;2;242;90;120m██[38;2;12;12;12m██[38;2;163;158;200m██[38;2;163;158;200m██[38;2;163;158;200m██[38;2;163;158;200m██[38;2;163;158;200m██[38;2;163;158;200m██[38;2;163;158;200m██[38;2;163;158;200m██[38;2;163;158;200m██[38;2;163;158;200m██[38;2;163;158;200m██[38;2;163;158;200m██[38;2;163;158;200m██[38;2;163;158;200m██[38;2;163;158;200m██[38;2;163;158;200m██[38;2;163;158;200m██[38;2;163;158;200m██[38;2;163;158;200m██[38;2;163;158;200m██[38;2;163;158;200m██[38;2;163;158;200m██[38;2;163;158;200m██[38;2;12;12;12m██[38;2;164;109;181m██[38;2;164;109;181m██[38;2;119;91;146m██[38;2;119;91;146m██[38;2;36;35;46m██[38;2;55;52;61m██[38;2;55;52;61m██[38;2;36;35;46m██[38;2;55;52;61m██[38;2;12;12;12m██              
              [38;2;30;28;71m██[38;2;30;28;71m██[38;2;30;28;71m██        [38;2;36;35;46m██[38;2;80;75;84m██[38;2;80;75;84m██[38;2;80;75;84m██[38;2;55;52;61m██[38;2;119;91;146m██[38;2;164;109;181m██[38;2;164;109;181m██[38;2;164;109;181m██[38;2;164;109;181m██[38;2;143;49;96m██[38;2;242;90;120m██[38;2;242;90;120m██[38;2;12;12;12m██[38;2;163;158;200m██[38;2;163;158;200m██[38;2;163;158;200m██[38;2;163;158;200m██[38;2;163;158;200m██[38;2;163;158;200m██[38;2;55;52;61m██[38;2;55;52;61m██[38;2;55;52;61m██[38;2;163;158;200m██[38;2;163;158;200m██[38;2;163;158;200m██[38;2;163;158;200m██[38;2;163;158;200m██[38;2;163;158;200m██[38;2;163;158;200m██[38;2;163;158;200m██[38;2;163;158;200m██[38;2;163;158;200m██[38;2;163;158;200m██[38;2;163;158;200m██[38;2;163;158;200m██[38;2;163;158;200m██[38;2;12;12;12m██[38;2;164;109;181m██[38;2;143;49;96m██[38;2;164;109;181m██[38;2;12;12;12m██[38;2;76;60;111m██[38;2;76;60;111m██[38;2;55;52;61m██[38;2;36;35;46m██[38;2;55;52;61m██[38;2;12;12;12m██              
            [38;2;30;28;71m██[38;2;76;60;111m██[38;2;76;60;111m██[38;2;76;60;111m██[38;2;30;28;71m██[38;2;30;28;71m██      [38;2;36;35;46m██[38;2;80;75;84m██[38;2;80;75;84m██[38;2;55;52;61m██[38;2;164;109;181m██[38;2;119;91;146m██[38;2;164;109;181m██[38;2;164;109;181m██[38;2;119;91;146m██[38;2;143;49;96m██[38;2;242;90;120m██[38;2;143;49;96m██[38;2;163;158;200m██[38;2;163;158;200m██[38;2;163;158;200m██[38;2;163;158;200m██[38;2;163;158;200m██[38;2;163;158;200m██[38;2;12;12;12m██[38;2;80;75;84m██[38;2;80;75;84m██[38;2;80;75;84m██[38;2;80;75;84m██[38;2;55;52;61m██[38;2;163;158;200m██[38;2;163;158;200m██[38;2;163;158;200m██[38;2;163;158;200m██[38;2;163;158;200m██[38;2;163;158;200m██[38;2;163;158;200m██[38;2;163;158;200m██[38;2;163;158;200m██[38;2;163;158;200m██[38;2;163;158;200m██[38;2;163;158;200m██[38;2;12;12;12m██[38;2;12;12;12m██[38;2;164;109;181m██[38;2;164;109;181m██[38;2;12;12;12m██[38;2;119;91;146m██[38;2;119;91;146m██[38;2;76;60;111m██[38;2;36;35;46m██[38;2;55;52;61m██[38;2;55;52;61m██[38;2;12;12;12m██            
          [38;2;30;28;71m██[38;2;76;60;111m██[38;2;76;60;111m██[38;2;76;60;111m██[38;2;76;60;111m██[38;2;76;60;111m██[38;2;76;60;111m██[38;2;30;28;71m██    [38;2;36;35;46m██[38;2;55;52;61m██[38;2;55;52;61m██[38;2;119;91;146m██[38;2;119;91;146m██[38;2;164;109;181m██[38;2;119;91;146m██[38;2;164;109;181m██[38;2;143;49;96m██[38;2;242;90;120m██[38;2;242;90;120m██[38;2;12;12;12m██[38;2;163;158;200m██[38;2;163;158;200m██[38;2;163;158;200m██[38;2;163;158;200m██[38;2;163;158;200m██[38;2;163;158;200m██[38;2;12;12;12m██[38;2;80;75;84m██[38;2;80;75;84m██[38;2;80;75;84m██[38;2;80;75;84m██[38;2;80;75;84m██[38;2;55;52;61m██[38;2;163;158;200m██[38;2;163;158;200m██[38;2;163;158;200m██[38;2;163;158;200m██[38;2;163;158;200m██[38;2;163;158;200m██[38;2;163;158;200m██[38;2;163;158;200m██[38;2;163;158;200m██[38;2;163;158;200m██[38;2;163;158;200m██[38;2;163;158;200m██[38;2;163;158;200m██[38;2;12;12;12m██[38;2;12;12;12m██[38;2;12;12;12m██[38;2;12;12;12m██[38;2;119;91;146m██[38;2;119;91;146m██[38;2;76;60;111m██[38;2;36;35;46m██[38;2;55;52;61m██[38;2;12;12;12m██            
        [38;2;30;28;71m██[38;2;76;60;111m██[38;2;76;60;111m██[38;2;76;60;111m██[38;2;76;60;111m██[38;2;76;60;111m██[38;2;76;60;111m██[38;2;76;60;111m██[38;2;76;60;111m██[38;2;30;28;71m██[38;2;30;28;71m██[38;2;76;60;111m██[38;2;119;91;146m██[38;2;119;91;146m██[38;2;119;91;146m██[38;2;164;109;181m██[38;2;119;91;146m██[38;2;164;109;181m██[38;2;119;91;146m██[38;2;143;49;96m██[38;2;242;90;120m██[38;2;143;49;96m██[38;2;163;158;200m██[38;2;163;158;200m██[38;2;163;158;200m██[38;2;163;158;200m██[38;2;163;158;200m██[38;2;163;158;200m██[38;2;163;158;200m██[38;2;163;158;200m██[38;2;12;12;12m██[38;2;80;75;84m██[38;2;80;75;84m██[38;2;80;75;84m██[38;2;80;75;84m██[38;2;12;12;12m██[38;2;163;158;200m██[38;2;163;158;200m██[38;2;163;158;200m██[38;2;163;158;200m██[38;2;163;158;200m██[38;2;163;158;200m██[38;2;163;158;200m██[38;2;163;158;200m██[38;2;163;158;200m██[38;2;163;158;200m██[38;2;163;158;200m██[38;2;163;158;200m██[38;2;163;158;200m██[38;2;163;158;200m██[38;2;163;158;200m██[38;2;163;158;200m██[38;2;12;12;12m██[38;2;164;109;181m██[38;2;164;109;181m██[38;2;119;91;146m██[38;2;36;35;46m██[38;2;76;60;111m██[38;2;12;12;12m██            
        [38;2;30;28;71m██[38;2;76;60;111m██[38;2;76;60;111m██[38;2;76;60;111m██[38;2;76;60;111m██[38;2;76;60;111m██[38;2;76;60;111m██[38;2;76;60;111m██[38;2;76;60;111m██[38;2;76;60;111m██[38;2;119;91;146m██[38;2;76;60;111m██[38;2;119;91;146m██[38;2;119;91;146m██[38;2;119;91;146m██[38;2;119;91;146m██[38;2;164;109;181m██[38;2;119;91;146m██[38;2;143;49;96m██[38;2;242;90;120m██[38;2;242;90;120m██[38;2;12;12;12m██[38;2;163;158;200m██[38;2;163;158;200m██[38;2;163;158;200m██[38;2;163;158;200m██[38;2;163;158;200m██[38;2;163;158;200m██[38;2;163;158;200m██[38;2;163;158;200m██[38;2;163;158;200m██[38;2;12;12;12m██[38;2;55;52;61m██[38;2;80;75;84m██[38;2;55;52;61m██[38;2;55;52;61m██[38;2;163;158;200m██[38;2;163;158;200m██[38;2;163;158;200m██[38;2;163;158;200m██[38;2;163;158;200m██[38;2;163;158;200m██[38;2;163;158;200m██[38;2;163;158;200m██[38;2;163;158;200m██[38;2;163;158;200m██[38;2;163;158;200m██[38;2;163;158;200m██[38;2;163;158;200m██[38;2;163;158;200m██[38;2;163;158;200m██[38;2;163;158;200m██[38;2;12;12;12m██[38;2;164;109;181m██[38;2;143;49;96m██[38;2;164;109;181m██[38;2;12;12;12m██[38;2;119;91;146m██[38;2;12;12;12m██            
        [38;2;30;28;71m██[38;2;76;60;111m██[38;2;76;60;111m██[38;2;76;60;111m██[38;2;30;28;71m██[38;2;30;28;71m██[38;2;30;28;71m██[38;2;76;60;111m██[38;2;76;60;111m██[38;2;119;91;146m██[38;2;76;60;111m██[38;2;119;91;146m██[38;2;119;91;146m██[38;2;119;91;146m██[38;2;119;91;146m██[38;2;119;91;146m██[38;2;119;91;146m██[38;2;143;49;96m██[38;2;242;90;120m██[38;2;242;90;120m██[38;2;12;12;12m██[38;2;163;158;200m██[38;2;163;158;200m██[38;2;163;158;200m██[38;2;163;158;200m██[38;2;163;158;200m██[38;2;163;158;200m██[38;2;163;158;200m██[38;2;163;158;200m██[38;2;163;158;200m██[38;2;12;12;12m██[38;2;80;75;84m██[38;2;80;75;84m██[38;2;80;75;84m██[38;2;80;75;84m██[38;2;80;75;84m██[38;2;55;52;61m██[38;2;163;158;200m██[38;2;163;158;200m██[38;2;163;158;200m██[38;2;163;158;200m██[38;2;163;158;200m██[38;2;163;158;200m██[38;2;163;158;200m██[38;2;163;158;200m██[38;2;163;158;200m██[38;2;163;158;200m██[38;2;163;158;200m██[38;2;163;158;200m██[38;2;163;158;200m██[38;2;163;158;200m██[38;2;163;158;200m██[38;2;163;158;200m██[38;2;12;12;12m██[38;2;164;109;181m██[38;2;164;109;181m██[38;2;12;12;12m██[38;2;164;109;181m██[38;2;164;109;181m██[38;2;12;12;12m██          
        [38;2;30;28;71m██[38;2;76;60;111m██[38;2;76;60;111m██[38;2;76;60;111m██[38;2;30;28;71m██    [38;2;30;28;71m██[38;2;30;28;71m██[38;2;76;60;111m██[38;2;119;91;146m██[38;2;76;60;111m██[38;2;119;91;146m██[38;2;119;91;146m██[38;2;119;91;146m██[38;2;76;60;111m██[38;2;143;49;96m██[38;2;242;90;120m██[38;2;242;90;120m██[38;2;12;12;12m██[38;2;163;158;200m██[38;2;163;158;200m██[38;2;163;158;200m██[38;2;163;158;200m██[38;2;163;158;200m██[38;2;12;12;12m██[38;2;163;158;200m██[38;2;163;158;200m██[38;2;163;158;200m██[38;2;163;158;200m██[38;2;12;12;12m██[38;2;80;75;84m██[38;2;80;75;84m██[38;2;80;75;84m██[38;2;80;75;84m██[38;2;80;75;84m██[38;2;12;12;12m██[38;2;163;158;200m██[38;2;163;158;200m██[38;2;163;158;200m██[38;2;163;158;200m██[38;2;163;158;200m██[38;2;163;158;200m██[38;2;163;158;200m██[38;2;163;158;200m██[38;2;163;158;200m██[38;2;163;158;200m██[38;2;163;158;200m██[38;2;163;158;200m██[38;2;163;158;200m██[38;2;163;158;200m██[38;2;163;158;200m██[38;2;163;158;200m██[38;2;12;12;12m██[38;2;12;12;12m██[38;2;12;12;12m██[38;2;12;12;12m██[38;2;164;109;181m██[38;2;143;49;96m██[38;2;12;12;12m██          
          [38;2;30;28;71m██[38;2;76;60;111m██[38;2;76;60;111m██[38;2;76;60;111m██[38;2;30;28;71m██      [38;2;30;28;71m██[38;2;30;28;71m██[38;2;76;60;111m██[38;2;119;91;146m██[38;2;76;60;111m██[38;2;143;49;96m██[38;2;143;49;96m██[38;2;242;90;120m██[38;2;242;90;120m██[38;2;12;12;12m██[38;2;163;158;200m██[38;2;163;158;200m██[38;2;163;158;200m██[38;2;163;158;200m██[38;2;163;158;200m██[38;2;163;158;200m██[38;2;12;12;12m██[38;2;163;158;200m██[38;2;163;158;200m██[38;2;163;158;200m██[38;2;163;158;200m██[38;2;163;158;200m██[38;2;12;12;12m██[38;2;80;75;84m██[38;2;80;75;84m██[38;2;80;75;84m██[38;2;80;75;84m██[38;2;12;12;12m██[38;2;163;158;200m██[38;2;163;158;200m██[38;2;163;158;200m██[38;2;163;158;200m██[38;2;163;158;200m██[38;2;163;158;200m██[38;2;163;158;200m██[38;2;163;158;200m██[38;2;163;158;200m██[38;2;163;158;200m██[38;2;163;158;200m██[38;2;163;158;200m██[38;2;163;158;200m██[38;2;163;158;200m██[38;2;163;158;200m██[38;2;163;158;200m██[38;2;163;158;200m██[38;2;163;158;200m██[38;2;103;88;84m██[38;2;163;158;200m██[38;2;12;12;12m██[38;2;164;109;181m██[38;2;12;12;12m██          
            [38;2;30;28;71m██[38;2;30;28;71m██[38;2;76;60;111m██[38;2;76;60;111m██[38;2;30;28;71m██        [38;2;30;28;71m██[38;2;143;49;96m██[38;2;143;49;96m██[38;2;242;90;120m██[38;2;242;90;120m██[38;2;242;90;120m██[38;2;12;12;12m██[38;2;163;158;200m██[38;2;163;158;200m██[38;2;12;12;12m██[38;2;163;158;200m██[38;2;163;158;200m██[38;2;163;158;200m██[38;2;163;158;200m██[38;2;12;12;12m██[38;2;163;158;200m██[38;2;163;158;200m██[38;2;163;158;200m██[38;2;163;158;200m██[38;2;163;158;200m██[38;2;163;158;200m██[38;2;163;158;200m██[38;2;55;52;61m██[38;2;80;75;84m██[38;2;55;52;61m██[38;2;163;158;200m██[38;2;163;158;200m██[38;2;12;12;12m██[38;2;163;158;200m██[38;2;163;158;200m██[38;2;163;158;200m██[38;2;163;158;200m██[38;2;163;158;200m██[38;2;163;158;200m██[38;2;163;158;200m██[38;2;163;158;200m██[38;2;163;158;200m██[38;2;163;158;200m██[38;2;163;158;200m██[38;2;163;158;200m██[38;2;163;158;200m██[38;2;163;158;200m██[38;2;163;158;200m██[38;2;163;158;200m██[38;2;103;88;84m██[38;2;163;158;200m██  [38;2;12;12;12m██[38;2;12;12;12m██          
                [38;2;30;28;71m██[38;2;30;28;71m██[38;2;30;28;71m██[38;2;30;28;71m██    [38;2;143;49;96m██[38;2;143;49;96m██[38;2;242;90;120m██[38;2;242;90;120m██[38;2;242;90;120m██[38;2;12;12;12m██[38;2;12;12;12m██[38;2;163;158;200m██[38;2;163;158;200m██[38;2;163;158;200m██[38;2;163;158;200m██[38;2;12;12;12m██[38;2;12;12;12m██[38;2;163;158;200m██[38;2;163;158;200m██[38;2;12;12;12m██[38;2;163;158;200m██[38;2;163;158;200m██[38;2;163;158;200m██[38;2;163;158;200m██[38;2;163;158;200m██[38;2;12;12;12m██[38;2;80;75;84m██[38;2;80;75;84m██[38;2;80;75;84m██[38;2;80;75;84m██[38;2;55;52;61m██[38;2;163;158;200m██[38;2;12;12;12m██[38;2;163;158;200m██[38;2;163;158;200m██[38;2;163;158;200m██[38;2;163;158;200m██[38;2;163;158;200m██[38;2;163;158;200m██[38;2;163;158;200m██[38;2;163;158;200m██[38;2;163;158;200m██[38;2;163;158;200m██[38;2;163;158;200m██[38;2;163;158;200m██[38;2;163;158;200m██[38;2;163;158;200m██[38;2;163;158;200m██[38;2;163;158;200m██[38;2;12;12;12m██                  
                        [38;2;143;49;96m██[38;2;143;49;96m██[38;2;242;90;120m██[38;2;242;90;120m██[38;2;12;12;12m██[38;2;12;12;12m██[38;2;12;12;12m██[38;2;12;12;12m██[38;2;163;158;200m██[38;2;163;158;200m██[38;2;163;158;200m██[38;2;163;158;200m██[38;2;163;158;200m██[38;2;163;158;200m██[38;2;163;158;200m██[38;2;12;12;12m██[38;2;12;12;12m██[38;2;12;12;12m██[38;2;163;158;200m██[38;2;163;158;200m██[38;2;163;158;200m██[38;2;163;158;200m██[38;2;163;158;200m██[38;2;12;12;12m██[38;2;80;75;84m██[38;2;80;75;84m██[38;2;80;75;84m██[38;2;80;75;84m██[38;2;12;12;12m██[38;2;163;158;200m██[38;2;12;12;12m██[38;2;163;158;200m██[38;2;163;158;200m██[38;2;163;158;200m██[38;2;163;158;200m██[38;2;163;158;200m██[38;2;163;158;200m██[38;2;163;158;200m██[38;2;163;158;200m██[38;2;12;12;12m██[38;2;163;158;200m██[38;2;163;158;200m██[38;2;163;158;200m██[38;2;163;158;200m██[38;2;163;158;200m██[38;2;163;158;200m██[38;2;163;158;200m██[38;2;12;12;12m██                  
                    [38;2;12;12;12m██[38;2;12;12;12m██[38;2;12;12;12m██[38;2;12;12;12m██[38;2;12;12;12m██[38;2;12;12;12m██    [38;2;12;12;12m██[38;2;163;158;200m██[38;2;163;158;200m██[38;2;163;158;200m██[38;2;163;158;200m██[38;2;163;158;200m██[38;2;163;158;200m██[38;2;163;158;200m██[38;2;163;158;200m██[38;2;163;158;200m██[38;2;163;158;200m██[38;2;12;12;12m██[38;2;12;12;12m██[38;2;163;158;200m██[38;2;163;158;200m██[38;2;163;158;200m██[38;2;163;158;200m██[38;2;163;158;200m██[38;2;12;12;12m██[38;2;80;75;84m██[38;2;80;75;84m██[38;2;80;75;84m██[38;2;12;12;12m██[38;2;163;158;200m██[38;2;12;12;12m██[38;2;12;12;12m██[38;2;12;12;12m██[38;2;163;158;200m██[38;2;163;158;200m██[38;2;163;158;200m██[38;2;163;158;200m██[38;2;163;158;200m██[38;2;163;158;200m██[38;2;12;12;12m██[38;2;163;158;200m██[38;2;163;158;200m██[38;2;163;158;200m██[38;2;163;158;200m██[38;2;163;158;200m██[38;2;163;158;200m██[38;2;163;158;200m██[38;2;12;12;12m██                  
                                  [38;2;12;12;12m██[38;2;163;158;200m██[38;2;163;158;200m██[38;2;163;158;200m██[38;2;163;158;200m██[38;2;163;158;200m██[38;2;163;158;200m██[38;2;163;158;200m██[38;2;163;158;200m██[38;2;163;158;200m██[38;2;163;158;200m██[38;2;163;158;200m██[38;2;12;12;12m██[38;2;12;12;12m██[38;2;163;158;200m██[38;2;163;158;200m██[38;2;163;158;200m██[38;2;163;158;200m██[38;2;163;158;200m██[38;2;163;158;200m██[38;2;12;12;12m██[38;2;12;12;12m██[38;2;12;12;12m██[38;2;163;158;200m██[38;2;12;12;12m██      [38;2;12;12;12m██[38;2;12;12;12m██[38;2;12;12;12m██[38;2;12;12;12m██[38;2;12;12;12m██[38;2;12;12;12m██[38;2;12;12;12m██[38;2;163;158;200m██[38;2;163;158;200m██[38;2;163;158;200m██[38;2;163;158;200m██[38;2;163;158;200m██[38;2;163;158;200m██[38;2;163;158;200m██[38;2;12;12;12m██                  
                                  [38;2;12;12;12m██[38;2;163;158;200m██[38;2;163;158;200m██[38;2;163;158;200m██[38;2;163;158;200m██[38;2;163;158;200m██[38;2;163;158;200m██[38;2;163;158;200m██[38;2;163;158;200m██[38;2;163;158;200m██[38;2;163;158;200m██[38;2;12;12;12m██    [38;2;12;12;12m██[38;2;163;158;200m██[38;2;163;158;200m██[38;2;163;158;200m██[38;2;163;158;200m██[38;2;163;158;200m██[38;2;163;158;200m██[38;2;163;158;200m██[38;2;163;158;200m██[38;2;163;158;200m██[38;2;12;12;12m██                [38;2;12;12;12m██[38;2;163;158;200m██[38;2;163;158;200m██[38;2;163;158;200m██[38;2;163;158;200m██[38;2;163;158;200m██[38;2;163;158;200m██[38;2;163;158;200m██[38;2;12;12;12m██                    
                                [38;2;12;12;12m██[38;2;163;158;200m██[38;2;163;158;200m██[38;2;163;158;200m██[38;2;163;158;200m██[38;2;163;158;200m██[38;2;163;158;200m██[38;2;163;158;200m██[38;2;163;158;200m██[38;2;163;158;200m██[38;2;163;158;200m██[38;2;12;12;12m██      [38;2;12;12;12m██[38;2;163;158;200m██[38;2;163;158;200m██[38;2;163;158;200m██[38;2;163;158;200m██[38;2;163;158;200m██[38;2;163;158;200m██[38;2;163;158;200m██[38;2;163;158;200m██[38;2;163;158;200m██[38;2;12;12;12m██                [38;2;12;12;12m██[38;2;163;158;200m██[38;2;163;158;200m██[38;2;12;12;12m██[38;2;163;158;200m██[38;2;163;158;200m██[38;2;163;158;200m██[38;2;163;158;200m██[38;2;12;12;12m██                    
                                [38;2;12;12;12m██[38;2;163;158;200m██[38;2;163;158;200m██[38;2;163;158;200m██[38;2;163;158;200m██[38;2;163;158;200m██[38;2;163;158;200m██[38;2;163;158;200m██[38;2;163;158;200m██[38;2;12;12;12m██[38;2;12;12;12m██        [38;2;12;12;12m██[38;2;163;158;200m██[38;2;163;158;200m██[38;2;163;158;200m██[38;2;163;158;200m██[38;2;163;158;200m██[38;2;163;158;200m██[38;2;163;158;200m██[38;2;163;158;200m██[38;2;12;12;12m██                [38;2;12;12;12m██[38;2;163;158;200m██[38;2;12;12;12m██[38;2;163;158;200m██[38;2;12;12;12m██[38;2;163;158;200m██[38;2;12;12;12m██[38;2;163;158;200m██[38;2;163;158;200m██[38;2;12;12;12m██                    
                              [38;2;12;12;12m██[38;2;163;158;200m██[38;2;163;158;200m██[38;2;163;158;200m██[38;2;163;158;200m██[38;2;163;158;200m██[38;2;163;158;200m██[38;2;163;158;200m██[38;2;12;12;12m██[38;2;12;12;12m██          [38;2;12;12;12m██[38;2;163;158;200m██[38;2;163;158;200m██[38;2;163;158;200m██[38;2;163;158;200m██[38;2;163;158;200m██[38;2;163;158;200m██[38;2;163;158;200m██[38;2;163;158;200m██[38;2;163;158;200m██[38;2;12;12;12m██[38;2;143;49;96m██[38;2;143;49;96m██            [38;2;12;12;12m██[38;2;12;12;12m██[38;2;12;12;12m██[38;2;163;158;200m██[38;2;12;12;12m██[38;2;12;12;12m██[38;2;207;61;102m██[38;2;12;12;12m██[38;2;12;12;12m██[38;2;12;12;12m██                    
                              [38;2;12;12;12m██[38;2;163;158;200m██[38;2;163;158;200m██[38;2;163;158;200m██[38;2;163;158;200m██[38;2;163;158;200m██[38;2;163;158;200m██[38;2;12;12;12m██            [38;2;12;12;12m██[38;2;163;158;200m██[38;2;163;158;200m██[38;2;163;158;200m██[38;2;163;158;200m██[38;2;163;158;200m██[38;2;163;158;200m██[38;2;163;158;200m██[38;2;163;158;200m██[38;2;163;158;200m██[38;2;12;12;12m██[38;2;207;61;102m██[38;2;207;61;102m██[38;2;12;12;12m██                [38;2;12;12;12m██[38;2;12;12;12m██[38;2;207;61;102m██[38;2;207;61;102m██[38;2;207;61;102m██[38;2;207;61;102m██[38;2;12;12;12m██                      
                              [38;2;12;12;12m██[38;2;163;158;200m██[38;2;163;158;200m██[38;2;163;158;200m██[38;2;163;158;200m██[38;2;163;158;200m██[38;2;163;158;200m██[38;2;12;12;12m██            [38;2;12;12;12m██[38;2;163;158;200m██[38;2;163;158;200m██[38;2;163;158;200m██[38;2;163;158;200m██[38;2;163;158;200m██[38;2;163;158;200m██[38;2;163;158;200m██[38;2;163;158;200m██[38;2;12;12;12m██[38;2;207;61;102m██[38;2;12;12;12m██[38;2;12;12;12m██                    [38;2;12;12;12m██[38;2;207;61;102m██[38;2;207;61;102m██[38;2;207;61;102m██[38;2;207;61;102m██[38;2;12;12;12m██[38;2;143;49;96m██[38;2;143;49;96m██[38;2;143;49;96m██                
                              [38;2;12;12;12m██[38;2;163;158;200m██[38;2;163;158;200m██[38;2;163;158;200m██[38;2;163;158;200m██[38;2;163;158;200m██[38;2;12;12;12m██            [38;2;12;12;12m██[38;2;163;158;200m██[38;2;163;158;200m██[38;2;163;158;200m██[38;2;163;158;200m██[38;2;163;158;200m██[38;2;163;158;200m██[38;2;163;158;200m██[38;2;12;12;12m██[38;2;12;12;12m██[38;2;207;61;102m██[38;2;207;61;102m██[38;2;12;12;12m██                      [38;2;12;12;12m██[38;2;143;49;96m██[38;2;207;61;102m██[38;2;207;61;102m██[38;2;207;61;102m██[38;2;207;61;102m██[38;2;207;61;102m██[38;2;207;61;102m██[38;2;12;12;12m██                
                                [38;2;12;12;12m██[38;2;163;158;200m██[38;2;163;158;200m██[38;2;163;158;200m██[38;2;163;158;200m██[38;2;12;12;12m██            [38;2;12;12;12m██[38;2;163;158;200m██[38;2;163;158;200m██[38;2;163;158;200m██[38;2;163;158;200m██[38;2;163;158;200m██[38;2;163;158;200m██[38;2;12;12;12m██[38;2;12;12;12m██[38;2;207;61;102m██[38;2;207;61;102m██[38;2;207;61;102m██[38;2;12;12;12m██[38;2;143;49;96m██[38;2;143;49;96m██[38;2;143;49;96m██                  [38;2;12;12;12m██[38;2;207;61;102m██[38;2;207;61;102m██[38;2;207;61;102m██[38;2;207;61;102m██[38;2;12;12;12m██[38;2;12;12;12m██                  
                                [38;2;12;12;12m██[38;2;163;158;200m██[38;2;163;158;200m██[38;2;163;158;200m██[38;2;163;158;200m██[38;2;12;12;12m██            [38;2;12;12;12m██[38;2;163;158;200m██[38;2;163;158;200m██[38;2;163;158;200m██[38;2;163;158;200m██[38;2;163;158;200m██[38;2;163;158;200m██[38;2;12;12;12m██[38;2;12;12;12m██[38;2;143;49;96m██[38;2;207;61;102m██[38;2;207;61;102m██[38;2;207;61;102m██[38;2;207;61;102m██[38;2;207;61;102m██[38;2;12;12;12m██                  [38;2;12;12;12m██[38;2;143;49;96m██[38;2;207;61;102m██[38;2;207;61;102m██[38;2;207;61;102m██[38;2;12;12;12m██                    
                                [38;2;12;12;12m██[38;2;163;158;200m██[38;2;163;158;200m██[38;2;163;158;200m██[38;2;163;158;200m██[38;2;12;12;12m██[38;2;55;52;61m██            [38;2;12;12;12m██[38;2;163;158;200m██[38;2;163;158;200m██[38;2;163;158;200m██[38;2;163;158;200m██[38;2;163;158;200m██[38;2;12;12;12m██  [38;2;12;12;12m██[38;2;207;61;102m██[38;2;207;61;102m██[38;2;207;61;102m██[38;2;207;61;102m██[38;2;12;12;12m██    [38;2;12;12;12m██[38;2;143;49;96m██[38;2;143;49;96m██[38;2;143;49;96m██          [38;2;12;12;12m██[38;2;207;61;102m██[38;2;207;61;102m██[38;2;207;61;102m██[38;2;12;12;12m██[38;2;143;49;96m██[38;2;143;49;96m██[38;2;143;49;96m██              
                                  [38;2;12;12;12m██[38;2;163;158;200m██[38;2;163;158;200m██[38;2;163;158;200m██[38;2;163;158;200m██[38;2;80;75;84m██[38;2;55;52;61m██          [38;2;12;12;12m██[38;2;163;158;200m██[38;2;163;158;200m██[38;2;163;158;200m██[38;2;163;158;200m██[38;2;163;158;200m██[38;2;12;12;12m██  [38;2;12;12;12m██[38;2;143;49;96m██[38;2;143;49;96m██[38;2;207;61;102m██[38;2;100;33;84m██[38;2;100;33;84m██[38;2;143;49;96m██[38;2;143;49;96m██[38;2;207;61;102m██[38;2;207;61;102m██[38;2;207;61;102m██[38;2;207;61;102m██[38;2;143;49;96m██        [38;2;12;12;12m██[38;2;143;49;96m██[38;2;207;61;102m██[38;2;207;61;102m██[38;2;207;61;102m██[38;2;207;61;102m██[38;2;207;61;102m██[38;2;12;12;12m██              
                                  [38;2;12;12;12m██[38;2;163;158;200m██[38;2;163;158;200m██[38;2;163;158;200m██[38;2;163;158;200m██[38;2;163;158;200m██[38;2;12;12;12m██[38;2;12;12;12m██[38;2;12;12;12m██      [38;2;12;12;12m██[38;2;163;158;200m██[38;2;163;158;200m██[38;2;163;158;200m██[38;2;163;158;200m██[38;2;163;158;200m██[38;2;12;12;12m██  [38;2;12;12;12m██[38;2;207;61;102m██[38;2;207;61;102m██[38;2;143;49;96m██[38;2;207;61;102m██[38;2;207;61;102m██[38;2;100;33;84m██[38;2;207;61;102m██[38;2;207;61;102m██[38;2;207;61;102m██[38;2;207;61;102m██[38;2;207;61;102m██[38;2;207;61;102m██[38;2;143;49;96m██        [38;2;12;12;12m██[38;2;207;61;102m██[38;2;207;61;102m██[38;2;207;61;102m██[38;2;207;61;102m██[38;2;12;12;12m██    [38;2;12;12;12m██[38;2;143;49;96m██[38;2;143;49;96m██[38;2;143;49;96m██    
                                  [38;2;12;12;12m██[38;2;163;158;200m██[38;2;163;158;200m██[38;2;163;158;200m██[38;2;163;158;200m██[38;2;163;158;200m██[38;2;163;158;200m██[38;2;163;158;200m██[38;2;163;158;200m██[38;2;12;12;12m██      [38;2;12;12;12m██[38;2;163;158;200m██[38;2;163;158;200m██[38;2;163;158;200m██[38;2;163;158;200m██[38;2;12;12;12m██[38;2;55;52;61m██[38;2;55;52;61m██[38;2;207;61;102m██[38;2;207;61;102m██[38;2;100;33;84m██[38;2;207;61;102m██[38;2;207;61;102m██[38;2;207;61;102m██[38;2;100;33;84m██[38;2;12;12;12m██[38;2;12;12;12m██[38;2;12;12;12m██[38;2;12;12;12m██[38;2;207;61;102m██[38;2;143;49;96m██        [38;2;12;12;12m██[38;2;143;49;96m██[38;2;143;49;96m██[38;2;207;61;102m██[38;2;100;33;84m██[38;2;100;33;84m██[38;2;143;49;96m██[38;2;143;49;96m██[38;2;207;61;102m██[38;2;207;61;102m██[38;2;207;61;102m██[38;2;207;61;102m██[38;2;143;49;96m██  
                                  [38;2;12;12;12m██[38;2;163;158;200m██[38;2;163;158;200m██[38;2;163;158;200m██[38;2;163;158;200m██[38;2;163;158;200m██[38;2;163;158;200m██[38;2;163;158;200m██[38;2;163;158;200m██[38;2;12;12;12m██      [38;2;12;12;12m██[38;2;163;158;200m██[38;2;163;158;200m██[38;2;163;158;200m██[38;2;163;158;200m██[38;2;163;158;200m██[38;2;80;75;84m██[38;2;80;75;84m██[38;2;55;52;61m██[38;2;12;12;12m██[38;2;12;12;12m██[38;2;12;12;12m██[38;2;12;12;12m██[38;2;12;12;12m██[38;2;12;12;12m██        [38;2;12;12;12m██[38;2;12;12;12m██      [38;2;12;12;12m██[38;2;207;61;102m██[38;2;207;61;102m██[38;2;207;61;102m██[38;2;143;49;96m██[38;2;207;61;102m██[38;2;207;61;102m██[38;2;100;33;84m██[38;2;207;61;102m██[38;2;207;61;102m██[38;2;207;61;102m██[38;2;207;61;102m██[38;2;207;61;102m██[38;2;207;61;102m██[38;2;143;49;96m██
                                  [38;2;12;12;12m██[38;2;55;52;61m██[38;2;163;158;200m██[38;2;163;158;200m██[38;2;163;158;200m██[38;2;163;158;200m██[38;2;163;158;200m██[38;2;163;158;200m██[38;2;163;158;200m██[38;2;12;12;12m██      [38;2;12;12;12m██[38;2;163;158;200m██[38;2;163;158;200m██[38;2;163;158;200m██[38;2;163;158;200m██[38;2;163;158;200m██[38;2;163;158;200m██[38;2;163;158;200m██[38;2;163;158;200m██[38;2;12;12;12m██[38;2;12;12;12m██                        [38;2;12;12;12m██[38;2;207;61;102m██[38;2;207;61;102m██[38;2;207;61;102m██[38;2;207;61;102m██[38;2;100;33;84m██[38;2;207;61;102m██[38;2;207;61;102m██[38;2;207;61;102m██[38;2;100;33;84m██[38;2;12;12;12m██[38;2;12;12;12m██[38;2;12;12;12m██[38;2;12;12;12m██[38;2;207;61;102m██[38;2;143;49;96m██
                                [38;2;12;12;12m██[38;2;80;75;84m██[38;2;55;52;61m██[38;2;55;52;61m██[38;2;163;158;200m██[38;2;163;158;200m██[38;2;12;12;12m██[38;2;12;12;12m██[38;2;12;12;12m██[38;2;12;12;12m██        [38;2;12;12;12m██[38;2;163;158;200m██[38;2;163;158;200m██[38;2;163;158;200m██[38;2;163;158;200m██[38;2;163;158;200m██[38;2;163;158;200m██[38;2;163;158;200m██[38;2;163;158;200m██[38;2;163;158;200m██[38;2;163;158;200m██[38;2;12;12;12m██                      [38;2;12;12;12m██[38;2;207;61;102m██[38;2;12;12;12m██[38;2;12;12;12m██[38;2;12;12;12m██[38;2;12;12;12m██[38;2;12;12;12m██[38;2;12;12;12m██[38;2;12;12;12m██[38;2;12;12;12m██        [38;2;12;12;12m██[38;2;12;12;12m██
                                [38;2;12;12;12m██[38;2;12;12;12m██[38;2;12;12;12m██[38;2;12;12;12m██[38;2;12;12;12m██[38;2;12;12;12m██                [38;2;12;12;12m██[38;2;163;158;200m██[38;2;163;158;200m██[38;2;163;158;200m██[38;2;163;158;200m██[38;2;163;158;200m██[38;2;163;158;200m██[38;2;163;158;200m██[38;2;163;158;200m██[38;2;163;158;200m██[38;2;163;158;200m██[38;2;12;12;12m██                      [38;2;12;12;12m██[38;2;12;12;12m██                            
                                                            [38;2;12;12;12m██[38;2;55;52;61m██[38;2;163;158;200m██[38;2;163;158;200m██[38;2;163;158;200m██[38;2;163;158;200m██[38;2;163;158;200m██[38;2;163;158;200m██[38;2;163;158;200m██[38;2;163;158;200m██[38;2;163;158;200m██[38;2;12;12;12m██                                                      
                                                          [38;2;12;12;12m██[38;2;80;75;84m██[38;2;55;52;61m██[38;2;55;52;61m██[38;2;163;158;200m██[38;2;163;158;200m██[38;2;163;158;200m██[38;2;12;12;12m██[38;2;12;12;12m██[38;2;12;12;12m██[38;2;12;12;12m██[38;2;12;12;12m██                                                        
                                                          [38;2;12;12;12m██[38;2;12;12;12m██[38;2;12;12;12m██[38;2;12;12;12m██[38;2;12;12;12m██[38;2;12;12;12m██[38;2;12;12;12m██                                                                  
