                                                  [38;2;66;62;74m██                                
                                                [38;2;34;29;35m██[38;2;192;205;209m██[38;2;66;62;74m██                              
                                              [38;2;34;29;35m██[38;2;151;153;183m██[38;2;192;205;209m██[38;2;66;62;74m██                              
                                        [38;2;123;89;87m██[38;2;123;89;87m██[38;2;78;49;48m██[38;2;151;153;183m██[38;2;151;153;183m██[38;2;192;205;209m██[38;2;192;205;209m██[38;2;66;62;74m██                            
                                    [38;2;32;18;16m██[38;2;32;18;16m██[38;2;198;159;155m██[38;2;198;159;155m██[38;2;66;62;74m██[38;2;151;153;183m██[38;2;151;153;183m██[38;2;192;205;209m██[38;2;192;205;209m██[38;2;66;62;74m██                            
                                  [38;2;32;18;16m██[38;2;78;49;48m██[38;2;78;49;48m██[38;2;198;159;155m██[38;2;177;139;129m██[38;2;66;62;74m██[38;2;34;29;35m██[38;2;151;153;183m██[38;2;151;153;183m██[38;2;151;153;183m██[38;2;66;62;74m██[38;2;66;62;74m██                          
                        [38;2;123;89;87m██[38;2;123;89;87m██[38;2;123;89;87m██[38;2;123;89;87m██[38;2;32;18;16m██[38;2;78;49;48m██[38;2;78;49;48m██[38;2;123;89;87m██[38;2;177;139;129m██[38;2;123;89;87m██[38;2;123;89;87m██[38;2;66;62;74m██[38;2;34;29;35m██[38;2;34;29;35m██[38;2;34;29;35m██[38;2;66;62;74m██[38;2;123;89;87m██[38;2;66;62;74m██                        
                    [38;2;78;49;48m██[38;2;123;89;87m██[38;2;198;159;155m██[38;2;198;159;155m██[38;2;198;159;155m██[38;2;177;139;129m██[38;2;78;49;48m██[38;2;123;89;87m██[38;2;177;139;129m██[38;2;177;139;129m██[38;2;177;139;129m██[38;2;123;89;87m██[38;2;123;89;87m██[38;2;198;159;155m██[38;2;123;89;87m██[38;2;66;62;74m██[38;2;123;89;87m██[38;2;198;159;155m██[38;2;198;159;155m██[38;2;66;62;74m██                        
          [38;2;32;18;16m██[38;2;32;18;16m██[38;2;32;18;16m██[38;2;32;18;16m██[38;2;32;18;16m██[38;2;123;89;87m██[38;2;198;159;155m██[38;2;177;139;129m██[38;2;177;139;129m██[38;2;177;139;129m██[38;2;177;139;129m██[38;2;177;139;129m██[38;2;177;139;129m██[38;2;177;139;129m██[38;2;177;139;129m██[38;2;177;139;129m██[38;2;78;49;48m██[38;2;78;49;48m██[38;2;78;49;48m██[38;2;177;139;129m██[38;2;177;139;129m██[38;2;198;159;155m██[38;2;198;159;155m██[38;2;123;89;87m██[38;2;66;62;74m██                        
        [38;2;32;18;16m██[38;2;65;37;33m██[38;2;78;49;48m██[38;2;78;49;48m██[38;2;78;49;48m██[38;2;123;89;87m██[38;2;177;139;129m██[38;2;177;139;129m██[38;2;177;139;129m██[38;2;177;139;129m██[38;2;177;139;129m██[38;2;177;139;129m██[38;2;177;139;129m██[38;2;177;139;129m██[38;2;177;139;129m██[38;2;177;139;129m██[38;2;177;139;129m██[38;2;78;49;48m██[38;2;78;49;48m██[38;2;123;89;87m██[38;2;177;139;129m██[38;2;177;139;129m██[38;2;78;49;48m██[38;2;78;49;48m██[38;2;123;89;87m██[38;2;66;62;74m██                        
  [38;2;66;62;74m██[38;2;66;62;74m██[38;2;32;18;16m██[38;2;65;37;33m██[38;2;198;159;155m██[38;2;78;49;48m██[38;2;78;49;48m██[38;2;78;49;48m██[38;2;177;139;129m██[38;2;177;139;129m██[38;2;177;139;129m██[38;2;177;139;129m██[38;2;177;139;129m██[38;2;177;139;129m██[38;2;177;139;129m██[38;2;177;139;129m██[38;2;177;139;129m██[38;2;177;139;129m██[38;2;177;139;129m██[38;2;177;139;129m██[38;2;78;49;48m██[38;2;123;89;87m██[38;2;177;139;129m██[38;2;177;139;129m██[38;2;177;139;129m██[38;2;177;139;129m██[38;2;78;49;48m██[38;2;78;49;48m██[38;2;198;159;155m██[38;2;123;89;87m██                      
[38;2;66;62;74m██[38;2;151;153;183m██[38;2;192;205;209m██[38;2;34;29;35m██[38;2;198;159;155m██[38;2;177;139;129m██[38;2;177;139;129m██[38;2;78;49;48m██[38;2;123;89;87m██[38;2;177;139;129m██[38;2;177;139;129m██[38;2;177;139;129m██[38;2;177;139;129m██[38;2;177;139;129m██[38;2;177;139;129m██[38;2;177;139;129m██[38;2;177;139;129m██[38;2;177;139;129m██[38;2;177;139;129m██[38;2;177;139;129m██[38;2;177;139;129m██[38;2;123;89;87m██[38;2;177;139;129m██[38;2;177;139;129m██[38;2;177;139;129m██[38;2;177;139;129m██[38;2;177;139;129m██[38;2;123;89;87m██[38;2;78;49;48m██[38;2;177;139;129m██[38;2;198;159;155m██[38;2;123;89;87m██                    
[38;2;34;29;35m██[38;2;151;153;183m██[38;2;34;29;35m██[38;2;177;139;129m██[38;2;177;139;129m██[38;2;78;49;48m██[38;2;177;139;129m██[38;2;123;89;87m██[38;2;177;139;129m██[38;2;177;139;129m██[38;2;177;139;129m██[38;2;177;139;129m██[38;2;177;139;129m██[38;2;177;139;129m██[38;2;177;139;129m██[38;2;177;139;129m██[38;2;177;139;129m██[38;2;177;139;129m██[38;2;177;139;129m██[38;2;177;139;129m██[38;2;177;139;129m██[38;2;123;89;87m██[38;2;177;139;129m██[38;2;177;139;129m██[38;2;177;139;129m██[38;2;177;139;129m██[38;2;177;139;129m██[38;2;177;139;129m██[38;2;78;49;48m██[38;2;177;139;129m██[38;2;177;139;129m██[38;2;198;159;155m██[38;2;123;89;87m██                  
  [38;2;34;29;35m██[38;2;177;139;129m██[38;2;177;139;129m██[38;2;78;49;48m██[38;2;78;49;48m██[38;2;123;89;87m██[38;2;177;139;129m██[38;2;177;139;129m██[38;2;177;139;129m██[38;2;177;139;129m██[38;2;177;139;129m██[38;2;177;139;129m██[38;2;177;139;129m██[38;2;177;139;129m██[38;2;177;139;129m██[38;2;177;139;129m██[38;2;177;139;129m██[38;2;177;139;129m██[38;2;177;139;129m██[38;2;123;89;87m██[38;2;177;139;129m██[38;2;177;139;129m██[38;2;177;139;129m██[38;2;177;139;129m██[38;2;177;139;129m██[38;2;177;139;129m██[38;2;177;139;129m██[38;2;123;89;87m██[38;2;177;139;129m██[38;2;177;139;129m██[38;2;198;159;155m██[38;2;123;89;87m██                  
[38;2;34;29;35m██[38;2;65;37;33m██[38;2;123;89;87m██[38;2;78;49;48m██[38;2;78;49;48m██[38;2;78;49;48m██[38;2;78;49;48m██[38;2;177;139;129m██[38;2;177;139;129m██[38;2;177;139;129m██[38;2;177;139;129m██[38;2;177;139;129m██[38;2;177;139;129m██[38;2;177;139;129m██[38;2;177;139;129m██[38;2;177;139;129m██[38;2;177;139;129m██[38;2;177;139;129m██[38;2;177;139;129m██[38;2;78;49;48m██[38;2;123;89;87m██[38;2;177;139;129m██[38;2;177;139;129m██[38;2;177;139;129m██[38;2;177;139;129m██[38;2;177;139;129m██[38;2;177;139;129m██[38;2;177;139;129m██[38;2;177;139;129m██[38;2;177;139;129m██[38;2;177;139;129m██[38;2;177;139;129m██[38;2;198;159;155m██[38;2;123;89;87m██                
[38;2;34;29;35m██[38;2;78;49;48m██[38;2;123;89;87m██[38;2;177;139;129m██[38;2;123;89;87m██[38;2;78;49;48m██[38;2;78;49;48m██[38;2;123;89;87m██[38;2;177;139;129m██[38;2;177;139;129m██[38;2;177;139;129m██[38;2;177;139;129m██[38;2;177;139;129m██[38;2;177;139;129m██[38;2;177;139;129m██[38;2;177;139;129m██[38;2;177;139;129m██[38;2;177;139;129m██[38;2;123;89;87m██[38;2;78;49;48m██[38;2;78;49;48m██[38;2;123;89;87m██[38;2;177;139;129m██[38;2;177;139;129m██[38;2;177;139;129m██[38;2;177;139;129m██[38;2;177;139;129m██[38;2;177;139;129m██[38;2;177;139;129m██[38;2;177;139;129m██[38;2;177;139;129m██[38;2;177;139;129m██[38;2;198;159;155m██[38;2;123;89;87m██                
[38;2;34;29;35m██[38;2;123;89;87m██[38;2;123;89;87m██[38;2;123;89;87m██[38;2;177;139;129m██[38;2;177;139;129m██[38;2;123;89;87m██[38;2;123;89;87m██[38;2;177;139;129m██[38;2;177;139;129m██[38;2;177;139;129m██[38;2;177;139;129m██[38;2;177;139;129m██[38;2;177;139;129m██[38;2;177;139;129m██[38;2;177;139;129m██[38;2;177;139;129m██[38;2;177;139;129m██[38;2;78;49;48m██[38;2;78;49;48m██[38;2;78;49;48m██[38;2;123;89;87m██[38;2;177;139;129m██[38;2;177;139;129m██[38;2;177;139;129m██[38;2;177;139;129m██[38;2;177;139;129m██[38;2;177;139;129m██[38;2;177;139;129m██[38;2;177;139;129m██[38;2;177;139;129m██[38;2;177;139;129m██[38;2;177;139;129m██[38;2;198;159;155m██[38;2;123;89;87m██              
  [38;2;34;29;35m██[38;2;78;49;48m██[38;2;78;49;48m██[38;2;123;89;87m██[38;2;177;139;129m██[38;2;177;139;129m██[38;2;177;139;129m██[38;2;177;139;129m██[38;2;177;139;129m██[38;2;177;139;129m██[38;2;123;89;87m██[38;2;123;89;87m██[38;2;177;139;129m██[38;2;177;139;129m██[38;2;177;139;129m██[38;2;177;139;129m██[38;2;177;139;129m██[38;2;78;49;48m██[38;2;123;89;87m██[38;2;123;89;87m██[38;2;123;89;87m██[38;2;123;89;87m██[38;2;177;139;129m██[38;2;177;139;129m██[38;2;177;139;129m██[38;2;177;139;129m██[38;2;123;89;87m██[38;2;123;89;87m██[38;2;177;139;129m██[38;2;177;139;129m██[38;2;177;139;129m██[38;2;177;139;129m██[38;2;177;139;129m██[38;2;198;159;155m██[38;2;123;89;87m██[38;2;78;49;48m██          
  [38;2;34;29;35m██[38;2;78;49;48m██[38;2;78;49;48m██[38;2;78;49;48m██[38;2;123;89;87m██[38;2;177;139;129m██[38;2;177;139;129m██[38;2;177;139;129m██[38;2;177;139;129m██[38;2;177;139;129m██[38;2;123;89;87m██[38;2;78;49;48m██[38;2;78;49;48m██[38;2;123;89;87m██[38;2;177;139;129m██[38;2;177;139;129m██[38;2;123;89;87m██[38;2;123;89;87m██[38;2;123;89;87m██[38;2;123;89;87m██[38;2;123;89;87m██[38;2;78;49;48m██[38;2;177;139;129m██[38;2;177;139;129m██[38;2;123;89;87m██[38;2;78;49;48m██[38;2;78;49;48m██[38;2;123;89;87m██[38;2;177;139;129m██[38;2;177;139;129m██[38;2;177;139;129m██[38;2;177;139;129m██[38;2;177;139;129m██[38;2;177;139;129m██[38;2;177;139;129m██[38;2;123;89;87m██[38;2;78;49;48m██        
    [38;2;34;29;35m██[38;2;78;49;48m██[38;2;78;49;48m██[38;2;123;89;87m██[38;2;177;139;129m██[38;2;177;139;129m██[38;2;177;139;129m██[38;2;177;139;129m██[38;2;177;139;129m██[38;2;177;139;129m██[38;2;78;49;48m██[38;2;78;49;48m██[38;2;78;49;48m██[38;2;78;49;48m██[38;2;123;89;87m██[38;2;78;49;48m██[38;2;34;29;35m██[38;2;34;29;35m██[38;2;34;29;35m██[38;2;34;29;35m██[38;2;78;49;48m██[38;2;123;89;87m██[38;2;78;49;48m██[38;2;78;49;48m██[38;2;78;49;48m██[38;2;78;49;48m██[38;2;177;139;129m██[38;2;177;139;129m██[38;2;177;139;129m██[38;2;177;139;129m██[38;2;177;139;129m██[38;2;177;139;129m██[38;2;177;139;129m██[38;2;123;89;87m██[38;2;78;49;48m██[38;2;123;89;87m██[38;2;34;29;35m██      
    [38;2;34;29;35m██[38;2;123;89;87m██[38;2;123;89;87m██[38;2;123;89;87m██[38;2;123;89;87m██[38;2;123;89;87m██[38;2;177;139;129m██[38;2;177;139;129m██[38;2;177;139;129m██[38;2;177;139;129m██[38;2;123;89;87m██[38;2;78;49;48m██[38;2;78;49;48m██[38;2;123;89;87m██[38;2;34;29;35m██[38;2;34;29;35m██[38;2;34;29;35m██[38;2;34;29;35m██[38;2;34;29;35m██[38;2;34;29;35m██[38;2;34;29;35m██[38;2;34;29;35m██[38;2;123;89;87m██[38;2;78;49;48m██[38;2;78;49;48m██[38;2;123;89;87m██[38;2;177;139;129m██[38;2;177;139;129m██[38;2;177;139;129m██[38;2;177;139;129m██[38;2;177;139;129m██[38;2;177;139;129m██[38;2;177;139;129m██[38;2;78;49;48m██[38;2;177;139;129m██[38;2;78;49;48m██[38;2;34;29;35m██[38;2;66;62;74m██    
  [38;2;32;18;16m██[38;2;78;49;48m██[38;2;123;89;87m██[38;2;123;89;87m██[38;2;123;89;87m██[38;2;123;89;87m██[38;2;123;89;87m██[38;2;123;89;87m██[38;2;123;89;87m██[38;2;177;139;129m██[38;2;177;139;129m██[38;2;177;139;129m██[38;2;78;49;48m██[38;2;123;89;87m██[38;2;34;29;35m██[38;2;34;29;35m██[38;2;34;29;35m██[38;2;34;29;35m██[38;2;34;29;35m██[38;2;34;29;35m██[38;2;34;29;35m██[38;2;34;29;35m██[38;2;34;29;35m██[38;2;34;29;35m██[38;2;123;89;87m██[38;2;78;49;48m██[38;2;177;139;129m██[38;2;177;139;129m██[38;2;177;139;129m██[38;2;177;139;129m██[38;2;177;139;129m██[38;2;177;139;129m██[38;2;123;89;87m██[38;2;78;49;48m██[38;2;123;89;87m██[38;2;78;49;48m██[38;2;78;49;48m██[38;2;151;153;183m██[38;2;192;205;209m██[38;2;66;62;74m██  
  [38;2;32;18;16m██[38;2;123;89;87m██[38;2;78;49;48m██[38;2;78;49;48m██[38;2;123;89;87m██[38;2;123;89;87m██[38;2;123;89;87m██[38;2;123;89;87m██[38;2;123;89;87m██[38;2;123;89;87m██[38;2;123;89;87m██[38;2;78;49;48m██[38;2;52;33;32m██[38;2;78;49;48m██[38;2;34;29;35m██[38;2;34;29;35m██[38;2;34;29;35m██[38;2;34;29;35m██[38;2;34;29;35m██[38;2;34;29;35m██[38;2;34;29;35m██[38;2;34;29;35m██[38;2;34;29;35m██[38;2;34;29;35m██[38;2;52;33;32m██[38;2;52;33;32m██[38;2;177;139;129m██[38;2;177;139;129m██[38;2;177;139;129m██[38;2;177;139;129m██[38;2;123;89;87m██[38;2;78;49;48m██[38;2;123;89;87m██[38;2;177;139;129m██[38;2;123;89;87m██[38;2;78;49;48m██[38;2;52;33;32m██[38;2;151;153;183m██[38;2;192;205;209m██[38;2;192;205;209m██[38;2;34;29;35m██
  [38;2;32;18;16m██[38;2;123;89;87m██[38;2;123;89;87m██[38;2;123;89;87m██[38;2;78;49;48m██[38;2;78;49;48m██[38;2;123;89;87m██[38;2;123;89;87m██[38;2;123;89;87m██[38;2;78;49;48m██[38;2;78;49;48m██[38;2;123;89;87m██[38;2;123;89;87m██[38;2;34;29;35m██[38;2;34;29;35m██[38;2;34;29;35m██[38;2;34;29;35m██[38;2;34;29;35m██[38;2;34;29;35m██[38;2;34;29;35m██[38;2;34;29;35m██[38;2;34;29;35m██[38;2;34;29;35m██[38;2;52;33;32m██[38;2;78;49;48m██[38;2;78;49;48m██[38;2;78;49;48m██[38;2;52;33;32m██[38;2;78;49;48m██[38;2;78;49;48m██[38;2;123;89;87m██[38;2;177;139;129m██[38;2;177;139;129m██[38;2;123;89;87m██[38;2;123;89;87m██[38;2;123;89;87m██[38;2;123;89;87m██[38;2;34;29;35m██[38;2;151;153;183m██[38;2;34;29;35m██  
  [38;2;32;18;16m██[38;2;123;89;87m██[38;2;123;89;87m██[38;2;123;89;87m██[38;2;123;89;87m██[38;2;123;89;87m██[38;2;78;49;48m██[38;2;78;49;48m██[38;2;78;49;48m██[38;2;123;89;87m██[38;2;123;89;87m██[38;2;123;89;87m██[38;2;123;89;87m██[38;2;34;29;35m██[38;2;34;29;35m██[38;2;34;29;35m██[38;2;34;29;35m██[38;2;34;29;35m██[38;2;34;29;35m██[38;2;34;29;35m██[38;2;34;29;35m██[38;2;34;29;35m██[38;2;52;33;32m██[38;2;78;49;48m██[38;2;78;49;48m██[38;2;78;49;48m██[38;2;78;49;48m██[38;2;78;49;48m██[38;2;177;139;129m██[38;2;177;139;129m██[38;2;177;139;129m██[38;2;123;89;87m██[38;2;123;89;87m██[38;2;123;89;87m██[38;2;123;89;87m██[38;2;78;49;48m██[38;2;52;33;32m██[38;2;34;29;35m██[38;2;34;29;35m██    
  [38;2;34;29;35m██[38;2;123;89;87m██[38;2;123;89;87m██[38;2;123;89;87m██[38;2;123;89;87m██[38;2;123;89;87m██[38;2;123;89;87m██[38;2;123;89;87m██[38;2;123;89;87m██[38;2;123;89;87m██[38;2;123;89;87m██[38;2;123;89;87m██[38;2;123;89;87m██[38;2;34;29;35m██[38;2;34;29;35m██[38;2;34;29;35m██[38;2;34;29;35m██[38;2;34;29;35m██[38;2;34;29;35m██[38;2;34;29;35m██[38;2;34;29;35m██[38;2;34;29;35m██[38;2;52;33;32m██[38;2;78;49;48m██[38;2;78;49;48m██[38;2;78;49;48m██[38;2;78;49;48m██[38;2;78;49;48m██[38;2;123;89;87m██[38;2;123;89;87m██[38;2;123;89;87m██[38;2;123;89;87m██[38;2;123;89;87m██[38;2;123;89;87m██[38;2;78;49;48m██[38;2;78;49;48m██[38;2;34;29;35m██        
  [38;2;34;29;35m██[38;2;123;89;87m██[38;2;123;89;87m██[38;2;123;89;87m██[38;2;123;89;87m██[38;2;123;89;87m██[38;2;123;89;87m██[38;2;123;89;87m██[38;2;123;89;87m██[38;2;123;89;87m██[38;2;123;89;87m██[38;2;123;89;87m██[38;2;123;89;87m██[38;2;34;29;35m██[38;2;34;29;35m██[38;2;34;29;35m██[38;2;34;29;35m██[38;2;34;29;35m██[38;2;34;29;35m██[38;2;34;29;35m██[38;2;34;29;35m██[38;2;34;29;35m██[38;2;34;29;35m██[38;2;52;33;32m██[38;2;78;49;48m██[38;2;78;49;48m██[38;2;78;49;48m██[38;2;123;89;87m██[38;2;123;89;87m██[38;2;123;89;87m██[38;2;123;89;87m██[38;2;123;89;87m██[38;2;123;89;87m██[38;2;123;89;87m██[38;2;78;49;48m██[38;2;34;29;35m██          
  [38;2;34;29;35m██[38;2;123;89;87m██[38;2;123;89;87m██[38;2;123;89;87m██[38;2;123;89;87m██[38;2;123;89;87m██[38;2;123;89;87m██[38;2;123;89;87m██[38;2;123;89;87m██[38;2;123;89;87m██[38;2;123;89;87m██[38;2;123;89;87m██[38;2;123;89;87m██[38;2;78;49;48m██[38;2;34;29;35m██[38;2;34;29;35m██[38;2;34;29;35m██[38;2;34;29;35m██[38;2;34;29;35m██[38;2;34;29;35m██[38;2;34;29;35m██[38;2;34;29;35m██[38;2;34;29;35m██[38;2;34;29;35m██[38;2;52;33;32m██[38;2;78;49;48m██[38;2;123;89;87m██[38;2;78;49;48m██[38;2;123;89;87m██[38;2;123;89;87m██[38;2;123;89;87m██[38;2;123;89;87m██[38;2;123;89;87m██[38;2;123;89;87m██[38;2;123;89;87m██[38;2;34;29;35m██          
  [38;2;34;29;35m██[38;2;123;89;87m██[38;2;123;89;87m██[38;2;123;89;87m██[38;2;123;89;87m██[38;2;123;89;87m██[38;2;123;89;87m██[38;2;123;89;87m██[38;2;123;89;87m██[38;2;123;89;87m██[38;2;123;89;87m██[38;2;123;89;87m██[38;2;78;49;48m██[38;2;123;89;87m██[38;2;34;29;35m██[38;2;34;29;35m██[38;2;34;29;35m██[38;2;34;29;35m██[38;2;34;29;35m██[38;2;34;29;35m██[38;2;34;29;35m██[38;2;34;29;35m██[38;2;34;29;35m██[38;2;34;29;35m██[38;2;123;89;87m██[38;2;123;89;87m██[38;2;123;89;87m██[38;2;123;89;87m██[38;2;78;49;48m██[38;2;78;49;48m██[38;2;123;89;87m██[38;2;123;89;87m██[38;2;123;89;87m██[38;2;123;89;87m██[38;2;123;89;87m██[38;2;34;29;35m██          
  [38;2;34;29;35m██[38;2;123;89;87m██[38;2;123;89;87m██[38;2;123;89;87m██[38;2;123;89;87m██[38;2;123;89;87m██[38;2;123;89;87m██[38;2;123;89;87m██[38;2;123;89;87m██[38;2;123;89;87m██[38;2;123;89;87m██[38;2;78;49;48m██[38;2;78;49;48m██[38;2;78;49;48m██[38;2;123;89;87m██[38;2;34;29;35m██[38;2;34;29;35m██[38;2;34;29;35m██[38;2;34;29;35m██[38;2;34;29;35m██[38;2;34;29;35m██[38;2;34;29;35m██[38;2;34;29;35m██[38;2;123;89;87m██[38;2;78;49;48m██[38;2;123;89;87m██[38;2;123;89;87m██[38;2;123;89;87m██[38;2;123;89;87m██[38;2;123;89;87m██[38;2;78;49;48m██[38;2;78;49;48m██[38;2;123;89;87m██[38;2;123;89;87m██[38;2;123;89;87m██[38;2;34;29;35m██          
    [38;2;34;29;35m██[38;2;78;49;48m██[38;2;123;89;87m██[38;2;123;89;87m██[38;2;123;89;87m██[38;2;123;89;87m██[38;2;123;89;87m██[38;2;123;89;87m██[38;2;123;89;87m██[38;2;123;89;87m██[38;2;78;49;48m██[38;2;78;49;48m██[38;2;78;49;48m██[38;2;78;49;48m██[38;2;123;89;87m██[38;2;78;49;48m██[38;2;34;29;35m██[38;2;34;29;35m██[38;2;34;29;35m██[38;2;34;29;35m██[38;2;78;49;48m██[38;2;123;89;87m██[38;2;78;49;48m██[38;2;78;49;48m██[38;2;78;49;48m██[38;2;123;89;87m██[38;2;123;89;87m██[38;2;123;89;87m██[38;2;123;89;87m██[38;2;123;89;87m██[38;2;123;89;87m██[38;2;78;49;48m██[38;2;123;89;87m██[38;2;123;89;87m██            
  [38;2;34;29;35m██[38;2;123;89;87m██[38;2;123;89;87m██[38;2;123;89;87m██[38;2;123;89;87m██[38;2;78;49;48m██[38;2;123;89;87m██[38;2;123;89;87m██[38;2;123;89;87m██[38;2;123;89;87m██[38;2;123;89;87m██[38;2;78;49;48m██[38;2;78;49;48m██[38;2;78;49;48m██[38;2;123;89;87m██[38;2;78;49;48m██[38;2;123;89;87m██[38;2;123;89;87m██[38;2;123;89;87m██[38;2;123;89;87m██[38;2;123;89;87m██[38;2;123;89;87m██[38;2;78;49;48m██[38;2;78;49;48m██[38;2;78;49;48m██[38;2;78;49;48m██[38;2;123;89;87m██[38;2;123;89;87m██[38;2;123;89;87m██[38;2;123;89;87m██[38;2;123;89;87m██[38;2;123;89;87m██[38;2;123;89;87m██[38;2;78;49;48m██[38;2;34;29;35m██            
  [38;2;34;29;35m██[38;2;123;89;87m██[38;2;78;49;48m██[38;2;123;89;87m██[38;2;123;89;87m██[38;2;123;89;87m██[38;2;123;89;87m██[38;2;123;89;87m██[38;2;123;89;87m██[38;2;123;89;87m██[38;2;123;89;87m██[38;2;123;89;87m██[38;2;123;89;87m██[38;2;123;89;87m██[38;2;78;49;48m██[38;2;123;89;87m██[38;2;123;89;87m██[38;2;123;89;87m██[38;2;123;89;87m██[38;2;123;89;87m██[38;2;123;89;87m██[38;2;123;89;87m██[38;2;123;89;87m██[38;2;78;49;48m██[38;2;78;49;48m██[38;2;78;49;48m██[38;2;123;89;87m██[38;2;123;89;87m██[38;2;123;89;87m██[38;2;123;89;87m██[38;2;123;89;87m██[38;2;123;89;87m██[38;2;123;89;87m██[38;2;78;49;48m██[38;2;34;29;35m██            
  [38;2;34;29;35m██[38;2;78;49;48m██[38;2;78;49;48m██[38;2;78;49;48m██[38;2;123;89;87m██[38;2;123;89;87m██[38;2;123;89;87m██[38;2;123;89;87m██[38;2;123;89;87m██[38;2;123;89;87m██[38;2;123;89;87m██[38;2;123;89;87m██[38;2;123;89;87m██[38;2;123;89;87m██[38;2;78;49;48m██[38;2;123;89;87m██[38;2;123;89;87m██[38;2;123;89;87m██[38;2;123;89;87m██[38;2;123;89;87m██[38;2;123;89;87m██[38;2;123;89;87m██[38;2;123;89;87m██[38;2;123;89;87m██[38;2;123;89;87m██[38;2;123;89;87m██[38;2;123;89;87m██[38;2;123;89;87m██[38;2;123;89;87m██[38;2;123;89;87m██[38;2;123;89;87m██[38;2;123;89;87m██[38;2;78;49;48m██[38;2;34;29;35m██              
  [38;2;34;29;35m██[38;2;78;49;48m██[38;2;78;49;48m██[38;2;78;49;48m██[38;2;123;89;87m██[38;2;78;49;48m██[38;2;78;49;48m██[38;2;123;89;87m██[38;2;123;89;87m██[38;2;123;89;87m██[38;2;123;89;87m██[38;2;123;89;87m██[38;2;123;89;87m██[38;2;78;49;48m██[38;2;123;89;87m██[38;2;123;89;87m██[38;2;123;89;87m██[38;2;123;89;87m██[38;2;123;89;87m██[38;2;123;89;87m██[38;2;123;89;87m██[38;2;123;89;87m██[38;2;123;89;87m██[38;2;123;89;87m██[38;2;123;89;87m██[38;2;123;89;87m██[38;2;123;89;87m██[38;2;123;89;87m██[38;2;123;89;87m██[38;2;123;89;87m██[38;2;78;49;48m██[38;2;78;49;48m██[38;2;34;29;35m██                
    [38;2;34;29;35m██[38;2;34;29;35m██[38;2;78;49;48m██[38;2;78;49;48m██[38;2;78;49;48m██[38;2;78;49;48m██[38;2;123;89;87m██[38;2;123;89;87m██[38;2;123;89;87m██[38;2;123;89;87m██[38;2;123;89;87m██[38;2;123;89;87m██[38;2;78;49;48m██[38;2;123;89;87m██[38;2;123;89;87m██[38;2;123;89;87m██[38;2;123;89;87m██[38;2;123;89;87m██[38;2;123;89;87m██[38;2;123;89;87m██[38;2;123;89;87m██[38;2;123;89;87m██[38;2;123;89;87m██[38;2;123;89;87m██[38;2;123;89;87m██[38;2;123;89;87m██[38;2;123;89;87m██[38;2;123;89;87m██[38;2;78;49;48m██[38;2;78;49;48m██[38;2;34;29;35m██                  
    [38;2;34;29;35m██[38;2;192;205;209m██[38;2;34;29;35m██[38;2;78;49;48m██[38;2;78;49;48m██[38;2;123;89;87m██[38;2;123;89;87m██[38;2;123;89;87m██[38;2;123;89;87m██[38;2;123;89;87m██[38;2;123;89;87m██[38;2;123;89;87m██[38;2;78;49;48m██[38;2;123;89;87m██[38;2;123;89;87m██[38;2;123;89;87m██[38;2;123;89;87m██[38;2;123;89;87m██[38;2;123;89;87m██[38;2;123;89;87m██[38;2;123;89;87m██[38;2;123;89;87m██[38;2;123;89;87m██[38;2;123;89;87m██[38;2;123;89;87m██[38;2;123;89;87m██[38;2;123;89;87m██[38;2;123;89;87m██[38;2;78;49;48m██[38;2;34;29;35m██                    
    [38;2;34;29;35m██[38;2;192;205;209m██[38;2;192;205;209m██[38;2;34;29;35m██[38;2;78;49;48m██[38;2;78;49;48m██[38;2;78;49;48m██[38;2;123;89;87m██[38;2;123;89;87m██[38;2;123;89;87m██[38;2;123;89;87m██[38;2;123;89;87m██[38;2;78;49;48m██[38;2;123;89;87m██[38;2;123;89;87m██[38;2;123;89;87m██[38;2;123;89;87m██[38;2;123;89;87m██[38;2;123;89;87m██[38;2;123;89;87m██[38;2;123;89;87m██[38;2;123;89;87m██[38;2;123;89;87m██[38;2;123;89;87m██[38;2;123;89;87m██[38;2;78;49;48m██[38;2;78;49;48m██[38;2;123;89;87m██[38;2;34;29;35m██                      
      [38;2;34;29;35m██[38;2;34;29;35m██[38;2;34;29;35m██[38;2;34;29;35m██[38;2;78;49;48m██[38;2;78;49;48m██[38;2;123;89;87m██[38;2;123;89;87m██[38;2;34;29;35m██[38;2;123;89;87m██[38;2;123;89;87m██[38;2;78;49;48m██[38;2;123;89;87m██[38;2;123;89;87m██[38;2;123;89;87m██[38;2;123;89;87m██[38;2;123;89;87m██[38;2;123;89;87m██[38;2;123;89;87m██[38;2;123;89;87m██[38;2;123;89;87m██[38;2;123;89;87m██[38;2;123;89;87m██[38;2;78;49;48m██[38;2;78;49;48m██[38;2;78;49;48m██[38;2;34;29;35m██                        
              [38;2;34;29;35m██[38;2;34;29;35m██[38;2;34;29;35m██[38;2;34;29;35m██  [38;2;34;29;35m██[38;2;34;29;35m██[38;2;78;49;48m██[38;2;123;89;87m██[38;2;123;89;87m██[38;2;123;89;87m██[38;2;123;89;87m██[38;2;123;89;87m██[38;2;123;89;87m██[38;2;123;89;87m██[38;2;123;89;87m██[38;2;78;49;48m██[38;2;78;49;48m██[38;2;123;89;87m██[38;2;78;49;48m██[38;2;78;49;48m██[38;2;78;49;48m██[38;2;34;29;35m██                        
                            [38;2;34;29;35m██[38;2;34;29;35m██[38;2;34;29;35m██[38;2;34;29;35m██[38;2;123;89;87m██[38;2;123;89;87m██[38;2;123;89;87m██[38;2;123;89;87m██[38;2;78;49;48m██[38;2;78;49;48m██[38;2;78;49;48m██[38;2;78;49;48m██[38;2;78;49;48m██[38;2;34;29;35m██[38;2;34;29;35m██                          
                                      [38;2;66;62;74m██[38;2;34;29;35m██[38;2;123;89;87m██[38;2;78;49;48m██[38;2;78;49;48m██[38;2;78;49;48m██[38;2;78;49;48m██[38;2;34;29;35m██[38;2;192;205;209m██[38;2;34;29;35m██                          
                                          [38;2;34;29;35m██[38;2;34;29;35m██[38;2;34;29;35m██[38;2;34;29;35m██[38;2;34;29;35m██[38;2;151;153;183m██[38;2;192;205;209m██[38;2;34;29;35m██                          
                                                    [38;2;34;29;35m██[38;2;34;29;35m██[38;2;34;29;35m██                          
