                              [38;2;31;31;33m██[38;2;31;31;33m██                                              
                            [38;2;31;31;33m██[38;2;251;251;251m██[38;2;251;251;251m██[38;2;31;31;33m██                                            
                          [38;2;31;31;33m██[38;2;251;251;251m██[38;2;251;251;251m██[38;2;251;251;251m██[38;2;251;251;251m██[38;2;31;31;33m██                                          
                          [38;2;31;31;33m██[38;2;251;251;251m██[38;2;251;251;251m██[38;2;251;251;251m██[38;2;251;251;251m██[38;2;251;251;251m██[38;2;31;31;33m██                                        
                          [38;2;31;31;33m██[38;2;251;251;251m██[38;2;251;251;251m██[38;2;251;251;251m██[38;2;251;251;251m██[38;2;251;251;251m██[38;2;216;216;222m██[38;2;31;31;33m██                                      
                          [38;2;31;31;33m██[38;2;251;251;251m██[38;2;251;251;251m██[38;2;251;251;251m██[38;2;251;251;251m██[38;2;216;216;222m██[38;2;180;180;192m██[38;2;180;180;192m██[38;2;31;31;33m██                                    
                          [38;2;31;31;33m██[38;2;216;216;222m██[38;2;216;216;222m██[38;2;216;216;222m██[38;2;216;216;222m██[38;2;180;180;192m██[38;2;216;216;222m██[38;2;180;180;192m██[38;2;31;31;33m██                                    
                          [38;2;31;31;33m██[38;2;180;180;192m██[38;2;216;216;222m██[38;2;180;180;192m██[38;2;180;180;192m██[38;2;180;180;192m██[38;2;180;180;192m██[38;2;216;216;222m██[38;2;44;43;53m██[38;2;31;31;33m██[38;2;15;15;17m██[38;2;15;15;17m██                              
                          [38;2;31;31;33m██[38;2;180;180;192m██[38;2;216;216;222m██[38;2;180;180;192m██[38;2;180;180;192m██[38;2;68;67;83m██[38;2;44;43;53m██[38;2;44;43;53m██[38;2;180;180;192m██[38;2;44;43;53m██[38;2;44;43;53m██[38;2;44;43;53m██[38;2;15;15;17m██[38;2;15;15;17m██[38;2;15;15;17m██                        
                          [38;2;31;31;33m██[38;2;68;67;83m██[38;2;180;180;192m██[38;2;68;67;83m██[38;2;68;67;83m██[38;2;68;67;83m██[38;2;68;67;83m██[38;2;68;67;83m██[38;2;44;43;53m██[38;2;44;43;53m██[38;2;44;43;53m██[38;2;109;110;131m██[38;2;109;110;131m██[38;2;109;110;131m██[38;2;109;110;131m██[38;2;15;15;17m██[38;2;15;15;17m██      [38;2;31;31;33m██[38;2;31;31;33m██[38;2;31;31;33m██[38;2;31;31;33m██[38;2;31;31;33m██[38;2;31;31;33m██  
                          [38;2;31;31;33m██[38;2;68;67;83m██[38;2;180;180;192m██[38;2;68;67;83m██[38;2;68;67;83m██[38;2;68;67;83m██[38;2;68;67;83m██[38;2;68;67;83m██[38;2;68;67;83m██[38;2;68;67;83m██[38;2;68;67;83m██[38;2;68;67;83m██[38;2;44;43;53m██[38;2;109;110;131m██[38;2;109;110;131m██[38;2;109;110;131m██[38;2;44;43;53m██[38;2;15;15;17m██[38;2;31;31;33m██[38;2;31;31;33m██[38;2;251;251;251m██[38;2;251;251;251m██[38;2;251;251;251m██[38;2;251;251;251m██[38;2;251;251;251m██[38;2;251;251;251m██[38;2;31;31;33m██
                        [38;2;31;31;33m██[38;2;31;31;33m██[38;2;68;67;83m██[38;2;80;83;100m██[38;2;80;83;100m██[38;2;109;110;131m██[38;2;109;110;131m██[38;2;109;110;131m██[38;2;109;110;131m██[38;2;109;110;131m██[38;2;109;110;131m██[38;2;68;67;83m██[38;2;68;67;83m██[38;2;68;67;83m██[38;2;44;43;53m██[38;2;44;43;53m██[38;2;44;43;53m██[38;2;44;43;53m██[38;2;68;67;83m██[38;2;180;180;192m██[38;2;216;216;222m██[38;2;251;251;251m██[38;2;251;251;251m██[38;2;251;251;251m██[38;2;251;251;251m██[38;2;251;251;251m██[38;2;251;251;251m██[38;2;31;31;33m██
                      [38;2;31;31;33m██[38;2;68;67;83m██[38;2;80;83;100m██[38;2;109;110;131m██[38;2;109;110;131m██[38;2;109;110;131m██[38;2;109;110;131m██[38;2;109;110;131m██[38;2;109;110;131m██[38;2;180;180;192m██[38;2;109;110;131m██[38;2;109;110;131m██[38;2;68;67;83m██[38;2;44;43;53m██[38;2;44;43;53m██[38;2;80;83;100m██[38;2;44;43;53m██[38;2;44;43;53m██[38;2;44;43;53m██[38;2;44;43;53m██[38;2;216;216;222m██[38;2;251;251;251m██[38;2;251;251;251m██[38;2;251;251;251m██[38;2;251;251;251m██[38;2;251;251;251m██[38;2;251;251;251m██[38;2;251;251;251m██[38;2;31;31;33m██
                    [38;2;31;31;33m██[38;2;80;83;100m██[38;2;109;110;131m██[38;2;109;110;131m██[38;2;109;110;131m██[38;2;109;110;131m██[38;2;109;110;131m██[38;2;109;110;131m██[38;2;109;110;131m██[38;2;109;110;131m██[38;2;109;110;131m██[38;2;180;180;192m██[38;2;180;180;192m██[38;2;109;110;131m██[38;2;68;67;83m██[38;2;44;43;53m██[38;2;109;110;131m██[38;2;109;110;131m██[38;2;68;67;83m██[38;2;44;43;53m██[38;2;216;216;222m██[38;2;216;216;222m██[38;2;180;180;192m██[38;2;216;216;222m██[38;2;251;251;251m██[38;2;251;251;251m██[38;2;251;251;251m██[38;2;251;251;251m██[38;2;31;31;33m██  
                  [38;2;31;31;33m██[38;2;80;83;100m██[38;2;109;110;131m██[38;2;180;180;192m██[38;2;180;180;192m██[38;2;109;110;131m██[38;2;109;110;131m██[38;2;184;86;114m██[38;2;242;94;116m██[38;2;242;94;116m██[38;2;242;94;116m██[38;2;109;110;131m██[38;2;180;180;192m██[38;2;180;180;192m██[38;2;109;110;131m██[38;2;109;110;131m██[38;2;68;67;83m██[38;2;109;110;131m██[38;2;109;110;131m██[38;2;109;110;131m██[38;2;80;83;100m██[38;2;44;43;53m██[38;2;44;43;53m██[38;2;68;67;83m██[38;2;180;180;192m██[38;2;216;216;222m██[38;2;251;251;251m██[38;2;251;251;251m██[38;2;251;251;251m██[38;2;31;31;33m██  
                [38;2;31;31;33m██[38;2;80;83;100m██[38;2;109;110;131m██[38;2;180;180;192m██[38;2;216;216;222m██[38;2;216;216;222m██[38;2;180;180;192m██[38;2;109;110;131m██[38;2;184;86;114m██[38;2;242;94;116m██[38;2;242;94;116m██[38;2;184;86;114m██[38;2;109;110;131m██[38;2;109;110;131m██[38;2;109;110;131m██[38;2;109;110;131m██[38;2;109;110;131m██[38;2;109;110;131m██[38;2;109;110;131m██[38;2;109;110;131m██[38;2;109;110;131m██[38;2;109;110;131m██[38;2;68;67;83m██[38;2;68;67;83m██[38;2;44;43;53m██[38;2;180;180;192m██[38;2;180;180;192m██[38;2;216;216;222m██[38;2;216;216;222m██[38;2;31;31;33m██    
      [38;2;31;31;33m██[38;2;31;31;33m██[38;2;31;31;33m██[38;2;31;31;33m██[38;2;44;43;53m██[38;2;80;83;100m██[38;2;109;110;131m██[38;2;109;110;131m██[38;2;180;180;192m██[38;2;216;216;222m██[38;2;180;180;192m██[38;2;180;180;192m██[38;2;109;110;131m██[38;2;109;110;131m██[38;2;242;94;116m██[38;2;184;86;114m██[38;2;109;110;131m██[38;2;109;110;131m██[38;2;109;110;131m██[38;2;180;180;192m██[38;2;180;180;192m██[38;2;180;180;192m██[38;2;180;180;192m██[38;2;180;180;192m██[38;2;180;180;192m██[38;2;180;180;192m██[38;2;109;110;131m██[38;2;80;83;100m██[38;2;68;67;83m██[38;2;44;43;53m██[38;2;44;43;53m██[38;2;68;67;83m██[38;2;180;180;192m██[38;2;180;180;192m██[38;2;31;31;33m██    
  [38;2;31;31;33m██[38;2;31;31;33m██[38;2;251;251;251m██[38;2;251;251;251m██[38;2;216;216;222m██[38;2;216;216;222m██[38;2;44;43;53m██[38;2;53;115;64m██[38;2;38;184;53m██[38;2;109;110;131m██[38;2;109;110;131m██[38;2;180;180;192m██[38;2;180;180;192m██[38;2;109;110;131m██[38;2;109;110;131m██[38;2;109;110;131m██[38;2;242;94;116m██[38;2;109;110;131m██[38;2;109;110;131m██[38;2;109;110;131m██[38;2;180;180;192m██[38;2;180;180;192m██[38;2;216;216;222m██[38;2;216;216;222m██[38;2;216;216;222m██[38;2;216;216;222m██[38;2;216;216;222m██[38;2;216;216;222m██[38;2;180;180;192m██[38;2;80;83;100m██[38;2;68;67;83m██[38;2;68;67;83m██[38;2;44;43;53m██[38;2;44;43;53m██[38;2;44;43;53m██[38;2;31;31;33m██      
[38;2;31;31;33m██[38;2;251;251;251m██[38;2;251;251;251m██[38;2;251;251;251m██[38;2;216;216;222m██[38;2;216;216;222m██[38;2;44;43;53m██[38;2;80;83;100m██[38;2;38;184;53m██[38;2;53;115;64m██[38;2;109;110;131m██[38;2;109;110;131m██[38;2;109;110;131m██[38;2;109;110;131m██[38;2;109;110;131m██[38;2;109;110;131m██[38;2;109;110;131m██[38;2;109;110;131m██[38;2;109;110;131m██[38;2;109;110;131m██[38;2;109;110;131m██[38;2;109;110;131m██[38;2;109;110;131m██[38;2;109;110;131m██[38;2;180;180;192m██[38;2;180;180;192m██[38;2;216;216;222m██[38;2;216;216;222m██[38;2;216;216;222m██[38;2;216;216;222m██[38;2;180;180;192m██[38;2;68;67;83m██[38;2;68;67;83m██[38;2;109;110;131m██[38;2;44;43;53m██[38;2;31;31;33m██        
[38;2;31;31;33m██[38;2;251;251;251m██[38;2;251;251;251m██[38;2;251;251;251m██[38;2;216;216;222m██[38;2;80;83;100m██[38;2;44;43;53m██[38;2;80;83;100m██[38;2;38;184;53m██[38;2;109;110;131m██[38;2;109;110;131m██[38;2;109;110;131m██[38;2;76;129;188m██[38;2;89;141;241m██[38;2;76;129;188m██[38;2;109;110;131m██[38;2;109;110;131m██[38;2;109;110;131m██[38;2;109;110;131m██[38;2;109;110;131m██[38;2;180;180;192m██[38;2;216;216;222m██[38;2;216;216;222m██[38;2;216;216;222m██[38;2;180;180;192m██[38;2;109;110;131m██[38;2;109;110;131m██[38;2;180;180;192m██[38;2;216;216;222m██[38;2;216;216;222m██[38;2;216;216;222m██[38;2;180;180;192m██[38;2;68;67;83m██[38;2;109;110;131m██[38;2;109;110;131m██[38;2;15;15;17m██        
  [38;2;31;31;33m██[38;2;251;251;251m██[38;2;251;251;251m██[38;2;180;180;192m██[38;2;80;83;100m██[38;2;44;43;53m██[38;2;80;83;100m██[38;2;80;83;100m██[38;2;180;180;192m██[38;2;180;180;192m██[38;2;180;180;192m██[38;2;76;129;188m██[38;2;89;141;241m██[38;2;89;141;241m██[38;2;89;141;241m██[38;2;109;110;131m██[38;2;109;110;131m██[38;2;109;110;131m██[38;2;180;180;192m██[38;2;216;216;222m██[38;2;251;251;251m██[38;2;251;251;251m██[38;2;251;251;251m██[38;2;216;216;222m██[38;2;180;180;192m██[38;2;109;110;131m██[38;2;109;110;131m██[38;2;180;180;192m██[38;2;216;216;222m██[38;2;216;216;222m██[38;2;216;216;222m██[38;2;68;67;83m██[38;2;68;67;83m██[38;2;109;110;131m██[38;2;44;43;53m██[38;2;15;15;17m██      
    [38;2;31;31;33m██[38;2;216;216;222m██[38;2;180;180;192m██[38;2;68;67;83m██[38;2;44;43;53m██[38;2;180;180;192m██[38;2;216;216;222m██[38;2;216;216;222m██[38;2;216;216;222m██[38;2;216;216;222m██[38;2;180;180;192m██[38;2;180;180;192m██[38;2;109;110;131m██[38;2;109;110;131m██[38;2;109;110;131m██[38;2;109;110;131m██[38;2;109;110;131m██[38;2;216;216;222m██[38;2;251;251;251m██[38;2;251;251;251m██[38;2;251;251;251m██[38;2;251;251;251m██[38;2;251;251;251m██[38;2;216;216;222m██[38;2;180;180;192m██[38;2;109;110;131m██[38;2;180;180;192m██[38;2;216;216;222m██[38;2;216;216;222m██[38;2;216;216;222m██[38;2;180;180;192m██[38;2;68;67;83m██[38;2;109;110;131m██[38;2;109;110;131m██[38;2;15;15;17m██      
      [38;2;31;31;33m██[38;2;180;180;192m██[38;2;31;31;33m██[38;2;180;180;192m██[38;2;216;216;222m██[38;2;216;216;222m██[38;2;216;216;222m██[38;2;216;216;222m██[38;2;251;251;251m██[38;2;251;251;251m██[38;2;216;216;222m██[38;2;180;180;192m██[38;2;109;110;131m██[38;2;109;110;131m██[38;2;109;110;131m██[38;2;180;180;192m██[38;2;251;251;251m██[38;2;251;251;251m██[38;2;251;251;251m██[38;2;251;251;251m██[38;2;251;251;251m██[38;2;251;251;251m██[38;2;251;251;251m██[38;2;216;216;222m██[38;2;180;180;192m██[38;2;180;180;192m██[38;2;216;216;222m██[38;2;216;216;222m██[38;2;216;216;222m██[38;2;216;216;222m██[38;2;68;67;83m██[38;2;109;110;131m██[38;2;109;110;131m██[38;2;15;15;17m██      
        [38;2;31;31;33m██[38;2;68;67;83m██[38;2;216;216;222m██[38;2;216;216;222m██[38;2;216;216;222m██[38;2;216;216;222m██[38;2;251;251;251m██[38;2;251;251;251m██[38;2;251;251;251m██[38;2;251;251;251m██[38;2;216;216;222m██[38;2;180;180;192m██[38;2;109;110;131m██[38;2;109;110;131m██[38;2;216;216;222m██[38;2;251;251;251m██[38;2;251;251;251m██[38;2;251;251;251m██[38;2;251;251;251m██[38;2;251;251;251m██[38;2;251;251;251m██[38;2;251;251;251m██[38;2;251;251;251m██[38;2;216;216;222m██[38;2;180;180;192m██[38;2;216;216;222m██[38;2;216;216;222m██[38;2;216;216;222m██[38;2;216;216;222m██[38;2;68;67;83m██[38;2;68;67;83m██[38;2;109;110;131m██[38;2;15;15;17m██      
        [38;2;68;67;83m██[38;2;180;180;192m██[38;2;216;216;222m██[38;2;216;216;222m██[38;2;216;216;222m██[38;2;251;251;251m██[38;2;251;251;251m██[38;2;251;251;251m██[38;2;251;251;251m██[38;2;251;251;251m██[38;2;251;251;251m██[38;2;216;216;222m██[38;2;109;110;131m██[38;2;109;110;131m██[38;2;216;216;222m██[38;2;251;251;251m██[38;2;251;251;251m██[38;2;251;251;251m██[38;2;251;251;251m██[38;2;251;251;251m██[38;2;251;251;251m██[38;2;251;251;251m██[38;2;251;251;251m██[38;2;216;216;222m██[38;2;216;216;222m██[38;2;216;216;222m██[38;2;216;216;222m██[38;2;216;216;222m██[38;2;180;180;192m██[38;2;68;67;83m██[38;2;44;43;53m██[38;2;109;110;131m██[38;2;15;15;17m██      
        [38;2;68;67;83m██[38;2;216;216;222m██[38;2;216;216;222m██[38;2;216;216;222m██[38;2;216;216;222m██[38;2;251;251;251m██[38;2;251;251;251m██[38;2;251;251;251m██[38;2;251;251;251m██[38;2;251;251;251m██[38;2;251;251;251m██[38;2;251;251;251m██[38;2;180;180;192m██[38;2;109;110;131m██[38;2;216;216;222m██[38;2;251;251;251m██[38;2;251;251;251m██[38;2;251;251;251m██[38;2;251;251;251m██[38;2;251;251;251m██[38;2;251;251;251m██[38;2;251;251;251m██[38;2;251;251;251m██[38;2;216;216;222m██[38;2;216;216;222m██[38;2;216;216;222m██[38;2;216;216;222m██[38;2;216;216;222m██[38;2;68;67;83m██[38;2;44;43;53m██[38;2;44;43;53m██[38;2;109;110;131m██[38;2;15;15;17m██      
        [38;2;68;67;83m██[38;2;216;216;222m██[38;2;216;216;222m██[38;2;216;216;222m██[38;2;180;180;192m██[38;2;251;251;251m██[38;2;251;251;251m██[38;2;251;251;251m██[38;2;251;251;251m██[38;2;251;251;251m██[38;2;251;251;251m██[38;2;251;251;251m██[38;2;180;180;192m██[38;2;109;110;131m██[38;2;180;180;192m██[38;2;216;216;222m██[38;2;251;251;251m██[38;2;251;251;251m██[38;2;251;251;251m██[38;2;251;251;251m██[38;2;251;251;251m██[38;2;251;251;251m██[38;2;216;216;222m██[38;2;216;216;222m██[38;2;216;216;222m██[38;2;216;216;222m██[38;2;216;216;222m██[38;2;180;180;192m██[38;2;44;43;53m██[38;2;44;43;53m██[38;2;31;31;33m██[38;2;44;43;53m██[38;2;15;15;17m██      
        [38;2;68;67;83m██[38;2;216;216;222m██[38;2;216;216;222m██[38;2;180;180;192m██[38;2;180;180;192m██[38;2;216;216;222m██[38;2;251;251;251m██[38;2;251;251;251m██[38;2;251;251;251m██[38;2;251;251;251m██[38;2;251;251;251m██[38;2;216;216;222m██[38;2;109;110;131m██[38;2;109;110;131m██[38;2;109;110;131m██[38;2;180;180;192m██[38;2;216;216;222m██[38;2;251;251;251m██[38;2;251;251;251m██[38;2;251;251;251m██[38;2;251;251;251m██[38;2;216;216;222m██[38;2;216;216;222m██[38;2;216;216;222m██[38;2;216;216;222m██[38;2;216;216;222m██[38;2;180;180;192m██[38;2;44;43;53m██[38;2;68;67;83m██[38;2;68;67;83m██[38;2;31;31;33m██[38;2;15;15;17m██        
        [38;2;68;67;83m██[38;2;216;216;222m██[38;2;216;216;222m██[38;2;180;180;192m██[38;2;109;110;131m██[38;2;180;180;192m██[38;2;216;216;222m██[38;2;251;251;251m██[38;2;251;251;251m██[38;2;251;251;251m██[38;2;251;251;251m██[38;2;216;216;222m██[38;2;180;180;192m██[38;2;180;180;192m██[38;2;216;216;222m██[38;2;251;251;251m██[38;2;251;251;251m██[38;2;180;180;192m██[38;2;216;216;222m██[38;2;216;216;222m██[38;2;216;216;222m██[38;2;216;216;222m██[38;2;216;216;222m██[38;2;216;216;222m██[38;2;216;216;222m██[38;2;180;180;192m██[38;2;44;43;53m██[38;2;68;67;83m██[38;2;68;67;83m██[38;2;68;67;83m██[38;2;31;31;33m██[38;2;15;15;17m██        
        [38;2;68;67;83m██[38;2;180;180;192m██[38;2;216;216;222m██[38;2;216;216;222m██[38;2;109;110;131m██[38;2;109;110;131m██[38;2;180;180;192m██[38;2;180;180;192m██[38;2;216;216;222m██[38;2;216;216;222m██[38;2;180;180;192m██[38;2;109;110;131m██[38;2;216;216;222m██[38;2;251;251;251m██[38;2;251;251;251m██[38;2;251;251;251m██[38;2;251;251;251m██[38;2;68;67;83m██[38;2;180;180;192m██[38;2;180;180;192m██[38;2;216;216;222m██[38;2;216;216;222m██[38;2;216;216;222m██[38;2;180;180;192m██[38;2;68;67;83m██[38;2;44;43;53m██[38;2;44;43;53m██[38;2;68;67;83m██[38;2;68;67;83m██[38;2;68;67;83m██[38;2;44;43;53m██[38;2;31;31;33m██        
          [38;2;68;67;83m██[38;2;216;216;222m██[38;2;216;216;222m██[38;2;180;180;192m██[38;2;109;110;131m██[38;2;109;110;131m██[38;2;109;110;131m██[38;2;109;110;131m██[38;2;109;110;131m██[38;2;109;110;131m██[38;2;180;180;192m██[38;2;180;180;192m██[38;2;216;216;222m██[38;2;216;216;222m██[38;2;180;180;192m██[38;2;109;110;131m██[38;2;109;110;131m██[38;2;109;110;131m██[38;2;80;83;100m██[38;2;68;67;83m██[38;2;68;67;83m██[38;2;44;43;53m██[38;2;44;43;53m██[38;2;44;43;53m██[38;2;44;43;53m██[38;2;44;43;53m██[38;2;68;67;83m██[38;2;44;43;53m██[38;2;180;180;192m██[38;2;180;180;192m██[38;2;31;31;33m██        
          [38;2;68;67;83m██[38;2;180;180;192m██[38;2;216;216;222m██[38;2;216;216;222m██[38;2;216;216;222m██[38;2;180;180;192m██[38;2;109;110;131m██[38;2;109;110;131m██[38;2;216;216;222m██[38;2;216;216;222m██[38;2;180;180;192m██[38;2;68;67;83m██[38;2;109;110;131m██[38;2;109;110;131m██[38;2;109;110;131m██[38;2;109;110;131m██[38;2;109;110;131m██[38;2;80;83;100m██[38;2;80;83;100m██[38;2;68;67;83m██[38;2;44;43;53m██[38;2;44;43;53m██[38;2;44;43;53m██[38;2;44;43;53m██[38;2;44;43;53m██[38;2;44;43;53m██[38;2;44;43;53m██[38;2;180;180;192m██[38;2;216;216;222m██[38;2;216;216;222m██[38;2;216;216;222m██[38;2;31;31;33m██      
            [38;2;68;67;83m██[38;2;180;180;192m██[38;2;216;216;222m██[38;2;216;216;222m██[38;2;216;216;222m██[38;2;216;216;222m██[38;2;216;216;222m██[38;2;216;216;222m██[38;2;180;180;192m██[38;2;68;67;83m██[38;2;109;110;131m██[38;2;109;110;131m██[38;2;109;110;131m██[38;2;154;38;184m██[38;2;80;83;100m██[38;2;80;83;100m██[38;2;80;83;100m██[38;2;68;67;83m██[38;2;44;43;53m██[38;2;44;43;53m██[38;2;44;43;53m██[38;2;31;31;33m██[38;2;44;43;53m██[38;2;44;43;53m██[38;2;44;43;53m██[38;2;180;180;192m██[38;2;216;216;222m██[38;2;251;251;251m██[38;2;251;251;251m██[38;2;216;216;222m██[38;2;31;31;33m██      
              [38;2;68;67;83m██[38;2;180;180;192m██[38;2;180;180;192m██[38;2;180;180;192m██[38;2;180;180;192m██[38;2;180;180;192m██[38;2;180;180;192m██[38;2;68;67;83m██[38;2;109;110;131m██[38;2;109;110;131m██[38;2;109;110;131m██[38;2;154;38;184m██[38;2;154;38;184m██[38;2;107;45;123m██[38;2;80;83;100m██[38;2;68;67;83m██[38;2;44;43;53m██[38;2;44;43;53m██[38;2;68;67;83m██[38;2;68;67;83m██[38;2;68;67;83m██[38;2;31;31;33m██[38;2;31;31;33m██[38;2;44;43;53m██[38;2;180;180;192m██[38;2;216;216;222m██[38;2;251;251;251m██[38;2;251;251;251m██[38;2;251;251;251m██[38;2;251;251;251m██[38;2;31;31;33m██    
                        [38;2;31;31;33m██[38;2;31;31;33m██[38;2;68;67;83m██[38;2;109;110;131m██[38;2;109;110;131m██[38;2;80;83;100m██[38;2;107;45;123m██[38;2;107;45;123m██[38;2;68;67;83m██[38;2;44;43;53m██[38;2;44;43;53m██[38;2;68;67;83m██[38;2;80;83;100m██[38;2;80;83;100m██[38;2;68;67;83m██[38;2;15;15;17m██[38;2;15;15;17m██[38;2;31;31;33m██[38;2;31;31;33m██[38;2;180;180;192m██[38;2;216;216;222m██[38;2;251;251;251m██[38;2;251;251;251m██[38;2;251;251;251m██[38;2;251;251;251m██[38;2;31;31;33m██    
                        [38;2;31;31;33m██[38;2;44;43;53m██[38;2;31;31;33m██[38;2;31;31;33m██[38;2;44;43;53m██[38;2;44;43;53m██[38;2;44;43;53m██[38;2;44;43;53m██[38;2;44;43;53m██[38;2;68;67;83m██[38;2;68;67;83m██[38;2;80;83;100m██[38;2;80;83;100m██[38;2;15;15;17m██[38;2;15;15;17m██        [38;2;31;31;33m██[38;2;31;31;33m██[38;2;31;31;33m██[38;2;251;251;251m██[38;2;251;251;251m██[38;2;251;251;251m██[38;2;31;31;33m██    
                        [38;2;31;31;33m██[38;2;180;180;192m██[38;2;68;67;83m██[38;2;68;67;83m██[38;2;68;67;83m██[38;2;31;31;33m██[38;2;31;31;33m██[38;2;31;31;33m██[38;2;31;31;33m██[38;2;15;15;17m██[38;2;15;15;17m██[38;2;15;15;17m██[38;2;15;15;17m██                  [38;2;31;31;33m██[38;2;31;31;33m██[38;2;31;31;33m██      
                        [38;2;31;31;33m██[38;2;216;216;222m██[38;2;180;180;192m██[38;2;68;67;83m██[38;2;68;67;83m██[38;2;44;43;53m██[38;2;15;15;17m██                                          
                        [38;2;31;31;33m██[38;2;251;251;251m██[38;2;216;216;222m██[38;2;180;180;192m██[38;2;180;180;192m██[38;2;15;15;17m██                                            
                        [38;2;31;31;33m██[38;2;251;251;251m██[38;2;251;251;251m██[38;2;216;216;222m██[38;2;15;15;17m██                                              
                          [38;2;31;31;33m██[38;2;15;15;17m██[38;2;15;15;17m██                                                
