                                                                              [38;2;67;74;85m██                                                                                          
                                                                              [38;2;67;74;85m██                                                                                          
                                                                            [38;2;42;50;54m██[38;2;102;148;172m██[38;2;67;74;85m██                                                                                        
                                                                            [38;2;42;50;54m██[38;2;161;203;243m██[38;2;93;101;115m██[38;2;93;101;115m██                                                                                      
                                                                            [38;2;67;74;85m██[38;2;203;228;253m██[38;2;93;101;115m██[38;2;93;101;115m██                                                                                      
                                                                          [38;2;42;50;54m██[38;2;102;148;172m██[38;2;203;228;253m██[38;2;93;101;115m██[38;2;102;148;172m██[38;2;93;101;115m██                                                                                    
                                                                          [38;2;42;50;54m██[38;2;161;203;243m██[38;2;203;228;253m██[38;2;102;148;172m██[38;2;93;101;115m██[38;2;93;101;115m██                                                                                    
                                                                          [38;2;42;50;54m██[38;2;161;203;243m██[38;2;203;228;253m██[38;2;161;203;243m██[38;2;93;101;115m██[38;2;93;101;115m██            [38;2;67;74;85m██[38;2;67;74;85m██[38;2;67;74;85m██                                                                  
                                                        [38;2;42;50;54m██[38;2;67;74;85m██[38;2;67;74;85m██[38;2;67;74;85m██          [38;2;67;74;85m██[38;2;161;203;243m██[38;2;203;228;253m██[38;2;203;228;253m██[38;2;93;101;115m██[38;2;102;148;172m██[38;2;93;101;115m██      [38;2;67;74;85m██[38;2;67;74;85m██[38;2;161;203;243m██[38;2;161;203;243m██[38;2;67;74;85m██                                                                  
                                                        [38;2;42;50;54m██[38;2;102;148;172m██[38;2;161;203;243m██[38;2;93;101;115m██[38;2;67;74;85m██[38;2;67;74;85m██    [38;2;42;50;54m██[38;2;161;203;243m██[38;2;203;228;253m██[38;2;203;228;253m██[38;2;203;228;253m██[38;2;93;101;115m██[38;2;102;148;172m██[38;2;93;101;115m██  [38;2;67;74;85m██[38;2;67;74;85m██[38;2;161;203;243m██[38;2;203;228;253m██[38;2;203;228;253m██[38;2;67;74;85m██                                                                    
                                                          [38;2;42;50;54m██[38;2;129;178;219m██[38;2;161;203;243m██[38;2;161;203;243m██[38;2;129;178;219m██[38;2;93;101;115m██[38;2;67;74;85m██[38;2;42;50;54m██[38;2;161;203;243m██[38;2;203;228;253m██[38;2;203;228;253m██[38;2;203;228;253m██[38;2;102;148;172m██[38;2;93;101;115m██[38;2;102;148;172m██[38;2;67;74;85m██[38;2;129;178;219m██[38;2;203;228;253m██[38;2;203;228;253m██[38;2;203;228;253m██[38;2;161;203;243m██[38;2;67;74;85m██                                                                    
                                                            [38;2;42;50;54m██[38;2;129;178;219m██[38;2;161;203;243m██[38;2;161;203;243m██[38;2;161;203;243m██[38;2;102;148;172m██[38;2;67;74;85m██[38;2;161;203;243m██[38;2;203;228;253m██[38;2;203;228;253m██[38;2;203;228;253m██[38;2;161;203;243m██[38;2;102;148;172m██[38;2;102;148;172m██[38;2;129;178;219m██[38;2;161;203;243m██[38;2;203;228;253m██[38;2;203;228;253m██[38;2;161;203;243m██[38;2;67;74;85m██                                                                      
                                                              [38;2;42;50;54m██[38;2;129;178;219m██[38;2;161;203;243m██[38;2;161;203;243m██[38;2;161;203;243m██[38;2;102;148;172m██[38;2;161;203;243m██[38;2;203;228;253m██[38;2;203;228;253m██[38;2;203;228;253m██[38;2;203;228;253m██[38;2;129;178;219m██[38;2;102;148;172m██[38;2;161;203;243m██[38;2;203;228;253m██[38;2;203;228;253m██[38;2;161;203;243m██[38;2;129;178;219m██[38;2;67;74;85m██                                                                      
                                                                [38;2;42;50;54m██[38;2;129;178;219m██[38;2;161;203;243m██[38;2;161;203;243m██[38;2;129;178;219m██[38;2;161;203;243m██[38;2;203;228;253m██[38;2;203;228;253m██[38;2;203;228;253m██[38;2;203;228;253m██[38;2;161;203;243m██[38;2;161;203;243m██[38;2;203;228;253m██[38;2;203;228;253m██[38;2;161;203;243m██[38;2;102;148;172m██[38;2;67;74;85m██                                                                        
                                                            [38;2;42;50;54m██[38;2;42;50;54m██[38;2;93;101;115m██[38;2;42;50;54m██[38;2;129;178;219m██[38;2;161;203;243m██[38;2;203;228;253m██[38;2;161;203;243m██[38;2;203;228;253m██[38;2;203;228;253m██[38;2;203;228;253m██[38;2;203;228;253m██[38;2;203;228;253m██[38;2;203;228;253m██[38;2;203;228;253m██[38;2;203;228;253m██[38;2;102;148;172m██[38;2;67;74;85m██[38;2;67;74;85m██[38;2;67;74;85m██                                                                      
                                                      [38;2;42;50;54m██[38;2;42;50;54m██[38;2;42;50;54m██[38;2;102;148;172m██[38;2;129;178;219m██[38;2;161;203;243m██[38;2;161;203;243m██[38;2;102;148;172m██[38;2;129;178;219m██[38;2;161;203;243m██[38;2;203;228;253m██[38;2;203;228;253m██[38;2;203;228;253m██[38;2;203;228;253m██[38;2;203;228;253m██[38;2;203;228;253m██[38;2;203;228;253m██[38;2;161;203;243m██[38;2;161;203;243m██[38;2;203;228;253m██[38;2;161;203;243m██[38;2;161;203;243m██[38;2;129;178;219m██[38;2;67;74;85m██[38;2;67;74;85m██[38;2;67;74;85m██[38;2;67;74;85m██                                                              
                                                  [38;2;42;50;54m██[38;2;42;50;54m██[38;2;102;148;172m██[38;2;129;178;219m██[38;2;161;203;243m██[38;2;161;203;243m██[38;2;161;203;243m██[38;2;161;203;243m██[38;2;161;203;243m██[38;2;203;228;253m██[38;2;203;228;253m██[38;2;203;228;253m██[38;2;203;228;253m██[38;2;203;228;253m██[38;2;203;228;253m██[38;2;203;228;253m██[38;2;203;228;253m██[38;2;203;228;253m██[38;2;203;228;253m██[38;2;203;228;253m██[38;2;203;228;253m██[38;2;203;228;253m██[38;2;203;228;253m██[38;2;203;228;253m██[38;2;203;228;253m██[38;2;203;228;253m██[38;2;203;228;253m██[38;2;67;74;85m██                                                                
                                                      [38;2;42;50;54m██[38;2;42;50;54m██[38;2;102;148;172m██[38;2;129;178;219m██[38;2;161;203;243m██[38;2;161;203;243m██[38;2;161;203;243m██[38;2;161;203;243m██[38;2;203;228;253m██[38;2;203;228;253m██[38;2;203;228;253m██[38;2;203;228;253m██[38;2;203;228;253m██[38;2;203;228;253m██[38;2;203;228;253m██[38;2;203;228;253m██[38;2;203;228;253m██[38;2;203;228;253m██[38;2;203;228;253m██[38;2;203;228;253m██[38;2;203;228;253m██[38;2;203;228;253m██[38;2;161;203;243m██[38;2;93;101;115m██[38;2;67;74;85m██                                                                  
                                                          [38;2;42;50;54m██[38;2;42;50;54m██[38;2;42;50;54m██[38;2;102;148;172m██[38;2;129;178;219m██[38;2;161;203;243m██[38;2;161;203;243m██[38;2;161;203;243m██[38;2;203;228;253m██[38;2;203;228;253m██[38;2;203;228;253m██[38;2;203;228;253m██[38;2;203;228;253m██[38;2;203;228;253m██[38;2;203;228;253m██[38;2;203;228;253m██[38;2;203;228;253m██[38;2;203;228;253m██[38;2;161;203;243m██[38;2;102;148;172m██[38;2;93;101;115m██[38;2;102;148;172m██[38;2;102;148;172m██[38;2;67;74;85m██[38;2;67;74;85m██                                                              
                                                                [38;2;42;50;54m██[38;2;42;50;54m██[38;2;102;148;172m██[38;2;129;178;219m██[38;2;129;178;219m██[38;2;203;228;253m██[38;2;203;228;253m██[38;2;203;228;253m██[38;2;203;228;253m██[38;2;203;228;253m██[38;2;203;228;253m██[38;2;203;228;253m██[38;2;203;228;253m██[38;2;161;203;243m██[38;2;129;178;219m██[38;2;102;148;172m██[38;2;102;148;172m██[38;2;129;178;219m██[38;2;129;178;219m██[38;2;129;178;219m██[38;2;102;148;172m██[38;2;102;148;172m██[38;2;67;74;85m██[38;2;67;74;85m██                                                          
                                                                  [38;2;42;50;54m██[38;2;93;101;115m██[38;2;102;148;172m██[38;2;93;101;115m██[38;2;203;228;253m██[38;2;203;228;253m██[38;2;203;228;253m██[38;2;161;203;243m██[38;2;203;228;253m██[38;2;203;228;253m██[38;2;203;228;253m██[38;2;203;228;253m██[38;2;203;228;253m██[38;2;203;228;253m██[38;2;161;203;243m██[38;2;129;178;219m██[38;2;102;148;172m██[38;2;102;148;172m██[38;2;102;148;172m██[38;2;67;74;85m██[38;2;67;74;85m██                                                              
                                                                [38;2;42;50;54m██[38;2;93;101;115m██[38;2;102;148;172m██[38;2;93;101;115m██[38;2;161;203;243m██[38;2;203;228;253m██[38;2;203;228;253m██[38;2;203;228;253m██[38;2;129;178;219m██[38;2;203;228;253m██[38;2;203;228;253m██[38;2;203;228;253m██[38;2;203;228;253m██[38;2;161;203;243m██[38;2;203;228;253m██[38;2;203;228;253m██[38;2;161;203;243m██[38;2;93;101;115m██[38;2;67;74;85m██[38;2;67;74;85m██                                                                  
                                                                [38;2;42;50;54m██[38;2;102;148;172m██[38;2;102;148;172m██[38;2;93;101;115m██[38;2;203;228;253m██[38;2;203;228;253m██[38;2;203;228;253m██[38;2;161;203;243m██[38;2;203;228;253m██[38;2;203;228;253m██[38;2;161;203;243m██[38;2;203;228;253m██[38;2;203;228;253m██[38;2;129;178;219m██[38;2;161;203;243m██[38;2;161;203;243m██[38;2;203;228;253m██[38;2;161;203;243m██[38;2;42;50;54m██                                                                    
                                                              [38;2;42;50;54m██[38;2;93;101;115m██[38;2;102;148;172m██[38;2;93;101;115m██[38;2;42;50;54m██[38;2;203;228;253m██[38;2;203;228;253m██[38;2;161;203;243m██[38;2;129;178;219m██[38;2;203;228;253m██[38;2;161;203;243m██[38;2;129;178;219m██[38;2;161;203;243m██[38;2;203;228;253m██[38;2;161;203;243m██[38;2;67;74;85m██[38;2;129;178;219m██[38;2;161;203;243m██[38;2;203;228;253m██[38;2;42;50;54m██                                                                    
                                                              [38;2;42;50;54m██[38;2;42;50;54m██[38;2;42;50;54m██[38;2;42;50;54m██[38;2;161;203;243m██[38;2;203;228;253m██[38;2;161;203;243m██[38;2;16;16;16m██[38;2;129;178;219m██[38;2;161;203;243m██[38;2;16;16;16m██[38;2;16;16;16m██[38;2;129;178;219m██[38;2;161;203;243m██[38;2;129;178;219m██[38;2;93;101;115m██[38;2;67;74;85m██[38;2;129;178;219m██[38;2;161;203;243m██[38;2;161;203;243m██[38;2;42;50;54m██                                                                  
                                                                    [38;2;42;50;54m██[38;2;203;228;253m██[38;2;161;203;243m██[38;2;16;16;16m██[38;2;129;178;219m██[38;2;129;178;219m██[38;2;16;16;16m██[38;2;67;74;85m██[38;2;67;74;85m██[38;2;16;16;16m██[38;2;102;148;172m██[38;2;161;203;243m██[38;2;129;178;219m██[38;2;16;16;16m██[38;2;42;50;54m██[38;2;67;74;85m██[38;2;161;203;243m██[38;2;42;50;54m██                                                                  
                                                                  [38;2;42;50;54m██[38;2;161;203;243m██[38;2;102;148;172m██[38;2;16;16;16m██[38;2;16;16;16m██[38;2;93;101;115m██[38;2;16;16;16m██[38;2;42;50;54m██[38;2;67;74;85m██[38;2;67;74;85m██[38;2;42;50;54m██[38;2;16;16;16m██[38;2;93;101;115m██[38;2;129;178;219m██[38;2;42;50;54m██    [38;2;42;50;54m██[38;2;42;50;54m██                                                                  
                                                                  [38;2;42;50;54m██[38;2;42;50;54m██[38;2;16;16;16m██  [38;2;16;16;16m██[38;2;16;16;16m██[38;2;16;16;16m██[38;2;42;50;54m██[38;2;67;74;85m██[38;2;67;74;85m██[38;2;42;50;54m██[38;2;16;16;16m██[38;2;16;16;16m██[38;2;93;101;115m██[38;2;67;74;85m██                                                                          
                                                                          [38;2;16;16;16m██[38;2;16;16;16m██[38;2;16;16;16m██[38;2;42;50;54m██[38;2;67;74;85m██[38;2;93;101;115m██[38;2;42;50;54m██[38;2;16;16;16m██[38;2;16;16;16m██[38;2;16;16;16m██[38;2;16;16;16m██                                                                          
                                                            [38;2;16;16;16m██[38;2;16;16;16m██          [38;2;16;16;16m██[38;2;42;50;54m██[38;2;16;16;16m██[38;2;42;50;54m██[38;2;67;74;85m██[38;2;93;101;115m██[38;2;67;74;85m██[38;2;16;16;16m██[38;2;16;16;16m██[38;2;42;50;54m██[38;2;16;16;16m██        [38;2;67;74;85m██[38;2;67;74;85m██[38;2;16;16;16m██                                                            
                                                            [38;2;67;74;85m██[38;2;129;178;219m██[38;2;16;16;16m██        [38;2;16;16;16m██[38;2;42;50;54m██[38;2;16;16;16m██[38;2;42;50;54m██[38;2;67;74;85m██[38;2;93;101;115m██[38;2;67;74;85m██[38;2;16;16;16m██[38;2;42;50;54m██[38;2;67;74;85m██[38;2;16;16;16m██      [38;2;67;74;85m██[38;2;102;148;172m██[38;2;129;178;219m██[38;2;16;16;16m██                                                            
                                                            [38;2;67;74;85m██[38;2;161;203;243m██[38;2;129;178;219m██[38;2;16;16;16m██    [38;2;16;16;16m██[38;2;42;50;54m██[38;2;42;50;54m██[38;2;16;16;16m██[38;2;42;50;54m██[38;2;93;101;115m██[38;2;67;74;85m██[38;2;93;101;115m██[38;2;42;50;54m██[38;2;16;16;16m██[38;2;67;74;85m██[38;2;16;16;16m██[38;2;16;16;16m██  [38;2;67;74;85m██[38;2;93;101;115m██[38;2;161;203;243m██[38;2;129;178;219m██[38;2;16;16;16m██                                                            
                                                            [38;2;67;74;85m██[38;2;102;148;172m██[38;2;161;203;243m██[38;2;129;178;219m██[38;2;16;16;16m██[38;2;16;16;16m██[38;2;16;16;16m██[38;2;42;50;54m██[38;2;42;50;54m██[38;2;16;16;16m██[38;2;16;16;16m██[38;2;93;101;115m██[38;2;67;74;85m██[38;2;93;101;115m██[38;2;42;50;54m██[38;2;16;16;16m██[38;2;42;50;54m██[38;2;67;74;85m██[38;2;16;16;16m██[38;2;42;50;54m██[38;2;93;101;115m██[38;2;102;148;172m██[38;2;129;178;219m██[38;2;16;16;16m██                                                              
                                              [38;2;16;16;16m██[38;2;16;16;16m██            [38;2;67;74;85m██[38;2;129;178;219m██[38;2;102;148;172m██[38;2;102;148;172m██[38;2;161;203;243m██[38;2;102;148;172m██[38;2;16;16;16m██[38;2;16;16;16m██[38;2;16;16;16m██[38;2;16;16;16m██[38;2;93;101;115m██[38;2;67;74;85m██[38;2;93;101;115m██[38;2;42;50;54m██[38;2;16;16;16m██[38;2;42;50;54m██[38;2;67;74;85m██[38;2;16;16;16m██[38;2;129;178;219m██[38;2;161;203;243m██[38;2;93;101;115m██[38;2;16;16;16m██                [38;2;16;16;16m██                                              
                                              [38;2;42;50;54m██[38;2;161;203;243m██[38;2;16;16;16m██            [38;2;42;50;54m██[38;2;42;50;54m██[38;2;93;101;115m██[38;2;129;178;219m██[38;2;161;203;243m██[38;2;161;203;243m██[38;2;102;148;172m██[38;2;16;16;16m██[38;2;16;16;16m██[38;2;93;101;115m██[38;2;67;74;85m██[38;2;93;101;115m██[38;2;42;50;54m██[38;2;16;16;16m██[38;2;42;50;54m██[38;2;16;16;16m██[38;2;102;148;172m██[38;2;129;178;219m██[38;2;102;148;172m██[38;2;16;16;16m██                [38;2;67;74;85m██[38;2;129;178;219m██[38;2;16;16;16m██                                            
                                              [38;2;42;50;54m██[38;2;161;203;243m██[38;2;129;178;219m██[38;2;16;16;16m██              [38;2;16;16;16m██[38;2;16;16;16m██[38;2;93;101;115m██[38;2;129;178;219m██[38;2;93;101;115m██[38;2;16;16;16m██[38;2;16;16;16m██[38;2;93;101;115m██[38;2;67;74;85m██[38;2;93;101;115m██[38;2;42;50;54m██[38;2;16;16;16m██[38;2;42;50;54m██[38;2;16;16;16m██[38;2;102;148;172m██[38;2;93;101;115m██[38;2;16;16;16m██[38;2;42;50;54m██[38;2;16;16;16m██            [38;2;67;74;85m██[38;2;129;178;219m██[38;2;129;178;219m██[38;2;16;16;16m██                                            
                                              [38;2;42;50;54m██[38;2;129;178;219m██[38;2;161;203;243m██[38;2;16;16;16m██              [38;2;16;16;16m██[38;2;42;50;54m██[38;2;16;16;16m██[38;2;16;16;16m██[38;2;16;16;16m██  [38;2;16;16;16m██[38;2;93;101;115m██[38;2;67;74;85m██[38;2;93;101;115m██[38;2;42;50;54m██[38;2;16;16;16m██[38;2;67;74;85m██[38;2;42;50;54m██[38;2;16;16;16m██[38;2;16;16;16m██[38;2;42;50;54m██[38;2;42;50;54m██[38;2;67;74;85m██[38;2;16;16;16m██[38;2;16;16;16m██        [38;2;67;74;85m██[38;2;161;203;243m██[38;2;102;148;172m██[38;2;16;16;16m██                                            
                                              [38;2;42;50;54m██[38;2;102;148;172m██[38;2;161;203;243m██[38;2;16;16;16m██          [38;2;16;16;16m██[38;2;16;16;16m██[38;2;42;50;54m██[38;2;67;74;85m██[38;2;42;50;54m██[38;2;16;16;16m██    [38;2;16;16;16m██[38;2;93;101;115m██[38;2;67;74;85m██[38;2;93;101;115m██[38;2;42;50;54m██[38;2;16;16;16m██[38;2;67;74;85m██[38;2;42;50;54m██[38;2;16;16;16m██  [38;2;16;16;16m██[38;2;42;50;54m██[38;2;42;50;54m██[38;2;67;74;85m██[38;2;67;74;85m██[38;2;16;16;16m██[38;2;16;16;16m██    [38;2;42;50;54m██[38;2;129;178;219m██[38;2;16;16;16m██                                              
                                                [38;2;42;50;54m██[38;2;102;148;172m██[38;2;93;101;115m██[38;2;16;16;16m██[38;2;16;16;16m██[38;2;16;16;16m██[38;2;16;16;16m██[38;2;16;16;16m██[38;2;42;50;54m██[38;2;67;74;85m██[38;2;67;74;85m██[38;2;42;50;54m██[38;2;16;16;16m██      [38;2;16;16;16m██[38;2;93;101;115m██[38;2;67;74;85m██[38;2;93;101;115m██[38;2;42;50;54m██[38;2;16;16;16m██[38;2;67;74;85m██[38;2;42;50;54m██[38;2;16;16;16m██    [38;2;16;16;16m██[38;2;42;50;54m██[38;2;42;50;54m██[38;2;42;50;54m██[38;2;67;74;85m██[38;2;67;74;85m██[38;2;16;16;16m██[38;2;16;16;16m██[38;2;102;148;172m██[38;2;93;101;115m██[38;2;16;16;16m██[38;2;16;16;16m██[38;2;16;16;16m██[38;2;16;16;16m██[38;2;16;16;16m██                                      
              [38;2;67;74;85m██[38;2;16;16;16m██                  [38;2;16;16;16m██[38;2;16;16;16m██[38;2;16;16;16m██[38;2;16;16;16m██[38;2;16;16;16m██[38;2;16;16;16m██[38;2;16;16;16m██[38;2;16;16;16m██[38;2;102;148;172m██[38;2;102;148;172m██[38;2;42;50;54m██[38;2;42;50;54m██[38;2;42;50;54m██[38;2;67;74;85m██[38;2;67;74;85m██[38;2;42;50;54m██[38;2;42;50;54m██[38;2;16;16;16m██        [38;2;16;16;16m██[38;2;93;101;115m██[38;2;67;74;85m██[38;2;93;101;115m██[38;2;42;50;54m██[38;2;16;16;16m██[38;2;67;74;85m██[38;2;42;50;54m██[38;2;67;74;85m██[38;2;16;16;16m██    [38;2;16;16;16m██[38;2;16;16;16m██[38;2;42;50;54m██[38;2;42;50;54m██[38;2;42;50;54m██[38;2;16;16;16m██[38;2;42;50;54m██[38;2;129;178;219m██[38;2;102;148;172m██[38;2;16;16;16m██[38;2;42;50;54m██[38;2;67;74;85m██[38;2;67;74;85m██[38;2;67;74;85m██[38;2;16;16;16m██[38;2;16;16;16m██              [38;2;67;74;85m██                  
              [38;2;42;50;54m██[38;2;129;178;219m██[38;2;16;16;16m██            [38;2;16;16;16m██[38;2;16;16;16m██[38;2;42;50;54m██[38;2;67;74;85m██[38;2;67;74;85m██[38;2;67;74;85m██[38;2;67;74;85m██[38;2;67;74;85m██[38;2;42;50;54m██[38;2;16;16;16m██[38;2;42;50;54m██[38;2;161;203;243m██[38;2;42;50;54m██[38;2;42;50;54m██[38;2;42;50;54m██[38;2;42;50;54m██[38;2;42;50;54m██[38;2;16;16;16m██[38;2;16;16;16m██        [38;2;16;16;16m██[38;2;93;101;115m██[38;2;67;74;85m██[38;2;93;101;115m██[38;2;67;74;85m██[38;2;16;16;16m██[38;2;42;50;54m██[38;2;67;74;85m██[38;2;42;50;54m██[38;2;67;74;85m██[38;2;42;50;54m██[38;2;16;16;16m██      [38;2;16;16;16m██[38;2;16;16;16m██[38;2;42;50;54m██[38;2;16;16;16m██[38;2;93;101;115m██[38;2;161;203;243m██[38;2;102;148;172m██[38;2;16;16;16m██[38;2;42;50;54m██[38;2;42;50;54m██[38;2;42;50;54m██[38;2;42;50;54m██[38;2;67;74;85m██[38;2;67;74;85m██[38;2;16;16;16m██[38;2;16;16;16m██        [38;2;67;74;85m██[38;2;161;203;243m██[38;2;42;50;54m██                
              [38;2;42;50;54m██[38;2;161;203;243m██[38;2;129;178;219m██[38;2;16;16;16m██        [38;2;16;16;16m██[38;2;42;50;54m██[38;2;67;74;85m██[38;2;67;74;85m██[38;2;42;50;54m██[38;2;42;50;54m██[38;2;42;50;54m██[38;2;42;50;54m██[38;2;42;50;54m██[38;2;42;50;54m██[38;2;42;50;54m██[38;2;16;16;16m██[38;2;129;178;219m██[38;2;102;148;172m██[38;2;42;50;54m██[38;2;16;16;16m██[38;2;16;16;16m██[38;2;16;16;16m██    [38;2;102;148;172m██[38;2;102;148;172m██    [38;2;16;16;16m██[38;2;93;101;115m██[38;2;67;74;85m██[38;2;93;101;115m██[38;2;42;50;54m██[38;2;16;16;16m██[38;2;42;50;54m██[38;2;16;16;16m██[38;2;42;50;54m██[38;2;42;50;54m██[38;2;67;74;85m██[38;2;16;16;16m██          [38;2;16;16;16m██[38;2;16;16;16m██[38;2;102;148;172m██[38;2;129;178;219m██[38;2;67;74;85m██[38;2;16;16;16m██[38;2;16;16;16m██[38;2;16;16;16m██[38;2;16;16;16m██[38;2;16;16;16m██[38;2;42;50;54m██[38;2;42;50;54m██[38;2;67;74;85m██[38;2;67;74;85m██[38;2;16;16;16m██    [38;2;67;74;85m██[38;2;161;203;243m██[38;2;129;178;219m██[38;2;42;50;54m██                
              [38;2;42;50;54m██[38;2;129;178;219m██[38;2;161;203;243m██[38;2;129;178;219m██[38;2;16;16;16m██    [38;2;16;16;16m██[38;2;42;50;54m██[38;2;67;74;85m██[38;2;42;50;54m██[38;2;42;50;54m██[38;2;16;16;16m██[38;2;16;16;16m██[38;2;16;16;16m██[38;2;16;16;16m██[38;2;16;16;16m██[38;2;16;16;16m██[38;2;16;16;16m██[38;2;16;16;16m██[38;2;42;50;54m██[38;2;129;178;219m██[38;2;102;148;172m██[38;2;16;16;16m██        [38;2;102;148;172m██[38;2;203;228;253m██[38;2;93;101;115m██  [38;2;16;16;16m██[38;2;93;101;115m██[38;2;67;74;85m██[38;2;67;74;85m██[38;2;42;50;54m██[38;2;16;16;16m██[38;2;42;50;54m██[38;2;16;16;16m██[38;2;42;50;54m██[38;2;42;50;54m██[38;2;42;50;54m██[38;2;67;74;85m██[38;2;16;16;16m██          [38;2;16;16;16m██[38;2;93;101;115m██[38;2;102;148;172m██[38;2;16;16;16m██[38;2;42;50;54m██[38;2;16;16;16m██      [38;2;16;16;16m██[38;2;16;16;16m██[38;2;42;50;54m██[38;2;42;50;54m██[38;2;67;74;85m██[38;2;16;16;16m██  [38;2;67;74;85m██[38;2;161;203;243m██[38;2;129;178;219m██[38;2;42;50;54m██                
              [38;2;42;50;54m██[38;2;93;101;115m██[38;2;161;203;243m██[38;2;161;203;243m██[38;2;16;16;16m██  [38;2;16;16;16m██[38;2;42;50;54m██[38;2;67;74;85m██[38;2;42;50;54m██[38;2;16;16;16m██[38;2;16;16;16m██            [38;2;16;16;16m██[38;2;42;50;54m██[38;2;16;16;16m██[38;2;93;101;115m██[38;2;16;16;16m██          [38;2;102;148;172m██[38;2;161;203;243m██[38;2;161;203;243m██[38;2;42;50;54m██[38;2;67;74;85m██[38;2;67;74;85m██[38;2;67;74;85m██[38;2;42;50;54m██[38;2;16;16;16m██[38;2;42;50;54m██[38;2;42;50;54m██[38;2;42;50;54m██[38;2;16;16;16m██[38;2;67;74;85m██[38;2;42;50;54m██[38;2;42;50;54m██[38;2;67;74;85m██[38;2;16;16;16m██  [38;2;42;50;54m██[38;2;67;74;85m██[38;2;67;74;85m██[38;2;67;74;85m██[38;2;16;16;16m██[38;2;16;16;16m██[38;2;42;50;54m██[38;2;67;74;85m██[38;2;16;16;16m██          [38;2;16;16;16m██[38;2;16;16;16m██[38;2;42;50;54m██[38;2;67;74;85m██[38;2;16;16;16m██[38;2;67;74;85m██[38;2;161;203;243m██[38;2;129;178;219m██[38;2;42;50;54m██                
                [38;2;42;50;54m██[38;2;129;178;219m██[38;2;161;203;243m██[38;2;129;178;219m██[38;2;16;16;16m██[38;2;16;16;16m██[38;2;42;50;54m██[38;2;42;50;54m██[38;2;16;16;16m██                [38;2;42;50;54m██[38;2;42;50;54m██[38;2;16;16;16m██[38;2;16;16;16m██            [38;2;93;101;115m██[38;2;102;148;172m██[38;2;102;148;172m██[38;2;161;203;243m██[38;2;42;50;54m██[38;2;67;74;85m██[38;2;42;50;54m██[38;2;16;16;16m██[38;2;16;16;16m██[38;2;16;16;16m██[38;2;16;16;16m██[38;2;42;50;54m██[38;2;16;16;16m██[38;2;16;16;16m██[38;2;67;74;85m██[38;2;42;50;54m██[38;2;42;50;54m██[38;2;16;16;16m██[38;2;42;50;54m██[38;2;102;148;172m██[38;2;129;178;219m██[38;2;129;178;219m██[38;2;67;74;85m██  [38;2;16;16;16m██[38;2;42;50;54m██[38;2;67;74;85m██[38;2;16;16;16m██              [38;2;16;16;16m██[38;2;42;50;54m██[38;2;67;74;85m██[38;2;16;16;16m██[38;2;129;178;219m██[38;2;42;50;54m██                  
          [38;2;45;95;111m██[38;2;45;95;111m██[38;2;45;95;111m██[38;2;45;95;111m██[38;2;16;16;16m██[38;2;129;178;219m██[38;2;129;178;219m██[38;2;93;101;115m██[38;2;42;50;54m██[38;2;42;50;54m██[38;2;16;16;16m██                [38;2;16;16;16m██[38;2;67;74;85m██[38;2;42;50;54m██[38;2;16;16;16m██                [38;2;93;101;115m██[38;2;129;178;219m██[38;2;203;228;253m██[38;2;203;228;253m██[38;2;42;50;54m██[38;2;42;50;54m██[38;2;16;16;16m██[38;2;42;50;54m██[38;2;67;74;85m██[38;2;102;148;172m██[38;2;16;16;16m██[38;2;16;16;16m██[38;2;16;16;16m██[38;2;16;16;16m██[38;2;16;16;16m██[38;2;16;16;16m██[38;2;102;148;172m██[38;2;16;16;16m██[38;2;67;74;85m██[38;2;102;148;172m██[38;2;42;50;54m██      [38;2;16;16;16m██[38;2;42;50;54m██[38;2;67;74;85m██[38;2;16;16;16m██              [38;2;16;16;16m██[38;2;42;50;54m██[38;2;16;16;16m██[38;2;102;148;172m██[38;2;42;50;54m██[38;2;45;95;111m██[38;2;45;95;111m██[38;2;45;95;111m██[38;2;45;95;111m██          
        [38;2;16;16;16m██[38;2;106;213;236m██[38;2;49;166;191m██[38;2;49;166;191m██[38;2;45;95;111m██[38;2;45;95;111m██[38;2;42;50;54m██[38;2;93;101;115m██[38;2;129;178;219m██[38;2;42;50;54m██[38;2;42;50;54m██[38;2;16;16;16m██              [38;2;16;16;16m██[38;2;67;74;85m██[38;2;42;50;54m██[38;2;16;16;16m██              [38;2;42;50;54m██[38;2;42;50;54m██[38;2;42;50;54m██[38;2;93;101;115m██[38;2;129;178;219m██[38;2;203;228;253m██[38;2;102;148;172m██[38;2;42;50;54m██  [38;2;16;16;16m██[38;2;67;74;85m██[38;2;102;148;172m██[38;2;129;178;219m██[38;2;102;148;172m██[38;2;67;74;85m██[38;2;16;16;16m██[38;2;102;148;172m██[38;2;129;178;219m██[38;2;102;148;172m██[38;2;16;16;16m██[38;2;42;50;54m██[38;2;42;50;54m██        [38;2;16;16;16m██[38;2;42;50;54m██[38;2;42;50;54m██[38;2;67;74;85m██[38;2;16;16;16m██          [38;2;16;16;16m██[38;2;16;16;16m██[38;2;42;50;54m██[38;2;16;16;16m██[38;2;129;178;219m██[38;2;42;50;54m██[38;2;45;95;111m██[38;2;106;213;236m██[38;2;106;213;236m██[38;2;106;213;236m██[38;2;16;16;16m██        
          [38;2;16;16;16m██[38;2;16;16;16m██[38;2;16;16;16m██[38;2;49;166;191m██[38;2;45;95;111m██[38;2;42;50;54m██[38;2;129;178;219m██[38;2;161;203;243m██[38;2;16;16;16m██[38;2;42;50;54m██[38;2;129;178;219m██[38;2;42;50;54m██          [38;2;16;16;16m██[38;2;67;74;85m██[38;2;42;50;54m██[38;2;16;16;16m██            [38;2;42;50;54m██[38;2;42;50;54m██[38;2;93;101;115m██[38;2;67;74;85m██[38;2;16;16;16m██[38;2;16;16;16m██[38;2;93;101;115m██[38;2;129;178;219m██[38;2;102;148;172m██[38;2;42;50;54m██    [38;2;16;16;16m██[38;2;16;16;16m██[38;2;16;16;16m██[38;2;16;16;16m██[38;2;16;16;16m██[38;2;16;16;16m██[38;2;16;16;16m██[38;2;16;16;16m██[38;2;16;16;16m██[38;2;16;16;16m██              [38;2;16;16;16m██[38;2;42;50;54m██[38;2;42;50;54m██[38;2;67;74;85m██[38;2;16;16;16m██      [38;2;16;16;16m██[38;2;102;148;172m██[38;2;16;16;16m██[38;2;16;16;16m██[38;2;129;178;219m██[38;2;102;148;172m██[38;2;45;95;111m██[38;2;49;166;191m██[38;2;16;16;16m██[38;2;16;16;16m██[38;2;16;16;16m██          
      [38;2;45;95;111m██[38;2;45;95;111m██[38;2;45;95;111m██[38;2;16;16;16m██    [38;2;49;166;191m██[38;2;42;50;54m██[38;2;129;178;219m██[38;2;161;203;243m██[38;2;203;228;253m██[38;2;16;16;16m██[38;2;129;178;219m██[38;2;129;178;219m██[38;2;16;16;16m██    [38;2;16;16;16m██[38;2;16;16;16m██[38;2;67;74;85m██[38;2;42;50;54m██[38;2;16;16;16m██            [38;2;42;50;54m██[38;2;93;101;115m██[38;2;93;101;115m██[38;2;16;16;16m██[38;2;16;16;16m██[38;2;16;16;16m██[38;2;93;101;115m██[38;2;16;16;16m██[38;2;93;101;115m██[38;2;42;50;54m██      [38;2;16;16;16m██[38;2;42;50;54m██[38;2;42;50;54m██[38;2;42;50;54m██[38;2;42;50;54m██[38;2;16;16;16m██[38;2;16;16;16m██[38;2;42;50;54m██[38;2;42;50;54m██[38;2;16;16;16m██                [38;2;16;16;16m██[38;2;42;50;54m██[38;2;42;50;54m██[38;2;67;74;85m██[38;2;16;16;16m██[38;2;16;16;16m██[38;2;16;16;16m██[38;2;16;16;16m██[38;2;16;16;16m██[38;2;16;16;16m██[38;2;161;203;243m██[38;2;129;178;219m██[38;2;102;148;172m██[38;2;49;166;191m██[38;2;16;16;16m██  [38;2;16;16;16m██[38;2;45;95;111m██[38;2;45;95;111m██[38;2;45;95;111m██      
  [38;2;45;95;111m██[38;2;45;95;111m██[38;2;49;166;191m██[38;2;49;166;191m██[38;2;49;166;191m██[38;2;49;166;191m██[38;2;16;16;16m██[38;2;45;95;111m██[38;2;49;166;191m██[38;2;49;166;191m██[38;2;93;101;115m██[38;2;129;178;219m██[38;2;161;203;243m██[38;2;16;16;16m██[38;2;16;16;16m██[38;2;42;50;54m██[38;2;42;50;54m██[38;2;16;16;16m██[38;2;42;50;54m██[38;2;67;74;85m██[38;2;67;74;85m██[38;2;42;50;54m██[38;2;16;16;16m██            [38;2;42;50;54m██[38;2;93;101;115m██[38;2;67;74;85m██[38;2;16;16;16m██    [38;2;16;16;16m██[38;2;93;101;115m██[38;2;67;74;85m██[38;2;42;50;54m██[38;2;16;16;16m██      [38;2;16;16;16m██[38;2;42;50;54m██[38;2;42;50;54m██[38;2;42;50;54m██[38;2;42;50;54m██[38;2;16;16;16m██[38;2;42;50;54m██[38;2;42;50;54m██[38;2;42;50;54m██[38;2;42;50;54m██[38;2;16;16;16m██                [38;2;16;16;16m██[38;2;42;50;54m██[38;2;42;50;54m██[38;2;67;74;85m██[38;2;67;74;85m██[38;2;67;74;85m██[38;2;42;50;54m██[38;2;16;16;16m██[38;2;161;203;243m██[38;2;129;178;219m██[38;2;102;148;172m██[38;2;42;50;54m██[38;2;49;166;191m██[38;2;45;95;111m██[38;2;16;16;16m██[38;2;49;166;191m██[38;2;106;213;236m██[38;2;106;213;236m██[38;2;106;213;236m██[38;2;45;95;111m██[38;2;45;95;111m██  
[38;2;16;16;16m██[38;2;106;213;236m██[38;2;106;213;236m██[38;2;49;166;191m██[38;2;16;16;16m██[38;2;16;16;16m██[38;2;49;166;191m██[38;2;49;166;191m██[38;2;49;166;191m██[38;2;49;166;191m██[38;2;16;16;16m██[38;2;42;50;54m██[38;2;129;178;219m██[38;2;161;203;243m██[38;2;161;203;243m██[38;2;42;50;54m██[38;2;42;50;54m██[38;2;42;50;54m██[38;2;67;74;85m██[38;2;67;74;85m██[38;2;42;50;54m██[38;2;16;16;16m██[38;2;16;16;16m██            [38;2;42;50;54m██[38;2;67;74;85m██[38;2;67;74;85m██[38;2;16;16;16m██    [38;2;42;50;54m██[38;2;93;101;115m██[38;2;67;74;85m██[38;2;42;50;54m██[38;2;16;16;16m██        [38;2;16;16;16m██[38;2;67;74;85m██[38;2;42;50;54m██[38;2;42;50;54m██[38;2;42;50;54m██[38;2;16;16;16m██[38;2;67;74;85m██[38;2;42;50;54m██[38;2;42;50;54m██[38;2;42;50;54m██[38;2;16;16;16m██                  [38;2;16;16;16m██[38;2;16;16;16m██[38;2;42;50;54m██[38;2;42;50;54m██[38;2;16;16;16m██[38;2;16;16;16m██[38;2;102;148;172m██[38;2;102;148;172m██[38;2;102;148;172m██[38;2;42;50;54m██[38;2;49;166;191m██[38;2;49;166;191m██[38;2;49;166;191m██[38;2;49;166;191m██[38;2;106;213;236m██[38;2;16;16;16m██[38;2;16;16;16m██[38;2;49;166;191m██[38;2;106;213;236m██[38;2;106;213;236m██[38;2;45;95;111m██
  [38;2;16;16;16m██[38;2;16;16;16m██[38;2;16;16;16m██    [38;2;16;16;16m██[38;2;49;166;191m██[38;2;49;166;191m██[38;2;49;166;191m██[38;2;49;166;191m██[38;2;45;95;111m██[38;2;93;101;115m██[38;2;129;178;219m██[38;2;129;178;219m██[38;2;129;178;219m██[38;2;93;101;115m██[38;2;16;16;16m██[38;2;16;16;16m██[38;2;16;16;16m██[38;2;16;16;16m██                [38;2;42;50;54m██[38;2;67;74;85m██[38;2;16;16;16m██    [38;2;42;50;54m██[38;2;93;101;115m██[38;2;67;74;85m██[38;2;93;101;115m██[38;2;42;50;54m██[38;2;16;16;16m██        [38;2;16;16;16m██[38;2;67;74;85m██[38;2;42;50;54m██[38;2;67;74;85m██[38;2;42;50;54m██[38;2;16;16;16m██[38;2;67;74;85m██[38;2;42;50;54m██[38;2;67;74;85m██[38;2;42;50;54m██[38;2;42;50;54m██[38;2;16;16;16m██                    [38;2;16;16;16m██[38;2;16;16;16m██[38;2;16;16;16m██[38;2;16;16;16m██[38;2;42;50;54m██[38;2;42;50;54m██[38;2;42;50;54m██[38;2;45;95;111m██[38;2;49;166;191m██[38;2;49;166;191m██[38;2;49;166;191m██[38;2;49;166;191m██[38;2;16;16;16m██    [38;2;16;16;16m██[38;2;16;16;16m██[38;2;16;16;16m██  
              [38;2;16;16;16m██[38;2;49;166;191m██[38;2;49;166;191m██[38;2;49;166;191m██[38;2;49;166;191m██[38;2;49;166;191m██[38;2;93;101;115m██[38;2;93;101;115m██[38;2;129;178;219m██[38;2;42;50;54m██[38;2;16;16;16m██[38;2;16;16;16m██                  [38;2;42;50;54m██[38;2;67;74;85m██[38;2;16;16;16m██    [38;2;42;50;54m██[38;2;93;101;115m██[38;2;67;74;85m██[38;2;93;101;115m██[38;2;42;50;54m██[38;2;16;16;16m██          [38;2;16;16;16m██[38;2;67;74;85m██[38;2;42;50;54m██[38;2;67;74;85m██[38;2;16;16;16m██  [38;2;16;16;16m██[38;2;67;74;85m██[38;2;42;50;54m██[38;2;67;74;85m██[38;2;42;50;54m██[38;2;16;16;16m██                          [38;2;16;16;16m██[38;2;49;166;191m██[38;2;49;166;191m██[38;2;49;166;191m██[38;2;49;166;191m██[38;2;49;166;191m██[38;2;49;166;191m██[38;2;49;166;191m██[38;2;16;16;16m██              
          [38;2;45;95;111m██[38;2;45;95;111m██[38;2;49;166;191m██[38;2;49;166;191m██[38;2;49;166;191m██[38;2;49;166;191m██[38;2;49;166;191m██[38;2;49;166;191m██[38;2;49;166;191m██[38;2;45;95;111m██[38;2;42;50;54m██[38;2;16;16;16m██                    [38;2;161;203;243m██[38;2;42;50;54m██[38;2;67;74;85m██[38;2;16;16;16m██  [38;2;42;50;54m██[38;2;93;101;115m██[38;2;67;74;85m██[38;2;93;101;115m██[38;2;42;50;54m██[38;2;16;16;16m██            [38;2;16;16;16m██[38;2;67;74;85m██[38;2;42;50;54m██[38;2;67;74;85m██[38;2;16;16;16m██  [38;2;16;16;16m██[38;2;67;74;85m██[38;2;42;50;54m██[38;2;67;74;85m██[38;2;42;50;54m██[38;2;16;16;16m██                          [38;2;16;16;16m██[38;2;49;166;191m██[38;2;45;95;111m██[38;2;45;95;111m██[38;2;49;166;191m██[38;2;49;166;191m██[38;2;49;166;191m██[38;2;106;213;236m██[38;2;106;213;236m██[38;2;45;95;111m██[38;2;45;95;111m██          
        [38;2;45;95;111m██[38;2;49;166;191m██[38;2;49;166;191m██[38;2;49;166;191m██[38;2;45;95;111m██[38;2;45;95;111m██[38;2;49;166;191m██[38;2;49;166;191m██[38;2;16;16;16m██[38;2;45;95;111m██[38;2;49;166;191m██[38;2;45;95;111m██                    [38;2;161;203;243m██[38;2;203;228;253m██[38;2;102;148;172m██[38;2;42;50;54m██[38;2;16;16;16m██[38;2;42;50;54m██[38;2;93;101;115m██[38;2;67;74;85m██[38;2;93;101;115m██[38;2;42;50;54m██[38;2;16;16;16m██            [38;2;16;16;16m██[38;2;67;74;85m██[38;2;42;50;54m██[38;2;67;74;85m██[38;2;42;50;54m██[38;2;16;16;16m██  [38;2;16;16;16m██[38;2;67;74;85m██[38;2;42;50;54m██[38;2;67;74;85m██[38;2;42;50;54m██[38;2;16;16;16m██                          [38;2;16;16;16m██[38;2;49;166;191m██[38;2;45;95;111m██[38;2;45;95;111m██[38;2;49;166;191m██[38;2;49;166;191m██[38;2;16;16;16m██[38;2;16;16;16m██[38;2;49;166;191m██[38;2;106;213;236m██[38;2;106;213;236m██[38;2;45;95;111m██        
    [38;2;45;95;111m██[38;2;45;95;111m██[38;2;49;166;191m██[38;2;49;166;191m██[38;2;45;95;111m██[38;2;45;95;111m██    [38;2;16;16;16m██[38;2;49;166;191m██[38;2;45;95;111m██[38;2;16;16;16m██[38;2;106;213;236m██[38;2;45;95;111m██                    [38;2;161;203;243m██[38;2;203;228;253m██[38;2;102;148;172m██[38;2;16;16;16m██[38;2;93;101;115m██[38;2;93;101;115m██[38;2;67;74;85m██[38;2;93;101;115m██[38;2;42;50;54m██[38;2;16;16;16m██              [38;2;16;16;16m██[38;2;67;74;85m██[38;2;42;50;54m██[38;2;67;74;85m██[38;2;42;50;54m██[38;2;16;16;16m██  [38;2;16;16;16m██[38;2;67;74;85m██[38;2;42;50;54m██[38;2;67;74;85m██[38;2;42;50;54m██[38;2;16;16;16m██                          [38;2;16;16;16m██[38;2;49;166;191m██[38;2;45;95;111m██[38;2;16;16;16m██[38;2;49;166;191m██[38;2;45;95;111m██    [38;2;16;16;16m██[38;2;16;16;16m██[38;2;49;166;191m██[38;2;106;213;236m██[38;2;45;95;111m██[38;2;45;95;111m██    
  [38;2;16;16;16m██[38;2;106;213;236m██[38;2;106;213;236m██[38;2;49;166;191m██[38;2;45;95;111m██        [38;2;16;16;16m██[38;2;49;166;191m██[38;2;45;95;111m██[38;2;16;16;16m██[38;2;106;213;236m██[38;2;45;95;111m██                    [38;2;102;148;172m██[38;2;161;203;243m██[38;2;102;148;172m██[38;2;42;50;54m██[38;2;67;74;85m██[38;2;67;74;85m██[38;2;93;101;115m██[38;2;42;50;54m██[38;2;16;16;16m██              [38;2;16;16;16m██[38;2;67;74;85m██[38;2;42;50;54m██[38;2;67;74;85m██[38;2;42;50;54m██[38;2;16;16;16m██    [38;2;16;16;16m██[38;2;67;74;85m██[38;2;42;50;54m██[38;2;67;74;85m██[38;2;42;50;54m██[38;2;16;16;16m██                          [38;2;16;16;16m██[38;2;49;166;191m██[38;2;45;95;111m██[38;2;16;16;16m██[38;2;49;166;191m██[38;2;45;95;111m██        [38;2;16;16;16m██[38;2;49;166;191m██[38;2;106;213;236m██[38;2;106;213;236m██[38;2;45;95;111m██  
    [38;2;16;16;16m██[38;2;16;16;16m██[38;2;16;16;16m██        [38;2;16;16;16m██[38;2;49;166;191m██[38;2;45;95;111m██[38;2;16;16;16m██[38;2;49;166;191m██[38;2;45;95;111m██                    [38;2;16;16;16m██[38;2;161;203;243m██[38;2;102;148;172m██[38;2;102;148;172m██[38;2;16;16;16m██[38;2;42;50;54m██[38;2;42;50;54m██[38;2;16;16;16m██                  [38;2;16;16;16m██[38;2;67;74;85m██[38;2;42;50;54m██[38;2;67;74;85m██[38;2;42;50;54m██[38;2;16;16;16m██    [38;2;16;16;16m██[38;2;67;74;85m██[38;2;42;50;54m██[38;2;67;74;85m██[38;2;42;50;54m██[38;2;16;16;16m██                            [38;2;16;16;16m██[38;2;49;166;191m██[38;2;16;16;16m██[38;2;49;166;191m██[38;2;49;166;191m██[38;2;45;95;111m██        [38;2;16;16;16m██[38;2;16;16;16m██[38;2;16;16;16m██    
                  [38;2;16;16;16m██[38;2;49;166;191m██[38;2;45;95;111m██[38;2;16;16;16m██[38;2;49;166;191m██[38;2;45;95;111m██                [38;2;42;50;54m██[38;2;16;16;16m██[38;2;42;50;54m██[38;2;161;203;243m██[38;2;161;203;243m██[38;2;203;228;253m██[38;2;203;228;253m██[38;2;16;16;16m██                    [38;2;16;16;16m██[38;2;67;74;85m██[38;2;42;50;54m██[38;2;67;74;85m██[38;2;42;50;54m██[38;2;16;16;16m██    [38;2;16;16;16m██[38;2;67;74;85m██[38;2;42;50;54m██[38;2;67;74;85m██[38;2;42;50;54m██[38;2;16;16;16m██                              [38;2;16;16;16m██[38;2;49;166;191m██[38;2;16;16;16m██[38;2;49;166;191m██[38;2;49;166;191m██[38;2;45;95;111m██                  
                  [38;2;16;16;16m██[38;2;49;166;191m██[38;2;45;95;111m██[38;2;16;16;16m██[38;2;16;16;16m██                [38;2;42;50;54m██[38;2;93;101;115m██[38;2;67;74;85m██[38;2;16;16;16m██[38;2;67;74;85m██[38;2;161;203;243m██[38;2;161;203;243m██[38;2;102;148;172m██[38;2;42;50;54m██                  [38;2;16;16;16m██[38;2;67;74;85m██[38;2;42;50;54m██[38;2;67;74;85m██[38;2;42;50;54m██[38;2;16;16;16m██[38;2;16;16;16m██[38;2;16;16;16m██  [38;2;16;16;16m██[38;2;67;74;85m██[38;2;42;50;54m██[38;2;67;74;85m██[38;2;42;50;54m██[38;2;16;16;16m██                                [38;2;16;16;16m██[38;2;45;95;111m██[38;2;16;16;16m██[38;2;49;166;191m██[38;2;45;95;111m██                  
                [38;2;16;16;16m██[38;2;106;213;236m██[38;2;45;95;111m██                    [38;2;42;50;54m██[38;2;93;101;115m██[38;2;67;74;85m██[38;2;67;74;85m██[38;2;42;50;54m██[38;2;16;16;16m██[38;2;16;16;16m██[38;2;42;50;54m██[38;2;42;50;54m██                [38;2;42;50;54m██[38;2;16;16;16m██[38;2;67;74;85m██[38;2;42;50;54m██[38;2;67;74;85m██[38;2;42;50;54m██[38;2;16;16;16m██[38;2;42;50;54m██[38;2;93;101;115m██[38;2;16;16;16m██[38;2;16;16;16m██[38;2;67;74;85m██[38;2;42;50;54m██[38;2;67;74;85m██[38;2;42;50;54m██[38;2;16;16;16m██                                        [38;2;16;16;16m██[38;2;49;166;191m██[38;2;45;95;111m██                
                [38;2;16;16;16m██[38;2;45;95;111m██                    [38;2;42;50;54m██[38;2;93;101;115m██[38;2;67;74;85m██[38;2;93;101;115m██[38;2;42;50;54m██[38;2;16;16;16m██[38;2;16;16;16m██                    [38;2;42;50;54m██[38;2;102;148;172m██[38;2;16;16;16m██[38;2;42;50;54m██[38;2;67;74;85m██[38;2;42;50;54m██[38;2;16;16;16m██[38;2;42;50;54m██[38;2;93;101;115m██[38;2;16;16;16m██  [38;2;16;16;16m██[38;2;67;74;85m██[38;2;42;50;54m██[38;2;67;74;85m██[38;2;42;50;54m██[38;2;16;16;16m██                                          [38;2;16;16;16m██[38;2;45;95;111m██                
                                      [38;2;42;50;54m██[38;2;93;101;115m██[38;2;67;74;85m██[38;2;93;101;115m██[38;2;42;50;54m██[38;2;16;16;16m██                        [38;2;16;16;16m██[38;2;102;148;172m██[38;2;161;203;243m██[38;2;16;16;16m██[38;2;16;16;16m██[38;2;16;16;16m██[38;2;93;101;115m██[38;2;16;16;16m██[38;2;16;16;16m██  [38;2;16;16;16m██[38;2;102;148;172m██[38;2;102;148;172m██[38;2;67;74;85m██[38;2;42;50;54m██[38;2;16;16;16m██                                                                
                                    [38;2;42;50;54m██[38;2;93;101;115m██[38;2;67;74;85m██[38;2;93;101;115m██[38;2;42;50;54m██[38;2;16;16;16m██                          [38;2;16;16;16m██[38;2;102;148;172m██[38;2;129;178;219m██[38;2;129;178;219m██[38;2;161;203;243m██[38;2;42;50;54m██[38;2;16;16;16m██      [38;2;16;16;16m██[38;2;129;178;219m██[38;2;161;203;243m██[38;2;161;203;243m██[38;2;161;203;243m██[38;2;16;16;16m██[38;2;16;16;16m██[38;2;16;16;16m██[38;2;16;16;16m██                                                          
                                    [38;2;42;50;54m██[38;2;93;101;115m██[38;2;67;74;85m██[38;2;93;101;115m██[38;2;16;16;16m██                            [38;2;16;16;16m██[38;2;16;16;16m██[38;2;102;148;172m██[38;2;102;148;172m██[38;2;93;101;115m██[38;2;102;148;172m██[38;2;16;16;16m██      [38;2;16;16;16m██[38;2;67;74;85m██[38;2;129;178;219m██[38;2;129;178;219m██[38;2;161;203;243m██[38;2;16;16;16m██[38;2;102;148;172m██[38;2;129;178;219m██[38;2;129;178;219m██[38;2;16;16;16m██                                                        
                                  [38;2;42;50;54m██[38;2;67;74;85m██[38;2;67;74;85m██[38;2;93;101;115m██[38;2;42;50;54m██[38;2;16;16;16m██                          [38;2;16;16;16m██[38;2;42;50;54m██[38;2;42;50;54m██[38;2;16;16;16m██[38;2;16;16;16m██[38;2;16;16;16m██[38;2;16;16;16m██      [38;2;16;16;16m██[38;2;42;50;54m██[38;2;16;16;16m██[38;2;16;16;16m██[38;2;16;16;16m██[38;2;16;16;16m██[38;2;16;16;16m██[38;2;67;74;85m██[38;2;102;148;172m██[38;2;102;148;172m██[38;2;102;148;172m██[38;2;16;16;16m██                                                      
                                  [38;2;42;50;54m██[38;2;67;74;85m██[38;2;67;74;85m██[38;2;93;101;115m██[38;2;16;16;16m██                          [38;2;16;16;16m██[38;2;67;74;85m██[38;2;42;50;54m██[38;2;42;50;54m██[38;2;42;50;54m██[38;2;42;50;54m██[38;2;16;16;16m██        [38;2;16;16;16m██[38;2;42;50;54m██[38;2;42;50;54m██[38;2;42;50;54m██[38;2;42;50;54m██[38;2;16;16;16m██  [38;2;16;16;16m██[38;2;16;16;16m██[38;2;16;16;16m██[38;2;16;16;16m██                                                        
                                [38;2;42;50;54m██[38;2;67;74;85m██[38;2;67;74;85m██[38;2;67;74;85m██[38;2;42;50;54m██[38;2;16;16;16m██                        [38;2;16;16;16m██[38;2;67;74;85m██[38;2;42;50;54m██[38;2;67;74;85m██[38;2;42;50;54m██[38;2;42;50;54m██[38;2;16;16;16m██        [38;2;16;16;16m██[38;2;67;74;85m██[38;2;42;50;54m██[38;2;67;74;85m██[38;2;42;50;54m██[38;2;16;16;16m██                                                                    
                              [38;2;42;50;54m██[38;2;203;228;253m██[38;2;102;148;172m██[38;2;67;74;85m██[38;2;42;50;54m██[38;2;16;16;16m██                        [38;2;16;16;16m██[38;2;67;74;85m██[38;2;42;50;54m██[38;2;67;74;85m██[38;2;42;50;54m██[38;2;42;50;54m██[38;2;16;16;16m██          [38;2;16;16;16m██[38;2;67;74;85m██[38;2;42;50;54m██[38;2;67;74;85m██[38;2;42;50;54m██[38;2;16;16;16m██                                                                    
                              [38;2;93;101;115m██[38;2;203;228;253m██[38;2;161;203;243m██[38;2;67;74;85m██[38;2;42;50;54m██[38;2;16;16;16m██                      [38;2;16;16;16m██[38;2;67;74;85m██[38;2;42;50;54m██[38;2;67;74;85m██[38;2;42;50;54m██[38;2;42;50;54m██[38;2;16;16;16m██            [38;2;16;16;16m██[38;2;67;74;85m██[38;2;42;50;54m██[38;2;67;74;85m██[38;2;16;16;16m██                                                                      
                            [38;2;42;50;54m██[38;2;93;101;115m██[38;2;203;228;253m██[38;2;161;203;243m██[38;2;67;74;85m██[38;2;42;50;54m██[38;2;16;16;16m██                      [38;2;16;16;16m██[38;2;67;74;85m██[38;2;42;50;54m██[38;2;67;74;85m██[38;2;42;50;54m██[38;2;16;16;16m██            [38;2;16;16;16m██[38;2;67;74;85m██[38;2;42;50;54m██[38;2;67;74;85m██[38;2;42;50;54m██[38;2;16;16;16m██                                                                      
                            [38;2;16;16;16m██[38;2;102;148;172m██[38;2;93;101;115m██[38;2;161;203;243m██[38;2;102;148;172m██[38;2;42;50;54m██[38;2;16;16;16m██                    [38;2;16;16;16m██[38;2;67;74;85m██[38;2;42;50;54m██[38;2;67;74;85m██[38;2;42;50;54m██[38;2;16;16;16m██              [38;2;16;16;16m██[38;2;67;74;85m██[38;2;42;50;54m██[38;2;67;74;85m██[38;2;42;50;54m██[38;2;16;16;16m██                                                                      
                            [38;2;16;16;16m██[38;2;102;148;172m██[38;2;129;178;219m██[38;2;102;148;172m██[38;2;161;203;243m██[38;2;161;203;243m██[38;2;16;16;16m██                  [38;2;16;16;16m██[38;2;67;74;85m██[38;2;42;50;54m██[38;2;67;74;85m██[38;2;42;50;54m██[38;2;16;16;16m██                [38;2;16;16;16m██[38;2;67;74;85m██[38;2;42;50;54m██[38;2;67;74;85m██[38;2;16;16;16m██                                                                        
                          [38;2;16;16;16m██[38;2;42;50;54m██[38;2;42;50;54m██[38;2;102;148;172m██[38;2;161;203;243m██[38;2;161;203;243m██[38;2;102;148;172m██[38;2;16;16;16m██                  [38;2;16;16;16m██[38;2;67;74;85m██[38;2;42;50;54m██[38;2;67;74;85m██[38;2;42;50;54m██[38;2;16;16;16m██              [38;2;16;16;16m██[38;2;67;74;85m██[38;2;42;50;54m██[38;2;67;74;85m██[38;2;42;50;54m██[38;2;16;16;16m██                                                                        
                        [38;2;16;16;16m██[38;2;42;50;54m██[38;2;67;74;85m██[38;2;42;50;54m██[38;2;42;50;54m██[38;2;102;148;172m██[38;2;102;148;172m██[38;2;16;16;16m██                  [38;2;16;16;16m██[38;2;67;74;85m██[38;2;42;50;54m██[38;2;67;74;85m██[38;2;42;50;54m██[38;2;16;16;16m██                [38;2;16;16;16m██[38;2;67;74;85m██[38;2;42;50;54m██[38;2;67;74;85m██[38;2;42;50;54m██[38;2;16;16;16m██                                                                        
                      [38;2;16;16;16m██[38;2;42;50;54m██[38;2;93;101;115m██[38;2;67;74;85m██[38;2;67;74;85m██[38;2;42;50;54m██[38;2;42;50;54m██[38;2;42;50;54m██[38;2;16;16;16m██                  [38;2;16;16;16m██[38;2;67;74;85m██[38;2;42;50;54m██[38;2;67;74;85m██[38;2;16;16;16m██                  [38;2;16;16;16m██[38;2;67;74;85m██[38;2;42;50;54m██[38;2;67;74;85m██[38;2;42;50;54m██[38;2;16;16;16m██                                                                        
                    [38;2;16;16;16m██[38;2;16;16;16m██[38;2;67;74;85m██[38;2;67;74;85m██[38;2;67;74;85m██[38;2;67;74;85m██[38;2;67;74;85m██[38;2;42;50;54m██[38;2;42;50;54m██[38;2;42;50;54m██[38;2;16;16;16m██              [38;2;16;16;16m██[38;2;67;74;85m██[38;2;42;50;54m██[38;2;67;74;85m██[38;2;42;50;54m██[38;2;16;16;16m██                  [38;2;16;16;16m██[38;2;67;74;85m██[38;2;42;50;54m██[38;2;67;74;85m██[38;2;42;50;54m██[38;2;16;16;16m██                                                                        
                  [38;2;16;16;16m██[38;2;42;50;54m██[38;2;67;74;85m██[38;2;93;101;115m██[38;2;93;101;115m██[38;2;67;74;85m██[38;2;67;74;85m██[38;2;67;74;85m██[38;2;42;50;54m██[38;2;42;50;54m██[38;2;42;50;54m██[38;2;16;16;16m██              [38;2;16;16;16m██[38;2;67;74;85m██[38;2;42;50;54m██[38;2;67;74;85m██[38;2;16;16;16m██                    [38;2;16;16;16m██[38;2;67;74;85m██[38;2;42;50;54m██[38;2;67;74;85m██[38;2;42;50;54m██[38;2;16;16;16m██                                                                        
                  [38;2;16;16;16m██[38;2;42;50;54m██[38;2;67;74;85m██[38;2;102;148;172m██[38;2;93;101;115m██[38;2;67;74;85m██[38;2;67;74;85m██[38;2;67;74;85m██[38;2;42;50;54m██[38;2;42;50;54m██[38;2;42;50;54m██[38;2;42;50;54m██[38;2;16;16;16m██            [38;2;16;16;16m██[38;2;67;74;85m██[38;2;42;50;54m██[38;2;67;74;85m██[38;2;16;16;16m██                    [38;2;16;16;16m██[38;2;67;74;85m██[38;2;42;50;54m██[38;2;42;50;54m██[38;2;67;74;85m██[38;2;42;50;54m██[38;2;16;16;16m██                                                                      
                  [38;2;16;16;16m██[38;2;42;50;54m██[38;2;67;74;85m██[38;2;93;101;115m██[38;2;93;101;115m██[38;2;67;74;85m██[38;2;67;74;85m██[38;2;67;74;85m██[38;2;42;50;54m██[38;2;42;50;54m██[38;2;42;50;54m██[38;2;42;50;54m██[38;2;16;16;16m██          [38;2;16;16;16m██[38;2;67;74;85m██[38;2;42;50;54m██[38;2;67;74;85m██[38;2;42;50;54m██[38;2;16;16;16m██                    [38;2;16;16;16m██[38;2;67;74;85m██[38;2;42;50;54m██[38;2;42;50;54m██[38;2;67;74;85m██[38;2;42;50;54m██[38;2;16;16;16m██[38;2;67;74;85m██[38;2;67;74;85m██[38;2;67;74;85m██[38;2;67;74;85m██                                                              
                  [38;2;16;16;16m██[38;2;42;50;54m██[38;2;67;74;85m██[38;2;67;74;85m██[38;2;93;101;115m██[38;2;67;74;85m██[38;2;67;74;85m██[38;2;67;74;85m██[38;2;42;50;54m██[38;2;42;50;54m██[38;2;42;50;54m██[38;2;42;50;54m██[38;2;16;16;16m██          [38;2;16;16;16m██[38;2;67;74;85m██[38;2;42;50;54m██[38;2;67;74;85m██[38;2;16;16;16m██                        [38;2;16;16;16m██[38;2;16;16;16m██[38;2;42;50;54m██[38;2;42;50;54m██[38;2;42;50;54m██[38;2;42;50;54m██[38;2;67;74;85m██[38;2;161;203;243m██[38;2;129;178;219m██[38;2;102;148;172m██[38;2;67;74;85m██[38;2;67;74;85m██                                                          
                  [38;2;16;16;16m██[38;2;42;50;54m██[38;2;42;50;54m██[38;2;67;74;85m██[38;2;67;74;85m██[38;2;67;74;85m██[38;2;67;74;85m██[38;2;42;50;54m██[38;2;42;50;54m██[38;2;42;50;54m██[38;2;42;50;54m██[38;2;42;50;54m██[38;2;16;16;16m██          [38;2;16;16;16m██[38;2;67;74;85m██[38;2;42;50;54m██[38;2;67;74;85m██[38;2;16;16;16m██                      [38;2;42;50;54m██[38;2;102;148;172m██[38;2;129;178;219m██[38;2;161;203;243m██[38;2;161;203;243m██[38;2;161;203;243m██[38;2;129;178;219m██[38;2;102;148;172m██[38;2;129;178;219m██[38;2;129;178;219m██[38;2;129;178;219m██[38;2;129;178;219m██[38;2;102;148;172m██[38;2;67;74;85m██                                                        
                  [38;2;16;16;16m██[38;2;16;16;16m██[38;2;42;50;54m██[38;2;42;50;54m██[38;2;42;50;54m██[38;2;42;50;54m██[38;2;42;50;54m██[38;2;42;50;54m██[38;2;42;50;54m██[38;2;42;50;54m██[38;2;42;50;54m██[38;2;16;16;16m██          [38;2;42;50;54m██[38;2;67;74;85m██[38;2;16;16;16m██[38;2;42;50;54m██[38;2;67;74;85m██[38;2;16;16;16m██                      [38;2;16;16;16m██[38;2;67;74;85m██[38;2;102;148;172m██[38;2;129;178;219m██[38;2;129;178;219m██[38;2;129;178;219m██[38;2;129;178;219m██[38;2;102;148;172m██[38;2;102;148;172m██[38;2;129;178;219m██[38;2;102;148;172m██[38;2;67;74;85m██[38;2;42;50;54m██                                                          
                [38;2;49;166;191m██[38;2;16;16;16m██  [38;2;16;16;16m██[38;2;42;50;54m██[38;2;42;50;54m██[38;2;42;50;54m██[38;2;42;50;54m██[38;2;42;50;54m██[38;2;42;50;54m██[38;2;16;16;16m██[38;2;16;16;16m██          [38;2;42;50;54m██[38;2;102;148;172m██[38;2;42;50;54m██[38;2;42;50;54m██[38;2;42;50;54m██[38;2;67;74;85m██[38;2;67;74;85m██[38;2;67;74;85m██                      [38;2;16;16;16m██[38;2;42;50;54m██[38;2;67;74;85m██[38;2;67;74;85m██[38;2;67;74;85m██[38;2;42;50;54m██[38;2;16;16;16m██[38;2;42;50;54m██[38;2;42;50;54m██[38;2;42;50;54m██                                                              
                [38;2;16;16;16m██      [38;2;16;16;16m██[38;2;16;16;16m██[38;2;16;16;16m██[38;2;16;16;16m██[38;2;16;16;16m██[38;2;16;16;16m██[38;2;49;166;191m██[38;2;45;95;111m██[38;2;16;16;16m██        [38;2;42;50;54m██[38;2;129;178;219m██[38;2;161;203;243m██[38;2;161;203;243m██[38;2;161;203;243m██[38;2;161;203;243m██[38;2;129;178;219m██[38;2;129;178;219m██[38;2;67;74;85m██            [38;2;16;16;16m██[38;2;16;16;16m██[38;2;16;16;16m██[38;2;16;16;16m██[38;2;16;16;16m██[38;2;16;16;16m██[38;2;16;16;16m██[38;2;16;16;16m██[38;2;16;16;16m██[38;2;16;16;16m██[38;2;16;16;16m██                                                                    
                          [38;2;16;16;16m██[38;2;45;95;111m██[38;2;45;95;111m██[38;2;16;16;16m██  [38;2;16;16;16m██[38;2;49;166;191m██[38;2;16;16;16m██        [38;2;16;16;16m██[38;2;102;148;172m██[38;2;102;148;172m██[38;2;102;148;172m██[38;2;102;148;172m██[38;2;129;178;219m██[38;2;129;178;219m██[38;2;102;148;172m██[38;2;102;148;172m██[38;2;67;74;85m██        [38;2;16;16;16m██[38;2;45;95;111m██[38;2;45;95;111m██[38;2;42;50;54m██[38;2;42;50;54m██[38;2;16;16;16m██[38;2;42;50;54m██[38;2;42;50;54m██[38;2;16;16;16m██[38;2;42;50;54m██[38;2;42;50;54m██[38;2;42;50;54m██[38;2;16;16;16m██                                                                  
                          [38;2;16;16;16m██[38;2;49;166;191m██[38;2;16;16;16m██      [38;2;16;16;16m██[38;2;16;16;16m██  [38;2;45;95;111m██[38;2;16;16;16m██[38;2;16;16;16m██[38;2;16;16;16m██[38;2;16;16;16m██[38;2;16;16;16m██[38;2;102;148;172m██[38;2;129;178;219m██[38;2;16;16;16m██[38;2;42;50;54m██[38;2;42;50;54m██[38;2;42;50;54m██            [38;2;16;16;16m██[38;2;16;16;16m██[38;2;16;16;16m██[38;2;16;16;16m██[38;2;42;50;54m██[38;2;42;50;54m██[38;2;16;16;16m██  [38;2;16;16;16m██[38;2;42;50;54m██[38;2;67;74;85m██[38;2;67;74;85m██[38;2;16;16;16m██[38;2;16;16;16m██[38;2;16;16;16m██[38;2;16;16;16m██[38;2;16;16;16m██[38;2;16;16;16m██                                                      
                          [38;2;16;16;16m██[38;2;16;16;16m██              [38;2;16;16;16m██[38;2;42;50;54m██[38;2;16;16;16m██[38;2;42;50;54m██[38;2;16;16;16m██[38;2;42;50;54m██[38;2;16;16;16m██[38;2;16;16;16m██[38;2;16;16;16m██              [38;2;16;16;16m██[38;2;16;16;16m██[38;2;49;166;191m██[38;2;45;95;111m██[38;2;42;50;54m██[38;2;42;50;54m██[38;2;42;50;54m██[38;2;16;16;16m██    [38;2;16;16;16m██[38;2;42;50;54m██[38;2;42;50;54m██[38;2;42;50;54m██[38;2;67;74;85m██[38;2;67;74;85m██[38;2;67;74;85m██[38;2;67;74;85m██[38;2;67;74;85m██[38;2;16;16;16m██[38;2;45;95;111m██[38;2;45;95;111m██                                                  
                          [38;2;16;16;16m██                [38;2;16;16;16m██[38;2;16;16;16m██[38;2;16;16;16m██[38;2;42;50;54m██[38;2;16;16;16m██[38;2;42;50;54m██[38;2;42;50;54m██[38;2;16;16;16m██[38;2;16;16;16m██                  [38;2;16;16;16m██[38;2;16;16;16m██[38;2;16;16;16m██[38;2;16;16;16m██[38;2;16;16;16m██        [38;2;16;16;16m██[38;2;42;50;54m██[38;2;42;50;54m██[38;2;42;50;54m██[38;2;42;50;54m██[38;2;42;50;54m██[38;2;42;50;54m██[38;2;42;50;54m██[38;2;16;16;16m██[38;2;106;213;236m██[38;2;106;213;236m██[38;2;45;95;111m██                                                
                                              [38;2;16;16;16m██[38;2;42;50;54m██[38;2;42;50;54m██[38;2;16;16;16m██[38;2;42;50;54m██[38;2;42;50;54m██[38;2;16;16;16m██[38;2;67;74;85m██[38;2;16;16;16m██                                    [38;2;16;16;16m██[38;2;16;16;16m██[38;2;42;50;54m██[38;2;42;50;54m██[38;2;42;50;54m██[38;2;42;50;54m██[38;2;42;50;54m██[38;2;16;16;16m██[38;2;49;166;191m██[38;2;45;95;111m██                                                  
                                            [38;2;16;16;16m██[38;2;42;50;54m██[38;2;42;50;54m██[38;2;42;50;54m██[38;2;16;16;16m██[38;2;42;50;54m██[38;2;42;50;54m██[38;2;42;50;54m██[38;2;16;16;16m██[38;2;67;74;85m██[38;2;16;16;16m██                                      [38;2;16;16;16m██[38;2;16;16;16m██[38;2;16;16;16m██[38;2;16;16;16m██[38;2;16;16;16m██[38;2;16;16;16m██[38;2;16;16;16m██                                                    
                                            [38;2;16;16;16m██[38;2;42;50;54m██[38;2;42;50;54m██[38;2;42;50;54m██[38;2;16;16;16m██[38;2;42;50;54m██[38;2;42;50;54m██[38;2;42;50;54m██[38;2;16;16;16m██[38;2;16;16;16m██[38;2;16;16;16m██[38;2;45;95;111m██                                                                                                      
                                            [38;2;16;16;16m██[38;2;49;166;191m██[38;2;42;50;54m██[38;2;42;50;54m██[38;2;16;16;16m██[38;2;42;50;54m██[38;2;49;166;191m██[38;2;42;50;54m██[38;2;42;50;54m██[38;2;16;16;16m██[38;2;16;16;16m██[38;2;106;213;236m██[38;2;45;95;111m██                                                                                                    
                                            [38;2;49;166;191m██[38;2;49;166;191m██[38;2;49;166;191m██[38;2;42;50;54m██[38;2;16;16;16m██[38;2;49;166;191m██[38;2;49;166;191m██[38;2;42;50;54m██[38;2;42;50;54m██[38;2;16;16;16m██[38;2;16;16;16m██[38;2;45;95;111m██                                                                                                      
                                          [38;2;45;95;111m██[38;2;45;95;111m██[38;2;45;95;111m██[38;2;42;50;54m██[38;2;16;16;16m██[38;2;45;95;111m██[38;2;45;95;111m██[38;2;45;95;111m██[38;2;42;50;54m██[38;2;42;50;54m██[38;2;16;16;16m██[38;2;16;16;16m██                                                                                                        
                                              [38;2;16;16;16m██[38;2;16;16;16m██      [38;2;16;16;16m██[38;2;16;16;16m██[38;2;16;16;16m██[38;2;16;16;16m██                                                                                                          
