                  [38;2;49;49;49m██[38;2;49;49;49m██                              
                [38;2;49;49;49m██[38;2;255;230;82m██[38;2;82;82;82m██[38;2;49;49;49m██                            
                [38;2;49;49;49m██[38;2;255;230;82m██[38;2;255;230;82m██[38;2;49;49;49m██                            
              [38;2;49;49;49m██[38;2;255;230;82m██[38;2;255;230;82m██[38;2;205;180;82m██[38;2;49;49;49m██                            
              [38;2;49;49;49m██[38;2;255;230;82m██[38;2;205;180;82m██[38;2;255;230;82m██[38;2;49;49;49m██            [38;2;49;49;49m██[38;2;49;49;49m██[38;2;49;49;49m██          
              [38;2;49;49;49m██[38;2;255;230;82m██[38;2;205;180;82m██[38;2;49;49;49m██          [38;2;49;49;49m██[38;2;49;49;49m██[38;2;255;230;82m██[38;2;255;230;82m██[38;2;255;230;82m██[38;2;49;49;49m██        
                [38;2;49;49;49m██[38;2;255;230;82m██[38;2;49;49;49m██[38;2;49;49;49m██[38;2;49;49;49m██[38;2;49;49;49m██  [38;2;49;49;49m██[38;2;255;230;82m██[38;2;255;230;82m██[38;2;255;230;82m██[38;2;255;230;82m██[38;2;255;230;82m██[38;2;49;49;49m██        
                [38;2;49;49;49m██[38;2;82;82;82m██[38;2;222;164;57m██[38;2;222;164;57m██[38;2;222;164;57m██[38;2;222;164;57m██[38;2;49;49;49m██[38;2;255;230;82m██[38;2;255;230;82m██[38;2;82;82;82m██[38;2;82;82;82m██[38;2;255;230;82m██[38;2;49;49;49m██          
              [38;2;49;49;49m██[38;2;222;164;57m██[38;2;222;164;57m██[38;2;222;164;57m██[38;2;222;164;57m██[38;2;222;164;57m██[38;2;82;82;82m██[38;2;255;230;82m██[38;2;255;230;82m██[38;2;82;82;82m██[38;2;255;230;82m██[38;2;255;230;82m██[38;2;82;82;82m██[38;2;49;49;49m██          
            [38;2;49;49;49m██[38;2;222;164;57m██[38;2;222;164;57m██[38;2;222;164;57m██[38;2;222;164;57m██[38;2;222;164;57m██[38;2;222;164;57m██[38;2;82;82;82m██[38;2;255;230;82m██[38;2;255;230;82m██[38;2;255;230;82m██[38;2;255;230;82m██[38;2;255;230;82m██[38;2;49;49;49m██            
            [38;2;49;49;49m██[38;2;222;164;57m██[38;2;222;164;57m██[38;2;222;164;57m██[38;2;222;164;57m██[38;2;222;164;57m██[38;2;222;164;57m██[38;2;82;82;82m██[38;2;82;82;82m██[38;2;255;230;82m██[38;2;255;230;82m██[38;2;49;49;49m██[38;2;49;49;49m██              
          [38;2;49;49;49m██[38;2;222;164;57m██[38;2;222;164;57m██[38;2;222;164;57m██[38;2;222;164;57m██[38;2;222;164;57m██[38;2;222;164;57m██[38;2;222;164;57m██[38;2;222;164;57m██[38;2;82;82;82m██[38;2;82;82;82m██[38;2;82;82;82m██[38;2;49;49;49m██                
          [38;2;49;49;49m██[38;2;222;164;57m██[38;2;82;82;82m██[38;2;222;164;57m██[38;2;222;164;57m██[38;2;222;164;57m██[38;2;248;248;248m██[38;2;82;131;205m██[38;2;222;164;57m██[38;2;222;164;57m██[38;2;222;164;57m██[38;2;222;164;57m██[38;2;222;164;57m██[38;2;49;49;49m██              
            [38;2;49;49;49m██[38;2;222;164;57m██[38;2;222;164;57m██[38;2;222;164;57m██[38;2;222;164;57m██[38;2;82;131;205m██[38;2;82;82;82m██[38;2;255;230;82m██[38;2;255;230;82m██[38;2;222;164;57m██[38;2;222;164;57m██[38;2;222;164;57m██[38;2;49;49;49m██              
              [38;2;49;49;49m██[38;2;164;115;65m██[38;2;164;115;65m██[38;2;222;164;57m██[38;2;222;164;57m██[38;2;222;164;57m██[38;2;255;230;82m██[38;2;255;230;82m██[38;2;222;164;57m██[38;2;222;164;57m██[38;2;222;164;57m██[38;2;164;115;65m██[38;2;49;49;49m██            
    [38;2;49;49;49m██[38;2;49;49;49m██[38;2;49;49;49m██  [38;2;49;49;49m██[38;2;248;248;248m██[38;2;82;82;82m██[38;2;238;230;180m██[38;2;238;230;180m██[38;2;222;164;57m██[38;2;222;164;57m██[38;2;222;164;57m██[38;2;82;82;82m██[38;2;222;164;57m██[38;2;222;164;57m██[38;2;222;164;57m██[38;2;238;230;180m██[38;2;49;49;49m██            
  [38;2;49;49;49m██      [38;2;49;49;49m██[38;2;49;49;49m██[38;2;248;248;248m██[38;2;82;82;82m██[38;2;238;230;180m██[38;2;238;230;180m██[38;2;238;230;180m██[38;2;82;82;82m██[38;2;82;82;82m██[38;2;222;164;57m██[38;2;222;164;57m██[38;2;222;164;57m██[38;2;164;115;65m██[38;2;164;115;65m██[38;2;164;115;65m██[38;2;49;49;49m██          
[38;2;49;49;49m██            [38;2;49;49;49m██[38;2;49;49;49m██[38;2;82;82;82m██[38;2;238;230;180m██[38;2;82;82;82m██[38;2;248;248;248m██[38;2;248;248;248m██[38;2;222;164;57m██[38;2;222;164;57m██[38;2;164;115;65m██[38;2;164;115;65m██[38;2;164;115;65m██[38;2;238;230;180m██[38;2;49;49;49m██          
[38;2;49;49;49m██                [38;2;49;49;49m██[38;2;238;230;180m██[38;2;82;82;82m██[38;2;148;148;148m██[38;2;248;248;248m██[38;2;248;248;248m██[38;2;82;82;82m██[38;2;164;115;65m██[38;2;164;115;65m██[38;2;238;230;180m██[38;2;238;230;180m██[38;2;49;49;49m██          
  [38;2;49;49;49m██            [38;2;49;49;49m██[38;2;49;49;49m██[38;2;164;115;65m██[38;2;230;222;156m██[38;2;82;82;82m██[38;2;82;82;82m██[38;2;82;82;82m██[38;2;164;115;65m██[38;2;164;115;65m██[38;2;164;115;65m██[38;2;164;115;65m██[38;2;131;82;57m██[38;2;49;49;49m██          
    [38;2;49;49;49m██[38;2;49;49;49m██[38;2;49;49;49m██[38;2;49;49;49m██[38;2;49;49;49m██[38;2;49;49;49m██[38;2;205;180;82m██[38;2;205;180;82m██[38;2;82;82;82m██[38;2;82;82;82m██[38;2;230;222;156m██[38;2;230;222;156m██[38;2;230;222;156m██[38;2;164;115;65m██[38;2;164;115;65m██[38;2;164;115;65m██[38;2;164;115;65m██[38;2;49;49;49m██    [38;2;49;49;49m██[38;2;49;49;49m██[38;2;49;49;49m██  
        [38;2;49;49;49m██[38;2;49;49;49m██[38;2;164;115;65m██[38;2;205;180;82m██[38;2;205;180;82m██[38;2;82;82;82m██[38;2;248;248;248m██[38;2;222;222;205m██[38;2;82;82;82m██[38;2;82;82;82m██[38;2;164;115;65m██[38;2;164;115;65m██[38;2;164;115;65m██[38;2;131;82;57m██[38;2;82;82;82m██[38;2;49;49;49m██[38;2;49;49;49m██[38;2;49;49;49m██[38;2;255;230;82m██[38;2;255;230;82m██[38;2;255;230;82m██[38;2;49;49;49m██
            [38;2;49;49;49m██[38;2;49;49;49m██[38;2;49;49;49m██[38;2;205;180;82m██[38;2;82;82;82m██[38;2;82;82;82m██[38;2;82;82;82m██[38;2;205;180;82m██[38;2;82;82;82m██[38;2;82;82;82m██[38;2;82;82;82m██[38;2;164;115;65m██[38;2;164;115;65m██[38;2;82;82;82m██[38;2;255;230;82m██[38;2;255;230;82m██[38;2;255;230;82m██[38;2;255;230;82m██[38;2;49;49;49m██  
                  [38;2;49;49;49m██[38;2;49;49;49m██[38;2;205;180;82m██[38;2;205;180;82m██[38;2;82;82;82m██[38;2;248;248;248m██[38;2;222;222;205m██[38;2;248;248;248m██[38;2;115;82;57m██[38;2;82;82;82m██[38;2;255;230;82m██[38;2;255;230;82m██[38;2;255;230;82m██[38;2;255;230;82m██[38;2;49;49;49m██    
                [38;2;49;49;49m██[38;2;255;230;82m██[38;2;255;230;82m██[38;2;255;230;82m██[38;2;205;180;82m██[38;2;205;180;82m██[38;2;82;82;82m██[38;2;82;82;82m██[38;2;82;82;82m██[38;2;82;82;82m██[38;2;255;230;82m██[38;2;255;230;82m██[38;2;255;230;82m██[38;2;255;230;82m██[38;2;49;49;49m██      
                  [38;2;49;49;49m██[38;2;49;49;49m██[38;2;255;230;82m██[38;2;255;230;82m██[38;2;255;230;82m██[38;2;255;230;82m██[38;2;255;230;82m██[38;2;255;230;82m██[38;2;255;230;82m██[38;2;255;230;82m██[38;2;255;230;82m██[38;2;49;49;49m██[38;2;49;49;49m██        
                      [38;2;49;49;49m██[38;2;49;49;49m██[38;2;255;230;82m██[38;2;255;230;82m██[38;2;255;230;82m██[38;2;255;230;82m██[38;2;255;230;82m██[38;2;49;49;49m██[38;2;49;49;49m██            
                          [38;2;49;49;49m██[38;2;49;49;49m██[38;2;49;49;49m██[38;2;49;49;49m██[38;2;49;49;49m██                
