        [38;2;45;45;45m██[38;2;52;52;52m██[38;2;47;46;47m██                            
        [38;2;46;48;49m██[38;2;195;178;203m██[38;2;112;98;120m██[38;2;44;44;44m██        [38;2;47;47;47m██[38;2;47;47;47m██              
          [38;2;49;49;49m██[38;2;198;181;206m██[38;2;51;50;51m██      [38;2;52;52;52m██[38;2;199;182;207m██[38;2;229;220;237m██[38;2;52;54;55m██            
          [38;2;52;52;52m██[38;2;143;128;151m██[38;2;114;100;122m██[38;2;52;52;52m██[38;2;47;46;47m██[38;2;48;48;48m██[38;2;230;221;238m██[38;2;211;203;218m██[38;2;46;46;46m██              
        [38;2;44;44;44m██[38;2;197;180;205m██[38;2;114;99;122m██[38;2;208;200;216m██[38;2;229;220;237m██[38;2;112;97;120m██[38;2;213;205;220m██[38;2;230;221;238m██[38;2;180;165;187m██[38;2;48;50;51m██      [38;2;49;49;49m██[38;2;47;46;46m██[38;2;45;45;45m██  
        [38;2;52;52;52m██[38;2;231;222;239m██[38;2;230;221;238m██[38;2;157;141;166m██[38;2;158;142;167m██[38;2;231;222;239m██[38;2;231;222;239m██[38;2;231;222;239m██[38;2;49;49;49m██      [38;2;49;49;49m██[38;2;107;66;107m██[38;2;180;115;164m██[38;2;107;66;107m██[38;2;49;49;49m██
      [38;2;45;45;45m██[38;2;207;199;215m██[38;2;230;221;238m██[38;2;142;128;150m██[38;2;207;199;215m██[38;2;230;221;238m██[38;2;207;199;215m██[38;2;211;203;218m██[38;2;197;180;205m██[38;2;44;44;44m██      [38;2;45;45;45m██[38;2;179;114;163m██[38;2;161;102;147m██[38;2;165;105;151m██[38;2;48;48;48m██
      [38;2;48;50;51m██[38;2;207;199;215m██[38;2;230;221;238m██[38;2;210;202;217m██[38;2;209;201;217m██[38;2;228;219;236m██[38;2;75;75;75m██[38;2;144;129;152m██[38;2;197;180;205m██[38;2;45;45;45m██      [38;2;48;50;51m██[38;2;178;113;163m██[38;2;126;81;126m██[38;2;167;106;152m██[38;2;49;49;49m██
        [38;2;50;50;50m██[38;2;231;222;239m██[38;2;198;181;206m██[38;2;228;219;236m██[38;2;49;51;53m██[38;2;230;221;238m██[38;2;156;140;165m██[38;2;197;180;205m██[38;2;109;67;108m██[38;2;52;51;51m██[38;2;51;50;51m██    [38;2;49;49;49m██[38;2;108;66;107m██[38;2;178;114;163m██[38;2;52;54;55m██
      [38;2;46;46;46m██[38;2;75;75;75m██[38;2;198;181;206m██[38;2;207;199;215m██[38;2;75;75;75m██[38;2;44;132;254m██[38;2;177;162;184m██[38;2;180;164;187m██[38;2;109;67;108m██[38;2;163;103;148m██[38;2;165;105;151m██[38;2;140;91;140m██[38;2;44;44;44m██  [38;2;48;48;48m██[38;2;161;102;147m██[38;2;45;45;45m██  
    [38;2;51;51;51m██[38;2;79;79;79m██[38;2;182;167;190m██[38;2;231;222;239m██[38;2;215;206;222m██[38;2;182;167;190m██[38;2;198;181;206m██[38;2;78;78;78m██[38;2;101;62;101m██[38;2;181;115;165m██[38;2;168;107;153m██[38;2;170;109;156m██[38;2;179;114;164m██[38;2;48;50;50m██  [38;2;51;50;51m██[38;2;166;106;151m██[38;2;46;46;46m██  
  [38;2;51;51;51m██[38;2;156;140;165m██[38;2;124;108;132m██[38;2;82;82;82m██[38;2;198;180;205m██[38;2;197;179;204m██[38;2;83;82;83m██[38;2;157;141;166m██[38;2;196;179;204m██[38;2;109;67;108m██[38;2;181;115;165m██[38;2;139;90;139m██[38;2;109;68;109m██[38;2;49;49;49m██  [38;2;51;50;51m██[38;2;140;90;140m██[38;2;138;89;138m██[38;2;52;54;55m██  
[38;2;44;44;44m██[38;2;139;125;147m██[38;2;123;107;132m██[38;2;140;126;149m██[38;2;46;48;49m██[38;2;138;89;138m██[38;2;125;80;125m██[38;2;95;59;95m██[38;2;197;180;205m██[38;2;95;59;95m██[38;2;163;104;149m██[38;2;138;90;138m██[38;2;95;59;95m██[38;2;179;164;187m██[38;2;52;52;52m██[38;2;46;46;46m██[38;2;126;81;126m██[38;2;138;89;138m██[38;2;43;43;43m██    
[38;2;49;51;52m██[38;2;143;129;152m██[38;2;155;139;164m██[38;2;49;51;52m██  [38;2;51;51;51m██[38;2;130;84;130m██[38;2;101;63;101m██[38;2;198;181;206m██[38;2;101;63;101m██[38;2;171;109;156m██[38;2;49;49;49m██[38;2;48;50;51m██[38;2;216;208;224m██[38;2;231;222;239m██[38;2;212;204;219m██[38;2;80;80;80m██[38;2;138;90;138m██[38;2;48;50;50m██    
  [38;2;51;53;54m██[38;2;52;54;55m██  [38;2;51;51;51m██[38;2;155;140;164m██[38;2;83;82;83m██[38;2;195;177;203m██[38;2;157;141;166m██[38;2;194;177;202m██[38;2;140;92;140m██[38;2;52;52;52m██  [38;2;51;51;51m██[38;2;231;222;239m██[38;2;195;178;203m██[38;2;227;218;235m██[38;2;49;49;49m██      
      [38;2;44;44;44m██[38;2;176;161;183m██[38;2;81;81;81m██[38;2;161;102;147m██[38;2;161;102;147m██[38;2;196;179;204m██[38;2;76;76;76m██[38;2;208;200;216m██[38;2;230;221;238m██[38;2;45;45;45m██[38;2;208;200;216m██[38;2;198;181;206m██[38;2;204;196;211m██[38;2;110;97;118m██[38;2;51;53;54m██      
      [38;2;50;52;53m██[38;2;148;132;156m██[38;2;83;83;83m██[38;2;172;110;157m██[38;2;172;110;157m██[38;2;82;82;82m██[38;2;221;212;229m██[38;2;193;176;201m██[38;2;199;182;207m██[38;2;81;81;81m██[38;2;118;104;127m██[38;2;229;220;237m██[38;2;115;101;124m██[38;2;50;52;53m██        
        [38;2;51;53;54m██[38;2;122;107;131m██[38;2;83;82;83m██[38;2;137;89;137m██[38;2;82;82;82m██[38;2;194;177;202m██[38;2;228;219;236m██[38;2;231;222;239m██[38;2;227;219;235m██[38;2;48;48;48m██[38;2;52;54;55m██[38;2;51;53;54m██          
          [38;2;51;50;51m██[38;2;139;125;147m██[38;2;43;43;43m██[38;2;52;54;55m██[38;2;73;73;73m██[38;2;206;198;213m██[38;2;196;180;204m██[38;2;174;159;182m██[38;2;47;48;49m██              
        [38;2;47;47;47m██[38;2;124;108;133m██[38;2;149;134;158m██[38;2;47;47;47m██  [38;2;50;52;53m██[38;2;79;79;79m██[38;2;198;181;206m██[38;2;49;49;49m██                
        [38;2;50;50;50m██[38;2;156;140;165m██[38;2;150;135;158m██[38;2;47;47;47m██    [38;2;48;48;48m██[38;2;198;181;206m██[38;2;151;136;160m██[38;2;48;48;48m██              
      [38;2;47;49;50m██[38;2;174;159;181m██[38;2;154;138;163m██[38;2;73;73;73m██[38;2;46;48;49m██    [38;2;44;44;44m██[38;2;196;180;204m██[38;2;176;161;183m██[38;2;44;44;44m██              
        [38;2;51;53;54m██[38;2;52;54;55m██[38;2;51;53;54m██      [38;2;51;51;51m██[38;2;198;181;206m██[38;2;193;177;201m██[38;2;51;51;51m██              
                  [38;2;47;47;47m██[38;2;191;174;198m██[38;2;158;142;167m██[38;2;150;135;159m██[38;2;223;214;230m██[38;2;49;49;49m██            
                  [38;2;46;48;49m██[38;2;47;49;50m██[38;2;228;219;236m██[38;2;138;124;146m██[38;2;47;49;50m██[38;2;52;54;55m██            
                      [38;2;52;54;55m██[38;2;51;53;54m██                
