          [38;2;64;64;64m██[38;2;64;64;64m██                
  [38;2;64;64;64m██[38;2;64;64;64m██  [38;2;64;64;64m██[38;2;192;160;200m██[38;2;144;120;200m██[38;2;64;64;64m██[38;2;64;64;64m██[38;2;64;64;64m██          
[38;2;64;64;64m██[38;2;192;160;200m██[38;2;144;120;200m██[38;2;64;64;64m██[38;2;64;64;64m██[38;2;192;160;200m██[38;2;144;120;200m██[38;2;64;64;64m██[38;2;192;160;200m██[38;2;144;120;200m██[38;2;64;64;64m██        
[38;2;64;64;64m██[38;2;192;160;200m██[38;2;144;120;200m██[38;2;144;120;200m██[38;2;144;120;200m██[38;2;64;64;64m██[38;2;144;120;200m██[38;2;96;96;88m██[38;2;192;160;200m██[38;2;144;120;200m██[38;2;64;64;64m██        
  [38;2;64;64;64m██[38;2;192;160;200m██[38;2;144;120;200m██[38;2;144;120;200m██[38;2;192;160;200m██[38;2;192;160;200m██[38;2;192;160;200m██[38;2;192;160;200m██[38;2;144;120;200m██[38;2;64;64;64m██        
  [38;2;96;96;88m██[38;2;64;64;64m██[38;2;192;160;200m██[38;2;192;160;200m██[38;2;192;160;200m██[38;2;192;160;200m██[38;2;192;160;200m██[38;2;192;160;200m██[38;2;192;160;200m██[38;2;64;64;64m██        
[38;2;96;96;88m██[38;2;192;160;200m██[38;2;96;96;88m██[38;2;192;160;200m██[38;2;192;160;200m██[38;2;192;160;200m██[38;2;192;160;200m██[38;2;192;160;200m██[38;2;192;160;200m██[38;2;96;96;88m██[38;2;96;96;88m██        
[38;2;96;96;88m██[38;2;96;96;88m██[38;2;192;160;200m██[38;2;192;160;200m██[38;2;192;160;200m██[38;2;192;160;200m██[38;2;96;96;88m██[38;2;192;160;200m██[38;2;96;96;88m██[38;2;192;160;200m██[38;2;192;160;200m██[38;2;64;64;64m██      
[38;2;96;96;88m██[38;2;64;64;64m██[38;2;192;160;200m██[38;2;192;160;200m██[38;2;192;160;200m██[38;2;96;96;88m██[38;2;248;248;248m██[38;2;144;120;200m██[38;2;96;96;88m██[38;2;192;160;200m██[38;2;144;120;200m██[38;2;64;64;64m██      
[38;2;96;96;88m██[38;2;64;64;64m██[38;2;192;160;200m██[38;2;192;160;200m██[38;2;144;120;200m██[38;2;64;64;64m██[38;2;248;248;248m██[38;2;144;120;200m██[38;2;96;96;88m██[38;2;192;160;200m██[38;2;144;120;200m██[38;2;64;64;64m██      
  [38;2;64;64;64m██[38;2;192;160;200m██[38;2;192;160;200m██[38;2;192;160;200m██[38;2;64;64;64m██[38;2;248;248;248m██[38;2;144;120;200m██[38;2;144;120;200m██[38;2;96;96;88m██[38;2;64;64;64m██        
    [38;2;64;64;64m██[38;2;240;96;80m██[38;2;240;96;80m██[38;2;144;120;200m██[38;2;144;120;200m██[38;2;144;120;200m██[38;2;64;64;64m██[38;2;64;64;64m██[38;2;64;64;64m██        
      [38;2;64;64;64m██[38;2;64;64;64m██[38;2;64;64;64m██[38;2;64;64;64m██[38;2;64;64;64m██[38;2;192;160;200m██[38;2;192;160;200m██[38;2;144;120;200m██[38;2;64;64;64m██      
    [38;2;64;64;64m██[38;2;192;160;200m██[38;2;192;160;200m██[38;2;64;64;64m██[38;2;192;160;200m██[38;2;192;160;200m██[38;2;192;160;200m██[38;2;192;160;200m██[38;2;192;160;200m██[38;2;192;160;200m██[38;2;64;64;64m██    
  [38;2;96;96;88m██[38;2;248;248;248m██[38;2;248;248;248m██[38;2;192;160;200m██[38;2;64;64;64m██[38;2;248;248;248m██[38;2;248;248;248m██[38;2;248;248;248m██[38;2;96;96;88m██[38;2;96;96;88m██[38;2;192;160;200m██[38;2;248;248;248m██[38;2;96;96;88m██  
  [38;2;96;96;88m██[38;2;192;160;200m██[38;2;248;248;248m██[38;2;64;64;64m██[38;2;240;96;80m██[38;2;232;192;136m██[38;2;248;248;248m██[38;2;232;192;136m██[38;2;240;96;80m██[38;2;96;96;88m██[38;2;248;248;248m██[38;2;248;248;248m██[38;2;192;160;200m██[38;2;96;96;88m██
    [38;2;96;96;88m██[38;2;96;96;88m██[38;2;64;64;64m██[38;2;240;96;80m██[38;2;96;96;88m██[38;2;240;96;80m██[38;2;240;96;80m██[38;2;240;96;80m██[38;2;240;96;80m██[38;2;96;96;88m██[38;2;192;160;200m██[38;2;192;160;200m██[38;2;96;96;88m██
        [38;2;96;96;88m██[38;2;64;64;64m██[38;2;96;96;88m██[38;2;96;96;88m██[38;2;240;96;80m██[38;2;240;96;80m██[38;2;240;96;80m██[38;2;96;96;88m██[38;2;96;96;88m██[38;2;96;96;88m██  
      [38;2;96;96;88m██[38;2;240;96;80m██[38;2;240;96;80m██[38;2;96;96;88m██  [38;2;96;96;88m██[38;2;96;96;88m██[38;2;96;96;88m██[38;2;240;96;80m██[38;2;96;96;88m██    
      [38;2;96;96;88m██[38;2;96;96;88m██[38;2;96;96;88m██      [38;2;96;96;88m██[38;2;240;96;80m██[38;2;240;96;80m██[38;2;96;96;88m██    
                    [38;2;96;96;88m██[38;2;96;96;88m██      
