        [38;2;49;49;49m██                                                    
      [38;2;49;49;49m██[38;2;123;123;123m██[38;2;51;51;51m██                [38;2;53;53;53m██[38;2;49;49;49m██[38;2;49;49;49m██[38;2;49;49;49m██                          
      [38;2;49;49;49m██[38;2;123;123;123m██[38;2;123;123;123m██[38;2;49;49;49m██          [38;2;53;53;53m██[38;2;49;49;49m██[38;2;249;249;249m██[38;2;249;249;249m██[38;2;253;253;253m██[38;2;189;189;181m██[38;2;49;49;49m██                        
      [38;2;49;49;49m██[38;2;123;123;123m██[38;2;123;123;123m██[38;2;49;49;49m██      [38;2;53;53;53m██[38;2;53;53;53m██[38;2;249;249;249m██[38;2;249;249;249m██[38;2;249;249;249m██[38;2;189;189;181m██[38;2;85;85;85m██[38;2;249;249;249m██[38;2;49;49;49m██                        
      [38;2;49;49;49m██[38;2;84;84;84m██[38;2;84;84;84m██[38;2;52;52;52m██[38;2;52;52;52m██  [38;2;53;53;53m██[38;2;249;249;249m██[38;2;249;249;249m██[38;2;254;254;254m██[38;2;253;253;253m██[38;2;253;253;253m██[38;2;249;249;249m██[38;2;249;249;249m██[38;2;249;249;249m██[38;2;55;52;52m██    [38;2;51;51;51m██                  
    [38;2;55;52;52m██[38;2;189;189;181m██[38;2;188;188;180m██[38;2;189;189;181m██[38;2;189;189;181m██[38;2;188;188;180m██[38;2;82;82;82m██[38;2;249;249;249m██[38;2;249;249;249m██[38;2;249;249;249m██[38;2;188;188;180m██[38;2;82;82;82m██[38;2;82;82;82m██[38;2;249;249;249m██[38;2;249;249;249m██[38;2;49;49;49m██    [38;2;49;49;49m██[38;2;123;123;123m██[38;2;49;49;49m██                
      [38;2;49;49;49m██[38;2;85;85;85m██[38;2;188;188;180m██[38;2;188;188;181m██[38;2;82;82;82m██[38;2;249;249;249m██[38;2;249;249;249m██[38;2;82;82;82m██[38;2;82;82;82m██[38;2;85;85;85m██[38;2;249;249;249m██[38;2;156;156;156m██[38;2;82;82;82m██[38;2;249;249;249m██[38;2;82;82;82m██[38;2;49;49;49m██[38;2;49;49;49m██[38;2;123;123;123m██[38;2;123;123;123m██[38;2;49;49;49m██                
      [38;2;49;49;49m██[38;2;249;249;249m██[38;2;85;85;85m██[38;2;123;123;123m██[38;2;82;82;82m██[38;2;249;249;249m██[38;2;82;82;82m██[38;2;253;253;253m██[38;2;253;253;253m██[38;2;253;253;253m██[38;2;249;249;249m██[38;2;249;249;249m██[38;2;82;82;82m██[38;2;249;249;249m██[38;2;82;82;82m██[38;2;189;189;181m██[38;2;82;82;82m██[38;2;123;123;123m██[38;2;123;123;123m██[38;2;123;123;123m██[38;2;49;49;49m██              
      [38;2;49;49;49m██[38;2;249;249;249m██[38;2;249;249;249m██[38;2;85;85;85m██[38;2;249;249;249m██[38;2;249;249;249m██[38;2;249;249;249m██[38;2;85;85;85m██[38;2;85;85;85m██[38;2;84;84;84m██[38;2;249;249;249m██[38;2;156;156;156m██[38;2;82;82;82m██[38;2;82;82;82m██[38;2;189;189;181m██[38;2;189;189;181m██[38;2;189;189;181m██[38;2;82;82;82m██[38;2;123;123;123m██[38;2;123;123;123m██[38;2;84;84;84m██[38;2;49;49;49m██            
      [38;2;49;49;49m██[38;2;249;249;249m██[38;2;253;253;253m██[38;2;253;253;253m██[38;2;189;189;181m██[38;2;249;249;249m██[38;2;249;249;249m██[38;2;253;253;253m██[38;2;253;253;253m██[38;2;191;191;183m██[38;2;82;82;82m██[38;2;82;82;82m██[38;2;249;249;249m██[38;2;82;82;82m██[38;2;82;82;82m██[38;2;189;189;181m██[38;2;82;82;82m██[38;2;82;82;82m██[38;2;123;123;123m██[38;2;82;82;82m██[38;2;188;188;181m██[38;2;189;189;181m██[38;2;52;52;52m██          
[38;2;49;49;49m██[38;2;49;49;49m██  [38;2;49;49;49m██[38;2;249;249;249m██[38;2;82;82;82m██[38;2;82;82;82m██[38;2;249;249;249m██[38;2;253;253;253m██[38;2;252;252;252m██[38;2;82;84;85m██[38;2;82;82;82m██[38;2;249;249;249m██[38;2;249;249;249m██[38;2;249;249;249m██[38;2;82;82;82m██[38;2;82;82;82m██[38;2;82;82;82m██[38;2;82;82;82m██[38;2;123;123;123m██[38;2;123;123;123m██[38;2;123;123;123m██[38;2;82;82;82m██[38;2;123;123;123m██[38;2;189;189;181m██[38;2;187;187;179m██[38;2;49;49;49m██        
[38;2;55;53;52m██[38;2;189;189;181m██[38;2;49;49;49m██[38;2;49;49;49m██[38;2;253;253;253m██[38;2;85;85;85m██[38;2;82;82;82m██[38;2;249;249;249m██[38;2;84;84;84m██[38;2;50;51;53m██[38;2;74;173;247m██[38;2;82;82;82m██[38;2;82;82;82m██[38;2;188;188;180m██[38;2;253;253;253m██[38;2;82;82;82m██[38;2;82;82;82m██[38;2;82;82;82m██[38;2;123;123;123m██[38;2;123;123;123m██[38;2;123;123;123m██[38;2;82;82;82m██[38;2;189;189;181m██[38;2;84;84;84m██[38;2;82;82;82m██[38;2;55;53;52m██          
  [38;2;49;49;49m██[38;2;123;123;123m██[38;2;49;49;49m██[38;2;82;82;82m██[38;2;249;249;249m██[38;2;249;249;249m██[38;2;82;82;82m██[38;2;189;189;181m██[38;2;76;174;246m██[38;2;75;172;245m██[38;2;82;82;82m██[38;2;189;189;181m██[38;2;82;82;82m██[38;2;85;85;85m██[38;2;126;126;126m██[38;2;82;82;82m██[38;2;123;123;123m██[38;2;123;123;123m██[38;2;123;123;123m██[38;2;82;82;82m██[38;2;83;83;83m██[38;2;189;189;181m██[38;2;189;189;181m██[38;2;49;49;49m██            
    [38;2;49;49;49m██[38;2;189;189;181m██[38;2;82;82;82m██[38;2;249;249;249m██[38;2;249;249;249m██[38;2;82;82;82m██[38;2;189;189;181m██[38;2;189;189;181m██[38;2;82;82;82m██[38;2;189;189;181m██[38;2;189;189;181m██[38;2;82;82;82m██[38;2;249;249;249m██[38;2;249;249;249m██[38;2;82;82;82m██[38;2;123;123;123m██[38;2;123;123;123m██[38;2;82;82;82m██[38;2;123;123;123m██[38;2;123;123;123m██[38;2;82;82;82m██[38;2;188;188;180m██[38;2;189;189;181m██[38;2;49;49;49m██  [38;2;53;53;53m██[38;2;49;49;49m██    
  [38;2;49;49;49m██[38;2;125;125;124m██[38;2;189;189;181m██[38;2;189;189;181m██[38;2;82;82;82m██[38;2;252;252;252m██[38;2;82;82;82m██[38;2;253;253;253m██[38;2;85;85;85m██[38;2;82;82;82m██[38;2;249;249;249m██[38;2;82;82;82m██[38;2;254;254;254m██[38;2;254;254;254m██[38;2;189;189;181m██[38;2;188;188;180m██[38;2;82;82;82m██[38;2;123;123;123m██[38;2;82;82;82m██[38;2;123;123;123m██[38;2;82;82;82m██[38;2;82;82;82m██[38;2;85;85;85m██[38;2;189;189;181m██[38;2;49;49;49m██[38;2;49;49;49m██[38;2;252;252;252m██[38;2;49;49;49m██    
  [38;2;51;51;51m██[38;2;189;189;181m██[38;2;189;189;181m██[38;2;187;187;179m██[38;2;49;49;49m██[38;2;49;49;49m██[38;2;82;82;82m██[38;2;85;85;85m██[38;2;249;249;249m██[38;2;249;249;249m██[38;2;253;253;253m██[38;2;82;82;82m██[38;2;189;189;181m██[38;2;189;189;181m██[38;2;189;189;181m██[38;2;83;83;83m██[38;2;82;82;82m██[38;2;84;84;84m██[38;2;189;189;181m██[38;2;82;82;82m██[38;2;85;85;85m██[38;2;249;249;249m██[38;2;253;253;253m██[38;2;82;82;82m██[38;2;82;82;82m██[38;2;249;249;249m██[38;2;49;49;49m██      
[38;2;49;49;49m██[38;2;125;125;124m██[38;2;82;82;82m██[38;2;189;189;181m██[38;2;49;49;49m██  [38;2;49;49;49m██[38;2;82;82;82m██[38;2;253;253;253m██[38;2;249;249;249m██[38;2;82;82;82m██[38;2;84;84;84m██[38;2;189;189;181m██[38;2;188;188;180m██[38;2;189;189;181m██[38;2;82;82;82m██[38;2;123;123;123m██[38;2;82;82;82m██[38;2;189;189;181m██[38;2;189;189;181m██[38;2;82;82;82m██[38;2;249;249;249m██[38;2;249;249;249m██[38;2;83;83;83m██[38;2;82;82;82m██[38;2;189;189;181m██[38;2;82;82;82m██[38;2;52;52;52m██      
[38;2;49;49;49m██[38;2;187;187;179m██[38;2;123;123;123m██[38;2;49;49;49m██    [38;2;51;51;51m██[38;2;156;156;156m██[38;2;84;84;84m██[38;2;249;249;249m██[38;2;82;82;82m██[38;2;188;188;180m██[38;2;189;189;181m██[38;2;84;84;84m██[38;2;82;82;82m██[38;2;123;123;123m██[38;2;82;82;82m██[38;2;82;82;82m██[38;2;188;188;180m██[38;2;189;189;181m██[38;2;82;82;82m██[38;2;249;249;249m██[38;2;249;249;249m██[38;2;126;126;126m██[38;2;85;85;85m██[38;2;82;82;82m██[38;2;123;123;123m██[38;2;188;188;181m██[38;2;52;52;52m██[38;2;51;51;51m██  
  [38;2;49;49;49m██[38;2;49;49;49m██    [38;2;49;49;49m██[38;2;156;156;156m██[38;2;156;156;156m██[38;2;156;156;156m██[38;2;82;82;82m██[38;2;189;189;181m██[38;2;82;82;82m██[38;2;82;82;82m██[38;2;189;189;181m██[38;2;189;189;181m██[38;2;82;82;82m██[38;2;82;82;82m██[38;2;189;189;181m██[38;2;85;85;85m██[38;2;82;82;82m██[38;2;82;82;82m██[38;2;249;249;249m██[38;2;249;249;249m██[38;2;249;249;249m██[38;2;253;253;253m██[38;2;82;82;82m██[38;2;189;189;181m██[38;2;123;123;123m██[38;2;189;189;181m██[38;2;122;122;122m██[38;2;55;53;52m██
          [38;2;49;49;49m██[38;2;156;156;156m██[38;2;156;156;156m██[38;2;156;156;156m██[38;2;82;82;82m██[38;2;82;82;82m██[38;2;189;189;181m██[38;2;189;189;181m██[38;2;189;189;181m██[38;2;189;189;181m██[38;2;189;189;181m██[38;2;189;189;181m██[38;2;82;82;82m██[38;2;249;249;249m██[38;2;249;249;249m██[38;2;249;249;249m██[38;2;82;82;82m██[38;2;249;249;249m██[38;2;249;249;249m██[38;2;123;123;123m██[38;2;82;82;82m██[38;2;189;189;181m██[38;2;122;122;122m██[38;2;187;187;179m██[38;2;55;53;52m██  
          [38;2;49;49;49m██[38;2;82;82;82m██[38;2;156;156;156m██[38;2;82;82;82m██[38;2;156;156;156m██[38;2;82;82;82m██[38;2;123;123;123m██[38;2;189;189;181m██[38;2;189;189;181m██[38;2;123;123;123m██[38;2;123;123;123m██[38;2;82;82;82m██[38;2;249;249;249m██[38;2;249;249;249m██[38;2;249;249;249m██[38;2;249;249;249m██[38;2;249;249;249m██[38;2;82;82;82m██[38;2;123;123;123m██[38;2;249;249;249m██[38;2;82;82;82m██[38;2;123;123;123m██[38;2;55;53;52m██[38;2;55;53;52m██    
            [38;2;49;49;49m██[38;2;82;82;82m██[38;2;156;156;156m██[38;2;156;156;156m██[38;2;156;156;156m██[38;2;49;49;49m██[38;2;49;49;49m██[38;2;123;123;123m██[38;2;189;189;181m██[38;2;189;189;181m██[38;2;82;82;82m██[38;2;249;249;249m██[38;2;249;249;249m██[38;2;249;249;249m██[38;2;249;249;249m██[38;2;249;249;249m██[38;2;82;82;82m██[38;2;249;249;249m██[38;2;49;49;49m██[38;2;49;49;49m██[38;2;49;49;49m██        
          [38;2;49;49;49m██[38;2;189;189;181m██[38;2;82;82;82m██[38;2;156;156;156m██[38;2;49;49;49m██[38;2;49;49;49m██    [38;2;49;49;49m██[38;2;49;49;49m██[38;2;49;49;49m██[38;2;49;49;49m██[38;2;123;123;123m██[38;2;123;123;123m██[38;2;249;249;249m██[38;2;249;249;249m██[38;2;123;123;123m██[38;2;123;123;123m██[38;2;49;49;49m██              
            [38;2;49;49;49m██[38;2;49;49;49m██[38;2;49;49;49m██                [38;2;49;49;49m██[38;2;189;189;181m██[38;2;123;123;123m██[38;2;123;123;123m██[38;2;189;189;181m██[38;2;123;123;123m██[38;2;49;49;49m██              
                                  [38;2;49;49;49m██[38;2;82;82;82m██[38;2;249;249;249m██[38;2;49;49;49m██[38;2;249;249;249m██[38;2;49;49;49m██                
                                    [38;2;49;49;49m██[38;2;49;49;49m██  [38;2;49;49;49m██[38;2;49;49;49m██                
