                                [38;2;49;49;49m██[38;2;49;49;49m██[38;2;49;49;49m██[38;2;49;49;49m██                      
                            [38;2;49;49;49m██[38;2;49;49;49m██[38;2;246;123;90m██[38;2;246;180;16m██[38;2;246;180;16m██[38;2;246;180;16m██[38;2;49;49;49m██                    
                          [38;2;49;49;49m██[38;2;148;65;82m██[38;2;246;180;16m██[38;2;246;180;16m██[38;2;246;180;16m██[38;2;246;180;16m██[38;2;246;123;90m██[38;2;246;180;16m██[38;2;49;49;49m██                  
                          [38;2;49;49;49m██[38;2;246;123;90m██[38;2;246;123;90m██[38;2;246;180;16m██[38;2;246;123;90m██[38;2;246;180;16m██[38;2;246;180;16m██[38;2;205;90;90m██[38;2;49;49;49m██                  
                          [38;2;49;49;49m██[38;2;205;197;164m██[38;2;230;65;49m██[38;2;230;65;49m██[38;2;205;197;164m██[38;2;246;123;90m██[38;2;246;123;90m██[38;2;156;139;115m██[38;2;49;49;49m██                  
              [38;2;49;49;49m██[38;2;49;49;49m██      [38;2;49;49;49m██[38;2;205;197;164m██[38;2;205;197;164m██[38;2;205;197;164m██[38;2;156;139;115m██[38;2;205;197;164m██[38;2;156;139;115m██[38;2;230;65;49m██[38;2;156;139;115m██[38;2;156;139;115m██[38;2;49;49;49m██                
            [38;2;49;49;49m██[38;2;246;123;90m██[38;2;49;49;49m██    [38;2;49;49;49m██[38;2;205;197;164m██[38;2;156;139;115m██[38;2;205;197;164m██[38;2;205;197;164m██[38;2;156;139;115m██[38;2;205;197;164m██[38;2;205;197;164m██[38;2;230;65;49m██[38;2;230;65;49m██[38;2;205;197;164m██[38;2;49;49;49m██                
      [38;2;49;49;49m██  [38;2;49;49;49m██[38;2;246;123;90m██[38;2;246;123;90m██[38;2;49;49;49m██  [38;2;49;49;49m██[38;2;82;82;82m██[38;2;82;82;82m██[38;2;205;197;164m██[38;2;205;197;164m██[38;2;156;139;115m██[38;2;205;197;164m██[38;2;205;197;164m██[38;2;205;197;164m██[38;2;156;139;115m██[38;2;230;65;49m██[38;2;156;139;115m██[38;2;156;139;115m██[38;2;49;49;49m██              
    [38;2;49;49;49m██[38;2;205;90;90m██[38;2;49;49;49m██[38;2;49;49;49m██[38;2;246;123;90m██[38;2;246;123;90m██[38;2;246;123;90m██[38;2;49;49;49m██[38;2;148;65;82m██[38;2;246;123;90m██[38;2;82;82;82m██[38;2;205;197;164m██[38;2;205;197;164m██[38;2;205;197;164m██[38;2;205;197;164m██[38;2;156;139;115m██[38;2;205;197;164m██[38;2;156;139;115m██[38;2;230;65;49m██[38;2;230;65;49m██[38;2;205;197;164m██[38;2;156;139;115m██[38;2;49;49;49m██            
    [38;2;49;49;49m██[38;2;205;90;90m██[38;2;205;90;90m██[38;2;148;65;82m██[38;2;246;123;90m██[38;2;246;123;90m██[38;2;246;123;90m██[38;2;148;65;82m██[38;2;246;123;90m██[38;2;246;123;90m██[38;2;82;82;82m██[38;2;156;139;115m██[38;2;205;197;164m██[38;2;205;197;164m██[38;2;205;197;164m██[38;2;156;139;115m██[38;2;205;197;164m██[38;2;230;65;49m██[38;2;230;65;49m██[38;2;230;65;49m██[38;2;230;65;49m██[38;2;82;82;82m██[38;2;49;49;49m██[38;2;49;49;49m██          
[38;2;49;49;49m██[38;2;49;49;49m██[38;2;148;65;82m██[38;2;205;90;90m██[38;2;205;90;90m██[38;2;148;65;82m██[38;2;205;90;90m██[38;2;246;123;90m██[38;2;148;65;82m██[38;2;246;123;90m██[38;2;246;123;90m██[38;2;205;90;90m██[38;2;82;82;82m██[38;2;82;82;82m██[38;2;82;82;82m██[38;2;82;82;82m██[38;2;205;197;164m██[38;2;156;139;115m██[38;2;230;65;49m██[38;2;82;82;82m██[38;2;82;82;82m██[38;2;230;65;49m██[38;2;82;82;82m██[38;2;82;82;82m██[38;2;123;123;106m██[38;2;123;123;106m██[38;2;49;49;49m██        
[38;2;49;49;49m██[38;2;205;90;90m██[38;2;205;90;90m██[38;2;148;65;82m██[38;2;148;65;82m██[38;2;246;123;90m██[38;2;148;65;82m██[38;2;246;123;90m██[38;2;148;65;82m██[38;2;246;123;90m██[38;2;246;123;90m██[38;2;148;65;82m██[38;2;82;82;82m██[38;2;246;123;90m██[38;2;246;123;90m██[38;2;246;123;90m██[38;2;82;82;82m██[38;2;230;65;49m██[38;2;82;82;82m██[38;2;123;123;106m██[38;2;82;82;82m██[38;2;82;82;82m██[38;2;123;123;106m██[38;2;123;123;106m██[38;2;82;82;82m██[38;2;123;123;106m██[38;2;123;123;106m██[38;2;49;49;49m██      
  [38;2;49;49;49m██[38;2;205;90;90m██[38;2;148;65;82m██[38;2;246;123;90m██[38;2;246;123;90m██[38;2;246;123;90m██[38;2;246;123;90m██[38;2;246;123;90m██[38;2;246;123;90m██[38;2;205;90;90m██[38;2;82;82;82m██[38;2;246;123;90m██[38;2;246;123;90m██[38;2;246;123;90m██[38;2;82;82;82m██[38;2;230;65;49m██[38;2;82;82;82m██[38;2;123;123;106m██[38;2;123;123;106m██[38;2;123;123;106m██[38;2;82;82;82m██[38;2;82;82;82m██[38;2;123;123;106m██[38;2;82;82;82m██[38;2;82;82;82m██[38;2;82;82;82m██[38;2;49;49;49m██      
    [38;2;49;49;49m██[38;2;246;123;90m██[38;2;82;82;82m██[38;2;246;123;90m██[38;2;82;82;82m██[38;2;246;123;90m██[38;2;246;123;90m██[38;2;246;123;90m██[38;2;246;123;90m██[38;2;246;123;90m██[38;2;246;123;90m██[38;2;205;90;90m██[38;2;82;82;82m██[38;2;230;65;49m██[38;2;82;82;82m██[38;2;82;82;82m██[38;2;82;82;82m██[38;2;123;123;106m██[38;2;123;123;106m██[38;2;82;82;82m██[38;2;82;82;82m██[38;2;82;82;82m██[38;2;246;123;90m██[38;2;82;82;82m██[38;2;246;123;90m██[38;2;82;82;82m██[38;2;49;49;49m██    
    [38;2;49;49;49m██[38;2;115;106;74m██[38;2;82;82;82m██[38;2;82;82;82m██[38;2;82;82;82m██[38;2;115;106;74m██[38;2;246;123;90m██[38;2;246;123;90m██[38;2;246;123;90m██[38;2;82;82;82m██[38;2;82;82;82m██[38;2;82;82;82m██[38;2;82;82;82m██[38;2;230;65;49m██[38;2;82;82;82m██[38;2;82;82;82m██[38;2;82;82;82m██[38;2;82;82;82m██[38;2;82;82;82m██[38;2;230;65;49m██[38;2;82;82;82m██[38;2;82;82;82m██[38;2;246;180;16m██[38;2;82;82;82m██[38;2;246;180;16m██[38;2;82;82;82m██[38;2;49;49;49m██    
    [38;2;49;49;49m██[38;2;82;82;82m██[38;2;205;90;90m██[38;2;82;82;82m██[38;2;246;123;90m██[38;2;82;82;82m██[38;2;246;123;90m██[38;2;205;90;90m██[38;2;246;123;90m██[38;2;205;90;90m██[38;2;82;82;82m██[38;2;205;90;90m██[38;2;82;82;82m██[38;2;246;123;90m██[38;2;82;82;82m██[38;2;82;82;82m██[38;2;82;82;82m██[38;2;82;82;82m██[38;2;82;82;82m██[38;2;246;123;90m██[38;2;82;82;82m██[38;2;246;180;16m██[38;2;82;82;82m██[38;2;246;180;16m██[38;2;82;82;82m██[38;2;123;123;106m██[38;2;205;90;90m██[38;2;49;49;49m██  
    [38;2;49;49;49m██[38;2;251;251;251m██[38;2;205;197;164m██[38;2;205;90;90m██[38;2;205;197;164m██[38;2;156;139;115m██[38;2;246;123;90m██[38;2;49;49;49m██[38;2;251;251;251m██[38;2;82;82;82m██[38;2;205;90;90m██[38;2;82;82;82m██[38;2;123;123;106m██[38;2;82;82;82m██[38;2;246;180;16m██[38;2;82;82;82m██[38;2;82;82;82m██[38;2;82;82;82m██[38;2;246;180;16m██[38;2;246;180;16m██[38;2;246;180;16m██[38;2;82;82;82m██[38;2;82;82;82m██[38;2;82;82;82m██[38;2;82;82;82m██[38;2;82;82;82m██[38;2;205;90;90m██[38;2;148;65;82m██[38;2;49;49;49m██
      [38;2;49;49;49m██[38;2;205;197;164m██[38;2;205;197;164m██[38;2;205;197;164m██[38;2;156;139;115m██[38;2;251;251;251m██[38;2;251;251;251m██[38;2;251;251;251m██[38;2;156;139;115m██[38;2;82;82;82m██[38;2;82;82;82m██[38;2;82;82;82m██[38;2;82;82;82m██[38;2;82;82;82m██[38;2;246;180;16m██[38;2;246;180;16m██[38;2;246;180;16m██[38;2;123;123;106m██[38;2;82;82;82m██[38;2;82;82;82m██[38;2;82;82;82m██[38;2;123;123;106m██[38;2;82;82;82m██[38;2;205;90;90m██[38;2;205;90;90m██[38;2;148;65;82m██[38;2;205;90;90m██[38;2;49;49;49m██
    [38;2;49;49;49m██[38;2;205;197;164m██[38;2;205;197;164m██[38;2;205;197;164m██[38;2;205;197;164m██[38;2;205;197;164m██[38;2;156;139;115m██[38;2;251;251;251m██[38;2;156;139;115m██[38;2;156;139;115m██[38;2;82;82;82m██[38;2;205;90;90m██[38;2;82;82;82m██[38;2;82;82;82m██[38;2;123;123;106m██[38;2;82;82;82m██[38;2;82;82;82m██[38;2;123;123;106m██[38;2;82;82;82m██[38;2;123;123;106m██[38;2;123;123;106m██[38;2;82;82;82m██[38;2;82;82;82m██[38;2;205;90;90m██[38;2;205;90;90m██[38;2;148;65;82m██[38;2;205;90;90m██[38;2;49;49;49m██  
    [38;2;49;49;49m██[38;2;205;197;164m██[38;2;205;197;164m██[38;2;205;197;164m██[38;2;205;197;164m██[38;2;205;197;164m██[38;2;205;197;164m██[38;2;156;139;115m██[38;2;115;106;74m██[38;2;251;251;251m██[38;2;82;82;82m██[38;2;205;90;90m██[38;2;205;90;90m██[38;2;246;123;90m██[38;2;82;82;82m██[38;2;123;123;106m██[38;2;123;123;106m██[38;2;82;82;82m██[38;2;246;123;90m██[38;2;82;82;82m██[38;2;82;82;82m██[38;2;205;90;90m██[38;2;205;90;90m██[38;2;205;90;90m██[38;2;205;90;90m██[38;2;205;90;90m██[38;2;49;49;49m██[38;2;49;49;49m██  
    [38;2;49;49;49m██[38;2;82;82;82m██[38;2;205;197;164m██[38;2;205;197;164m██[38;2;205;197;164m██[38;2;82;82;82m██[38;2;156;139;115m██[38;2;115;106;74m██[38;2;205;197;164m██[38;2;205;197;164m██[38;2;82;82;82m██[38;2;205;90;90m██[38;2;205;90;90m██[38;2;246;123;90m██[38;2;246;123;90m██[38;2;82;82;82m██[38;2;82;82;82m██[38;2;246;123;90m██[38;2;246;123;90m██[38;2;246;123;90m██[38;2;246;123;90m██[38;2;205;90;90m██[38;2;205;90;90m██[38;2;205;90;90m██[38;2;148;65;82m██[38;2;205;90;90m██[38;2;49;49;49m██    
      [38;2;49;49;49m██[38;2;49;49;49m██[38;2;156;139;115m██[38;2;115;106;74m██[38;2;156;139;115m██[38;2;115;106;74m██[38;2;251;251;251m██[38;2;251;251;251m██[38;2;82;82;82m██[38;2;205;90;90m██[38;2;205;90;90m██[38;2;246;123;90m██[38;2;246;123;90m██[38;2;246;123;90m██[38;2;246;123;90m██[38;2;246;123;90m██[38;2;246;123;90m██[38;2;246;123;90m██[38;2;246;123;90m██[38;2;246;123;90m██[38;2;148;65;82m██[38;2;148;65;82m██[38;2;205;90;90m██[38;2;205;90;90m██[38;2;49;49;49m██      
          [38;2;49;49;49m██[38;2;82;82;82m██[38;2;82;82;82m██[38;2;82;82;82m██[38;2;82;82;82m██[38;2;82;82;82m██[38;2;205;90;90m██[38;2;205;90;90m██[38;2;246;123;90m██[38;2;246;123;90m██[38;2;246;123;90m██[38;2;246;123;90m██[38;2;246;123;90m██[38;2;246;123;90m██[38;2;246;123;90m██[38;2;205;90;90m██[38;2;246;123;90m██[38;2;246;123;90m██[38;2;246;123;90m██[38;2;82;82;82m██[38;2;82;82;82m██[38;2;82;82;82m██[38;2;49;49;49m██      
        [38;2;49;49;49m██[38;2;205;90;90m██[38;2;205;90;90m██[38;2;205;90;90m██[38;2;205;90;90m██[38;2;205;90;90m██[38;2;205;90;90m██[38;2;205;90;90m██[38;2;246;123;90m██[38;2;246;123;90m██[38;2;246;123;90m██[38;2;246;123;90m██[38;2;246;123;90m██[38;2;246;123;90m██[38;2;148;65;82m██[38;2;246;123;90m██[38;2;246;123;90m██[38;2;148;65;82m██[38;2;246;123;90m██[38;2;246;123;90m██[38;2;49;49;49m██[38;2;49;49;49m██[38;2;49;49;49m██        
          [38;2;49;49;49m██[38;2;49;49;49m██[38;2;205;90;90m██[38;2;205;90;90m██[38;2;205;90;90m██[38;2;246;123;90m██[38;2;246;123;90m██[38;2;246;123;90m██[38;2;246;123;90m██[38;2;246;123;90m██[38;2;246;123;90m██[38;2;148;65;82m██[38;2;246;123;90m██[38;2;246;123;90m██[38;2;148;65;82m██[38;2;49;49;49m██[38;2;49;49;49m██[38;2;49;49;49m██[38;2;49;49;49m██              
              [38;2;49;49;49m██[38;2;205;90;90m██[38;2;49;49;49m██[38;2;148;65;82m██[38;2;246;123;90m██[38;2;148;65;82m██[38;2;246;123;90m██[38;2;49;49;49m██[38;2;246;123;90m██[38;2;82;82;82m██[38;2;82;82;82m██[38;2;82;82;82m██[38;2;49;49;49m██                      
                [38;2;49;49;49m██  [38;2;49;49;49m██[38;2;148;65;82m██[38;2;49;49;49m██[38;2;49;49;49m██  [38;2;49;49;49m██[38;2;49;49;49m██[38;2;49;49;49m██[38;2;49;49;49m██                        
                      [38;2;49;49;49m██                                      
