              [38;2;64;64;64m██[38;2;64;64;64m██[38;2;64;64;64m██  [38;2;64;64;64m██                  
            [38;2;64;64;64m██[38;2;240;240;168m██[38;2;240;240;168m██[38;2;184;160;88m██[38;2;64;64;64m██[38;2;240;240;168m██[38;2;64;64;64m██[38;2;96;96;88m██[38;2;64;64;64m██            
          [38;2;64;64;64m██[38;2;240;240;168m██[38;2;240;240;168m██[38;2;240;240;168m██[38;2;240;240;168m██[38;2;184;160;88m██[38;2;240;240;168m██[38;2;64;64;64m██[38;2;240;240;168m██[38;2;240;240;168m██[38;2;64;64;64m██[38;2;64;64;64m██        
        [38;2;64;64;64m██[38;2;64;64;64m██[38;2;184;160;88m██[38;2;240;240;168m██[38;2;240;240;168m██[38;2;240;240;168m██[38;2;240;240;168m██[38;2;240;240;168m██[38;2;184;160;88m██[38;2;240;240;168m██[38;2;240;240;168m██[38;2;240;240;168m██[38;2;240;240;168m██[38;2;64;64;64m██      
      [38;2;64;64;64m██[38;2;240;240;168m██[38;2;240;240;168m██[38;2;240;240;168m██[38;2;240;240;168m██[38;2;240;240;168m██[38;2;240;240;168m██[38;2;240;240;168m██[38;2;240;240;168m██[38;2;240;240;168m██[38;2;240;240;168m██[38;2;240;240;168m██[38;2;240;240;168m██[38;2;240;240;168m██[38;2;240;240;168m██[38;2;64;64;64m██    
    [38;2;64;64;64m██[38;2;240;240;168m██[38;2;240;240;168m██[38;2;112;112;112m██[38;2;184;160;88m██[38;2;240;240;168m██[38;2;240;240;168m██[38;2;240;240;168m██[38;2;240;240;168m██[38;2;240;240;168m██[38;2;240;240;168m██[38;2;240;240;168m██[38;2;240;240;168m██[38;2;240;240;168m██[38;2;240;240;168m██[38;2;240;240;168m██[38;2;64;64;64m██    
    [38;2;64;64;64m██[38;2;240;240;168m██[38;2;112;112;112m██[38;2;240;240;168m██[38;2;240;240;168m██[38;2;240;240;168m██[38;2;240;240;168m██[38;2;240;240;168m██[38;2;240;240;168m██[38;2;240;240;168m██[38;2;240;240;168m██[38;2;240;240;168m██[38;2;240;240;168m██[38;2;240;240;168m██[38;2;240;240;168m██[38;2;240;240;168m██[38;2;240;240;168m██[38;2;64;64;64m██  
  [38;2;96;96;88m██[38;2;152;200;72m██[38;2;64;64;64m██[38;2;240;240;168m██[38;2;240;240;168m██[38;2;240;240;168m██[38;2;240;240;168m██[38;2;240;240;168m██[38;2;240;240;168m██[38;2;240;240;168m██[38;2;240;240;168m██[38;2;240;240;168m██[38;2;240;240;168m██[38;2;184;160;88m██[38;2;240;240;168m██[38;2;240;240;168m██[38;2;240;240;168m██[38;2;240;240;168m██[38;2;64;64;64m██  
[38;2;96;96;88m██[38;2;152;200;72m██[38;2;152;200;72m██[38;2;64;64;64m██[38;2;240;240;168m██[38;2;240;240;168m██[38;2;240;240;168m██[38;2;240;240;168m██[38;2;184;160;88m██[38;2;240;240;168m██[38;2;240;240;168m██[38;2;184;160;88m██[38;2;240;240;168m██[38;2;240;240;168m██[38;2;240;240;168m██[38;2;184;160;88m██[38;2;240;240;168m██[38;2;240;240;168m██[38;2;240;240;168m██[38;2;64;64;64m██  
[38;2;96;96;88m██[38;2;152;200;72m██[38;2;120;152;72m██[38;2;96;96;88m██[38;2;64;64;64m██[38;2;240;240;168m██[38;2;240;240;168m██[38;2;208;208;104m██[38;2;112;112;112m██[38;2;240;240;168m██[38;2;240;240;168m██[38;2;240;240;168m██[38;2;112;112;112m██[38;2;240;240;168m██[38;2;240;240;168m██[38;2;184;160;88m██[38;2;240;240;168m██[38;2;184;160;88m██[38;2;64;64;64m██[38;2;96;96;88m██  
[38;2;96;96;88m██[38;2;120;152;72m██[38;2;64;64;64m██[38;2;248;248;248m██[38;2;184;160;88m██[38;2;64;64;64m██[38;2;64;64;64m██[38;2;64;64;64m██[38;2;184;160;88m██[38;2;112;112;112m██[38;2;240;240;168m██[38;2;208;208;104m██[38;2;64;64;64m██[38;2;112;112;112m██[38;2;184;160;88m██[38;2;208;208;104m██[38;2;240;240;168m██[38;2;240;240;168m██[38;2;240;240;168m██[38;2;240;240;168m██[38;2;64;64;64m██
  [38;2;96;96;88m██[38;2;64;64;64m██[38;2;224;72;40m██[38;2;184;160;88m██[38;2;184;160;88m██[38;2;184;160;88m██[38;2;184;160;88m██[38;2;184;160;88m██[38;2;184;160;88m██[38;2;64;64;64m██[38;2;64;64;64m██[38;2;120;152;72m██[38;2;152;200;72m██[38;2;64;64;64m██[38;2;240;240;168m██[38;2;240;240;168m██[38;2;240;240;168m██[38;2;184;160;88m██[38;2;64;64;64m██  
  [38;2;96;96;88m██[38;2;64;64;64m██[38;2;184;160;88m██[38;2;184;160;88m██[38;2;184;160;88m██[38;2;184;160;88m██[38;2;248;248;248m██[38;2;184;160;88m██[38;2;96;96;88m██[38;2;120;152;72m██[38;2;112;112;112m██[38;2;152;200;72m██[38;2;152;200;72m██[38;2;64;64;64m██[38;2;240;240;168m██[38;2;240;240;168m██[38;2;240;240;168m██[38;2;240;240;168m██[38;2;240;240;168m██[38;2;96;96;88m██
  [38;2;96;96;88m██[38;2;208;208;104m██[38;2;64;64;64m██[38;2;184;160;88m██[38;2;184;160;88m██[38;2;184;160;88m██[38;2;224;72;40m██[38;2;184;160;88m██[38;2;64;64;64m██[38;2;152;200;72m██[38;2;120;152;72m██[38;2;152;200;72m██[38;2;152;200;72m██[38;2;64;64;64m██[38;2;240;240;168m██[38;2;240;240;168m██[38;2;240;240;168m██[38;2;240;240;168m██[38;2;240;240;168m██[38;2;96;96;88m██
    [38;2;96;96;88m██[38;2;184;160;88m██[38;2;64;64;64m██[38;2;96;96;88m██[38;2;184;160;88m██[38;2;184;160;88m██[38;2;184;160;88m██[38;2;96;96;88m██[38;2;64;64;64m██[38;2;152;200;72m██[38;2;152;200;72m██[38;2;64;64;64m██[38;2;208;208;104m██[38;2;208;208;104m██[38;2;240;240;168m██[38;2;240;240;168m██[38;2;240;240;168m██[38;2;208;208;104m██[38;2;96;96;88m██
    [38;2;96;96;88m██[38;2;96;96;88m██[38;2;240;240;168m██[38;2;240;240;168m██[38;2;64;64;64m██[38;2;64;64;64m██[38;2;64;64;64m██[38;2;208;208;104m██[38;2;96;96;88m██[38;2;64;64;64m██[38;2;64;64;64m██[38;2;208;208;104m██[38;2;208;208;104m██[38;2;208;208;104m██[38;2;208;208;104m██[38;2;208;208;104m██[38;2;208;208;104m██[38;2;96;96;88m██  
    [38;2;96;96;88m██[38;2;208;208;104m██[38;2;96;96;88m██[38;2;240;240;168m██[38;2;240;240;168m██[38;2;208;208;104m██[38;2;208;208;104m██[38;2;96;96;88m██[38;2;184;160;88m██[38;2;184;160;88m██[38;2;96;96;88m██[38;2;208;208;104m██[38;2;208;208;104m██[38;2;208;208;104m██[38;2;208;208;104m██[38;2;184;160;88m██[38;2;96;96;88m██    
      [38;2;96;96;88m██[38;2;96;96;88m██[38;2;96;96;88m██[38;2;96;96;88m██[38;2;96;96;88m██[38;2;96;96;88m██[38;2;184;160;88m██[38;2;96;96;88m██[38;2;96;96;88m██[38;2;208;208;104m██[38;2;208;208;104m██[38;2;184;160;88m██[38;2;184;160;88m██[38;2;96;96;88m██[38;2;208;208;104m██[38;2;96;96;88m██    
        [38;2;96;96;88m██[38;2;184;160;88m██[38;2;184;160;88m██[38;2;184;160;88m██[38;2;184;160;88m██[38;2;184;160;88m██[38;2;184;160;88m██[38;2;96;96;88m██[38;2;208;208;104m██[38;2;208;208;104m██[38;2;208;208;104m██[38;2;208;208;104m██[38;2;96;96;88m██[38;2;96;96;88m██      
          [38;2;96;96;88m██[38;2;96;96;88m██[38;2;96;96;88m██[38;2;184;160;88m██[38;2;184;160;88m██[38;2;184;160;88m██[38;2;96;96;88m██[38;2;184;160;88m██[38;2;208;208;104m██[38;2;208;208;104m██[38;2;96;96;88m██          
                [38;2;96;96;88m██[38;2;184;160;88m██[38;2;184;160;88m██[38;2;96;96;88m██[38;2;96;96;88m██[38;2;96;96;88m██[38;2;96;96;88m██            
                  [38;2;96;96;88m██[38;2;96;96;88m██                    
