              [38;2;43;43;43m██[38;2;49;49;47m██                                  
              [38;2;48;48;48m██[38;2;197;197;107m██[38;2;52;52;50m██                                
              [38;2;44;44;44m██[38;2;189;189;102m██[38;2;193;193;104m██[38;2;47;47;45m██                        [38;2;52;52;50m██[38;2;51;51;49m██[38;2;44;44;44m██
              [38;2;43;43;43m██[38;2;185;185;100m██[38;2;190;190;103m██[38;2;175;175;95m██[38;2;46;46;46m██[38;2;47;47;47m██[38;2;46;44;44m██[38;2;50;48;48m██[38;2;50;49;49m██[38;2;47;47;45m██        [38;2;50;50;48m██[38;2;47;47;45m██[38;2;243;243;170m██[38;2;232;232;162m██[38;2;43;43;43m██
              [38;2;49;49;49m██[38;2;197;197;107m██[38;2;118;85;59m██[38;2;115;82;57m██[38;2;247;245;172m██[38;2;221;76;90m██[38;2;220;76;90m██[38;2;221;76;90m██[38;2;239;164;132m██[38;2;246;244;171m██[38;2;49;49;49m██[38;2;53;53;51m██  [38;2;53;53;51m██[38;2;247;247;173m██[38;2;246;246;172m██[38;2;247;247;173m██[38;2;247;247;173m██[38;2;49;49;49m██
              [38;2;46;45;45m██[38;2;112;81;56m██[38;2;241;239;168m██[38;2;199;66;81m██[38;2;210;71;86m██[38;2;112;192;88m██[38;2;103;177;81m██[38;2;112;192;88m██[38;2;216;74;88m██[38;2;198;68;81m██[38;2;233;161;129m██[38;2;236;235;166m██[38;2;46;46;45m██[38;2;241;241;169m██[38;2;236;236;166m██[38;2;222;222;155m██[38;2;244;244;171m██[38;2;47;47;47m██  
        [38;2;44;44;44m██[38;2;50;50;48m██[38;2;52;52;50m██[38;2;103;73;52m██[38;2;234;233;163m██[38;2;216;74;88m██[38;2;103;176;80m██[38;2;80;80;79m██[38;2;83;83;82m██[38;2;76;76;75m██[38;2;80;80;80m██[38;2;112;192;88m██[38;2;103;176;80m██[38;2;216;72;88m██[38;2;228;156;126m██[38;2;127;127;82m██[38;2;239;239;167m██[38;2;235;235;165m██[38;2;221;221;155m██[38;2;244;244;171m██[38;2;47;47;47m██  
        [38;2;49;49;49m██[38;2;247;247;172m██[38;2;199;199;109m██[38;2;85;82;83m██[38;2;221;76;90m██[38;2;115;197;90m██[38;2;85;85;84m██[38;2;199;199;109m██[38;2;247;247;173m██[38;2;244;244;171m██[38;2;198;198;107m██[38;2;84;84;83m██[38;2;82;82;82m██[38;2;115;198;90m██[38;2;221;76;90m██[38;2;246;245;172m██[38;2;142;142;92m██[38;2;246;246;172m██[38;2;245;245;171m██[38;2;49;49;49m██    
        [38;2;46;48;49m██[38;2;184;184;100m██[38;2;244;242;170m██[38;2;197;66;80m██[38;2;108;185;84m██[38;2;80;80;79m██[38;2;218;217;152m██[38;2;231;230;161m██[38;2;237;237;167m██[38;2;73;73;73m██[38;2;79;79;79m██[38;2;192;192;106m██[38;2;73;73;73m██[38;2;79;79;79m██[38;2;108;186;85m██[38;2;212;145;117m██[38;2;236;236;166m██[38;2;133;133;86m██[38;2;125;125;81m██[38;2;48;48;48m██    
          [38;2;48;49;47m██[38;2;219;75;89m██[38;2;198;68;80m██[38;2;78;78;78m██[38;2;139;100;67m██[38;2;125;89;59m██[38;2;133;94;63m██[38;2;115;83;60m██[38;2;44;44;44m██[38;2;248;248;248m██[38;2;177;185;177m██[38;2;177;177;96m██[38;2;80;80;80m██[38;2;110;189;86m██[38;2;198;67;80m██[38;2;115;83;57m██[38;2;188;188;102m██[38;2;177;177;96m██[38;2;50;50;49m██    
        [38;2;49;49;49m██[38;2;115;197;90m██[38;2;115;198;90m██[38;2;114;195;89m██[38;2;84;84;84m██[38;2;255;255;255m██[38;2;141;98;66m██[38;2;118;85;61m██[38;2;255;255;255m██[38;2;53;53;53m██[38;2;254;254;254m██[38;2;181;189;181m██[38;2;83;83;83m██[38;2;84;84;84m██[38;2;115;197;90m██[38;2;117;84;59m██[38;2;247;247;173m██[38;2;118;85;59m██[38;2;195;195;106m██[38;2;141;141;91m██[38;2;49;49;49m██  
        [38;2;45;46;45m██[38;2;77;77;77m██[38;2;114;195;89m██[38;2;74;74;73m██[38;2;169;176;169m██[38;2;245;245;245m██[38;2;198;68;82m██[38;2;239;239;239m██[38;2;247;247;247m██[38;2;225;225;225m██[38;2;175;182;175m██[38;2;175;183;175m██[38;2;160;167;160m██[38;2;174;181;174m██[38;2;80;77;78m██[38;2;217;217;152m██[38;2;238;238;167m██[38;2;231;231;162m██[38;2;104;73;51m██[38;2;196;194;105m██[38;2;46;46;46m██  
      [38;2;49;49;49m██[38;2;106;181;83m██[38;2;82;82;82m██[38;2;82;82;82m██[38;2;82;120;67m██[38;2;79;79;79m██[38;2;83;83;83m██[38;2;230;230;230m██[38;2;245;245;245m██[38;2;250;250;250m██[38;2;165;172;165m██[38;2;177;185;177m██[38;2;178;186;178m██[38;2;76;76;76m██[38;2;81;81;81m██[38;2;214;74;87m██[38;2;106;75;53m██[38;2;241;241;169m██[38;2;80;81;80m██[38;2;201;69;82m██[38;2;219;75;89m██[38;2;47;47;47m██  
      [38;2;51;52;50m██[38;2;92;133;76m██[38;2;255;255;255m██[38;2;84;84;84m██[38;2;81;81;81m██[38;2;82;82;82m██[38;2;179;187;179m██[38;2;81;81;81m██[38;2;180;188;180m██[38;2;181;189;181m██[38;2;179;187;179m██[38;2;82;82;82m██[38;2;181;189;181m██[38;2;179;187;179m██[38;2;83;84;83m██[38;2;115;198;90m██[38;2;219;75;89m██[38;2;83;84;83m██[38;2;115;197;90m██[38;2;114;195;89m██[38;2;115;198;90m██[38;2;49;49;49m██  
    [38;2;45;45;45m██[38;2;116;196;92m██[38;2;226;226;226m██[38;2;235;235;235m██[38;2;178;186;178m██[38;2;158;165;158m██[38;2;48;50;51m██[38;2;50;52;53m██[38;2;72;72;72m██[38;2;76;76;76m██[38;2;173;181;173m██[38;2;73;73;72m██[38;2;86;126;71m██[38;2;79;79;79m██[38;2;74;74;73m██[38;2;110;189;86m██[38;2;107;185;84m██[38;2;101;175;79m██[38;2;110;189;86m██[38;2;77;78;77m██[38;2;73;74;73m██[38;2;112;192;88m██[38;2;49;50;51m██  
    [38;2;49;48;48m██[38;2;253;253;253m██[38;2;233;233;233m██[38;2;175;182;175m██[38;2;180;188;180m██[38;2;45;45;45m██    [38;2;47;49;50m██[38;2;173;180;173m██[38;2;83;83;83m██[38;2;82;120;68m██[38;2;83;83;83m██[38;2;83;83;83m██[38;2;179;179;97m██[38;2;83;83;82m██[38;2;111;191;87m██[38;2;105;179;82m██[38;2;82;83;82m██[38;2;111;192;87m██[38;2;105;179;82m██[38;2;51;52;50m██    
  [38;2;50;49;49m██[38;2;115;82;58m██[38;2;180;188;180m██[38;2;177;185;177m██[38;2;180;188;180m██[38;2;179;187;179m██[38;2;51;53;54m██      [38;2;50;50;50m██[38;2;181;189;181m██[38;2;82;82;82m██[38;2;180;188;180m██[38;2;180;188;180m██[38;2;82;82;81m██[38;2;197;197;107m██[38;2;83;83;83m██[38;2;80;80;80m██[38;2;115;196;90m██[38;2;115;197;90m██[38;2;89;131;73m██[38;2;115;197;90m██[38;2;49;49;49m██  
[38;2;48;48;48m██[38;2;101;73;51m██[38;2;76;76;76m██[38;2;113;81;56m██[38;2;159;166;159m██[38;2;166;173;166m██[38;2;51;53;54m██      [38;2;45;45;44m██[38;2;78;78;77m██[38;2;173;181;173m██[38;2;160;167;160m██[38;2;172;180;172m██[38;2;79;79;79m██[38;2;175;175;94m██[38;2;189;189;102m██[38;2;133;133;86m██[38;2;72;72;72m██[38;2;86;125;71m██[38;2;107;185;84m██[38;2;101;175;79m██[38;2;81;81;80m██[38;2;48;49;47m██  
[38;2;52;54;55m██[38;2;49;51;52m██[38;2;48;48;48m██[38;2;114;82;57m██[38;2;49;51;52m██[38;2;51;53;54m██      [38;2;49;49;49m██[38;2;132;132;85m██[38;2;194;194;105m██[38;2;82;82;82m██[38;2;169;176;169m██[38;2;81;81;81m██[38;2;194;194;106m██[38;2;133;133;86m██[38;2;141;141;91m██[38;2;243;243;169m██[38;2;46;46;46m██[38;2;52;54;55m██[38;2;112;193;89m██[38;2;108;185;84m██[38;2;91;133;75m██[38;2;113;194;89m██[38;2;46;46;46m██
    [38;2;52;54;55m██[38;2;52;54;55m██        [38;2;51;50;50m██[38;2;51;50;50m██[38;2;192;192;104m██[38;2;140;140;91m██[38;2;139;139;90m██[38;2;80;80;80m██[38;2;52;54;55m██[38;2;52;54;55m██[38;2;238;238;168m██[38;2;245;245;171m██[38;2;197;197;107m██[38;2;52;52;50m██[38;2;255;255;255m██[38;2;51;50;50m██[38;2;88;129;73m██[38;2;115;197;90m██[38;2;90;130;74m██[38;2;51;53;54m██
              [38;2;46;48;49m██[38;2;105;76;53m██[38;2;109;78;55m██[38;2;72;72;72m██[38;2;181;181;99m██[38;2;50;52;53m██[38;2;46;48;49m██    [38;2;43;43;43m██[38;2;135;135;88m██[38;2;132;132;86m██[38;2;218;218;152m██[38;2;48;48;48m██[38;2;130;92;61m██[38;2;72;72;72m██[38;2;81;81;80m██[38;2;46;46;46m██  
                [38;2;51;53;54m██[38;2;52;54;55m██[38;2;49;51;52m██[38;2;51;53;54m██        [38;2;46;46;46m██[38;2;244;243;171m██[38;2;241;241;169m██[38;2;186;185;100m██[38;2;81;81;81m██[38;2;137;97;65m██[38;2;49;51;52m██[38;2;138;99;66m██[38;2;51;53;54m██  
                                [38;2;49;51;52m██[38;2;138;98;65m██[38;2;113;81;56m██[38;2;132;94;63m██[38;2;52;54;55m██[38;2;51;53;54m██  [38;2;52;54;55m██    
                                  [38;2;50;51;52m██[38;2;48;50;51m██[38;2;46;48;49m██            
