      [38;2;49;49;49m██                          
    [38;2;53;53;54m██[38;2;247;222;99m██[38;2;49;49;49m██                        
  [38;2;53;53;54m██[38;2;195;56;16m██[38;2;246;219;97m██[38;2;49;49;49m██            [38;2;49;49;49m██[38;2;49;49;49m██[38;2;49;49;49m██      
  [38;2;53;53;54m██[38;2;195;56;16m██[38;2;213;186;88m██[38;2;246;221;98m██[38;2;49;49;49m██      [38;2;49;49;49m██[38;2;49;49;49m██[38;2;247;222;99m██[38;2;247;222;99m██[38;2;49;49;49m██      
[38;2;53;53;54m██[38;2;195;56;16m██[38;2;254;73;40m██[38;2;198;57;16m██[38;2;246;219;97m██[38;2;49;49;49m██    [38;2;53;53;54m██[38;2;247;222;99m██[38;2;247;222;99m██[38;2;247;222;99m██[38;2;198;59;17m██[38;2;198;57;16m██[38;2;51;49;48m██    
[38;2;53;53;54m██[38;2;251;73;41m██[38;2;255;74;41m██[38;2;198;57;16m██[38;2;246;219;97m██[38;2;49;49;49m██  [38;2;53;53;54m██[38;2;243;219;98m██[38;2;247;222;99m██[38;2;198;59;17m██[38;2;198;57;16m██[38;2;254;73;40m██[38;2;255;74;41m██[38;2;52;49;48m██    
[38;2;53;53;54m██[38;2;251;73;41m██[38;2;255;74;41m██[38;2;255;74;41m██[38;2;149;122;56m██[38;2;83;82;81m██[38;2;49;49;49m██[38;2;243;219;98m██[38;2;247;222;99m██[38;2;198;57;16m██[38;2;255;74;41m██[38;2;255;74;41m██[38;2;198;57;16m██[38;2;49;49;49m██      
  [38;2;53;53;54m██[38;2;195;56;16m██[38;2;83;81;80m██[38;2;211;187;89m██[38;2;247;222;99m██[38;2;214;189;90m██[38;2;246;221;98m██[38;2;198;57;16m██[38;2;255;74;41m██[38;2;255;74;41m██[38;2;255;74;41m██[38;2;255;74;41m██[38;2;52;49;48m██  [38;2;53;53;54m██  
    [38;2;53;53;54m██[38;2;243;219;98m██[38;2;247;222;99m██[38;2;247;222;99m██[38;2;247;222;99m██[38;2;247;222;99m██[38;2;198;57;16m██[38;2;255;74;41m██[38;2;255;74;41m██[38;2;255;74;41m██[38;2;84;81;81m██[38;2;49;49;49m██[38;2;49;49;49m██[38;2;251;73;41m██[38;2;52;49;48m██
  [38;2;53;53;54m██[38;2;211;186;89m██[38;2;246;221;98m██[38;2;247;222;99m██[38;2;247;222;99m██[38;2;247;222;99m██[38;2;247;222;99m██[38;2;247;222;99m██[38;2;198;57;16m██[38;2;83;81;80m██[38;2;82;82;82m██[38;2;146;122;57m██[38;2;245;220;98m██[38;2;254;76;41m██[38;2;255;74;41m██[38;2;52;49;48m██
  [38;2;53;53;54m██[38;2;243;219;98m██[38;2;247;222;99m██[38;2;247;222;99m██[38;2;84;84;82m██[38;2;82;82;82m██[38;2;244;219;98m██[38;2;247;222;99m██[38;2;255;255;255m██[38;2;255;255;255m██[38;2;84;84;84m██[38;2;244;219;98m██[38;2;247;222;99m██[38;2;247;222;99m██[38;2;247;222;99m██[38;2;52;51;49m██
[38;2;53;53;54m██[38;2;81;81;81m██[38;2;252;252;252m██[38;2;247;222;101m██[38;2;84;84;82m██[38;2;252;252;252m██[38;2;198;60;19m██[38;2;246;219;97m██[38;2;255;255;255m██[38;2;255;255;255m██[38;2;84;84;84m██[38;2;146;122;57m██[38;2;245;220;98m██[38;2;247;222;99m██[38;2;247;222;99m██[38;2;247;222;99m██[38;2;52;51;49m██
[38;2;53;53;54m██[38;2;251;251;251m██[38;2;255;255;255m██[38;2;255;255;255m██[38;2;255;255;255m██[38;2;198;60;19m██[38;2;254;73;40m██[38;2;255;252;251m██[38;2;214;214;214m██[38;2;84;84;84m██[38;2;211;187;89m██[38;2;246;221;98m██[38;2;149;124;57m██[38;2;245;220;98m██[38;2;247;222;99m██[38;2;149;124;57m██[38;2;50;50;49m██
  [38;2;53;53;54m██[38;2;49;49;49m██[38;2;251;251;251m██[38;2;255;255;255m██[38;2;214;214;214m██[38;2;214;214;214m██[38;2;84;84;84m██[38;2;82;82;82m██[38;2;211;187;89m██[38;2;246;221;98m██[38;2;247;222;99m██[38;2;149;124;57m██[38;2;148;123;57m██[38;2;50;50;49m██[38;2;49;49;49m██  
      [38;2;53;53;54m██[38;2;49;49;49m██[38;2;81;81;81m██[38;2;82;82;82m██[38;2;211;187;89m██[38;2;214;189;90m██[38;2;246;221;98m██[38;2;149;124;57m██[38;2;245;220;98m██[38;2;247;222;99m██[38;2;52;51;49m██      
          [38;2;53;53;54m██[38;2;211;186;89m██[38;2;148;123;57m██[38;2;245;220;98m██[38;2;247;222;99m██[38;2;49;49;49m██[38;2;49;49;49m██[38;2;247;222;99m██[38;2;52;51;49m██      
        [38;2;53;53;54m██[38;2;211;186;89m██[38;2;149;124;57m██[38;2;82;82;82m██[38;2;244;219;98m██[38;2;49;49;49m██  [38;2;49;49;49m██[38;2;49;49;49m██        
          [38;2;53;53;54m██[38;2;49;49;49m██[38;2;247;222;99m██[38;2;214;189;90m██[38;2;49;49;49m██              
              [38;2;53;53;54m██[38;2;49;49;49m██                
