    [38;2;63;63;63m██[38;2;58;58;58m██                                  
  [38;2;61;61;61m██[38;2;255;255;255m██[38;2;164;164;164m██[38;2;58;58;58m██                                
  [38;2;63;63;63m██[38;2;255;255;255m██[38;2;255;255;255m██[38;2;59;60;61m██[38;2;56;56;59m██                              
[38;2;56;56;56m██[38;2;255;255;255m██[38;2;255;255;255m██[38;2;255;255;255m██[38;2;79;116;200m██[38;2;102;140;253m██[38;2;56;56;59m██                            
[38;2;56;56;56m██[38;2;255;255;255m██[38;2;219;219;219m██[38;2;76;114;199m██[38;2;102;140;253m██[38;2;76;114;200m██[38;2;56;58;60m██[38;2;58;59;60m██[38;2;58;59;60m██        [38;2;63;63;63m██[38;2;61;61;61m██            
[38;2;56;56;56m██[38;2;255;255;255m██[38;2;255;255;255m██[38;2;76;114;199m██[38;2;103;141;253m██[38;2;76;114;201m██[38;2;103;141;253m██[38;2;103;141;253m██[38;2;103;141;253m██[38;2;58;59;62m██  [38;2;63;63;63m██[38;2;61;61;61m██[38;2;255;255;255m██[38;2;255;255;255m██[38;2;60;60;60m██          
[38;2;62;62;62m██[38;2;215;215;215m██[38;2;255;255;255m██[38;2;79;117;201m██[38;2;103;141;253m██[38;2;103;141;253m██[38;2;103;141;253m██[38;2;103;141;253m██[38;2;102;140;253m██[38;2;103;141;253m██[38;2;61;61;62m██[38;2;255;255;255m██[38;2;255;255;255m██[38;2;255;255;255m██[38;2;255;255;255m██[38;2;64;64;64m██          
  [38;2;56;56;56m██[38;2;163;163;158m██[38;2;255;255;255m██[38;2;79;117;201m██[38;2;103;141;253m██[38;2;103;141;253m██[38;2;103;141;253m██[38;2;79;116;200m██[38;2;76;114;197m██[38;2;255;255;255m██[38;2;255;255;255m██[38;2;255;255;255m██[38;2;255;255;255m██[38;2;60;60;60m██            
  [38;2;56;56;56m██[38;2;255;236;9m██[38;2;255;255;255m██[38;2;255;255;255m██[38;2;79;117;201m██[38;2;79;117;201m██[38;2;79;117;201m██[38;2;255;255;255m██[38;2;165;165;165m██[38;2;216;216;216m██[38;2;255;255;255m██[38;2;255;255;255m██[38;2;255;255;255m██[38;2;64;64;64m██            
  [38;2;62;62;62m██[38;2;255;234;11m██[38;2;255;255;255m██[38;2;255;255;255m██[38;2;255;255;255m██[38;2;255;255;255m██[38;2;255;255;255m██[38;2;161;161;161m██[38;2;255;255;255m██[38;2;219;219;219m██[38;2;255;255;255m██[38;2;255;255;255m██[38;2;64;64;64m██              
    [38;2;56;56;56m██[38;2;255;255;255m██[38;2;255;255;255m██[38;2;255;255;255m██[38;2;255;255;255m██[38;2;253;209;9m██[38;2;163;163;158m██[38;2;255;255;255m██[38;2;255;255;255m██[38;2;160;160;160m██[38;2;63;63;63m██      [38;2;63;63;63m██[38;2;56;56;56m██[38;2;60;60;60m██    
    [38;2;58;59;60m██[38;2;77;115;201m██[38;2;255;255;255m██[38;2;253;210;14m██[38;2;255;66;0m██[38;2;255;236;9m██[38;2;255;237;14m██[38;2;162;162;162m██[38;2;160;160;160m██[38;2;62;62;62m██    [38;2;63;63;63m██[38;2;60;60;60m██[38;2;233;233;233m██[38;2;236;236;236m██[38;2;235;235;235m██[38;2;59;59;59m██  
  [38;2;56;56;56m██[38;2;103;141;253m██[38;2;103;141;253m██[38;2;77;115;201m██[38;2;255;255;255m██[38;2;255;68;5m██[38;2;255;235;13m██[38;2;255;255;255m██[38;2;215;215;215m██[38;2;62;62;62m██    [38;2;63;63;63m██[38;2;234;234;234m██[38;2;234;234;234m██[38;2;162;162;162m██[38;2;161;161;161m██[38;2;235;235;235m██[38;2;236;236;236m██[38;2;59;59;59m██
  [38;2;62;62;62m██[38;2;103;140;253m██[38;2;103;141;253m██[38;2;103;141;253m██[38;2;103;141;253m██[38;2;103;141;253m██[38;2;78;116;200m██[38;2;79;117;201m██[38;2;60;60;60m██    [38;2;60;60;60m██[38;2;236;236;236m██[38;2;233;233;233m██[38;2;161;161;161m██[38;2;233;233;233m██[38;2;236;236;236m██[38;2;236;236;236m██[38;2;236;236;236m██[38;2;64;64;64m██
    [38;2;62;62;62m██[38;2;76;114;197m██[38;2;106;144;253m██[38;2;79;117;201m██[38;2;79;117;201m██[38;2;219;219;219m██[38;2;255;255;255m██[38;2;219;219;219m██[38;2;58;59;60m██[38;2;58;58;58m██[38;2;235;235;235m██[38;2;235;235;235m██[38;2;99;99;99m██[38;2;97;97;97m██[38;2;97;97;97m██[38;2;234;234;234m██[38;2;233;233;233m██[38;2;59;59;59m██  
      [38;2;60;60;60m██[38;2;217;217;217m██[38;2;255;255;255m██[38;2;255;255;255m██[38;2;255;255;255m██[38;2;163;163;163m██[38;2;255;255;255m██[38;2;103;141;253m██[38;2;94;95;97m██[38;2;94;95;97m██[38;2;95;97;97m██[38;2;233;233;233m██[38;2;235;235;235m██[38;2;235;235;235m██[38;2;98;98;98m██[38;2;61;61;61m██    
    [38;2;62;62;62m██[38;2;215;215;215m██[38;2;162;162;162m██[38;2;255;255;255m██[38;2;255;255;255m██[38;2;255;255;255m██[38;2;255;255;255m██[38;2;98;98;98m██[38;2;98;98;98m██[38;2;77;114;197m██[38;2;76;114;199m██[38;2;235;235;235m██[38;2;163;163;163m██[38;2;163;163;163m██[38;2;163;163;163m██[38;2;255;255;255m██[38;2;255;255;255m██[38;2;63;63;63m██  
      [38;2;56;56;56m██[38;2;215;215;215m██[38;2;217;217;217m██[38;2;255;255;255m██[38;2;255;255;255m██[38;2;255;255;255m██[38;2;255;255;255m██[38;2;255;255;255m██[38;2;94;94;94m██[38;2;76;114;197m██[38;2;158;160;161m██[38;2;255;255;255m██[38;2;255;255;255m██[38;2;255;255;255m██[38;2;163;163;163m██[38;2;255;255;255m██[38;2;255;255;255m██[38;2;60;60;60m██
      [38;2;62;62;62m██[38;2;56;56;56m██[38;2;215;215;215m██[38;2;94;94;94m██[38;2;216;216;218m██[38;2;160;160;160m██[38;2;255;255;255m██[38;2;62;62;62m██[38;2;62;62;62m██[38;2;62;62;62m██[38;2;157;157;157m██[38;2;255;255;255m██[38;2;255;255;255m██[38;2;255;255;255m██[38;2;255;255;255m██[38;2;255;255;255m██[38;2;255;255;255m██[38;2;64;64;64m██
        [38;2;62;62;62m██[38;2;56;56;56m██[38;2;95;95;98m██[38;2;103;141;253m██[38;2;56;56;56m██[38;2;62;62;62m██      [38;2;66;66;67m██[38;2;62;62;62m██[38;2;255;255;255m██[38;2;255;255;255m██[38;2;255;255;255m██[38;2;216;216;216m██[38;2;63;63;63m██  
          [38;2;62;62;62m██[38;2;103;140;253m██[38;2;76;114;197m██[38;2;62;62;62m██            [38;2;62;62;62m██[38;2;62;62;62m██[38;2;62;62;62m██[38;2;62;62;62m██    
            [38;2;62;62;62m██[38;2;62;62;62m██                          
