                                [38;2;49;49;49m██                              
                              [38;2;49;49;49m██[38;2;214;198;92m██[38;2;49;49;49m██                            
                              [38;2;49;49;49m██[38;2;165;148;68m██[38;2;49;49;49m██                            
                            [38;2;49;49;49m██[38;2;214;198;92m██[38;2;214;198;92m██[38;2;49;49;49m██                            
                            [38;2;49;49;49m██[38;2;165;148;68m██[38;2;165;148;68m██[38;2;214;198;92m██[38;2;49;49;49m██                          
                  [38;2;49;49;49m██[38;2;49;49;49m██    [38;2;49;49;49m██[38;2;214;198;92m██[38;2;214;198;92m██[38;2;214;198;92m██[38;2;165;148;68m██[38;2;49;49;49m██                          
                  [38;2;49;49;49m██[38;2;165;148;68m██[38;2;49;49;49m██  [38;2;49;49;49m██[38;2;82;82;84m██[38;2;82;82;84m██[38;2;82;82;84m██[38;2;82;82;84m██[38;2;49;49;49m██    [38;2;49;49;49m██[38;2;49;49;49m██                  
                  [38;2;49;49;49m██[38;2;165;148;68m██[38;2;82;82;84m██[38;2;49;49;49m██[38;2;214;198;92m██[38;2;214;198;92m██[38;2;214;198;92m██[38;2;214;198;92m██[38;2;214;198;92m██[38;2;82;82;84m██[38;2;49;49;49m██[38;2;49;49;49m██[38;2;214;198;92m██[38;2;49;49;49m██                  
              [38;2;53;54;51m██[38;2;53;54;51m██[38;2;49;49;49m██[38;2;82;82;84m██[38;2;165;148;68m██[38;2;214;198;92m██[38;2;214;198;92m██[38;2;82;82;84m██[38;2;82;82;84m██[38;2;82;82;84m██[38;2;214;198;92m██[38;2;214;198;92m██[38;2;82;82;84m██[38;2;214;198;92m██[38;2;165;148;68m██[38;2;49;49;49m██                  
            [38;2;49;49;49m██[38;2;49;49;49m██[38;2;49;49;49m██[38;2;49;49;49m██[38;2;49;49;49m██[38;2;165;148;68m██[38;2;82;82;84m██[38;2;82;82;84m██[38;2;156;132;231m██[38;2;255;255;255m██[38;2;156;132;231m██[38;2;82;82;84m██[38;2;82;82;84m██[38;2;214;198;92m██[38;2;214;198;92m██[38;2;49;49;49m██[38;2;49;49;49m██                  
          [38;2;53;54;51m██[38;2;49;49;49m██[38;2;49;49;49m██[38;2;49;49;49m██  [38;2;49;49;49m██[38;2;49;49;49m██[38;2;82;82;84m██[38;2;115;107;171m██[38;2;115;107;171m██[38;2;255;255;255m██[38;2;115;107;171m██[38;2;115;107;171m██[38;2;82;82;84m██[38;2;214;198;92m██[38;2;165;148;68m██[38;2;49;49;49m██[38;2;82;82;84m██[38;2;49;49;49m██[38;2;49;49;49m██              
        [38;2;53;54;51m██[38;2;49;49;49m██[38;2;49;49;49m██[38;2;49;49;49m██      [38;2;49;49;49m██[38;2;255;255;255m██[38;2;82;82;84m██[38;2;214;198;92m██[38;2;214;198;92m██[38;2;214;198;92m██[38;2;82;82;84m██[38;2;255;255;255m██[38;2;49;49;49m██[38;2;49;49;49m██  [38;2;49;49;49m██[38;2;49;49;49m██[38;2;82;82;84m██[38;2;49;49;49m██            
        [38;2;53;54;51m██[38;2;81;81;81m██[38;2;49;49;49m██[38;2;49;49;49m██        [38;2;49;49;49m██[38;2;255;255;255m██[38;2;82;82;84m██[38;2;82;82;84m██[38;2;82;82;84m██[38;2;255;255;255m██[38;2;255;255;255m██[38;2;49;49;49m██        [38;2;49;49;49m██[38;2;49;49;49m██[38;2;49;49;49m██[38;2;49;49;49m██        
      [38;2;53;54;51m██[38;2;81;81;81m██[38;2;82;82;84m██[38;2;49;49;49m██          [38;2;49;49;49m██[38;2;255;255;255m██[38;2;214;198;92m██[38;2;214;198;92m██[38;2;214;198;92m██[38;2;255;255;255m██[38;2;49;49;49m██      [38;2;49;49;49m██[38;2;49;49;49m██[38;2;165;132;109m██[38;2;165;132;109m██[38;2;165;132;109m██[38;2;165;132;109m██[38;2;49;49;49m██[38;2;49;49;49m██    
      [38;2;53;54;51m██[38;2;81;81;81m██[38;2;82;82;84m██[38;2;49;49;49m██          [38;2;49;49;49m██[38;2;255;255;255m██[38;2;214;198;92m██[38;2;214;198;92m██[38;2;214;198;92m██[38;2;255;255;255m██[38;2;49;49;49m██    [38;2;49;49;49m██[38;2;165;132;109m██[38;2;165;132;109m██[38;2;165;132;109m██[38;2;82;82;84m██[38;2;214;198;92m██[38;2;165;132;109m██[38;2;165;132;109m██[38;2;165;132;109m██[38;2;49;49;49m██  
    [38;2;52;54;50m██[38;2;81;81;81m██[38;2;82;82;84m██[38;2;82;82;84m██[38;2;49;49;49m██          [38;2;49;49;49m██[38;2;255;255;255m██[38;2;214;198;92m██[38;2;214;198;92m██[38;2;214;198;92m██[38;2;255;255;255m██[38;2;49;49;49m██    [38;2;49;49;49m██[38;2;165;132;109m██[38;2;214;198;92m██[38;2;140;107;92m██[38;2;82;82;84m██[38;2;140;107;92m██[38;2;214;198;92m██[38;2;214;198;92m██[38;2;165;132;109m██[38;2;49;49;49m██  
    [38;2;52;54;50m██[38;2;81;81;81m██[38;2;154;130;226m██[38;2;83;82;82m██[38;2;49;49;49m██          [38;2;49;49;49m██[38;2;255;255;255m██[38;2;214;198;92m██[38;2;214;198;92m██[38;2;255;255;255m██[38;2;49;49;49m██    [38;2;49;49;49m██[38;2;165;132;109m██[38;2;165;132;109m██[38;2;214;198;92m██[38;2;82;82;84m██[38;2;255;255;255m██[38;2;82;82;84m██[38;2;214;198;92m██[38;2;214;198;92m██[38;2;165;132;109m██[38;2;165;132;109m██[38;2;49;49;49m██
  [38;2;52;54;50m██[38;2;154;130;226m██[38;2;83;82;82m██[38;2;82;82;84m██[38;2;154;130;226m██[38;2;50;50;53m██          [38;2;49;49;49m██[38;2;255;255;255m██[38;2;214;198;92m██[38;2;214;198;92m██[38;2;255;255;255m██[38;2;49;49;49m██    [38;2;49;49;49m██[38;2;165;132;109m██[38;2;140;107;92m██[38;2;82;82;84m██[38;2;140;107;92m██[38;2;82;82;84m██[38;2;140;107;92m██[38;2;82;82;84m██[38;2;140;107;92m██[38;2;214;198;92m██[38;2;165;132;109m██[38;2;49;49;49m██
  [38;2;52;54;50m██[38;2;154;130;226m██[38;2;156;132;231m██[38;2;156;132;231m██[38;2;156;132;231m██[38;2;50;50;53m██          [38;2;49;49;49m██[38;2;255;255;255m██[38;2;214;198;92m██[38;2;214;198;92m██[38;2;255;255;255m██[38;2;49;49;49m██    [38;2;49;49;49m██[38;2;115;90;76m██[38;2;82;82;84m██[38;2;255;255;255m██[38;2;82;82;84m██[38;2;82;82;84m██[38;2;82;82;84m██[38;2;255;255;255m██[38;2;82;82;84m██[38;2;115;90;76m██[38;2;165;132;109m██[38;2;49;49;49m██
  [38;2;52;54;50m██[38;2;154;130;226m██[38;2;115;107;171m██[38;2;155;131;230m██[38;2;115;107;171m██[38;2;50;49;52m██        [38;2;49;49;49m██[38;2;255;255;255m██[38;2;214;198;92m██[38;2;214;198;92m██[38;2;214;198;92m██[38;2;255;255;255m██[38;2;49;49;49m██    [38;2;49;49;49m██[38;2;165;132;109m██[38;2;82;82;84m██[38;2;82;82;84m██[38;2;140;107;92m██[38;2;214;198;92m██[38;2;140;107;92m██[38;2;82;82;84m██[38;2;82;82;84m██[38;2;165;132;109m██[38;2;165;132;109m██[38;2;49;49;49m██
[38;2;53;54;51m██[38;2;113;106;173m██[38;2;155;131;230m██[38;2;83;82;82m██[38;2;154;130;226m██[38;2;83;82;82m██[38;2;154;130;226m██[38;2;49;49;49m██      [38;2;49;49;49m██[38;2;255;255;255m██[38;2;214;198;92m██[38;2;214;198;92m██[38;2;214;198;92m██[38;2;255;255;255m██[38;2;49;49;49m██      [38;2;49;49;49m██[38;2;165;132;109m██[38;2;214;198;92m██[38;2;165;148;68m██[38;2;214;198;92m██[38;2;165;148;68m██[38;2;214;198;92m██[38;2;165;132;109m██[38;2;165;132;109m██[38;2;49;49;49m██  
[38;2;53;54;51m██[38;2;113;106;173m██[38;2;155;131;230m██[38;2;83;82;82m██[38;2;154;130;226m██[38;2;83;82;82m██[38;2;154;130;226m██[38;2;49;49;49m██      [38;2;49;49;49m██[38;2;255;255;255m██[38;2;214;198;92m██[38;2;214;198;92m██[38;2;214;198;92m██[38;2;255;255;255m██[38;2;255;255;255m██[38;2;49;49;49m██    [38;2;49;49;49m██[38;2;165;132;109m██[38;2;165;132;109m██[38;2;165;132;109m██[38;2;214;198;92m██[38;2;165;148;68m██[38;2;140;107;92m██[38;2;165;132;109m██[38;2;165;132;109m██[38;2;49;49;49m██  
[38;2;53;54;51m██[38;2;53;54;51m██[38;2;154;130;226m██[38;2;50;50;53m██[38;2;154;130;226m██[38;2;83;82;82m██[38;2;49;49;49m██[38;2;49;49;49m██    [38;2;49;49;49m██[38;2;255;255;255m██[38;2;214;198;92m██[38;2;214;198;92m██[38;2;214;198;92m██[38;2;214;198;92m██[38;2;214;198;92m██[38;2;255;255;255m██[38;2;49;49;49m██      [38;2;49;49;49m██[38;2;49;49;49m██[38;2;165;132;109m██[38;2;165;132;109m██[38;2;165;132;109m██[38;2;165;132;109m██[38;2;49;49;49m██[38;2;49;49;49m██    
    [38;2;53;54;51m██  [38;2;56;60;55m██[38;2;53;54;51m██        [38;2;49;49;49m██[38;2;255;255;255m██[38;2;215;199;91m██[38;2;214;198;92m██[38;2;214;198;92m██[38;2;214;198;92m██[38;2;215;199;91m██[38;2;255;255;255m██[38;2;49;49;49m██          [38;2;49;49;49m██[38;2;49;49;49m██[38;2;49;49;49m██[38;2;49;49;49m██        
                    [38;2;49;49;49m██[38;2;252;252;250m██[38;2;255;255;255m██[38;2;215;199;91m██[38;2;214;198;92m██[38;2;215;199;91m██[38;2;255;255;255m██[38;2;252;252;250m██[38;2;49;49;49m██                          
                    [38;2;53;54;51m██[38;2;53;54;51m██[38;2;252;252;250m██[38;2;255;255;255m██[38;2;215;199;91m██[38;2;255;255;255m██[38;2;252;252;250m██[38;2;53;54;51m██[38;2;53;54;51m██                          
                        [38;2;49;49;49m██[38;2;252;252;250m██[38;2;255;255;255m██[38;2;252;252;250m██[38;2;49;49;49m██                              
                        [38;2;53;54;51m██[38;2;53;54;51m██[38;2;252;252;250m██[38;2;53;54;51m██[38;2;53;54;51m██                              
                            [38;2;53;54;51m██                                  
