            [38;2;47;47;47m██[38;2;49;49;49m██[38;2;48;48;48m██                
      [38;2;47;46;47m██[38;2;51;50;51m██[38;2;46;46;46m██[38;2;229;229;229m██[38;2;255;255;255m██[38;2;216;185;216m██[38;2;44;44;44m██              
    [38;2;49;49;49m██[38;2;237;139;188m██[38;2;240;142;191m██[38;2;82;82;82m██[38;2;255;255;255m██[38;2;255;255;255m██[38;2;255;255;255m██[38;2;180;139;164m██[38;2;53;53;53m██[38;2;52;51;52m██[38;2;52;51;52m██        
    [38;2;46;46;46m██[38;2;214;126;170m██[38;2;255;255;255m██[38;2;78;78;78m██[38;2;206;176;205m██[38;2;255;255;255m██[38;2;255;255;255m██[38;2;163;126;148m██[38;2;255;255;255m██[38;2;219;128;173m██[38;2;215;126;170m██[38;2;49;49;49m██      
    [38;2;50;50;50m██[38;2;233;233;233m██[38;2;255;255;255m██[38;2;255;255;255m██[38;2;167;130;153m██[38;2;255;255;255m██[38;2;255;255;255m██[38;2;255;255;255m██[38;2;255;255;255m██[38;2;228;135;181m██[38;2;222;131;177m██[38;2;49;49;49m██      
  [38;2;49;49;49m██[38;2;255;255;255m██[38;2;255;255;255m██[38;2;255;255;255m██[38;2;255;255;255m██[38;2;255;255;255m██[38;2;255;255;255m██[38;2;255;255;255m██[38;2;255;255;255m██[38;2;255;255;255m██[38;2;255;255;255m██[38;2;255;255;255m██[38;2;52;52;52m██      
  [38;2;52;52;52m██[38;2;253;253;253m██[38;2;153;36;51m██[38;2;255;255;255m██[38;2;231;230;231m██[38;2;226;226;226m██[38;2;255;255;255m██[38;2;231;231;231m██[38;2;227;227;227m██[38;2;255;255;255m██[38;2;210;180;210m██[38;2;163;126;149m██[38;2;229;196;229m██[38;2;44;44;44m██    
[38;2;45;45;45m██[38;2;255;255;255m██[38;2;255;255;255m██[38;2;160;41;56m██[38;2;255;255;255m██[38;2;204;174;189m██[38;2;233;233;233m██[38;2;173;41;57m██[38;2;255;255;255m██[38;2;255;255;255m██[38;2;255;255;255m██[38;2;255;255;255m██[38;2;255;255;255m██[38;2;255;255;255m██[38;2;46;46;46m██    
[38;2;48;48;48m██[38;2;255;255;255m██[38;2;182;141;166m██[38;2;255;255;255m██[38;2;255;255;255m██[38;2;255;255;255m██[38;2;255;255;255m██[38;2;175;45;61m██[38;2;255;255;255m██[38;2;255;255;255m██[38;2;255;255;255m██[38;2;255;255;255m██[38;2;255;255;255m██[38;2;255;255;255m██[38;2;48;48;48m██    
[38;2;46;48;49m██[38;2;255;255;255m██[38;2;231;231;231m██[38;2;162;126;148m██[38;2;179;139;164m██[38;2;194;164;179m██[38;2;225;223;223m██[38;2;255;255;255m██[38;2;165;128;150m██[38;2;207;177;207m██[38;2;255;255;255m██[38;2;231;231;231m██[38;2;227;227;227m██[38;2;179;139;163m██[38;2;46;45;45m██[38;2;46;45;46m██  
  [38;2;49;49;49m██[38;2;255;255;255m██[38;2;255;255;255m██[38;2;255;255;255m██[38;2;177;138;162m██[38;2;163;39;54m██[38;2;173;41;57m██[38;2;208;177;193m██[38;2;255;255;255m██[38;2;255;255;255m██[38;2;255;255;255m██[38;2;255;255;255m██[38;2;85;83;84m██[38;2;206;103;150m██[38;2;228;133;180m██[38;2;49;49;49m██
  [38;2;52;54;55m██[38;2;228;195;228m██[38;2;255;255;255m██[38;2;255;255;255m██[38;2;255;255;255m██[38;2;170;43;59m██[38;2;174;44;60m██[38;2;255;255;255m██[38;2;255;255;255m██[38;2;231;198;231m██[38;2;229;196;229m██[38;2;211;106;155m██[38;2;237;139;187m██[38;2;233;137;184m██[38;2;233;137;184m██[38;2;52;54;55m██
    [38;2;47;49;50m██[38;2;209;123;165m██[38;2;207;104;151m██[38;2;207;177;207m██[38;2;204;175;204m██[38;2;229;196;229m██[38;2;208;179;208m██[38;2;205;175;204m██[38;2;229;195;228m██[38;2;207;178;207m██[38;2;159;123;145m██[38;2;52;54;55m██[38;2;46;48;49m██[38;2;46;48;49m██  
      [38;2;49;51;52m██[38;2;52;54;55m██[38;2;50;52;53m██[38;2;216;184;216m██[38;2;229;196;229m██[38;2;222;190;222m██[38;2;205;103;150m██[38;2;215;108;157m██[38;2;79;79;79m██[38;2;50;51;52m██        
            [38;2;50;51;52m██[38;2;52;54;55m██[38;2;51;53;54m██[38;2;228;134;180m██[38;2;237;139;187m██[38;2;51;53;54m██          
                  [38;2;46;48;49m██[38;2;52;54;55m██            
