              [38;2;51;51;50m██[38;2;47;47;46m██[38;2;46;46;45m██                
          [38;2;47;47;47m██[38;2;47;47;46m██[38;2;115;115;107m██[38;2;109;109;102m██[38;2;106;106;99m██[38;2;51;51;50m██[38;2;48;48;47m██            
      [38;2;50;50;50m██[38;2;51;51;50m██[38;2;77;77;75m██[38;2;114;114;106m██[38;2;118;118;110m██[38;2;117;117;109m██[38;2;115;115;107m██[38;2;115;115;107m██[38;2;115;115;107m██[38;2;50;50;50m██          
    [38;2;45;45;45m██[38;2;66;66;66m██[38;2;114;114;104m██[38;2;223;200;96m██[38;2;104;104;95m██[38;2;255;255;255m██[38;2;173;173;173m██[38;2;67;67;67m██[38;2;73;73;73m██[38;2;68;68;68m██[38;2;67;67;67m██[38;2;49;49;49m██        
  [38;2;49;49;49m██[38;2;79;79;79m██[38;2;70;70;69m██[38;2;157;133;43m██[38;2;150;127;41m██[38;2;189;166;69m██[38;2;24;99;206m██[38;2;255;255;255m██[38;2;106;106;99m██[38;2;75;75;75m██[38;2;109;109;102m██[38;2;106;106;99m██[38;2;49;49;49m██        
  [38;2;50;50;50m██[38;2;73;73;73m██[38;2;241;217;104m██[38;2;247;222;107m██[38;2;245;220;106m██[38;2;241;217;104m██[38;2;28;102;207m██[38;2;255;255;255m██[38;2;243;219;105m██[38;2;118;117;107m██[38;2;73;73;73m██[38;2;113;113;105m██[38;2;51;51;50m██        
[38;2;43;43;43m██[38;2;80;80;80m██[38;2;68;68;68m██[38;2;181;160;66m██[38;2;242;218;105m██[38;2;188;165;68m██[38;2;219;197;95m██[38;2;255;255;255m██[38;2;224;201;97m██[38;2;220;198;95m██[38;2;245;220;106m██[38;2;67;67;67m██[38;2;102;102;95m██[38;2;114;114;106m██[38;2;44;44;44m██      
[38;2;49;51;52m██[38;2;82;82;82m██[38;2;81;81;81m██[38;2;70;70;70m██[38;2;243;219;107m██[38;2;237;214;104m██[38;2;231;208;101m██[38;2;118;117;107m██[38;2;239;215;104m██[38;2;235;212;102m██[38;2;244;220;107m██[38;2;72;72;72m██[38;2;110;110;102m██[38;2;115;115;107m██[38;2;47;47;47m██      
  [38;2;49;49;49m██[38;2;83;82;81m██[38;2;72;72;72m██[38;2;52;54;55m██[38;2;113;113;106m██[38;2;111;111;104m██[38;2;244;220;107m██[38;2;245;220;106m██[38;2;240;217;105m██[38;2;52;54;55m██[38;2;49;49;49m██[38;2;113;113;105m██[38;2;115;115;107m██[38;2;51;51;49m██      
  [38;2;51;53;54m██[38;2;140;118;38m██[38;2;43;43;43m██  [38;2;47;49;50m██[38;2;46;48;49m██[38;2;49;49;49m██[38;2;187;164;68m██[38;2;47;46;44m██  [38;2;45;45;45m██[38;2;104;104;95m██[38;2;117;116;106m██[38;2;184;162;67m██[38;2;43;43;43m██    
    [38;2;50;52;53m██[38;2;49;51;52m██      [38;2;52;52;50m██[38;2;238;214;103m██[38;2;235;212;102m██[38;2;53;52;50m██[38;2;75;75;73m██[38;2;194;172;71m██[38;2;247;222;107m██[38;2;234;211;102m██[38;2;48;48;48m██    
            [38;2;47;47;47m██[38;2;206;181;74m██[38;2;152;129;40m██[38;2;237;213;103m██[38;2;246;221;106m██[38;2;241;217;104m██[38;2;74;74;72m██[38;2;245;220;107m██[38;2;71;71;71m██[38;2;74;73;71m██[38;2;51;51;50m██  
            [38;2;43;43;43m██[38;2;202;179;73m██[38;2;141;119;39m██[38;2;217;195;95m██[38;2;156;132;42m██[38;2;223;200;97m██[38;2;219;197;95m██[38;2;75;74;73m██[38;2;69;68;66m██[38;2;183;160;66m██[38;2;113;113;106m██[38;2;46;48;49m██
            [38;2;50;52;53m██[38;2;74;74;74m██[38;2;113;113;106m██[38;2;72;72;72m██[38;2;204;179;74m██[38;2;244;219;106m██[38;2;241;217;104m██[38;2;155;132;42m██[38;2;199;175;72m██[38;2;151;128;41m██[38;2;52;54;55m██  
              [38;2;52;54;55m██[38;2;51;53;54m██[38;2;50;52;53m██[38;2;52;54;55m██[38;2;238;215;104m██[38;2;235;212;103m██[38;2;74;74;74m██[38;2;50;52;53m██[38;2;50;52;53m██    
                      [38;2;44;44;44m██[38;2;101;101;95m██[38;2;52;54;55m██        
                      [38;2;51;53;54m██[38;2;51;53;54m██          
