          [38;2;51;49;47m██  [38;2;48;46;44m██                [38;2;48;48;48m██[38;2;48;48;48m██                        
        [38;2;43;43;43m██[38;2;238;138;38m██[38;2;48;48;48m██[38;2;226;131;36m██[38;2;47;47;47m██        [38;2;46;46;46m██  [38;2;49;49;49m██[38;2;226;226;226m██[38;2;47;47;47m██                [38;2;48;48;48m██      
        [38;2;49;49;49m██[38;2;255;148;41m██[38;2;85;84;82m██[38;2;254;147;41m██[38;2;82;82;82m██[38;2;53;51;49m██[38;2;49;49;49m██[38;2;52;50;50m██[38;2;50;50;50m██[38;2;197;197;197m██[38;2;51;51;51m██[38;2;134;134;134m██[38;2;254;254;254m██[38;2;82;82;82m██[38;2;53;53;53m██[38;2;53;53;53m██          [38;2;49;49;49m██[38;2;255;148;41m██[38;2;49;49;49m██    
        [38;2;45;45;45m██[38;2;189;94;8m██[38;2;253;147;41m██[38;2;178;89;7m██[38;2;81;80;78m██[38;2;249;145;40m██[38;2;74;74;74m██[38;2;172;64;55m██[38;2;82;80;80m██[38;2;177;177;177m██[38;2;129;129;129m██[38;2;249;249;249m██[38;2;177;177;177m██[38;2;129;129;129m██[38;2;244;244;244m██[38;2;226;226;226m██[38;2;51;53;54m██      [38;2;47;47;47m██[38;2;74;74;74m██[38;2;252;146;41m██[38;2;47;47;47m██    
      [38;2;49;49;49m██[38;2;75;75;73m██[38;2;189;95;9m██[38;2;253;147;41m██[38;2;178;89;8m██[38;2;242;140;39m██[38;2;249;145;40m██[38;2;75;74;72m██[38;2;80;79;77m██[38;2;176;65;57m██[38;2;75;73;73m██[38;2;128;128;128m██[38;2;249;249;249m██[38;2;120;120;120m██[38;2;248;248;248m██[38;2;240;240;240m██[38;2;46;48;49m██      [38;2;48;48;48m██[38;2;243;141;39m██[38;2;76;75;74m██[38;2;252;146;41m██[38;2;78;76;76m██[38;2;47;45;45m██  
      [38;2;49;49;49m██[38;2;198;100;9m██[38;2;255;148;41m██[38;2;198;99;8m██[38;2;254;147;41m██[38;2;255;148;41m██[38;2;197;99;10m██[38;2;197;99;8m██[38;2;197;99;10m██[38;2;84;82;82m██[38;2;180;66;57m██[38;2;82;82;82m██[38;2;253;253;253m██[38;2;254;254;254m██[38;2;255;255;255m██[38;2;51;51;51m██        [38;2;52;50;50m██[38;2;255;148;41m██[38;2;254;147;41m██[38;2;181;66;57m██[38;2;179;66;57m██[38;2;180;66;57m██[38;2;52;54;55m██
      [38;2;48;48;48m██[38;2;226;131;37m██[38;2;238;138;39m██[38;2;197;99;9m██[38;2;226;131;36m██[38;2;236;138;39m██[38;2;82;82;82m██[38;2;175;88;9m██[38;2;77;77;77m██[38;2;175;64;55m██[38;2;160;58;51m██[38;2;175;64;55m██[38;2;80;79;79m██[38;2;226;226;226m██[38;2;190;190;190m██[38;2;124;124;124m██[38;2;47;47;47m██  [38;2;50;48;46m██[38;2;47;45;43m██[38;2;178;65;56m██[38;2;239;138;40m██[38;2;161;59;51m██[38;2;178;65;56m██[38;2;48;50;50m██[38;2;44;44;44m██  
    [38;2;47;47;47m██[38;2;53;51;49m██[38;2;120;46;44m██[38;2;125;47;47m██[38;2;253;147;41m██[38;2;228;134;40m██[38;2;47;47;47m██[38;2;249;249;249m██[38;2;73;73;73m██[38;2;80;78;78m██[38;2;130;49;49m██[38;2;118;44;44m██[38;2;176;64;55m██[38;2;129;48;48m██[38;2;228;228;228m██[38;2;130;130;130m██[38;2;243;243;243m██[38;2;226;226;226m██[38;2;51;49;49m██[38;2;242;140;40m██[38;2;227;131;38m██[38;2;181;67;56m██[38;2;172;63;54m██[38;2;161;59;51m██[38;2;51;53;54m██      
    [38;2;49;49;49m██[38;2;254;147;42m██[38;2;252;146;42m██[38;2;134;50;50m██[38;2;197;99;9m██[38;2;251;251;251m██[38;2;52;52;52m██[38;2;253;253;253m██[38;2;83;81;81m██[38;2;182;69;60m██[38;2;181;66;57m██[38;2;132;50;50m██[38;2;181;66;57m██[38;2;134;53;53m██[38;2;253;253;253m██[38;2;254;254;254m██[38;2;197;197;197m██[38;2;84;83;81m██[38;2;181;66;57m██[38;2;181;66;57m██[38;2;180;65;57m██[38;2;254;147;42m██[38;2;181;66;57m██[38;2;49;49;49m██        
    [38;2;46;46;46m██[38;2;132;50;48m██[38;2;161;59;51m██[38;2;201;93;69m██[38;2;131;49;49m██[38;2;74;73;73m██[38;2;186;184;184m██[38;2;81;79;79m██[38;2;161;61;53m██[38;2;186;186;186m██[38;2;130;50;50m██[38;2;160;58;51m██[38;2;127;47;47m██[38;2;247;247;247m██[38;2;226;226;226m██[38;2;129;129;129m██[38;2;80;80;80m██[38;2;224;130;37m██[38;2;177;66;55m██[38;2;125;47;47m██[38;2;160;58;51m██[38;2;178;65;56m██[38;2;123;46;46m██[38;2;46;48;49m██        
  [38;2;48;46;46m██[38;2;246;143;40m██[38;2;253;146;42m██[38;2;123;46;46m██[38;2;175;64;55m██[38;2;180;66;57m██[38;2;165;60;52m██[38;2;175;64;55m██[38;2;177;66;57m██[38;2;179;179;179m██[38;2;191;191;191m██[38;2;195;195;195m██[38;2;120;45;45m██[38;2;132;51;51m██[38;2;251;251;251m██[38;2;232;232;232m██[38;2;250;249;248m██[38;2;246;244;244m██[38;2;76;75;75m██[38;2;250;145;41m██[38;2;175;64;55m██[38;2;120;45;45m██[38;2;131;51;51m██[38;2;47;47;47m██          
[38;2;49;49;49m██[38;2;180;65;57m██[38;2;181;66;57m██[38;2;180;67;58m██[38;2;212;98;73m██[38;2;181;66;57m██[38;2;181;66;57m██[38;2;131;49;49m██[38;2;181;66;57m██[38;2;82;82;82m██[38;2;81;81;81m██[38;2;198;198;198m██[38;2;197;197;197m██[38;2;133;52;52m██[38;2;198;198;198m██[38;2;198;198;198m██[38;2;252;251;250m██[38;2;180;67;58m██[38;2;132;49;49m██[38;2;180;65;57m██[38;2;181;66;57m██[38;2;181;66;57m██[38;2;132;50;50m██[38;2;131;131;131m██[38;2;52;54;55m██          
[38;2;51;53;54m██[38;2;159;58;51m██[38;2;168;61;53m██[38;2;83;81;81m██[38;2;160;58;51m██[38;2;168;62;54m██[38;2;178;65;56m██[38;2;190;88;65m██[38;2;122;46;46m██[38;2;79;79;79m██[38;2;72;72;72m██[38;2;183;183;183m██[38;2;79;79;79m██[38;2;174;174;174m██[38;2;78;78;78m██[38;2;79;79;79m██[38;2;159;59;51m██[38;2;79;78;78m██[38;2;125;48;46m██[38;2;118;45;43m██[38;2;173;63;55m██[38;2;169;62;53m██[38;2;160;58;50m██[38;2;48;48;48m██            
  [38;2;45;45;45m██[38;2;173;64;55m██[38;2;181;67;58m██[38;2;164;61;52m██[38;2;207;96;71m██[38;2;82;82;82m██[38;2;230;134;38m██[38;2;79;79;79m██[38;2;81;81;81m██[38;2;76;76;76m██[38;2;129;129;129m██[38;2;81;81;81m██[38;2;76;76;76m██[38;2;195;195;195m██[38;2;81;81;81m██[38;2;76;75;75m██[38;2;130;48;48m██[38;2;246;142;41m██[38;2;231;134;38m██[38;2;132;50;48m██[38;2;175;64;55m██[38;2;163;60;52m██[38;2;52;54;55m██            
  [38;2;51;53;54m██[38;2;52;54;55m██[38;2;212;99;74m██[38;2;51;53;54m██[38;2;251;146;42m██[38;2;82;82;82m██[38;2;80;80;80m██[38;2;82;82;82m██[38;2;82;82;82m██[38;2;131;131;131m██[38;2;254;254;254m██[38;2;82;82;82m██[38;2;129;129;129m██[38;2;196;196;196m██[38;2;84;84;84m██[38;2;129;48;48m██[38;2;133;51;49m██[38;2;133;51;49m██[38;2;130;49;49m██[38;2;253;146;42m██[38;2;178;66;57m██[38;2;51;53;54m██              
      [38;2;51;53;54m██[38;2;255;255;255m██[38;2;49;49;49m██[38;2;82;82;82m██[38;2;72;72;72m██[38;2;76;76;76m██[38;2;82;82;82m██[38;2;225;225;225m██[38;2;234;234;234m██[38;2;80;79;79m██[38;2;116;116;116m██[38;2;126;126;126m██[38;2;190;190;190m██[38;2;116;44;44m██[38;2;243;141;40m██[38;2;237;137;39m██[38;2;161;60;50m██[38;2;173;63;55m██[38;2;48;46;46m██                
        [38;2;46;46;46m██[38;2;250;250;250m██[38;2;133;133;133m██[38;2;80;80;80m██[38;2;83;83;83m██[38;2;253;253;253m██[38;2;239;239;239m██[38;2;83;83;83m██[38;2;130;49;49m██[38;2;49;51;52m██[38;2;130;130;130m██[38;2;130;130;130m██[38;2;79;78;76m██[38;2;131;49;49m██[38;2;132;49;48m██[38;2;238;138;39m██[38;2;180;65;57m██[38;2;130;48;48m██[38;2;46;46;46m██              
        [38;2;51;53;54m██[38;2;251;251;251m██[38;2;255;255;255m██[38;2;248;248;248m██[38;2;254;254;254m██[38;2;198;198;198m██[38;2;247;247;247m██[38;2;251;251;251m██[38;2;49;49;49m██  [38;2;52;54;55m██[38;2;49;49;49m██[38;2;192;97;10m██[38;2;131;49;49m██[38;2;196;99;10m██[38;2;129;48;48m██[38;2;133;50;49m██[38;2;131;49;49m██[38;2;48;48;48m██              
          [38;2;45;45;45m██[38;2;250;250;250m██[38;2;116;116;116m██[38;2;232;232;232m██[38;2;190;190;190m██[38;2;72;72;72m██[38;2;48;50;51m██[38;2;50;52;53m██    [38;2;47;47;47m██[38;2;72;72;72m██[38;2;126;48;48m██[38;2;76;76;76m██[38;2;116;43;43m██[38;2;188;94;10m██[38;2;123;46;46m██[38;2;43;43;43m██              
          [38;2;51;53;54m██[38;2;195;195;195m██[38;2;77;77;77m██[38;2;51;53;54m██[38;2;250;250;250m██[38;2;46;46;46m██        [38;2;52;54;55m██[38;2;46;46;46m██[38;2;81;81;81m██[38;2;81;81;81m██[38;2;124;47;47m██[38;2;81;81;81m██[38;2;81;81;81m██[38;2;49;51;52m██              
            [38;2;52;54;55m██[38;2;49;51;52m██  [38;2;52;54;55m██[38;2;49;51;52m██          [38;2;49;51;52m██[38;2;52;54;55m██[38;2;51;53;54m██[38;2;78;78;78m██[38;2;81;81;81m██[38;2;51;53;54m██                
                                      [38;2;46;48;49m██[38;2;50;51;52m██                  
