        [38;2;58;59;59m██[38;2;54;54;54m██        [38;2;54;54;54m██                [38;2;54;54;54m██    [38;2;54;54;54m██[38;2;54;54;54m██          
[38;2;58;59;59m██[38;2;54;54;54m██    [38;2;58;59;59m██[38;2;170;233;255m██[38;2;54;54;54m██[38;2;54;54;54m██  [38;2;54;54;54m██[38;2;127;191;234m██[38;2;55;55;56m██            [38;2;58;59;59m██[38;2;125;189;233m██[38;2;54;54;54m██[38;2;54;54;54m██[38;2;127;191;234m██[38;2;54;54;54m██          
[38;2;58;59;59m██[38;2;170;233;255m██[38;2;55;56;60m██[38;2;54;54;54m██[38;2;91;91;93m██[38;2;99;154;200m██[38;2;172;236;255m██[38;2;127;191;234m██[38;2;54;54;54m██[38;2;54;54;54m██[38;2;127;191;234m██[38;2;99;154;200m██[38;2;54;54;54m██          [38;2;54;54;54m██[38;2;127;191;234m██[38;2;91;91;93m██[38;2;99;154;200m██[38;2;54;54;54m██    [38;2;54;54;54m██[38;2;54;54;54m██    
  [38;2;58;59;59m██[38;2;170;233;255m██[38;2;172;236;255m██[38;2;127;191;234m██[38;2;91;91;93m██[38;2;91;91;93m██[38;2;170;233;255m██[38;2;172;236;255m██[38;2;100;156;201m██[38;2;91;91;93m██[38;2;126;189;233m██[38;2;63;73;156m██[38;2;54;54;54m██      [38;2;54;54;54m██[38;2;127;191;234m██[38;2;91;91;93m██[38;2;99;154;200m██[38;2;127;191;234m██[38;2;54;54;54m██[38;2;54;54;54m██[38;2;54;54;54m██[38;2;172;236;255m██[38;2;54;54;54m██    
    [38;2;58;59;59m██[38;2;54;54;54m██[38;2;170;233;255m██[38;2;172;236;255m██[38;2;127;191;234m██[38;2;91;92;91m██[38;2;91;91;93m██[38;2;172;236;255m██[38;2;63;73;156m██[38;2;63;73;156m██[38;2;99;118;234m██[38;2;54;54;54m██    [38;2;54;54;54m██[38;2;99;154;200m██[38;2;99;154;200m██[38;2;91;91;93m██[38;2;127;191;234m██[38;2;91;91;93m██[38;2;91;91;93m██[38;2;98;153;195m██[38;2;172;236;255m██[38;2;54;54;54m██      
        [38;2;58;59;59m██[38;2;98;152;194m██[38;2;170;234;255m██[38;2;64;75;154m██[38;2;63;73;156m██[38;2;63;73;156m██[38;2;99;118;234m██[38;2;63;73;154m██[38;2;63;73;156m██[38;2;98;117;236m██[38;2;54;54;54m██[38;2;54;54;54m██[38;2;54;54;54m██[38;2;99;118;234m██[38;2;91;91;93m██[38;2;126;189;233m██[38;2;99;154;200m██[38;2;91;91;93m██[38;2;127;191;234m██[38;2;171;235;255m██[38;2;55;56;60m██        
          [38;2;58;59;59m██[38;2;125;189;233m██[38;2;63;74;154m██[38;2;98;117;236m██[38;2;63;73;154m██[38;2;63;73;156m██[38;2;99;118;234m██[38;2;63;73;156m██[38;2;63;73;156m██[38;2;63;73;156m██[38;2;127;191;234m██[38;2;99;118;234m██[38;2;172;236;255m██[38;2;91;91;93m██[38;2;91;91;93m██[38;2;91;91;93m██[38;2;172;236;255m██[38;2;172;236;255m██[38;2;54;54;54m██          
            [38;2;58;59;59m██[38;2;127;191;234m██[38;2;63;73;156m██[38;2;99;118;234m██[38;2;63;73;156m██[38;2;63;73;156m██[38;2;63;73;156m██[38;2;127;191;234m██[38;2;91;91;93m██[38;2;99;118;234m██[38;2;73;91;182m██[38;2;73;91;182m██[38;2;172;236;255m██[38;2;172;236;255m██[38;2;172;236;255m██[38;2;127;191;234m██[38;2;54;54;54m██            
              [38;2;54;54;54m██[38;2;99;154;200m██[38;2;63;73;156m██[38;2;63;73;156m██[38;2;99;154;200m██[38;2;127;191;234m██[38;2;91;91;93m██[38;2;172;236;255m██[38;2;73;91;182m██[38;2;172;236;255m██[38;2;172;236;255m██[38;2;172;236;255m██[38;2;172;236;255m██[38;2;54;54;54m██[38;2;54;54;54m██              
                [38;2;54;54;54m██[38;2;125;189;233m██[38;2;91;91;93m██[38;2;91;91;93m██[38;2;99;118;234m██[38;2;73;91;182m██[38;2;73;91;182m██[38;2;172;236;255m██[38;2;172;236;255m██[38;2;73;91;182m██[38;2;73;73;73m██[38;2;54;54;54m██                  
                [38;2;54;54;54m██[38;2;91;91;93m██[38;2;172;236;255m██[38;2;73;91;182m██[38;2;99;118;234m██[38;2;54;54;54m██[38;2;255;255;255m██[38;2;127;191;234m██[38;2;73;73;73m██[38;2;73;73;73m██[38;2;99;118;234m██[38;2;54;54;54m██                  
              [38;2;54;54;54m██[38;2;172;236;255m██[38;2;172;236;255m██[38;2;73;91;182m██[38;2;98;117;237m██[38;2;73;91;182m██[38;2;172;236;255m██[38;2;172;236;255m██[38;2;99;118;234m██[38;2;99;118;234m██[38;2;99;118;234m██[38;2;54;54;54m██                    
                [38;2;54;54;54m██[38;2;127;191;234m██[38;2;73;91;182m██[38;2;99;118;234m██[38;2;99;118;234m██[38;2;99;118;234m██[38;2;99;118;234m██[38;2;73;73;73m██[38;2;54;54;54m██[38;2;54;54;54m██      [38;2;54;54;54m██[38;2;54;54;54m██[38;2;54;54;54m██          
                  [38;2;54;54;54m██[38;2;54;54;54m██[38;2;73;91;182m██[38;2;99;118;234m██[38;2;99;118;234m██[38;2;63;73;154m██[38;2;54;54;55m██        [38;2;54;54;54m██[38;2;73;91;182m██[38;2;73;91;182m██[38;2;73;91;182m██[38;2;54;54;54m██[38;2;54;54;54m██[38;2;54;54;54m██[38;2;54;54;54m██  
                      [38;2;54;54;54m██[38;2;54;54;54m██[38;2;73;91;182m██[38;2;73;91;182m██[38;2;54;54;54m██    [38;2;54;54;54m██[38;2;54;54;54m██[38;2;73;73;73m██[38;2;73;73;73m██[38;2;73;73;73m██[38;2;73;73;73m██[38;2;73;73;73m██[38;2;91;91;93m██[38;2;91;91;93m██[38;2;91;91;93m██[38;2;54;54;54m██
                [38;2;54;54;54m██[38;2;54;54;54m██    [38;2;54;54;54m██[38;2;73;91;182m██[38;2;99;118;234m██[38;2;54;54;54m██  [38;2;54;54;54m██[38;2;73;73;73m██[38;2;99;118;234m██[38;2;73;73;73m██[38;2;91;91;93m██[38;2;73;73;73m██[38;2;73;73;73m██[38;2;73;73;73m██[38;2;73;73;73m██[38;2;73;73;73m██[38;2;54;54;54m██  
                [38;2;54;54;54m██[38;2;73;91;182m██[38;2;54;54;54m██[38;2;54;54;54m██[38;2;54;54;54m██[38;2;99;118;234m██[38;2;99;118;234m██[38;2;73;73;73m██[38;2;54;54;54m██[38;2;54;54;54m██[38;2;99;118;234m██[38;2;73;91;182m██[38;2;73;73;73m██[38;2;91;91;93m██[38;2;91;91;93m██[38;2;73;73;73m██[38;2;91;91;93m██[38;2;91;91;93m██[38;2;54;54;54m██    
                [38;2;54;54;54m██[38;2;73;91;182m██[38;2;73;91;182m██[38;2;73;73;73m██[38;2;99;118;234m██[38;2;127;191;234m██[38;2;99;118;234m██[38;2;99;118;234m██[38;2;73;73;73m██[38;2;99;118;234m██[38;2;99;118;234m██[38;2;99;118;234m██[38;2;73;73;77m██[38;2;91;91;93m██[38;2;91;91;93m██[38;2;73;73;73m██[38;2;54;54;54m██[38;2;54;54;54m██      
                  [38;2;54;54;54m██[38;2;73;91;182m██[38;2;73;91;182m██[38;2;73;91;182m██[38;2;172;236;255m██[38;2;73;91;182m██[38;2;99;118;234m██[38;2;99;118;234m██[38;2;99;118;234m██[38;2;99;118;234m██[38;2;73;73;73m██[38;2;91;91;93m██[38;2;91;91;93m██[38;2;91;91;93m██[38;2;54;54;54m██          
                    [38;2;54;54;54m██[38;2;73;91;182m██[38;2;127;191;234m██[38;2;172;236;255m██[38;2;127;191;234m██[38;2;99;118;234m██[38;2;99;118;234m██[38;2;99;118;234m██[38;2;73;73;73m██[38;2;91;91;93m██[38;2;91;91;93m██[38;2;91;91;93m██[38;2;91;91;93m██[38;2;54;54;54m██          
                    [38;2;54;54;54m██[38;2;54;54;54m██[38;2;172;236;255m██[38;2;73;73;73m██[38;2;172;236;255m██[38;2;99;118;234m██[38;2;73;73;73m██[38;2;54;54;54m██[38;2;54;54;54m██[38;2;73;73;73m██[38;2;91;91;93m██[38;2;91;91;93m██[38;2;54;54;54m██            
                    [38;2;54;54;54m██[38;2;73;73;73m██[38;2;54;54;54m██[38;2;91;91;93m██[38;2;99;154;200m██[38;2;99;118;234m██[38;2;73;73;73m██[38;2;54;54;54m██  [38;2;54;54;54m██[38;2;91;91;93m██[38;2;91;91;93m██[38;2;54;54;54m██            
                    [38;2;54;54;54m██[38;2;73;73;73m██[38;2;73;73;73m██[38;2;54;54;54m██[38;2;73;73;73m██[38;2;73;73;73m██[38;2;54;54;54m██      [38;2;54;54;54m██[38;2;91;91;93m██[38;2;127;191;234m██[38;2;54;54;54m██          
                      [38;2;54;54;54m██[38;2;73;73;73m██[38;2;54;54;54m██[38;2;99;154;200m██[38;2;73;73;73m██[38;2;54;54;54m██      [38;2;54;54;54m██[38;2;91;91;93m██[38;2;127;191;234m██[38;2;54;54;54m██          
                      [38;2;54;54;54m██[38;2;73;73;73m██[38;2;127;191;234m██[38;2;91;91;93m██[38;2;172;236;255m██[38;2;54;54;54m██      [38;2;54;54;54m██[38;2;172;236;255m██[38;2;54;54;54m██            
                      [38;2;54;54;54m██[38;2;73;73;73m██[38;2;99;154;200m██[38;2;91;91;93m██[38;2;127;191;234m██[38;2;54;54;54m██      [38;2;54;54;54m██[38;2;127;191;234m██[38;2;54;54;54m██            
                        [38;2;54;54;54m██[38;2;73;73;73m██[38;2;127;191;234m██[38;2;54;54;54m██        [38;2;54;54;54m██[38;2;54;54;54m██              
                          [38;2;54;54;54m██[38;2;172;236;255m██[38;2;54;54;54m██                          
                          [38;2;54;54;54m██[38;2;127;191;234m██[38;2;54;54;54m██                          
                            [38;2;54;54;54m██                            
