                [38;2;32;32;32m██                    
              [38;2;32;32;32m██[38;2;82;82;82m██[38;2;32;32;32m██                  
              [38;2;32;32;32m██[38;2;82;82;82m██[38;2;32;32;32m██  [38;2;32;32;32m██[38;2;32;32;32m██      [38;2;32;32;32m██[38;2;32;32;32m██  
    [38;2;32;32;32m██[38;2;32;32;32m██[38;2;32;32;32m██[38;2;32;32;32m██  [38;2;32;32;32m██[38;2;82;82;82m██[38;2;32;32;32m██[38;2;32;32;32m██[38;2;82;82;82m██[38;2;32;32;32m██    [38;2;32;32;32m██[38;2;230;82;57m██[38;2;32;32;32m██  
  [38;2;32;32;32m██[38;2;82;82;82m██[38;2;82;82;82m██[38;2;82;82;82m██[38;2;82;82;82m██[38;2;32;32;32m██[38;2;32;32;32m██[38;2;82;82;82m██[38;2;32;32;32m██[38;2;82;82;82m██[38;2;32;32;32m██    [38;2;32;32;32m██[38;2;230;82;57m██[38;2;148;148;148m██[38;2;32;32;32m██  
[38;2;32;32;32m██[38;2;82;82;82m██[38;2;82;82;82m██[38;2;82;82;82m██[38;2;82;82;82m██[38;2;180;156;222m██[38;2;82;82;82m██[38;2;82;82;82m██[38;2;49;49;49m██[38;2;82;82;82m██[38;2;82;82;82m██[38;2;32;32;32m██    [38;2;32;32;32m██[38;2;230;82;57m██[38;2;32;32;32m██    
[38;2;32;32;32m██[38;2;82;82;82m██[38;2;82;82;82m██[38;2;82;82;82m██[38;2;180;156;222m██[38;2;82;82;82m██[38;2;82;82;82m██[38;2;82;82;82m██[38;2;82;82;82m██[38;2;32;32;32m██[38;2;32;32;32m██        [38;2;32;32;32m██[38;2;230;82;57m██[38;2;32;32;32m██  
[38;2;32;32;32m██[38;2;82;82;82m██[38;2;82;82;82m██[38;2;82;82;82m██[38;2;49;49;49m██[38;2;82;82;82m██[38;2;49;49;49m██[38;2;49;49;49m██[38;2;82;82;82m██[38;2;82;82;82m██[38;2;32;32;32m██        [38;2;32;32;32m██[38;2;230;82;57m██[38;2;148;148;148m██[38;2;32;32;32m██
[38;2;32;32;32m██[38;2;82;82;82m██[38;2;82;82;82m██[38;2;180;156;222m██[38;2;82;82;82m██[38;2;82;82;82m██[38;2;82;82;82m██[38;2;49;49;49m██[38;2;82;82;82m██[38;2;82;82;82m██[38;2;82;82;82m██[38;2;32;32;32m██    [38;2;32;32;32m██[38;2;164;65;57m██[38;2;115;115;115m██[38;2;148;148;148m██[38;2;32;32;32m██
  [38;2;32;32;32m██[38;2;82;82;82m██[38;2;180;156;222m██[38;2;82;82;82m██[38;2;82;82;82m██[38;2;32;32;32m██[38;2;82;82;82m██[38;2;82;82;82m██[38;2;82;82;82m██[38;2;82;82;82m██[38;2;148;148;148m██[38;2;32;32;32m██[38;2;32;32;32m██[38;2;164;65;57m██[38;2;115;115;115m██[38;2;115;115;115m██[38;2;32;32;32m██  
  [38;2;32;32;32m██[38;2;82;82;82m██[38;2;82;82;82m██[38;2;82;82;82m██[38;2;32;32;32m██  [38;2;32;32;32m██[38;2;148;148;148m██[38;2;148;148;148m██[38;2;148;148;148m██[38;2;148;148;148m██[38;2;148;148;148m██[38;2;82;82;82m██[38;2;82;82;82m██[38;2;115;115;115m██[38;2;32;32;32m██    
  [38;2;32;32;32m██[38;2;82;82;82m██[38;2;82;82;82m██[38;2;32;32;32m██  [38;2;32;32;32m██[38;2;148;148;148m██[38;2;148;148;148m██[38;2;148;148;148m██[38;2;148;148;148m██[38;2;148;148;148m██[38;2;148;148;148m██[38;2;148;148;148m██[38;2;148;148;148m██[38;2;32;32;32m██      
[38;2;32;32;32m██[38;2;82;82;82m██[38;2;82;82;82m██[38;2;82;82;82m██[38;2;32;32;32m██[38;2;32;32;32m██[38;2;115;115;115m██[38;2;82;82;82m██[38;2;148;148;148m██[38;2;82;82;82m██[38;2;148;148;148m██[38;2;148;148;148m██[38;2;148;148;148m██[38;2;148;148;148m██[38;2;148;148;148m██[38;2;148;148;148m██[38;2;32;32;32m██    
[38;2;32;32;32m██[38;2;82;82;82m██[38;2;82;82;82m██[38;2;32;32;32m██[38;2;32;32;32m██[38;2;32;32;32m██[38;2;115;115;115m██[38;2;82;82;82m██[38;2;148;148;148m██[38;2;82;82;82m██[38;2;148;148;148m██[38;2;82;82;82m██[38;2;148;148;148m██[38;2;148;148;148m██[38;2;148;148;148m██[38;2;82;82;82m██[38;2;32;32;32m██    
  [38;2;32;32;32m██[38;2;32;32;32m██[38;2;32;32;32m██    [38;2;32;32;32m██[38;2;82;82;82m██[38;2;82;82;82m██[38;2;49;49;49m██[38;2;148;148;148m██[38;2;49;49;49m██[38;2;32;32;32m██[38;2;148;148;148m██[38;2;82;82;82m██[38;2;32;32;32m██      
            [38;2;32;32;32m██[38;2;82;82;82m██[38;2;32;32;32m██[38;2;32;32;32m██[38;2;82;82;82m██[38;2;32;32;32m██  [38;2;32;32;32m██[38;2;82;82;82m██[38;2;82;82;82m██[38;2;32;32;32m██    
              [38;2;32;32;32m██  [38;2;32;32;32m██[38;2;82;82;82m██[38;2;32;32;32m██    [38;2;32;32;32m██[38;2;32;32;32m██      
                  [38;2;32;32;32m██[38;2;32;32;32m██                
