                [38;2;32;32;32m██[38;2;32;32;32m██              
              [38;2;32;32;32m██[38;2;248;248;248m██[38;2;255;180;197m██[38;2;32;32;32m██            
            [38;2;32;32;32m██[38;2;255;180;197m██[38;2;248;248;248m██[38;2;248;248;248m██[38;2;156;82;82m██[38;2;32;32;32m██          
      [38;2;32;32;32m██[38;2;32;32;32m██[38;2;32;32;32m██[38;2;156;82;82m██[38;2;238;114;114m██[38;2;255;180;197m██[38;2;255;180;197m██[38;2;238;114;114m██[38;2;32;32;32m██          
    [38;2;32;32;32m██[38;2;255;222;230m██[38;2;205;91;91m██[38;2;156;82;82m██[38;2;238;114;114m██[38;2;238;114;114m██[38;2;238;114;114m██[38;2;238;114;114m██[38;2;238;114;114m██[38;2;156;82;82m██[38;2;32;32;32m██        
    [38;2;32;32;32m██[38;2;205;91;91m██[38;2;82;82;82m██[38;2;238;114;114m██[38;2;238;114;114m██[38;2;238;114;114m██[38;2;238;114;114m██[38;2;156;82;82m██[38;2;156;82;82m██[38;2;238;114;114m██[38;2;205;91;91m██[38;2;32;32;32m██      
  [38;2;32;32;32m██[38;2;205;91;91m██[38;2;82;82;82m██[38;2;238;114;114m██[38;2;238;114;114m██[38;2;156;82;82m██[38;2;205;91;91m██[38;2;238;114;114m██[38;2;238;114;114m██[38;2;238;114;114m██[38;2;238;114;114m██[38;2;238;114;114m██[38;2;156;82;82m██[38;2;32;32;32m██[38;2;32;32;32m██  
  [38;2;32;32;32m██[38;2;255;222;230m██[38;2;156;82;82m██[38;2;238;114;114m██[38;2;238;114;114m██[38;2;156;82;82m██[38;2;156;82;82m██[38;2;238;114;114m██[38;2;205;91;91m██[38;2;238;114;114m██[38;2;238;114;114m██[38;2;238;114;114m██[38;2;238;114;114m██[38;2;248;248;248m██[38;2;156;82;82m██[38;2;32;32;32m██
[38;2;32;32;32m██[38;2;255;180;197m██[38;2;255;222;230m██[38;2;255;222;230m██[38;2;205;91;91m██[38;2;238;114;114m██[38;2;238;114;114m██[38;2;238;114;114m██[38;2;205;91;91m██[38;2;255;222;230m██[38;2;205;91;91m██[38;2;238;114;114m██[38;2;238;114;114m██[38;2;238;114;114m██[38;2;255;222;230m██[38;2;248;248;248m██[38;2;32;32;32m██
[38;2;32;32;32m██[38;2;255;180;197m██[38;2;248;248;248m██[38;2;255;222;230m██[38;2;205;91;91m██[38;2;238;114;114m██[38;2;238;114;114m██[38;2;205;91;91m██[38;2;205;91;91m██[38;2;205;91;91m██[38;2;255;222;230m██[38;2;205;91;91m██[38;2;238;114;114m██[38;2;238;114;114m██[38;2;255;222;230m██[38;2;82;82;82m██[38;2;32;32;32m██
[38;2;32;32;32m██[38;2;156;82;82m██[38;2;248;248;248m██[38;2;255;222;230m██[38;2;205;91;91m██[38;2;238;114;114m██[38;2;205;91;91m██[38;2;255;222;230m██[38;2;255;222;230m██[38;2;205;91;91m██[38;2;255;180;197m██[38;2;255;222;230m██[38;2;205;91;91m██[38;2;156;82;82m██[38;2;156;82;82m██[38;2;32;32;32m██  
  [38;2;32;32;32m██[38;2;255;222;230m██[38;2;205;91;91m██[38;2;255;222;230m██[38;2;205;91;91m██[38;2;255;222;230m██[38;2;248;248;248m██[38;2;248;248;248m██[38;2;255;222;230m██[38;2;255;180;197m██[38;2;255;222;230m██[38;2;205;91;91m██[38;2;205;91;91m██[38;2;32;32;32m██    
    [38;2;32;32;32m██[38;2;205;91;91m██[38;2;238;114;114m██[38;2;205;91;91m██[38;2;255;222;230m██[38;2;248;248;248m██[38;2;248;248;248m██[38;2;255;222;230m██[38;2;255;222;230m██[38;2;205;91;91m██[38;2;205;91;91m██[38;2;205;91;91m██[38;2;32;32;32m██    
    [38;2;32;32;32m██[38;2;255;222;230m██[38;2;156;82;82m██[38;2;238;114;114m██[38;2;205;91;91m██[38;2;255;222;230m██[38;2;255;222;230m██[38;2;255;222;230m██[38;2;205;91;91m██[38;2;238;114;114m██[38;2;238;114;114m██[38;2;156;82;82m██[38;2;32;32;32m██    
      [38;2;32;32;32m██[38;2;255;180;197m██[38;2;156;82;82m██[38;2;156;82;82m██[38;2;205;91;91m██[38;2;205;91;91m██[38;2;205;91;91m██[38;2;238;114;114m██[38;2;238;114;114m██[38;2;238;114;114m██[38;2;32;32;32m██      
        [38;2;32;32;32m██[38;2;32;32;32m██[38;2;32;32;32m██[38;2;82;82;82m██[38;2;156;82;82m██[38;2;205;91;91m██[38;2;205;91;91m██[38;2;238;114;114m██[38;2;248;248;248m██[38;2;32;32;32m██      
              [38;2;32;32;32m██[38;2;32;32;32m██[38;2;32;32;32m██[38;2;248;248;248m██[38;2;248;248;248m██[38;2;156;82;82m██[38;2;32;32;32m██      
                    [38;2;32;32;32m██[38;2;32;32;32m██[38;2;32;32;32m██        
