                [38;2;32;32;32m██[38;2;32;32;32m██              
              [38;2;32;32;32m██[38;2;248;248;248m██[38;2;255;246;123m██[38;2;32;32;32m██            
            [38;2;32;32;32m██[38;2;255;246;123m██[38;2;248;248;248m██[38;2;248;248;248m██[38;2;189;164;65m██[38;2;32;32;32m██          
      [38;2;32;32;32m██[38;2;32;32;32m██[38;2;32;32;32m██[38;2;189;164;65m██[38;2;255;230;65m██[38;2;255;246;123m██[38;2;255;246;123m██[38;2;255;230;65m██[38;2;32;32;32m██          
    [38;2;32;32;32m██[38;2;255;246;189m██[38;2;213;189;65m██[38;2;189;164;65m██[38;2;255;230;65m██[38;2;255;230;65m██[38;2;255;230;65m██[38;2;255;230;65m██[38;2;255;230;65m██[38;2;189;164;65m██[38;2;32;32;32m██        
    [38;2;32;32;32m██[38;2;213;189;65m██[38;2;106;106;82m██[38;2;255;230;65m██[38;2;255;230;65m██[38;2;255;230;65m██[38;2;255;230;65m██[38;2;189;164;65m██[38;2;189;164;65m██[38;2;255;230;65m██[38;2;213;189;65m██[38;2;32;32;32m██      
  [38;2;32;32;32m██[38;2;213;189;65m██[38;2;106;106;82m██[38;2;255;230;65m██[38;2;255;230;65m██[38;2;189;164;65m██[38;2;213;189;65m██[38;2;255;230;65m██[38;2;255;230;65m██[38;2;255;230;65m██[38;2;255;230;65m██[38;2;255;230;65m██[38;2;189;164;65m██[38;2;32;32;32m██[38;2;32;32;32m██  
  [38;2;32;32;32m██[38;2;255;246;189m██[38;2;189;164;65m██[38;2;255;230;65m██[38;2;255;230;65m██[38;2;189;164;65m██[38;2;189;164;65m██[38;2;255;230;65m██[38;2;213;189;65m██[38;2;255;230;65m██[38;2;255;230;65m██[38;2;255;230;65m██[38;2;255;230;65m██[38;2;248;248;248m██[38;2;189;164;65m██[38;2;32;32;32m██
[38;2;32;32;32m██[38;2;255;246;123m██[38;2;255;246;189m██[38;2;255;246;189m██[38;2;213;189;65m██[38;2;255;230;65m██[38;2;255;230;65m██[38;2;255;230;65m██[38;2;213;189;65m██[38;2;255;246;189m██[38;2;213;189;65m██[38;2;255;230;65m██[38;2;255;230;65m██[38;2;255;230;65m██[38;2;255;246;189m██[38;2;248;248;248m██[38;2;32;32;32m██
[38;2;32;32;32m██[38;2;255;246;123m██[38;2;248;248;248m██[38;2;255;246;189m██[38;2;213;189;65m██[38;2;255;230;65m██[38;2;255;230;65m██[38;2;213;189;65m██[38;2;213;189;65m██[38;2;213;189;65m██[38;2;255;246;189m██[38;2;213;189;65m██[38;2;255;230;65m██[38;2;255;230;65m██[38;2;255;246;189m██[38;2;106;106;82m██[38;2;32;32;32m██
[38;2;32;32;32m██[38;2;189;164;65m██[38;2;248;248;248m██[38;2;255;246;189m██[38;2;213;189;65m██[38;2;255;230;65m██[38;2;213;189;65m██[38;2;255;246;189m██[38;2;255;246;189m██[38;2;213;189;65m██[38;2;255;246;123m██[38;2;255;246;189m██[38;2;213;189;65m██[38;2;189;164;65m██[38;2;189;164;65m██[38;2;32;32;32m██  
  [38;2;32;32;32m██[38;2;255;246;189m██[38;2;213;189;65m██[38;2;255;246;189m██[38;2;213;189;65m██[38;2;255;246;189m██[38;2;248;248;248m██[38;2;248;248;248m██[38;2;255;246;189m██[38;2;255;246;123m██[38;2;255;246;189m██[38;2;213;189;65m██[38;2;213;189;65m██[38;2;32;32;32m██    
    [38;2;32;32;32m██[38;2;213;189;65m██[38;2;255;230;65m██[38;2;213;189;65m██[38;2;255;246;189m██[38;2;248;248;248m██[38;2;248;248;248m██[38;2;255;246;189m██[38;2;255;246;189m██[38;2;213;189;65m██[38;2;213;189;65m██[38;2;213;189;65m██[38;2;32;32;32m██    
    [38;2;32;32;32m██[38;2;255;246;189m██[38;2;189;164;65m██[38;2;255;230;65m██[38;2;213;189;65m██[38;2;255;246;189m██[38;2;255;246;189m██[38;2;255;246;189m██[38;2;213;189;65m██[38;2;255;230;65m██[38;2;255;230;65m██[38;2;189;164;65m██[38;2;32;32;32m██    
      [38;2;32;32;32m██[38;2;255;246;123m██[38;2;189;164;65m██[38;2;189;164;65m██[38;2;213;189;65m██[38;2;213;189;65m██[38;2;213;189;65m██[38;2;255;230;65m██[38;2;255;230;65m██[38;2;255;230;65m██[38;2;32;32;32m██      
        [38;2;32;32;32m██[38;2;32;32;32m██[38;2;32;32;32m██[38;2;106;106;82m██[38;2;189;164;65m██[38;2;213;189;65m██[38;2;213;189;65m██[38;2;255;230;65m██[38;2;248;248;248m██[38;2;32;32;32m██      
              [38;2;32;32;32m██[38;2;32;32;32m██[38;2;32;32;32m██[38;2;248;248;248m██[38;2;248;248;248m██[38;2;189;164;65m██[38;2;32;32;32m██      
                    [38;2;32;32;32m██[38;2;32;32;32m██[38;2;32;32;32m██        
